0;10827145513051;20;absz;1.35881e+08;9.90665e+07;7.22172e+07;5.26167e+07;3.83176e+07;2.78808e+07;2.02973e+07;1.47673e+07;1.07413e+07;7.81092e+06;5.6792e+06;4.1283e+06;3.00057e+06;2.1805e+06;1.58436e+06;1.15103e+06;836088;607247;440971;320176
0;10827145513051;20;frequency;9.999999974752427;13.86918846435492;19.23543905490988;26.67799336109056;37.00021196095804;51.31629158938722;71.17153245417285;98.70914048804025;136.9015682683994;189.8713664161278;263.3361782500288;365.2259113806622;506.5387032487934;702.5280792305466;974.3494403835484;1351.343611730726;1874.203936580443;2599.368780806799;3605.113577052066;4999.99999995282
0;10827145513051;20;phasez;-1.50945;-1.51305;-1.51667;-1.51873;-1.52108;-1.52323;-1.52491;-1.52634;-1.52757;-1.52851;-1.52929;-1.5298;-1.53014;-1.53016;-1.5298;-1.52897;-1.52748;-1.52513;-1.52159;-1.51642
1;10827915827736;50;absz;7.37259e+06;6.29187e+06;5.38896e+06;4.6194e+06;3.95263e+06;3.37782e+06;2.89282e+06;2.47416e+06;2.11779e+06;1.81194e+06;1.54999e+06;1.32642e+06;1.13463e+06;970758;830575;710507;607712;519880;444681;380369;325334;278266;237997;203546;174080;148875;127320;108883;93112.9;79624.1;68088.7;58224.8;49788.2;42573.7;36402.8;31125.6;26611.9;22751.5;19449.6;16625.2;14209.1;12141.6;10372.5;8858.29;7561.7;6451.14;5499.3;4682.91;3981.79;3378.75
1;10827915827736;50;frequency;199.9999999213742;234.625769479635;275.2462588517801;322.8993264769997;378.802514688914;444.3841576318164;521.3198749487447;611.5753842550475;717.456725922716;841.6691823498468;987.3863981368913;1158.33146786315;1358.872060208682;1594.132014446359;1870.122253535556;2193.894364737048;2573.720768452858;3019.306079821149;3542.035062906734;4155.263512473084;4874.659497176026;5718.603679767398;6708.658946337209;7870.121340545211;9232.666380967203;10831.10727442716;12706.28439819177;14906.10877695531;17486.78621595445;20514.25336674129;24065.86241733066;28232.35745111674;33120.19296963342;38854.25382030405;45581.04601983359;53472.44000269313;62730.06193403319;73590.44528463698;86331.07429211862;101277.4737211686;118811.5260634959;139381.228686517;163512.140226203;191820.8086789974;225030.524286467;263989.7996954232;309694.0495706946;363311.0235703185;426210.642505751;499999.9999999716
1;10827915827736;50;phasez;-1.52876;-1.53004;-1.53116;-1.53065;-1.53126;-1.53175;-1.5322;-1.53286;-1.53299;-1.53339;-1.53389;-1.53406;-1.53439;-1.53465;-1.53486;-1.535;-1.53522;-1.53544;-1.53564;-1.53571;-1.53582;-1.53589;-1.53589;-1.53583;-1.53572;-1.53551;-1.53522;-1.53484;-1.53434;-1.53373;-1.53294;-1.53201;-1.53087;-1.52951;-1.52789;-1.52598;-1.52371;-1.52101;-1.51782;-1.51405;-1.50959;-1.50431;-1.49806;-1.49068;-1.48192;-1.47153;-1.4592;-1.44451;-1.42694;-1.40583
2;10828684958225;50;absz;82040.8;73455;65762.8;58863.2;52708.3;47184.9;42251.1;37826.8;33861;30310;27136.2;24290.2;21744.7;19465.4;17425.4;15598.9;13964.5;12499.9;11189.5;10016.4;8965.54;8025.09;7183.26;6429.58;5755.01;5150.81;4610.04;4125.99;3692.44;3304.35;2956.94;2645.88;2367.29;2117.86;1894.56;1694.56;1515.46;1355;1211.28;1082.55;967.227;863.945;771.423;688.566;614.505;548.284;489.214;436.726;390.305;349.63
2;10828684958225;50;frequency;20000.00000002444;22385.53853899816;25055.61678390222;28044.17375656954;31389.19662092121;35133.2035329932;39323.78408414649;44014.2042055669;49264.08322518227;55140.1516811012;61717.09952482729;69078.52549602467;77317.99973512921;86540.25314108083;96862.50859274992;108415.9709538568;121347.4948009008;135821.4510731415;152021.8163702936;170154.5114554648;190450.0186878266;213166.3116533389;238592.1342356312;267050.6708003728;298903.6541519141;334555.9634717432;374460.7706856584;419125.3006744233;469117.2785435782;525072.1459047724;587701.13789258;657800.3235824071;736260.7247225839;824079.6413975459;922373.3285811875;1032391.184709951;1155531.632626961;1293359.894754076;1447627.888434013;1620296.494325686;1813560.480908265;2029876.401899315;2271993.821195295;2542990.262224833;2846310.325953354;3185809.474764127;3565803.038745301;3991121.067296888;4467169.723268114;4999999.999999929
2;10828684958225;50;phasez;-1.53751;-1.53731;-1.53687;-1.5367;-1.53638;-1.53583;-1.53533;-1.53463;-1.53393;-1.53308;-1.53207;-1.53102;-1.52974;-1.52822;-1.52652;-1.52468;-1.52255;-1.52013;-1.51743;-1.51438;-1.51099;-1.50715;-1.50281;-1.49797;-1.49254;-1.48644;-1.47958;-1.4719;-1.46328;-1.45359;-1.44273;-1.43053;-1.41685;-1.40148;-1.38424;-1.36484;-1.34306;-1.31854;-1.29094;-1.25985;-1.22478;-1.18517;-1.14037;-1.08959;-1.03191;-0.966314;-0.891465;-0.805902;-0.707886;-0.595434
3;10829002428635;20;absz;16967;13861.3;11321.1;9247.14;7553.55;6168.13;5037.53;4113.07;3358.24;2741.38;2237.12;1824.81;1487.94;1212.32;986.88;802.433;651.584;528.502;428.634;348.78
3;10829002428635;20;frequency;99999.99999990905;122862.535599424;150952.0265389597;185463.4873444638;227865.1431623047;279960.8926363817;343967.05137965;422606.6409511731;519225.2346839865;637933.2888043621;783781.0140572543;962973.2274171232;1183133.324347452;1453627.601814205;1785963.729760951;2194280.323268956;2695948.443325946;3312310.615921419;4069588.809647371;4999999.999999929
3;10829002428635;20;phasez;-1.52567;-1.52243;-1.51842;-1.51338;-1.50709;-1.49928;-1.48955;-1.47747;-1.46253;-1.44402;-1.42111;-1.39273;-1.35755;-1.31386;-1.25945;-1.19142;-1.10585;-0.997517;-0.859153;-0.681097
