0;2814703847640;20;absz;1.74661e+08;1.26499e+08;9.1671e+07;6.6464e+07;4.81466e+07;3.48866e+07;2.52593e+07;1.82966e+07;1.32503e+07;9.59336e+06;6.94605e+06;5.02842e+06;3.64014e+06;2.63506e+06;1.90739e+06;1.38064e+06;999319;723273;523471;378837
0;2814703847640;20;frequency;9.999999974752427;13.86918846435492;19.23543905490988;26.67799336109056;37.00021196095804;51.31629158938722;71.17153245417285;98.70914048804025;136.9015682683994;189.8713664161278;263.3361782500288;365.2259113806622;506.5387032487934;702.5280792305466;974.3494403835484;1351.343611730726;1874.203936580443;2599.368780806799;3605.113577052066;4999.99999995282
0;2814703847640;20;phasez;-1.54398;-1.54508;-1.54604;-1.54657;-1.54734;-1.54744;-1.54842;-1.54899;-1.5493;-1.54954;-1.54968;-1.54961;-1.54932;-1.54879;-1.54791;-1.54656;-1.54462;-1.54181;-1.53785;-1.53229
1;2815475260625;50;absz;9.02442e+06;7.72889e+06;6.5904e+06;5.62376e+06;4.80084e+06;4.10722e+06;3.50843e+06;2.99562e+06;2.55874e+06;2.18578e+06;1.86592e+06;1.59364e+06;1.36115e+06;1.16242e+06;992671;847671;723952;618209;527954;450873;385012;328805;280774;239768;204747;174841;149302;127492;108867;92957.8;79377.3;67777.4;57870.7;49410.8;42187;36018.1;30749.1;26249.8;22406.6;19123.8;16319.9;13924.6;11877.9;10128.9;8633.83;7355.26;6261.05;5324.05;4520.61;3830.81
1;2815475260625;50;frequency;199.9999999213742;234.625769479635;275.2462588517801;322.8993264769997;378.802514688914;444.3841576318164;521.3198749487447;611.5753842550475;717.456725922716;841.6691823498468;987.3863981368913;1158.33146786315;1358.872060208682;1594.132014446359;1870.122253535556;2193.894364737048;2573.720768452858;3019.306079821149;3542.035062906734;4155.263512473084;4874.659497176026;5718.603679767398;6708.658946337209;7870.121340545211;9232.666380967203;10831.10727442716;12706.28439819177;14906.10877695531;17486.78621595445;20514.25336674129;24065.86241733066;28232.35745111674;33120.19296963342;38854.25382030405;45581.04601983359;53472.44000269313;62730.06193403319;73590.44528463698;86331.07429211862;101277.4737211686;118811.5260634959;139381.228686517;163512.140226203;191820.8086789974;225030.524286467;263989.7996954232;309694.0495706946;363311.0235703185;426210.642505751;499999.9999999716
1;2815475260625;50;phasez;-1.54824;-1.55049;-1.55069;-1.55037;-1.55085;-1.55035;-1.55109;-1.55096;-1.55157;-1.55165;-1.55202;-1.5519;-1.55172;-1.55193;-1.55198;-1.552;-1.55189;-1.55194;-1.55182;-1.55181;-1.55174;-1.55155;-1.55144;-1.55123;-1.55095;-1.55064;-1.55025;-1.54977;-1.54919;-1.54851;-1.54767;-1.54669;-1.54551;-1.54412;-1.54247;-1.54053;-1.53822;-1.53549;-1.53226;-1.52843;-1.5239;-1.51854;-1.5122;-1.5047;-1.49581;-1.48528;-1.47278;-1.45791;-1.44015;-1.41883
2;2816243888963;50;absz;95811.3;85697.8;76624.4;68540.9;61285;54819.7;49021.8;43845.8;39206.1;35064.2;31359.1;28036.8;25072.3;22421.4;20051.4;17928.4;16033;14337.8;12820.3;11464.4;10251.2;9166.55;8196.49;7328.88;6553.09;5859.5;5239.12;4684.3;4188.1;3744.26;3347.37;2992.51;2675.02;2391.08;2137.11;1909.9;1706.67;1524.87;1362.2;1216.72;1086.51;970.061;865.895;772.708;689.56;615.335;549.241;490.608;438.904;393.712
2;2816243888963;50;frequency;20000.00000002444;22385.53853899816;25055.61678390222;28044.17375656954;31389.19662092121;35133.2035329932;39323.78408414649;44014.2042055669;49264.08322518227;55140.1516811012;61717.09952482729;69078.52549602467;77317.99973512921;86540.25314108083;96862.50859274992;108415.9709538568;121347.4948009008;135821.4510731415;152021.8163702936;170154.5114554648;190450.0186878266;213166.3116533389;238592.1342356312;267050.6708003728;298903.6541519141;334555.9634717432;374460.7706856584;419125.3006744233;469117.2785435782;525072.1459047724;587701.13789258;657800.3235824071;736260.7247225839;824079.6413975459;922373.3285811875;1032391.184709951;1155531.632626961;1293359.894754076;1447627.888434013;1620296.494325686;1813560.480908265;2029876.401899315;2271993.821195295;2542990.262224833;2846310.325953354;3185809.474764127;3565803.038745301;3991121.067296888;4467169.723268114;4999999.999999929
2;2816243888963;50;phasez;-1.55223;-1.55188;-1.5515;-1.55126;-1.55101;-1.55031;-1.54973;-1.54917;-1.54852;-1.5476;-1.54655;-1.54554;-1.54419;-1.54268;-1.54093;-1.53905;-1.53685;-1.53435;-1.5316;-1.52853;-1.52503;-1.52108;-1.51664;-1.51173;-1.50617;-1.49992;-1.49294;-1.48512;-1.47632;-1.46648;-1.45544;-1.44307;-1.42917;-1.4136;-1.39611;-1.37647;-1.35442;-1.32964;-1.30177;-1.27037;-1.23501;-1.19511;-1.15002;-1.09895;-1.04102;-0.975201;-0.900159;-0.814479;-0.71641;-0.60404
3;2816559943765;20;absz;19517;15914.2;12976;10575.6;8622.01;7028.77;5728.77;4669.77;3805.52;3101.2;2526.54;2057.79;1675.38;1363.39;1108.67;900.791;731.21;593.204;481.611;392.778
3;2816559943765;20;frequency;99999.99999990905;122862.535599424;150952.0265389597;185463.4873444638;227865.1431623047;279960.8926363817;343967.05137965;422606.6409511731;519225.2346839865;637933.2888043621;783781.0140572543;962973.2274171232;1183133.324347452;1453627.601814205;1785963.729760951;2194280.323268956;2695948.443325946;3312310.615921419;4069588.809647371;4999999.999999929
3;2816559943765;20;phasez;-1.5399;-1.53678;-1.53259;-1.52745;-1.52098;-1.51294;-1.50299;-1.49066;-1.47541;-1.45656;-1.43326;-1.40447;-1.36882;-1.32464;-1.26968;-1.20113;-1.11504;-1.0063;-0.867683;-0.689678
