0;5749426578635;20;absz;1.42932e+08;1.03989e+08;7.56928e+07;5.50635e+07;4.00663e+07;2.913e+07;2.11858e+07;1.54022e+07;1.11956e+07;8.13661e+06;5.91298e+06;4.29641e+06;3.12129e+06;2.26723e+06;1.6466e+06;1.19566e+06;868059;630118;457332;331885
0;5749426578635;20;frequency;9.999999974752427;13.86918846435492;19.23543905490988;26.67799336109056;37.00021196095804;51.31629158938722;71.17153245417285;98.70914048804025;136.9015682683994;189.8713664161278;263.3361782500288;365.2259113806622;506.5387032487934;702.5280792305466;974.3494403835484;1351.343611730726;1874.203936580443;2599.368780806799;3605.113577052066;4999.99999995282
0;5749426578635;20;phasez;-1.52044;-1.52288;-1.52447;-1.52599;-1.52744;-1.5289;-1.52967;-1.53039;-1.53117;-1.53175;-1.53223;-1.53258;-1.53276;-1.53272;-1.53235;-1.53151;-1.53008;-1.52775;-1.52424;-1.51907
1;5750197875762;50;absz;7.66236e+06;6.55976e+06;5.61212e+06;4.80154e+06;4.11039e+06;3.51778e+06;3.0064e+06;2.57318e+06;2.20168e+06;1.88435e+06;1.6109e+06;1.37806e+06;1.17868e+06;1.00809e+06;862215;737413;630616;539317;461185;394382;337234;288362;246560;210819;180251;154112;131762;112647;96305.9;82332.5;70384.9;60169.6;51437;43969.7;37585.5;32127;27460.4;23469.3;20057.3;17139.4;14644;12509.7;10684.3;9122.07;7784.94;6640.1;5658.99;4817.81;4095.58;3474.53
1;5750197875762;50;frequency;199.9999999213742;234.625769479635;275.2462588517801;322.8993264769997;378.802514688914;444.3841576318164;521.3198749487447;611.5753842550475;717.456725922716;841.6691823498468;987.3863981368913;1158.33146786315;1358.872060208682;1594.132014446359;1870.122253535556;2193.894364737048;2573.720768452858;3019.306079821149;3542.035062906734;4155.263512473084;4874.659497176026;5718.603679767398;6708.658946337209;7870.121340545211;9232.666380967203;10831.10727442716;12706.28439819177;14906.10877695531;17486.78621595445;20514.25336674129;24065.86241733066;28232.35745111674;33120.19296963342;38854.25382030405;45581.04601983359;53472.44000269313;62730.06193403319;73590.44528463698;86331.07429211862;101277.4737211686;118811.5260634959;139381.228686517;163512.140226203;191820.8086789974;225030.524286467;263989.7996954232;309694.0495706946;363311.0235703185;426210.642505751;499999.9999999716
1;5750197875762;50;phasez;-1.53147;-1.53259;-1.53432;-1.53266;-1.53457;-1.53517;-1.53483;-1.5354;-1.5357;-1.536;-1.53645;-1.53641;-1.537;-1.5372;-1.53744;-1.53774;-1.53784;-1.53808;-1.53825;-1.53837;-1.53847;-1.53855;-1.53854;-1.5385;-1.53839;-1.53822;-1.53796;-1.53758;-1.53711;-1.53652;-1.53576;-1.53483;-1.53372;-1.53237;-1.53076;-1.52885;-1.52657;-1.52387;-1.52067;-1.51688;-1.51239;-1.50709;-1.50082;-1.4934;-1.48463;-1.47424;-1.46192;-1.44726;-1.42974;-1.40869
2;5750968029331;50;absz;84816.6;75927.9;67966.1;60846.1;54461.6;48739.7;43633.8;39054.4;34952;31283.1;27996.3;25058.4;22428.4;20072.7;17965;16079.2;14390.2;12879.5;11526.6;10316.3;9232.6;8262.66;7394.32;6617.46;5921.99;5299.55;4742.42;4243.62;3797.1;3397.54;3039.69;2719.4;2432.66;2175.92;1946.1;1740.32;1556.02;1390.99;1243.2;1110.85;992.332;886.181;791.172;706.112;630.07;562.127;501.539;447.727;400.163;358.503
2;5750968029331;50;frequency;20000.00000002444;22385.53853899816;25055.61678390222;28044.17375656954;31389.19662092121;35133.2035329932;39323.78408414649;44014.2042055669;49264.08322518227;55140.1516811012;61717.09952482729;69078.52549602467;77317.99973512921;86540.25314108083;96862.50859274992;108415.9709538568;121347.4948009008;135821.4510731415;152021.8163702936;170154.5114554648;190450.0186878266;213166.3116533389;238592.1342356312;267050.6708003728;298903.6541519141;334555.9634717432;374460.7706856584;419125.3006744233;469117.2785435782;525072.1459047724;587701.13789258;657800.3235824071;736260.7247225839;824079.6413975459;922373.3285811875;1032391.184709951;1155531.632626961;1293359.894754076;1447627.888434013;1620296.494325686;1813560.480908265;2029876.401899315;2271993.821195295;2542990.262224833;2846310.325953354;3185809.474764127;3565803.038745301;3991121.067296888;4467169.723268114;4999999.999999929
2;5750968029331;50;phasez;-1.54005;-1.5398;-1.5398;-1.53945;-1.53898;-1.53871;-1.538;-1.53751;-1.53666;-1.53593;-1.53508;-1.53383;-1.53253;-1.53103;-1.52936;-1.52747;-1.52536;-1.52291;-1.5202;-1.51715;-1.51371;-1.50985;-1.50552;-1.50071;-1.49527;-1.48918;-1.48233;-1.47467;-1.46608;-1.45645;-1.44564;-1.43351;-1.41987;-1.40458;-1.38738;-1.36806;-1.34634;-1.32189;-1.29436;-1.26334;-1.22833;-1.18879;-1.14407;-1.09336;-1.03577;-0.970271;-0.89554;-0.810125;-0.712299;-0.600078
3;5751286608286;20;absz;17489.6;14283.7;11662.5;9522.19;7775.79;6347.73;5182.46;4230.4;3452.88;2817.77;2298.57;1874.24;1527.7;1244.23;1012.48;822.978;668.073;541.799;439.419;357.62
3;5751286608286;20;frequency;99999.99999990905;122862.535599424;150952.0265389597;185463.4873444638;227865.1431623047;279960.8926363817;343967.05137965;422606.6409511731;519225.2346839865;637933.2888043621;783781.0140572543;962973.2274171232;1183133.324347452;1453627.601814205;1785963.729760951;2194280.323268956;2695948.443325946;3312310.615921419;4069588.809647371;4999999.999999929
3;5751286608286;20;phasez;-1.52854;-1.52528;-1.52121;-1.51613;-1.50984;-1.502;-1.4923;-1.48029;-1.4654;-1.44697;-1.42417;-1.39591;-1.36086;-1.31729;-1.26299;-1.19509;-1.10966;-1.00152;-0.86342;-0.685749
