0;5428589134883;20;absz;1.44523e+08;1.05231e+08;7.6563e+07;5.57021e+07;4.05032e+07;2.9442e+07;2.14119e+07;1.55655e+07;1.13135e+07;8.22183e+06;5.97372e+06;4.3399e+06;3.15254e+06;2.28951e+06;1.66249e+06;1.20698e+06;876170;635889;461442;334794
0;5428589134883;20;frequency;9.999999974752427;13.86918846435492;19.23543905490988;26.67799336109056;37.00021196095804;51.31629158938722;71.17153245417285;98.70914048804025;136.9015682683994;189.8713664161278;263.3361782500288;365.2259113806622;506.5387032487934;702.5280792305466;974.3494403835484;1351.343611730726;1874.203936580443;2599.368780806799;3605.113577052066;4999.99999995282
0;5428589134883;20;phasez;-1.52307;-1.5247;-1.52586;-1.52743;-1.52867;-1.52918;-1.5303;-1.53116;-1.53193;-1.53248;-1.53299;-1.53333;-1.53353;-1.53349;-1.53314;-1.53232;-1.53087;-1.52857;-1.52506;-1.51993
1;5429357331718;50;absz;7.749e+06;6.6251e+06;5.6636e+06;4.84826e+06;4.1519e+06;3.55045e+06;3.03753e+06;2.60018e+06;2.22402e+06;1.90196e+06;1.62669e+06;1.39116e+06;1.18997e+06;1.01758e+06;870286;744289;636430;544240;465355;397896;340212;290874;248699;212626;181776;155405;132854;113574;97088.3;82992.6;70944.8;60643;51838.3;44308.9;37872.3;32370.4;27665.7;23643.6;20205.2;17265;14750.5;12600.2;10760.8;9187.12;7840.08;6686.79;5698.73;4851.29;4123.8;3498.31
1;5429357331718;50;frequency;199.9999999213742;234.625769479635;275.2462588517801;322.8993264769997;378.802514688914;444.3841576318164;521.3198749487447;611.5753842550475;717.456725922716;841.6691823498468;987.3863981368913;1158.33146786315;1358.872060208682;1594.132014446359;1870.122253535556;2193.894364737048;2573.720768452858;3019.306079821149;3542.035062906734;4155.263512473084;4874.659497176026;5718.603679767398;6708.658946337209;7870.121340545211;9232.666380967203;10831.10727442716;12706.28439819177;14906.10877695531;17486.78621595445;20514.25336674129;24065.86241733066;28232.35745111674;33120.19296963342;38854.25382030405;45581.04601983359;53472.44000269313;62730.06193403319;73590.44528463698;86331.07429211862;101277.4737211686;118811.5260634959;139381.228686517;163512.140226203;191820.8086789974;225030.524286467;263989.7996954232;309694.0495706946;363311.0235703185;426210.642505751;499999.9999999716
1;5429357331718;50;phasez;-1.53258;-1.53438;-1.53489;-1.53447;-1.53465;-1.53594;-1.53608;-1.53628;-1.53671;-1.53691;-1.53713;-1.53732;-1.53761;-1.53781;-1.53813;-1.53844;-1.53866;-1.53895;-1.53907;-1.53918;-1.53933;-1.53936;-1.5394;-1.53934;-1.53922;-1.53905;-1.53877;-1.5384;-1.53792;-1.5373;-1.53653;-1.53559;-1.53445;-1.53309;-1.53146;-1.52953;-1.52724;-1.52451;-1.52129;-1.51748;-1.51299;-1.50767;-1.5014;-1.49398;-1.48522;-1.47484;-1.46253;-1.44789;-1.43039;-1.40937
2;5430125802431;50;absz;85508.4;76539.1;68534.5;61318.7;54893.8;49120.7;43968.9;39353.8;35220;31523.4;28211.1;25247.4;22595.8;20222.3;18097.2;16196.3;14496.3;12972.7;11610.2;10391;9298.78;8321.86;7447.23;6664.17;5963.76;5336.78;4775.54;4273.1;3823.33;3420.73;3060.4;2737.79;2448.92;2190.43;1958.93;1751.69;1566.13;1399.97;1251.17;1117.94;998.647;891.813;796.163;710.527;634.007;565.646;504.672;450.528;402.678;360.766
2;5430125802431;50;frequency;20000.00000002444;22385.53853899816;25055.61678390222;28044.17375656954;31389.19662092121;35133.2035329932;39323.78408414649;44014.2042055669;49264.08322518227;55140.1516811012;61717.09952482729;69078.52549602467;77317.99973512921;86540.25314108083;96862.50859274992;108415.9709538568;121347.4948009008;135821.4510731415;152021.8163702936;170154.5114554648;190450.0186878266;213166.3116533389;238592.1342356312;267050.6708003728;298903.6541519141;334555.9634717432;374460.7706856584;419125.3006744233;469117.2785435782;525072.1459047724;587701.13789258;657800.3235824071;736260.7247225839;824079.6413975459;922373.3285811875;1032391.184709951;1155531.632626961;1293359.894754076;1447627.888434013;1620296.494325686;1813560.480908265;2029876.401899315;2271993.821195295;2542990.262224833;2846310.325953354;3185809.474764127;3565803.038745301;3991121.067296888;4467169.723268114;4999999.999999929
2;5430125802431;50;phasez;-1.54119;-1.54069;-1.54051;-1.54011;-1.53985;-1.53931;-1.53888;-1.53826;-1.53743;-1.53661;-1.53572;-1.53446;-1.53316;-1.53169;-1.52996;-1.5281;-1.52589;-1.52348;-1.52078;-1.51773;-1.51427;-1.51043;-1.50609;-1.50129;-1.49585;-1.48977;-1.48296;-1.47532;-1.46673;-1.45711;-1.44632;-1.43419;-1.42058;-1.40529;-1.38813;-1.36882;-1.34711;-1.32268;-1.29517;-1.26417;-1.22919;-1.18967;-1.14498;-1.09431;-1.03677;-0.971327;-0.896665;-0.811331;-0.71359;-0.601488
3;5430441390679;20;absz;17620.4;14391;11747.6;9591.38;7831.6;6393;5219.04;4260;3476.71;2837.03;2314.03;1886.71;1537.74;1252.32;1018.99;828.226;672.315;545.214;442.191;359.91
3;5430441390679;20;frequency;99999.99999990905;122862.535599424;150952.0265389597;185463.4873444638;227865.1431623047;279960.8926363817;343967.05137965;422606.6409511731;519225.2346839865;637933.2888043621;783781.0140572543;962973.2274171232;1183133.324347452;1453627.601814205;1785963.729760951;2194280.323268956;2695948.443325946;3312310.615921419;4069588.809647371;4999999.999999929
3;5430441390679;20;phasez;-1.52914;-1.52587;-1.52179;-1.51675;-1.5104;-1.50257;-1.4929;-1.4809;-1.46606;-1.44766;-1.42489;-1.39664;-1.36163;-1.3181;-1.26384;-1.196;-1.11064;-1.00259;-0.86462;-0.687141
