0;3858006978131;20;absz;1.58834e+08;1.15402e+08;8.38338e+07;6.09105e+07;4.42336e+07;3.2125e+07;2.33179e+07;1.69218e+07;1.228e+07;8.90926e+06;6.46274e+06;4.68729e+06;3.39896e+06;2.46431e+06;1.78637e+06;1.29469e+06;938243;679829;492517;356763
0;3858006978131;20;frequency;9.999999974752427;13.86918846435492;19.23543905490988;26.67799336109056;37.00021196095804;51.31629158938722;71.17153245417285;98.70914048804025;136.9015682683994;189.8713664161278;263.3361782500288;365.2259113806622;506.5387032487934;702.5280792305466;974.3494403835484;1351.343611730726;1874.203936580443;2599.368780806799;3605.113577052066;4999.99999995282
0;3858006978131;20;phasez;-1.53261;-1.53318;-1.53411;-1.53507;-1.53625;-1.53795;-1.53817;-1.53884;-1.53966;-1.54029;-1.54091;-1.5413;-1.54151;-1.5415;-1.5411;-1.54021;-1.53868;-1.53625;-1.53258;-1.52722
1;3858779705222;50;absz;8.38887e+06;7.17743e+06;6.13157e+06;5.23749e+06;4.48319e+06;3.83098e+06;3.27566e+06;2.79983e+06;2.39338e+06;2.04484e+06;1.7475e+06;1.49368e+06;1.27631e+06;1.09061e+06;931863;796300;680418;581348;496703;424362;362559;309754;264630;226083;193143;165007;140964;120432;102886;87897.4;75094.8;64156.4;54811.2;46826.7;40005.6;34176.3;29195.8;24939.8;21302.5;18193.7;15536.6;13265.3;11323.2;9662.11;8241.29;7025.11;5983.64;5091.11;4325.22;3667.09
1;3858779705222;50;frequency;199.9999999213742;234.625769479635;275.2462588517801;322.8993264769997;378.802514688914;444.3841576318164;521.3198749487447;611.5753842550475;717.456725922716;841.6691823498468;987.3863981368913;1158.33146786315;1358.872060208682;1594.132014446359;1870.122253535556;2193.894364737048;2573.720768452858;3019.306079821149;3542.035062906734;4155.263512473084;4874.659497176026;5718.603679767398;6708.658946337209;7870.121340545211;9232.666380967203;10831.10727442716;12706.28439819177;14906.10877695531;17486.78621595445;20514.25336674129;24065.86241733066;28232.35745111674;33120.19296963342;38854.25382030405;45581.04601983359;53472.44000269313;62730.06193403319;73590.44528463698;86331.07429211862;101277.4737211686;118811.5260634959;139381.228686517;163512.140226203;191820.8086789974;225030.524286467;263989.7996954232;309694.0495706946;363311.0235703185;426210.642505751;499999.9999999716
1;3858779705222;50;phasez;-1.54124;-1.54481;-1.54258;-1.54253;-1.54332;-1.54198;-1.54355;-1.54404;-1.54411;-1.54494;-1.5449;-1.54526;-1.54563;-1.54582;-1.5461;-1.54633;-1.54642;-1.54646;-1.54659;-1.54663;-1.54665;-1.54658;-1.54643;-1.54628;-1.54601;-1.54565;-1.54523;-1.54468;-1.54402;-1.54323;-1.54232;-1.54123;-1.53996;-1.53848;-1.53676;-1.53475;-1.5324;-1.52964;-1.52641;-1.5226;-1.51812;-1.51283;-1.50659;-1.49922;-1.4905;-1.48017;-1.4679;-1.45328;-1.43581;-1.4148
2;3859550889805;50;absz;90569.9;81040.3;72512.1;64885.1;58044.8;51937;46467.5;41573;37196.6;33278.2;29773.1;26633.5;23831.6;21318.4;19074.7;17064.7;15267.2;13658.6;12219.6;10932.1;9780.37;8748.87;7826.47;7001.07;6262.73;5601.98;5010.85;4481.97;4008.55;3585.02;3206.03;2866.95;2563.49;2291.96;2048.9;1831.46;1636.82;1462.66;1306.78;1167.23;1042.34;930.581;830.566;741.09;661.162;589.826;526.245;469.815;419.992;376.41
2;3859550889805;50;frequency;20000.00000002444;22385.53853899816;25055.61678390222;28044.17375656954;31389.19662092121;35133.2035329932;39323.78408414649;44014.2042055669;49264.08322518227;55140.1516811012;61717.09952482729;69078.52549602467;77317.99973512921;86540.25314108083;96862.50859274992;108415.9709538568;121347.4948009008;135821.4510731415;152021.8163702936;170154.5114554648;190450.0186878266;213166.3116533389;238592.1342356312;267050.6708003728;298903.6541519141;334555.9634717432;374460.7706856584;419125.3006744233;469117.2785435782;525072.1459047724;587701.13789258;657800.3235824071;736260.7247225839;824079.6413975459;922373.3285811875;1032391.184709951;1155531.632626961;1293359.894754076;1447627.888434013;1620296.494325686;1813560.480908265;2029876.401899315;2271993.821195295;2542990.262224833;2846310.325953354;3185809.474764127;3565803.038745301;3991121.067296888;4467169.723268114;4999999.999999929
2;3859550889805;50;phasez;-1.547;-1.54649;-1.54641;-1.54581;-1.54545;-1.54485;-1.54405;-1.5435;-1.5428;-1.54182;-1.54074;-1.53958;-1.53831;-1.53683;-1.53507;-1.53317;-1.53106;-1.52865;-1.52596;-1.52294;-1.51954;-1.5157;-1.51139;-1.50663;-1.50121;-1.49518;-1.48836;-1.48074;-1.47217;-1.46255;-1.45175;-1.43962;-1.426;-1.4107;-1.39349;-1.37416;-1.35241;-1.32793;-1.30037;-1.2693;-1.23426;-1.19468;-1.14993;-1.09922;-1.04159;-0.976098;-0.901396;-0.816029;-0.718289;-0.606213
3;3859869682716;20;absz;18569.1;15155.9;12366;10088.3;8231.76;6715.17;5477.82;4468.22;3643.67;2971.03;2421.65;1973.12;1606.95;1307.86;1063.59;864.034;701.142;568.503;461.125;375.512
3;3859869682716;20;frequency;99999.99999990905;122862.535599424;150952.0265389597;185463.4873444638;227865.1431623047;279960.8926363817;343967.05137965;422606.6409511731;519225.2346839865;637933.2888043621;783781.0140572543;962973.2274171232;1183133.324347452;1453627.601814205;1785963.729760951;2194280.323268956;2695948.443325946;3312310.615921419;4069588.809647371;4999999.999999929
3;3859869682716;20;phasez;-1.53426;-1.531;-1.52698;-1.52197;-1.51569;-1.5079;-1.49826;-1.48633;-1.47147;-1.45309;-1.43029;-1.402;-1.36691;-1.32329;-1.26893;-1.20097;-1.11549;-1.00734;-0.869322;-0.691885
