0;6332372740417;20;absz;1.40413e+08;1.02299e+08;7.45204e+07;5.42362e+07;3.94586e+07;2.87219e+07;2.08798e+07;1.51817e+07;1.10372e+07;8.02317e+06;5.83137e+06;4.23783e+06;3.0795e+06;2.23738e+06;1.62529e+06;1.18049e+06;857228;622392;451819;327930
0;6332372740417;20;frequency;9.999999974752427;13.86918846435492;19.23543905490988;26.67799336109056;37.00021196095804;51.31629158938722;71.17153245417285;98.70914048804025;136.9015682683994;189.8713664161278;263.3361782500288;365.2259113806622;506.5387032487934;702.5280792305466;974.3494403835484;1351.343611730726;1874.203936580443;2599.368780806799;3605.113577052066;4999.99999995282
0;6332372740417;20;phasez;-1.51779;-1.52014;-1.52244;-1.52434;-1.52558;-1.52696;-1.52821;-1.52922;-1.53001;-1.53072;-1.53121;-1.53154;-1.53171;-1.53166;-1.5313;-1.53048;-1.52906;-1.52676;-1.52327;-1.51815
1;6333140827331;50;absz;7.56585e+06;6.47329e+06;5.54271e+06;4.74194e+06;4.05098e+06;3.46925e+06;2.96837e+06;2.53924e+06;2.17251e+06;1.85818e+06;1.59038e+06;1.3601e+06;1.16355e+06;995488;851432;728247;622938;532733;455627;389662;333231;284956;243679;208369;178174;152351;130266;111378;95227.4;81416.6;69609.1;59511.9;50878.3;43496.6;37185;31788.3;27173.1;23226.8;19851.7;16965.5;14496.8;12385.1;10578.5;9032.5;7709.28;6576.02;5604.83;4771.94;4056.92;3442.04
1;6333140827331;50;frequency;199.9999999213742;234.625769479635;275.2462588517801;322.8993264769997;378.802514688914;444.3841576318164;521.3198749487447;611.5753842550475;717.456725922716;841.6691823498468;987.3863981368913;1158.33146786315;1358.872060208682;1594.132014446359;1870.122253535556;2193.894364737048;2573.720768452858;3019.306079821149;3542.035062906734;4155.263512473084;4874.659497176026;5718.603679767398;6708.658946337209;7870.121340545211;9232.666380967203;10831.10727442716;12706.28439819177;14906.10877695531;17486.78621595445;20514.25336674129;24065.86241733066;28232.35745111674;33120.19296963342;38854.25382030405;45581.04601983359;53472.44000269313;62730.06193403319;73590.44528463698;86331.07429211862;101277.4737211686;118811.5260634959;139381.228686517;163512.140226203;191820.8086789974;225030.524286467;263989.7996954232;309694.0495706946;363311.0235703185;426210.642505751;499999.9999999716
1;6333140827331;50;phasez;-1.53242;-1.53166;-1.53235;-1.53315;-1.53399;-1.53367;-1.53331;-1.53435;-1.53433;-1.53479;-1.53526;-1.53558;-1.53584;-1.53617;-1.53642;-1.53675;-1.53682;-1.53713;-1.53727;-1.53745;-1.53753;-1.5376;-1.53764;-1.53761;-1.53751;-1.53734;-1.53709;-1.53672;-1.53624;-1.53564;-1.53486;-1.53392;-1.53279;-1.53143;-1.52982;-1.52791;-1.52564;-1.52294;-1.51975;-1.51597;-1.5115;-1.50621;-1.49996;-1.49254;-1.48378;-1.4734;-1.46106;-1.44639;-1.42886;-1.40779
2;6333912107143;50;absz;83865.5;75104.8;67215.9;60170;53849.4;48202.8;43157.1;38633.4;34583.7;30950.4;27703.2;24794.9;22194.8;19864.4;17780.3;15914.6;14245.2;12748.9;11411.3;10213.2;9140.93;8181.16;7321.99;6552.96;5864.48;5248.43;4696.9;4203.22;3761.2;3365.49;3011.33;2694.13;2410.18;2155.96;1928.37;1724.54;1542.03;1378.56;1232.19;1101.06;983.638;878.488;784.32;699.988;624.641;557.297;497.225;443.872;396.707;355.396
2;6333912107143;50;frequency;20000.00000002444;22385.53853899816;25055.61678390222;28044.17375656954;31389.19662092121;35133.2035329932;39323.78408414649;44014.2042055669;49264.08322518227;55140.1516811012;61717.09952482729;69078.52549602467;77317.99973512921;86540.25314108083;96862.50859274992;108415.9709538568;121347.4948009008;135821.4510731415;152021.8163702936;170154.5114554648;190450.0186878266;213166.3116533389;238592.1342356312;267050.6708003728;298903.6541519141;334555.9634717432;374460.7706856584;419125.3006744233;469117.2785435782;525072.1459047724;587701.13789258;657800.3235824071;736260.7247225839;824079.6413975459;922373.3285811875;1032391.184709951;1155531.632626961;1293359.894754076;1447627.888434013;1620296.494325686;1813560.480908265;2029876.401899315;2271993.821195295;2542990.262224833;2846310.325953354;3185809.474764127;3565803.038745301;3991121.067296888;4467169.723268114;4999999.999999929
2;6333912107143;50;phasez;-1.53927;-1.53915;-1.53888;-1.53867;-1.53831;-1.53774;-1.53726;-1.53666;-1.53584;-1.53498;-1.53399;-1.53297;-1.53156;-1.53015;-1.52842;-1.5266;-1.52443;-1.52205;-1.51934;-1.51629;-1.51286;-1.50902;-1.50469;-1.49981;-1.49439;-1.48831;-1.48145;-1.47379;-1.46519;-1.45555;-1.44473;-1.43258;-1.41894;-1.40363;-1.38642;-1.36708;-1.34535;-1.32089;-1.29335;-1.2623;-1.22727;-1.18771;-1.14297;-1.09225;-1.03462;-0.969089;-0.894321;-0.808851;-0.710958;-0.598655
3;6334228430356;20;absz;17309.8;14137.9;11543.1;9426.61;7698.51;6285.44;5132.1;4189.74;3420.13;2791.35;2277.29;1857.06;1513.89;1233.14;1003.57;815.801;662.302;537.112;435.619;354.506
3;6334228430356;20;frequency;99999.99999990905;122862.535599424;150952.0265389597;185463.4873444638;227865.1431623047;279960.8926363817;343967.05137965;422606.6409511731;519225.2346839865;637933.2888043621;783781.0140572543;962973.2274171232;1183133.324347452;1453627.601814205;1785963.729760951;2194280.323268956;2695948.443325946;3312310.615921419;4069588.809647371;4999999.999999929
3;6334228430356;20;phasez;-1.52764;-1.52436;-1.52034;-1.51526;-1.50898;-1.50114;-1.49141;-1.47939;-1.46449;-1.44604;-1.42322;-1.39495;-1.35986;-1.31626;-1.26194;-1.194;-1.10853;-1.00031;-0.862122;-0.684321
