0;6812204603964;20;absz;1.39271e+08;1.01429e+08;7.38948e+07;5.37895e+07;3.91535e+07;2.84862e+07;2.07237e+07;1.50704e+07;1.09582e+07;7.96582e+06;5.79003e+06;4.20803e+06;3.05776e+06;2.22162e+06;1.61391e+06;1.17226e+06;851346;618167;448770;325736
0;6812204603964;20;frequency;9.999999974752427;13.86918846435492;19.23543905490988;26.67799336109056;37.00021196095804;51.31629158938722;71.17153245417285;98.70914048804025;136.9015682683994;189.8713664161278;263.3361782500288;365.2259113806622;506.5387032487934;702.5280792305466;974.3494403835484;1351.343611730726;1874.203936580443;2599.368780806799;3605.113577052066;4999.99999995282
0;6812204603964;20;phasez;-1.51556;-1.51825;-1.52069;-1.52258;-1.5245;-1.52661;-1.52746;-1.52851;-1.52957;-1.53029;-1.53086;-1.53126;-1.53145;-1.53139;-1.53101;-1.53018;-1.52876;-1.52648;-1.52302;-1.51791
1;6812972870712;50;absz;7.50961e+06;6.43423e+06;5.50275e+06;4.70736e+06;4.02647e+06;3.44403e+06;2.94721e+06;2.52274e+06;2.15678e+06;1.84626e+06;1.57931e+06;1.35095e+06;1.15584e+06;988676;845500;723264;618686;529109;452546;387039;330987;283051;242050;206982;176990;151341;129406;110646;94605.5;80889.9;69161.2;59132.6;50557.7;43224.8;36954.4;31593.5;27008.1;23087.2;19733.4;16865.4;14412;12313.1;10517.4;8980.67;7665.17;6538.64;5573.29;4745.26;4034.35;3423.01
1;6812972870712;50;frequency;199.9999999213742;234.625769479635;275.2462588517801;322.8993264769997;378.802514688914;444.3841576318164;521.3198749487447;611.5753842550475;717.456725922716;841.6691823498468;987.3863981368913;1158.33146786315;1358.872060208682;1594.132014446359;1870.122253535556;2193.894364737048;2573.720768452858;3019.306079821149;3542.035062906734;4155.263512473084;4874.659497176026;5718.603679767398;6708.658946337209;7870.121340545211;9232.666380967203;10831.10727442716;12706.28439819177;14906.10877695531;17486.78621595445;20514.25336674129;24065.86241733066;28232.35745111674;33120.19296963342;38854.25382030405;45581.04601983359;53472.44000269313;62730.06193403319;73590.44528463698;86331.07429211862;101277.4737211686;118811.5260634959;139381.228686517;163512.140226203;191820.8086789974;225030.524286467;263989.7996954232;309694.0495706946;363311.0235703185;426210.642505751;499999.9999999716
1;6812972870712;50;phasez;-1.53157;-1.52913;-1.53315;-1.5316;-1.53308;-1.53309;-1.53347;-1.53405;-1.53403;-1.53472;-1.53483;-1.53514;-1.53555;-1.53591;-1.5362;-1.53637;-1.53663;-1.53673;-1.53703;-1.53714;-1.53728;-1.53739;-1.5374;-1.53735;-1.53723;-1.53703;-1.53673;-1.53635;-1.53584;-1.53518;-1.5344;-1.53345;-1.5323;-1.53093;-1.52931;-1.5274;-1.52513;-1.52245;-1.51927;-1.5155;-1.51104;-1.50576;-1.49951;-1.49211;-1.48335;-1.47296;-1.46063;-1.44595;-1.4284;-1.40732
2;6813742712996;50;absz;83324.1;74597.2;66770.6;59798.4;53517.5;47911.9;42883.7;38382.8;34365.4;30760.9;27531.6;24648.4;22061.7;19746.7;17674.8;15820.9;14161.3;12675.1;11344.8;10154.9;9088.68;8134.48;7280.58;6515.82;5831.52;5219.12;4670.75;4179.87;3740.48;3347.02;2994.78;2679.51;2397.17;2144.39;1918.07;1715.42;1533.9;1371.37;1225.79;1095.39;978.584;873.996;780.339;696.478;621.502;554.502;494.741;441.645;394.708;353.586
2;6813742712996;50;frequency;20000.00000002444;22385.53853899816;25055.61678390222;28044.17375656954;31389.19662092121;35133.2035329932;39323.78408414649;44014.2042055669;49264.08322518227;55140.1516811012;61717.09952482729;69078.52549602467;77317.99973512921;86540.25314108083;96862.50859274992;108415.9709538568;121347.4948009008;135821.4510731415;152021.8163702936;170154.5114554648;190450.0186878266;213166.3116533389;238592.1342356312;267050.6708003728;298903.6541519141;334555.9634717432;374460.7706856584;419125.3006744233;469117.2785435782;525072.1459047724;587701.13789258;657800.3235824071;736260.7247225839;824079.6413975459;922373.3285811875;1032391.184709951;1155531.632626961;1293359.894754076;1447627.888434013;1620296.494325686;1813560.480908265;2029876.401899315;2271993.821195295;2542990.262224833;2846310.325953354;3185809.474764127;3565803.038745301;3991121.067296888;4467169.723268114;4999999.999999929
2;6813742712996;50;phasez;-1.53891;-1.53886;-1.53825;-1.53812;-1.53773;-1.53713;-1.53664;-1.53613;-1.53534;-1.53452;-1.53342;-1.53238;-1.53116;-1.52968;-1.52797;-1.52608;-1.524;-1.52158;-1.51889;-1.51584;-1.51242;-1.50857;-1.50424;-1.49938;-1.49395;-1.48785;-1.48102;-1.47334;-1.46473;-1.45508;-1.44424;-1.43209;-1.41844;-1.40311;-1.3859;-1.36655;-1.3448;-1.32032;-1.29277;-1.26172;-1.22669;-1.18711;-1.14236;-1.09161;-1.03398;-0.968442;-0.893657;-0.808174;-0.710254;-0.597931
3;6814059035075;20;absz;17202.5;14053.8;11475.2;9371.32;7653.98;6249.36;5103.08;4166.1;3400.97;2775.87;2264.79;1847.02;1505.8;1226.62;998.317;811.58;658.916;534.392;433.392;352.683
3;6814059035075;20;frequency;99999.99999990905;122862.535599424;150952.0265389597;185463.4873444638;227865.1431623047;279960.8926363817;343967.05137965;422606.6409511731;519225.2346839865;637933.2888043621;783781.0140572543;962973.2274171232;1183133.324347452;1453627.601814205;1785963.729760951;2194280.323268956;2695948.443325946;3312310.615921419;4069588.809647371;4999999.999999929
3;6814059035075;20;phasez;-1.52719;-1.52389;-1.51985;-1.51483;-1.50852;-1.50072;-1.49099;-1.47894;-1.46401;-1.44555;-1.4227;-1.39441;-1.35931;-1.3157;-1.26136;-1.1934;-1.1079;-0.999674;-0.86145;-0.683631
