0;97625497044;20;absz;3.17096e+08;2.28804e+08;1.65019e+08;1.19099e+08;8.59764e+07;6.20268e+07;4.47994e+07;3.23317e+07;2.3332e+07;1.68406e+07;1.21543e+07;8.7723e+06;6.33138e+06;4.56946e+06;3.29789e+06;2.38026e+06;1.71786e+06;1.23979e+06;894731;645709
0;97625497044;20;frequency;9.999999974752427;13.86918846435492;19.23543905490988;26.67799336109056;37.00021196095804;51.31629158938722;71.17153245417285;98.70914048804025;136.9015682683994;189.8713664161278;263.3361782500288;365.2259113806622;506.5387032487934;702.5280792305466;974.3494403835484;1351.343611730726;1874.203936580443;2599.368780806799;3605.113577052066;4999.99999995282
0;97625497044;20;phasez;-1.56708;-1.56583;-1.56591;-1.56594;-1.56571;-1.56647;-1.56583;-1.56558;-1.56544;-1.56529;-1.56502;-1.56456;-1.564;-1.56319;-1.5621;-1.5606;-1.55844;-1.55545;-1.55128;-1.54546
1;98395396290;50;absz;1.58708e+07;1.35376e+07;1.14949e+07;9.81244e+06;8.37216e+06;7.14559e+06;6.10089e+06;5.20351e+06;4.43591e+06;3.783e+06;3.22466e+06;2.75119e+06;2.34613e+06;2.00133e+06;1.70641e+06;1.45538e+06;1.24095e+06;1.05825e+06;902460;769636;656342;559736;477338;407073;347154;296063;252496;215335;183653;156627;133587;113937;97174.5;82879.6;70686.9;60288.1;51418;43850.9;37395.2;31888.1;27188.4;23178.3;19755.3;16832.9;14337.2;12204.5;10381.4;8821.43;7484.95;6338.47
1;98395396290;50;frequency;199.9999999213742;234.625769479635;275.2462588517801;322.8993264769997;378.802514688914;444.3841576318164;521.3198749487447;611.5753842550475;717.456725922716;841.6691823498468;987.3863981368913;1158.33146786315;1358.872060208682;1594.132014446359;1870.122253535556;2193.894364737048;2573.720768452858;3019.306079821149;3542.035062906734;4155.263512473084;4874.659497176026;5718.603679767398;6708.658946337209;7870.121340545211;9232.666380967203;10831.10727442716;12706.28439819177;14906.10877695531;17486.78621595445;20514.25336674129;24065.86241733066;28232.35745111674;33120.19296963342;38854.25382030405;45581.04601983359;53472.44000269313;62730.06193403319;73590.44528463698;86331.07429211862;101277.4737211686;118811.5260634959;139381.228686517;163512.140226203;191820.8086789974;225030.524286467;263989.7996954232;309694.0495706946;363311.0235703185;426210.642505751;499999.9999999716
1;98395396290;50;phasez;-1.56424;-1.56902;-1.56798;-1.5667;-1.5677;-1.56741;-1.56634;-1.56611;-1.56553;-1.56546;-1.56564;-1.56579;-1.56605;-1.56588;-1.56557;-1.5657;-1.56554;-1.56539;-1.56524;-1.56512;-1.56491;-1.56459;-1.56427;-1.56392;-1.5635;-1.56297;-1.56239;-1.5617;-1.56091;-1.55999;-1.55893;-1.55771;-1.5563;-1.55466;-1.55277;-1.55058;-1.54802;-1.54506;-1.54159;-1.53754;-1.5328;-1.52725;-1.52072;-1.51305;-1.50402;-1.49336;-1.48075;-1.4658;-1.44797;-1.4266
2;99163593954;50;absz;161505;144282;128956;115226;103005;92031.9;82267.2;73483.1;65675.3;58686.6;52451.7;46871.3;41884.7;37428.8;33448;29891.9;26712.8;23870.6;21332.9;19065.7;17039.1;15227.9;13609.7;12162.9;10870;9714.21;8681.93;7758.19;6933.35;6195.84;5536.79;4947.68;4421.15;3950.42;3529.62;3153.63;2817.49;2516.97;2248.34;2008.36;1793.85;1602.26;1431.1;1278.23;1142.27;1021.15;913.639;818.719;735.473;663.367
2;99163593954;50;frequency;20000.00000002444;22385.53853899816;25055.61678390222;28044.17375656954;31389.19662092121;35133.2035329932;39323.78408414649;44014.2042055669;49264.08322518227;55140.1516811012;61717.09952482729;69078.52549602467;77317.99973512921;86540.25314108083;96862.50859274992;108415.9709538568;121347.4948009008;135821.4510731415;152021.8163702936;170154.5114554648;190450.0186878266;213166.3116533389;238592.1342356312;267050.6708003728;298903.6541519141;334555.9634717432;374460.7706856584;419125.3006744233;469117.2785435782;525072.1459047724;587701.13789258;657800.3235824071;736260.7247225839;824079.6413975459;922373.3285811875;1032391.184709951;1155531.632626961;1293359.894754076;1447627.888434013;1620296.494325686;1813560.480908265;2029876.401899315;2271993.821195295;2542990.262224833;2846310.325953354;3185809.474764127;3565803.038745301;3991121.067296888;4467169.723268114;4999999.999999929
2;99163593954;50;phasez;-1.56335;-1.56312;-1.56269;-1.56203;-1.56164;-1.56106;-1.56057;-1.55943;-1.55851;-1.55762;-1.5563;-1.55514;-1.55365;-1.55191;-1.55007;-1.54798;-1.54566;-1.54316;-1.54021;-1.53697;-1.53339;-1.52937;-1.52482;-1.5198;-1.51417;-1.50789;-1.50086;-1.493;-1.48416;-1.47432;-1.46329;-1.45093;-1.43706;-1.42151;-1.40409;-1.38454;-1.36257;-1.3379;-1.31014;-1.27891;-1.24372;-1.20404;-1.15922;-1.1085;-1.05085;-0.985505;-0.911039;-0.826072;-0.72894;-0.617744
3;99485129831;20;absz;32564.1;26520;21603;17596.2;14330.8;11666.9;9500.66;7736.74;6298.93;5128.87;4175.44;3398.73;2766.14;2250.46;1830.37;1488.58;1210.47;985.234;804.28;661.871
3;99485129831;20;frequency;99999.99999990905;122862.535599424;150952.0265389597;185463.4873444638;227865.1431623047;279960.8926363817;343967.05137965;422606.6409511731;519225.2346839865;637933.2888043621;783781.0140572543;962973.2274171232;1183133.324347452;1453627.601814205;1785963.729760951;2194280.323268956;2695948.443325946;3312310.615921419;4069588.809647371;4999999.999999929
3;99485129831;20;phasez;-1.54902;-1.54566;-1.54127;-1.53581;-1.52917;-1.52099;-1.51092;-1.49849;-1.48324;-1.46438;-1.44115;-1.41245;-1.37694;-1.33295;-1.2783;-1.21014;-1.12454;-1.01657;-0.879112;-0.702977
