0;5035197591486;20;absz;1.47188e+08;1.07087e+08;7.79004e+07;5.66458e+07;4.11869e+07;2.9925e+07;2.17639e+07;1.58165e+07;1.1494e+07;8.35141e+06;6.06721e+06;4.4068e+06;3.20027e+06;2.32362e+06;1.68678e+06;1.22425e+06;888384;644550;467583;339153
0;5035197591486;20;frequency;9.999999974752427;13.86918846435492;19.23543905490988;26.67799336109056;37.00021196095804;51.31629158938722;71.17153245417285;98.70914048804025;136.9015682683994;189.8713664161278;263.3361782500288;365.2259113806622;506.5387032487934;702.5280792305466;974.3494403835484;1351.343611730726;1874.203936580443;2599.368780806799;3605.113577052066;4999.99999995282
0;5035197591486;20;phasez;-1.52524;-1.52635;-1.52792;-1.52898;-1.53002;-1.53104;-1.53171;-1.53232;-1.53299;-1.53353;-1.53403;-1.53444;-1.53472;-1.53476;-1.53447;-1.53369;-1.53228;-1.52997;-1.52645;-1.52128
1;5035965175463;50;absz;7.87684e+06;6.73418e+06;5.76277e+06;4.92751e+06;4.21402e+06;3.60562e+06;3.08462e+06;2.63831e+06;2.25712e+06;1.92911e+06;1.6507e+06;1.41114e+06;1.2068e+06;1.03213e+06;882465;754466;645079;551556;471534;403138;344638;294624;251861;215297;184035;157317;134472;114941;98245.3;83971.6;71770.7;61342.4;52428.7;44809.1;38296;32728.2;27969.5;23900.8;20423.3;17449.6;14907.2;12733.1;10873.5;9282.68;7921.03;6755.4;5756.58;4900.16;4164.94;3532.84
1;5035965175463;50;frequency;199.9999999213742;234.625769479635;275.2462588517801;322.8993264769997;378.802514688914;444.3841576318164;521.3198749487447;611.5753842550475;717.456725922716;841.6691823498468;987.3863981368913;1158.33146786315;1358.872060208682;1594.132014446359;1870.122253535556;2193.894364737048;2573.720768452858;3019.306079821149;3542.035062906734;4155.263512473084;4874.659497176026;5718.603679767398;6708.658946337209;7870.121340545211;9232.666380967203;10831.10727442716;12706.28439819177;14906.10877695531;17486.78621595445;20514.25336674129;24065.86241733066;28232.35745111674;33120.19296963342;38854.25382030405;45581.04601983359;53472.44000269313;62730.06193403319;73590.44528463698;86331.07429211862;101277.4737211686;118811.5260634959;139381.228686517;163512.140226203;191820.8086789974;225030.524286467;263989.7996954232;309694.0495706946;363311.0235703185;426210.642505751;499999.9999999716
1;5035965175463;50;phasez;-1.53359;-1.53625;-1.53767;-1.53606;-1.53598;-1.53665;-1.53738;-1.53725;-1.53758;-1.53809;-1.53841;-1.53883;-1.5391;-1.5394;-1.53961;-1.53995;-1.54009;-1.54032;-1.54044;-1.54061;-1.54065;-1.54075;-1.54071;-1.54068;-1.54053;-1.54032;-1.54004;-1.53964;-1.53913;-1.53849;-1.53771;-1.53674;-1.53558;-1.53419;-1.53253;-1.53057;-1.52824;-1.5255;-1.52225;-1.51842;-1.51391;-1.50858;-1.5023;-1.4949;-1.48614;-1.47578;-1.4635;-1.44887;-1.4314;-1.4104
2;5036733487600;50;absz;86517.7;77441.1;69313.8;62036.1;55507.1;49678.7;44459.7;39796.3;35612.4;31869;28520.1;25522.1;22837.9;20439.9;18291;16368.8;14648.8;13109.8;11731.3;10498.4;9394.79;8407.61;7523.36;6732.13;6024.12;5390.49;4823.2;4315.46;3861.02;3454.19;3090.07;2764.07;2472.36;2211.2;1977.38;1768.06;1580.68;1412.88;1262.62;1128.09;1007.62;899.771;803.229;716.796;639.562;570.571;509.07;454.455;406.193;363.938
2;5036733487600;50;frequency;20000.00000002444;22385.53853899816;25055.61678390222;28044.17375656954;31389.19662092121;35133.2035329932;39323.78408414649;44014.2042055669;49264.08322518227;55140.1516811012;61717.09952482729;69078.52549602467;77317.99973512921;86540.25314108083;96862.50859274992;108415.9709538568;121347.4948009008;135821.4510731415;152021.8163702936;170154.5114554648;190450.0186878266;213166.3116533389;238592.1342356312;267050.6708003728;298903.6541519141;334555.9634717432;374460.7706856584;419125.3006744233;469117.2785435782;525072.1459047724;587701.13789258;657800.3235824071;736260.7247225839;824079.6413975459;922373.3285811875;1032391.184709951;1155531.632626961;1293359.894754076;1447627.888434013;1620296.494325686;1813560.480908265;2029876.401899315;2271993.821195295;2542990.262224833;2846310.325953354;3185809.474764127;3565803.038745301;3991121.067296888;4467169.723268114;4999999.999999929
2;5036733487600;50;phasez;-1.54174;-1.54176;-1.54182;-1.54142;-1.54088;-1.54047;-1.53988;-1.53935;-1.5385;-1.53755;-1.53664;-1.53543;-1.53413;-1.53261;-1.53091;-1.52903;-1.52687;-1.52442;-1.52169;-1.51862;-1.51518;-1.51137;-1.50705;-1.50224;-1.49683;-1.49076;-1.48395;-1.47634;-1.46776;-1.45815;-1.44739;-1.43528;-1.42168;-1.4064;-1.38925;-1.36996;-1.34825;-1.32385;-1.29635;-1.26535;-1.23038;-1.19087;-1.1462;-1.09556;-1.03802;-0.972605;-0.897965;-0.81266;-0.714961;-0.602895
3;5037051077942;20;absz;17807.5;14542.1;11870.8;9690.68;7911.88;6457.78;5271.44;4302.19;3510.71;2864.33;2336.06;1904.36;1551.9;1263.71;1028.15;835.559;678.211;549.968;446.048;363.073
3;5037051077942;20;frequency;99999.99999990905;122862.535599424;150952.0265389597;185463.4873444638;227865.1431623047;279960.8926363817;343967.05137965;422606.6409511731;519225.2346839865;637933.2888043621;783781.0140572543;962973.2274171232;1183133.324347452;1453627.601814205;1785963.729760951;2194280.323268956;2695948.443325946;3312310.615921419;4069588.809647371;4999999.999999929
3;5037051077942;20;phasez;-1.53005;-1.52683;-1.52267;-1.51765;-1.51131;-1.50353;-1.49386;-1.48192;-1.46708;-1.44874;-1.42598;-1.39777;-1.36277;-1.31926;-1.26503;-1.19721;-1.11188;-1.00388;-0.865958;-0.688551
