0;700108380765;20;absz;2.29492e+08;1.6589e+08;1.19986e+08;8.68234e+07;6.28072e+07;4.54233e+07;3.28635e+07;2.37768e+07;1.72025e+07;1.2447e+07;9.00671e+06;6.51743e+06;4.71646e+06;3.41317e+06;2.46996e+06;1.78736e+06;1.29341e+06;935951;677318;490153
0;700108380765;20;frequency;9.999999974752427;13.86918846435492;19.23543905490988;26.67799336109056;37.00021196095804;51.31629158938722;71.17153245417285;98.70914048804025;136.9015682683994;189.8713664161278;263.3361782500288;365.2259113806622;506.5387032487934;702.5280792305466;974.3494403835484;1351.343611730726;1874.203936580443;2599.368780806799;3605.113577052066;4999.99999995282
0;700108380765;20;phasez;-1.55497;-1.55584;-1.55545;-1.55512;-1.555;-1.5539;-1.55437;-1.55399;-1.55363;-1.55321;-1.55265;-1.55207;-1.55136;-1.55047;-1.54929;-1.54766;-1.54542;-1.54227;-1.53794;-1.53193
1;700879472408;50;absz;1.16967e+07;1.00044e+07;8.54047e+06;7.2859e+06;6.23992e+06;5.31927e+06;4.54256e+06;3.88163e+06;3.31448e+06;2.83076e+06;2.41591e+06;2.06344e+06;1.76145e+06;1.50447e+06;1.28452e+06;1.09696e+06;936680;799878;683075;583279;498092;425354;363239;310199;264920;226248;193216;165022;140944;120382;102818;87819;75010.2;64071.3;54727.8;46745.5;39927.4;34102.5;29126.2;24874.4;21241.3;18136.1;15481.9;13212.4;11271;9609.75;8187.1;6967.91;5921.74;5022.66
1;700879472408;50;frequency;199.9999999213742;234.625769479635;275.2462588517801;322.8993264769997;378.802514688914;444.3841576318164;521.3198749487447;611.5753842550475;717.456725922716;841.6691823498468;987.3863981368913;1158.33146786315;1358.872060208682;1594.132014446359;1870.122253535556;2193.894364737048;2573.720768452858;3019.306079821149;3542.035062906734;4155.263512473084;4874.659497176026;5718.603679767398;6708.658946337209;7870.121340545211;9232.666380967203;10831.10727442716;12706.28439819177;14906.10877695531;17486.78621595445;20514.25336674129;24065.86241733066;28232.35745111674;33120.19296963342;38854.25382030405;45581.04601983359;53472.44000269313;62730.06193403319;73590.44528463698;86331.07429211862;101277.4737211686;118811.5260634959;139381.228686517;163512.140226203;191820.8086789974;225030.524286467;263989.7996954232;309694.0495706946;363311.0235703185;426210.642505751;499999.9999999716
1;700879472408;50;phasez;-1.55714;-1.55097;-1.55239;-1.55323;-1.55295;-1.55413;-1.55324;-1.55374;-1.55338;-1.55355;-1.55323;-1.55304;-1.55291;-1.55296;-1.55272;-1.55251;-1.55232;-1.55215;-1.55198;-1.55174;-1.55145;-1.55113;-1.55067;-1.55022;-1.54969;-1.5491;-1.54842;-1.54764;-1.54677;-1.54578;-1.54463;-1.54331;-1.54181;-1.54009;-1.53813;-1.53586;-1.53323;-1.53018;-1.52663;-1.5225;-1.51767;-1.51202;-1.50542;-1.49766;-1.48854;-1.4778;-1.46512;-1.45009;-1.43219;-1.41076
2;701648939087;50;absz;124074;110978;99282.5;88811.2;79455;71060.6;63573.3;56879.2;50875.2;45514.5;40719.3;36422.3;32581;29150.6;26076.1;23327;20869.7;18672.8;16705.7;14946.1;13371.9;11963.2;10703.8;9576.44;8567.99;7665.63;6858.32;6135.96;5489.64;4911.24;4393.6;3930.4;3515.98;3145.03;2813.07;2516.05;2250.22;2012.26;1799.26;1608.7;1438.13;1285.54;1149.04;1027;918.119;820.986;734.618;658.15;590.888;532.413
2;701648939087;50;frequency;20000.00000002444;22385.53853899816;25055.61678390222;28044.17375656954;31389.19662092121;35133.2035329932;39323.78408414649;44014.2042055669;49264.08322518227;55140.1516811012;61717.09952482729;69078.52549602467;77317.99973512921;86540.25314108083;96862.50859274992;108415.9709538568;121347.4948009008;135821.4510731415;152021.8163702936;170154.5114554648;190450.0186878266;213166.3116533389;238592.1342356312;267050.6708003728;298903.6541519141;334555.9634717432;374460.7706856584;419125.3006744233;469117.2785435782;525072.1459047724;587701.13789258;657800.3235824071;736260.7247225839;824079.6413975459;922373.3285811875;1032391.184709951;1155531.632626961;1293359.894754076;1447627.888434013;1620296.494325686;1813560.480908265;2029876.401899315;2271993.821195295;2542990.262224833;2846310.325953354;3185809.474764127;3565803.038745301;3991121.067296888;4467169.723268114;4999999.999999929
2;701648939087;50;phasez;-1.54926;-1.54932;-1.54839;-1.54808;-1.54717;-1.54661;-1.54587;-1.54489;-1.5439;-1.54288;-1.54157;-1.54026;-1.53866;-1.53695;-1.5351;-1.53297;-1.53058;-1.52785;-1.52502;-1.52169;-1.51803;-1.51396;-1.50937;-1.50425;-1.49858;-1.49222;-1.48516;-1.47721;-1.46835;-1.45844;-1.44736;-1.43494;-1.42104;-1.40544;-1.38795;-1.36835;-1.34634;-1.3216;-1.29379;-1.26249;-1.22721;-1.18744;-1.14249;-1.09161;-1.03386;-0.968303;-0.893596;-0.808296;-0.71076;-0.599059
3;701967037039;20;absz;25387;20719.2;16910.2;13800.1;11258.2;9187.31;7497.45;6117.03;4991.57;4072.31;3322.18;2709.61;2209.32;1800.69;1467.18;1194.77;972.633;792.06;646.399;531.124
3;701967037039;20;frequency;99999.99999990905;122862.535599424;150952.0265389597;185463.4873444638;227865.1431623047;279960.8926363817;343967.05137965;422606.6409511731;519225.2346839865;637933.2888043621;783781.0140572543;962973.2274171232;1183133.324347452;1453627.601814205;1785963.729760951;2194280.323268956;2695948.443325946;3312310.615921419;4069588.809647371;4999999.999999929
3;701967037039;20;phasez;-1.53424;-1.5304;-1.52593;-1.52056;-1.51374;-1.50546;-1.49524;-1.48275;-1.46741;-1.44848;-1.42513;-1.39635;-1.36076;-1.31666;-1.26186;-1.19354;-1.10772;-0.999448;-0.861495;-0.684564
