0;8999662564136;20;absz;1.36369e+08;9.95179e+07;7.25284e+07;5.28225e+07;3.84665e+07;2.79876e+07;2.03738e+07;1.48228e+07;1.07809e+07;7.83993e+06;5.69991e+06;4.14339e+06;3.01135e+06;2.18828e+06;1.59e+06;1.15507e+06;839024;609338;442472;321240
0;8999662564136;20;frequency;9.999999974752427;13.86918846435492;19.23543905490988;26.67799336109056;37.00021196095804;51.31629158938722;71.17153245417285;98.70914048804025;136.9015682683994;189.8713664161278;263.3361782500288;365.2259113806622;506.5387032487934;702.5280792305466;974.3494403835484;1351.343611730726;1874.203936580443;2599.368780806799;3605.113577052066;4999.99999995282
0;8999662564136;20;phasez;-1.51067;-1.51449;-1.51734;-1.51968;-1.52173;-1.5233;-1.52522;-1.52663;-1.52786;-1.52879;-1.52949;-1.53001;-1.53035;-1.53035;-1.53;-1.5292;-1.5277;-1.52538;-1.52188;-1.51673
1;9000431901921;50;absz;7.41775e+06;6.32121e+06;5.41038e+06;4.63232e+06;3.96841e+06;3.39335e+06;2.90296e+06;2.48411e+06;2.12507e+06;1.81847e+06;1.55564e+06;1.33134e+06;1.13867e+06;974218;833347;712891;609821;521633;446214;381656;326425;279183;238781;204212;174644;149350;127723;109223;93398.1;79865.7;68293.2;58397.9;49934.6;42696.5;36507.3;31213.8;26686.4;22814.6;19502.9;16670.1;14247;12173.8;10399.6;8881.04;7580.91;6467.41;5513.09;4694.48;3991.49;3386.96
1;9000431901921;50;frequency;199.9999999213742;234.625769479635;275.2462588517801;322.8993264769997;378.802514688914;444.3841576318164;521.3198749487447;611.5753842550475;717.456725922716;841.6691823498468;987.3863981368913;1158.33146786315;1358.872060208682;1594.132014446359;1870.122253535556;2193.894364737048;2573.720768452858;3019.306079821149;3542.035062906734;4155.263512473084;4874.659497176026;5718.603679767398;6708.658946337209;7870.121340545211;9232.666380967203;10831.10727442716;12706.28439819177;14906.10877695531;17486.78621595445;20514.25336674129;24065.86241733066;28232.35745111674;33120.19296963342;38854.25382030405;45581.04601983359;53472.44000269313;62730.06193403319;73590.44528463698;86331.07429211862;101277.4737211686;118811.5260634959;139381.228686517;163512.140226203;191820.8086789974;225030.524286467;263989.7996954232;309694.0495706946;363311.0235703185;426210.642505751;499999.9999999716
1;9000431901921;50;phasez;-1.53097;-1.52904;-1.53242;-1.5319;-1.53156;-1.53281;-1.53234;-1.5329;-1.53323;-1.53334;-1.53409;-1.53427;-1.5345;-1.53483;-1.53497;-1.53524;-1.53549;-1.5357;-1.53588;-1.53604;-1.53608;-1.53617;-1.53616;-1.53613;-1.53602;-1.53582;-1.53554;-1.53517;-1.53467;-1.53404;-1.53327;-1.53232;-1.53118;-1.52982;-1.5282;-1.52629;-1.52401;-1.52132;-1.51814;-1.51436;-1.5099;-1.50463;-1.49838;-1.49098;-1.48222;-1.47183;-1.45949;-1.4448;-1.42723;-1.40612
2;9001201781960;50;absz;82240.2;73626.2;65922.6;59026.4;52845.4;47311.8;42350.4;37919.3;33945.4;30384.5;27201.9;24350.1;21798.3;19512.8;17467;15636.4;13996.6;12529.3;11215.5;10039;8985.86;8043.13;7199.25;6443.99;5767.4;5162.11;4620.07;4134.86;3700.3;3311.44;2963.19;2651.37;2372.25;2122.28;1898.44;1697.95;1518.46;1357.67;1213.64;1084.64;969.072;865.573;772.882;689.871;615.64;549.318;490.141;437.555;391.058;350.327
2;9001201781960;50;frequency;20000.00000002444;22385.53853899816;25055.61678390222;28044.17375656954;31389.19662092121;35133.2035329932;39323.78408414649;44014.2042055669;49264.08322518227;55140.1516811012;61717.09952482729;69078.52549602467;77317.99973512921;86540.25314108083;96862.50859274992;108415.9709538568;121347.4948009008;135821.4510731415;152021.8163702936;170154.5114554648;190450.0186878266;213166.3116533389;238592.1342356312;267050.6708003728;298903.6541519141;334555.9634717432;374460.7706856584;419125.3006744233;469117.2785435782;525072.1459047724;587701.13789258;657800.3235824071;736260.7247225839;824079.6413975459;922373.3285811875;1032391.184709951;1155531.632626961;1293359.894754076;1447627.888434013;1620296.494325686;1813560.480908265;2029876.401899315;2271993.821195295;2542990.262224833;2846310.325953354;3185809.474764127;3565803.038745301;3991121.067296888;4467169.723268114;4999999.999999929
2;9001201781960;50;phasez;-1.53763;-1.53762;-1.53712;-1.53678;-1.5366;-1.5362;-1.53564;-1.53493;-1.53434;-1.53349;-1.53242;-1.53137;-1.52997;-1.52858;-1.52686;-1.52497;-1.52283;-1.52045;-1.51774;-1.51469;-1.51129;-1.50745;-1.50314;-1.49827;-1.49284;-1.48674;-1.47986;-1.47219;-1.46355;-1.45389;-1.44301;-1.43083;-1.41716;-1.4018;-1.38455;-1.36517;-1.34337;-1.31887;-1.29128;-1.26017;-1.2251;-1.18548;-1.14068;-1.0899;-1.03219;-0.966587;-0.891723;-0.806177;-0.708159;-0.595698
3;9001518790798;20;absz;17001.2;13890.2;11345.4;9265.92;7568.78;6180.4;5047.57;4121.35;3364.92;2746.76;2241.42;1828.28;1490.73;1214.54;988.664;803.864;652.721;529.438;429.408;349.448
3;9001518790798;20;frequency;99999.99999990905;122862.535599424;150952.0265389597;185463.4873444638;227865.1431623047;279960.8926363817;343967.05137965;422606.6409511731;519225.2346839865;637933.2888043621;783781.0140572543;962973.2274171232;1183133.324347452;1453627.601814205;1785963.729760951;2194280.323268956;2695948.443325946;3312310.615921419;4069588.809647371;4999999.999999929
3;9001518790798;20;phasez;-1.52598;-1.52284;-1.5188;-1.51367;-1.5074;-1.49957;-1.48986;-1.47776;-1.4628;-1.4443;-1.42139;-1.39302;-1.35785;-1.31417;-1.25974;-1.19167;-1.10608;-0.997725;-0.859344;-0.681282
