0;5074261910479;20;absz;1.46844e+08;1.06901e+08;7.77639e+07;5.65425e+07;4.11161e+07;2.98739e+07;2.17246e+07;1.57892e+07;1.1474e+07;8.33698e+06;6.05675e+06;4.39961e+06;3.19519e+06;2.32001e+06;1.68419e+06;1.22238e+06;887049;643615;466915;338673
0;5074261910479;20;frequency;9.999999974752427;13.86918846435492;19.23543905490988;26.67799336109056;37.00021196095804;51.31629158938722;71.17153245417285;98.70914048804025;136.9015682683994;189.8713664161278;263.3361782500288;365.2259113806622;506.5387032487934;702.5280792305466;974.3494403835484;1351.343611730726;1874.203936580443;2599.368780806799;3605.113577052066;4999.99999995282
0;5074261910479;20;phasez;-1.52489;-1.52667;-1.52753;-1.52869;-1.52996;-1.53085;-1.53146;-1.53227;-1.53291;-1.53341;-1.53387;-1.53432;-1.53457;-1.53464;-1.53435;-1.5336;-1.53216;-1.52985;-1.52632;-1.52114
1;5075032175131;50;absz;7.87601e+06;6.72269e+06;5.75842e+06;4.9206e+06;4.20512e+06;3.59927e+06;3.08058e+06;2.63346e+06;2.25318e+06;1.92691e+06;1.64786e+06;1.40898e+06;1.20496e+06;1.03054e+06;881008;753313;644104;550713;470855;402543;344152;294210;251511;215008;183796;157110;134297;114793;98119.4;83867.3;71682.2;61267.5;52365.2;44754.9;38250.3;32689.5;27936;23872.9;20399;17429.6;14890.3;12718.8;10861.5;9272.38;7912.51;6748;5750.37;4894.96;4160.57;3529.23
1;5075032175131;50;frequency;199.9999999213742;234.625769479635;275.2462588517801;322.8993264769997;378.802514688914;444.3841576318164;521.3198749487447;611.5753842550475;717.456725922716;841.6691823498468;987.3863981368913;1158.33146786315;1358.872060208682;1594.132014446359;1870.122253535556;2193.894364737048;2573.720768452858;3019.306079821149;3542.035062906734;4155.263512473084;4874.659497176026;5718.603679767398;6708.658946337209;7870.121340545211;9232.666380967203;10831.10727442716;12706.28439819177;14906.10877695531;17486.78621595445;20514.25336674129;24065.86241733066;28232.35745111674;33120.19296963342;38854.25382030405;45581.04601983359;53472.44000269313;62730.06193403319;73590.44528463698;86331.07429211862;101277.4737211686;118811.5260634959;139381.228686517;163512.140226203;191820.8086789974;225030.524286467;263989.7996954232;309694.0495706946;363311.0235703185;426210.642505751;499999.9999999716
1;5075032175131;50;phasez;-1.53174;-1.53413;-1.53473;-1.53503;-1.5356;-1.53568;-1.53729;-1.53755;-1.53741;-1.53815;-1.53816;-1.53878;-1.53906;-1.53927;-1.53954;-1.53971;-1.54001;-1.54009;-1.54034;-1.54045;-1.54051;-1.54061;-1.54057;-1.54053;-1.54039;-1.54019;-1.53991;-1.53952;-1.53901;-1.53838;-1.53758;-1.53663;-1.53546;-1.53407;-1.53242;-1.53047;-1.52814;-1.52539;-1.52215;-1.51832;-1.5138;-1.50848;-1.5022;-1.49479;-1.48603;-1.47567;-1.46338;-1.44875;-1.43128;-1.41027
2;5075801192486;50;absz;86431;77352;69216.7;61964.2;55439.1;49622.7;44416.8;39742.9;35568.5;31832.7;28485.8;25492.2;22810.5;20415;18270.2;16349.8;14631.9;13093.8;11718.4;10486.5;9384.18;8397.89;7514.95;6724.87;6017.51;5384.49;4817.97;4310.87;3856.85;3450.57;3086.85;2761.29;2469.85;2208.96;1975.38;1766.32;1579.09;1411.47;1261.39;1127.01;1006.66;898.935;802.472;716.141;638.975;570.052;508.606;454.042;405.816;363.596
2;5075801192486;50;frequency;20000.00000002444;22385.53853899816;25055.61678390222;28044.17375656954;31389.19662092121;35133.2035329932;39323.78408414649;44014.2042055669;49264.08322518227;55140.1516811012;61717.09952482729;69078.52549602467;77317.99973512921;86540.25314108083;96862.50859274992;108415.9709538568;121347.4948009008;135821.4510731415;152021.8163702936;170154.5114554648;190450.0186878266;213166.3116533389;238592.1342356312;267050.6708003728;298903.6541519141;334555.9634717432;374460.7706856584;419125.3006744233;469117.2785435782;525072.1459047724;587701.13789258;657800.3235824071;736260.7247225839;824079.6413975459;922373.3285811875;1032391.184709951;1155531.632626961;1293359.894754076;1447627.888434013;1620296.494325686;1813560.480908265;2029876.401899315;2271993.821195295;2542990.262224833;2846310.325953354;3185809.474764127;3565803.038745301;3991121.067296888;4467169.723268114;4999999.999999929
2;5075801192486;50;phasez;-1.54186;-1.54171;-1.54137;-1.54135;-1.54107;-1.54028;-1.54002;-1.53927;-1.53842;-1.53745;-1.53652;-1.53538;-1.53403;-1.53256;-1.5308;-1.52894;-1.52672;-1.52432;-1.52162;-1.51849;-1.5151;-1.51124;-1.50692;-1.50212;-1.49671;-1.49063;-1.48383;-1.47618;-1.46765;-1.45804;-1.44726;-1.43515;-1.42156;-1.40628;-1.38912;-1.36982;-1.34812;-1.32371;-1.29621;-1.26522;-1.23026;-1.19075;-1.14608;-1.09544;-1.0379;-0.972486;-0.897849;-0.812539;-0.714846;-0.602776
3;5076118844946;20;absz;17787.8;14525.5;11858.1;9679.76;7903.14;6450.95;5265.77;4297.84;3507.15;2861.48;2333.74;1902.54;1550.44;1262.52;1027.2;834.814;677.603;549.473;445.637;362.726
3;5076118844946;20;frequency;99999.99999990905;122862.535599424;150952.0265389597;185463.4873444638;227865.1431623047;279960.8926363817;343967.05137965;422606.6409511731;519225.2346839865;637933.2888043621;783781.0140572543;962973.2274171232;1183133.324347452;1453627.601814205;1785963.729760951;2194280.323268956;2695948.443325946;3312310.615921419;4069588.809647371;4999999.999999929
3;5076118844946;20;phasez;-1.52995;-1.5266;-1.5226;-1.51753;-1.51121;-1.50342;-1.49377;-1.48178;-1.46697;-1.4486;-1.42584;-1.39764;-1.36265;-1.31915;-1.26491;-1.19709;-1.11176;-1.00376;-0.865842;-0.688472
