0;4346120722225;20;absz;1.53157e+08;1.11356e+08;8.09598e+07;5.88582e+07;4.27766e+07;3.10601e+07;2.25748e+07;1.63966e+07;1.19078e+07;8.64588e+06;6.27624e+06;4.55537e+06;3.30586e+06;2.39861e+06;1.74004e+06;1.26212e+06;915275;663645;481120;348734
0;4346120722225;20;frequency;9.999999974752427;13.86918846435492;19.23543905490988;26.67799336109056;37.00021196095804;51.31629158938722;71.17153245417285;98.70914048804025;136.9015682683994;189.8713664161278;263.3361782500288;365.2259113806622;506.5387032487934;702.5280792305466;974.3494403835484;1351.343611730726;1874.203936580443;2599.368780806799;3605.113577052066;4999.99999995282
0;4346120722225;20;phasez;-1.52881;-1.53;-1.53081;-1.53194;-1.53286;-1.53351;-1.53458;-1.53542;-1.53617;-1.53677;-1.53738;-1.53778;-1.53799;-1.53798;-1.53764;-1.53684;-1.53539;-1.53307;-1.52953;-1.52432
1;4346890356283;50;absz;8.15342e+06;6.94628e+06;5.95603e+06;5.0948e+06;4.35326e+06;3.72788e+06;3.1862e+06;2.72373e+06;2.32987e+06;1.99112e+06;1.70241e+06;1.4554e+06;1.24408e+06;1.06339e+06;909150;777104;664254;567702;485236;414680;354407;302877;258833;221184;189013;161516;138019;117938;100776;86112.2;73579.5;62872.4;53722.8;45904.7;39224.2;33514.9;28635.7;24465.7;20902.6;17855.9;15251.6;13024.7;11120.4;9491.33;8097.57;6904.29;5882.07;5005.81;4253.76;3607.35
1;4346890356283;50;frequency;199.9999999213742;234.625769479635;275.2462588517801;322.8993264769997;378.802514688914;444.3841576318164;521.3198749487447;611.5753842550475;717.456725922716;841.6691823498468;987.3863981368913;1158.33146786315;1358.872060208682;1594.132014446359;1870.122253535556;2193.894364737048;2573.720768452858;3019.306079821149;3542.035062906734;4155.263512473084;4874.659497176026;5718.603679767398;6708.658946337209;7870.121340545211;9232.666380967203;10831.10727442716;12706.28439819177;14906.10877695531;17486.78621595445;20514.25336674129;24065.86241733066;28232.35745111674;33120.19296963342;38854.25382030405;45581.04601983359;53472.44000269313;62730.06193403319;73590.44528463698;86331.07429211862;101277.4737211686;118811.5260634959;139381.228686517;163512.140226203;191820.8086789974;225030.524286467;263989.7996954232;309694.0495706946;363311.0235703185;426210.642505751;499999.9999999716
1;4346890356283;50;phasez;-1.53616;-1.5372;-1.53693;-1.53923;-1.53911;-1.54038;-1.53995;-1.5404;-1.54094;-1.54109;-1.54163;-1.54187;-1.54196;-1.54234;-1.54275;-1.54294;-1.54317;-1.54338;-1.54351;-1.54366;-1.54371;-1.54374;-1.54373;-1.54364;-1.54347;-1.54322;-1.54286;-1.54241;-1.54185;-1.54114;-1.54026;-1.53922;-1.53798;-1.53651;-1.53479;-1.53277;-1.5304;-1.52761;-1.52434;-1.5205;-1.51599;-1.51068;-1.50443;-1.49704;-1.48831;-1.47798;-1.46571;-1.45111;-1.43366;-1.41267
2;4347659735383;50;absz;88718.3;79422.6;71061.6;63572.3;56898.7;50906;45556.8;40765.2;36472.3;32634.3;29199.4;26129;23379.3;20919;18719;16749.9;14987.9;13410.8;11999.9;10737.3;9606.74;8595.78;7690.66;6880.84;6156.01;5507.57;4927.11;4407.69;3942.88;3526.85;3154.52;2821.35;2523.15;2256.2;2017.29;1803.46;1612.06;1440.73;1287.34;1150.01;1027.08;917.036;818.556;730.429;651.71;581.382;518.712;463.089;413.942;370.947
2;4347659735383;50;frequency;20000.00000002444;22385.53853899816;25055.61678390222;28044.17375656954;31389.19662092121;35133.2035329932;39323.78408414649;44014.2042055669;49264.08322518227;55140.1516811012;61717.09952482729;69078.52549602467;77317.99973512921;86540.25314108083;96862.50859274992;108415.9709538568;121347.4948009008;135821.4510731415;152021.8163702936;170154.5114554648;190450.0186878266;213166.3116533389;238592.1342356312;267050.6708003728;298903.6541519141;334555.9634717432;374460.7706856584;419125.3006744233;469117.2785435782;525072.1459047724;587701.13789258;657800.3235824071;736260.7247225839;824079.6413975459;922373.3285811875;1032391.184709951;1155531.632626961;1293359.894754076;1447627.888434013;1620296.494325686;1813560.480908265;2029876.401899315;2271993.821195295;2542990.262224833;2846310.325953354;3185809.474764127;3565803.038745301;3991121.067296888;4467169.723268114;4999999.999999929
2;4347659735383;50;phasez;-1.54475;-1.54439;-1.54413;-1.54362;-1.54324;-1.54287;-1.54223;-1.54163;-1.54074;-1.53972;-1.53874;-1.53756;-1.53627;-1.53473;-1.53302;-1.5311;-1.52893;-1.52646;-1.5238;-1.52075;-1.51733;-1.51355;-1.50921;-1.5044;-1.49903;-1.49298;-1.48619;-1.47858;-1.47001;-1.46042;-1.44963;-1.43752;-1.42393;-1.40864;-1.39148;-1.37217;-1.35046;-1.32602;-1.2985;-1.26749;-1.23249;-1.19297;-1.14827;-1.0976;-1.04004;-0.974609;-0.899958;-0.814655;-0.71696;-0.604922
3;4347976685675;20;absz;18226.4;14879.3;12142.9;9910.6;8088.62;6600.66;5386.04;4394.47;3584.72;2923.79;2383.86;1942.72;1582.71;1288.46;1048.03;851.556;691.105;560.397;454.531;370.064
3;4347976685675;20;frequency;99999.99999990905;122862.535599424;150952.0265389597;185463.4873444638;227865.1431623047;279960.8926363817;343967.05137965;422606.6409511731;519225.2346839865;637933.2888043621;783781.0140572543;962973.2274171232;1183133.324347452;1453627.601814205;1785963.729760951;2194280.323268956;2695948.443325946;3312310.615921419;4069588.809647371;4999999.999999929
3;4347976685675;20;phasez;-1.53213;-1.52892;-1.52487;-1.51971;-1.51348;-1.50574;-1.49608;-1.48415;-1.46935;-1.45099;-1.42823;-1.40001;-1.36496;-1.32142;-1.26716;-1.19929;-1.1139;-1.00587;-0.867948;-0.690598
