0;4376804734764;20;absz;1.5277e+08;1.11179e+08;8.08162e+07;5.87406e+07;4.26894e+07;3.10076e+07;2.25368e+07;1.63686e+07;1.18882e+07;8.63196e+06;6.2662e+06;4.5481e+06;3.30049e+06;2.39474e+06;1.73733e+06;1.26014e+06;913935;662710;480469;348276
0;4376804734764;20;frequency;9.999999974752427;13.86918846435492;19.23543905490988;26.67799336109056;37.00021196095804;51.31629158938722;71.17153245417285;98.70914048804025;136.9015682683994;189.8713664161278;263.3361782500288;365.2259113806622;506.5387032487934;702.5280792305466;974.3494403835484;1351.343611730726;1874.203936580443;2599.368780806799;3605.113577052066;4999.99999995282
0;4376804734764;20;phasez;-1.5286;-1.52987;-1.53099;-1.5317;-1.53273;-1.53388;-1.53435;-1.5353;-1.53604;-1.53672;-1.53726;-1.53767;-1.53791;-1.53787;-1.53749;-1.53664;-1.53519;-1.53286;-1.52933;-1.52413
1;4377572826672;50;absz;8.15393e+06;6.96087e+06;5.94543e+06;5.08516e+06;4.35167e+06;3.72163e+06;3.18272e+06;2.71975e+06;2.32538e+06;1.98869e+06;1.69979e+06;1.45293e+06;1.24241e+06;1.06187e+06;907777;775970;663277;566872;484532;414129;353925;302475;258496;220900;188778;161316;137849;117794;100656;86009.2;73494.6;62799.5;53660.8;45853.1;39180.8;33477.6;28604.2;24439;20879.4;17836.5;15235.2;13010.7;11108.8;9481.54;8089.24;6897.16;5876.19;5000.9;4249.61;3603.79
1;4377572826672;50;frequency;199.9999999213742;234.625769479635;275.2462588517801;322.8993264769997;378.802514688914;444.3841576318164;521.3198749487447;611.5753842550475;717.456725922716;841.6691823498468;987.3863981368913;1158.33146786315;1358.872060208682;1594.132014446359;1870.122253535556;2193.894364737048;2573.720768452858;3019.306079821149;3542.035062906734;4155.263512473084;4874.659497176026;5718.603679767398;6708.658946337209;7870.121340545211;9232.666380967203;10831.10727442716;12706.28439819177;14906.10877695531;17486.78621595445;20514.25336674129;24065.86241733066;28232.35745111674;33120.19296963342;38854.25382030405;45581.04601983359;53472.44000269313;62730.06193403319;73590.44528463698;86331.07429211862;101277.4737211686;118811.5260634959;139381.228686517;163512.140226203;191820.8086789974;225030.524286467;263989.7996954232;309694.0495706946;363311.0235703185;426210.642505751;499999.9999999716
1;4377572826672;50;phasez;-1.53778;-1.53682;-1.54129;-1.54032;-1.53944;-1.53944;-1.53972;-1.5397;-1.54062;-1.54082;-1.54137;-1.54191;-1.54189;-1.5424;-1.54244;-1.54277;-1.54298;-1.54319;-1.54331;-1.54343;-1.54355;-1.54357;-1.54354;-1.54346;-1.54329;-1.54304;-1.5427;-1.54226;-1.54169;-1.54098;-1.54013;-1.5391;-1.53786;-1.53639;-1.53467;-1.53266;-1.53028;-1.5275;-1.52423;-1.5204;-1.51588;-1.51058;-1.50432;-1.49694;-1.48821;-1.47788;-1.46561;-1.45101;-1.43355;-1.41256
2;4378342138958;50;absz;88668.3;79338.2;70965.5;63517.1;56830.3;50850.7;45507.2;40717.1;36436.2;32600.2;29170;26101.2;23355.6;20898;18699;16732.6;14972.5;13397.7;11987.4;10726.1;9597.54;8587.21;7683.08;6874.18;6150.13;5502.38;4922.51;4403.69;3939.24;3523.68;3151.7;2818.79;2520.91;2254.25;2015.54;1801.9;1610.67;1439.48;1286.21;1149.03;1026.2;916.252;817.87;729.805;651.143;580.89;518.276;462.689;413.582;370.613
2;4378342138958;50;frequency;20000.00000002444;22385.53853899816;25055.61678390222;28044.17375656954;31389.19662092121;35133.2035329932;39323.78408414649;44014.2042055669;49264.08322518227;55140.1516811012;61717.09952482729;69078.52549602467;77317.99973512921;86540.25314108083;96862.50859274992;108415.9709538568;121347.4948009008;135821.4510731415;152021.8163702936;170154.5114554648;190450.0186878266;213166.3116533389;238592.1342356312;267050.6708003728;298903.6541519141;334555.9634717432;374460.7706856584;419125.3006744233;469117.2785435782;525072.1459047724;587701.13789258;657800.3235824071;736260.7247225839;824079.6413975459;922373.3285811875;1032391.184709951;1155531.632626961;1293359.894754076;1447627.888434013;1620296.494325686;1813560.480908265;2029876.401899315;2271993.821195295;2542990.262224833;2846310.325953354;3185809.474764127;3565803.038745301;3991121.067296888;4467169.723268114;4999999.999999929
2;4378342138958;50;phasez;-1.54461;-1.54464;-1.54423;-1.54363;-1.54328;-1.54274;-1.54225;-1.54152;-1.54078;-1.53973;-1.53861;-1.53758;-1.5361;-1.53458;-1.53288;-1.531;-1.52884;-1.52641;-1.5237;-1.52066;-1.51722;-1.51341;-1.50912;-1.50433;-1.49892;-1.49289;-1.48609;-1.47847;-1.46992;-1.46031;-1.44954;-1.43743;-1.42383;-1.40855;-1.39138;-1.37208;-1.35037;-1.32594;-1.29842;-1.26741;-1.23241;-1.19289;-1.1482;-1.09751;-1.03997;-0.974545;-0.899892;-0.814596;-0.71689;-0.604861
3;4378660248463;20;absz;18207.2;14864.8;12131.3;9900.26;8080.86;6594.22;5380.99;4390.43;3581.47;2921.18;2381.79;1941.1;1581.42;1287.43;1047.2;850.853;690.525;559.926;454.138;369.733
3;4378660248463;20;frequency;99999.99999990905;122862.535599424;150952.0265389597;185463.4873444638;227865.1431623047;279960.8926363817;343967.05137965;422606.6409511731;519225.2346839865;637933.2888043621;783781.0140572543;962973.2274171232;1183133.324347452;1453627.601814205;1785963.729760951;2194280.323268956;2695948.443325946;3312310.615921419;4069588.809647371;4999999.999999929
3;4378660248463;20;phasez;-1.53205;-1.52887;-1.52473;-1.51963;-1.51339;-1.50566;-1.49604;-1.48406;-1.46924;-1.45088;-1.42813;-1.3999;-1.36488;-1.32134;-1.26707;-1.19922;-1.11386;-1.00581;-0.867882;-0.690511
