0;6962864931295;20;absz;1.38982e+08;1.01236e+08;7.37106e+07;5.36871e+07;3.90693e+07;2.8418e+07;2.06777e+07;1.5039e+07;1.09345e+07;7.94898e+06;5.77799e+06;4.19923e+06;3.05144e+06;2.21713e+06;1.61068e+06;1.16997e+06;849691;616992;447930;325135
0;6962864931295;20;frequency;9.999999974752427;13.86918846435492;19.23543905490988;26.67799336109056;37.00021196095804;51.31629158938722;71.17153245417285;98.70914048804025;136.9015682683994;189.8713664161278;263.3361782500288;365.2259113806622;506.5387032487934;702.5280792305466;974.3494403835484;1351.343611730726;1874.203936580443;2599.368780806799;3605.113577052066;4999.99999995282
0;6962864931295;20;phasez;-1.51514;-1.51778;-1.52088;-1.52269;-1.52447;-1.52605;-1.5274;-1.52847;-1.52943;-1.53017;-1.53078;-1.53116;-1.53135;-1.53129;-1.5309;-1.53008;-1.52862;-1.52633;-1.52287;-1.51775
1;6963633218357;50;absz;7.49932e+06;6.41544e+06;5.47986e+06;4.70092e+06;4.01779e+06;3.4349e+06;2.94235e+06;2.51691e+06;2.15293e+06;1.84186e+06;1.57602e+06;1.34829e+06;1.1534e+06;986555;843960;721948;617488;528122;451707;386319;330377;282529;241613;206606;176678;151071;129179;110455;94445.7;80753.5;69045.2;59034.4;50474.3;43153.7;36895.4;31542.9;26965.7;23051.1;19703.3;16839.8;14390.2;12294.8;10501.9;8967.63;7654.12;6529.29;5565.3;4738.55;4028.65;3418.17
1;6963633218357;50;frequency;199.9999999213742;234.625769479635;275.2462588517801;322.8993264769997;378.802514688914;444.3841576318164;521.3198749487447;611.5753842550475;717.456725922716;841.6691823498468;987.3863981368913;1158.33146786315;1358.872060208682;1594.132014446359;1870.122253535556;2193.894364737048;2573.720768452858;3019.306079821149;3542.035062906734;4155.263512473084;4874.659497176026;5718.603679767398;6708.658946337209;7870.121340545211;9232.666380967203;10831.10727442716;12706.28439819177;14906.10877695531;17486.78621595445;20514.25336674129;24065.86241733066;28232.35745111674;33120.19296963342;38854.25382030405;45581.04601983359;53472.44000269313;62730.06193403319;73590.44528463698;86331.07429211862;101277.4737211686;118811.5260634959;139381.228686517;163512.140226203;191820.8086789974;225030.524286467;263989.7996954232;309694.0495706946;363311.0235703185;426210.642505751;499999.9999999716
1;6963633218357;50;phasez;-1.53051;-1.53165;-1.53181;-1.53325;-1.53301;-1.53323;-1.53372;-1.53384;-1.53411;-1.53441;-1.53491;-1.53497;-1.53545;-1.53565;-1.53601;-1.53618;-1.53647;-1.53671;-1.53688;-1.53702;-1.53712;-1.53722;-1.53723;-1.53719;-1.53707;-1.53687;-1.53658;-1.53618;-1.53568;-1.53504;-1.53425;-1.53329;-1.53215;-1.53078;-1.52916;-1.52725;-1.52499;-1.5223;-1.51912;-1.51535;-1.5109;-1.50562;-1.49938;-1.49199;-1.48323;-1.47284;-1.46051;-1.44583;-1.42829;-1.40721
2;6964400668271;50;absz;83164.4;74468.6;66655.8;59677.1;53425.6;47819;42819.7;38328.4;34303.8;30706.9;27486.9;24604.8;22024.1;19713.7;17645.3;15794.5;14138.1;12654.3;11326.8;10138.2;9074.15;8121.62;7268.78;6505.78;5822.56;5211.06;4663.44;4173.44;3734.67;3341.87;2990.33;2675.44;2393.56;2141.16;1915.22;1712.88;1531.65;1369.36;1224;1093.81;977.184;872.746;779.215;695.476;620.618;553.721;494.048;441.025;394.151;353.09
2;6964400668271;50;frequency;20000.00000002444;22385.53853899816;25055.61678390222;28044.17375656954;31389.19662092121;35133.2035329932;39323.78408414649;44014.2042055669;49264.08322518227;55140.1516811012;61717.09952482729;69078.52549602467;77317.99973512921;86540.25314108083;96862.50859274992;108415.9709538568;121347.4948009008;135821.4510731415;152021.8163702936;170154.5114554648;190450.0186878266;213166.3116533389;238592.1342356312;267050.6708003728;298903.6541519141;334555.9634717432;374460.7706856584;419125.3006744233;469117.2785435782;525072.1459047724;587701.13789258;657800.3235824071;736260.7247225839;824079.6413975459;922373.3285811875;1032391.184709951;1155531.632626961;1293359.894754076;1447627.888434013;1620296.494325686;1813560.480908265;2029876.401899315;2271993.821195295;2542990.262224833;2846310.325953354;3185809.474764127;3565803.038745301;3991121.067296888;4467169.723268114;4999999.999999929
2;6964400668271;50;phasez;-1.53892;-1.53855;-1.53822;-1.53782;-1.53758;-1.53702;-1.53639;-1.53593;-1.53522;-1.53427;-1.53335;-1.53221;-1.53099;-1.52951;-1.52782;-1.526;-1.52383;-1.52144;-1.51873;-1.51569;-1.51228;-1.50847;-1.50412;-1.49928;-1.49386;-1.48776;-1.48092;-1.47324;-1.46463;-1.45496;-1.44413;-1.43196;-1.41832;-1.40299;-1.38578;-1.36642;-1.34468;-1.3202;-1.29264;-1.26159;-1.22655;-1.18698;-1.14221;-1.09149;-1.03383;-0.968294;-0.893505;-0.808017;-0.710091;-0.597766
3;6964720760034;20;absz;17174;14030.5;11456.6;9356.65;7642.01;6239.74;5095.02;4159.73;3395.81;2771.72;2261.47;1844.34;1503.59;1224.83;996.911;810.444;657.987;533.64;432.786;352.179
3;6964720760034;20;frequency;99999.99999990905;122862.535599424;150952.0265389597;185463.4873444638;227865.1431623047;279960.8926363817;343967.05137965;422606.6409511731;519225.2346839865;637933.2888043621;783781.0140572543;962973.2274171232;1183133.324347452;1453627.601814205;1785963.729760951;2194280.323268956;2695948.443325946;3312310.615921419;4069588.809647371;4999999.999999929
3;6964720760034;20;phasez;-1.52698;-1.52376;-1.51972;-1.51475;-1.5084;-1.50057;-1.49086;-1.47882;-1.46391;-1.44544;-1.4226;-1.3943;-1.35918;-1.31557;-1.26123;-1.19327;-1.10777;-0.999527;-0.861296;-0.68344
