0;1788057899911;20;absz;1.94503e+08;1.40628e+08;1.01735e+08;7.35883e+07;5.32429e+07;3.85064e+07;2.78465e+07;2.01422e+07;1.45642e+07;1.05318e+07;7.61491e+06;5.50528e+06;3.97978e+06;2.87663e+06;2.07911e+06;1.50258e+06;1.08583e+06;784656;567019;409756
0;1788057899911;20;frequency;9.999999974752427;13.86918846435492;19.23543905490988;26.67799336109056;37.00021196095804;51.31629158938722;71.17153245417285;98.70914048804025;136.9015682683994;189.8713664161278;263.3361782500288;365.2259113806622;506.5387032487934;702.5280792305466;974.3494403835484;1351.343611730726;1874.203936580443;2599.368780806799;3605.113577052066;4999.99999995282
0;1788057899911;20;phasez;-1.55427;-1.55438;-1.55408;-1.55479;-1.55494;-1.55604;-1.55561;-1.55603;-1.55616;-1.55636;-1.55647;-1.55641;-1.55621;-1.55578;-1.55495;-1.55361;-1.55155;-1.54856;-1.54431;-1.53836
1;1788829290659;50;absz;9.90527e+06;8.47883e+06;7.20858e+06;6.17362e+06;5.25832e+06;4.49423e+06;3.83191e+06;3.27282e+06;2.79353e+06;2.38365e+06;2.0338e+06;1.73569e+06;1.48151e+06;1.26406e+06;1.07845e+06;920371;785345;670184;571936;488049;416488;355414;303313;258848;220911;188536;160908;137331;117214;100048;85397.1;72893.3;62223.4;53117.1;45343;38706.8;33043.1;28207.3;24078;20552.6;17541.8;14970;12772.8;10895.3;9290.32;7917.41;6742.48;5736.14;4873.12;4131.82
1;1788829290659;50;frequency;199.9999999213742;234.625769479635;275.2462588517801;322.8993264769997;378.802514688914;444.3841576318164;521.3198749487447;611.5753842550475;717.456725922716;841.6691823498468;987.3863981368913;1158.33146786315;1358.872060208682;1594.132014446359;1870.122253535556;2193.894364737048;2573.720768452858;3019.306079821149;3542.035062906734;4155.263512473084;4874.659497176026;5718.603679767398;6708.658946337209;7870.121340545211;9232.666380967203;10831.10727442716;12706.28439819177;14906.10877695531;17486.78621595445;20514.25336674129;24065.86241733066;28232.35745111674;33120.19296963342;38854.25382030405;45581.04601983359;53472.44000269313;62730.06193403319;73590.44528463698;86331.07429211862;101277.4737211686;118811.5260634959;139381.228686517;163512.140226203;191820.8086789974;225030.524286467;263989.7996954232;309694.0495706946;363311.0235703185;426210.642505751;499999.9999999716
1;1788829290659;50;phasez;-1.55568;-1.55808;-1.55681;-1.55655;-1.55801;-1.55695;-1.55811;-1.55897;-1.55874;-1.55855;-1.55879;-1.55883;-1.559;-1.55898;-1.55879;-1.5587;-1.55866;-1.55858;-1.5583;-1.55812;-1.55788;-1.55751;-1.5571;-1.55661;-1.55607;-1.55545;-1.55473;-1.55389;-1.55295;-1.55187;-1.55063;-1.54924;-1.54763;-1.54579;-1.54369;-1.5413;-1.53854;-1.53534;-1.53165;-1.52737;-1.52238;-1.51657;-1.50979;-1.50185;-1.49253;-1.48159;-1.46868;-1.45342;-1.43527;-1.41358
2;1789600456391;50;absz;103133;92222;82453;73733.7;65935.3;58943.5;52708.4;47130;42152.3;37686;33698.3;30133.6;26948.5;24099;21551.1;19273.6;17236.3;15415.1;13786.5;12329.8;11028.2;9863.57;8822.16;7890.48;7057.53;6312.39;5646.03;5050.05;4516.82;4039.87;3613.19;3231.56;2890.11;2584.6;2311.3;2066.77;1847.9;1652.08;1476.8;1319.96;1179.58;1053.98;941.592;841.045;751.299;671.199;599.889;536.655;480.91;432.293
2;1789600456391;50;frequency;20000.00000002444;22385.53853899816;25055.61678390222;28044.17375656954;31389.19662092121;35133.2035329932;39323.78408414649;44014.2042055669;49264.08322518227;55140.1516811012;61717.09952482729;69078.52549602467;77317.99973512921;86540.25314108083;96862.50859274992;108415.9709538568;121347.4948009008;135821.4510731415;152021.8163702936;170154.5114554648;190450.0186878266;213166.3116533389;238592.1342356312;267050.6708003728;298903.6541519141;334555.9634717432;374460.7706856584;419125.3006744233;469117.2785435782;525072.1459047724;587701.13789258;657800.3235824071;736260.7247225839;824079.6413975459;922373.3285811875;1032391.184709951;1155531.632626961;1293359.894754076;1447627.888434013;1620296.494325686;1813560.480908265;2029876.401899315;2271993.821195295;2542990.262224833;2846310.325953354;3185809.474764127;3565803.038745301;3991121.067296888;4467169.723268114;4999999.999999929
2;1789600456391;50;phasez;-1.5553;-1.55532;-1.55418;-1.55404;-1.55315;-1.55233;-1.55154;-1.55063;-1.54954;-1.54828;-1.54704;-1.54548;-1.54387;-1.542;-1.53998;-1.53779;-1.53522;-1.53251;-1.52939;-1.526;-1.52219;-1.51796;-1.51324;-1.50801;-1.50217;-1.49568;-1.48839;-1.4803;-1.47126;-1.46115;-1.44988;-1.43726;-1.42314;-1.40734;-1.38964;-1.3698;-1.34755;-1.32257;-1.29452;-1.26295;-1.2274;-1.18735;-1.14211;-1.0909;-1.03281;-0.966862;-0.891724;-0.805945;-0.707817;-0.595424
3;1789918500490;20;absz;20979.9;17111.9;13956.1;11378.7;9279.69;7569.35;6172.65;5034.91;4106;3348.68;2730.66;2226.16;1814.26;1478.14;1203.52;979.287;796.26;647.34;526.931;431.254
3;1789918500490;20;frequency;99999.99999990905;122862.535599424;150952.0265389597;185463.4873444638;227865.1431623047;279960.8926363817;343967.05137965;422606.6409511731;519225.2346839865;637933.2888043621;783781.0140572543;962973.2274171232;1183133.324347452;1453627.601814205;1785963.729760951;2194280.323268956;2695948.443325946;3312310.615921419;4069588.809647371;4999999.999999929
3;1789918500490;20;phasez;-1.53892;-1.53515;-1.53047;-1.52472;-1.51772;-1.50911;-1.49866;-1.48586;-1.47014;-1.45087;-1.42717;-1.39797;-1.36195;-1.3174;-1.26214;-1.19328;-1.10689;-0.997916;-0.859095;-0.681015
