0;4725472732634;20;absz;1.49638e+08;1.08837e+08;7.91347e+07;5.7541e+07;4.18315e+07;3.04009e+07;2.20984e+07;1.60563e+07;1.1666e+07;8.47409e+06;6.15495e+06;4.46934e+06;3.24486e+06;2.35532e+06;1.70935e+06;1.24027e+06;899826;652701;473369;343259
0;4725472732634;20;frequency;9.999999974752427;13.86918846435492;19.23543905490988;26.67799336109056;37.00021196095804;51.31629158938722;71.17153245417285;98.70914048804025;136.9015682683994;189.8713664161278;263.3361782500288;365.2259113806622;506.5387032487934;702.5280792305466;974.3494403835484;1351.343611730726;1874.203936580443;2599.368780806799;3605.113577052066;4999.99999995282
0;4725472732634;20;phasez;-1.52624;-1.52734;-1.52961;-1.53042;-1.53085;-1.5321;-1.53263;-1.53331;-1.534;-1.53465;-1.53527;-1.5357;-1.53598;-1.53602;-1.53571;-1.53495;-1.53349;-1.53117;-1.52766;-1.52249
1;4726240809576;50;absz;8.01229e+06;6.84081e+06;5.84479e+06;4.99754e+06;4.27488e+06;3.65568e+06;3.12742e+06;2.67601e+06;2.28694e+06;1.95523e+06;1.67232e+06;1.43004e+06;1.22279e+06;1.04546e+06;893789;764099;653242;558443;477340;408067;348806;298162;254849;217822;186177;159122;135996;116228;99332.6;84892.6;72551.2;62002.1;52986.2;45280.4;38694.8;33066.7;28256.1;24143.5;20628.9;17624.6;15055.6;12858.9;10980.3;9373.12;7997.87;6820.15;5811.39;4946.47;4203.97;3565.71
1;4726240809576;50;frequency;199.9999999213742;234.625769479635;275.2462588517801;322.8993264769997;378.802514688914;444.3841576318164;521.3198749487447;611.5753842550475;717.456725922716;841.6691823498468;987.3863981368913;1158.33146786315;1358.872060208682;1594.132014446359;1870.122253535556;2193.894364737048;2573.720768452858;3019.306079821149;3542.035062906734;4155.263512473084;4874.659497176026;5718.603679767398;6708.658946337209;7870.121340545211;9232.666380967203;10831.10727442716;12706.28439819177;14906.10877695531;17486.78621595445;20514.25336674129;24065.86241733066;28232.35745111674;33120.19296963342;38854.25382030405;45581.04601983359;53472.44000269313;62730.06193403319;73590.44528463698;86331.07429211862;101277.4737211686;118811.5260634959;139381.228686517;163512.140226203;191820.8086789974;225030.524286467;263989.7996954232;309694.0495706946;363311.0235703185;426210.642505751;499999.9999999716
1;4726240809576;50;phasez;-1.53358;-1.53504;-1.53794;-1.53655;-1.53715;-1.53749;-1.53766;-1.53875;-1.5392;-1.53936;-1.53975;-1.53986;-1.54031;-1.54055;-1.54068;-1.54109;-1.54134;-1.54145;-1.54161;-1.54176;-1.54188;-1.54193;-1.54193;-1.54185;-1.54173;-1.54151;-1.5412;-1.54079;-1.54025;-1.53959;-1.53878;-1.53779;-1.53659;-1.53516;-1.53347;-1.53147;-1.52912;-1.52633;-1.52306;-1.51922;-1.51469;-1.50936;-1.50308;-1.49567;-1.48693;-1.47657;-1.46429;-1.44968;-1.43222;-1.41122
2;4727010885166;50;absz;87481.8;78269.5;70049.5;62694.4;56107.4;50206.2;44930.9;40206.7;35982.8;32195.4;28809.3;25780.1;23070.7;20645.7;18473.2;16531.3;14794.7;13238.8;11846.7;10601.2;9486.51;8488.94;7595.95;6796.76;6081.67;5441.53;4868.64;4355.82;3896.89;3486.14;3118.43;2789.39;2494.78;2231.1;1995.08;1783.79;1594.63;1425.26;1273.62;1137.88;1016.33;907.495;810.105;722.932;645.027;575.454;513.429;458.349;409.7;367.1
2;4727010885166;50;frequency;20000.00000002444;22385.53853899816;25055.61678390222;28044.17375656954;31389.19662092121;35133.2035329932;39323.78408414649;44014.2042055669;49264.08322518227;55140.1516811012;61717.09952482729;69078.52549602467;77317.99973512921;86540.25314108083;96862.50859274992;108415.9709538568;121347.4948009008;135821.4510731415;152021.8163702936;170154.5114554648;190450.0186878266;213166.3116533389;238592.1342356312;267050.6708003728;298903.6541519141;334555.9634717432;374460.7706856584;419125.3006744233;469117.2785435782;525072.1459047724;587701.13789258;657800.3235824071;736260.7247225839;824079.6413975459;922373.3285811875;1032391.184709951;1155531.632626961;1293359.894754076;1447627.888434013;1620296.494325686;1813560.480908265;2029876.401899315;2271993.821195295;2542990.262224833;2846310.325953354;3185809.474764127;3565803.038745301;3991121.067296888;4467169.723268114;4999999.999999929
2;4727010885166;50;phasez;-1.54337;-1.54297;-1.54261;-1.54234;-1.54206;-1.54149;-1.54102;-1.54039;-1.53944;-1.5386;-1.53748;-1.53635;-1.53489;-1.53346;-1.53171;-1.52985;-1.52759;-1.52526;-1.52245;-1.5194;-1.51601;-1.51212;-1.50783;-1.503;-1.49761;-1.49157;-1.48476;-1.47713;-1.46857;-1.45897;-1.44821;-1.4361;-1.42251;-1.40724;-1.39007;-1.37078;-1.34908;-1.32466;-1.29716;-1.26615;-1.23118;-1.19168;-1.14699;-1.09633;-1.0388;-0.973389;-0.898759;-0.813462;-0.715781;-0.603738
3;4727328510154;20;absz;17987.1;14687.5;11988.3;9785.3;7988.47;6519.86;5321.43;4342.54;3543.25;2890.64;2357.2;1921.4;1565.65;1274.77;1037.05;842.744;684.023;554.678;449.881;366.225
3;4727328510154;20;frequency;99999.99999990905;122862.535599424;150952.0265389597;185463.4873444638;227865.1431623047;279960.8926363817;343967.05137965;422606.6409511731;519225.2346839865;637933.2888043621;783781.0140572543;962973.2274171232;1183133.324347452;1453627.601814205;1785963.729760951;2194280.323268956;2695948.443325946;3312310.615921419;4069588.809647371;4999999.999999929
3;4727328510154;20;phasez;-1.53081;-1.52757;-1.52352;-1.51843;-1.51214;-1.50433;-1.49469;-1.48274;-1.4679;-1.44955;-1.42681;-1.3986;-1.36359;-1.32008;-1.26584;-1.19801;-1.11268;-1.00467;-0.866771;-0.689407
