0;5763376085023;20;absz;1.42749e+08;1.03921e+08;7.56684e+07;5.50468e+07;4.00425e+07;2.91319e+07;2.11751e+07;1.53955e+07;1.11915e+07;8.13366e+06;5.91082e+06;4.29492e+06;3.12005e+06;2.26635e+06;1.64596e+06;1.19519e+06;867725;629888;457159;331764
0;5763376085023;20;frequency;9.999999974752427;13.86918846435492;19.23543905490988;26.67799336109056;37.00021196095804;51.31629158938722;71.17153245417285;98.70914048804025;136.9015682683994;189.8713664161278;263.3361782500288;365.2259113806622;506.5387032487934;702.5280792305466;974.3494403835484;1351.343611730726;1874.203936580443;2599.368780806799;3605.113577052066;4999.99999995282
0;5763376085023;20;phasez;-1.52096;-1.52262;-1.52465;-1.5261;-1.52755;-1.52879;-1.52962;-1.5304;-1.53117;-1.53174;-1.53225;-1.53258;-1.53276;-1.53271;-1.53235;-1.53153;-1.53007;-1.52773;-1.52419;-1.51902
1;5764148488880;50;absz;7.65074e+06;6.55873e+06;5.61461e+06;4.80409e+06;4.10767e+06;3.5165e+06;3.00903e+06;2.57399e+06;2.20081e+06;1.88255e+06;1.61046e+06;1.37754e+06;1.17826e+06;1.0079e+06;861907;737164;630375;539138;461038;394259;337129;288276;246487;210756;180200;154069;131726;112617;96280.2;82310.4;70364.2;60152.3;51421;43956.5;37574.4;32117.6;27451.9;23462.5;20051.3;17134.3;14639.7;12506.2;10681.2;9119.58;7782.84;6638.37;5657.64;4816.55;4094.44;3473.6
1;5764148488880;50;frequency;199.9999999213742;234.625769479635;275.2462588517801;322.8993264769997;378.802514688914;444.3841576318164;521.3198749487447;611.5753842550475;717.456725922716;841.6691823498468;987.3863981368913;1158.33146786315;1358.872060208682;1594.132014446359;1870.122253535556;2193.894364737048;2573.720768452858;3019.306079821149;3542.035062906734;4155.263512473084;4874.659497176026;5718.603679767398;6708.658946337209;7870.121340545211;9232.666380967203;10831.10727442716;12706.28439819177;14906.10877695531;17486.78621595445;20514.25336674129;24065.86241733066;28232.35745111674;33120.19296963342;38854.25382030405;45581.04601983359;53472.44000269313;62730.06193403319;73590.44528463698;86331.07429211862;101277.4737211686;118811.5260634959;139381.228686517;163512.140226203;191820.8086789974;225030.524286467;263989.7996954232;309694.0495706946;363311.0235703185;426210.642505751;499999.9999999716
1;5764148488880;50;phasez;-1.53165;-1.53318;-1.53251;-1.53533;-1.53452;-1.5347;-1.53494;-1.53534;-1.53532;-1.53566;-1.53641;-1.53675;-1.53682;-1.53722;-1.53748;-1.53763;-1.53791;-1.53798;-1.53818;-1.53832;-1.53842;-1.53848;-1.53849;-1.53847;-1.53836;-1.53818;-1.53794;-1.53757;-1.5371;-1.5365;-1.53574;-1.53483;-1.53371;-1.53236;-1.53075;-1.52884;-1.52657;-1.52386;-1.52066;-1.51686;-1.51238;-1.50707;-1.5008;-1.49339;-1.48462;-1.47423;-1.4619;-1.44724;-1.42972;-1.40867
2;5764918660710;50;absz;84809.1;75930.9;67952.5;60825.6;54455.5;48731.1;43617.5;39042.8;34945.7;31273.2;27992.4;25052.1;22420.8;20067.5;17960.7;16074.8;14386.7;12875.8;11523.6;10313.4;9230.51;8260.52;7392.75;6615.89;5920.71;5298.47;4741.36;4242.72;3796.23;3396.75;3039.06;2718.82;2432.06;2175.4;1945.6;1739.89;1555.66;1390.69;1242.93;1110.62;992.106;886.005;790.991;705.948;629.935;562.005;501.439;447.632;400.087;358.438
2;5764918660710;50;frequency;20000.00000002444;22385.53853899816;25055.61678390222;28044.17375656954;31389.19662092121;35133.2035329932;39323.78408414649;44014.2042055669;49264.08322518227;55140.1516811012;61717.09952482729;69078.52549602467;77317.99973512921;86540.25314108083;96862.50859274992;108415.9709538568;121347.4948009008;135821.4510731415;152021.8163702936;170154.5114554648;190450.0186878266;213166.3116533389;238592.1342356312;267050.6708003728;298903.6541519141;334555.9634717432;374460.7706856584;419125.3006744233;469117.2785435782;525072.1459047724;587701.13789258;657800.3235824071;736260.7247225839;824079.6413975459;922373.3285811875;1032391.184709951;1155531.632626961;1293359.894754076;1447627.888434013;1620296.494325686;1813560.480908265;2029876.401899315;2271993.821195295;2542990.262224833;2846310.325953354;3185809.474764127;3565803.038745301;3991121.067296888;4467169.723268114;4999999.999999929
2;5764918660710;50;phasez;-1.54018;-1.53993;-1.53965;-1.53943;-1.53904;-1.5388;-1.53808;-1.53751;-1.5369;-1.53599;-1.53496;-1.53384;-1.53247;-1.53099;-1.52936;-1.52742;-1.5253;-1.5229;-1.52015;-1.51714;-1.51369;-1.50983;-1.50551;-1.50067;-1.49523;-1.48915;-1.48231;-1.47465;-1.46605;-1.45642;-1.44561;-1.43347;-1.41985;-1.40455;-1.38736;-1.36804;-1.34631;-1.32185;-1.29432;-1.26329;-1.22828;-1.18873;-1.144;-1.0933;-1.03571;-0.970201;-0.895472;-0.810053;-0.712221;-0.600002
3;5765235716914;20;absz;17486.6;14282.5;11658.9;9520.12;7773.94;6346.35;5181.43;4229.39;3452.07;2817.15;2298.01;1873.78;1527.36;1243.97;1012.27;822.807;667.953;541.681;439.325;357.55
3;5765235716914;20;frequency;99999.99999990905;122862.535599424;150952.0265389597;185463.4873444638;227865.1431623047;279960.8926363817;343967.05137965;422606.6409511731;519225.2346839865;637933.2888043621;783781.0140572543;962973.2274171232;1183133.324347452;1453627.601814205;1785963.729760951;2194280.323268956;2695948.443325946;3312310.615921419;4069588.809647371;4999999.999999929
3;5765235716914;20;phasez;-1.5285;-1.52529;-1.5212;-1.51612;-1.50981;-1.50195;-1.49226;-1.48024;-1.46537;-1.44695;-1.42413;-1.39588;-1.36082;-1.31723;-1.26295;-1.19504;-1.10958;-1.00144;-0.863333;-0.685659
