0;2987639540656;20;absz;1.71736e+08;1.24504e+08;9.0226e+07;6.54165e+07;4.74166e+07;3.43799e+07;2.49045e+07;1.8045e+07;1.30725e+07;9.46778e+06;6.85638e+06;4.9643e+06;3.5941e+06;2.60194e+06;1.88362e+06;1.36357e+06;987100;714538;517225;374387
0;2987639540656;20;frequency;9.999999974752427;13.86918846435492;19.23543905490988;26.67799336109056;37.00021196095804;51.31629158938722;71.17153245417285;98.70914048804025;136.9015682683994;189.8713664161278;263.3361782500288;365.2259113806622;506.5387032487934;702.5280792305466;974.3494403835484;1351.343611730726;1874.203936580443;2599.368780806799;3605.113577052066;4999.99999995282
0;2987639540656;20;phasez;-1.54254;-1.54341;-1.54371;-1.54457;-1.54515;-1.54567;-1.54663;-1.54722;-1.54787;-1.54834;-1.54863;-1.54871;-1.54853;-1.54805;-1.54718;-1.54584;-1.54384;-1.54101;-1.53699;-1.53139
1;2988411681227;50;absz;8.91845e+06;7.6132e+06;6.50176e+06;5.5557e+06;4.75113e+06;4.05603e+06;3.46335e+06;2.95924e+06;2.52534e+06;2.15788e+06;1.84218e+06;1.57411e+06;1.34415e+06;1.14801e+06;980427;837374;715227;610830;521664;445529;380511;324953;277517;237007;202414;172869;147633;126076;107670;91953;78524.9;67059.7;57266.5;48903.7;41760.3;35658.3;30446.3;25994.5;22192.1;18943.8;16168.2;13796.9;11770.5;10038.4;8557.47;7290.84;6206.75;5278.11;4481.95;3798.2
1;2988411681227;50;frequency;199.9999999213742;234.625769479635;275.2462588517801;322.8993264769997;378.802514688914;444.3841576318164;521.3198749487447;611.5753842550475;717.456725922716;841.6691823498468;987.3863981368913;1158.33146786315;1358.872060208682;1594.132014446359;1870.122253535556;2193.894364737048;2573.720768452858;3019.306079821149;3542.035062906734;4155.263512473084;4874.659497176026;5718.603679767398;6708.658946337209;7870.121340545211;9232.666380967203;10831.10727442716;12706.28439819177;14906.10877695531;17486.78621595445;20514.25336674129;24065.86241733066;28232.35745111674;33120.19296963342;38854.25382030405;45581.04601983359;53472.44000269313;62730.06193403319;73590.44528463698;86331.07429211862;101277.4737211686;118811.5260634959;139381.228686517;163512.140226203;191820.8086789974;225030.524286467;263989.7996954232;309694.0495706946;363311.0235703185;426210.642505751;499999.9999999716
1;2988411681227;50;phasez;-1.54954;-1.55095;-1.55023;-1.55043;-1.5503;-1.55058;-1.55026;-1.5507;-1.55119;-1.55126;-1.55146;-1.55116;-1.55109;-1.55118;-1.55115;-1.55117;-1.55113;-1.5511;-1.55102;-1.55094;-1.55083;-1.55066;-1.55046;-1.55023;-1.54994;-1.54962;-1.54916;-1.54867;-1.54806;-1.54733;-1.54648;-1.54547;-1.54428;-1.54288;-1.54123;-1.53929;-1.53701;-1.5343;-1.5311;-1.52732;-1.52284;-1.51754;-1.51126;-1.50382;-1.495;-1.48455;-1.47213;-1.45735;-1.43968;-1.41844
2;2989180598113;50;absz;94745.1;84782.9;75833.3;67821.5;60666.6;54254.9;48525.5;43394.3;38818.1;34719.4;31050.4;27766.2;24834.1;22210.3;19864.1;17764;15886.8;14206.9;12705.7;11361.7;10160.6;9086.18;8125.06;7265.54;6496.84;5809.34;5194.62;4644.68;4152.77;3712.87;3319.33;2967.49;2652.71;2371.13;2119.24;1893.99;1692.43;1512.1;1350.8;1206.46;1077.32;961.794;858.465;766.045;683.532;609.895;544.312;486.145;434.804;389.944
2;2989180598113;50;frequency;20000.00000002444;22385.53853899816;25055.61678390222;28044.17375656954;31389.19662092121;35133.2035329932;39323.78408414649;44014.2042055669;49264.08322518227;55140.1516811012;61717.09952482729;69078.52549602467;77317.99973512921;86540.25314108083;96862.50859274992;108415.9709538568;121347.4948009008;135821.4510731415;152021.8163702936;170154.5114554648;190450.0186878266;213166.3116533389;238592.1342356312;267050.6708003728;298903.6541519141;334555.9634717432;374460.7706856584;419125.3006744233;469117.2785435782;525072.1459047724;587701.13789258;657800.3235824071;736260.7247225839;824079.6413975459;922373.3285811875;1032391.184709951;1155531.632626961;1293359.894754076;1447627.888434013;1620296.494325686;1813560.480908265;2029876.401899315;2271993.821195295;2542990.262224833;2846310.325953354;3185809.474764127;3565803.038745301;3991121.067296888;4467169.723268114;4999999.999999929
2;2989180598113;50;phasez;-1.55073;-1.55077;-1.55032;-1.55025;-1.54976;-1.54924;-1.5486;-1.54786;-1.54726;-1.54642;-1.54543;-1.5443;-1.54296;-1.54146;-1.53984;-1.53788;-1.53579;-1.53333;-1.53066;-1.52758;-1.52415;-1.52023;-1.51585;-1.51099;-1.50551;-1.49933;-1.49241;-1.48462;-1.47591;-1.46612;-1.45515;-1.44284;-1.42901;-1.4135;-1.39608;-1.37651;-1.35453;-1.32981;-1.302;-1.27069;-1.2354;-1.19556;-1.15055;-1.09956;-1.04167;-0.975924;-0.900956;-0.815329;-0.717344;-0.605029
3;2989499388132;20;absz;19334.5;15770.4;12858.8;10482.4;8547.56;6968.43;5680.24;4630.53;3773.74;3075.46;2505.56;2040.66;1661.43;1351.97;1099.29;893.067;724.815;587.913;477.19;389.023
3;2989499388132;20;frequency;99999.99999990905;122862.535599424;150952.0265389597;185463.4873444638;227865.1431623047;279960.8926363817;343967.05137965;422606.6409511731;519225.2346839865;637933.2888043621;783781.0140572543;962973.2274171232;1183133.324347452;1453627.601814205;1785963.729760951;2194280.323268956;2695948.443325946;3312310.615921419;4069588.809647371;4999999.999999929
3;2989499388132;20;phasez;-1.53896;-1.53576;-1.53171;-1.52654;-1.52017;-1.51227;-1.50242;-1.49018;-1.47507;-1.45635;-1.43316;-1.40449;-1.36897;-1.3249;-1.27008;-1.20165;-1.11566;-1.00705;-0.868538;-0.690643
