0;9892477915513;20;absz;1.36104e+08;9.92651e+07;7.23313e+07;5.26968e+07;3.83747e+07;2.79387e+07;2.03275e+07;1.47892e+07;1.07572e+07;7.8234e+06;5.68797e+06;4.13485e+06;3.00526e+06;2.18395e+06;1.58684e+06;1.15285e+06;837392;608181;441647;320651
0;9892477915513;20;frequency;9.999999974752427;13.86918846435492;19.23543905490988;26.67799336109056;37.00021196095804;51.31629158938722;71.17153245417285;98.70914048804025;136.9015682683994;189.8713664161278;263.3361782500288;365.2259113806622;506.5387032487934;702.5280792305466;974.3494403835484;1351.343611730726;1874.203936580443;2599.368780806799;3605.113577052066;4999.99999995282
0;9892477915513;20;phasez;-1.50972;-1.51401;-1.51687;-1.51919;-1.5216;-1.52374;-1.52513;-1.52639;-1.52751;-1.52852;-1.52926;-1.52982;-1.53014;-1.53019;-1.52985;-1.52903;-1.52756;-1.52523;-1.52172;-1.51656
1;9893247893552;50;absz;7.37125e+06;6.31573e+06;5.40236e+06;4.62066e+06;3.9556e+06;3.38546e+06;2.89714e+06;2.47921e+06;2.12057e+06;1.81412e+06;1.55269e+06;1.32855e+06;1.13645e+06;972201;831788;711567;608677;520656;445344;380953;325836;278681;238346;203849;174331;149092;127501;109032;93238.3;79730.2;68178.3;58298.4;49850;42625.1;36446.5;31162.5;26642.2;22777.5;19471.5;16644;14224.8;12155;10383.9;8867.86;7569.96;6458.04;5505.25;4687.83;3985.95;3382.26
1;9893247893552;50;frequency;199.9999999213742;234.625769479635;275.2462588517801;322.8993264769997;378.802514688914;444.3841576318164;521.3198749487447;611.5753842550475;717.456725922716;841.6691823498468;987.3863981368913;1158.33146786315;1358.872060208682;1594.132014446359;1870.122253535556;2193.894364737048;2573.720768452858;3019.306079821149;3542.035062906734;4155.263512473084;4874.659497176026;5718.603679767398;6708.658946337209;7870.121340545211;9232.666380967203;10831.10727442716;12706.28439819177;14906.10877695531;17486.78621595445;20514.25336674129;24065.86241733066;28232.35745111674;33120.19296963342;38854.25382030405;45581.04601983359;53472.44000269313;62730.06193403319;73590.44528463698;86331.07429211862;101277.4737211686;118811.5260634959;139381.228686517;163512.140226203;191820.8086789974;225030.524286467;263989.7996954232;309694.0495706946;363311.0235703185;426210.642505751;499999.9999999716
1;9893247893552;50;phasez;-1.52985;-1.53009;-1.53113;-1.53024;-1.53057;-1.53311;-1.53271;-1.53284;-1.53288;-1.53349;-1.53364;-1.53392;-1.53432;-1.53469;-1.53488;-1.53517;-1.53535;-1.53554;-1.53572;-1.53588;-1.53596;-1.53601;-1.53601;-1.536;-1.53587;-1.53568;-1.5354;-1.53502;-1.53453;-1.5339;-1.53315;-1.5322;-1.53106;-1.52969;-1.52807;-1.52615;-1.52387;-1.52116;-1.51797;-1.51419;-1.50973;-1.50445;-1.4982;-1.49082;-1.48206;-1.47168;-1.45935;-1.44466;-1.4271;-1.406
2;9894019076478;50;absz;82096.2;73514.4;65826;58942.8;52760.5;47225.8;42291.7;37858.5;33888.8;30335;27158.4;24309.7;21763.2;19480.9;17439.3;15611.4;13974.8;12510.1;11198.8;10024.1;8973.12;8031.61;7189.01;6434.52;5759.28;5154.89;4613.59;4129.05;3695.27;3306.88;2959.16;2647.76;2368.98;2119.36;1895.87;1695.7;1516.42;1355.87;1212.05;1083.24;967.819;864.46;771.88;688.978;614.854;548.606;489.494;436.968;390.524;349.833
2;9894019076478;50;frequency;20000.00000002444;22385.53853899816;25055.61678390222;28044.17375656954;31389.19662092121;35133.2035329932;39323.78408414649;44014.2042055669;49264.08322518227;55140.1516811012;61717.09952482729;69078.52549602467;77317.99973512921;86540.25314108083;96862.50859274992;108415.9709538568;121347.4948009008;135821.4510731415;152021.8163702936;170154.5114554648;190450.0186878266;213166.3116533389;238592.1342356312;267050.6708003728;298903.6541519141;334555.9634717432;374460.7706856584;419125.3006744233;469117.2785435782;525072.1459047724;587701.13789258;657800.3235824071;736260.7247225839;824079.6413975459;922373.3285811875;1032391.184709951;1155531.632626961;1293359.894754076;1447627.888434013;1620296.494325686;1813560.480908265;2029876.401899315;2271993.821195295;2542990.262224833;2846310.325953354;3185809.474764127;3565803.038745301;3991121.067296888;4467169.723268114;4999999.999999929
2;9894019076478;50;phasez;-1.53767;-1.53746;-1.5372;-1.53669;-1.5365;-1.53604;-1.53544;-1.53485;-1.53416;-1.5332;-1.53221;-1.53113;-1.52985;-1.52834;-1.52675;-1.52479;-1.52265;-1.52025;-1.5176;-1.51453;-1.51114;-1.50726;-1.50296;-1.49812;-1.49269;-1.48658;-1.47973;-1.47205;-1.46343;-1.45375;-1.4429;-1.43072;-1.41705;-1.40168;-1.38443;-1.36506;-1.34327;-1.31876;-1.29117;-1.26007;-1.22501;-1.18539;-1.1406;-1.08982;-1.03214;-0.966549;-0.891702;-0.806143;-0.708139;-0.595704
3;9894335696027;20;absz;16976.9;13870.2;11327.8;9252.55;7558.01;6172.03;5040.58;4115.73;3360.37;2743.12;2238.41;1825.85;1488.78;1212.96;987.401;802.837;651.892;528.755;428.838;348.964
3;9894335696027;20;frequency;99999.99999990905;122862.535599424;150952.0265389597;185463.4873444638;227865.1431623047;279960.8926363817;343967.05137965;422606.6409511731;519225.2346839865;637933.2888043621;783781.0140572543;962973.2274171232;1183133.324347452;1453627.601814205;1785963.729760951;2194280.323268956;2695948.443325946;3312310.615921419;4069588.809647371;4999999.999999929
3;9894335696027;20;phasez;-1.5258;-1.52261;-1.51859;-1.51353;-1.50725;-1.49945;-1.48969;-1.47763;-1.4627;-1.4442;-1.42129;-1.39294;-1.35776;-1.31408;-1.25966;-1.19164;-1.10606;-0.997735;-0.859373;-0.68134
