0;8285419201530;20;absz;1.36895e+08;9.98118e+07;7.27611e+07;5.29971e+07;3.85927e+07;2.80832e+07;2.0435e+07;1.48672e+07;1.08113e+07;7.86134e+06;5.7152e+06;4.15413e+06;3.01905e+06;2.19382e+06;1.59395e+06;1.158e+06;841124;610869;443573;322031
0;8285419201530;20;frequency;9.999999974752427;13.86918846435492;19.23543905490988;26.67799336109056;37.00021196095804;51.31629158938722;71.17153245417285;98.70914048804025;136.9015682683994;189.8713664161278;263.3361782500288;365.2259113806622;506.5387032487934;702.5280792305466;974.3494403835484;1351.343611730726;1874.203936580443;2599.368780806799;3605.113577052066;4999.99999995282
0;8285419201530;20;phasez;-1.51133;-1.51473;-1.5175;-1.52005;-1.52223;-1.52372;-1.52575;-1.52708;-1.52823;-1.52909;-1.52977;-1.53026;-1.53052;-1.53048;-1.53011;-1.52926;-1.5278;-1.5255;-1.52201;-1.51689
1;8286187344050;50;absz;7.41364e+06;6.34589e+06;5.42783e+06;4.6505e+06;3.9761e+06;3.39898e+06;2.90947e+06;2.4897e+06;2.13069e+06;1.8227e+06;1.55953e+06;1.33415e+06;1.14156e+06;976523;835450;714725;611412;522932;447284;382591;327232;279861;239352;204694;175053;149703;128018;109472;93612.8;80046.6;68446.9;58526.6;50043.8;42789.7;36586.3;31281;26743.5;22862.1;19543.5;16704.5;14275.9;12198.2;10420.2;8898.5;7595.59;6479.9;5523.58;4703.25;3998.93;3393.19
1;8286187344050;50;frequency;199.9999999213742;234.625769479635;275.2462588517801;322.8993264769997;378.802514688914;444.3841576318164;521.3198749487447;611.5753842550475;717.456725922716;841.6691823498468;987.3863981368913;1158.33146786315;1358.872060208682;1594.132014446359;1870.122253535556;2193.894364737048;2573.720768452858;3019.306079821149;3542.035062906734;4155.263512473084;4874.659497176026;5718.603679767398;6708.658946337209;7870.121340545211;9232.666380967203;10831.10727442716;12706.28439819177;14906.10877695531;17486.78621595445;20514.25336674129;24065.86241733066;28232.35745111674;33120.19296963342;38854.25382030405;45581.04601983359;53472.44000269313;62730.06193403319;73590.44528463698;86331.07429211862;101277.4737211686;118811.5260634959;139381.228686517;163512.140226203;191820.8086789974;225030.524286467;263989.7996954232;309694.0495706946;363311.0235703185;426210.642505751;499999.9999999716
1;8286187344050;50;phasez;-1.52986;-1.53069;-1.53045;-1.5322;-1.53274;-1.53229;-1.53256;-1.53316;-1.53321;-1.53378;-1.53405;-1.53423;-1.53465;-1.53487;-1.53512;-1.53542;-1.53558;-1.53576;-1.53606;-1.53615;-1.53625;-1.53634;-1.53634;-1.53631;-1.53621;-1.53602;-1.53575;-1.53537;-1.53487;-1.53423;-1.53347;-1.53252;-1.53138;-1.53002;-1.5284;-1.52649;-1.52422;-1.52153;-1.51835;-1.51459;-1.51013;-1.50486;-1.49862;-1.49122;-1.48246;-1.47208;-1.45974;-1.44505;-1.42749;-1.40639
2;8286955436160;50;absz;82472.9;73834.3;66108.1;59187.1;52985.5;47426.9;42460.9;38014.2;34029;30460.8;27267.3;24411.4;21850;19559.5;17508.7;15673.1;14029.1;12558.3;11240.8;10061.9;9006.14;8061.2;7215.07;6458.14;5780;5173.19;4629.94;4143.56;3708.15;3318.32;2969.34;2656.8;2377.02;2126.47;1902.19;1701.3;1521.41;1360.26;1215.93;1086.66;970.86;867.147;774.263;691.084;616.724;550.254;490.97;438.287;391.706;350.892
2;8286955436160;50;frequency;20000.00000002444;22385.53853899816;25055.61678390222;28044.17375656954;31389.19662092121;35133.2035329932;39323.78408414649;44014.2042055669;49264.08322518227;55140.1516811012;61717.09952482729;69078.52549602467;77317.99973512921;86540.25314108083;96862.50859274992;108415.9709538568;121347.4948009008;135821.4510731415;152021.8163702936;170154.5114554648;190450.0186878266;213166.3116533389;238592.1342356312;267050.6708003728;298903.6541519141;334555.9634717432;374460.7706856584;419125.3006744233;469117.2785435782;525072.1459047724;587701.13789258;657800.3235824071;736260.7247225839;824079.6413975459;922373.3285811875;1032391.184709951;1155531.632626961;1293359.894754076;1447627.888434013;1620296.494325686;1813560.480908265;2029876.401899315;2271993.821195295;2542990.262224833;2846310.325953354;3185809.474764127;3565803.038745301;3991121.067296888;4467169.723268114;4999999.999999929
2;8286955436160;50;phasez;-1.53815;-1.53745;-1.53737;-1.53703;-1.53679;-1.53613;-1.53576;-1.53514;-1.53439;-1.53347;-1.53257;-1.53152;-1.53024;-1.52878;-1.52707;-1.52521;-1.52311;-1.52069;-1.518;-1.51494;-1.51151;-1.50766;-1.50338;-1.49853;-1.49308;-1.48697;-1.48012;-1.47244;-1.46381;-1.45413;-1.44328;-1.4311;-1.41743;-1.40208;-1.38483;-1.36546;-1.34367;-1.31917;-1.29159;-1.26049;-1.22543;-1.18582;-1.14103;-1.09026;-1.03256;-0.966967;-0.892124;-0.806568;-0.708565;-0.596138
3;8287271510078;20;absz;17048.1;13928.4;11374.4;9289.46;7587.83;6195.53;5059.51;4131.15;3372.67;2752.94;2246.39;1832.21;1493.88;1217.04;990.655;805.423;653.969;530.418;430.185;350.062
3;8287271510078;20;frequency;99999.99999990905;122862.535599424;150952.0265389597;185463.4873444638;227865.1431623047;279960.8926363817;343967.05137965;422606.6409511731;519225.2346839865;637933.2888043621;783781.0140572543;962973.2274171232;1183133.324347452;1453627.601814205;1785963.729760951;2194280.323268956;2695948.443325946;3312310.615921419;4069588.809647371;4999999.999999929
3;8287271510078;20;phasez;-1.52622;-1.523;-1.519;-1.51393;-1.50764;-1.49979;-1.49009;-1.47802;-1.46307;-1.44457;-1.42167;-1.39331;-1.35815;-1.31447;-1.26007;-1.19203;-1.10645;-0.998113;-0.859755;-0.681749
