0;6201337547738;20;absz;1.41026e+08;1.02648e+08;7.47435e+07;5.4412e+07;3.95846e+07;2.87823e+07;2.09396e+07;1.52244e+07;1.10679e+07;8.04564e+06;5.84763e+06;4.24948e+06;3.08782e+06;2.24337e+06;1.62955e+06;1.18351e+06;859392;623920;452907;328705
0;6201337547738;20;frequency;9.999999974752427;13.86918846435492;19.23543905490988;26.67799336109056;37.00021196095804;51.31629158938722;71.17153245417285;98.70914048804025;136.9015682683994;189.8713664161278;263.3361782500288;365.2259113806622;506.5387032487934;702.5280792305466;974.3494403835484;1351.343611730726;1874.203936580443;2599.368780806799;3605.113577052066;4999.99999995282
0;6201337547738;20;phasez;-1.51868;-1.52086;-1.52305;-1.5247;-1.52598;-1.5279;-1.52856;-1.52959;-1.53032;-1.53092;-1.5314;-1.53172;-1.53188;-1.53185;-1.5315;-1.53071;-1.52927;-1.52699;-1.52349;-1.51834
1;6202108676819;50;absz;7.59139e+06;6.50241e+06;5.5629e+06;4.75101e+06;4.06535e+06;3.47647e+06;2.97688e+06;2.54652e+06;2.17849e+06;1.86384e+06;1.59389e+06;1.36417e+06;1.16669e+06;997945;853606;730090;624428;534026;456698;390563;334006;285606;244237;208846;178579;152692;130560;111629;95442;81600.6;69763.7;59643.6;50989.7;43591.1;37264.8;31855;27229.8;23274.3;19892;16999.5;14525.6;12409.4;10598.8;9049.62;7723.7;6588.24;5615.21;4780.81;4064.3;3448.21
1;6202108676819;50;frequency;199.9999999213742;234.625769479635;275.2462588517801;322.8993264769997;378.802514688914;444.3841576318164;521.3198749487447;611.5753842550475;717.456725922716;841.6691823498468;987.3863981368913;1158.33146786315;1358.872060208682;1594.132014446359;1870.122253535556;2193.894364737048;2573.720768452858;3019.306079821149;3542.035062906734;4155.263512473084;4874.659497176026;5718.603679767398;6708.658946337209;7870.121340545211;9232.666380967203;10831.10727442716;12706.28439819177;14906.10877695531;17486.78621595445;20514.25336674129;24065.86241733066;28232.35745111674;33120.19296963342;38854.25382030405;45581.04601983359;53472.44000269313;62730.06193403319;73590.44528463698;86331.07429211862;101277.4737211686;118811.5260634959;139381.228686517;163512.140226203;191820.8086789974;225030.524286467;263989.7996954232;309694.0495706946;363311.0235703185;426210.642505751;499999.9999999716
1;6202108676819;50;phasez;-1.53104;-1.53084;-1.53236;-1.53383;-1.53321;-1.5337;-1.53386;-1.53441;-1.5349;-1.5352;-1.53548;-1.53555;-1.53607;-1.53636;-1.53663;-1.53689;-1.53707;-1.53732;-1.53747;-1.53765;-1.53772;-1.5378;-1.53782;-1.53776;-1.53766;-1.53748;-1.53722;-1.53686;-1.53638;-1.53579;-1.53504;-1.5341;-1.533;-1.53164;-1.53004;-1.52813;-1.52586;-1.52317;-1.51998;-1.51619;-1.51172;-1.50642;-1.50015;-1.49274;-1.48396;-1.47356;-1.46123;-1.44655;-1.42901;-1.40794
2;6202877471681;50;absz;84111.8;75264.9;67365.7;60321;53988;48328.2;43255.3;38725;34658.4;31019.4;27766.1;24851.3;22243.5;19909.2;17819.4;15948.5;14275.2;12776.7;11434.9;10234.8;9159.92;8197.85;7336.8;6566.2;5876.43;5259.01;4706.35;4211.58;3768.64;3372.12;3017.15;2699.37;2414.88;2160.17;1932.09;1727.86;1544.96;1381.23;1234.55;1103.15;985.481;880.135;785.784;701.295;625.809;558.33;498.16;444.703;397.453;356.069
2;6202877471681;50;frequency;20000.00000002444;22385.53853899816;25055.61678390222;28044.17375656954;31389.19662092121;35133.2035329932;39323.78408414649;44014.2042055669;49264.08322518227;55140.1516811012;61717.09952482729;69078.52549602467;77317.99973512921;86540.25314108083;96862.50859274992;108415.9709538568;121347.4948009008;135821.4510731415;152021.8163702936;170154.5114554648;190450.0186878266;213166.3116533389;238592.1342356312;267050.6708003728;298903.6541519141;334555.9634717432;374460.7706856584;419125.3006744233;469117.2785435782;525072.1459047724;587701.13789258;657800.3235824071;736260.7247225839;824079.6413975459;922373.3285811875;1032391.184709951;1155531.632626961;1293359.894754076;1447627.888434013;1620296.494325686;1813560.480908265;2029876.401899315;2271993.821195295;2542990.262224833;2846310.325953354;3185809.474764127;3565803.038745301;3991121.067296888;4467169.723268114;4999999.999999929
2;6202877471681;50;phasez;-1.53954;-1.53939;-1.5389;-1.53882;-1.53835;-1.53793;-1.5375;-1.53677;-1.53608;-1.53526;-1.53428;-1.53312;-1.5318;-1.53038;-1.52869;-1.5268;-1.52461;-1.52226;-1.51955;-1.51649;-1.51305;-1.50917;-1.50485;-1.5;-1.49456;-1.48846;-1.48162;-1.47395;-1.46534;-1.45569;-1.44486;-1.43272;-1.41907;-1.40376;-1.38656;-1.36721;-1.34548;-1.32102;-1.29347;-1.26243;-1.22741;-1.18785;-1.14311;-1.0924;-1.03477;-0.96925;-0.894488;-0.809031;-0.711144;-0.598858
3;6203197275583;20;absz;17350.3;14171.6;11570.7;9448.32;7715.4;6299.08;5143.21;4198.7;3427.19;2797.12;2281.95;1860.87;1516.95;1235.61;1005.57;817.411;663.62;538.184;436.483;355.217
3;6203197275583;20;frequency;99999.99999990905;122862.535599424;150952.0265389597;185463.4873444638;227865.1431623047;279960.8926363817;343967.05137965;422606.6409511731;519225.2346839865;637933.2888043621;783781.0140572543;962973.2274171232;1183133.324347452;1453627.601814205;1785963.729760951;2194280.323268956;2695948.443325946;3312310.615921419;4069588.809647371;4999999.999999929
3;6203197275583;20;phasez;-1.52787;-1.52455;-1.52059;-1.51546;-1.50915;-1.5013;-1.49156;-1.47953;-1.46462;-1.44618;-1.42334;-1.39506;-1.35998;-1.31638;-1.26207;-1.19414;-1.10866;-1.00046;-0.862281;-0.684526
