0;9426595577899;20;absz;1.36252e+08;9.9366e+07;7.24058e+07;5.2752e+07;3.84088e+07;2.79701e+07;2.03488e+07;1.48041e+07;1.07675e+07;7.83026e+06;5.69325e+06;4.13867e+06;3.01077e+06;2.18591e+06;1.58822e+06;1.15384e+06;838125;608702;442019;320917
0;9426595577899;20;frequency;9.999999974752427;13.86918846435492;19.23543905490988;26.67799336109056;37.00021196095804;51.31629158938722;71.17153245417285;98.70914048804025;136.9015682683994;189.8713664161278;263.3361782500288;365.2259113806622;506.5387032487934;702.5280792305466;974.3494403835484;1351.343611730726;1874.203936580443;2599.368780806799;3605.113577052066;4999.99999995282
0;9426595577899;20;phasez;-1.51125;-1.51422;-1.51687;-1.51943;-1.52162;-1.52375;-1.52512;-1.52653;-1.5276;-1.52859;-1.52936;-1.52989;-1.53005;-1.53024;-1.5299;-1.52907;-1.5276;-1.52527;-1.52176;-1.51662
1;9427365831474;50;absz;7.37313e+06;6.31902e+06;5.40974e+06;4.62609e+06;3.96072e+06;3.39156e+06;2.89923e+06;2.48026e+06;2.12302e+06;1.81643e+06;1.55414e+06;1.32962e+06;1.13734e+06;973086;832441;712145;609165;521101;445750;381265;326110;278912;238552;204015;174479;149211;127605;109121;93312.5;79794.7;68232.9;58344.5;49890.2;42659.2;36475.2;31186.3;26663.5;22795.3;19486.3;16656.3;14235.1;12163.7;10391.1;8873.91;7574.94;6462.27;5508.8;4690.92;3988.49;3384.43
1;9427365831474;50;frequency;199.9999999213742;234.625769479635;275.2462588517801;322.8993264769997;378.802514688914;444.3841576318164;521.3198749487447;611.5753842550475;717.456725922716;841.6691823498468;987.3863981368913;1158.33146786315;1358.872060208682;1594.132014446359;1870.122253535556;2193.894364737048;2573.720768452858;3019.306079821149;3542.035062906734;4155.263512473084;4874.659497176026;5718.603679767398;6708.658946337209;7870.121340545211;9232.666380967203;10831.10727442716;12706.28439819177;14906.10877695531;17486.78621595445;20514.25336674129;24065.86241733066;28232.35745111674;33120.19296963342;38854.25382030405;45581.04601983359;53472.44000269313;62730.06193403319;73590.44528463698;86331.07429211862;101277.4737211686;118811.5260634959;139381.228686517;163512.140226203;191820.8086789974;225030.524286467;263989.7996954232;309694.0495706946;363311.0235703185;426210.642505751;499999.9999999716
1;9427365831474;50;phasez;-1.5299;-1.53075;-1.53013;-1.53071;-1.5321;-1.53103;-1.53265;-1.53282;-1.53285;-1.53384;-1.53393;-1.53431;-1.53451;-1.53458;-1.53497;-1.53514;-1.5354;-1.53559;-1.53576;-1.53588;-1.536;-1.53607;-1.53609;-1.53604;-1.53592;-1.53574;-1.53547;-1.53509;-1.5346;-1.53397;-1.53321;-1.53226;-1.53112;-1.52975;-1.52813;-1.52621;-1.52393;-1.52124;-1.51805;-1.51428;-1.50981;-1.50454;-1.49829;-1.4909;-1.48213;-1.47175;-1.45941;-1.44472;-1.42716;-1.40606
2;9428133221448;50;absz;82207.1;73590.8;65895.2;58997.3;52809;47277.1;42321.7;37892.8;33921.4;30367.4;27182.1;24333.8;21783.4;19498.6;17456.5;15625.5;13987.2;12521.3;11208.2;10032.7;8980.36;8038.25;7194.87;6440.06;5764.12;5159.08;4617.3;4132.39;3698.13;3309.54;2961.53;2649.92;2370.87;2121.05;1897.35;1697.04;1517.61;1356.91;1212.98;1084.05;968.563;865.121;772.473;689.492;615.304;548.992;489.847;437.283;390.807;350.085
2;9428133221448;50;frequency;20000.00000002444;22385.53853899816;25055.61678390222;28044.17375656954;31389.19662092121;35133.2035329932;39323.78408414649;44014.2042055669;49264.08322518227;55140.1516811012;61717.09952482729;69078.52549602467;77317.99973512921;86540.25314108083;96862.50859274992;108415.9709538568;121347.4948009008;135821.4510731415;152021.8163702936;170154.5114554648;190450.0186878266;213166.3116533389;238592.1342356312;267050.6708003728;298903.6541519141;334555.9634717432;374460.7706856584;419125.3006744233;469117.2785435782;525072.1459047724;587701.13789258;657800.3235824071;736260.7247225839;824079.6413975459;922373.3285811875;1032391.184709951;1155531.632626961;1293359.894754076;1447627.888434013;1620296.494325686;1813560.480908265;2029876.401899315;2271993.821195295;2542990.262224833;2846310.325953354;3185809.474764127;3565803.038745301;3991121.067296888;4467169.723268114;4999999.999999929
2;9428133221448;50;phasez;-1.5374;-1.53745;-1.53729;-1.53672;-1.53633;-1.53611;-1.53556;-1.53487;-1.53414;-1.53336;-1.53228;-1.53119;-1.52988;-1.52836;-1.52678;-1.5249;-1.52274;-1.52035;-1.51765;-1.51461;-1.51121;-1.50733;-1.50303;-1.4982;-1.49276;-1.48664;-1.47979;-1.47211;-1.46349;-1.45381;-1.44296;-1.43077;-1.4171;-1.40175;-1.3845;-1.36514;-1.34334;-1.31883;-1.29125;-1.26016;-1.22509;-1.18548;-1.14068;-1.08993;-1.03224;-0.966644;-0.891803;-0.806241;-0.708245;-0.595823
3;9428453267706;20;absz;16992.2;13882.6;11338.2;9261.14;7564.99;6177.23;5044.96;4119.29;3363.19;2745.4;2240.26;1827.35;1489.95;1213.91;988.145;803.437;652.386;529.145;429.157;349.214
3;9428453267706;20;frequency;99999.99999990905;122862.535599424;150952.0265389597;185463.4873444638;227865.1431623047;279960.8926363817;343967.05137965;422606.6409511731;519225.2346839865;637933.2888043621;783781.0140572543;962973.2274171232;1183133.324347452;1453627.601814205;1785963.729760951;2194280.323268956;2695948.443325946;3312310.615921419;4069588.809647371;4999999.999999929
3;9428453267706;20;phasez;-1.52589;-1.52271;-1.51866;-1.51366;-1.50729;-1.4995;-1.48975;-1.47769;-1.46274;-1.44424;-1.42135;-1.39299;-1.35782;-1.31414;-1.25974;-1.1917;-1.10613;-0.997798;-0.85944;-0.681418
