0;6893098544101;20;absz;1.39143e+08;1.01385e+08;7.38271e+07;5.37591e+07;3.91166e+07;2.84637e+07;2.07007e+07;1.50522e+07;1.0945e+07;7.95684e+06;5.78341e+06;4.20332e+06;3.05433e+06;2.21916e+06;1.61217e+06;1.17101e+06;850436;617514;448307;325401
0;6893098544101;20;frequency;9.999999974752427;13.86918846435492;19.23543905490988;26.67799336109056;37.00021196095804;51.31629158938722;71.17153245417285;98.70914048804025;136.9015682683994;189.8713664161278;263.3361782500288;365.2259113806622;506.5387032487934;702.5280792305466;974.3494403835484;1351.343611730726;1874.203936580443;2599.368780806799;3605.113577052066;4999.99999995282
0;6893098544101;20;phasez;-1.51591;-1.51859;-1.5209;-1.52266;-1.52453;-1.52657;-1.52742;-1.52857;-1.52949;-1.53024;-1.53082;-1.53121;-1.53141;-1.53134;-1.53096;-1.53011;-1.52869;-1.52641;-1.52294;-1.51782
1;6893869954423;50;absz;7.50923e+06;6.40979e+06;5.48925e+06;4.70002e+06;4.02167e+06;3.44028e+06;2.94387e+06;2.51814e+06;2.15561e+06;1.84348e+06;1.57709e+06;1.34982e+06;1.1546e+06;987534;844799;722582;617993;528599;452084;386643;330665;282775;241805;206778;176812;151193;129278;110540;94516.7;80813.2;69098.1;59077.9;50511.4;43186;36921.8;31565.6;26984.7;23067.1;19717;16851.1;14399.8;12302.9;10508.9;8973.53;7659.26;6533.5;5568.94;4741.61;4031.25;3420.4
1;6893869954423;50;frequency;199.9999999213742;234.625769479635;275.2462588517801;322.8993264769997;378.802514688914;444.3841576318164;521.3198749487447;611.5753842550475;717.456725922716;841.6691823498468;987.3863981368913;1158.33146786315;1358.872060208682;1594.132014446359;1870.122253535556;2193.894364737048;2573.720768452858;3019.306079821149;3542.035062906734;4155.263512473084;4874.659497176026;5718.603679767398;6708.658946337209;7870.121340545211;9232.666380967203;10831.10727442716;12706.28439819177;14906.10877695531;17486.78621595445;20514.25336674129;24065.86241733066;28232.35745111674;33120.19296963342;38854.25382030405;45581.04601983359;53472.44000269313;62730.06193403319;73590.44528463698;86331.07429211862;101277.4737211686;118811.5260634959;139381.228686517;163512.140226203;191820.8086789974;225030.524286467;263989.7996954232;309694.0495706946;363311.0235703185;426210.642505751;499999.9999999716
1;6893869954423;50;phasez;-1.53045;-1.53197;-1.53317;-1.53162;-1.53258;-1.53326;-1.53269;-1.53444;-1.53414;-1.53452;-1.53475;-1.53491;-1.53551;-1.53584;-1.53598;-1.53634;-1.53648;-1.53673;-1.53698;-1.53709;-1.53721;-1.5373;-1.53731;-1.53726;-1.53716;-1.53694;-1.53665;-1.53626;-1.53575;-1.5351;-1.53432;-1.53337;-1.53222;-1.53085;-1.52923;-1.52732;-1.52505;-1.52236;-1.51918;-1.51542;-1.51096;-1.50568;-1.49944;-1.49204;-1.48328;-1.47289;-1.46056;-1.44588;-1.42834;-1.40726
2;6894637854266;50;absz;83262.2;74515.2;66718.8;59736.8;53471.1;47869.1;42856.3;38356.3;34332.9;30735.6;27511.3;24624.9;22042.5;19729.5;17660.6;15807.7;14149.6;12664.6;11335.7;10146;9081.17;8128.01;7274.76;6510.54;5826.97;5214.93;4667.01;4176.6;3737.41;3344.39;2992.51;2677.41;2395.34;2142.77;1916.63;1714.16;1532.79;1370.36;1224.88;1094.58;977.893;873.384;779.782;695.966;621.069;554.1;494.391;441.334;394.419;353.337
2;6894637854266;50;frequency;20000.00000002444;22385.53853899816;25055.61678390222;28044.17375656954;31389.19662092121;35133.2035329932;39323.78408414649;44014.2042055669;49264.08322518227;55140.1516811012;61717.09952482729;69078.52549602467;77317.99973512921;86540.25314108083;96862.50859274992;108415.9709538568;121347.4948009008;135821.4510731415;152021.8163702936;170154.5114554648;190450.0186878266;213166.3116533389;238592.1342356312;267050.6708003728;298903.6541519141;334555.9634717432;374460.7706856584;419125.3006744233;469117.2785435782;525072.1459047724;587701.13789258;657800.3235824071;736260.7247225839;824079.6413975459;922373.3285811875;1032391.184709951;1155531.632626961;1293359.894754076;1447627.888434013;1620296.494325686;1813560.480908265;2029876.401899315;2271993.821195295;2542990.262224833;2846310.325953354;3185809.474764127;3565803.038745301;3991121.067296888;4467169.723268114;4999999.999999929
2;6894637854266;50;phasez;-1.53873;-1.53829;-1.5382;-1.53798;-1.53768;-1.53701;-1.53674;-1.53606;-1.53538;-1.53446;-1.53347;-1.53234;-1.53104;-1.52956;-1.52785;-1.52609;-1.52393;-1.52152;-1.5188;-1.51578;-1.51231;-1.50849;-1.50417;-1.49934;-1.49389;-1.4878;-1.48096;-1.47327;-1.46467;-1.455;-1.44417;-1.43201;-1.41836;-1.40304;-1.38582;-1.36647;-1.34473;-1.32025;-1.2927;-1.26164;-1.22661;-1.18704;-1.14228;-1.09156;-1.03391;-0.968364;-0.893578;-0.808093;-0.710179;-0.597848
3;6894955615618;20;absz;17193.7;14043.9;11467.8;9365.32;7648.94;6245.18;5099.48;4163.29;3398.74;2773.98;2263.26;1845.83;1504.84;1225.84;997.69;811.085;658.497;534.051;433.118;352.454
3;6894955615618;20;frequency;99999.99999990905;122862.535599424;150952.0265389597;185463.4873444638;227865.1431623047;279960.8926363817;343967.05137965;422606.6409511731;519225.2346839865;637933.2888043621;783781.0140572543;962973.2274171232;1183133.324347452;1453627.601814205;1785963.729760951;2194280.323268956;2695948.443325946;3312310.615921419;4069588.809647371;4999999.999999929
3;6894955615618;20;phasez;-1.52693;-1.52387;-1.51982;-1.5148;-1.50848;-1.50064;-1.49089;-1.47886;-1.46395;-1.44549;-1.42262;-1.39434;-1.35922;-1.31561;-1.26128;-1.19332;-1.10783;-0.999585;-0.861358;-0.683533
