0;9024780048515;20;absz;1.36464e+08;9.94968e+07;7.25034e+07;5.28114e+07;3.84615e+07;2.79883e+07;2.03736e+07;1.48229e+07;1.07801e+07;7.83926e+06;5.69947e+06;4.14303e+06;3.01106e+06;2.18812e+06;1.58986e+06;1.15503e+06;838957;609305;442445;321221
0;9024780048515;20;frequency;9.999999974752427;13.86918846435492;19.23543905490988;26.67799336109056;37.00021196095804;51.31629158938722;71.17153245417285;98.70914048804025;136.9015682683994;189.8713664161278;263.3361782500288;365.2259113806622;506.5387032487934;702.5280792305466;974.3494403835484;1351.343611730726;1874.203936580443;2599.368780806799;3605.113577052066;4999.99999995282
0;9024780048515;20;phasez;-1.51089;-1.5138;-1.51716;-1.51956;-1.5219;-1.52417;-1.52528;-1.52662;-1.52777;-1.52871;-1.52951;-1.53001;-1.53031;-1.53034;-1.52998;-1.52917;-1.5277;-1.52538;-1.52187;-1.51672
1;9025548326356;50;absz;7.37388e+06;6.32827e+06;5.40866e+06;4.63786e+06;3.96564e+06;3.39032e+06;2.90338e+06;2.48157e+06;2.12527e+06;1.81796e+06;1.55566e+06;1.33076e+06;1.13861e+06;973990;833343;712875;609798;521606;446192;381630;326399;279166;238759;204195;174628;149342;127711;109214;93391.9;79861.2;68290.7;58394.4;49931.1;42694;36505.3;31212.2;26685.6;22813.9;19502.5;16669.8;14246.4;12173.2;10399.2;8880.48;7580.63;6467.16;5512.84;4694.31;3991.4;3386.87
1;9025548326356;50;frequency;199.9999999213742;234.625769479635;275.2462588517801;322.8993264769997;378.802514688914;444.3841576318164;521.3198749487447;611.5753842550475;717.456725922716;841.6691823498468;987.3863981368913;1158.33146786315;1358.872060208682;1594.132014446359;1870.122253535556;2193.894364737048;2573.720768452858;3019.306079821149;3542.035062906734;4155.263512473084;4874.659497176026;5718.603679767398;6708.658946337209;7870.121340545211;9232.666380967203;10831.10727442716;12706.28439819177;14906.10877695531;17486.78621595445;20514.25336674129;24065.86241733066;28232.35745111674;33120.19296963342;38854.25382030405;45581.04601983359;53472.44000269313;62730.06193403319;73590.44528463698;86331.07429211862;101277.4737211686;118811.5260634959;139381.228686517;163512.140226203;191820.8086789974;225030.524286467;263989.7996954232;309694.0495706946;363311.0235703185;426210.642505751;499999.9999999716
1;9025548326356;50;phasez;-1.52854;-1.52768;-1.52896;-1.5309;-1.53169;-1.531;-1.53315;-1.53282;-1.53314;-1.53386;-1.53384;-1.53426;-1.53433;-1.53477;-1.535;-1.53525;-1.53556;-1.53569;-1.53589;-1.53599;-1.53608;-1.53618;-1.53618;-1.53613;-1.53602;-1.53582;-1.53555;-1.53516;-1.53467;-1.53404;-1.53327;-1.53232;-1.53118;-1.52982;-1.52819;-1.52627;-1.524;-1.52131;-1.51812;-1.51435;-1.50989;-1.50462;-1.49837;-1.49098;-1.48222;-1.47183;-1.45949;-1.4448;-1.42724;-1.40613
2;9026318143970;50;absz;82233.8;73636.9;65945.2;59020.5;52840.6;47310.4;42355.1;37918.4;33940.8;30385.1;27200;24349.4;21798.7;19512.1;17467.6;15636.8;13997.3;12529.6;11215.9;10039.4;8986.37;8043.46;7199.92;6444.13;5767.6;5162.22;4620.13;4134.77;3700.39;3311.41;2963.22;2651.43;2372.23;2122.25;1898.44;1698.01;1518.46;1357.67;1213.67;1084.64;969.072;865.568;772.859;689.838;615.625;549.277;490.103;437.519;391.02;350.29
2;9026318143970;50;frequency;20000.00000002444;22385.53853899816;25055.61678390222;28044.17375656954;31389.19662092121;35133.2035329932;39323.78408414649;44014.2042055669;49264.08322518227;55140.1516811012;61717.09952482729;69078.52549602467;77317.99973512921;86540.25314108083;96862.50859274992;108415.9709538568;121347.4948009008;135821.4510731415;152021.8163702936;170154.5114554648;190450.0186878266;213166.3116533389;238592.1342356312;267050.6708003728;298903.6541519141;334555.9634717432;374460.7706856584;419125.3006744233;469117.2785435782;525072.1459047724;587701.13789258;657800.3235824071;736260.7247225839;824079.6413975459;922373.3285811875;1032391.184709951;1155531.632626961;1293359.894754076;1447627.888434013;1620296.494325686;1813560.480908265;2029876.401899315;2271993.821195295;2542990.262224833;2846310.325953354;3185809.474764127;3565803.038745301;3991121.067296888;4467169.723268114;4999999.999999929
2;9026318143970;50;phasez;-1.53781;-1.53761;-1.53735;-1.53709;-1.53655;-1.53609;-1.53563;-1.53506;-1.53411;-1.53344;-1.53243;-1.53122;-1.52989;-1.5285;-1.52684;-1.52494;-1.52283;-1.52044;-1.51774;-1.51471;-1.51129;-1.50742;-1.50314;-1.49827;-1.49282;-1.48675;-1.4799;-1.4722;-1.46357;-1.4539;-1.44304;-1.43085;-1.41718;-1.40181;-1.38458;-1.3652;-1.34341;-1.31891;-1.29131;-1.26022;-1.22515;-1.18553;-1.14073;-1.08994;-1.03226;-0.966659;-0.891801;-0.806236;-0.70822;-0.595767
3;9026635628474;20;absz;17004.1;13893.6;11345.5;9267.1;7569.43;6181.16;5047.95;4121.73;3365.09;2746.93;2241.49;1828.33;1490.77;1214.58;988.706;803.867;652.712;529.417;429.379;349.398
3;9026635628474;20;frequency;99999.99999990905;122862.535599424;150952.0265389597;185463.4873444638;227865.1431623047;279960.8926363817;343967.05137965;422606.6409511731;519225.2346839865;637933.2888043621;783781.0140572543;962973.2274171232;1183133.324347452;1453627.601814205;1785963.729760951;2194280.323268956;2695948.443325946;3312310.615921419;4069588.809647371;4999999.999999929
3;9026635628474;20;phasez;-1.52591;-1.52281;-1.51874;-1.51374;-1.50742;-1.49958;-1.48985;-1.47776;-1.46282;-1.44431;-1.42142;-1.39305;-1.35789;-1.31421;-1.25979;-1.19175;-1.10617;-0.99781;-0.85943;-0.681363
