0;1364061956292;20;absz;2.04184e+08;1.47525e+08;1.06574e+08;7.70376e+07;5.56659e+07;4.02077e+07;2.90698e+07;2.10115e+07;1.51859e+07;1.09762e+07;7.93451e+06;5.73619e+06;4.14721e+06;2.99829e+06;2.16768e+06;1.56717e+06;1.13308e+06;819198;592311;428280
0;1364061956292;20;frequency;9.999999974752427;13.86918846435492;19.23543905490988;26.67799336109056;37.00021196095804;51.31629158938722;71.17153245417285;98.70914048804025;136.9015682683994;189.8713664161278;263.3361782500288;365.2259113806622;506.5387032487934;702.5280792305466;974.3494403835484;1351.343611730726;1874.203936580443;2599.368780806799;3605.113577052066;4999.99999995282
0;1364061956292;20;phasez;-1.55917;-1.56025;-1.55966;-1.55952;-1.55917;-1.55962;-1.55876;-1.55853;-1.55832;-1.5578;-1.55724;-1.55662;-1.55586;-1.55493;-1.55367;-1.55194;-1.54956;-1.5463;-1.54179;-1.53562
1;1364833343220;50;absz;1.03237e+07;8.83448e+06;7.53076e+06;6.42751e+06;5.48136e+06;4.67691e+06;3.99504e+06;3.4102e+06;2.91048e+06;2.48436e+06;2.12046e+06;1.81015e+06;1.54485e+06;1.31849e+06;1.1254e+06;960577;819876;699878;597385;509959;435307;371598;317208;270796;231176;197359;168497;143859;122830;104877;89553.7;76469.5;65300.1;55763.5;47622.3;40669.1;34731.9;29661.4;25330.3;21630.7;18470.4;15769.5;13461.1;11487.6;9800.01;8355.81;7119.14;6059.58;5150.23;4368.78
1;1364833343220;50;frequency;199.9999999213742;234.625769479635;275.2462588517801;322.8993264769997;378.802514688914;444.3841576318164;521.3198749487447;611.5753842550475;717.456725922716;841.6691823498468;987.3863981368913;1158.33146786315;1358.872060208682;1594.132014446359;1870.122253535556;2193.894364737048;2573.720768452858;3019.306079821149;3542.035062906734;4155.263512473084;4874.659497176026;5718.603679767398;6708.658946337209;7870.121340545211;9232.666380967203;10831.10727442716;12706.28439819177;14906.10877695531;17486.78621595445;20514.25336674129;24065.86241733066;28232.35745111674;33120.19296963342;38854.25382030405;45581.04601983359;53472.44000269313;62730.06193403319;73590.44528463698;86331.07429211862;101277.4737211686;118811.5260634959;139381.228686517;163512.140226203;191820.8086789974;225030.524286467;263989.7996954232;309694.0495706946;363311.0235703185;426210.642505751;499999.9999999716
1;1364833343220;50;phasez;-1.55832;-1.55926;-1.55825;-1.55818;-1.55769;-1.5588;-1.55802;-1.55764;-1.55801;-1.5578;-1.55742;-1.55737;-1.55732;-1.55724;-1.55691;-1.55671;-1.55638;-1.55616;-1.55585;-1.55552;-1.55513;-1.55468;-1.55415;-1.5536;-1.55297;-1.55226;-1.55145;-1.55054;-1.54952;-1.54836;-1.54706;-1.54558;-1.54391;-1.54201;-1.53985;-1.53738;-1.53456;-1.5313;-1.52755;-1.52321;-1.51817;-1.51232;-1.5055;-1.49753;-1.4882;-1.47725;-1.46436;-1.4491;-1.43099;-1.40934
2;1365601406000;50;absz;108077;96711.6;86470.8;77357.1;69165.7;61874.4;55331.6;49492.7;44267.8;39598.6;35419.9;31682.6;28338.7;25350.4;22676.9;20285.7;18149.1;16236.8;14525.9;12996.2;11627.2;10403.1;9307.85;8327.89;7450.97;6666.6;5964.63;5336.91;4775.05;4272.28;3822.43;3419.86;3059.51;2736.98;2448.4;2190.07;1958.84;1751.81;1566.5;1400.63;1252.14;1119.24;1000.31;893.923;798.94;714.17;638.688;571.798;512.86;461.498
2;1365601406000;50;frequency;20000.00000002444;22385.53853899816;25055.61678390222;28044.17375656954;31389.19662092121;35133.2035329932;39323.78408414649;44014.2042055669;49264.08322518227;55140.1516811012;61717.09952482729;69078.52549602467;77317.99973512921;86540.25314108083;96862.50859274992;108415.9709538568;121347.4948009008;135821.4510731415;152021.8163702936;170154.5114554648;190450.0186878266;213166.3116533389;238592.1342356312;267050.6708003728;298903.6541519141;334555.9634717432;374460.7706856584;419125.3006744233;469117.2785435782;525072.1459047724;587701.13789258;657800.3235824071;736260.7247225839;824079.6413975459;922373.3285811875;1032391.184709951;1155531.632626961;1293359.894754076;1447627.888434013;1620296.494325686;1813560.480908265;2029876.401899315;2271993.821195295;2542990.262224833;2846310.325953354;3185809.474764127;3565803.038745301;3991121.067296888;4467169.723268114;4999999.999999929
2;1365601406000;50;phasez;-1.55176;-1.55137;-1.55069;-1.55041;-1.54955;-1.54863;-1.54745;-1.54673;-1.54556;-1.54429;-1.54301;-1.54146;-1.53976;-1.53793;-1.53588;-1.5336;-1.53102;-1.5283;-1.52516;-1.52168;-1.51788;-1.51362;-1.50889;-1.5037;-1.49784;-1.49134;-1.4841;-1.47603;-1.46702;-1.45695;-1.44572;-1.43315;-1.41909;-1.40334;-1.38571;-1.36593;-1.34374;-1.31884;-1.29085;-1.25937;-1.22392;-1.18396;-1.13881;-1.08774;-1.02973;-0.963906;-0.888903;-0.803277;-0.705329;-0.593145
3;1365917679802;20;absz;22078.6;18020;14704.1;11997.8;9789.02;7989.64;6519.84;5320.94;4342.19;3543.26;2891.21;2358.41;1923.18;1567.89;1277.46;1040.21;846.511;688.891;561.508;460.387
3;1365917679802;20;frequency;99999.99999990905;122862.535599424;150952.0265389597;185463.4873444638;227865.1431623047;279960.8926363817;343967.05137965;422606.6409511731;519225.2346839865;637933.2888043621;783781.0140572543;962973.2274171232;1183133.324347452;1453627.601814205;1785963.729760951;2194280.323268956;2695948.443325946;3312310.615921419;4069588.809647371;4999999.999999929
3;1365917679802;20;phasez;-1.53491;-1.53098;-1.5262;-1.5204;-1.51338;-1.50483;-1.49439;-1.48161;-1.46594;-1.44676;-1.42311;-1.39402;-1.35815;-1.31374;-1.25862;-1.18993;-1.10374;-0.994986;-0.856444;-0.678695
