0;5989360412472;20;absz;1.4168e+08;1.03252e+08;7.51689e+07;5.46971e+07;3.97945e+07;2.896e+07;2.10454e+07;1.53022e+07;1.1123e+07;8.08539e+06;5.87578e+06;4.26965e+06;3.10224e+06;2.25365e+06;1.637e+06;1.18889e+06;863271;626720;454912;330143
0;5989360412472;20;frequency;9.999999974752427;13.86918846435492;19.23543905490988;26.67799336109056;37.00021196095804;51.31629158938722;71.17153245417285;98.70914048804025;136.9015682683994;189.8713664161278;263.3361782500288;365.2259113806622;506.5387032487934;702.5280792305466;974.3494403835484;1351.343611730726;1874.203936580443;2599.368780806799;3605.113577052066;4999.99999995282
0;5989360412472;20;phasez;-1.51961;-1.52169;-1.52328;-1.52501;-1.52667;-1.52798;-1.52902;-1.52992;-1.53064;-1.5313;-1.53173;-1.53207;-1.53219;-1.53212;-1.53173;-1.53093;-1.5295;-1.52723;-1.52379;-1.51868
1;5990130053107;50;absz;7.61612e+06;6.52201e+06;5.58743e+06;4.76879e+06;4.0846e+06;3.49315e+06;2.99062e+06;2.55718e+06;2.18803e+06;1.87226e+06;1.60145e+06;1.37012e+06;1.17193e+06;1.00242e+06;857470;733369;627184;536408;458720;392284;335455;286849;245281;209729;179322;153323;131087;112078;95820.7;81919.4;70034.1;59872.9;51184.4;43755.9;37404.5;31973.3;27329.8;23358.8;19963.8;17060.2;14577.1;12453;10636.1;9081.35;7750.56;6611.06;5634.44;4797.1;4078;3459.73
1;5990130053107;50;frequency;199.9999999213742;234.625769479635;275.2462588517801;322.8993264769997;378.802514688914;444.3841576318164;521.3198749487447;611.5753842550475;717.456725922716;841.6691823498468;987.3863981368913;1158.33146786315;1358.872060208682;1594.132014446359;1870.122253535556;2193.894364737048;2573.720768452858;3019.306079821149;3542.035062906734;4155.263512473084;4874.659497176026;5718.603679767398;6708.658946337209;7870.121340545211;9232.666380967203;10831.10727442716;12706.28439819177;14906.10877695531;17486.78621595445;20514.25336674129;24065.86241733066;28232.35745111674;33120.19296963342;38854.25382030405;45581.04601983359;53472.44000269313;62730.06193403319;73590.44528463698;86331.07429211862;101277.4737211686;118811.5260634959;139381.228686517;163512.140226203;191820.8086789974;225030.524286467;263989.7996954232;309694.0495706946;363311.0235703185;426210.642505751;499999.9999999716
1;5990130053107;50;phasez;-1.53307;-1.5322;-1.53265;-1.53369;-1.53358;-1.53381;-1.53403;-1.53473;-1.5353;-1.53522;-1.53548;-1.53608;-1.53644;-1.53665;-1.5369;-1.537;-1.53738;-1.53762;-1.53782;-1.53796;-1.53808;-1.53814;-1.53818;-1.53816;-1.53803;-1.53786;-1.5376;-1.53724;-1.53676;-1.53616;-1.53539;-1.53447;-1.53334;-1.53198;-1.53037;-1.52846;-1.52618;-1.52348;-1.52028;-1.51649;-1.51201;-1.50671;-1.50044;-1.49303;-1.48425;-1.47386;-1.46153;-1.44686;-1.42933;-1.40827
2;5990899990003;50;absz;84421.3;75553.3;67640.4;60544.6;54195.8;48509.3;43421.1;38866.7;34785.7;31135.9;27866.1;24940;22323.5;19978.5;17882.7;16004.8;14325.2;12821.1;11474.9;10270.1;9191.23;8225.91;7361.92;6588.36;5896.05;5276.54;4722;4225.4;3780.95;3383.13;3026.96;2708.08;2422.56;2167;1938.18;1733.26;1549.75;1385.42;1238.28;1106.51;988.471;882.785;788.138;703.396;627.669;559.991;499.643;446.031;398.638;357.128
2;5990899990003;50;frequency;20000.00000002444;22385.53853899816;25055.61678390222;28044.17375656954;31389.19662092121;35133.2035329932;39323.78408414649;44014.2042055669;49264.08322518227;55140.1516811012;61717.09952482729;69078.52549602467;77317.99973512921;86540.25314108083;96862.50859274992;108415.9709538568;121347.4948009008;135821.4510731415;152021.8163702936;170154.5114554648;190450.0186878266;213166.3116533389;238592.1342356312;267050.6708003728;298903.6541519141;334555.9634717432;374460.7706856584;419125.3006744233;469117.2785435782;525072.1459047724;587701.13789258;657800.3235824071;736260.7247225839;824079.6413975459;922373.3285811875;1032391.184709951;1155531.632626961;1293359.894754076;1447627.888434013;1620296.494325686;1813560.480908265;2029876.401899315;2271993.821195295;2542990.262224833;2846310.325953354;3185809.474764127;3565803.038745301;3991121.067296888;4467169.723268114;4999999.999999929
2;5990899990003;50;phasez;-1.53977;-1.5396;-1.53925;-1.53917;-1.5388;-1.53831;-1.53778;-1.53707;-1.53653;-1.53563;-1.53458;-1.53326;-1.53207;-1.53065;-1.52899;-1.52716;-1.52498;-1.52255;-1.51984;-1.51675;-1.51332;-1.50949;-1.50514;-1.50034;-1.49487;-1.48878;-1.48193;-1.47427;-1.46568;-1.45602;-1.44519;-1.43306;-1.41942;-1.40411;-1.38692;-1.36758;-1.34584;-1.32139;-1.29385;-1.26281;-1.2278;-1.18824;-1.14351;-1.09282;-1.03519;-0.969681;-0.894931;-0.809492;-0.711631;-0.599384
3;5991216302592;20;absz;17411.5;14220.3;11610.7;9480.32;7741.84;6320.49;5160.26;4212.49;3438.4;2806.13;2289.21;1866.72;1521.64;1239.4;1008.59;819.853;665.572;539.771;437.771;356.276
3;5991216302592;20;frequency;99999.99999990905;122862.535599424;150952.0265389597;185463.4873444638;227865.1431623047;279960.8926363817;343967.05137965;422606.6409511731;519225.2346839865;637933.2888043621;783781.0140572543;962973.2274171232;1183133.324347452;1453627.601814205;1785963.729760951;2194280.323268956;2695948.443325946;3312310.615921419;4069588.809647371;4999999.999999929
3;5991216302592;20;phasez;-1.52813;-1.52488;-1.52086;-1.51576;-1.50949;-1.5016;-1.49187;-1.47985;-1.46495;-1.44652;-1.42369;-1.39542;-1.36034;-1.31676;-1.26246;-1.19454;-1.1091;-1.0009;-0.86276;-0.685061
