0;2111751193876;20;absz;1.87708e+08;1.35691e+08;9.8215e+07;7.10494e+07;5.14227e+07;3.72275e+07;2.69261e+07;1.94829e+07;1.40976e+07;1.02017e+07;7.38232e+06;5.3414e+06;3.86444e+06;2.79543e+06;2.02188e+06;1.46218e+06;1.0573e+06;764420;552610;399443
0;2111751193876;20;frequency;9.999999974752427;13.86918846435492;19.23543905490988;26.67799336109056;37.00021196095804;51.31629158938722;71.17153245417285;98.70914048804025;136.9015682683994;189.8713664161278;263.3361782500288;365.2259113806622;506.5387032487934;702.5280792305466;974.3494403835484;1351.343611730726;1874.203936580443;2599.368780806799;3605.113577052066;4999.99999995282
0;2111751193876;20;phasez;-1.55379;-1.55225;-1.55329;-1.55296;-1.55333;-1.5536;-1.55337;-1.55342;-1.55333;-1.55328;-1.55324;-1.55315;-1.55302;-1.5527;-1.55209;-1.55101;-1.54932;-1.54675;-1.54294;-1.53745
1;2112520145416;50;absz;9.60242e+06;8.19377e+06;7.00901e+06;5.9716e+06;5.10619e+06;4.36457e+06;3.72449e+06;3.17903e+06;2.71417e+06;2.31845e+06;1.97838e+06;1.68833e+06;1.44128e+06;1.23054e+06;1.05015e+06;896394;765059;653053;557337;475687;405988;346498;295709;252374;215372;183807;156868;133878;114258;97511.9;83223.4;71030.9;60623.7;51742.1;44161.3;37691;32168.8;27455.1;23431.3;19995.8;17062.5;14557.6;12418.2;10590.1;9027.66;7691.57;6548.43;5569.39;4730.06;4009.34
1;2112520145416;50;frequency;199.9999999213742;234.625769479635;275.2462588517801;322.8993264769997;378.802514688914;444.3841576318164;521.3198749487447;611.5753842550475;717.456725922716;841.6691823498468;987.3863981368913;1158.33146786315;1358.872060208682;1594.132014446359;1870.122253535556;2193.894364737048;2573.720768452858;3019.306079821149;3542.035062906734;4155.263512473084;4874.659497176026;5718.603679767398;6708.658946337209;7870.121340545211;9232.666380967203;10831.10727442716;12706.28439819177;14906.10877695531;17486.78621595445;20514.25336674129;24065.86241733066;28232.35745111674;33120.19296963342;38854.25382030405;45581.04601983359;53472.44000269313;62730.06193403319;73590.44528463698;86331.07429211862;101277.4737211686;118811.5260634959;139381.228686517;163512.140226203;191820.8086789974;225030.524286467;263989.7996954232;309694.0495706946;363311.0235703185;426210.642505751;499999.9999999716
1;2112520145416;50;phasez;-1.55166;-1.55317;-1.55443;-1.55475;-1.55397;-1.55513;-1.55638;-1.5558;-1.5552;-1.55614;-1.55603;-1.55614;-1.55627;-1.55638;-1.55671;-1.55674;-1.55687;-1.55694;-1.55695;-1.55696;-1.55691;-1.55675;-1.55658;-1.55631;-1.55599;-1.55554;-1.55501;-1.55437;-1.5536;-1.5527;-1.55163;-1.55038;-1.54893;-1.54723;-1.54526;-1.54298;-1.54033;-1.53723;-1.53363;-1.52943;-1.52452;-1.51879;-1.51209;-1.50422;-1.49498;-1.4841;-1.47126;-1.45606;-1.43798;-1.41634
2;2113288577466;50;absz;100506;89854.9;80329.3;71842.9;64206;57414.7;51321.3;45895.4;41035.1;36692.1;32798.5;29328.8;26224;23447.2;20965.2;18745.4;16761.8;14988.6;13403.2;11985.7;10717.6;9584.25;8570.91;7664.45;6853.7;6128.94;5480.77;4901.23;4382.99;3919.41;3504.73;3133.84;2802.09;2505.33;2239.89;2002.39;1789.9;1599.8;1429.7;1277.51;1141.3;1019.45;910.45;812.944;725.924;648.239;579.074;517.751;463.677;416.472
2;2113288577466;50;frequency;20000.00000002444;22385.53853899816;25055.61678390222;28044.17375656954;31389.19662092121;35133.2035329932;39323.78408414649;44014.2042055669;49264.08322518227;55140.1516811012;61717.09952482729;69078.52549602467;77317.99973512921;86540.25314108083;96862.50859274992;108415.9709538568;121347.4948009008;135821.4510731415;152021.8163702936;170154.5114554648;190450.0186878266;213166.3116533389;238592.1342356312;267050.6708003728;298903.6541519141;334555.9634717432;374460.7706856584;419125.3006744233;469117.2785435782;525072.1459047724;587701.13789258;657800.3235824071;736260.7247225839;824079.6413975459;922373.3285811875;1032391.184709951;1155531.632626961;1293359.894754076;1447627.888434013;1620296.494325686;1813560.480908265;2029876.401899315;2271993.821195295;2542990.262224833;2846310.325953354;3185809.474764127;3565803.038745301;3991121.067296888;4467169.723268114;4999999.999999929
2;2113288577466;50;phasez;-1.55667;-1.55626;-1.5555;-1.55492;-1.55437;-1.55358;-1.55305;-1.55204;-1.5511;-1.55002;-1.54879;-1.54735;-1.54574;-1.54406;-1.54205;-1.53984;-1.53738;-1.53468;-1.53167;-1.5283;-1.52456;-1.52033;-1.51572;-1.51055;-1.50473;-1.49826;-1.49104;-1.48299;-1.474;-1.46393;-1.45268;-1.44009;-1.42601;-1.41025;-1.39258;-1.37275;-1.35052;-1.32556;-1.29751;-1.26596;-1.23043;-1.19038;-1.14514;-1.09395;-1.03583;-0.969871;-0.894693;-0.808882;-0.71071;-0.598254
3;2113604896816;20;absz;20404.2;16636.6;13564.6;11057;9014.05;7350.25;5992.15;4885.9;3983.08;3247.13;2646.76;2156.82;1757;1430.81;1164.4;946.918;769.429;625.038;508.29;415.445
3;2113604896816;20;frequency;99999.99999990905;122862.535599424;150952.0265389597;185463.4873444638;227865.1431623047;279960.8926363817;343967.05137965;422606.6409511731;519225.2346839865;637933.2888043621;783781.0140572543;962973.2274171232;1183133.324347452;1453627.601814205;1785963.729760951;2194280.323268956;2695948.443325946;3312310.615921419;4069588.809647371;4999999.999999929
3;2113604896816;20;phasez;-1.54108;-1.53734;-1.53276;-1.52707;-1.52007;-1.51168;-1.50125;-1.48853;-1.47288;-1.45365;-1.42999;-1.40085;-1.36488;-1.32038;-1.26514;-1.1963;-1.10992;-1.00091;-0.862046;-0.683837
