0;6407701750358;20;absz;1.40191e+08;1.02168e+08;7.43735e+07;5.41364e+07;3.93938e+07;2.86703e+07;2.08469e+07;1.51591e+07;1.10209e+07;8.01171e+06;5.82331e+06;4.23223e+06;3.07533e+06;2.23434e+06;1.62312e+06;1.17894e+06;856128;621620;451275;327556
0;6407701750358;20;frequency;9.999999974752427;13.86918846435492;19.23543905490988;26.67799336109056;37.00021196095804;51.31629158938722;71.17153245417285;98.70914048804025;136.9015682683994;189.8713664161278;263.3361782500288;365.2259113806622;506.5387032487934;702.5280792305466;974.3494403835484;1351.343611730726;1874.203936580443;2599.368780806799;3605.113577052066;4999.99999995282
0;6407701750358;20;phasez;-1.51678;-1.52003;-1.52235;-1.52408;-1.52559;-1.52723;-1.52807;-1.52903;-1.52993;-1.53052;-1.53106;-1.53141;-1.5316;-1.53156;-1.53117;-1.53034;-1.5289;-1.52662;-1.52315;-1.51805
1;6408468622424;50;absz;7.55077e+06;6.46353e+06;5.52588e+06;4.73185e+06;4.04837e+06;3.46533e+06;2.96476e+06;2.53651e+06;2.16978e+06;1.85657e+06;1.58802e+06;1.3588e+06;1.16211e+06;994012;850393;727363;622111;532100;455078;389203;332843;284636;243399;208134;177970;152173;130116;111251;95117.3;81323;69529.3;59444.1;50820.8;43448;37144.2;31754.1;27144.2;23201.9;19831;16947.9;14482;12372.5;10567.9;9023.48;7701.44;6569.44;5599.37;4767.32;4052.95;3438.63
1;6408468622424;50;frequency;199.9999999213742;234.625769479635;275.2462588517801;322.8993264769997;378.802514688914;444.3841576318164;521.3198749487447;611.5753842550475;717.456725922716;841.6691823498468;987.3863981368913;1158.33146786315;1358.872060208682;1594.132014446359;1870.122253535556;2193.894364737048;2573.720768452858;3019.306079821149;3542.035062906734;4155.263512473084;4874.659497176026;5718.603679767398;6708.658946337209;7870.121340545211;9232.666380967203;10831.10727442716;12706.28439819177;14906.10877695531;17486.78621595445;20514.25336674129;24065.86241733066;28232.35745111674;33120.19296963342;38854.25382030405;45581.04601983359;53472.44000269313;62730.06193403319;73590.44528463698;86331.07429211862;101277.4737211686;118811.5260634959;139381.228686517;163512.140226203;191820.8086789974;225030.524286467;263989.7996954232;309694.0495706946;363311.0235703185;426210.642505751;499999.9999999716
1;6408468622424;50;phasez;-1.53144;-1.53206;-1.53175;-1.53388;-1.5321;-1.53403;-1.53392;-1.53421;-1.53465;-1.53463;-1.53531;-1.5355;-1.53579;-1.53594;-1.53616;-1.53647;-1.53667;-1.53695;-1.53712;-1.53732;-1.53743;-1.53753;-1.53757;-1.53756;-1.53746;-1.5373;-1.53702;-1.53666;-1.53617;-1.53554;-1.53478;-1.53383;-1.5327;-1.53134;-1.52972;-1.52781;-1.52554;-1.52285;-1.51966;-1.51589;-1.51142;-1.50613;-1.49988;-1.49248;-1.48371;-1.47333;-1.461;-1.44632;-1.42879;-1.40772
2;6409239879371;50;absz;83807.7;74997.1;67137.5;60105.5;53799.6;48164.1;43111.9;38590.2;34544.4;30921.3;27673.7;24770.9;22173;19845.6;17763;15899.8;14230.5;12737.2;11400.1;10203.5;9132.53;8173.58;7314.96;6547;5859.23;5243.62;4692.59;4199.27;3757.73;3362.36;3008.45;2691.67;2407.99;2154.03;1926.58;1722.99;1540.64;1377.31;1231.08;1100.09;982.774;877.72;783.638;699.38;624.104;556.816;496.811;443.493;396.358;355.078
2;6409239879371;50;frequency;20000.00000002444;22385.53853899816;25055.61678390222;28044.17375656954;31389.19662092121;35133.2035329932;39323.78408414649;44014.2042055669;49264.08322518227;55140.1516811012;61717.09952482729;69078.52549602467;77317.99973512921;86540.25314108083;96862.50859274992;108415.9709538568;121347.4948009008;135821.4510731415;152021.8163702936;170154.5114554648;190450.0186878266;213166.3116533389;238592.1342356312;267050.6708003728;298903.6541519141;334555.9634717432;374460.7706856584;419125.3006744233;469117.2785435782;525072.1459047724;587701.13789258;657800.3235824071;736260.7247225839;824079.6413975459;922373.3285811875;1032391.184709951;1155531.632626961;1293359.894754076;1447627.888434013;1620296.494325686;1813560.480908265;2029876.401899315;2271993.821195295;2542990.262224833;2846310.325953354;3185809.474764127;3565803.038745301;3991121.067296888;4467169.723268114;4999999.999999929
2;6409239879371;50;phasez;-1.5391;-1.53888;-1.53895;-1.53848;-1.5382;-1.53767;-1.53712;-1.53642;-1.53577;-1.53495;-1.53395;-1.5328;-1.53143;-1.53005;-1.5284;-1.52647;-1.52434;-1.52198;-1.51925;-1.51619;-1.51278;-1.50894;-1.50463;-1.49976;-1.49432;-1.48825;-1.48139;-1.47373;-1.46511;-1.45548;-1.44465;-1.43249;-1.41887;-1.40354;-1.38634;-1.367;-1.34525;-1.32079;-1.29325;-1.2622;-1.22717;-1.18761;-1.14286;-1.09212;-1.0345;-0.96897;-0.894201;-0.808726;-0.710831;-0.598527
3;6409558302766;20;absz;17292.9;14125;11532.9;9417.9;7691.51;6279.74;5127.46;4185.82;3416.91;2788.75;2275.22;1855.4;1512.57;1232.05;1002.7;815.086;661.733;536.663;435.246;354.193
3;6409558302766;20;frequency;99999.99999990905;122862.535599424;150952.0265389597;185463.4873444638;227865.1431623047;279960.8926363817;343967.05137965;422606.6409511731;519225.2346839865;637933.2888043621;783781.0140572543;962973.2274171232;1183133.324347452;1453627.601814205;1785963.729760951;2194280.323268956;2695948.443325946;3312310.615921419;4069588.809647371;4999999.999999929
3;6409558302766;20;phasez;-1.52745;-1.52437;-1.52027;-1.5152;-1.50888;-1.50107;-1.49134;-1.47931;-1.46441;-1.44597;-1.42314;-1.39485;-1.35976;-1.31617;-1.26184;-1.1939;-1.10842;-1.0002;-0.862006;-0.68419
