0;3219158830888;20;absz;1.67774e+08;1.21716e+08;8.83518e+07;6.40936e+07;4.64799e+07;3.37092e+07;2.44411e+07;1.77163e+07;1.28422e+07;9.30622e+06;6.7425e+06;4.8841e+06;3.53739e+06;2.56164e+06;1.85485e+06;1.34298e+06;972325;703951;509643;368969
0;3219158830888;20;frequency;9.999999974752427;13.86918846435492;19.23543905490988;26.67799336109056;37.00021196095804;51.31629158938722;71.17153245417285;98.70914048804025;136.9015682683994;189.8713664161278;263.3361782500288;365.2259113806622;506.5387032487934;702.5280792305466;974.3494403835484;1351.343611730726;1874.203936580443;2599.368780806799;3605.113577052066;4999.99999995282
0;3219158830888;20;phasez;-1.53933;-1.53985;-1.54051;-1.54149;-1.54242;-1.54274;-1.54412;-1.54475;-1.54535;-1.54604;-1.54649;-1.54679;-1.54688;-1.54663;-1.54594;-1.54472;-1.54282;-1.53999;-1.53597;-1.53034
1;3219930082114;50;absz;8.75611e+06;7.49208e+06;6.40345e+06;5.46207e+06;4.66692e+06;3.98951e+06;3.40928e+06;2.91203e+06;2.48679e+06;2.12408e+06;1.81483e+06;1.54979e+06;1.32426e+06;1.13076e+06;965666;824894;704575;601748;513996;439022;374995;320290;273561;233658;199570;170456;145591;124350;106207;90712.3;77475.5;66171;56515.3;48267.3;41222.4;35204.6;30063.8;25672.2;21920.4;18714.8;15976;13635.1;11634.6;9924.11;8461.6;7210.19;6139.08;5221.23;4434.13;3758.08
1;3219930082114;50;frequency;199.9999999213742;234.625769479635;275.2462588517801;322.8993264769997;378.802514688914;444.3841576318164;521.3198749487447;611.5753842550475;717.456725922716;841.6691823498468;987.3863981368913;1158.33146786315;1358.872060208682;1594.132014446359;1870.122253535556;2193.894364737048;2573.720768452858;3019.306079821149;3542.035062906734;4155.263512473084;4874.659497176026;5718.603679767398;6708.658946337209;7870.121340545211;9232.666380967203;10831.10727442716;12706.28439819177;14906.10877695531;17486.78621595445;20514.25336674129;24065.86241733066;28232.35745111674;33120.19296963342;38854.25382030405;45581.04601983359;53472.44000269313;62730.06193403319;73590.44528463698;86331.07429211862;101277.4737211686;118811.5260634959;139381.228686517;163512.140226203;191820.8086789974;225030.524286467;263989.7996954232;309694.0495706946;363311.0235703185;426210.642505751;499999.9999999716
1;3219930082114;50;phasez;-1.54808;-1.54866;-1.54923;-1.54778;-1.54835;-1.54902;-1.54927;-1.54903;-1.54911;-1.54986;-1.55;-1.55007;-1.55018;-1.55018;-1.55014;-1.55016;-1.55011;-1.55004;-1.55;-1.54993;-1.54976;-1.54958;-1.54939;-1.54915;-1.54883;-1.54848;-1.54802;-1.5475;-1.54688;-1.54612;-1.54526;-1.54423;-1.54301;-1.54158;-1.53991;-1.53794;-1.53563;-1.5329;-1.5297;-1.52591;-1.52144;-1.51616;-1.50991;-1.50253;-1.49378;-1.4834;-1.47108;-1.45639;-1.43882;-1.41769
2;3220700653214;50;absz;93470.7;83638;74810.4;66928.8;59863.3;53537.6;47894.6;42839.4;38323.4;34281.5;30658.7;27419.1;24529.3;21938.9;19623.8;17550.7;15697.8;14039.9;12558.3;11231.2;10045.4;8983.99;8034.5;7185.64;6425.87;5746.37;5138.67;4594.99;4108.72;3673.63;3284.51;2936.43;2625.06;2346.49;2097.26;1874.39;1674.93;1496.49;1336.82;1193.95;1066.13;951.769;849.466;757.948;676.25;603.337;538.387;480.766;429.916;385.468
2;3220700653214;50;frequency;20000.00000002444;22385.53853899816;25055.61678390222;28044.17375656954;31389.19662092121;35133.2035329932;39323.78408414649;44014.2042055669;49264.08322518227;55140.1516811012;61717.09952482729;69078.52549602467;77317.99973512921;86540.25314108083;96862.50859274992;108415.9709538568;121347.4948009008;135821.4510731415;152021.8163702936;170154.5114554648;190450.0186878266;213166.3116533389;238592.1342356312;267050.6708003728;298903.6541519141;334555.9634717432;374460.7706856584;419125.3006744233;469117.2785435782;525072.1459047724;587701.13789258;657800.3235824071;736260.7247225839;824079.6413975459;922373.3285811875;1032391.184709951;1155531.632626961;1293359.894754076;1447627.888434013;1620296.494325686;1813560.480908265;2029876.401899315;2271993.821195295;2542990.262224833;2846310.325953354;3185809.474764127;3565803.038745301;3991121.067296888;4467169.723268114;4999999.999999929
2;3220700653214;50;phasez;-1.54985;-1.54981;-1.54924;-1.54892;-1.54834;-1.54778;-1.54736;-1.54689;-1.54578;-1.54504;-1.54404;-1.5428;-1.5415;-1.54011;-1.53838;-1.5365;-1.53437;-1.53197;-1.52931;-1.52627;-1.52286;-1.51902;-1.51471;-1.50984;-1.50439;-1.49831;-1.49146;-1.48375;-1.47512;-1.4654;-1.45452;-1.44228;-1.42854;-1.41311;-1.39577;-1.37628;-1.35439;-1.32975;-1.30203;-1.27079;-1.23558;-1.19582;-1.15089;-1.09998;-1.04218;-0.976506;-0.901616;-0.816074;-0.718151;-0.605911
3;3221018874657;20;absz;19102.1;15583.7;12709.7;10362.7;8451.29;6891.49;5618.76;4580.97;3733.84;3043.25;2479.55;2019.57;1644.28;1337.95;1087.85;883.707;717.122;581.56;471.894;384.538
3;3221018874657;20;frequency;99999.99999990905;122862.535599424;150952.0265389597;185463.4873444638;227865.1431623047;279960.8926363817;343967.05137965;422606.6409511731;519225.2346839865;637933.2888043621;783781.0140572543;962973.2274171232;1183133.324347452;1453627.601814205;1785963.729760951;2194280.323268956;2695948.443325946;3312310.615921419;4069588.809647371;4999999.999999929
3;3221018874657;20;phasez;-1.53743;-1.53432;-1.53022;-1.52524;-1.51895;-1.51114;-1.50143;-1.48935;-1.47434;-1.45575;-1.43275;-1.40422;-1.36884;-1.32493;-1.27026;-1.20197;-1.11615;-1.00766;-0.869296;-0.691515
