0;5671344127580;20;absz;1.43197e+08;1.04292e+08;7.58987e+07;5.52087e+07;4.01597e+07;2.92017e+07;2.12361e+07;1.54404e+07;1.12224e+07;8.15611e+06;5.92685e+06;4.30615e+06;3.12827e+06;2.27218e+06;1.6501e+06;1.19812e+06;869820;631380;458227;332506
0;5671344127580;20;frequency;9.999999974752427;13.86918846435492;19.23543905490988;26.67799336109056;37.00021196095804;51.31629158938722;71.17153245417285;98.70914048804025;136.9015682683994;189.8713664161278;263.3361782500288;365.2259113806622;506.5387032487934;702.5280792305466;974.3494403835484;1351.343611730726;1874.203936580443;2599.368780806799;3605.113577052066;4999.99999995282
0;5671344127580;20;phasez;-1.52146;-1.52337;-1.525;-1.52648;-1.52781;-1.52925;-1.52975;-1.53064;-1.53143;-1.53191;-1.53242;-1.53278;-1.53295;-1.53293;-1.53257;-1.53176;-1.5303;-1.52797;-1.52444;-1.51926
1;5672113666224;50;absz;7.69394e+06;6.58052e+06;5.62697e+06;4.81496e+06;4.12152e+06;3.52557e+06;3.01364e+06;2.57958e+06;2.20595e+06;1.88774e+06;1.61446e+06;1.38135e+06;1.18118e+06;1.01012e+06;864001;738905;631873;540366;462095;395144;337877;288919;247030;211213;180590;154402;132004;112856;96482.4;82482.7;70510.6;60276.1;51526.4;44044.9;37649.1;32181.3;27506.1;23508.5;20090.5;17167.8;14668.3;12530.4;10701.6;9136.85;7797.38;6650.63;5668.14;4825.39;4101.99;3479.98
1;5672113666224;50;frequency;199.9999999213742;234.625769479635;275.2462588517801;322.8993264769997;378.802514688914;444.3841576318164;521.3198749487447;611.5753842550475;717.456725922716;841.6691823498468;987.3863981368913;1158.33146786315;1358.872060208682;1594.132014446359;1870.122253535556;2193.894364737048;2573.720768452858;3019.306079821149;3542.035062906734;4155.263512473084;4874.659497176026;5718.603679767398;6708.658946337209;7870.121340545211;9232.666380967203;10831.10727442716;12706.28439819177;14906.10877695531;17486.78621595445;20514.25336674129;24065.86241733066;28232.35745111674;33120.19296963342;38854.25382030405;45581.04601983359;53472.44000269313;62730.06193403319;73590.44528463698;86331.07429211862;101277.4737211686;118811.5260634959;139381.228686517;163512.140226203;191820.8086789974;225030.524286467;263989.7996954232;309694.0495706946;363311.0235703185;426210.642505751;499999.9999999716
1;5672113666224;50;phasez;-1.53421;-1.53265;-1.5333;-1.53409;-1.53368;-1.53488;-1.53528;-1.53541;-1.53602;-1.53578;-1.53617;-1.53658;-1.53701;-1.53741;-1.5377;-1.5379;-1.53807;-1.5383;-1.53842;-1.53854;-1.53868;-1.5387;-1.53872;-1.5387;-1.53857;-1.53839;-1.53812;-1.53776;-1.53729;-1.53667;-1.53592;-1.53499;-1.53387;-1.53251;-1.5309;-1.52899;-1.52671;-1.52401;-1.5208;-1.51701;-1.51252;-1.50721;-1.50094;-1.49353;-1.48476;-1.47437;-1.46205;-1.44739;-1.42988;-1.40884
2;5672883416658;50;absz;84968.3;76065.2;68090.6;60950.2;54545.8;48823.5;43698.9;39118.4;35011.4;31332.8;28046.5;25101.5;22464;20104.7;17993.8;16104.7;14413.2;12900;11545;10332.3;9246.92;8275.53;7405.87;6627.51;5931.19;5307.79;4749.77;4250.1;3802.99;3402.64;3044.35;2723.52;2436.32;2179.17;1948.96;1742.84;1558.29;1393.04;1245.01;1112.47;993.766;887.476;792.318;707.108;630.961;562.92;502.239;448.351;400.722;359.001
2;5672883416658;50;frequency;20000.00000002444;22385.53853899816;25055.61678390222;28044.17375656954;31389.19662092121;35133.2035329932;39323.78408414649;44014.2042055669;49264.08322518227;55140.1516811012;61717.09952482729;69078.52549602467;77317.99973512921;86540.25314108083;96862.50859274992;108415.9709538568;121347.4948009008;135821.4510731415;152021.8163702936;170154.5114554648;190450.0186878266;213166.3116533389;238592.1342356312;267050.6708003728;298903.6541519141;334555.9634717432;374460.7706856584;419125.3006744233;469117.2785435782;525072.1459047724;587701.13789258;657800.3235824071;736260.7247225839;824079.6413975459;922373.3285811875;1032391.184709951;1155531.632626961;1293359.894754076;1447627.888434013;1620296.494325686;1813560.480908265;2029876.401899315;2271993.821195295;2542990.262224833;2846310.325953354;3185809.474764127;3565803.038745301;3991121.067296888;4467169.723268114;4999999.999999929
2;5672883416658;50;phasez;-1.54038;-1.54002;-1.53978;-1.53978;-1.53916;-1.53901;-1.53827;-1.53769;-1.53701;-1.53604;-1.53503;-1.53389;-1.53272;-1.53125;-1.52953;-1.52762;-1.52546;-1.52302;-1.52032;-1.51728;-1.51382;-1.50998;-1.50567;-1.50081;-1.49538;-1.4893;-1.48246;-1.47482;-1.46623;-1.45659;-1.44578;-1.43366;-1.42003;-1.40474;-1.38757;-1.36825;-1.34654;-1.32211;-1.29459;-1.26357;-1.22858;-1.18905;-1.14435;-1.09368;-1.0361;-0.970636;-0.895934;-0.810562;-0.712779;-0.600601
3;5673201236596;20;absz;17518.3;14307.6;11681;9537.62;7788.36;6357.85;5190.75;4237.13;3458.28;2822.1;2302.11;1877.07;1530;1246.1;1014;824.186;669.048;542.581;440.043;358.13
3;5673201236596;20;frequency;99999.99999990905;122862.535599424;150952.0265389597;185463.4873444638;227865.1431623047;279960.8926363817;343967.05137965;422606.6409511731;519225.2346839865;637933.2888043621;783781.0140572543;962973.2274171232;1183133.324347452;1453627.601814205;1785963.729760951;2194280.323268956;2695948.443325946;3312310.615921419;4069588.809647371;4999999.999999929
3;5673201236596;20;phasez;-1.52874;-1.5254;-1.52129;-1.51623;-1.50995;-1.50212;-1.49243;-1.48038;-1.46553;-1.44712;-1.42432;-1.39608;-1.36105;-1.3175;-1.26324;-1.19537;-1.10998;-1.00188;-0.863839;-0.686266
