0;5587585294123;20;absz;1.43626e+08;1.04589e+08;7.61193e+07;5.53716e+07;4.02761e+07;2.9271e+07;2.12939e+07;1.54797e+07;1.12521e+07;8.17763e+06;5.94229e+06;4.31735e+06;3.13633e+06;2.27797e+06;1.65425e+06;1.20112e+06;871972;632916;459319;333281
0;5587585294123;20;frequency;9.999999974752427;13.86918846435492;19.23543905490988;26.67799336109056;37.00021196095804;51.31629158938722;71.17153245417285;98.70914048804025;136.9015682683994;189.8713664161278;263.3361782500288;365.2259113806622;506.5387032487934;702.5280792305466;974.3494403835484;1351.343611730726;1874.203936580443;2599.368780806799;3605.113577052066;4999.99999995282
0;5587585294123;20;phasez;-1.52243;-1.52392;-1.52562;-1.52684;-1.5278;-1.52896;-1.53002;-1.53079;-1.53155;-1.53213;-1.53256;-1.53292;-1.53313;-1.53308;-1.53273;-1.53188;-1.53047;-1.52816;-1.52466;-1.51951
1;5588356487453;50;absz;7.69771e+06;6.59379e+06;5.65035e+06;4.82959e+06;4.13039e+06;3.53337e+06;3.02383e+06;2.58557e+06;2.21181e+06;1.89246e+06;1.6185e+06;1.38437e+06;1.18406e+06;1.01262e+06;866130;740697;633415;541685;463188;396078;338653;289574;247586;211689;180985;154730;132285;113091;96678.3;82648.1;70652.7;60397.3;51628;44131.5;37723.1;32243.4;27558.4;23552.3;20127.2;17199.1;14694.8;12552.9;10720.7;9153.04;7811.21;6662.37;5677.97;4833.83;4109.05;3485.96
1;5588356487453;50;frequency;199.9999999213742;234.625769479635;275.2462588517801;322.8993264769997;378.802514688914;444.3841576318164;521.3198749487447;611.5753842550475;717.456725922716;841.6691823498468;987.3863981368913;1158.33146786315;1358.872060208682;1594.132014446359;1870.122253535556;2193.894364737048;2573.720768452858;3019.306079821149;3542.035062906734;4155.263512473084;4874.659497176026;5718.603679767398;6708.658946337209;7870.121340545211;9232.666380967203;10831.10727442716;12706.28439819177;14906.10877695531;17486.78621595445;20514.25336674129;24065.86241733066;28232.35745111674;33120.19296963342;38854.25382030405;45581.04601983359;53472.44000269313;62730.06193403319;73590.44528463698;86331.07429211862;101277.4737211686;118811.5260634959;139381.228686517;163512.140226203;191820.8086789974;225030.524286467;263989.7996954232;309694.0495706946;363311.0235703185;426210.642505751;499999.9999999716
1;5588356487453;50;phasez;-1.53368;-1.53427;-1.5341;-1.53358;-1.53505;-1.53497;-1.5353;-1.53545;-1.53595;-1.53605;-1.53664;-1.53708;-1.53727;-1.53756;-1.53777;-1.53805;-1.53832;-1.53848;-1.53867;-1.53878;-1.53888;-1.53895;-1.53897;-1.53893;-1.53884;-1.53864;-1.53837;-1.53799;-1.53751;-1.53689;-1.53614;-1.53521;-1.53408;-1.53272;-1.53111;-1.52919;-1.52691;-1.5242;-1.52098;-1.51719;-1.5127;-1.50738;-1.50111;-1.4937;-1.48492;-1.47454;-1.46222;-1.44757;-1.43006;-1.40903
2;5589126275850;50;absz;85145.8;76222.2;68243.3;61083.5;54670.6;48925.8;43796.6;39196.1;35082.8;31399.8;28100.4;25147.5;22508;20145.6;18028.8;16135.9;14441.2;12924.4;11566.9;10351.8;9264.18;8290.84;7419.94;6639.96;5942.11;5317.4;4758.4;4257.77;3809.81;3408.68;3049.7;2728.28;2440.55;2182.94;1952.31;1745.84;1560.94;1395.37;1247.09;1114.31;995.416;888.927;793.593;708.235;631.973;563.819;503.046;449.069;401.362;359.58
2;5589126275850;50;frequency;20000.00000002444;22385.53853899816;25055.61678390222;28044.17375656954;31389.19662092121;35133.2035329932;39323.78408414649;44014.2042055669;49264.08322518227;55140.1516811012;61717.09952482729;69078.52549602467;77317.99973512921;86540.25314108083;96862.50859274992;108415.9709538568;121347.4948009008;135821.4510731415;152021.8163702936;170154.5114554648;190450.0186878266;213166.3116533389;238592.1342356312;267050.6708003728;298903.6541519141;334555.9634717432;374460.7706856584;419125.3006744233;469117.2785435782;525072.1459047724;587701.13789258;657800.3235824071;736260.7247225839;824079.6413975459;922373.3285811875;1032391.184709951;1155531.632626961;1293359.894754076;1447627.888434013;1620296.494325686;1813560.480908265;2029876.401899315;2271993.821195295;2542990.262224833;2846310.325953354;3185809.474764127;3565803.038745301;3991121.067296888;4467169.723268114;4999999.999999929
2;5589126275850;50;phasez;-1.54083;-1.54022;-1.5399;-1.53979;-1.53953;-1.53905;-1.53843;-1.53795;-1.53706;-1.53631;-1.5353;-1.53415;-1.53283;-1.53132;-1.52967;-1.5278;-1.52569;-1.5232;-1.52049;-1.51744;-1.514;-1.51014;-1.50584;-1.50099;-1.49556;-1.48945;-1.48265;-1.47498;-1.46641;-1.45678;-1.44597;-1.43384;-1.42024;-1.40494;-1.38777;-1.36846;-1.34676;-1.32232;-1.29481;-1.2638;-1.22882;-1.1893;-1.14459;-1.09393;-1.03637;-0.970923;-0.896243;-0.810882;-0.713127;-0.600991
3;5589445126675;20;absz;17554.5;14336.8;11704.1;9555.95;7803.2;6370.02;5200.25;4244.95;3464.52;2827.19;2306.18;1880.42;1532.66;1248.22;1015.71;825.573;670.177;543.484;440.768;358.726
3;5589445126675;20;frequency;99999.99999990905;122862.535599424;150952.0265389597;185463.4873444638;227865.1431623047;279960.8926363817;343967.05137965;422606.6409511731;519225.2346839865;637933.2888043621;783781.0140572543;962973.2274171232;1183133.324347452;1453627.601814205;1785963.729760951;2194280.323268956;2695948.443325946;3312310.615921419;4069588.809647371;4999999.999999929
3;5589445126675;20;phasez;-1.52869;-1.5255;-1.52151;-1.51638;-1.51008;-1.5023;-1.49257;-1.48057;-1.4657;-1.44731;-1.42452;-1.3963;-1.36126;-1.31773;-1.26347;-1.19561;-1.11024;-1.00217;-0.864167;-0.686639
