0;10037573781506;20;absz;1.36113e+08;9.92176e+07;7.23086e+07;5.26833e+07;3.83649e+07;2.79366e+07;2.03266e+07;1.47871e+07;1.07554e+07;7.82159e+06;5.68655e+06;4.13374e+06;3.00453e+06;2.18338e+06;1.58643e+06;1.15254e+06;837168;608030;441535;320570
0;10037573781506;20;frequency;9.999999974752427;13.86918846435492;19.23543905490988;26.67799336109056;37.00021196095804;51.31629158938722;71.17153245417285;98.70914048804025;136.9015682683994;189.8713664161278;263.3361782500288;365.2259113806622;506.5387032487934;702.5280792305466;974.3494403835484;1351.343611730726;1874.203936580443;2599.368780806799;3605.113577052066;4999.99999995282
0;10037573781506;20;phasez;-1.51048;-1.51369;-1.51645;-1.51906;-1.5213;-1.52389;-1.52501;-1.5264;-1.52762;-1.52854;-1.52931;-1.52986;-1.53018;-1.53021;-1.52985;-1.52904;-1.52755;-1.52523;-1.52171;-1.51656
1;10038342227551;50;absz;7.35734e+06;6.31756e+06;5.40627e+06;4.62325e+06;3.95156e+06;3.38369e+06;2.89635e+06;2.47863e+06;2.12028e+06;1.8143e+06;1.5523e+06;1.32808e+06;1.13614e+06;971972;831573;711326;608531;520500;445264;380842;325749;278613;238285;203796;174289;149051;127469;109005;93214.9;79711.2;68161.3;58285.3;49839.4;42615.9;36438.8;31156.3;26638.1;22773.7;19468.6;16641.2;14222.5;12153;10382.1;8866.1;7568.44;6456.95;5504.21;4686.99;3985.16;3381.64
1;10038342227551;50;frequency;199.9999999213742;234.625769479635;275.2462588517801;322.8993264769997;378.802514688914;444.3841576318164;521.3198749487447;611.5753842550475;717.456725922716;841.6691823498468;987.3863981368913;1158.33146786315;1358.872060208682;1594.132014446359;1870.122253535556;2193.894364737048;2573.720768452858;3019.306079821149;3542.035062906734;4155.263512473084;4874.659497176026;5718.603679767398;6708.658946337209;7870.121340545211;9232.666380967203;10831.10727442716;12706.28439819177;14906.10877695531;17486.78621595445;20514.25336674129;24065.86241733066;28232.35745111674;33120.19296963342;38854.25382030405;45581.04601983359;53472.44000269313;62730.06193403319;73590.44528463698;86331.07429211862;101277.4737211686;118811.5260634959;139381.228686517;163512.140226203;191820.8086789974;225030.524286467;263989.7996954232;309694.0495706946;363311.0235703185;426210.642505751;499999.9999999716
1;10038342227551;50;phasez;-1.52738;-1.52874;-1.53326;-1.53227;-1.53081;-1.53145;-1.53299;-1.5324;-1.53295;-1.53362;-1.53394;-1.53387;-1.53433;-1.53454;-1.53489;-1.53518;-1.53537;-1.5355;-1.53568;-1.53582;-1.53595;-1.536;-1.53601;-1.53595;-1.53587;-1.53565;-1.53539;-1.53499;-1.53451;-1.53388;-1.53311;-1.53216;-1.53102;-1.52965;-1.52802;-1.5261;-1.52383;-1.52112;-1.51793;-1.51416;-1.5097;-1.50443;-1.49819;-1.4908;-1.48205;-1.47166;-1.45933;-1.44465;-1.42709;-1.40598
2;10039113410857;50;absz;82131.2;73533.9;65824.3;58930.9;52764.3;47242.7;42293.7;37861.8;33891;30339.6;27161;24314.3;21765.3;19484.1;17442.4;15613.5;13977;12512.6;11199.8;10025.6;8973.82;8032.6;7189.67;6435.34;5759.88;5155.23;4614.01;4129.35;3695.54;3307.03;2959.34;2648;2369.2;2119.59;1896.06;1695.86;1516.57;1355.98;1212.14;1083.32;967.912;864.534;771.947;689.063;614.909;548.644;489.533;437.002;390.554;349.856
2;10039113410857;50;frequency;20000.00000002444;22385.53853899816;25055.61678390222;28044.17375656954;31389.19662092121;35133.2035329932;39323.78408414649;44014.2042055669;49264.08322518227;55140.1516811012;61717.09952482729;69078.52549602467;77317.99973512921;86540.25314108083;96862.50859274992;108415.9709538568;121347.4948009008;135821.4510731415;152021.8163702936;170154.5114554648;190450.0186878266;213166.3116533389;238592.1342356312;267050.6708003728;298903.6541519141;334555.9634717432;374460.7706856584;419125.3006744233;469117.2785435782;525072.1459047724;587701.13789258;657800.3235824071;736260.7247225839;824079.6413975459;922373.3285811875;1032391.184709951;1155531.632626961;1293359.894754076;1447627.888434013;1620296.494325686;1813560.480908265;2029876.401899315;2271993.821195295;2542990.262224833;2846310.325953354;3185809.474764127;3565803.038745301;3991121.067296888;4467169.723268114;4999999.999999929
2;10039113410857;50;phasez;-1.53746;-1.53739;-1.53711;-1.5367;-1.53638;-1.53585;-1.53542;-1.53473;-1.53406;-1.53313;-1.53226;-1.53117;-1.52978;-1.52835;-1.52658;-1.5247;-1.52259;-1.52022;-1.51755;-1.51453;-1.5111;-1.50725;-1.50296;-1.4981;-1.49267;-1.48655;-1.47972;-1.47203;-1.4634;-1.45373;-1.44287;-1.43069;-1.41701;-1.40164;-1.38439;-1.36501;-1.34323;-1.31871;-1.29112;-1.26002;-1.22495;-1.18534;-1.14054;-1.08978;-1.03209;-0.966494;-0.891646;-0.806081;-0.708071;-0.595642
3;10039429758778;20;absz;16981.7;13874.8;11331;9255.38;7560.24;6173.78;5041.95;4116.68;3361.23;2743.74;2238.88;1826.29;1489.1;1213.23;987.609;803.022;652.022;528.85;428.92;349.025
3;10039429758778;20;frequency;99999.99999990905;122862.535599424;150952.0265389597;185463.4873444638;227865.1431623047;279960.8926363817;343967.05137965;422606.6409511731;519225.2346839865;637933.2888043621;783781.0140572543;962973.2274171232;1183133.324347452;1453627.601814205;1785963.729760951;2194280.323268956;2695948.443325946;3312310.615921419;4069588.809647371;4999999.999999929
3;10039429758778;20;phasez;-1.52578;-1.52258;-1.51861;-1.51353;-1.50721;-1.49941;-1.48967;-1.47761;-1.46267;-1.44415;-1.42126;-1.39287;-1.3577;-1.31401;-1.2596;-1.19157;-1.10599;-0.997659;-0.859299;-0.681271
