0;10235722178575;20;absz;1.36058e+08;9.91889e+07;7.2297e+07;5.26699e+07;3.83587e+07;2.79198e+07;2.03163e+07;1.47823e+07;1.07518e+07;7.81889e+06;5.6847e+06;4.13236e+06;3.00349e+06;2.18264e+06;1.58591e+06;1.15216e+06;836903;607833;441393;320473
0;10235722178575;20;frequency;9.999999974752427;13.86918846435492;19.23543905490988;26.67799336109056;37.00021196095804;51.31629158938722;71.17153245417285;98.70914048804025;136.9015682683994;189.8713664161278;263.3361782500288;365.2259113806622;506.5387032487934;702.5280792305466;974.3494403835484;1351.343611730726;1874.203936580443;2599.368780806799;3605.113577052066;4999.99999995282
0;10235722178575;20;phasez;-1.51009;-1.51353;-1.51632;-1.51917;-1.52123;-1.52284;-1.52486;-1.52632;-1.52757;-1.52856;-1.52929;-1.52986;-1.53016;-1.53019;-1.52984;-1.529;-1.52754;-1.5252;-1.52168;-1.51653
1;10236491929219;50;absz;7.37072e+06;6.30636e+06;5.40665e+06;4.62501e+06;3.95077e+06;3.38485e+06;2.8966e+06;2.47811e+06;2.1205e+06;1.8132e+06;1.55155e+06;1.32775e+06;1.13577e+06;971727;831240;711147;608322;520356;445117;380713;325646;278520;238215;203727;174234;149005;127428;108970;93186.9;79688.7;68144;58269.1;49825.3;42605;36429.1;31147.9;26630.9;22767.5;19463.1;16636.8;14218.8;12149.9;10379.4;8864.02;7566.69;6455.39;5502.82;4685.89;3984.23;3380.82
1;10236491929219;50;frequency;199.9999999213742;234.625769479635;275.2462588517801;322.8993264769997;378.802514688914;444.3841576318164;521.3198749487447;611.5753842550475;717.456725922716;841.6691823498468;987.3863981368913;1158.33146786315;1358.872060208682;1594.132014446359;1870.122253535556;2193.894364737048;2573.720768452858;3019.306079821149;3542.035062906734;4155.263512473084;4874.659497176026;5718.603679767398;6708.658946337209;7870.121340545211;9232.666380967203;10831.10727442716;12706.28439819177;14906.10877695531;17486.78621595445;20514.25336674129;24065.86241733066;28232.35745111674;33120.19296963342;38854.25382030405;45581.04601983359;53472.44000269313;62730.06193403319;73590.44528463698;86331.07429211862;101277.4737211686;118811.5260634959;139381.228686517;163512.140226203;191820.8086789974;225030.524286467;263989.7996954232;309694.0495706946;363311.0235703185;426210.642505751;499999.9999999716
1;10236491929219;50;phasez;-1.52964;-1.52897;-1.53047;-1.53005;-1.53147;-1.53232;-1.53269;-1.5329;-1.53308;-1.53344;-1.53375;-1.53433;-1.53426;-1.53469;-1.53472;-1.53518;-1.5353;-1.53545;-1.53571;-1.53579;-1.53591;-1.53597;-1.53599;-1.53595;-1.53581;-1.53563;-1.53535;-1.53497;-1.53447;-1.53385;-1.53308;-1.53212;-1.53098;-1.52961;-1.52799;-1.52608;-1.5238;-1.5211;-1.51791;-1.51414;-1.50968;-1.5044;-1.49817;-1.49078;-1.48202;-1.47164;-1.45931;-1.44462;-1.42705;-1.40595
2;10237262959017;50;absz;82105.7;73493.3;65800.1;58917.6;52745.9;47223;42275.6;37846.8;33881.9;30327.9;27152.6;24307.4;21759.4;19476.9;17436.2;15608.2;13971.9;12507.3;11195.8;10021.6;8970.96;8029.61;7187.36;6433.09;5757.87;5153.54;4612.55;4128;3694.3;3306.07;2958.39;2647.16;2368.46;2118.94;1895.46;1695.36;1516.12;1355.59;1211.83;1083.02;967.631;864.293;771.741;688.845;614.734;548.482;489.39;436.879;390.443;349.753
2;10237262959017;50;frequency;20000.00000002444;22385.53853899816;25055.61678390222;28044.17375656954;31389.19662092121;35133.2035329932;39323.78408414649;44014.2042055669;49264.08322518227;55140.1516811012;61717.09952482729;69078.52549602467;77317.99973512921;86540.25314108083;96862.50859274992;108415.9709538568;121347.4948009008;135821.4510731415;152021.8163702936;170154.5114554648;190450.0186878266;213166.3116533389;238592.1342356312;267050.6708003728;298903.6541519141;334555.9634717432;374460.7706856584;419125.3006744233;469117.2785435782;525072.1459047724;587701.13789258;657800.3235824071;736260.7247225839;824079.6413975459;922373.3285811875;1032391.184709951;1155531.632626961;1293359.894754076;1447627.888434013;1620296.494325686;1813560.480908265;2029876.401899315;2271993.821195295;2542990.262224833;2846310.325953354;3185809.474764127;3565803.038745301;3991121.067296888;4467169.723268114;4999999.999999929
2;10237262959017;50;phasez;-1.53741;-1.53737;-1.53699;-1.53684;-1.53644;-1.53593;-1.5353;-1.53469;-1.534;-1.5331;-1.53214;-1.53105;-1.52981;-1.52827;-1.52666;-1.52476;-1.52263;-1.52022;-1.51756;-1.51452;-1.51109;-1.50724;-1.50294;-1.4981;-1.49264;-1.48653;-1.47968;-1.47201;-1.46338;-1.4537;-1.44285;-1.43066;-1.41698;-1.40162;-1.38437;-1.36498;-1.34321;-1.31869;-1.29109;-1.26;-1.22493;-1.18532;-1.14053;-1.08976;-1.03208;-0.966484;-0.89164;-0.806078;-0.70808;-0.595629
3;10237578804841;20;absz;16975.9;13868.5;11327.1;9252.14;7557.09;6171.22;5039.8;4115.25;3359.94;2742.73;2238.11;1825.61;1488.58;1212.8;987.252;802.721;651.805;528.685;428.775;348.895
3;10237578804841;20;frequency;99999.99999990905;122862.535599424;150952.0265389597;185463.4873444638;227865.1431623047;279960.8926363817;343967.05137965;422606.6409511731;519225.2346839865;637933.2888043621;783781.0140572543;962973.2274171232;1183133.324347452;1453627.601814205;1785963.729760951;2194280.323268956;2695948.443325946;3312310.615921419;4069588.809647371;4999999.999999929
3;10237578804841;20;phasez;-1.52574;-1.52256;-1.51853;-1.51356;-1.5072;-1.49942;-1.48966;-1.47758;-1.46266;-1.44415;-1.42124;-1.39286;-1.35769;-1.314;-1.25959;-1.19156;-1.10598;-0.997668;-0.859308;-0.681297
