0;6904260252674;20;absz;1.3901e+08;1.01334e+08;7.37879e+07;5.37225e+07;3.9107e+07;2.8454e+07;2.06944e+07;1.50514e+07;1.09438e+07;7.95568e+06;5.7826e+06;4.20253e+06;3.05385e+06;2.21886e+06;1.61191e+06;1.1708e+06;850309;617423;448233;325349
0;6904260252674;20;frequency;9.999999974752427;13.86918846435492;19.23543905490988;26.67799336109056;37.00021196095804;51.31629158938722;71.17153245417285;98.70914048804025;136.9015682683994;189.8713664161278;263.3361782500288;365.2259113806622;506.5387032487934;702.5280792305466;974.3494403835484;1351.343611730726;1874.203936580443;2599.368780806799;3605.113577052066;4999.99999995282
0;6904260252674;20;phasez;-1.51498;-1.51808;-1.52085;-1.52294;-1.52445;-1.52646;-1.52743;-1.52852;-1.52942;-1.53023;-1.53082;-1.5312;-1.53138;-1.53134;-1.53095;-1.53012;-1.52868;-1.5264;-1.52293;-1.51781
1;6905031425449;50;absz;7.50524e+06;6.42059e+06;5.4937e+06;4.6997e+06;4.02002e+06;3.44065e+06;2.94309e+06;2.51823e+06;2.15445e+06;1.84356e+06;1.57724e+06;1.34911e+06;1.15428e+06;987423;844513;722450;617943;528488;452023;386593;330610;282723;241773;206750;176790;151170;129261;110525;94501.6;80803.2;69089;59071.5;50505.6;43181.3;36917.3;31562;26981.3;23064.4;19714.2;16849.1;14398.3;12301.6;10507.6;8972.31;7658.09;6532.65;5568.17;4740.95;4030.61;3419.93
1;6905031425449;50;frequency;199.9999999213742;234.625769479635;275.2462588517801;322.8993264769997;378.802514688914;444.3841576318164;521.3198749487447;611.5753842550475;717.456725922716;841.6691823498468;987.3863981368913;1158.33146786315;1358.872060208682;1594.132014446359;1870.122253535556;2193.894364737048;2573.720768452858;3019.306079821149;3542.035062906734;4155.263512473084;4874.659497176026;5718.603679767398;6708.658946337209;7870.121340545211;9232.666380967203;10831.10727442716;12706.28439819177;14906.10877695531;17486.78621595445;20514.25336674129;24065.86241733066;28232.35745111674;33120.19296963342;38854.25382030405;45581.04601983359;53472.44000269313;62730.06193403319;73590.44528463698;86331.07429211862;101277.4737211686;118811.5260634959;139381.228686517;163512.140226203;191820.8086789974;225030.524286467;263989.7996954232;309694.0495706946;363311.0235703185;426210.642505751;499999.9999999716
1;6905031425449;50;phasez;-1.5317;-1.52936;-1.53099;-1.53159;-1.53189;-1.53325;-1.53363;-1.53368;-1.53433;-1.53476;-1.53491;-1.53502;-1.53547;-1.53579;-1.53597;-1.53624;-1.53658;-1.5367;-1.53692;-1.53708;-1.5372;-1.53727;-1.5373;-1.53723;-1.53712;-1.53693;-1.53663;-1.53623;-1.53572;-1.53509;-1.5343;-1.53334;-1.53219;-1.53083;-1.52921;-1.5273;-1.52503;-1.52235;-1.51917;-1.51541;-1.51095;-1.50567;-1.49943;-1.49203;-1.48328;-1.47289;-1.46056;-1.44588;-1.42834;-1.40725
2;6905799678429;50;absz;83247.5;74527.6;66702.7;59728.6;53470.5;47858.3;42844.3;38357.8;34329.2;30729.9;27510.8;24623.4;22039.7;19728.5;17658.8;15806;14148.7;12663.4;11335;10145.6;9080.57;8127.06;7274.06;6510.2;5826.6;5214.58;4666.74;4176.27;3737.14;3344.04;2992.22;2677.22;2395.15;2142.61;1916.5;1713.99;1532.63;1370.22;1224.78;1094.5;977.785;873.286;779.722;695.907;621.005;554.048;494.352;441.292;394.395;353.305
2;6905799678429;50;frequency;20000.00000002444;22385.53853899816;25055.61678390222;28044.17375656954;31389.19662092121;35133.2035329932;39323.78408414649;44014.2042055669;49264.08322518227;55140.1516811012;61717.09952482729;69078.52549602467;77317.99973512921;86540.25314108083;96862.50859274992;108415.9709538568;121347.4948009008;135821.4510731415;152021.8163702936;170154.5114554648;190450.0186878266;213166.3116533389;238592.1342356312;267050.6708003728;298903.6541519141;334555.9634717432;374460.7706856584;419125.3006744233;469117.2785435782;525072.1459047724;587701.13789258;657800.3235824071;736260.7247225839;824079.6413975459;922373.3285811875;1032391.184709951;1155531.632626961;1293359.894754076;1447627.888434013;1620296.494325686;1813560.480908265;2029876.401899315;2271993.821195295;2542990.262224833;2846310.325953354;3185809.474764127;3565803.038745301;3991121.067296888;4467169.723268114;4999999.999999929
2;6905799678429;50;phasez;-1.53859;-1.53869;-1.53821;-1.53783;-1.53757;-1.5373;-1.53662;-1.53591;-1.53522;-1.53436;-1.53341;-1.53229;-1.53099;-1.52955;-1.52788;-1.52604;-1.52392;-1.52149;-1.51882;-1.51574;-1.51233;-1.50849;-1.50416;-1.49932;-1.49389;-1.48779;-1.48095;-1.47328;-1.46466;-1.45501;-1.44417;-1.43202;-1.41836;-1.40304;-1.38582;-1.36648;-1.34472;-1.32024;-1.29269;-1.26164;-1.2266;-1.18703;-1.14227;-1.09154;-1.0339;-0.968355;-0.893564;-0.808075;-0.710155;-0.597828
3;6906118244920;20;absz;17191.1;14043.5;11467.2;9364.66;7648.55;6244.68;5099.25;4163.08;3398.51;2773.89;2263.17;1845.74;1504.74;1225.77;997.632;811.032;658.474;534.028;433.099;352.435
3;6906118244920;20;frequency;99999.99999990905;122862.535599424;150952.0265389597;185463.4873444638;227865.1431623047;279960.8926363817;343967.05137965;422606.6409511731;519225.2346839865;637933.2888043621;783781.0140572543;962973.2274171232;1183133.324347452;1453627.601814205;1785963.729760951;2194280.323268956;2695948.443325946;3312310.615921419;4069588.809647371;4999999.999999929
3;6906118244920;20;phasez;-1.52717;-1.52385;-1.51981;-1.51477;-1.50847;-1.50063;-1.49089;-1.47885;-1.46394;-1.44549;-1.42262;-1.39433;-1.35922;-1.3156;-1.26126;-1.1933;-1.10779;-0.999568;-0.861335;-0.683477
