0;2002900666559;20;absz;1.89628e+08;1.37325e+08;9.93482e+07;7.18607e+07;5.19947e+07;3.76451e+07;2.72216e+07;1.96955e+07;1.42515e+07;1.03122e+07;7.46057e+06;5.39701e+06;3.9038e+06;2.82317e+06;2.04139e+06;1.4759e+06;1.06691e+06;771187;557375;402806
0;2002900666559;20;frequency;9.999999974752427;13.86918846435492;19.23543905490988;26.67799336109056;37.00021196095804;51.31629158938722;71.17153245417285;98.70914048804025;136.9015682683994;189.8713664161278;263.3361782500288;365.2259113806622;506.5387032487934;702.5280792305466;974.3494403835484;1351.343611730726;1874.203936580443;2599.368780806799;3605.113577052066;4999.99999995282
0;2002900666559;20;phasez;-1.55288;-1.55376;-1.55362;-1.55399;-1.55376;-1.55389;-1.55403;-1.55394;-1.55393;-1.55397;-1.55405;-1.55409;-1.55402;-1.55377;-1.55317;-1.55207;-1.55033;-1.54766;-1.54375;-1.53813
1;2003670514112;50;absz;9.69473e+06;8.29021e+06;7.08441e+06;6.04139e+06;5.16274e+06;4.40561e+06;3.76307e+06;3.20947e+06;2.7415e+06;2.33977e+06;1.997e+06;1.70424e+06;1.4548e+06;1.24168e+06;1.05964e+06;904420;771952;658723;562154;479762;409410;349405;298170;254453;217148;185318;158148;134970;115184;98304.9;83898.8;71604.8;61115.4;52162;44521.4;38000.2;32434.1;27682.7;23626.2;20163.6;17206.7;14681.4;12524.4;10681.3;9106;7759.07;6606.41;5619.35;4772.86;4045.98
1;2003670514112;50;frequency;199.9999999213742;234.625769479635;275.2462588517801;322.8993264769997;378.802514688914;444.3841576318164;521.3198749487447;611.5753842550475;717.456725922716;841.6691823498468;987.3863981368913;1158.33146786315;1358.872060208682;1594.132014446359;1870.122253535556;2193.894364737048;2573.720768452858;3019.306079821149;3542.035062906734;4155.263512473084;4874.659497176026;5718.603679767398;6708.658946337209;7870.121340545211;9232.666380967203;10831.10727442716;12706.28439819177;14906.10877695531;17486.78621595445;20514.25336674129;24065.86241733066;28232.35745111674;33120.19296963342;38854.25382030405;45581.04601983359;53472.44000269313;62730.06193403319;73590.44528463698;86331.07429211862;101277.4737211686;118811.5260634959;139381.228686517;163512.140226203;191820.8086789974;225030.524286467;263989.7996954232;309694.0495706946;363311.0235703185;426210.642505751;499999.9999999716
1;2003670514112;50;phasez;-1.55586;-1.55521;-1.55511;-1.55521;-1.55544;-1.55536;-1.55648;-1.55659;-1.55646;-1.55671;-1.557;-1.55745;-1.55745;-1.55754;-1.55769;-1.55772;-1.55775;-1.55784;-1.55779;-1.55767;-1.55755;-1.55737;-1.5571;-1.55678;-1.55638;-1.55589;-1.5553;-1.55459;-1.55376;-1.55279;-1.55165;-1.55033;-1.54882;-1.54707;-1.54504;-1.54271;-1.54;-1.53687;-1.53322;-1.52898;-1.52403;-1.51826;-1.51151;-1.5036;-1.49431;-1.48339;-1.47051;-1.45527;-1.43715;-1.41548
2;2004440112511;50;absz;101318;90572.3;80998.7;72420.7;64733.9;57885.9;51751.9;46276.7;41375.3;36987.8;33073;29572.6;26442.4;23642.8;21140.3;18904.4;16904.6;15116.9;13518;12088.9;10810.9;9667.98;8645.87;7731.86;6914.48;6183.76;5530.14;4945.69;4423.03;3955.36;3537.2;3163.12;2828.45;2529.12;2261.28;2021.69;1807.3;1615.46;1443.84;1290.24;1152.8;1029.82;919.8;821.403;733.559;655.171;585.358;523.457;468.893;421.268
2;2004440112511;50;frequency;20000.00000002444;22385.53853899816;25055.61678390222;28044.17375656954;31389.19662092121;35133.2035329932;39323.78408414649;44014.2042055669;49264.08322518227;55140.1516811012;61717.09952482729;69078.52549602467;77317.99973512921;86540.25314108083;96862.50859274992;108415.9709538568;121347.4948009008;135821.4510731415;152021.8163702936;170154.5114554648;190450.0186878266;213166.3116533389;238592.1342356312;267050.6708003728;298903.6541519141;334555.9634717432;374460.7706856584;419125.3006744233;469117.2785435782;525072.1459047724;587701.13789258;657800.3235824071;736260.7247225839;824079.6413975459;922373.3285811875;1032391.184709951;1155531.632626961;1293359.894754076;1447627.888434013;1620296.494325686;1813560.480908265;2029876.401899315;2271993.821195295;2542990.262224833;2846310.325953354;3185809.474764127;3565803.038745301;3991121.067296888;4467169.723268114;4999999.999999929
2;2004440112511;50;phasez;-1.5565;-1.55586;-1.55539;-1.55504;-1.5543;-1.55352;-1.55273;-1.55186;-1.55087;-1.54974;-1.54841;-1.54692;-1.54532;-1.5436;-1.54157;-1.53932;-1.53691;-1.53414;-1.53111;-1.52774;-1.52386;-1.51968;-1.51501;-1.5098;-1.50396;-1.49748;-1.49025;-1.48217;-1.47316;-1.46306;-1.45181;-1.43921;-1.42512;-1.40934;-1.39165;-1.37184;-1.34959;-1.32462;-1.29656;-1.265;-1.22946;-1.18939;-1.14413;-1.09294;-1.03481;-0.968847;-0.893674;-0.80786;-0.709691;-0.597234
3;2004761271377;20;absz;20576;16780;13682.6;11153.5;9094.9;7416.11;6046.51;4930.63;4019.95;3277.64;2671.98;2177.65;1774.14;1445;1176.12;956.624;777.478;631.746;513.909;420.219
3;2004761271377;20;frequency;99999.99999990905;122862.535599424;150952.0265389597;185463.4873444638;227865.1431623047;279960.8926363817;343967.05137965;422606.6409511731;519225.2346839865;637933.2888043621;783781.0140572543;962973.2274171232;1183133.324347452;1453627.601814205;1785963.729760951;2194280.323268956;2695948.443325946;3312310.615921419;4069588.809647371;4999999.999999929
3;2004761271377;20;phasez;-1.54066;-1.53681;-1.53217;-1.52636;-1.51944;-1.51097;-1.5005;-1.48778;-1.4721;-1.45283;-1.42915;-1.40001;-1.36399;-1.31947;-1.2642;-1.19533;-1.10894;-0.99991;-0.861038;-0.682844
