0;195258828380;20;absz;3.03815e+08;2.19186e+08;1.58329e+08;1.14246e+08;8.25254e+07;5.95232e+07;4.30075e+07;3.10477e+07;2.24189e+07;1.61889e+07;1.16892e+07;8.44016e+06;6.09409e+06;4.4002e+06;3.17703e+06;2.29395e+06;1.65633e+06;1.19589e+06;863432;623393
0;195258828380;20;frequency;9.999999974752427;13.86918846435492;19.23543905490988;26.67799336109056;37.00021196095804;51.31629158938722;71.17153245417285;98.70914048804025;136.9015682683994;189.8713664161278;263.3361782500288;365.2259113806622;506.5387032487934;702.5280792305466;974.3494403835484;1351.343611730726;1874.203936580443;2599.368780806799;3605.113577052066;4999.99999995282
0;195258828380;20;phasez;-1.56416;-1.56424;-1.56349;-1.56333;-1.56374;-1.5645;-1.56374;-1.56352;-1.56346;-1.56317;-1.56289;-1.56243;-1.56187;-1.56107;-1.55996;-1.55844;-1.55627;-1.55327;-1.54908;-1.54325
1;196028657314;50;absz;1.53141e+07;1.29983e+07;1.10985e+07;9.46502e+06;8.06448e+06;6.87672e+06;5.86304e+06;5.00082e+06;4.27209e+06;3.64183e+06;3.10739e+06;2.65098e+06;2.25992e+06;1.92814e+06;1.64475e+06;1.40301e+06;1.19699e+06;1.02072e+06;870699;742696;633511;540349;460892;393136;335349;286057;244003;208144;177553;151461;129208;110225;94030.6;80215;68430.4;58375.2;49798.1;42478.2;36233.5;30903.4;26355.1;22472.7;19158.1;16327.9;13910;11843.5;10076.4;8564.17;7268.28;6156.37
1;196028657314;50;frequency;199.9999999213742;234.625769479635;275.2462588517801;322.8993264769997;378.802514688914;444.3841576318164;521.3198749487447;611.5753842550475;717.456725922716;841.6691823498468;987.3863981368913;1158.33146786315;1358.872060208682;1594.132014446359;1870.122253535556;2193.894364737048;2573.720768452858;3019.306079821149;3542.035062906734;4155.263512473084;4874.659497176026;5718.603679767398;6708.658946337209;7870.121340545211;9232.666380967203;10831.10727442716;12706.28439819177;14906.10877695531;17486.78621595445;20514.25336674129;24065.86241733066;28232.35745111674;33120.19296963342;38854.25382030405;45581.04601983359;53472.44000269313;62730.06193403319;73590.44528463698;86331.07429211862;101277.4737211686;118811.5260634959;139381.228686517;163512.140226203;191820.8086789974;225030.524286467;263989.7996954232;309694.0495706946;363311.0235703185;426210.642505751;499999.9999999716
1;196028657314;50;phasez;-1.56295;-1.56448;-1.56294;-1.56558;-1.56181;-1.56344;-1.56437;-1.56318;-1.56357;-1.5645;-1.56407;-1.56369;-1.56369;-1.56375;-1.56359;-1.56369;-1.56337;-1.56335;-1.56312;-1.56288;-1.56272;-1.56244;-1.56213;-1.56174;-1.56131;-1.56079;-1.56019;-1.5595;-1.5587;-1.55779;-1.55672;-1.55549;-1.55408;-1.55243;-1.55053;-1.54834;-1.54578;-1.54281;-1.53934;-1.53529;-1.53054;-1.52498;-1.51845;-1.51078;-1.50174;-1.49108;-1.47847;-1.4635;-1.44568;-1.4243
2;196800048727;50;absz;156123;139519;124724;111453;99630.4;89065.7;79592.2;71130.2;63571;56814.1;50777.2;45382.7;40567;36258.9;32402;28962.9;25884.6;23139;20679.5;18485.8;16522.2;14769.1;13201.2;11799.3;10546.9;9427.35;8426.54;7531.48;6731.61;6016.56;5377.43;4806.02;4295.11;3838.42;3430.12;3065.1;2738.72;2446.99;2186.15;1953.01;1744.65;1558.46;1392.12;1243.54;1111.29;993.494;888.916;796.542;715.501;645.288
2;196800048727;50;frequency;20000.00000002444;22385.53853899816;25055.61678390222;28044.17375656954;31389.19662092121;35133.2035329932;39323.78408414649;44014.2042055669;49264.08322518227;55140.1516811012;61717.09952482729;69078.52549602467;77317.99973512921;86540.25314108083;96862.50859274992;108415.9709538568;121347.4948009008;135821.4510731415;152021.8163702936;170154.5114554648;190450.0186878266;213166.3116533389;238592.1342356312;267050.6708003728;298903.6541519141;334555.9634717432;374460.7706856584;419125.3006744233;469117.2785435782;525072.1459047724;587701.13789258;657800.3235824071;736260.7247225839;824079.6413975459;922373.3285811875;1032391.184709951;1155531.632626961;1293359.894754076;1447627.888434013;1620296.494325686;1813560.480908265;2029876.401899315;2271993.821195295;2542990.262224833;2846310.325953354;3185809.474764127;3565803.038745301;3991121.067296888;4467169.723268114;4999999.999999929
2;196800048727;50;phasez;-1.5619;-1.56078;-1.56041;-1.56023;-1.55936;-1.55877;-1.55825;-1.55708;-1.55629;-1.55528;-1.55404;-1.55292;-1.55136;-1.54969;-1.54789;-1.54578;-1.54342;-1.54091;-1.5379;-1.53474;-1.5311;-1.52705;-1.52253;-1.51751;-1.5119;-1.50557;-1.49855;-1.4907;-1.48189;-1.47203;-1.46098;-1.44861;-1.43475;-1.41921;-1.4018;-1.38222;-1.36026;-1.33559;-1.30784;-1.2766;-1.24141;-1.20172;-1.1569;-1.10616;-1.04849;-0.983123;-0.908619;-0.823614;-0.726417;-0.615173
3;197116321249;20;absz;31531.4;25690;20932.6;17053.9;13894.1;11314.8;9216.58;7508.15;6114.62;4980.21;4055.38;3302.1;2688.05;2187.53;1779.63;1447.58;1177.28;958.313;782.272;643.623
3;197116321249;20;frequency;99999.99999990905;122862.535599424;150952.0265389597;185463.4873444638;227865.1431623047;279960.8926363817;343967.05137965;422606.6409511731;519225.2346839865;637933.2888043621;783781.0140572543;962973.2274171232;1183133.324347452;1453627.601814205;1785963.729760951;2194280.323268956;2695948.443325946;3312310.615921419;4069588.809647371;4999999.999999929
3;197116321249;20;phasez;-1.54676;-1.54342;-1.53898;-1.53357;-1.5269;-1.5187;-1.50862;-1.49622;-1.48095;-1.46214;-1.43883;-1.41017;-1.37466;-1.3307;-1.27602;-1.20786;-1.12225;-1.01428;-0.876776;-0.700581
