0;2616643010240;20;absz;1.78004e+08;1.29061e+08;9.34908e+07;6.76725e+07;4.90065e+07;3.54824e+07;2.56926e+07;1.86002e+07;1.34667e+07;9.74964e+06;7.05829e+06;5.10929e+06;3.69819e+06;2.67667e+06;1.93716e+06;1.4019e+06;1.01448e+06;734103;531172;384327
0;2616643010240;20;frequency;9.999999974752427;13.86918846435492;19.23543905490988;26.67799336109056;37.00021196095804;51.31629158938722;71.17153245417285;98.70914048804025;136.9015682683994;189.8713664161278;263.3361782500288;365.2259113806622;506.5387032487934;702.5280792305466;974.3494403835484;1351.343611730726;1874.203936580443;2599.368780806799;3605.113577052066;4999.99999995282
0;2616643010240;20;phasez;-1.54732;-1.54834;-1.54813;-1.54921;-1.54971;-1.54955;-1.55031;-1.55039;-1.55051;-1.55064;-1.55064;-1.55052;-1.55023;-1.54972;-1.54888;-1.54758;-1.54566;-1.54289;-1.53899;-1.53347
1;2617413203473;50;absz;9.16281e+06;7.82704e+06;6.70454e+06;5.71982e+06;4.88383e+06;4.17182e+06;3.56462e+06;3.04184e+06;2.59894e+06;2.21914e+06;1.8949e+06;1.6183e+06;1.38193e+06;1.18016e+06;1.00767e+06;860381;734715;627383;535695;457449;390587;333507;284771;243150;207605;177256;151347;129217;110321;94189.8;80411.7;68649.8;58606.9;50031;42710.2;36457.5;31119.4;26561.8;22669.5;19345.7;16507.5;14083.1;12012.1;10242.6;8729.92;7436.6;6330.07;5382.44;4570.17;3872.77
1;2617413203473;50;frequency;199.9999999213742;234.625769479635;275.2462588517801;322.8993264769997;378.802514688914;444.3841576318164;521.3198749487447;611.5753842550475;717.456725922716;841.6691823498468;987.3863981368913;1158.33146786315;1358.872060208682;1594.132014446359;1870.122253535556;2193.894364737048;2573.720768452858;3019.306079821149;3542.035062906734;4155.263512473084;4874.659497176026;5718.603679767398;6708.658946337209;7870.121340545211;9232.666380967203;10831.10727442716;12706.28439819177;14906.10877695531;17486.78621595445;20514.25336674129;24065.86241733066;28232.35745111674;33120.19296963342;38854.25382030405;45581.04601983359;53472.44000269313;62730.06193403319;73590.44528463698;86331.07429211862;101277.4737211686;118811.5260634959;139381.228686517;163512.140226203;191820.8086789974;225030.524286467;263989.7996954232;309694.0495706946;363311.0235703185;426210.642505751;499999.9999999716
1;2617413203473;50;phasez;-1.54952;-1.5525;-1.55123;-1.55125;-1.55169;-1.55305;-1.55184;-1.553;-1.55257;-1.5529;-1.55274;-1.55284;-1.55291;-1.55287;-1.55305;-1.55302;-1.55305;-1.55306;-1.55304;-1.55295;-1.55286;-1.55279;-1.55263;-1.55248;-1.55224;-1.55195;-1.55159;-1.55113;-1.55057;-1.54989;-1.54906;-1.54807;-1.54689;-1.54547;-1.5438;-1.54182;-1.53947;-1.53667;-1.53337;-1.52947;-1.52485;-1.5194;-1.51296;-1.50535;-1.49635;-1.48571;-1.4731;-1.45812;-1.44025;-1.41881
2;2618184238470;50;absz;97106.5;86827.6;77611;69424.4;62090.9;55505.3;49650.5;44389.3;39690.1;35489.4;31735.8;28375.5;25372.6;22686.2;20285.3;18138.7;16217.9;14501;12966.8;11593.9;10366.6;9269.29;8287.86;7410.61;6625.73;5924.14;5296.75;4735.88;4234.16;3785.56;3384.3;3025.52;2704.6;2417.61;2160.88;1931.25;1725.83;1542.08;1377.66;1230.56;1099;981.259;875.985;781.825;697.775;622.765;555.968;496.738;444.479;398.831
2;2618184238470;50;frequency;20000.00000002444;22385.53853899816;25055.61678390222;28044.17375656954;31389.19662092121;35133.2035329932;39323.78408414649;44014.2042055669;49264.08322518227;55140.1516811012;61717.09952482729;69078.52549602467;77317.99973512921;86540.25314108083;96862.50859274992;108415.9709538568;121347.4948009008;135821.4510731415;152021.8163702936;170154.5114554648;190450.0186878266;213166.3116533389;238592.1342356312;267050.6708003728;298903.6541519141;334555.9634717432;374460.7706856584;419125.3006744233;469117.2785435782;525072.1459047724;587701.13789258;657800.3235824071;736260.7247225839;824079.6413975459;922373.3285811875;1032391.184709951;1155531.632626961;1293359.894754076;1447627.888434013;1620296.494325686;1813560.480908265;2029876.401899315;2271993.821195295;2542990.262224833;2846310.325953354;3185809.474764127;3565803.038745301;3991121.067296888;4467169.723268114;4999999.999999929
2;2618184238470;50;phasez;-1.55392;-1.55324;-1.55311;-1.55276;-1.55241;-1.55145;-1.55101;-1.55061;-1.54986;-1.54887;-1.54789;-1.54664;-1.5453;-1.54373;-1.54199;-1.53999;-1.53776;-1.53524;-1.53242;-1.52926;-1.52567;-1.52167;-1.51717;-1.51215;-1.50652;-1.50022;-1.49313;-1.48522;-1.47637;-1.46646;-1.45534;-1.44289;-1.42894;-1.41328;-1.39572;-1.37602;-1.35391;-1.32905;-1.30111;-1.26967;-1.23424;-1.19427;-1.14912;-1.098;-1.03998;-0.974097;-0.899003;-0.813262;-0.715125;-0.602701
3;2618503763351;20;absz;19742.9;16098.5;13122.6;10694.5;8717.9;7106.67;5791.88;4720.93;3847.3;3135.33;2554.42;2080.62;1694.08;1378.76;1121.31;911.195;739.803;600.346;487.586;397.851
3;2618503763351;20;frequency;99999.99999990905;122862.535599424;150952.0265389597;185463.4873444638;227865.1431623047;279960.8926363817;343967.05137965;422606.6409511731;519225.2346839865;637933.2888043621;783781.0140572543;962973.2274171232;1183133.324347452;1453627.601814205;1785963.729760951;2194280.323268956;2695948.443325946;3312310.615921419;4069588.809647371;4999999.999999929
3;2618503763351;20;phasez;-1.5412;-1.53767;-1.53342;-1.52814;-1.52148;-1.51337;-1.50329;-1.49078;-1.47543;-1.45646;-1.43304;-1.4041;-1.36834;-1.32403;-1.26896;-1.20029;-1.11407;-1.00521;-0.866464;-0.688329
