0;6742505272675;20;absz;1.39334e+08;1.0154e+08;7.39773e+07;5.3867e+07;3.92021e+07;2.85356e+07;2.07481e+07;1.5088e+07;1.09701e+07;7.97436e+06;5.79606e+06;4.21221e+06;3.0608e+06;2.22383e+06;1.61547e+06;1.17341e+06;852149;618741;449181;326024
0;6742505272675;20;frequency;9.999999974752427;13.86918846435492;19.23543905490988;26.67799336109056;37.00021196095804;51.31629158938722;71.17153245417285;98.70914048804025;136.9015682683994;189.8713664161278;263.3361782500288;365.2259113806622;506.5387032487934;702.5280792305466;974.3494403835484;1351.343611730726;1874.203936580443;2599.368780806799;3605.113577052066;4999.99999995282
0;6742505272675;20;phasez;-1.51549;-1.51859;-1.52061;-1.5229;-1.52455;-1.52588;-1.52731;-1.52863;-1.52961;-1.53035;-1.53094;-1.53132;-1.53152;-1.53147;-1.53109;-1.53026;-1.52884;-1.52657;-1.5231;-1.51799
1;6743274240449;50;absz;7.5207e+06;6.43667e+06;5.49968e+06;4.71347e+06;4.03216e+06;3.45101e+06;2.94944e+06;2.52483e+06;2.15851e+06;1.84756e+06;1.5806e+06;1.35209e+06;1.15677e+06;989563;846471;724001;619253;529636;452946;387383;331294;283307;242266;207169;177146;151471;129512;110737;94683.6;80956.8;69218.7;59180;50598.3;43259;36984.1;31617.9;27029;23104.8;19748.7;16878.6;14422.9;12322.4;10525.6;8987.47;7670.92;6543.54;5577.34;4748.72;4037.25;3425.48
1;6743274240449;50;frequency;199.9999999213742;234.625769479635;275.2462588517801;322.8993264769997;378.802514688914;444.3841576318164;521.3198749487447;611.5753842550475;717.456725922716;841.6691823498468;987.3863981368913;1158.33146786315;1358.872060208682;1594.132014446359;1870.122253535556;2193.894364737048;2573.720768452858;3019.306079821149;3542.035062906734;4155.263512473084;4874.659497176026;5718.603679767398;6708.658946337209;7870.121340545211;9232.666380967203;10831.10727442716;12706.28439819177;14906.10877695531;17486.78621595445;20514.25336674129;24065.86241733066;28232.35745111674;33120.19296963342;38854.25382030405;45581.04601983359;53472.44000269313;62730.06193403319;73590.44528463698;86331.07429211862;101277.4737211686;118811.5260634959;139381.228686517;163512.140226203;191820.8086789974;225030.524286467;263989.7996954232;309694.0495706946;363311.0235703185;426210.642505751;499999.9999999716
1;6743274240449;50;phasez;-1.5318;-1.53049;-1.53242;-1.53324;-1.53386;-1.53374;-1.53442;-1.5345;-1.53452;-1.53499;-1.53503;-1.53537;-1.53558;-1.53592;-1.53627;-1.53648;-1.53667;-1.53689;-1.5371;-1.53728;-1.53736;-1.53746;-1.53749;-1.53743;-1.53731;-1.53711;-1.53682;-1.53642;-1.5359;-1.53526;-1.53448;-1.53352;-1.53237;-1.531;-1.52938;-1.52746;-1.52519;-1.5225;-1.51932;-1.51555;-1.51109;-1.50581;-1.49956;-1.49216;-1.4834;-1.47301;-1.46068;-1.44601;-1.42847;-1.40739
2;6744045480938;50;absz;83395.3;74663.7;66849.5;59846.8;53566.1;47951.4;42935.2;38426.8;34398.6;30790.1;27559.5;24667.1;22080.5;19763.5;17690.3;15835;14173.3;12685.9;11354.9;10163.1;9096.51;8141.4;7286.51;6521.32;5836.42;5223.34;4674.62;4183.19;3743.44;3349.69;2997.29;2681.67;2399.09;2146.1;1919.57;1716.75;1535.11;1372.43;1226.73;1096.23;979.337;874.649;780.926;696.998;621.95;554.9;495.097;441.974;394.998;353.851
2;6744045480938;50;frequency;20000.00000002444;22385.53853899816;25055.61678390222;28044.17375656954;31389.19662092121;35133.2035329932;39323.78408414649;44014.2042055669;49264.08322518227;55140.1516811012;61717.09952482729;69078.52549602467;77317.99973512921;86540.25314108083;96862.50859274992;108415.9709538568;121347.4948009008;135821.4510731415;152021.8163702936;170154.5114554648;190450.0186878266;213166.3116533389;238592.1342356312;267050.6708003728;298903.6541519141;334555.9634717432;374460.7706856584;419125.3006744233;469117.2785435782;525072.1459047724;587701.13789258;657800.3235824071;736260.7247225839;824079.6413975459;922373.3285811875;1032391.184709951;1155531.632626961;1293359.894754076;1447627.888434013;1620296.494325686;1813560.480908265;2029876.401899315;2271993.821195295;2542990.262224833;2846310.325953354;3185809.474764127;3565803.038745301;3991121.067296888;4467169.723268114;4999999.999999929
2;6744045480938;50;phasez;-1.53903;-1.53891;-1.53842;-1.53821;-1.53777;-1.53721;-1.53683;-1.53612;-1.53552;-1.53461;-1.53365;-1.53254;-1.53117;-1.52965;-1.52804;-1.52615;-1.52404;-1.52164;-1.51894;-1.51589;-1.51244;-1.5086;-1.50428;-1.49945;-1.49402;-1.48792;-1.48108;-1.47341;-1.4648;-1.45515;-1.44429;-1.43215;-1.4185;-1.40318;-1.38596;-1.36662;-1.34487;-1.3204;-1.29284;-1.26179;-1.22676;-1.18719;-1.14242;-1.09169;-1.03405;-0.968512;-0.893726;-0.808233;-0.710323;-0.598013
3;6744364933152;20;absz;17221.5;14067.5;11486.5;9381.36;7661.74;6255.41;5107.89;4170.04;3404.08;2778.29;2266.76;1848.62;1507.07;1227.63;999.136;812.242;659.436;534.815;433.739;352.953
3;6744364933152;20;frequency;99999.99999990905;122862.535599424;150952.0265389597;185463.4873444638;227865.1431623047;279960.8926363817;343967.05137965;422606.6409511731;519225.2346839865;637933.2888043621;783781.0140572543;962973.2274171232;1183133.324347452;1453627.601814205;1785963.729760951;2194280.323268956;2695948.443325946;3312310.615921419;4069588.809647371;4999999.999999929
3;6744364933152;20;phasez;-1.52721;-1.52393;-1.51997;-1.51491;-1.50857;-1.50075;-1.49104;-1.47899;-1.46409;-1.44563;-1.42277;-1.39446;-1.35937;-1.31576;-1.26143;-1.19347;-1.10796;-0.999735;-0.861503;-0.683652
