0;8539311474237;20;absz;1.36768e+08;9.9674e+07;7.26485e+07;5.29058e+07;3.85297e+07;2.80536e+07;2.04103e+07;1.48485e+07;1.07985e+07;7.85226e+06;5.70888e+06;4.14967e+06;3.01585e+06;2.19161e+06;1.59235e+06;1.15683e+06;840263;610237;443106;321704
0;8539311474237;20;frequency;9.999999974752427;13.86918846435492;19.23543905490988;26.67799336109056;37.00021196095804;51.31629158938722;71.17153245417285;98.70914048804025;136.9015682683994;189.8713664161278;263.3361782500288;365.2259113806622;506.5387032487934;702.5280792305466;974.3494403835484;1351.343611730726;1874.203936580443;2599.368780806799;3605.113577052066;4999.99999995282
0;8539311474237;20;phasez;-1.51146;-1.51388;-1.5174;-1.51975;-1.522;-1.5236;-1.52545;-1.52677;-1.52794;-1.5289;-1.5296;-1.53012;-1.53042;-1.53042;-1.53005;-1.52923;-1.52776;-1.52545;-1.52197;-1.51683
1;8540079629025;50;absz;7.39454e+06;6.33586e+06;5.41475e+06;4.64034e+06;3.96886e+06;3.39883e+06;2.90698e+06;2.48726e+06;2.12789e+06;1.82095e+06;1.55812e+06;1.333e+06;1.14047e+06;975495;834600;714000;610762;522408;446833;382209;326897;279584;239109;204492;174879;149553;127893;109366;93521.6;79971.5;68383.4;58473.4;49999;42751.6;36554.3;31254.1;26720.9;22844;19528.1;16691.8;14265.5;12189.8;10413.2;8893.02;7591.28;6476.42;5520.87;4701.19;3997.36;3391.96
1;8540079629025;50;frequency;199.9999999213742;234.625769479635;275.2462588517801;322.8993264769997;378.802514688914;444.3841576318164;521.3198749487447;611.5753842550475;717.456725922716;841.6691823498468;987.3863981368913;1158.33146786315;1358.872060208682;1594.132014446359;1870.122253535556;2193.894364737048;2573.720768452858;3019.306079821149;3542.035062906734;4155.263512473084;4874.659497176026;5718.603679767398;6708.658946337209;7870.121340545211;9232.666380967203;10831.10727442716;12706.28439819177;14906.10877695531;17486.78621595445;20514.25336674129;24065.86241733066;28232.35745111674;33120.19296963342;38854.25382030405;45581.04601983359;53472.44000269313;62730.06193403319;73590.44528463698;86331.07429211862;101277.4737211686;118811.5260634959;139381.228686517;163512.140226203;191820.8086789974;225030.524286467;263989.7996954232;309694.0495706946;363311.0235703185;426210.642505751;499999.9999999716
1;8540079629025;50;phasez;-1.5307;-1.52955;-1.53167;-1.53098;-1.53163;-1.53192;-1.53287;-1.5332;-1.5332;-1.53363;-1.53417;-1.53409;-1.53458;-1.5349;-1.53512;-1.53538;-1.53559;-1.53579;-1.53596;-1.53607;-1.53623;-1.53626;-1.53627;-1.53621;-1.5361;-1.53591;-1.53562;-1.53524;-1.53473;-1.53411;-1.53332;-1.53236;-1.53122;-1.52984;-1.52821;-1.52629;-1.524;-1.5213;-1.51809;-1.51431;-1.50983;-1.50454;-1.49829;-1.49088;-1.48211;-1.47172;-1.45939;-1.4447;-1.42716;-1.40607
2;8540850608818;50;absz;82363.6;73735.5;66031.3;59102.7;52916.1;47374.5;42408.6;37968.8;33991.8;30429.3;27239.8;24381.6;21827;19540.8;17492.2;15657.1;14016;12546.4;11231.3;10054;8999.02;8055.07;7210.12;6453.36;5776.23;5169.91;4627.02;4141.18;3706.01;3316.45;2967.77;2655.52;2375.9;2125.53;1901.35;1700.57;1520.79;1359.73;1215.46;1086.27;970.54;866.875;774.03;690.889;616.543;550.108;490.84;438.172;391.606;350.805
2;8540850608818;50;frequency;20000.00000002444;22385.53853899816;25055.61678390222;28044.17375656954;31389.19662092121;35133.2035329932;39323.78408414649;44014.2042055669;49264.08322518227;55140.1516811012;61717.09952482729;69078.52549602467;77317.99973512921;86540.25314108083;96862.50859274992;108415.9709538568;121347.4948009008;135821.4510731415;152021.8163702936;170154.5114554648;190450.0186878266;213166.3116533389;238592.1342356312;267050.6708003728;298903.6541519141;334555.9634717432;374460.7706856584;419125.3006744233;469117.2785435782;525072.1459047724;587701.13789258;657800.3235824071;736260.7247225839;824079.6413975459;922373.3285811875;1032391.184709951;1155531.632626961;1293359.894754076;1447627.888434013;1620296.494325686;1813560.480908265;2029876.401899315;2271993.821195295;2542990.262224833;2846310.325953354;3185809.474764127;3565803.038745301;3991121.067296888;4467169.723268114;4999999.999999929
2;8540850608818;50;phasez;-1.53762;-1.53758;-1.53739;-1.53707;-1.53664;-1.53613;-1.53564;-1.53497;-1.53439;-1.53334;-1.53231;-1.5312;-1.52999;-1.52849;-1.52677;-1.52489;-1.52277;-1.52037;-1.51766;-1.51459;-1.51118;-1.50734;-1.50303;-1.49818;-1.49273;-1.48661;-1.47976;-1.4721;-1.46349;-1.45382;-1.44297;-1.43081;-1.41715;-1.4018;-1.38459;-1.36522;-1.34346;-1.31895;-1.29138;-1.26031;-1.22525;-1.18566;-1.14087;-1.09009;-1.03243;-0.966848;-0.892012;-0.806471;-0.708472;-0.596055
3;8541167202496;20;absz;17024.4;13909.1;11359.9;9278.59;7579.17;6189.12;5054.92;4127.56;3369.99;2750.98;2244.85;1831.07;1493.05;1216.4;990.156;805.059;653.679;530.187;430.003;349.915
3;8541167202496;20;frequency;99999.99999990905;122862.535599424;150952.0265389597;185463.4873444638;227865.1431623047;279960.8926363817;343967.05137965;422606.6409511731;519225.2346839865;637933.2888043621;783781.0140572543;962973.2274171232;1183133.324347452;1453627.601814205;1785963.729760951;2194280.323268956;2695948.443325946;3312310.615921419;4069588.809647371;4999999.999999929
3;8541167202496;20;phasez;-1.52594;-1.52276;-1.51867;-1.5136;-1.50733;-1.49946;-1.48971;-1.47767;-1.46275;-1.44428;-1.42142;-1.39308;-1.35794;-1.31429;-1.25991;-1.1919;-1.10634;-0.998023;-0.859688;-0.681663
