0;6340754151982;20;absz;1.40404e+08;1.0231e+08;7.45157e+07;5.42228e+07;3.94626e+07;2.86893e+07;2.08782e+07;1.51785e+07;1.10359e+07;8.02218e+06;5.83075e+06;4.23742e+06;3.0791e+06;2.23708e+06;1.62506e+06;1.1803e+06;857073;622283;451735;327880
0;6340754151982;20;frequency;9.999999974752427;13.86918846435492;19.23543905490988;26.67799336109056;37.00021196095804;51.31629158938722;71.17153245417285;98.70914048804025;136.9015682683994;189.8713664161278;263.3361782500288;365.2259113806622;506.5387032487934;702.5280792305466;974.3494403835484;1351.343611730726;1874.203936580443;2599.368780806799;3605.113577052066;4999.99999995282
0;6340754151982;20;phasez;-1.51711;-1.52011;-1.52221;-1.52438;-1.52568;-1.52691;-1.52826;-1.5292;-1.53007;-1.53069;-1.53118;-1.53154;-1.53173;-1.53168;-1.53131;-1.53048;-1.52906;-1.52676;-1.52326;-1.51812
1;6341524976903;50;absz;7.55702e+06;6.46555e+06;5.53291e+06;4.73819e+06;4.04855e+06;3.47033e+06;2.96815e+06;2.53936e+06;2.17263e+06;1.85887e+06;1.58993e+06;1.3604e+06;1.16342e+06;995238;851388;728173;622801;532648;455541;389598;333175;284909;243643;208336;178148;152328;130247;111365;95217.6;81408.4;69602.1;59505.1;50873;43492.5;37181.4;31784.8;27170.2;23224;19849.6;16963.9;14495.3;12383.8;10577.6;9031.7;7708.46;6575.23;5604.28;4771.53;4056.56;3441.69
1;6341524976903;50;frequency;199.9999999213742;234.625769479635;275.2462588517801;322.8993264769997;378.802514688914;444.3841576318164;521.3198749487447;611.5753842550475;717.456725922716;841.6691823498468;987.3863981368913;1158.33146786315;1358.872060208682;1594.132014446359;1870.122253535556;2193.894364737048;2573.720768452858;3019.306079821149;3542.035062906734;4155.263512473084;4874.659497176026;5718.603679767398;6708.658946337209;7870.121340545211;9232.666380967203;10831.10727442716;12706.28439819177;14906.10877695531;17486.78621595445;20514.25336674129;24065.86241733066;28232.35745111674;33120.19296963342;38854.25382030405;45581.04601983359;53472.44000269313;62730.06193403319;73590.44528463698;86331.07429211862;101277.4737211686;118811.5260634959;139381.228686517;163512.140226203;191820.8086789974;225030.524286467;263989.7996954232;309694.0495706946;363311.0235703185;426210.642505751;499999.9999999716
1;6341524976903;50;phasez;-1.52993;-1.5346;-1.53307;-1.5322;-1.53351;-1.53317;-1.53451;-1.53416;-1.53494;-1.53494;-1.53508;-1.53561;-1.53594;-1.53612;-1.5363;-1.53666;-1.53692;-1.53711;-1.5373;-1.53745;-1.53753;-1.53761;-1.53758;-1.53758;-1.53749;-1.53732;-1.53705;-1.53668;-1.53621;-1.5356;-1.53483;-1.5339;-1.53277;-1.53142;-1.5298;-1.52789;-1.52562;-1.52293;-1.51973;-1.51596;-1.51149;-1.5062;-1.49994;-1.49254;-1.48377;-1.47338;-1.46105;-1.44638;-1.42884;-1.40778
2;6342293122524;50;absz;83874.1;75078.3;67205.4;60162.8;53855.9;48214.7;43150.7;38629.5;34578.2;30949.4;27705.3;24794.2;22192.7;19863.8;17779.6;15913.2;14244.2;12748.6;11409.5;10212.8;9140.37;8180.63;7321.72;6552.46;5864.27;5248.07;4696.56;4202.94;3760.96;3365.31;3011.15;2694;2410.04;2155.89;1928.27;1724.45;1541.96;1378.51;1232.14;1101.02;983.614;878.435;784.287;699.964;624.607;557.262;497.208;443.848;396.684;355.373
2;6342293122524;50;frequency;20000.00000002444;22385.53853899816;25055.61678390222;28044.17375656954;31389.19662092121;35133.2035329932;39323.78408414649;44014.2042055669;49264.08322518227;55140.1516811012;61717.09952482729;69078.52549602467;77317.99973512921;86540.25314108083;96862.50859274992;108415.9709538568;121347.4948009008;135821.4510731415;152021.8163702936;170154.5114554648;190450.0186878266;213166.3116533389;238592.1342356312;267050.6708003728;298903.6541519141;334555.9634717432;374460.7706856584;419125.3006744233;469117.2785435782;525072.1459047724;587701.13789258;657800.3235824071;736260.7247225839;824079.6413975459;922373.3285811875;1032391.184709951;1155531.632626961;1293359.894754076;1447627.888434013;1620296.494325686;1813560.480908265;2029876.401899315;2271993.821195295;2542990.262224833;2846310.325953354;3185809.474764127;3565803.038745301;3991121.067296888;4467169.723268114;4999999.999999929
2;6342293122524;50;phasez;-1.53933;-1.53898;-1.53882;-1.5386;-1.53805;-1.53763;-1.53727;-1.53654;-1.5358;-1.53509;-1.53414;-1.53289;-1.53166;-1.53015;-1.52843;-1.52653;-1.52443;-1.52205;-1.51932;-1.51631;-1.51283;-1.509;-1.50469;-1.49982;-1.49439;-1.4883;-1.48146;-1.47378;-1.46517;-1.45556;-1.44471;-1.43257;-1.41893;-1.40361;-1.38642;-1.36708;-1.34534;-1.32087;-1.29333;-1.26228;-1.22726;-1.1877;-1.14295;-1.09221;-1.0346;-0.96907;-0.894301;-0.808829;-0.710934;-0.598642
3;6342609444862;20;absz;17306.3;14136.5;11543;9425.98;7698.03;6285.05;5131.93;4189.51;3419.86;2791.12;2277.09;1856.98;1513.81;1233.05;1003.49;815.736;662.249;537.085;435.583;354.481
3;6342609444862;20;frequency;99999.99999990905;122862.535599424;150952.0265389597;185463.4873444638;227865.1431623047;279960.8926363817;343967.05137965;422606.6409511731;519225.2346839865;637933.2888043621;783781.0140572543;962973.2274171232;1183133.324347452;1453627.601814205;1785963.729760951;2194280.323268956;2695948.443325946;3312310.615921419;4069588.809647371;4999999.999999929
3;6342609444862;20;phasez;-1.52757;-1.52441;-1.52035;-1.51524;-1.50895;-1.50115;-1.49144;-1.47937;-1.46445;-1.44603;-1.42322;-1.39492;-1.35985;-1.31626;-1.26193;-1.194;-1.10851;-1.00031;-0.86211;-0.684317
