0;6310065679999;20;absz;1.40591e+08;1.02363e+08;7.45351e+07;5.42538e+07;3.94874e+07;2.87324e+07;2.08883e+07;1.51897e+07;1.10427e+07;8.02711e+06;5.83435e+06;4.24008e+06;3.0809e+06;2.23839e+06;1.62602e+06;1.18095e+06;857578;622654;452006;328064
0;6310065679999;20;frequency;9.999999974752427;13.86918846435492;19.23543905490988;26.67799336109056;37.00021196095804;51.31629158938722;71.17153245417285;98.70914048804025;136.9015682683994;189.8713664161278;263.3361782500288;365.2259113806622;506.5387032487934;702.5280792305466;974.3494403835484;1351.343611730726;1874.203936580443;2599.368780806799;3605.113577052066;4999.99999995282
0;6310065679999;20;phasez;-1.51835;-1.52062;-1.52243;-1.52429;-1.5258;-1.52741;-1.52823;-1.52919;-1.53008;-1.53076;-1.53123;-1.53156;-1.53176;-1.53168;-1.53133;-1.53049;-1.52907;-1.52677;-1.52329;-1.51817
1;6310835560739;50;absz;7.56726e+06;6.46828e+06;5.54812e+06;4.7404e+06;4.05798e+06;3.47099e+06;2.96792e+06;2.54129e+06;2.17295e+06;1.85996e+06;1.5905e+06;1.36079e+06;1.16414e+06;995926;851759;728554;623146;532929;455788;389786;333359;285064;243772;208451;178247;152407;130314;111420;95263.2;81447.2;69634.3;59533.3;50896.2;43512.3;37198.9;31799.9;27182.8;23234.6;19858.4;16971;14501.5;12389.1;10581.9;9035.44;7711.67;6578.03;5606.6;4773.56;4058.22;3443.05
1;6310835560739;50;frequency;199.9999999213742;234.625769479635;275.2462588517801;322.8993264769997;378.802514688914;444.3841576318164;521.3198749487447;611.5753842550475;717.456725922716;841.6691823498468;987.3863981368913;1158.33146786315;1358.872060208682;1594.132014446359;1870.122253535556;2193.894364737048;2573.720768452858;3019.306079821149;3542.035062906734;4155.263512473084;4874.659497176026;5718.603679767398;6708.658946337209;7870.121340545211;9232.666380967203;10831.10727442716;12706.28439819177;14906.10877695531;17486.78621595445;20514.25336674129;24065.86241733066;28232.35745111674;33120.19296963342;38854.25382030405;45581.04601983359;53472.44000269313;62730.06193403319;73590.44528463698;86331.07429211862;101277.4737211686;118811.5260634959;139381.228686517;163512.140226203;191820.8086789974;225030.524286467;263989.7996954232;309694.0495706946;363311.0235703185;426210.642505751;499999.9999999716
1;6310835560739;50;phasez;-1.53216;-1.52945;-1.53323;-1.5313;-1.53266;-1.53419;-1.53457;-1.53445;-1.53469;-1.5351;-1.53511;-1.5356;-1.5359;-1.53606;-1.53645;-1.53672;-1.53692;-1.53709;-1.53729;-1.53742;-1.53759;-1.53764;-1.53764;-1.53763;-1.53752;-1.53737;-1.53711;-1.53675;-1.53628;-1.53566;-1.5349;-1.53396;-1.53283;-1.53147;-1.52986;-1.52795;-1.52567;-1.52298;-1.51979;-1.51601;-1.51153;-1.50624;-1.49998;-1.49257;-1.48381;-1.47341;-1.46109;-1.44641;-1.42887;-1.40781
2;6311603705435;50;absz;83908.6;75123.6;67232.5;60188.8;53885.6;48230.2;43170.3;38644.4;34592.1;30963.3;27710.8;24804.6;22203.7;19871.8;17787.8;15920.1;14249.9;12753.5;11415;10217.3;9143.89;8183.97;7324.5;6555.08;5866.63;5250.21;4698.53;4204.57;3762.37;3366.57;3012.23;2695;2410.93;2156.65;1928.96;1725.06;1542.48;1378.98;1232.53;1101.38;983.934;878.743;784.551;700.192;624.824;557.456;497.375;444.008;396.827;355.493
2;6311603705435;50;frequency;20000.00000002444;22385.53853899816;25055.61678390222;28044.17375656954;31389.19662092121;35133.2035329932;39323.78408414649;44014.2042055669;49264.08322518227;55140.1516811012;61717.09952482729;69078.52549602467;77317.99973512921;86540.25314108083;96862.50859274992;108415.9709538568;121347.4948009008;135821.4510731415;152021.8163702936;170154.5114554648;190450.0186878266;213166.3116533389;238592.1342356312;267050.6708003728;298903.6541519141;334555.9634717432;374460.7706856584;419125.3006744233;469117.2785435782;525072.1459047724;587701.13789258;657800.3235824071;736260.7247225839;824079.6413975459;922373.3285811875;1032391.184709951;1155531.632626961;1293359.894754076;1447627.888434013;1620296.494325686;1813560.480908265;2029876.401899315;2271993.821195295;2542990.262224833;2846310.325953354;3185809.474764127;3565803.038745301;3991121.067296888;4467169.723268114;4999999.999999929
2;6311603705435;50;phasez;-1.53927;-1.53914;-1.53883;-1.53856;-1.53812;-1.53772;-1.53717;-1.53667;-1.53582;-1.53493;-1.534;-1.53291;-1.53165;-1.53018;-1.52851;-1.52667;-1.52443;-1.52209;-1.51936;-1.51627;-1.51285;-1.50903;-1.50472;-1.49986;-1.49443;-1.48832;-1.48149;-1.47383;-1.46522;-1.45557;-1.44475;-1.43262;-1.41897;-1.40365;-1.38645;-1.36711;-1.34538;-1.32092;-1.29337;-1.26233;-1.22731;-1.18775;-1.143;-1.09226;-1.03466;-0.969125;-0.894359;-0.808898;-0.711006;-0.598712
3;6311919853591;20;absz;17316.9;14145.7;11549;9431.04;7701.88;6288.26;5134.59;4191.5;3421.58;2792.43;2278.2;1857.82;1514.51;1233.63;1003.96;816.121;662.548;537.33;435.776;354.634
3;6311919853591;20;frequency;99999.99999990905;122862.535599424;150952.0265389597;185463.4873444638;227865.1431623047;279960.8926363817;343967.05137965;422606.6409511731;519225.2346839865;637933.2888043621;783781.0140572543;962973.2274171232;1183133.324347452;1453627.601814205;1785963.729760951;2194280.323268956;2695948.443325946;3312310.615921419;4069588.809647371;4999999.999999929
3;6311919853591;20;phasez;-1.52755;-1.52442;-1.52033;-1.51531;-1.50899;-1.50117;-1.49146;-1.47941;-1.46452;-1.44606;-1.42325;-1.39496;-1.35988;-1.31629;-1.26197;-1.19403;-1.10856;-1.00035;-0.862165;-0.684366
