0;8053907286094;20;absz;1.37141e+08;1.00008e+08;7.28701e+07;5.30779e+07;3.86418e+07;2.81139e+07;2.04614e+07;1.48851e+07;1.0825e+07;7.87067e+06;5.72196e+06;4.15906e+06;3.02262e+06;2.19644e+06;1.59586e+06;1.15936e+06;842093;611579;444068;322393
0;8053907286094;20;frequency;9.999999974752427;13.86918846435492;19.23543905490988;26.67799336109056;37.00021196095804;51.31629158938722;71.17153245417285;98.70914048804025;136.9015682683994;189.8713664161278;263.3361782500288;365.2259113806622;506.5387032487934;702.5280792305466;974.3494403835484;1351.343611730726;1874.203936580443;2599.368780806799;3605.113577052066;4999.99999995282
0;8053907286094;20;phasez;-1.51206;-1.51559;-1.51802;-1.52033;-1.52259;-1.52433;-1.52601;-1.52726;-1.5283;-1.5292;-1.52987;-1.53033;-1.53057;-1.53055;-1.53016;-1.52933;-1.52787;-1.52557;-1.52208;-1.51696
1;8054675431030;50;absz;7.4085e+06;6.34376e+06;5.4363e+06;4.65026e+06;3.97643e+06;3.40437e+06;2.91401e+06;2.4936e+06;2.1327e+06;1.82504e+06;1.56118e+06;1.3357e+06;1.14274e+06;977692;836409;715488;612042;523531;447785;383007;327578;280160;239609;204918;175242;149861;128150;109585;93707.5;80128.2;68515.9;58586;50095.1;42832.4;36622.9;31312.5;26769.9;22885;19562.7;16720.6;14289.8;12209.8;10430.1;8906.67;7602.48;6485.63;5528.38;4707.37;4002.33;3396.04
1;8054675431030;50;frequency;199.9999999213742;234.625769479635;275.2462588517801;322.8993264769997;378.802514688914;444.3841576318164;521.3198749487447;611.5753842550475;717.456725922716;841.6691823498468;987.3863981368913;1158.33146786315;1358.872060208682;1594.132014446359;1870.122253535556;2193.894364737048;2573.720768452858;3019.306079821149;3542.035062906734;4155.263512473084;4874.659497176026;5718.603679767398;6708.658946337209;7870.121340545211;9232.666380967203;10831.10727442716;12706.28439819177;14906.10877695531;17486.78621595445;20514.25336674129;24065.86241733066;28232.35745111674;33120.19296963342;38854.25382030405;45581.04601983359;53472.44000269313;62730.06193403319;73590.44528463698;86331.07429211862;101277.4737211686;118811.5260634959;139381.228686517;163512.140226203;191820.8086789974;225030.524286467;263989.7996954232;309694.0495706946;363311.0235703185;426210.642505751;499999.9999999716
1;8054675431030;50;phasez;-1.53061;-1.52977;-1.52897;-1.53209;-1.53225;-1.53158;-1.53254;-1.53282;-1.53369;-1.53377;-1.53412;-1.53435;-1.53449;-1.53507;-1.53525;-1.53546;-1.53567;-1.53586;-1.53607;-1.53623;-1.53632;-1.5364;-1.53642;-1.53639;-1.53628;-1.5361;-1.53582;-1.53543;-1.53494;-1.5343;-1.53355;-1.5326;-1.53146;-1.5301;-1.52848;-1.52658;-1.5243;-1.52162;-1.51844;-1.51468;-1.51023;-1.50496;-1.49872;-1.49133;-1.48257;-1.47219;-1.45986;-1.44518;-1.42762;-1.40653
2;8055443499433;50;absz;82531;73894.3;66170.7;59232.8;53029.6;47473.4;42503.6;38040.3;34055.9;30487.8;27289.9;24427.8;21867.2;19574;17522.4;15685.1;14040.3;12567.8;11249.7;10069.5;9012.85;8067.07;7220.84;6462.8;5784.26;5176.85;4633.27;4146.47;3710.73;3320.6;2971.42;2658.61;2378.6;2127.91;1903.44;1702.41;1522.38;1361.13;1216.68;1087.32;971.45;867.661;774.708;691.488;617.066;550.565;491.245;438.535;391.919;351.089
2;8055443499433;50;frequency;20000.00000002444;22385.53853899816;25055.61678390222;28044.17375656954;31389.19662092121;35133.2035329932;39323.78408414649;44014.2042055669;49264.08322518227;55140.1516811012;61717.09952482729;69078.52549602467;77317.99973512921;86540.25314108083;96862.50859274992;108415.9709538568;121347.4948009008;135821.4510731415;152021.8163702936;170154.5114554648;190450.0186878266;213166.3116533389;238592.1342356312;267050.6708003728;298903.6541519141;334555.9634717432;374460.7706856584;419125.3006744233;469117.2785435782;525072.1459047724;587701.13789258;657800.3235824071;736260.7247225839;824079.6413975459;922373.3285811875;1032391.184709951;1155531.632626961;1293359.894754076;1447627.888434013;1620296.494325686;1813560.480908265;2029876.401899315;2271993.821195295;2542990.262224833;2846310.325953354;3185809.474764127;3565803.038745301;3991121.067296888;4467169.723268114;4999999.999999929
2;8055443499433;50;phasez;-1.53792;-1.53797;-1.53745;-1.53742;-1.53683;-1.53638;-1.53608;-1.53525;-1.53448;-1.5336;-1.53264;-1.53158;-1.53029;-1.52883;-1.52713;-1.52527;-1.5232;-1.52076;-1.51811;-1.51503;-1.51163;-1.50778;-1.50349;-1.49864;-1.49319;-1.4871;-1.48022;-1.47255;-1.46394;-1.45426;-1.44342;-1.43125;-1.41758;-1.40222;-1.38498;-1.36561;-1.34384;-1.31934;-1.29176;-1.26067;-1.22561;-1.18601;-1.14122;-1.09045;-1.03277;-0.967182;-0.892345;-0.806792;-0.708809;-0.596387
3;8055763177858;20;absz;17057.4;13934.6;11380.6;9294.62;7592.1;6199.05;5062.4;4133.26;3374.4;2754.33;2247.48;1833.1;1494.61;1217.62;991.109;805.791;654.255;530.642;430.369;350.211
3;8055763177858;20;frequency;99999.99999990905;122862.535599424;150952.0265389597;185463.4873444638;227865.1431623047;279960.8926363817;343967.05137965;422606.6409511731;519225.2346839865;637933.2888043621;783781.0140572543;962973.2274171232;1183133.324347452;1453627.601814205;1785963.729760951;2194280.323268956;2695948.443325946;3312310.615921419;4069588.809647371;4999999.999999929
3;8055763177858;20;phasez;-1.52638;-1.52314;-1.5191;-1.514;-1.50778;-1.49994;-1.49021;-1.47814;-1.46319;-1.44471;-1.42182;-1.39347;-1.35833;-1.31466;-1.26026;-1.19225;-1.10669;-0.99836;-0.860013;-0.681999
