0;5383948279127;20;absz;1.44782e+08;1.05359e+08;7.67072e+07;5.57804e+07;4.05777e+07;2.94904e+07;2.14498e+07;1.55913e+07;1.13318e+07;8.23499e+06;5.9835e+06;4.34704e+06;3.15747e+06;2.29314e+06;1.6651e+06;1.20883e+06;877491;636837;462104;335257
0;5383948279127;20;frequency;9.999999974752427;13.86918846435492;19.23543905490988;26.67799336109056;37.00021196095804;51.31629158938722;71.17153245417285;98.70914048804025;136.9015682683994;189.8713664161278;263.3361782500288;365.2259113806622;506.5387032487934;702.5280792305466;974.3494403835484;1351.343611730726;1874.203936580443;2599.368780806799;3605.113577052066;4999.99999995282
0;5383948279127;20;phasez;-1.52294;-1.52506;-1.5262;-1.52751;-1.52855;-1.52963;-1.53035;-1.53131;-1.53195;-1.53257;-1.53304;-1.5334;-1.53359;-1.53358;-1.53324;-1.53241;-1.53101;-1.52872;-1.52524;-1.5201
1;5384716568081;50;absz;7.76388e+06;6.63579e+06;5.67791e+06;4.86427e+06;4.15843e+06;3.55968e+06;3.04184e+06;2.60379e+06;2.22631e+06;1.90411e+06;1.62937e+06;1.39332e+06;1.19149e+06;1.01904e+06;871575;745368;637363;545020;465976;398465;340689;291290;249034;212905;182015;155605;133022;113716;97208.1;83096.8;71031.5;60717.7;51899.7;44361.5;37917.1;32407.8;27697.7;23670.6;20228;17284.2;14767.2;12614.5;10773.1;9197.39;7848.9;6694.26;5704.95;4856.59;4128.31;3502.14
1;5384716568081;50;frequency;199.9999999213742;234.625769479635;275.2462588517801;322.8993264769997;378.802514688914;444.3841576318164;521.3198749487447;611.5753842550475;717.456725922716;841.6691823498468;987.3863981368913;1158.33146786315;1358.872060208682;1594.132014446359;1870.122253535556;2193.894364737048;2573.720768452858;3019.306079821149;3542.035062906734;4155.263512473084;4874.659497176026;5718.603679767398;6708.658946337209;7870.121340545211;9232.666380967203;10831.10727442716;12706.28439819177;14906.10877695531;17486.78621595445;20514.25336674129;24065.86241733066;28232.35745111674;33120.19296963342;38854.25382030405;45581.04601983359;53472.44000269313;62730.06193403319;73590.44528463698;86331.07429211862;101277.4737211686;118811.5260634959;139381.228686517;163512.140226203;191820.8086789974;225030.524286467;263989.7996954232;309694.0495706946;363311.0235703185;426210.642505751;499999.9999999716
1;5384716568081;50;phasez;-1.53234;-1.535;-1.53514;-1.53478;-1.53622;-1.53604;-1.5355;-1.53595;-1.53676;-1.53672;-1.53727;-1.53754;-1.53778;-1.53807;-1.53836;-1.53868;-1.53884;-1.5391;-1.53922;-1.53945;-1.53953;-1.53954;-1.53958;-1.53953;-1.53939;-1.53921;-1.53892;-1.53854;-1.53805;-1.53742;-1.53664;-1.5357;-1.53456;-1.53319;-1.53156;-1.52962;-1.52733;-1.5246;-1.52138;-1.51757;-1.51306;-1.50775;-1.50147;-1.49405;-1.48529;-1.47491;-1.4626;-1.44796;-1.43047;-1.40945
2;5385485821740;50;absz;85629.7;76643.1;68601.5;61403.9;54949.5;49185.5;44026.8;39397.7;35264.9;31557.2;28243.8;25278.4;22621.1;20245.5;18119;16216;14512.1;12988.6;11624;10402.6;9309.67;8331.35;7455.52;6671.73;5970.43;5342.79;4780.81;4277.74;3827.5;3424.5;3063.72;2740.72;2451.63;2192.82;1961.06;1753.6;1567.83;1401.49;1252.52;1119.13;999.691;892.748;796.984;711.267;634.664;566.226;505.19;450.982;403.081;361.131
2;5385485821740;50;frequency;20000.00000002444;22385.53853899816;25055.61678390222;28044.17375656954;31389.19662092121;35133.2035329932;39323.78408414649;44014.2042055669;49264.08322518227;55140.1516811012;61717.09952482729;69078.52549602467;77317.99973512921;86540.25314108083;96862.50859274992;108415.9709538568;121347.4948009008;135821.4510731415;152021.8163702936;170154.5114554648;190450.0186878266;213166.3116533389;238592.1342356312;267050.6708003728;298903.6541519141;334555.9634717432;374460.7706856584;419125.3006744233;469117.2785435782;525072.1459047724;587701.13789258;657800.3235824071;736260.7247225839;824079.6413975459;922373.3285811875;1032391.184709951;1155531.632626961;1293359.894754076;1447627.888434013;1620296.494325686;1813560.480908265;2029876.401899315;2271993.821195295;2542990.262224833;2846310.325953354;3185809.474764127;3565803.038745301;3991121.067296888;4467169.723268114;4999999.999999929
2;5385485821740;50;phasez;-1.54116;-1.5407;-1.54066;-1.54012;-1.53989;-1.53955;-1.53903;-1.53836;-1.5376;-1.53675;-1.53564;-1.53448;-1.53325;-1.53181;-1.53008;-1.52817;-1.52599;-1.52359;-1.52087;-1.5178;-1.51435;-1.51049;-1.5062;-1.50135;-1.49594;-1.48986;-1.48304;-1.47538;-1.46681;-1.45721;-1.44641;-1.43429;-1.42068;-1.4054;-1.38823;-1.36893;-1.34722;-1.32279;-1.29529;-1.26428;-1.2293;-1.1898;-1.14511;-1.09446;-1.03691;-0.971477;-0.896824;-0.811497;-0.71377;-0.601668
3;5385804037657;20;absz;17643.1;14406.8;11762.4;9602.67;7841;6400.66;5225.26;4265.01;3480.62;2840.2;2316.65;1888.79;1539.43;1253.7;1020.1;829.101;673.032;545.788;442.655;360.28
3;5385804037657;20;frequency;99999.99999990905;122862.535599424;150952.0265389597;185463.4873444638;227865.1431623047;279960.8926363817;343967.05137965;422606.6409511731;519225.2346839865;637933.2888043621;783781.0140572543;962973.2274171232;1183133.324347452;1453627.601814205;1785963.729760951;2194280.323268956;2695948.443325946;3312310.615921419;4069588.809647371;4999999.999999929
3;5385804037657;20;phasez;-1.52919;-1.52598;-1.52181;-1.51677;-1.51048;-1.50266;-1.493;-1.48099;-1.46613;-1.44776;-1.42498;-1.39676;-1.36173;-1.31821;-1.26396;-1.19612;-1.11076;-1.00273;-0.864776;-0.687338
