0;3704621436679;20;absz;1.60686e+08;1.16799e+08;8.48231e+07;6.16279e+07;4.47439e+07;3.25041e+07;2.35737e+07;1.71044e+07;1.24073e+07;8.99813e+06;6.52492e+06;4.73083e+06;3.42967e+06;2.48585e+06;1.80154e+06;1.3054e+06;945763;685108;496234;359393
0;3704621436679;20;frequency;9.999999974752427;13.86918846435492;19.23543905490988;26.67799336109056;37.00021196095804;51.31629158938722;71.17153245417285;98.70914048804025;136.9015682683994;189.8713664161278;263.3361782500288;365.2259113806622;506.5387032487934;702.5280792305466;974.3494403835484;1351.343611730726;1874.203936580443;2599.368780806799;3605.113577052066;4999.99999995282
0;3704621436679;20;phasez;-1.53169;-1.53446;-1.53508;-1.53634;-1.53752;-1.53834;-1.53947;-1.54044;-1.54118;-1.54184;-1.54233;-1.54265;-1.54287;-1.54275;-1.54231;-1.54137;-1.53978;-1.53727;-1.53351;-1.52807
1;3705394492289;50;absz;8.46743e+06;7.24827e+06;6.19116e+06;5.29597e+06;4.52559e+06;3.86902e+06;3.30564e+06;2.82505e+06;2.41421e+06;2.06271e+06;1.76264e+06;1.50598e+06;1.28664e+06;1.09952e+06;939401;802550;685723;585811;500463;427549;365240;312013;266558;227709;194522;166172;141958;121272;103599;88504;75606.8;64590.3;55178.4;47138.1;40268.3;34398;29382.7;25097.1;21435.2;18305.5;15630.9;13344.6;11389.4;9717.91;8287.87;7064.2;6016.43;5118.45;4347.98;3686.07
1;3705394492289;50;frequency;199.9999999213742;234.625769479635;275.2462588517801;322.8993264769997;378.802514688914;444.3841576318164;521.3198749487447;611.5753842550475;717.456725922716;841.6691823498468;987.3863981368913;1158.33146786315;1358.872060208682;1594.132014446359;1870.122253535556;2193.894364737048;2573.720768452858;3019.306079821149;3542.035062906734;4155.263512473084;4874.659497176026;5718.603679767398;6708.658946337209;7870.121340545211;9232.666380967203;10831.10727442716;12706.28439819177;14906.10877695531;17486.78621595445;20514.25336674129;24065.86241733066;28232.35745111674;33120.19296963342;38854.25382030405;45581.04601983359;53472.44000269313;62730.06193403319;73590.44528463698;86331.07429211862;101277.4737211686;118811.5260634959;139381.228686517;163512.140226203;191820.8086789974;225030.524286467;263989.7996954232;309694.0495706946;363311.0235703185;426210.642505751;499999.9999999716
1;3705394492289;50;phasez;-1.54031;-1.54336;-1.54286;-1.54491;-1.54422;-1.54458;-1.54515;-1.54591;-1.54531;-1.54571;-1.54632;-1.5465;-1.54679;-1.54694;-1.54716;-1.54722;-1.5474;-1.54742;-1.54752;-1.54749;-1.54749;-1.54738;-1.54724;-1.54699;-1.5467;-1.54634;-1.54589;-1.54532;-1.54467;-1.54391;-1.54298;-1.54191;-1.54066;-1.5392;-1.53749;-1.53551;-1.53318;-1.53043;-1.52721;-1.52342;-1.51895;-1.51367;-1.50744;-1.50007;-1.49135;-1.48101;-1.46873;-1.4541;-1.43661;-1.41558
2;3706164975938;50;absz;91217.8;81595.5;73019.1;65314.7;58448.6;52279.2;46770.7;41846.9;37438.7;33490.3;29960.9;26802.3;23980.7;21451.7;19189.6;17168;15357.7;13739.6;12290.7;10995.5;9835.7;8798.56;7870.18;7039.96;6296.9;5632.24;5037.53;4505.44;4029.29;3603.4;3222.28;2881.33;2576.19;2303.19;2058.88;1840.26;1644.61;1469.54;1312.86;1172.63;1047.13;934.822;834.346;744.448;664.15;592.487;528.626;471.96;421.927;378.178
2;3706164975938;50;frequency;20000.00000002444;22385.53853899816;25055.61678390222;28044.17375656954;31389.19662092121;35133.2035329932;39323.78408414649;44014.2042055669;49264.08322518227;55140.1516811012;61717.09952482729;69078.52549602467;77317.99973512921;86540.25314108083;96862.50859274992;108415.9709538568;121347.4948009008;135821.4510731415;152021.8163702936;170154.5114554648;190450.0186878266;213166.3116533389;238592.1342356312;267050.6708003728;298903.6541519141;334555.9634717432;374460.7706856584;419125.3006744233;469117.2785435782;525072.1459047724;587701.13789258;657800.3235824071;736260.7247225839;824079.6413975459;922373.3285811875;1032391.184709951;1155531.632626961;1293359.894754076;1447627.888434013;1620296.494325686;1813560.480908265;2029876.401899315;2271993.821195295;2542990.262224833;2846310.325953354;3185809.474764127;3565803.038745301;3991121.067296888;4467169.723268114;4999999.999999929
2;3706164975938;50;phasez;-1.54778;-1.54741;-1.54703;-1.54655;-1.54601;-1.54556;-1.54505;-1.54418;-1.54356;-1.54261;-1.54146;-1.54037;-1.53907;-1.53764;-1.5359;-1.53413;-1.5319;-1.52952;-1.52677;-1.52376;-1.52039;-1.51658;-1.51227;-1.50746;-1.50204;-1.49599;-1.48917;-1.48155;-1.47296;-1.46333;-1.45251;-1.44036;-1.42672;-1.41138;-1.39415;-1.37478;-1.353;-1.3285;-1.3009;-1.26981;-1.23474;-1.19513;-1.15034;-1.09959;-1.04193;-0.976405;-0.901664;-0.816271;-0.718493;-0.606371
3;3706485092207;20;absz;18683.7;15245.8;12438.8;10145.7;8277.89;6752.07;5507.28;4491.49;3662.26;2985.88;2433.47;1982.56;1614.52;1313.96;1068.47;867.949;704.307;571.076;463.232;377.253
3;3706485092207;20;frequency;99999.99999990905;122862.535599424;150952.0265389597;185463.4873444638;227865.1431623047;279960.8926363817;343967.05137965;422606.6409511731;519225.2346839865;637933.2888043621;783781.0140572543;962973.2274171232;1183133.324347452;1453627.601814205;1785963.729760951;2194280.323268956;2695948.443325946;3312310.615921419;4069588.809647371;4999999.999999929
3;3706485092207;20;phasez;-1.53496;-1.53184;-1.52785;-1.52278;-1.51652;-1.50875;-1.4991;-1.48712;-1.47226;-1.45383;-1.43098;-1.40265;-1.36752;-1.32383;-1.26941;-1.20139;-1.11585;-1.00764;-0.869551;-0.692065
