0;9172694202876;20;absz;1.36431e+08;9.94492e+07;7.25046e+07;5.28006e+07;3.84447e+07;2.79909e+07;2.03618e+07;1.48135e+07;1.07749e+07;7.83565e+06;5.69705e+06;4.14123e+06;3.00993e+06;2.18728e+06;1.58921e+06;1.15455e+06;838603;609057;442271;321098
0;9172694202876;20;frequency;9.999999974752427;13.86918846435492;19.23543905490988;26.67799336109056;37.00021196095804;51.31629158938722;71.17153245417285;98.70914048804025;136.9015682683994;189.8713664161278;263.3361782500288;365.2259113806622;506.5387032487934;702.5280792305466;974.3494403835484;1351.343611730726;1874.203936580443;2599.368780806799;3605.113577052066;4999.99999995282
0;9172694202876;20;phasez;-1.51125;-1.51384;-1.51753;-1.51982;-1.52186;-1.5233;-1.52526;-1.52661;-1.52779;-1.52864;-1.52937;-1.52994;-1.53026;-1.53029;-1.52995;-1.52914;-1.52767;-1.52535;-1.52184;-1.51669
1;9173461244930;50;absz;7.39311e+06;6.32124e+06;5.40712e+06;4.63418e+06;3.96071e+06;3.38958e+06;2.90114e+06;2.48182e+06;2.12405e+06;1.81761e+06;1.55509e+06;1.33065e+06;1.13809e+06;973700;832945;712548;609529;521420;446000;381474;326284;279065;238666;204120;174561;149288;127666;109174;93360.7;79835.7;68266.6;58373.8;49914.3;42680.4;36493.5;31202.3;26676.6;22806;19495.8;16664.3;14242.1;12169.5;10396;8877.9;7578.45;6465.28;5511.33;4692.94;3990.25;3385.89
1;9173461244930;50;frequency;199.9999999213742;234.625769479635;275.2462588517801;322.8993264769997;378.802514688914;444.3841576318164;521.3198749487447;611.5753842550475;717.456725922716;841.6691823498468;987.3863981368913;1158.33146786315;1358.872060208682;1594.132014446359;1870.122253535556;2193.894364737048;2573.720768452858;3019.306079821149;3542.035062906734;4155.263512473084;4874.659497176026;5718.603679767398;6708.658946337209;7870.121340545211;9232.666380967203;10831.10727442716;12706.28439819177;14906.10877695531;17486.78621595445;20514.25336674129;24065.86241733066;28232.35745111674;33120.19296963342;38854.25382030405;45581.04601983359;53472.44000269313;62730.06193403319;73590.44528463698;86331.07429211862;101277.4737211686;118811.5260634959;139381.228686517;163512.140226203;191820.8086789974;225030.524286467;263989.7996954232;309694.0495706946;363311.0235703185;426210.642505751;499999.9999999716
1;9173461244930;50;phasez;-1.52881;-1.52956;-1.5305;-1.53141;-1.53047;-1.53191;-1.53216;-1.53239;-1.53301;-1.53364;-1.53395;-1.53412;-1.53442;-1.53459;-1.5349;-1.53522;-1.53536;-1.53571;-1.53582;-1.53596;-1.53606;-1.53614;-1.53615;-1.5361;-1.53599;-1.53579;-1.53551;-1.53512;-1.53463;-1.534;-1.53322;-1.53228;-1.53113;-1.52978;-1.52816;-1.52624;-1.52396;-1.52127;-1.51808;-1.51432;-1.50986;-1.50458;-1.49834;-1.49095;-1.48219;-1.4718;-1.45947;-1.44478;-1.42722;-1.40611
2;9174232364413;50;absz;82213.4;73608.4;65895.2;59009;52817.5;47298.3;42337.8;37909.7;33930;30374.4;27195.3;24341.9;21791;19506.9;17461;15631.8;13993.6;12526;11211.8;10035.9;8983.56;8041.09;7197.33;6442.02;5765.89;5160.67;4618.94;4133.69;3699.32;3310.52;2962.39;2650.68;2371.62;2121.71;1897.93;1697.53;1518.06;1357.3;1213.3;1084.33;968.818;865.335;772.645;689.662;615.461;549.126;489.957;437.388;390.905;350.171
2;9174232364413;50;frequency;20000.00000002444;22385.53853899816;25055.61678390222;28044.17375656954;31389.19662092121;35133.2035329932;39323.78408414649;44014.2042055669;49264.08322518227;55140.1516811012;61717.09952482729;69078.52549602467;77317.99973512921;86540.25314108083;96862.50859274992;108415.9709538568;121347.4948009008;135821.4510731415;152021.8163702936;170154.5114554648;190450.0186878266;213166.3116533389;238592.1342356312;267050.6708003728;298903.6541519141;334555.9634717432;374460.7706856584;419125.3006744233;469117.2785435782;525072.1459047724;587701.13789258;657800.3235824071;736260.7247225839;824079.6413975459;922373.3285811875;1032391.184709951;1155531.632626961;1293359.894754076;1447627.888434013;1620296.494325686;1813560.480908265;2029876.401899315;2271993.821195295;2542990.262224833;2846310.325953354;3185809.474764127;3565803.038745301;3991121.067296888;4467169.723268114;4999999.999999929
2;9174232364413;50;phasez;-1.53758;-1.53741;-1.53734;-1.53711;-1.53646;-1.53597;-1.53562;-1.53477;-1.53414;-1.53332;-1.53235;-1.5312;-1.53001;-1.52846;-1.5268;-1.52493;-1.52283;-1.52037;-1.51774;-1.51466;-1.51123;-1.50737;-1.50309;-1.49825;-1.49282;-1.4867;-1.47985;-1.47216;-1.46354;-1.45387;-1.44302;-1.43083;-1.41717;-1.40181;-1.38456;-1.36518;-1.3434;-1.3189;-1.29131;-1.26022;-1.22516;-1.18555;-1.14075;-1.08996;-1.0323;-0.966706;-0.891859;-0.806306;-0.708299;-0.595862
3;9174549970643;20;absz;16997.5;13887.5;11341.9;9263.55;7566.93;6179.12;5046.42;4120.48;3364.13;2746.1;2240.89;1827.83;1490.35;1214.22;988.386;803.622;652.515;529.262;429.249;349.294
3;9174549970643;20;frequency;99999.99999990905;122862.535599424;150952.0265389597;185463.4873444638;227865.1431623047;279960.8926363817;343967.05137965;422606.6409511731;519225.2346839865;637933.2888043621;783781.0140572543;962973.2274171232;1183133.324347452;1453627.601814205;1785963.729760951;2194280.323268956;2695948.443325946;3312310.615921419;4069588.809647371;4999999.999999929
3;9174549970643;20;phasez;-1.52604;-1.52275;-1.51875;-1.5137;-1.50737;-1.49954;-1.48983;-1.47773;-1.46281;-1.44431;-1.42139;-1.39306;-1.3579;-1.31422;-1.25982;-1.19179;-1.10622;-0.997885;-0.859529;-0.681513
