0;10241301309869;20;absz;1.3607e+08;9.92117e+07;7.23045e+07;5.26591e+07;3.83543e+07;2.79097e+07;2.03193e+07;1.47818e+07;1.07514e+07;7.81879e+06;5.6846e+06;4.13228e+06;3.00343e+06;2.18259e+06;1.58587e+06;1.15214e+06;836906;607831;441393;320472
0;10241301309869;20;frequency;9.999999974752427;13.86918846435492;19.23543905490988;26.67799336109056;37.00021196095804;51.31629158938722;71.17153245417285;98.70914048804025;136.9015682683994;189.8713664161278;263.3361782500288;365.2259113806622;506.5387032487934;702.5280792305466;974.3494403835484;1351.343611730726;1874.203936580443;2599.368780806799;3605.113577052066;4999.99999995282
0;10241301309869;20;phasez;-1.50974;-1.51342;-1.51644;-1.51911;-1.52126;-1.52362;-1.52491;-1.52637;-1.52754;-1.52855;-1.52929;-1.52988;-1.53016;-1.5302;-1.52982;-1.529;-1.52753;-1.5252;-1.52167;-1.51651
1;10242074391506;50;absz;7.39595e+06;6.31494e+06;5.40174e+06;4.61743e+06;3.95639e+06;3.38251e+06;2.89473e+06;2.47688e+06;2.12014e+06;1.81339e+06;1.55174e+06;1.32744e+06;1.13598e+06;971584;831272;711086;608311;520393;445101;380722;325633;278507;238210;203725;174236;149003;127429;108971;93186;79687.7;68141.6;58268.7;49825.5;42604.3;36429.2;31147.5;26630.4;22767.5;19463;16636.7;14218.6;12149.9;10379.4;8863.9;7566.53;6455.17;5502.76;4685.8;3984.19;3380.81
1;10242074391506;50;frequency;199.9999999213742;234.625769479635;275.2462588517801;322.8993264769997;378.802514688914;444.3841576318164;521.3198749487447;611.5753842550475;717.456725922716;841.6691823498468;987.3863981368913;1158.33146786315;1358.872060208682;1594.132014446359;1870.122253535556;2193.894364737048;2573.720768452858;3019.306079821149;3542.035062906734;4155.263512473084;4874.659497176026;5718.603679767398;6708.658946337209;7870.121340545211;9232.666380967203;10831.10727442716;12706.28439819177;14906.10877695531;17486.78621595445;20514.25336674129;24065.86241733066;28232.35745111674;33120.19296963342;38854.25382030405;45581.04601983359;53472.44000269313;62730.06193403319;73590.44528463698;86331.07429211862;101277.4737211686;118811.5260634959;139381.228686517;163512.140226203;191820.8086789974;225030.524286467;263989.7996954232;309694.0495706946;363311.0235703185;426210.642505751;499999.9999999716
1;10242074391506;50;phasez;-1.5273;-1.52853;-1.53016;-1.53065;-1.53145;-1.53205;-1.53152;-1.53257;-1.53363;-1.53335;-1.53365;-1.53401;-1.53441;-1.53463;-1.53486;-1.53506;-1.53528;-1.53547;-1.53562;-1.53585;-1.53592;-1.53598;-1.53599;-1.53594;-1.53582;-1.53563;-1.53535;-1.53497;-1.53447;-1.53385;-1.53307;-1.53212;-1.53098;-1.52961;-1.52799;-1.52607;-1.52379;-1.5211;-1.51791;-1.51413;-1.50968;-1.5044;-1.49817;-1.49078;-1.48203;-1.47164;-1.45931;-1.44462;-1.42707;-1.40595
2;10242845406670;50;absz;82111;73494.3;65818.1;58905.5;52751.5;47227.6;42278.9;37844.1;33883;30331.6;27153;24305.8;21759.1;19477.4;17436.5;15608.7;13972.6;12507.6;11196.3;10022.5;8971.17;8030.07;7187.57;6433.45;5758.3;5153.91;4612.78;4128.16;3694.42;3306.23;2958.53;2647.25;2368.54;2119.02;1895.51;1695.39;1516.15;1355.65;1211.84;1083.07;967.692;864.347;771.765;688.869;614.761;548.519;489.421;436.897;390.459;349.758
2;10242845406670;50;frequency;20000.00000002444;22385.53853899816;25055.61678390222;28044.17375656954;31389.19662092121;35133.2035329932;39323.78408414649;44014.2042055669;49264.08322518227;55140.1516811012;61717.09952482729;69078.52549602467;77317.99973512921;86540.25314108083;96862.50859274992;108415.9709538568;121347.4948009008;135821.4510731415;152021.8163702936;170154.5114554648;190450.0186878266;213166.3116533389;238592.1342356312;267050.6708003728;298903.6541519141;334555.9634717432;374460.7706856584;419125.3006744233;469117.2785435782;525072.1459047724;587701.13789258;657800.3235824071;736260.7247225839;824079.6413975459;922373.3285811875;1032391.184709951;1155531.632626961;1293359.894754076;1447627.888434013;1620296.494325686;1813560.480908265;2029876.401899315;2271993.821195295;2542990.262224833;2846310.325953354;3185809.474764127;3565803.038745301;3991121.067296888;4467169.723268114;4999999.999999929
2;10242845406670;50;phasez;-1.53739;-1.5374;-1.53696;-1.53673;-1.53646;-1.53599;-1.53534;-1.53479;-1.53403;-1.53317;-1.53218;-1.53104;-1.52971;-1.52828;-1.52665;-1.52472;-1.52263;-1.52028;-1.5175;-1.51449;-1.51108;-1.50723;-1.50292;-1.49808;-1.49266;-1.48655;-1.4797;-1.472;-1.46339;-1.45371;-1.44285;-1.43067;-1.41698;-1.40163;-1.38437;-1.36498;-1.3432;-1.31869;-1.29109;-1.26;-1.22493;-1.18532;-1.14053;-1.08976;-1.03207;-0.96648;-0.891635;-0.806076;-0.708071;-0.595641
3;10243162982464;20;absz;16976.7;13869.3;11327.1;9251.78;7557.13;6171.38;5040.04;4115.28;3360.01;2742.79;2238.09;1825.62;1488.6;1212.83;987.298;802.751;651.823;528.7;428.787;348.904
3;10243162982464;20;frequency;99999.99999990905;122862.535599424;150952.0265389597;185463.4873444638;227865.1431623047;279960.8926363817;343967.05137965;422606.6409511731;519225.2346839865;637933.2888043621;783781.0140572543;962973.2274171232;1183133.324347452;1453627.601814205;1785963.729760951;2194280.323268956;2695948.443325946;3312310.615921419;4069588.809647371;4999999.999999929
3;10243162982464;20;phasez;-1.52572;-1.52255;-1.51856;-1.51351;-1.50724;-1.49939;-1.48967;-1.47759;-1.46265;-1.44413;-1.42123;-1.39286;-1.35768;-1.31401;-1.25959;-1.19156;-1.106;-0.997663;-0.859304;-0.681256
