0;2711482294158;20;absz;1.76351e+08;1.27841e+08;9.25867e+07;6.70864e+07;4.85747e+07;3.51716e+07;2.54753e+07;1.84459e+07;1.33564e+07;9.67024e+06;7.00113e+06;5.06838e+06;3.669e+06;2.65577e+06;1.92227e+06;1.39124e+06;1.00688e+06;728671;527305;381557
0;2711482294158;20;frequency;9.999999974752427;13.86918846435492;19.23543905490988;26.67799336109056;37.00021196095804;51.31629158938722;71.17153245417285;98.70914048804025;136.9015682683994;189.8713664161278;263.3361782500288;365.2259113806622;506.5387032487934;702.5280792305466;974.3494403835484;1351.343611730726;1874.203936580443;2599.368780806799;3605.113577052066;4999.99999995282
0;2711482294158;20;phasez;-1.546;-1.54675;-1.54726;-1.54828;-1.54889;-1.54881;-1.54945;-1.54974;-1.54996;-1.55006;-1.55009;-1.55;-1.54973;-1.54921;-1.54837;-1.54709;-1.54516;-1.54238;-1.53845;-1.5329
1;2712250491410;50;absz;9.13424e+06;7.77065e+06;6.6509e+06;5.67277e+06;4.84243e+06;4.14065e+06;3.53562e+06;3.01849e+06;2.57824e+06;2.20156e+06;1.88069e+06;1.60594e+06;1.3713e+06;1.17104e+06;1.00009e+06;854072;729288;622736;531801;454108;387779;331117;282753;241436;206160;176036;150313;128343;109584;93564.9;79887.2;68207.3;58234.4;49718;42445.7;36235.4;30932.5;26403.9;22536.9;19233.8;16412.8;14003.3;11944.7;10185.3;8681.7;7395.67;6295.31;5353.02;4545.18;3851.61
1;2712250491410;50;frequency;199.9999999213742;234.625769479635;275.2462588517801;322.8993264769997;378.802514688914;444.3841576318164;521.3198749487447;611.5753842550475;717.456725922716;841.6691823498468;987.3863981368913;1158.33146786315;1358.872060208682;1594.132014446359;1870.122253535556;2193.894364737048;2573.720768452858;3019.306079821149;3542.035062906734;4155.263512473084;4874.659497176026;5718.603679767398;6708.658946337209;7870.121340545211;9232.666380967203;10831.10727442716;12706.28439819177;14906.10877695531;17486.78621595445;20514.25336674129;24065.86241733066;28232.35745111674;33120.19296963342;38854.25382030405;45581.04601983359;53472.44000269313;62730.06193403319;73590.44528463698;86331.07429211862;101277.4737211686;118811.5260634959;139381.228686517;163512.140226203;191820.8086789974;225030.524286467;263989.7996954232;309694.0495706946;363311.0235703185;426210.642505751;499999.9999999716
1;2712250491410;50;phasez;-1.5508;-1.55154;-1.55113;-1.5518;-1.55174;-1.55167;-1.55205;-1.55225;-1.5519;-1.5521;-1.5522;-1.55221;-1.55255;-1.5525;-1.55246;-1.55242;-1.55254;-1.55253;-1.55251;-1.55246;-1.55234;-1.5522;-1.55205;-1.55187;-1.5516;-1.55129;-1.55092;-1.55045;-1.54987;-1.54919;-1.54836;-1.54737;-1.54619;-1.54478;-1.54311;-1.54115;-1.53881;-1.53605;-1.53279;-1.52892;-1.52435;-1.51896;-1.51257;-1.50501;-1.49608;-1.48549;-1.47294;-1.45801;-1.4402;-1.41882
2;2713018716012;50;absz;96438.6;86241.1;77121.6;68975.2;61695;55171.3;49337.3;44115.8;39455;35277.8;31547.1;28208.2;25224;22557.4;20168.4;18034.6;16126.4;14420.3;12894.1;11530;10309.8;9218.48;8242.64;7369.88;6589.75;5892.02;5268.22;4710.14;4211.18;3764.93;3365.89;3008.95;2689.8;2404.32;2148.96;1920.52;1716.21;1533.42;1369.92;1223.61;1092.75;975.644;870.937;777.298;693.678;619.063;552.618;493.687;441.694;396.281
2;2713018716012;50;frequency;20000.00000002444;22385.53853899816;25055.61678390222;28044.17375656954;31389.19662092121;35133.2035329932;39323.78408414649;44014.2042055669;49264.08322518227;55140.1516811012;61717.09952482729;69078.52549602467;77317.99973512921;86540.25314108083;96862.50859274992;108415.9709538568;121347.4948009008;135821.4510731415;152021.8163702936;170154.5114554648;190450.0186878266;213166.3116533389;238592.1342356312;267050.6708003728;298903.6541519141;334555.9634717432;374460.7706856584;419125.3006744233;469117.2785435782;525072.1459047724;587701.13789258;657800.3235824071;736260.7247225839;824079.6413975459;922373.3285811875;1032391.184709951;1155531.632626961;1293359.894754076;1447627.888434013;1620296.494325686;1813560.480908265;2029876.401899315;2271993.821195295;2542990.262224833;2846310.325953354;3185809.474764127;3565803.038745301;3991121.067296888;4467169.723268114;4999999.999999929
2;2713018716012;50;phasez;-1.55282;-1.55252;-1.55225;-1.55192;-1.5515;-1.55121;-1.55057;-1.54987;-1.54908;-1.54822;-1.54719;-1.54604;-1.54469;-1.54323;-1.54152;-1.53954;-1.53731;-1.53483;-1.53203;-1.52889;-1.52534;-1.52141;-1.5169;-1.51195;-1.50634;-1.50008;-1.49305;-1.48518;-1.47636;-1.46647;-1.4554;-1.44298;-1.42904;-1.41342;-1.3959;-1.37623;-1.35414;-1.32933;-1.3014;-1.26999;-1.23458;-1.19465;-1.14952;-1.09843;-1.04046;-0.974598;-0.899533;-0.813807;-0.71572;-0.603318
3;2713336463215;20;absz;19632.7;16008.3;13050.8;10636.5;8671.43;7068.43;5761.23;4695.94;3826.77;3118.49;2540.72;2069.3;1684.85;1371.15;1115.06;906.029;735.547;596.821;484.625;395.346
3;2713336463215;20;frequency;99999.99999990905;122862.535599424;150952.0265389597;185463.4873444638;227865.1431623047;279960.8926363817;343967.05137965;422606.6409511731;519225.2346839865;637933.2888043621;783781.0140572543;962973.2274171232;1183133.324347452;1453627.601814205;1785963.729760951;2194280.323268956;2695948.443325946;3312310.615921419;4069588.809647371;4999999.999999929
3;2713336463215;20;phasez;-1.54057;-1.5372;-1.53302;-1.52776;-1.52126;-1.51317;-1.50315;-1.49075;-1.47545;-1.45652;-1.43318;-1.4043;-1.36859;-1.32432;-1.2693;-1.20067;-1.11451;-1.00569;-0.867005;-0.688922
