0;6929381011937;20;absz;1.39099e+08;1.013e+08;7.37801e+07;5.37129e+07;3.90936e+07;2.84457e+07;2.06884e+07;1.50475e+07;1.09399e+07;7.95305e+06;5.78078e+06;4.20115e+06;3.05288e+06;2.21814e+06;1.61143e+06;1.17045e+06;850046;617235;448115;325260
0;6929381011937;20;frequency;9.999999974752427;13.86918846435492;19.23543905490988;26.67799336109056;37.00021196095804;51.31629158938722;71.17153245417285;98.70914048804025;136.9015682683994;189.8713664161278;263.3361782500288;365.2259113806622;506.5387032487934;702.5280792305466;974.3494403835484;1351.343611730726;1874.203936580443;2599.368780806799;3605.113577052066;4999.99999995282
0;6929381011937;20;phasez;-1.51513;-1.51814;-1.52046;-1.52246;-1.52453;-1.52661;-1.52744;-1.52849;-1.52948;-1.53017;-1.53078;-1.53118;-1.53137;-1.53132;-1.53093;-1.53011;-1.52866;-1.52637;-1.52291;-1.51779
1;6930150976905;50;absz;7.47344e+06;6.41456e+06;5.48992e+06;4.69686e+06;4.02036e+06;3.43905e+06;2.94217e+06;2.51846e+06;2.15319e+06;1.84287e+06;1.57698e+06;1.34859e+06;1.15379e+06;987043;844359;722256;617699;528340;451868;386462;330516;282644;241703;206683;176739;151128;129225;110493;94478;80780.1;69070.8;59056;50492.3;43169;36908.2;31553.8;26975;23058.7;19709.6;16845.2;14394.8;12298.5;10505.3;8970.41;7656.49;6531.24;5566.94;4739.9;4029.79;3419.21
1;6930150976905;50;frequency;199.9999999213742;234.625769479635;275.2462588517801;322.8993264769997;378.802514688914;444.3841576318164;521.3198749487447;611.5753842550475;717.456725922716;841.6691823498468;987.3863981368913;1158.33146786315;1358.872060208682;1594.132014446359;1870.122253535556;2193.894364737048;2573.720768452858;3019.306079821149;3542.035062906734;4155.263512473084;4874.659497176026;5718.603679767398;6708.658946337209;7870.121340545211;9232.666380967203;10831.10727442716;12706.28439819177;14906.10877695531;17486.78621595445;20514.25336674129;24065.86241733066;28232.35745111674;33120.19296963342;38854.25382030405;45581.04601983359;53472.44000269313;62730.06193403319;73590.44528463698;86331.07429211862;101277.4737211686;118811.5260634959;139381.228686517;163512.140226203;191820.8086789974;225030.524286467;263989.7996954232;309694.0495706946;363311.0235703185;426210.642505751;499999.9999999716
1;6930150976905;50;phasez;-1.53009;-1.53176;-1.53096;-1.53212;-1.53309;-1.53313;-1.53277;-1.53379;-1.53421;-1.53435;-1.53482;-1.53511;-1.53532;-1.53576;-1.53595;-1.53624;-1.53651;-1.5367;-1.53691;-1.53704;-1.53717;-1.53725;-1.53728;-1.53724;-1.5371;-1.53691;-1.53661;-1.53621;-1.53571;-1.53505;-1.53427;-1.53332;-1.53218;-1.53081;-1.52918;-1.52728;-1.52501;-1.52233;-1.51915;-1.51539;-1.51093;-1.50565;-1.49941;-1.49201;-1.48325;-1.47287;-1.46054;-1.44586;-1.42832;-1.40723
2;6930920446622;50;absz;83189.7;74513.2;66692;59706.2;53460;47846.6;42831.7;38341.9;34319.9;30722.8;27499.7;24616.7;22033.4;19722.6;17653.9;15802.3;14144.5;12660.3;11332.1;10142.8;9077.77;8124.86;7271.9;6508.47;5824.9;5213.07;4665.36;4175.07;3736.11;3343.2;2991.47;2676.49;2394.52;2142.03;1915.98;1713.57;1532.25;1369.89;1224.48;1094.24;977.58;873.099;779.523;695.747;620.859;553.929;494.235;441.194;394.303;353.222
2;6930920446622;50;frequency;20000.00000002444;22385.53853899816;25055.61678390222;28044.17375656954;31389.19662092121;35133.2035329932;39323.78408414649;44014.2042055669;49264.08322518227;55140.1516811012;61717.09952482729;69078.52549602467;77317.99973512921;86540.25314108083;96862.50859274992;108415.9709538568;121347.4948009008;135821.4510731415;152021.8163702936;170154.5114554648;190450.0186878266;213166.3116533389;238592.1342356312;267050.6708003728;298903.6541519141;334555.9634717432;374460.7706856584;419125.3006744233;469117.2785435782;525072.1459047724;587701.13789258;657800.3235824071;736260.7247225839;824079.6413975459;922373.3285811875;1032391.184709951;1155531.632626961;1293359.894754076;1447627.888434013;1620296.494325686;1813560.480908265;2029876.401899315;2271993.821195295;2542990.262224833;2846310.325953354;3185809.474764127;3565803.038745301;3991121.067296888;4467169.723268114;4999999.999999929
2;6930920446622;50;phasez;-1.53853;-1.53828;-1.53829;-1.53807;-1.5375;-1.53711;-1.53655;-1.53597;-1.53533;-1.53439;-1.53346;-1.53233;-1.53102;-1.52954;-1.52788;-1.52601;-1.52391;-1.52149;-1.51877;-1.51577;-1.51233;-1.50851;-1.50416;-1.49931;-1.49386;-1.48777;-1.48095;-1.47324;-1.46464;-1.45498;-1.44414;-1.43199;-1.41834;-1.40301;-1.38579;-1.36644;-1.3447;-1.32022;-1.29266;-1.2616;-1.22656;-1.187;-1.14224;-1.09148;-1.03386;-0.968313;-0.893525;-0.808038;-0.710114;-0.597771
3;6931241318618;20;absz;17182.3;14036.8;11462;9360.15;7645.15;6241.93;5096.99;4161.3;3397.09;2772.72;2262.28;1844.99;1504.13;1225.3;997.264;810.728;658.223;533.821;432.938;352.31
3;6931241318618;20;frequency;99999.99999990905;122862.535599424;150952.0265389597;185463.4873444638;227865.1431623047;279960.8926363817;343967.05137965;422606.6409511731;519225.2346839865;637933.2888043621;783781.0140572543;962973.2274171232;1183133.324347452;1453627.601814205;1785963.729760951;2194280.323268956;2695948.443325946;3312310.615921419;4069588.809647371;4999999.999999929
3;6931241318618;20;phasez;-1.5271;-1.52379;-1.51983;-1.51473;-1.50844;-1.50063;-1.49087;-1.47885;-1.46392;-1.44546;-1.42262;-1.3943;-1.35921;-1.31559;-1.26125;-1.19329;-1.10779;-0.999553;-0.861322;-0.683475
