0;7780480724602;20;absz;1.37495e+08;1.00216e+08;7.29992e+07;5.31923e+07;3.87247e+07;2.81908e+07;2.05014e+07;1.4913e+07;1.0845e+07;7.88466e+06;5.73183e+06;4.16628e+06;3.02776e+06;2.20012e+06;1.59852e+06;1.16126e+06;843464;612550;444769;322886
0;7780480724602;20;frequency;9.999999974752427;13.86918846435492;19.23543905490988;26.67799336109056;37.00021196095804;51.31629158938722;71.17153245417285;98.70914048804025;136.9015682683994;189.8713664161278;263.3361782500288;365.2259113806622;506.5387032487934;702.5280792305466;974.3494403835484;1351.343611730726;1874.203936580443;2599.368780806799;3605.113577052066;4999.99999995282
0;7780480724602;20;phasez;-1.51265;-1.51576;-1.51833;-1.52087;-1.52298;-1.52468;-1.52624;-1.52763;-1.52856;-1.5294;-1.53005;-1.53048;-1.5307;-1.53068;-1.53028;-1.52944;-1.52798;-1.52567;-1.52221;-1.51709
1;7781250347341;50;absz;7.4311e+06;6.35458e+06;5.44345e+06;4.65589e+06;3.98643e+06;3.412e+06;2.91865e+06;2.49773e+06;2.13655e+06;1.82752e+06;1.56386e+06;1.33812e+06;1.1449e+06;979328;837773;716624;613025;524363;448529;383620;328101;280606;239983;205230;175508;150086;128343;109749;93843.1;80241.7;68613.5;58668.5;50164.6;42892.1;36673;31354.4;26805.7;22915.4;19588.6;16742.6;14308.1;12225.5;10443.2;8917.93;7611.99;6493.62;5535.2;4713.09;4007.18;3400.13
1;7781250347341;50;frequency;199.9999999213742;234.625769479635;275.2462588517801;322.8993264769997;378.802514688914;444.3841576318164;521.3198749487447;611.5753842550475;717.456725922716;841.6691823498468;987.3863981368913;1158.33146786315;1358.872060208682;1594.132014446359;1870.122253535556;2193.894364737048;2573.720768452858;3019.306079821149;3542.035062906734;4155.263512473084;4874.659497176026;5718.603679767398;6708.658946337209;7870.121340545211;9232.666380967203;10831.10727442716;12706.28439819177;14906.10877695531;17486.78621595445;20514.25336674129;24065.86241733066;28232.35745111674;33120.19296963342;38854.25382030405;45581.04601983359;53472.44000269313;62730.06193403319;73590.44528463698;86331.07429211862;101277.4737211686;118811.5260634959;139381.228686517;163512.140226203;191820.8086789974;225030.524286467;263989.7996954232;309694.0495706946;363311.0235703185;426210.642505751;499999.9999999716
1;7781250347341;50;phasez;-1.53303;-1.53149;-1.53096;-1.53208;-1.53304;-1.53287;-1.53305;-1.53302;-1.53367;-1.53407;-1.5342;-1.53445;-1.53475;-1.53504;-1.53535;-1.53553;-1.5357;-1.53602;-1.53617;-1.53635;-1.53649;-1.53655;-1.53656;-1.53653;-1.53643;-1.53624;-1.53595;-1.53557;-1.53507;-1.53443;-1.53366;-1.53271;-1.53157;-1.53021;-1.52859;-1.52669;-1.52443;-1.52175;-1.51857;-1.51481;-1.51036;-1.50509;-1.49886;-1.49147;-1.48271;-1.47233;-1.46;-1.44531;-1.42776;-1.40667
2;7782020327144;50;absz;82654.3;73991.7;66246;59314.2;53101.5;47532.5;42554.8;38095.8;34098.8;30527.8;27325.7;24459.9;21895.2;19600.2;17544.5;15705;14058.1;12583.7;11263.7;10082.1;9024.52;8077.21;7229.47;6470.74;5791.29;5183.2;4638.64;4151.38;3715.05;3324.5;2974.74;2661.66;2381.3;2130.31;1905.58;1704.29;1524.02;1362.58;1218;1088.5;972.499;868.577;775.53;692.197;617.701;551.125;491.744;438.967;392.317;351.441
2;7782020327144;50;frequency;20000.00000002444;22385.53853899816;25055.61678390222;28044.17375656954;31389.19662092121;35133.2035329932;39323.78408414649;44014.2042055669;49264.08322518227;55140.1516811012;61717.09952482729;69078.52549602467;77317.99973512921;86540.25314108083;96862.50859274992;108415.9709538568;121347.4948009008;135821.4510731415;152021.8163702936;170154.5114554648;190450.0186878266;213166.3116533389;238592.1342356312;267050.6708003728;298903.6541519141;334555.9634717432;374460.7706856584;419125.3006744233;469117.2785435782;525072.1459047724;587701.13789258;657800.3235824071;736260.7247225839;824079.6413975459;922373.3285811875;1032391.184709951;1155531.632626961;1293359.894754076;1447627.888434013;1620296.494325686;1813560.480908265;2029876.401899315;2271993.821195295;2542990.262224833;2846310.325953354;3185809.474764127;3565803.038745301;3991121.067296888;4467169.723268114;4999999.999999929
2;7782020327144;50;phasez;-1.53817;-1.53817;-1.53772;-1.53731;-1.53695;-1.5365;-1.53594;-1.53534;-1.53462;-1.53381;-1.53278;-1.53172;-1.53038;-1.52895;-1.52729;-1.5254;-1.5233;-1.52094;-1.51816;-1.51519;-1.51176;-1.50795;-1.5036;-1.49879;-1.49332;-1.48722;-1.48038;-1.47271;-1.46409;-1.45442;-1.44357;-1.4314;-1.41774;-1.40239;-1.38516;-1.36579;-1.34403;-1.31954;-1.29196;-1.26089;-1.22584;-1.18624;-1.14145;-1.0907;-1.03303;-0.967446;-0.89262;-0.807092;-0.709114;-0.596712
3;7782339799951;20;absz;17070;13947.2;11390.8;9302.55;7598.2;6204.26;5066.68;4136.84;3377.41;2756.76;2249.45;1834.67;1495.88;1218.62;991.902;806.428;654.759;531.055;430.689;350.473
3;7782339799951;20;frequency;99999.99999990905;122862.535599424;150952.0265389597;185463.4873444638;227865.1431623047;279960.8926363817;343967.05137965;422606.6409511731;519225.2346839865;637933.2888043621;783781.0140572543;962973.2274171232;1183133.324347452;1453627.601814205;1785963.729760951;2194280.323268956;2695948.443325946;3312310.615921419;4069588.809647371;4999999.999999929
3;7782339799951;20;phasez;-1.52656;-1.52331;-1.51921;-1.5142;-1.50787;-1.50009;-1.49038;-1.47831;-1.46337;-1.44488;-1.42202;-1.39368;-1.35854;-1.31489;-1.26052;-1.19253;-1.10698;-0.998682;-0.860376;-0.68244
