0;2005689231113;20;absz;1.89639e+08;1.37217e+08;9.93121e+07;7.18531e+07;5.19839e+07;3.75972e+07;2.72143e+07;1.96896e+07;1.42472e+07;1.0309e+07;7.45844e+06;5.39564e+06;3.90276e+06;2.82248e+06;2.04091e+06;1.47557e+06;1.06667e+06;771026;557263;402737
0;2005689231113;20;frequency;9.999999974752427;13.86918846435492;19.23543905490988;26.67799336109056;37.00021196095804;51.31629158938722;71.17153245417285;98.70914048804025;136.9015682683994;189.8713664161278;263.3361782500288;365.2259113806622;506.5387032487934;702.5280792305466;974.3494403835484;1351.343611730726;1874.203936580443;2599.368780806799;3605.113577052066;4999.99999995282
0;2005689231113;20;phasez;-1.55344;-1.55382;-1.55334;-1.55345;-1.55393;-1.55404;-1.55385;-1.55386;-1.55389;-1.55395;-1.55399;-1.55403;-1.55398;-1.55372;-1.55312;-1.55204;-1.55029;-1.54761;-1.54368;-1.53806
1;2006457295955;50;absz;9.72565e+06;8.32653e+06;7.08242e+06;6.041e+06;5.16033e+06;4.40509e+06;3.76147e+06;3.20926e+06;2.73946e+06;2.33932e+06;1.99664e+06;1.7041e+06;1.45437e+06;1.24125e+06;1.05925e+06;904270;771721;658607;562060;479675;409342;349330;298120;254416;217117;185287;158127;134953;115175;98297.3;83894.4;71601;61112.1;52160.1;44519.7;37998.5;32432.8;27681.2;23625.1;20162.1;17205.3;14680.2;12523.5;10680.5;9105.19;7758.29;6605.7;5618.48;4772.08;4045.31
1;2006457295955;50;frequency;199.9999999213742;234.625769479635;275.2462588517801;322.8993264769997;378.802514688914;444.3841576318164;521.3198749487447;611.5753842550475;717.456725922716;841.6691823498468;987.3863981368913;1158.33146786315;1358.872060208682;1594.132014446359;1870.122253535556;2193.894364737048;2573.720768452858;3019.306079821149;3542.035062906734;4155.263512473084;4874.659497176026;5718.603679767398;6708.658946337209;7870.121340545211;9232.666380967203;10831.10727442716;12706.28439819177;14906.10877695531;17486.78621595445;20514.25336674129;24065.86241733066;28232.35745111674;33120.19296963342;38854.25382030405;45581.04601983359;53472.44000269313;62730.06193403319;73590.44528463698;86331.07429211862;101277.4737211686;118811.5260634959;139381.228686517;163512.140226203;191820.8086789974;225030.524286467;263989.7996954232;309694.0495706946;363311.0235703185;426210.642505751;499999.9999999716
1;2006457295955;50;phasez;-1.55201;-1.55498;-1.55765;-1.55558;-1.55631;-1.55636;-1.55556;-1.55618;-1.55697;-1.55696;-1.55735;-1.55741;-1.55729;-1.5575;-1.55756;-1.5577;-1.55778;-1.55772;-1.5577;-1.55768;-1.55748;-1.55732;-1.55704;-1.55672;-1.55633;-1.55582;-1.55522;-1.55452;-1.55368;-1.55271;-1.5516;-1.55029;-1.54879;-1.54704;-1.54502;-1.5427;-1.54;-1.53687;-1.53323;-1.529;-1.52407;-1.5183;-1.51156;-1.50365;-1.49438;-1.48346;-1.47059;-1.45535;-1.43724;-1.41557
2;2007225434985;50;absz;101282;90597.2;80970.3;72419.3;64731.1;57883.3;51752.3;46261.5;41373.2;36987.9;33073.7;29571.8;26438.9;23642.9;21138.4;18902.2;16903.6;15115.9;13516.7;12087.7;10809.2;9666.73;8644.65;7730.67;6913.4;6182.79;5529.3;4944.8;4422.14;3954.56;3536.43;3162.41;2827.82;2528.49;2260.77;2021.22;1806.88;1615.1;1443.48;1289.91;1152.47;1029.53;919.546;821.177;733.348;654.969;585.178;523.304;468.734;421.125
2;2007225434985;50;frequency;20000.00000002444;22385.53853899816;25055.61678390222;28044.17375656954;31389.19662092121;35133.2035329932;39323.78408414649;44014.2042055669;49264.08322518227;55140.1516811012;61717.09952482729;69078.52549602467;77317.99973512921;86540.25314108083;96862.50859274992;108415.9709538568;121347.4948009008;135821.4510731415;152021.8163702936;170154.5114554648;190450.0186878266;213166.3116533389;238592.1342356312;267050.6708003728;298903.6541519141;334555.9634717432;374460.7706856584;419125.3006744233;469117.2785435782;525072.1459047724;587701.13789258;657800.3235824071;736260.7247225839;824079.6413975459;922373.3285811875;1032391.184709951;1155531.632626961;1293359.894754076;1447627.888434013;1620296.494325686;1813560.480908265;2029876.401899315;2271993.821195295;2542990.262224833;2846310.325953354;3185809.474764127;3565803.038745301;3991121.067296888;4467169.723268114;4999999.999999929
2;2007225434985;50;phasez;-1.55643;-1.55626;-1.55533;-1.55502;-1.55435;-1.55363;-1.5528;-1.5519;-1.55075;-1.54977;-1.54837;-1.5471;-1.54536;-1.54363;-1.5417;-1.5394;-1.53701;-1.53427;-1.53112;-1.52781;-1.52398;-1.51977;-1.51511;-1.50986;-1.50407;-1.49756;-1.49034;-1.48227;-1.47324;-1.46317;-1.45189;-1.4393;-1.42518;-1.40941;-1.39172;-1.3719;-1.34965;-1.32468;-1.29662;-1.26506;-1.22952;-1.18945;-1.14419;-1.09298;-1.03488;-0.968909;-0.893733;-0.807919;-0.709746;-0.597274
3;2007544072531;20;absz;20576.4;16779.4;13681.6;11152.3;9093.29;7414.88;6045.25;4929.58;4019.21;3276.96;2671.42;2177.15;1773.79;1444.68;1175.84;956.39;777.281;631.568;513.75;420.099
3;2007544072531;20;frequency;99999.99999990905;122862.535599424;150952.0265389597;185463.4873444638;227865.1431623047;279960.8926363817;343967.05137965;422606.6409511731;519225.2346839865;637933.2888043621;783781.0140572543;962973.2274171232;1183133.324347452;1453627.601814205;1785963.729760951;2194280.323268956;2695948.443325946;3312310.615921419;4069588.809647371;4999999.999999929
3;2007544072531;20;phasez;-1.54068;-1.5369;-1.53223;-1.52647;-1.51957;-1.51102;-1.50061;-1.48782;-1.47214;-1.4529;-1.42922;-1.40005;-1.36405;-1.31952;-1.26425;-1.19538;-1.10899;-0.999965;-0.861089;-0.682885
