0;1350108792594;20;absz;2.04462e+08;1.47696e+08;1.06771e+08;7.7121e+07;5.57364e+07;4.02674e+07;2.91133e+07;2.104e+07;1.52074e+07;1.09928e+07;7.94714e+06;5.74542e+06;4.15394e+06;3.0033e+06;2.17133e+06;1.56986e+06;1.13502e+06;820645;593380;429065
0;1350108792594;20;frequency;9.999999974752427;13.86918846435492;19.23543905490988;26.67799336109056;37.00021196095804;51.31629158938722;71.17153245417285;98.70914048804025;136.9015682683994;189.8713664161278;263.3361782500288;365.2259113806622;506.5387032487934;702.5280792305466;974.3494403835484;1351.343611730726;1874.203936580443;2599.368780806799;3605.113577052066;4999.99999995282
0;1350108792594;20;phasez;-1.55914;-1.56002;-1.56007;-1.55928;-1.55929;-1.55988;-1.55884;-1.55857;-1.55823;-1.55766;-1.5571;-1.55645;-1.55572;-1.55477;-1.55352;-1.55179;-1.54942;-1.54614;-1.54164;-1.53547
1;1350881823563;50;absz;1.03703e+07;8.81325e+06;7.52715e+06;6.44086e+06;5.49782e+06;4.68685e+06;4.00311e+06;3.415e+06;2.91577e+06;2.48844e+06;2.12485e+06;1.81258e+06;1.5476e+06;1.32059e+06;1.12747e+06;962178;821475;701123;598461;510871;436079;372255;317783;271288;231598;197722;168813;144131;123063;105079;89726.5;76619.1;65429.2;55875.8;47718.2;40752.7;34804.4;29723.5;25384.3;21676.9;18510.1;15804.2;13491.5;11513.7;9822.47;8375.13;7136.09;6073.77;5162.5;4379.26
1;1350881823563;50;frequency;199.9999999213742;234.625769479635;275.2462588517801;322.8993264769997;378.802514688914;444.3841576318164;521.3198749487447;611.5753842550475;717.456725922716;841.6691823498468;987.3863981368913;1158.33146786315;1358.872060208682;1594.132014446359;1870.122253535556;2193.894364737048;2573.720768452858;3019.306079821149;3542.035062906734;4155.263512473084;4874.659497176026;5718.603679767398;6708.658946337209;7870.121340545211;9232.666380967203;10831.10727442716;12706.28439819177;14906.10877695531;17486.78621595445;20514.25336674129;24065.86241733066;28232.35745111674;33120.19296963342;38854.25382030405;45581.04601983359;53472.44000269313;62730.06193403319;73590.44528463698;86331.07429211862;101277.4737211686;118811.5260634959;139381.228686517;163512.140226203;191820.8086789974;225030.524286467;263989.7996954232;309694.0495706946;363311.0235703185;426210.642505751;499999.9999999716
1;1350881823563;50;phasez;-1.55915;-1.55963;-1.55868;-1.55817;-1.55828;-1.55719;-1.55695;-1.55799;-1.55785;-1.55776;-1.55732;-1.55724;-1.55688;-1.55701;-1.55677;-1.55661;-1.55635;-1.55601;-1.55573;-1.55537;-1.55491;-1.55451;-1.554;-1.55348;-1.55281;-1.55208;-1.55128;-1.55035;-1.54934;-1.54818;-1.54687;-1.54539;-1.54372;-1.54181;-1.53965;-1.53719;-1.53435;-1.5311;-1.52735;-1.52301;-1.51798;-1.51212;-1.5053;-1.49734;-1.48802;-1.47707;-1.46419;-1.44896;-1.43087;-1.40923
2;1351650271187;50;absz;108324;96900.2;86629.1;77486.9;69305.3;61989.8;55441.9;49591.3;44359.1;39680.1;35493.7;31750.8;28399.6;25406.1;22727.2;20333.6;18189.7;16273.8;14559.5;13026.4;11654.8;10427.5;9329.41;8347.22;7468.64;6682.29;5979.02;5349.71;4786.39;4282.48;3831.53;3427.96;3066.79;2743.56;2454.3;2195.3;1963.48;1756;1570.26;1404.01;1255.16;1121.96;1002.76;896.098;800.877;715.887;640.236;573.181;514.099;462.614
2;1351650271187;50;frequency;20000.00000002444;22385.53853899816;25055.61678390222;28044.17375656954;31389.19662092121;35133.2035329932;39323.78408414649;44014.2042055669;49264.08322518227;55140.1516811012;61717.09952482729;69078.52549602467;77317.99973512921;86540.25314108083;96862.50859274992;108415.9709538568;121347.4948009008;135821.4510731415;152021.8163702936;170154.5114554648;190450.0186878266;213166.3116533389;238592.1342356312;267050.6708003728;298903.6541519141;334555.9634717432;374460.7706856584;419125.3006744233;469117.2785435782;525072.1459047724;587701.13789258;657800.3235824071;736260.7247225839;824079.6413975459;922373.3285811875;1032391.184709951;1155531.632626961;1293359.894754076;1447627.888434013;1620296.494325686;1813560.480908265;2029876.401899315;2271993.821195295;2542990.262224833;2846310.325953354;3185809.474764127;3565803.038745301;3991121.067296888;4467169.723268114;4999999.999999929
2;1351650271187;50;phasez;-1.55194;-1.55107;-1.55075;-1.54997;-1.54929;-1.54836;-1.54743;-1.54664;-1.54537;-1.54405;-1.54269;-1.5412;-1.53956;-1.53769;-1.5357;-1.53337;-1.53091;-1.52808;-1.52497;-1.5216;-1.51777;-1.51351;-1.50881;-1.50358;-1.49777;-1.49127;-1.48406;-1.47596;-1.46698;-1.45694;-1.4457;-1.43314;-1.41908;-1.40335;-1.38571;-1.36596;-1.34378;-1.31889;-1.29093;-1.25946;-1.22403;-1.18407;-1.13896;-1.08789;-1.02993;-0.964132;-0.889153;-0.803556;-0.705646;-0.593496
3;1351969565771;20;absz;22127;18058;14737.4;12025.2;9811.76;8007.86;6534.92;5333.24;4352.46;3551.62;2898.09;2363.99;1927.73;1571.61;1280.52;1042.7;848.529;690.549;562.848;461.476
3;1351969565771;20;frequency;99999.99999990905;122862.535599424;150952.0265389597;185463.4873444638;227865.1431623047;279960.8926363817;343967.05137965;422606.6409511731;519225.2346839865;637933.2888043621;783781.0140572543;962973.2274171232;1183133.324347452;1453627.601814205;1785963.729760951;2194280.323268956;2695948.443325946;3312310.615921419;4069588.809647371;4999999.999999929
3;1351969565771;20;phasez;-1.53477;-1.53079;-1.52609;-1.52027;-1.51328;-1.50475;-1.49431;-1.48154;-1.46591;-1.44672;-1.42311;-1.39405;-1.35819;-1.31382;-1.25873;-1.19008;-1.10396;-0.995226;-0.856734;-0.679036
