0;2276297961719;20;absz;1.84508e+08;1.33438e+08;9.66157e+07;6.99518e+07;5.0624e+07;3.66428e+07;2.65113e+07;1.91857e+07;1.38846e+07;1.00479e+07;7.27194e+06;5.26247e+06;3.80786e+06;2.75528e+06;1.99336e+06;1.44208e+06;1.04312e+06;754456;545599;394513
0;2276297961719;20;frequency;9.999999974752427;13.86918846435492;19.23543905490988;26.67799336109056;37.00021196095804;51.31629158938722;71.17153245417285;98.70914048804025;136.9015682683994;189.8713664161278;263.3361782500288;365.2259113806622;506.5387032487934;702.5280792305466;974.3494403835484;1351.343611730726;1874.203936580443;2599.368780806799;3605.113577052066;4999.99999995282
0;2276297961719;20;phasez;-1.55142;-1.55141;-1.55198;-1.55239;-1.55255;-1.552;-1.55269;-1.55276;-1.55257;-1.55254;-1.55239;-1.55228;-1.55199;-1.55153;-1.55078;-1.54964;-1.54787;-1.54529;-1.54154;-1.53616
1;2277070172149;50;absz;9.48363e+06;8.07655e+06;6.89269e+06;5.8965e+06;5.02953e+06;4.29482e+06;3.66766e+06;3.13268e+06;2.67498e+06;2.28377e+06;1.95017e+06;1.66519e+06;1.42159e+06;1.2137e+06;1.03615e+06;884531;755165;644634;550288;469753;400994;342281;292160;249367;212846;181666;155055;132342;112955;96405;82283.6;70228.7;59939;51158.1;43662.9;37264.6;31803.9;27142.7;23163.4;19766.4;16865.6;14388.5;12272.5;10464.8;8919.99;7599.12;6469.02;5501.23;4671.56;3959.26
1;2277070172149;50;frequency;199.9999999213742;234.625769479635;275.2462588517801;322.8993264769997;378.802514688914;444.3841576318164;521.3198749487447;611.5753842550475;717.456725922716;841.6691823498468;987.3863981368913;1158.33146786315;1358.872060208682;1594.132014446359;1870.122253535556;2193.894364737048;2573.720768452858;3019.306079821149;3542.035062906734;4155.263512473084;4874.659497176026;5718.603679767398;6708.658946337209;7870.121340545211;9232.666380967203;10831.10727442716;12706.28439819177;14906.10877695531;17486.78621595445;20514.25336674129;24065.86241733066;28232.35745111674;33120.19296963342;38854.25382030405;45581.04601983359;53472.44000269313;62730.06193403319;73590.44528463698;86331.07429211862;101277.4737211686;118811.5260634959;139381.228686517;163512.140226203;191820.8086789974;225030.524286467;263989.7996954232;309694.0495706946;363311.0235703185;426210.642505751;499999.9999999716
1;2277070172149;50;phasez;-1.55357;-1.55103;-1.55396;-1.55199;-1.55399;-1.5533;-1.55468;-1.55422;-1.55456;-1.55442;-1.55459;-1.55497;-1.55488;-1.55502;-1.55534;-1.55529;-1.55533;-1.55544;-1.5556;-1.55561;-1.55552;-1.5555;-1.55541;-1.55524;-1.55497;-1.55467;-1.55422;-1.55369;-1.55304;-1.55225;-1.55128;-1.55014;-1.54878;-1.54719;-1.54532;-1.54314;-1.54058;-1.53759;-1.53408;-1.52997;-1.52515;-1.5195;-1.51286;-1.50505;-1.49587;-1.48505;-1.47226;-1.45711;-1.43909;-1.41749
2;2277838264567;50;absz;99320.7;88860.5;79422.3;71019.2;63498.2;56770.9;50755.2;45379.1;40574.9;36274.1;32436.8;28996.6;25924.9;23181.3;20725.5;18531.7;16569.8;14816.1;13247.2;11845.4;10591.9;9471.33;8468.84;7572.77;6771.19;6054.72;5414.07;4841;4328.59;3870.45;3460.58;3094.1;2766.33;2473.06;2210.78;1976.17;1766.29;1578.49;1410.5;1260.18;1125.68;1005.35;897.7;801.45;715.489;638.816;570.53;509.979;456.577;409.965
2;2277838264567;50;frequency;20000.00000002444;22385.53853899816;25055.61678390222;28044.17375656954;31389.19662092121;35133.2035329932;39323.78408414649;44014.2042055669;49264.08322518227;55140.1516811012;61717.09952482729;69078.52549602467;77317.99973512921;86540.25314108083;96862.50859274992;108415.9709538568;121347.4948009008;135821.4510731415;152021.8163702936;170154.5114554648;190450.0186878266;213166.3116533389;238592.1342356312;267050.6708003728;298903.6541519141;334555.9634717432;374460.7706856584;419125.3006744233;469117.2785435782;525072.1459047724;587701.13789258;657800.3235824071;736260.7247225839;824079.6413975459;922373.3285811875;1032391.184709951;1155531.632626961;1293359.894754076;1447627.888434013;1620296.494325686;1813560.480908265;2029876.401899315;2271993.821195295;2542990.262224833;2846310.325953354;3185809.474764127;3565803.038745301;3991121.067296888;4467169.723268114;4999999.999999929
2;2277838264567;50;phasez;-1.55586;-1.55588;-1.55521;-1.55469;-1.55428;-1.55356;-1.55292;-1.55203;-1.55134;-1.5501;-1.54899;-1.54771;-1.54617;-1.54446;-1.54252;-1.54046;-1.53805;-1.53538;-1.5324;-1.5291;-1.52536;-1.52123;-1.51662;-1.51149;-1.5057;-1.4993;-1.49212;-1.48409;-1.47514;-1.4651;-1.45389;-1.44133;-1.42726;-1.41152;-1.39388;-1.37409;-1.35188;-1.32694;-1.29892;-1.26739;-1.23188;-1.19184;-1.1466;-1.09542;-1.03731;-0.971359;-0.896192;-0.810372;-0.712187;-0.599698
3;2278155868934;20;absz;20174.8;16445.6;13408.5;10927.7;8908.04;7262.67;5919.48;4826.08;3933.62;3206.32;2612.98;2128.85;1733.85;1411.63;1148.49;933.718;758.485;615.91;500.635;408.948
3;2278155868934;20;frequency;99999.99999990905;122862.535599424;150952.0265389597;185463.4873444638;227865.1431623047;279960.8926363817;343967.05137965;422606.6409511731;519225.2346839865;637933.2888043621;783781.0140572543;962973.2274171232;1183133.324347452;1453627.601814205;1785963.729760951;2194280.323268956;2695948.443325946;3312310.615921419;4069588.809647371;4999999.999999929
3;2278155868934;20;phasez;-1.54165;-1.53793;-1.5334;-1.5279;-1.52104;-1.51263;-1.50232;-1.48967;-1.47408;-1.45492;-1.43132;-1.40222;-1.36628;-1.32182;-1.26661;-1.19779;-1.11143;-1.00243;-0.863558;-0.685345
