0;4722680984074;20;absz;1.49665e+08;1.08801e+08;7.91535e+07;5.7547e+07;4.18361e+07;3.04276e+07;2.2101e+07;1.60617e+07;1.167e+07;8.47664e+06;6.15639e+06;4.47047e+06;3.24561e+06;2.35579e+06;1.70963e+06;1.24051e+06;899957;652798;473437;343302
0;4722680984074;20;frequency;9.999999974752427;13.86918846435492;19.23543905490988;26.67799336109056;37.00021196095804;51.31629158938722;71.17153245417285;98.70914048804025;136.9015682683994;189.8713664161278;263.3361782500288;365.2259113806622;506.5387032487934;702.5280792305466;974.3494403835484;1351.343611730726;1874.203936580443;2599.368780806799;3605.113577052066;4999.99999995282
0;4722680984074;20;phasez;-1.52641;-1.52823;-1.52875;-1.53001;-1.53093;-1.53143;-1.5326;-1.53339;-1.53403;-1.53467;-1.53525;-1.53573;-1.53603;-1.53609;-1.53577;-1.53498;-1.53353;-1.5312;-1.52769;-1.52252
1;4723448398056;50;absz;8.00707e+06;6.84375e+06;5.83912e+06;5.00158e+06;4.27662e+06;3.65781e+06;3.12731e+06;2.67475e+06;2.2871e+06;1.95607e+06;1.67241e+06;1.43016e+06;1.22287e+06;1.04551e+06;893954;764234;653299;558496;477434;408132;348864;298193;254877;217850;186199;159142;136012;116244;99344.9;84901.7;72559.3;62008.1;52991.7;45284.8;38698.9;33069.7;28258.3;24146.1;20631;17626.1;15057.1;12860.5;10981.7;9374.19;7998.66;6821.11;5812.08;4946.98;4204.35;3566.03
1;4723448398056;50;frequency;199.9999999213742;234.625769479635;275.2462588517801;322.8993264769997;378.802514688914;444.3841576318164;521.3198749487447;611.5753842550475;717.456725922716;841.6691823498468;987.3863981368913;1158.33146786315;1358.872060208682;1594.132014446359;1870.122253535556;2193.894364737048;2573.720768452858;3019.306079821149;3542.035062906734;4155.263512473084;4874.659497176026;5718.603679767398;6708.658946337209;7870.121340545211;9232.666380967203;10831.10727442716;12706.28439819177;14906.10877695531;17486.78621595445;20514.25336674129;24065.86241733066;28232.35745111674;33120.19296963342;38854.25382030405;45581.04601983359;53472.44000269313;62730.06193403319;73590.44528463698;86331.07429211862;101277.4737211686;118811.5260634959;139381.228686517;163512.140226203;191820.8086789974;225030.524286467;263989.7996954232;309694.0495706946;363311.0235703185;426210.642505751;499999.9999999716
1;4723448398056;50;phasez;-1.53422;-1.53573;-1.53571;-1.53761;-1.53824;-1.53843;-1.53858;-1.53916;-1.5388;-1.53974;-1.53976;-1.53989;-1.54037;-1.54048;-1.54084;-1.54112;-1.54131;-1.54159;-1.54169;-1.54183;-1.54193;-1.54195;-1.54196;-1.54187;-1.54172;-1.54152;-1.54123;-1.54081;-1.54028;-1.53962;-1.5388;-1.53781;-1.53661;-1.53518;-1.53348;-1.53149;-1.52913;-1.52635;-1.52307;-1.51923;-1.5147;-1.50937;-1.50309;-1.49569;-1.48695;-1.47659;-1.46431;-1.4497;-1.43224;-1.41125
2;4724218180290;50;absz;87477.4;78300.3;70077.1;62706.9;56102.2;50217.6;44939;40210.8;35984.8;32205.6;28816.6;25787.5;23073.1;20648.6;18477;16534.9;14796.6;13242.5;11848.9;10603.1;9488.08;8490.34;7597.13;6797.85;6082.6;5442.23;4869.47;4356.47;3897.52;3486.61;3118.84;2789.74;2495.11;2231.4;1995.32;1783.98;1594.79;1425.42;1273.78;1137.98;1016.44;907.61;810.194;723.021;645.097;575.508;513.47;458.395;409.736;367.136
2;4724218180290;50;frequency;20000.00000002444;22385.53853899816;25055.61678390222;28044.17375656954;31389.19662092121;35133.2035329932;39323.78408414649;44014.2042055669;49264.08322518227;55140.1516811012;61717.09952482729;69078.52549602467;77317.99973512921;86540.25314108083;96862.50859274992;108415.9709538568;121347.4948009008;135821.4510731415;152021.8163702936;170154.5114554648;190450.0186878266;213166.3116533389;238592.1342356312;267050.6708003728;298903.6541519141;334555.9634717432;374460.7706856584;419125.3006744233;469117.2785435782;525072.1459047724;587701.13789258;657800.3235824071;736260.7247225839;824079.6413975459;922373.3285811875;1032391.184709951;1155531.632626961;1293359.894754076;1447627.888434013;1620296.494325686;1813560.480908265;2029876.401899315;2271993.821195295;2542990.262224833;2846310.325953354;3185809.474764127;3565803.038745301;3991121.067296888;4467169.723268114;4999999.999999929
2;4724218180290;50;phasez;-1.5432;-1.54295;-1.54276;-1.54261;-1.54224;-1.54159;-1.54114;-1.5403;-1.5393;-1.53861;-1.53747;-1.53637;-1.53497;-1.53344;-1.53179;-1.52981;-1.52759;-1.52523;-1.52248;-1.51941;-1.51602;-1.51216;-1.50785;-1.50303;-1.49765;-1.49158;-1.48478;-1.47715;-1.46861;-1.45901;-1.44823;-1.43613;-1.42253;-1.40725;-1.3901;-1.37081;-1.3491;-1.32468;-1.29717;-1.26617;-1.2312;-1.19169;-1.14701;-1.09635;-1.03883;-0.97341;-0.898774;-0.813481;-0.715789;-0.603761
3;4724536857256;20;absz;17992.6;14689.7;11990.5;9786.94;7990.29;6520.98;5322.27;4343.39;3543.78;2891.01;2357.55;1921.64;1565.79;1274.88;1037.17;842.827;684.089;554.731;449.926;366.277
3;4724536857256;20;frequency;99999.99999990905;122862.535599424;150952.0265389597;185463.4873444638;227865.1431623047;279960.8926363817;343967.05137965;422606.6409511731;519225.2346839865;637933.2888043621;783781.0140572543;962973.2274171232;1183133.324347452;1453627.601814205;1785963.729760951;2194280.323268956;2695948.443325946;3312310.615921419;4069588.809647371;4999999.999999929
3;4724536857256;20;phasez;-1.53084;-1.52749;-1.52352;-1.51843;-1.51213;-1.50434;-1.49471;-1.48274;-1.46794;-1.44958;-1.42684;-1.39862;-1.36362;-1.32011;-1.26586;-1.19803;-1.11268;-1.00467;-0.866764;-0.689401
