0;4329376632881;20;absz;1.5337e+08;1.11526e+08;8.10264e+07;5.89124e+07;4.28206e+07;3.10975e+07;2.26005e+07;1.64145e+07;1.19192e+07;8.65474e+06;6.28244e+06;4.55967e+06;3.3088e+06;2.40072e+06;1.74153e+06;1.26318e+06;916026;664171;481487;348994
0;4329376632881;20;frequency;9.999999974752427;13.86918846435492;19.23543905490988;26.67799336109056;37.00021196095804;51.31629158938722;71.17153245417285;98.70914048804025;136.9015682683994;189.8713664161278;263.3361782500288;365.2259113806622;506.5387032487934;702.5280792305466;974.3494403835484;1351.343611730726;1874.203936580443;2599.368780806799;3605.113577052066;4999.99999995282
0;4329376632881;20;phasez;-1.52927;-1.53013;-1.53093;-1.53183;-1.53312;-1.53361;-1.53473;-1.53553;-1.53623;-1.53694;-1.53747;-1.53791;-1.53813;-1.5381;-1.53775;-1.53695;-1.53551;-1.53318;-1.52964;-1.52443
1;4330144159320;50;absz;8.14558e+06;6.97357e+06;5.95709e+06;5.09762e+06;4.35814e+06;3.72909e+06;3.18911e+06;2.72496e+06;2.33053e+06;1.99302e+06;1.70355e+06;1.45668e+06;1.24531e+06;1.06433e+06;909812;777771;664735;568159;485564;414978;354657;303081;259008;221331;189137;161624;138109;118013;100842;86166.1;73625.8;62912;53756.4;45933.5;39248.4;33535;28652.8;24480.3;20914.4;17866;15260.3;13032;11126.5;9496.65;8101.89;6907.87;5885.14;5008.35;4255.93;3609.13
1;4330144159320;50;frequency;199.9999999213742;234.625769479635;275.2462588517801;322.8993264769997;378.802514688914;444.3841576318164;521.3198749487447;611.5753842550475;717.456725922716;841.6691823498468;987.3863981368913;1158.33146786315;1358.872060208682;1594.132014446359;1870.122253535556;2193.894364737048;2573.720768452858;3019.306079821149;3542.035062906734;4155.263512473084;4874.659497176026;5718.603679767398;6708.658946337209;7870.121340545211;9232.666380967203;10831.10727442716;12706.28439819177;14906.10877695531;17486.78621595445;20514.25336674129;24065.86241733066;28232.35745111674;33120.19296963342;38854.25382030405;45581.04601983359;53472.44000269313;62730.06193403319;73590.44528463698;86331.07429211862;101277.4737211686;118811.5260634959;139381.228686517;163512.140226203;191820.8086789974;225030.524286467;263989.7996954232;309694.0495706946;363311.0235703185;426210.642505751;499999.9999999716
1;4330144159320;50;phasez;-1.53864;-1.53781;-1.53838;-1.5386;-1.54067;-1.54036;-1.53968;-1.54072;-1.54087;-1.5414;-1.54156;-1.5421;-1.54235;-1.54254;-1.54299;-1.54322;-1.54334;-1.54349;-1.54363;-1.54373;-1.54382;-1.54388;-1.54382;-1.54372;-1.54356;-1.5433;-1.54295;-1.5425;-1.54193;-1.54122;-1.54033;-1.5393;-1.53805;-1.53658;-1.53486;-1.53284;-1.53047;-1.52769;-1.52441;-1.52058;-1.51607;-1.51075;-1.5045;-1.49711;-1.48839;-1.47805;-1.46579;-1.45118;-1.43372;-1.41273
2;4330913016671;50;absz;88782.3;79465;71091.9;63624.5;56934.2;50932.3;45580.8;40790;36493.8;32654.6;29217.3;26143.7;23392.9;20931.9;18730.4;16758.5;14996.7;13418.3;12005.8;10742.7;9612.02;8600.11;7694.6;6884.33;6159.19;5510.45;4929.83;4410.01;3944.88;3528.61;3156.13;2822.71;2524.33;2257.31;2018.28;1804.34;1612.82;1441.38;1287.92;1150.54;1027.55;917.445;818.926;730.764;652.004;581.651;518.953;463.29;414.129;371.102
2;4330913016671;50;frequency;20000.00000002444;22385.53853899816;25055.61678390222;28044.17375656954;31389.19662092121;35133.2035329932;39323.78408414649;44014.2042055669;49264.08322518227;55140.1516811012;61717.09952482729;69078.52549602467;77317.99973512921;86540.25314108083;96862.50859274992;108415.9709538568;121347.4948009008;135821.4510731415;152021.8163702936;170154.5114554648;190450.0186878266;213166.3116533389;238592.1342356312;267050.6708003728;298903.6541519141;334555.9634717432;374460.7706856584;419125.3006744233;469117.2785435782;525072.1459047724;587701.13789258;657800.3235824071;736260.7247225839;824079.6413975459;922373.3285811875;1032391.184709951;1155531.632626961;1293359.894754076;1447627.888434013;1620296.494325686;1813560.480908265;2029876.401899315;2271993.821195295;2542990.262224833;2846310.325953354;3185809.474764127;3565803.038745301;3991121.067296888;4467169.723268114;4999999.999999929
2;4330913016671;50;phasez;-1.54494;-1.54453;-1.54441;-1.54391;-1.54342;-1.54306;-1.54237;-1.54161;-1.54091;-1.53978;-1.53891;-1.53766;-1.53623;-1.53485;-1.53305;-1.53118;-1.52899;-1.52658;-1.52386;-1.52083;-1.51742;-1.51357;-1.50933;-1.50451;-1.4991;-1.49306;-1.48625;-1.47864;-1.47009;-1.46049;-1.44971;-1.43759;-1.42399;-1.4087;-1.39154;-1.37224;-1.35052;-1.32608;-1.29856;-1.26753;-1.23254;-1.19302;-1.14831;-1.09765;-1.04008;-0.974655;-0.900008;-0.814699;-0.717;-0.604977
3;4331234163229;20;absz;18234.8;14887.1;12148.9;9914.85;8092.74;6604.09;5388.6;4396.49;3586.4;2925.19;2384.9;1943.63;1583.43;1289.02;1048.5;851.932;691.399;560.625;454.713;370.22
3;4331234163229;20;frequency;99999.99999990905;122862.535599424;150952.0265389597;185463.4873444638;227865.1431623047;279960.8926363817;343967.05137965;422606.6409511731;519225.2346839865;637933.2888043621;783781.0140572543;962973.2274171232;1183133.324347452;1453627.601814205;1785963.729760951;2194280.323268956;2695948.443325946;3312310.615921419;4069588.809647371;4999999.999999929
3;4331234163229;20;phasez;-1.53219;-1.52898;-1.52484;-1.51983;-1.51354;-1.50582;-1.49617;-1.48421;-1.46941;-1.45106;-1.42828;-1.40006;-1.36503;-1.32148;-1.26721;-1.19934;-1.11397;-1.00593;-0.867995;-0.69066
