0;10274786812524;20;absz;1.35948e+08;9.91578e+07;7.22713e+07;5.26526e+07;3.83474e+07;2.79285e+07;2.03144e+07;1.47813e+07;1.07499e+07;7.81798e+06;5.68421e+06;4.13206e+06;3.00323e+06;2.18244e+06;1.58575e+06;1.15203e+06;836840;607787;441353;320442
0;10274786812524;20;frequency;9.999999974752427;13.86918846435492;19.23543905490988;26.67799336109056;37.00021196095804;51.31629158938722;71.17153245417285;98.70914048804025;136.9015682683994;189.8713664161278;263.3361782500288;365.2259113806622;506.5387032487934;702.5280792305466;974.3494403835484;1351.343611730726;1874.203936580443;2599.368780806799;3605.113577052066;4999.99999995282
0;10274786812524;20;phasez;-1.50982;-1.51358;-1.51656;-1.51898;-1.52146;-1.52329;-1.52498;-1.52638;-1.52755;-1.52853;-1.52929;-1.52986;-1.53016;-1.53018;-1.52983;-1.52899;-1.52753;-1.52519;-1.52167;-1.51652
1;10275556935305;50;absz;7.35306e+06;6.30902e+06;5.40167e+06;4.62072e+06;3.95127e+06;3.3824e+06;2.89494e+06;2.47713e+06;2.11928e+06;1.81353e+06;1.55182e+06;1.32729e+06;1.13571e+06;971618;831174;711065;608267;520313;445074;380692;325618;278502;238193;203718;174226;148996;127420;108965;93182.3;79684.6;68139;58266.4;49823.1;42602.6;36427.6;31146.6;26629.6;22766.5;19462.3;16635.9;14218.2;12149.3;10378.8;8863.56;7566.25;6454.97;5502.51;4685.6;3984.07;3380.69
1;10275556935305;50;frequency;199.9999999213742;234.625769479635;275.2462588517801;322.8993264769997;378.802514688914;444.3841576318164;521.3198749487447;611.5753842550475;717.456725922716;841.6691823498468;987.3863981368913;1158.33146786315;1358.872060208682;1594.132014446359;1870.122253535556;2193.894364737048;2573.720768452858;3019.306079821149;3542.035062906734;4155.263512473084;4874.659497176026;5718.603679767398;6708.658946337209;7870.121340545211;9232.666380967203;10831.10727442716;12706.28439819177;14906.10877695531;17486.78621595445;20514.25336674129;24065.86241733066;28232.35745111674;33120.19296963342;38854.25382030405;45581.04601983359;53472.44000269313;62730.06193403319;73590.44528463698;86331.07429211862;101277.4737211686;118811.5260634959;139381.228686517;163512.140226203;191820.8086789974;225030.524286467;263989.7996954232;309694.0495706946;363311.0235703185;426210.642505751;499999.9999999716
1;10275556935305;50;phasez;-1.52947;-1.52925;-1.52875;-1.53072;-1.53068;-1.53173;-1.53239;-1.53283;-1.53282;-1.53318;-1.53399;-1.53402;-1.53436;-1.53452;-1.53484;-1.53516;-1.53529;-1.5355;-1.53564;-1.53583;-1.53592;-1.53598;-1.53596;-1.53592;-1.53581;-1.53562;-1.53535;-1.53495;-1.53446;-1.53383;-1.53307;-1.53212;-1.53098;-1.52961;-1.52799;-1.52607;-1.52379;-1.5211;-1.51791;-1.51413;-1.50968;-1.5044;-1.49816;-1.49077;-1.48202;-1.47163;-1.4593;-1.44461;-1.42705;-1.40594
2;10276325091161;50;absz;82088.3;73514.5;65794.8;58908.7;52731.2;47224.9;42264.9;37839.2;33880.7;30324.4;27149.3;24303.5;21755.3;19474.2;17433.5;15606.5;13970.1;12506;11194.7;10020.8;8970.06;8029.06;7186.59;6432.59;5757.42;5153.14;4612.1;4127.75;3693.99;3305.73;2958.13;2646.85;2368.2;2118.67;1895.24;1695.18;1515.99;1355.47;1211.7;1082.91;967.531;864.228;771.679;688.801;614.692;548.451;489.355;436.848;390.418;349.738
2;10276325091161;50;frequency;20000.00000002444;22385.53853899816;25055.61678390222;28044.17375656954;31389.19662092121;35133.2035329932;39323.78408414649;44014.2042055669;49264.08322518227;55140.1516811012;61717.09952482729;69078.52549602467;77317.99973512921;86540.25314108083;96862.50859274992;108415.9709538568;121347.4948009008;135821.4510731415;152021.8163702936;170154.5114554648;190450.0186878266;213166.3116533389;238592.1342356312;267050.6708003728;298903.6541519141;334555.9634717432;374460.7706856584;419125.3006744233;469117.2785435782;525072.1459047724;587701.13789258;657800.3235824071;736260.7247225839;824079.6413975459;922373.3285811875;1032391.184709951;1155531.632626961;1293359.894754076;1447627.888434013;1620296.494325686;1813560.480908265;2029876.401899315;2271993.821195295;2542990.262224833;2846310.325953354;3185809.474764127;3565803.038745301;3991121.067296888;4467169.723268114;4999999.999999929
2;10276325091161;50;phasez;-1.53744;-1.53732;-1.53705;-1.53667;-1.53653;-1.53567;-1.53552;-1.53469;-1.53402;-1.53331;-1.53213;-1.53098;-1.52975;-1.52838;-1.52666;-1.52476;-1.52258;-1.52019;-1.51751;-1.51449;-1.51108;-1.50726;-1.50293;-1.49808;-1.49264;-1.48655;-1.47968;-1.472;-1.46337;-1.45369;-1.44283;-1.43065;-1.41697;-1.40163;-1.38437;-1.36499;-1.34319;-1.31868;-1.29108;-1.26;-1.22493;-1.18532;-1.14052;-1.08974;-1.03207;-0.966482;-0.891632;-0.806071;-0.708073;-0.595638
3;10276642672282;20;absz;16968.8;13866;11323.8;9249.89;7555.78;6170.34;5039.14;4114.54;3359.38;2742.26;2237.75;1825.35;1488.37;1212.64;987.14;802.628;651.715;528.613;428.72;348.855
3;10276642672282;20;frequency;99999.99999990905;122862.535599424;150952.0265389597;185463.4873444638;227865.1431623047;279960.8926363817;343967.05137965;422606.6409511731;519225.2346839865;637933.2888043621;783781.0140572543;962973.2274171232;1183133.324347452;1453627.601814205;1785963.729760951;2194280.323268956;2695948.443325946;3312310.615921419;4069588.809647371;4999999.999999929
3;10276642672282;20;phasez;-1.52579;-1.52256;-1.5185;-1.51356;-1.50719;-1.49934;-1.48965;-1.47757;-1.46263;-1.44415;-1.42124;-1.39287;-1.35769;-1.314;-1.2596;-1.19157;-1.106;-0.997675;-0.859321;-0.681292
