0;6251537512237;20;absz;1.40799e+08;1.0251e+08;7.46623e+07;5.4337e+07;3.95327e+07;2.87555e+07;2.09177e+07;1.5207e+07;1.10556e+07;8.03644e+06;5.8411e+06;4.24487e+06;3.08447e+06;2.24096e+06;1.62783e+06;1.18228e+06;858499;623300;452467;328397
0;6251537512237;20;frequency;9.999999974752427;13.86918846435492;19.23543905490988;26.67799336109056;37.00021196095804;51.31629158938722;71.17153245417285;98.70914048804025;136.9015682683994;189.8713664161278;263.3361782500288;365.2259113806622;506.5387032487934;702.5280792305466;974.3494403835484;1351.343611730726;1874.203936580443;2599.368780806799;3605.113577052066;4999.99999995282
0;6251537512237;20;phasez;-1.51826;-1.52002;-1.52236;-1.52447;-1.52585;-1.52782;-1.52842;-1.52938;-1.53017;-1.53082;-1.53132;-1.53167;-1.53183;-1.53181;-1.53145;-1.53062;-1.52921;-1.52691;-1.5234;-1.51826
1;6252308864233;50;absz;7.56651e+06;6.47464e+06;5.55192e+06;4.74284e+06;4.06421e+06;3.47543e+06;2.97365e+06;2.54436e+06;2.17607e+06;1.8618e+06;1.59277e+06;1.36271e+06;1.16551e+06;996914;852711;729333;623788;533509;456287;390203;333689;285356;244013;208654;178416;152556;130440;111530;95355.6;81526.1;69701.1;59590.2;50945.1;43552.9;37233.1;31828.2;27207.1;23255.4;19875.8;16985.8;14514;12399.4;10590.6;9042.74;7717.83;6583.27;5611.05;4777.24;4061.36;3445.74
1;6252308864233;50;frequency;199.9999999213742;234.625769479635;275.2462588517801;322.8993264769997;378.802514688914;444.3841576318164;521.3198749487447;611.5753842550475;717.456725922716;841.6691823498468;987.3863981368913;1158.33146786315;1358.872060208682;1594.132014446359;1870.122253535556;2193.894364737048;2573.720768452858;3019.306079821149;3542.035062906734;4155.263512473084;4874.659497176026;5718.603679767398;6708.658946337209;7870.121340545211;9232.666380967203;10831.10727442716;12706.28439819177;14906.10877695531;17486.78621595445;20514.25336674129;24065.86241733066;28232.35745111674;33120.19296963342;38854.25382030405;45581.04601983359;53472.44000269313;62730.06193403319;73590.44528463698;86331.07429211862;101277.4737211686;118811.5260634959;139381.228686517;163512.140226203;191820.8086789974;225030.524286467;263989.7996954232;309694.0495706946;363311.0235703185;426210.642505751;499999.9999999716
1;6252308864233;50;phasez;-1.53161;-1.5336;-1.53157;-1.53363;-1.53396;-1.53394;-1.53363;-1.5349;-1.53416;-1.53511;-1.53535;-1.53565;-1.53592;-1.53631;-1.53651;-1.53683;-1.53702;-1.53722;-1.53743;-1.53757;-1.53767;-1.53773;-1.53774;-1.53771;-1.53761;-1.53742;-1.53717;-1.5368;-1.53632;-1.53572;-1.53495;-1.53403;-1.5329;-1.53155;-1.52994;-1.52803;-1.52577;-1.52307;-1.51988;-1.5161;-1.51163;-1.50634;-1.50007;-1.49266;-1.48389;-1.4735;-1.46116;-1.44648;-1.42895;-1.40787
2;6253077086216;50;absz;84004.7;75178.1;67310.5;60252.4;53935.2;48276.7;43221.2;38687.2;34623.8;30990.3;27740.7;24829.3;22223.1;19890.7;17804.4;15935.3;14261.8;12765.4;11425.2;10225.9;9151.9;8190.89;7330.62;6560.7;5871.55;5254.61;4702.31;4207.98;3765.55;3369.38;3014.75;2697.21;2412.97;2158.48;1930.54;1726.52;1543.77;1380.12;1233.55;1102.29;984.732;879.446;785.189;700.759;625.326;557.907;497.775;444.363;397.148;355.786
2;6253077086216;50;frequency;20000.00000002444;22385.53853899816;25055.61678390222;28044.17375656954;31389.19662092121;35133.2035329932;39323.78408414649;44014.2042055669;49264.08322518227;55140.1516811012;61717.09952482729;69078.52549602467;77317.99973512921;86540.25314108083;96862.50859274992;108415.9709538568;121347.4948009008;135821.4510731415;152021.8163702936;170154.5114554648;190450.0186878266;213166.3116533389;238592.1342356312;267050.6708003728;298903.6541519141;334555.9634717432;374460.7706856584;419125.3006744233;469117.2785435782;525072.1459047724;587701.13789258;657800.3235824071;736260.7247225839;824079.6413975459;922373.3285811875;1032391.184709951;1155531.632626961;1293359.894754076;1447627.888434013;1620296.494325686;1813560.480908265;2029876.401899315;2271993.821195295;2542990.262224833;2846310.325953354;3185809.474764127;3565803.038745301;3991121.067296888;4467169.723268114;4999999.999999929
2;6253077086216;50;phasez;-1.53958;-1.53904;-1.53865;-1.53869;-1.53813;-1.53782;-1.53726;-1.5366;-1.53602;-1.53516;-1.53412;-1.53304;-1.53176;-1.53035;-1.52863;-1.5267;-1.52452;-1.52218;-1.51944;-1.51638;-1.51299;-1.50911;-1.50478;-1.49995;-1.49451;-1.48839;-1.48155;-1.47389;-1.46528;-1.45564;-1.4448;-1.43265;-1.41902;-1.4037;-1.38651;-1.36717;-1.34543;-1.32096;-1.29343;-1.26239;-1.22736;-1.18781;-1.14307;-1.09233;-1.03472;-0.969203;-0.894437;-0.808976;-0.711088;-0.598794
3;6253390338630;20;absz;17333.1;14157.5;11560.4;9439.61;7708.56;6293.67;5138.8;4195.11;3424.36;2794.77;2280.14;1859.37;1515.76;1234.63;1004.77;816.774;663.082;537.761;436.132;354.933
3;6253390338630;20;frequency;99999.99999990905;122862.535599424;150952.0265389597;185463.4873444638;227865.1431623047;279960.8926363817;343967.05137965;422606.6409511731;519225.2346839865;637933.2888043621;783781.0140572543;962973.2274171232;1183133.324347452;1453627.601814205;1785963.729760951;2194280.323268956;2695948.443325946;3312310.615921419;4069588.809647371;4999999.999999929
3;6253390338630;20;phasez;-1.52772;-1.52453;-1.52048;-1.51539;-1.50909;-1.50121;-1.49152;-1.47949;-1.46457;-1.44611;-1.42329;-1.395;-1.35993;-1.31634;-1.26203;-1.1941;-1.10862;-1.00042;-0.862238;-0.684467
