0;47417062356;20;absz;3.19581e+08;2.30498e+08;1.66257e+08;1.19946e+08;8.66222e+07;6.24836e+07;4.51097e+07;3.25605e+07;2.34976e+07;1.69594e+07;1.2239e+07;8.83337e+06;6.37505e+06;4.60094e+06;3.32049e+06;2.39643e+06;1.72937e+06;1.24808e+06;900665;649942
0;47417062356;20;frequency;9.999999974752427;13.86918846435492;19.23543905490988;26.67799336109056;37.00021196095804;51.31629158938722;71.17153245417285;98.70914048804025;136.9015682683994;189.8713664161278;263.3361782500288;365.2259113806622;506.5387032487934;702.5280792305466;974.3494403835484;1351.343611730726;1874.203936580443;2599.368780806799;3605.113577052066;4999.99999995282
0;47417062356;20;phasez;-1.56667;-1.56646;-1.56616;-1.56587;-1.56603;-1.56654;-1.56614;-1.56589;-1.56571;-1.56553;-1.56519;-1.56479;-1.56423;-1.56345;-1.56235;-1.56081;-1.55872;-1.55575;-1.5516;-1.54584
1;48186014010;50;absz;1.60587e+07;1.36817e+07;1.15989e+07;9.88895e+06;8.44147e+06;7.20049e+06;6.13832e+06;5.23572e+06;4.46744e+06;3.80856e+06;3.24741e+06;2.77006e+06;2.36143e+06;2.01442e+06;1.71782e+06;1.46481e+06;1.2493e+06;1.06526e+06;908385;774681;660645;563409;480439;409734;349400;297978;254116;216714;184823;157629;134433;114653;97783.2;83397.4;71127.2;60662.4;51734.9;44120.9;37624;32082.2;27353.8;23318.3;19874.2;16933.8;14422.7;12277.4;10442.9;8873.48;7528.8;6375.36
1;48186014010;50;frequency;199.9999999213742;234.625769479635;275.2462588517801;322.8993264769997;378.802514688914;444.3841576318164;521.3198749487447;611.5753842550475;717.456725922716;841.6691823498468;987.3863981368913;1158.33146786315;1358.872060208682;1594.132014446359;1870.122253535556;2193.894364737048;2573.720768452858;3019.306079821149;3542.035062906734;4155.263512473084;4874.659497176026;5718.603679767398;6708.658946337209;7870.121340545211;9232.666380967203;10831.10727442716;12706.28439819177;14906.10877695531;17486.78621595445;20514.25336674129;24065.86241733066;28232.35745111674;33120.19296963342;38854.25382030405;45581.04601983359;53472.44000269313;62730.06193403319;73590.44528463698;86331.07429211862;101277.4737211686;118811.5260634959;139381.228686517;163512.140226203;191820.8086789974;225030.524286467;263989.7996954232;309694.0495706946;363311.0235703185;426210.642505751;499999.9999999716
1;48186014010;50;phasez;-1.56121;-1.56631;-1.56527;-1.56827;-1.56648;-1.56598;-1.56639;-1.5671;-1.56581;-1.56611;-1.56624;-1.56608;-1.5663;-1.56577;-1.56593;-1.56579;-1.5658;-1.5657;-1.56557;-1.56539;-1.56516;-1.56488;-1.5645;-1.56418;-1.56371;-1.56322;-1.56264;-1.56198;-1.56116;-1.56023;-1.5592;-1.55798;-1.55656;-1.55492;-1.55304;-1.55084;-1.54829;-1.54532;-1.54186;-1.53781;-1.53307;-1.52752;-1.521;-1.51333;-1.50429;-1.49363;-1.48103;-1.46607;-1.44825;-1.42688
2;48957573662;50;absz;162562;145226;129739;115981;103656;92601.2;82766.8;73977.1;66086;59042.7;52778.4;47156.6;42141.7;37662.7;33653;30072.4;26873.8;24016.8;21463.7;19181.3;17141.2;15319.7;13691;12235.2;10934.6;9772.31;8733.03;7804.26;6974.12;6232.35;5569.17;4976.63;4446.88;3973.35;3550.15;3171.81;2833.62;2531.44;2261.32;2019.87;1804.18;1611.47;1439.38;1285.65;1148.9;1027.12;919.03;823.589;739.907;667.442
2;48957573662;50;frequency;20000.00000002444;22385.53853899816;25055.61678390222;28044.17375656954;31389.19662092121;35133.2035329932;39323.78408414649;44014.2042055669;49264.08322518227;55140.1516811012;61717.09952482729;69078.52549602467;77317.99973512921;86540.25314108083;96862.50859274992;108415.9709538568;121347.4948009008;135821.4510731415;152021.8163702936;170154.5114554648;190450.0186878266;213166.3116533389;238592.1342356312;267050.6708003728;298903.6541519141;334555.9634717432;374460.7706856584;419125.3006744233;469117.2785435782;525072.1459047724;587701.13789258;657800.3235824071;736260.7247225839;824079.6413975459;922373.3285811875;1032391.184709951;1155531.632626961;1293359.894754076;1447627.888434013;1620296.494325686;1813560.480908265;2029876.401899315;2271993.821195295;2542990.262224833;2846310.325953354;3185809.474764127;3565803.038745301;3991121.067296888;4467169.723268114;4999999.999999929
2;48957573662;50;phasez;-1.56407;-1.56337;-1.56289;-1.56251;-1.56201;-1.56111;-1.56057;-1.55967;-1.55876;-1.55778;-1.55665;-1.55537;-1.55401;-1.55222;-1.5503;-1.54819;-1.54598;-1.54334;-1.5404;-1.53719;-1.53364;-1.52959;-1.52514;-1.52;-1.51443;-1.50816;-1.50107;-1.49319;-1.48441;-1.47455;-1.46351;-1.45113;-1.43727;-1.42173;-1.4043;-1.38473;-1.36276;-1.33809;-1.31033;-1.27911;-1.24392;-1.20423;-1.1594;-1.10866;-1.05105;-0.9857;-0.911244;-0.826303;-0.729191;-0.618051
3;49277560456;20;absz;32766.6;26687.3;21735.6;17703;14418.2;11739.5;9558.37;7783.42;6336.74;5159.54;4200.38;3418.97;2782.37;2263.73;1841.11;1497.31;1217.6;991.14;809.171;666.008
3;49277560456;20;frequency;99999.99999990905;122862.535599424;150952.0265389597;185463.4873444638;227865.1431623047;279960.8926363817;343967.05137965;422606.6409511731;519225.2346839865;637933.2888043621;783781.0140572543;962973.2274171232;1183133.324347452;1453627.601814205;1785963.729760951;2194280.323268956;2695948.443325946;3312310.615921419;4069588.809647371;4999999.999999929
3;49277560456;20;phasez;-1.54944;-1.54578;-1.54145;-1.53605;-1.52949;-1.52121;-1.51114;-1.49871;-1.4834;-1.46457;-1.44132;-1.41262;-1.37708;-1.33309;-1.2784;-1.2102;-1.12456;-1.01659;-0.879127;-0.703
