0;9845071122721;20;absz;1.36132e+08;9.92997e+07;7.23604e+07;5.27034e+07;3.8376e+07;2.79463e+07;2.03302e+07;1.4791e+07;1.07588e+07;7.82357e+06;5.6884e+06;4.13506e+06;3.00546e+06;2.18408e+06;1.58693e+06;1.15287e+06;837448;608220;441665;320668
0;9845071122721;20;frequency;9.999999974752427;13.86918846435492;19.23543905490988;26.67799336109056;37.00021196095804;51.31629158938722;71.17153245417285;98.70914048804025;136.9015682683994;189.8713664161278;263.3361782500288;365.2259113806622;506.5387032487934;702.5280792305466;974.3494403835484;1351.343611730726;1874.203936580443;2599.368780806799;3605.113577052066;4999.99999995282
0;9845071122721;20;phasez;-1.51058;-1.51386;-1.51687;-1.51963;-1.52169;-1.5231;-1.52503;-1.52648;-1.52761;-1.52852;-1.52932;-1.52982;-1.53018;-1.53021;-1.52985;-1.52906;-1.52757;-1.52523;-1.52173;-1.51657
1;9845841128498;50;absz;7.40031e+06;6.31853e+06;5.4167e+06;4.62064e+06;3.95438e+06;3.38676e+06;2.89832e+06;2.47849e+06;2.12067e+06;1.81475e+06;1.55268e+06;1.32859e+06;1.13658e+06;972254;831753;711563;608634;520683;445411;380964;325849;278695;238363;203856;174342;149096;127504;109037;93243.8;79735.3;68181.6;58301.3;49852.1;42627.2;36448.2;31163.9;26643.8;22778.6;19472.3;16644.6;14225.5;12155.6;10384.3;8868.22;7570.15;6458.27;5505.27;4687.94;3986.01;3382.37
1;9845841128498;50;frequency;199.9999999213742;234.625769479635;275.2462588517801;322.8993264769997;378.802514688914;444.3841576318164;521.3198749487447;611.5753842550475;717.456725922716;841.6691823498468;987.3863981368913;1158.33146786315;1358.872060208682;1594.132014446359;1870.122253535556;2193.894364737048;2573.720768452858;3019.306079821149;3542.035062906734;4155.263512473084;4874.659497176026;5718.603679767398;6708.658946337209;7870.121340545211;9232.666380967203;10831.10727442716;12706.28439819177;14906.10877695531;17486.78621595445;20514.25336674129;24065.86241733066;28232.35745111674;33120.19296963342;38854.25382030405;45581.04601983359;53472.44000269313;62730.06193403319;73590.44528463698;86331.07429211862;101277.4737211686;118811.5260634959;139381.228686517;163512.140226203;191820.8086789974;225030.524286467;263989.7996954232;309694.0495706946;363311.0235703185;426210.642505751;499999.9999999716
1;9845841128498;50;phasez;-1.52913;-1.52891;-1.53089;-1.53191;-1.53068;-1.5321;-1.53227;-1.53292;-1.53303;-1.53344;-1.53393;-1.53417;-1.53445;-1.53469;-1.53488;-1.53509;-1.53534;-1.53554;-1.53575;-1.53585;-1.53596;-1.53603;-1.53605;-1.536;-1.53589;-1.53569;-1.53542;-1.53504;-1.53454;-1.53393;-1.53314;-1.5322;-1.53106;-1.52969;-1.52807;-1.52615;-1.52387;-1.52116;-1.51797;-1.51419;-1.50973;-1.50445;-1.4982;-1.49081;-1.48206;-1.47168;-1.45935;-1.44466;-1.4271;-1.406
2;9846609406768;50;absz;82129.3;73528.4;65822.3;58931.6;52759.9;47235.7;42292.2;37851.9;33892.5;30337.2;27159.3;24313.2;21766.6;19484;17442.6;15613.1;13976.4;12511.5;11199.4;10025.3;8973.68;8032.44;7189.67;6435.3;5759.95;5155.32;4614.03;4129.36;3695.51;3307.09;2959.29;2647.98;2369.15;2119.53;1896.02;1695.84;1516.56;1355.98;1212.14;1083.3;967.901;864.534;771.946;689.054;614.912;548.648;489.545;437.014;390.555;349.859
2;9846609406768;50;frequency;20000.00000002444;22385.53853899816;25055.61678390222;28044.17375656954;31389.19662092121;35133.2035329932;39323.78408414649;44014.2042055669;49264.08322518227;55140.1516811012;61717.09952482729;69078.52549602467;77317.99973512921;86540.25314108083;96862.50859274992;108415.9709538568;121347.4948009008;135821.4510731415;152021.8163702936;170154.5114554648;190450.0186878266;213166.3116533389;238592.1342356312;267050.6708003728;298903.6541519141;334555.9634717432;374460.7706856584;419125.3006744233;469117.2785435782;525072.1459047724;587701.13789258;657800.3235824071;736260.7247225839;824079.6413975459;922373.3285811875;1032391.184709951;1155531.632626961;1293359.894754076;1447627.888434013;1620296.494325686;1813560.480908265;2029876.401899315;2271993.821195295;2542990.262224833;2846310.325953354;3185809.474764127;3565803.038745301;3991121.067296888;4467169.723268114;4999999.999999929
2;9846609406768;50;phasez;-1.53773;-1.53746;-1.53713;-1.53694;-1.53647;-1.53607;-1.53548;-1.53476;-1.53412;-1.53331;-1.53215;-1.53115;-1.52985;-1.5283;-1.52664;-1.52483;-1.5227;-1.52029;-1.51759;-1.51455;-1.51113;-1.50726;-1.50296;-1.49813;-1.49268;-1.48659;-1.47974;-1.47205;-1.46345;-1.45376;-1.4429;-1.43072;-1.41704;-1.40169;-1.38443;-1.36505;-1.34326;-1.31876;-1.29116;-1.26007;-1.225;-1.18539;-1.1406;-1.08982;-1.03215;-0.966548;-0.891704;-0.806147;-0.708142;-0.595708
3;9846927936850;20;absz;16979.1;13871.3;11329.2;9254.24;7558.65;6172.83;5041.24;4116.19;3360.79;2743.36;2238.65;1826.08;1488.95;1213.1;987.513;802.944;651.966;528.81;428.882;348.991
3;9846927936850;20;frequency;99999.99999990905;122862.535599424;150952.0265389597;185463.4873444638;227865.1431623047;279960.8926363817;343967.05137965;422606.6409511731;519225.2346839865;637933.2888043621;783781.0140572543;962973.2274171232;1183133.324347452;1453627.601814205;1785963.729760951;2194280.323268956;2695948.443325946;3312310.615921419;4069588.809647371;4999999.999999929
3;9846927936850;20;phasez;-1.52596;-1.52264;-1.51858;-1.51353;-1.50723;-1.49942;-1.48971;-1.47765;-1.4627;-1.4442;-1.42128;-1.39294;-1.35776;-1.31407;-1.25966;-1.19163;-1.10606;-0.997735;-0.859378;-0.681344
