0;9487971905610;20;absz;1.3619e+08;9.93441e+07;7.24089e+07;5.27444e+07;3.84016e+07;2.79506e+07;2.0343e+07;1.4801e+07;1.07652e+07;7.82916e+06;5.69242e+06;4.13818e+06;3.00761e+06;2.18562e+06;1.58808e+06;1.15367e+06;838041;608652;441976;320893
0;9487971905610;20;frequency;9.999999974752427;13.86918846435492;19.23543905490988;26.67799336109056;37.00021196095804;51.31629158938722;71.17153245417285;98.70914048804025;136.9015682683994;189.8713664161278;263.3361782500288;365.2259113806622;506.5387032487934;702.5280792305466;974.3494403835484;1351.343611730726;1874.203936580443;2599.368780806799;3605.113577052066;4999.99999995282
0;9487971905610;20;phasez;-1.51046;-1.51384;-1.51704;-1.51948;-1.52179;-1.52404;-1.52517;-1.52639;-1.52752;-1.5285;-1.52929;-1.52983;-1.53015;-1.53019;-1.52986;-1.52906;-1.52758;-1.52527;-1.52177;-1.51663
1;9488741879494;50;absz;7.38635e+06;6.32432e+06;5.40112e+06;4.62693e+06;3.95992e+06;3.39001e+06;2.89956e+06;2.47998e+06;2.1226e+06;1.8157e+06;1.55374e+06;1.32943e+06;1.13729e+06;973002;832375;712062;609094;521047;445698;381231;326065;278884;238518;203988;174455;149193;127587;109107;93300.8;79784.4;68223.8;58337.9;49883.3;42653.6;36470.8;31182.7;26660.5;22792.2;19483.8;16654.1;14233.4;12162.2;10389.9;8872.95;7574.1;6461.67;5508.26;4690.38;3988.11;3384.09
1;9488741879494;50;frequency;199.9999999213742;234.625769479635;275.2462588517801;322.8993264769997;378.802514688914;444.3841576318164;521.3198749487447;611.5753842550475;717.456725922716;841.6691823498468;987.3863981368913;1158.33146786315;1358.872060208682;1594.132014446359;1870.122253535556;2193.894364737048;2573.720768452858;3019.306079821149;3542.035062906734;4155.263512473084;4874.659497176026;5718.603679767398;6708.658946337209;7870.121340545211;9232.666380967203;10831.10727442716;12706.28439819177;14906.10877695531;17486.78621595445;20514.25336674129;24065.86241733066;28232.35745111674;33120.19296963342;38854.25382030405;45581.04601983359;53472.44000269313;62730.06193403319;73590.44528463698;86331.07429211862;101277.4737211686;118811.5260634959;139381.228686517;163512.140226203;191820.8086789974;225030.524286467;263989.7996954232;309694.0495706946;363311.0235703185;426210.642505751;499999.9999999716
1;9488741879494;50;phasez;-1.53045;-1.53256;-1.53151;-1.53146;-1.53159;-1.5318;-1.53238;-1.53268;-1.53292;-1.53344;-1.53404;-1.53415;-1.53443;-1.53463;-1.53492;-1.53515;-1.53539;-1.53558;-1.53578;-1.5359;-1.536;-1.53608;-1.5361;-1.53604;-1.53594;-1.53576;-1.53547;-1.53509;-1.5346;-1.53399;-1.5332;-1.53226;-1.53112;-1.52976;-1.52813;-1.52621;-1.52394;-1.52124;-1.51805;-1.51427;-1.5098;-1.50453;-1.49828;-1.49088;-1.48212;-1.47174;-1.4594;-1.4447;-1.42714;-1.40604
2;9489513000608;50;absz;82184.9;73601.7;65895.1;58999.2;52811.5;47280.4;42328.6;37899.6;33925.2;30364.7;27185.8;24334.6;21784.1;19498.9;17455.6;15626.6;13988.9;12521;11208.6;10032.9;8980.62;8038.37;7195.02;6439.96;5764.22;5159.08;4617.46;4132.36;3698.24;3309.51;2961.48;2649.87;2370.89;2121.06;1897.38;1697.06;1517.61;1356.93;1212.99;1084.07;968.55;865.097;772.453;689.479;615.311;549.006;489.863;437.297;390.818;350.089
2;9489513000608;50;frequency;20000.00000002444;22385.53853899816;25055.61678390222;28044.17375656954;31389.19662092121;35133.2035329932;39323.78408414649;44014.2042055669;49264.08322518227;55140.1516811012;61717.09952482729;69078.52549602467;77317.99973512921;86540.25314108083;96862.50859274992;108415.9709538568;121347.4948009008;135821.4510731415;152021.8163702936;170154.5114554648;190450.0186878266;213166.3116533389;238592.1342356312;267050.6708003728;298903.6541519141;334555.9634717432;374460.7706856584;419125.3006744233;469117.2785435782;525072.1459047724;587701.13789258;657800.3235824071;736260.7247225839;824079.6413975459;922373.3285811875;1032391.184709951;1155531.632626961;1293359.894754076;1447627.888434013;1620296.494325686;1813560.480908265;2029876.401899315;2271993.821195295;2542990.262224833;2846310.325953354;3185809.474764127;3565803.038745301;3991121.067296888;4467169.723268114;4999999.999999929
2;9489513000608;50;phasez;-1.53743;-1.53746;-1.53706;-1.53695;-1.53643;-1.53607;-1.53545;-1.53492;-1.5342;-1.5333;-1.5324;-1.53115;-1.52991;-1.52843;-1.52676;-1.52487;-1.52278;-1.52033;-1.51761;-1.51459;-1.51116;-1.50734;-1.50303;-1.49817;-1.49273;-1.48663;-1.47977;-1.47209;-1.46346;-1.45377;-1.44293;-1.43074;-1.41708;-1.40172;-1.38448;-1.36508;-1.34331;-1.3188;-1.2912;-1.26012;-1.22505;-1.18544;-1.14063;-1.08986;-1.03217;-0.966578;-0.89173;-0.80617;-0.708162;-0.595737
3;9489832651188;20;absz;16998.9;13887.9;11341.6;9263.58;7566.3;6178.8;5046.13;4120.26;3363.79;2745.9;2240.71;1827.67;1490.27;1214.15;988.342;803.587;652.498;529.237;429.228;349.277
3;9489832651188;20;frequency;99999.99999990905;122862.535599424;150952.0265389597;185463.4873444638;227865.1431623047;279960.8926363817;343967.05137965;422606.6409511731;519225.2346839865;637933.2888043621;783781.0140572543;962973.2274171232;1183133.324347452;1453627.601814205;1785963.729760951;2194280.323268956;2695948.443325946;3312310.615921419;4069588.809647371;4999999.999999929
3;9489832651188;20;phasez;-1.5259;-1.52268;-1.51863;-1.51357;-1.5073;-1.49949;-1.48974;-1.47767;-1.46273;-1.44422;-1.42133;-1.39296;-1.35779;-1.31411;-1.25969;-1.19166;-1.10607;-0.997734;-0.859362;-0.681329
