0;1020924685445;20;absz;2.13879e+08;1.54537e+08;1.11711e+08;8.07498e+07;5.8374e+07;4.22245e+07;3.0525e+07;2.20668e+07;1.59566e+07;1.15397e+07;8.34574e+06;6.03653e+06;4.36659e+06;3.15866e+06;2.28508e+06;1.65317e+06;1.19603e+06;865366;626157;453090
0;1020924685445;20;frequency;9.999999974752427;13.86918846435492;19.23543905490988;26.67799336109056;37.00021196095804;51.31629158938722;71.17153245417285;98.70914048804025;136.9015682683994;189.8713664161278;263.3361782500288;365.2259113806622;506.5387032487934;702.5280792305466;974.3494403835484;1351.343611730726;1874.203936580443;2599.368780806799;3605.113577052066;4999.99999995282
0;1020924685445;20;phasez;-1.55943;-1.5577;-1.5578;-1.55739;-1.55727;-1.55727;-1.55676;-1.55646;-1.556;-1.55546;-1.55479;-1.55409;-1.55316;-1.55207;-1.55065;-1.54882;-1.54633;-1.543;-1.53845;-1.53226
1;1021691528599;50;absz;1.08433e+07;9.27467e+06;7.91046e+06;6.76901e+06;5.77346e+06;4.93284e+06;4.21e+06;3.59149e+06;3.06729e+06;2.61847e+06;2.2354e+06;1.90821e+06;1.6296e+06;1.39147e+06;1.18803e+06;1.01428e+06;866087;739523;631429;539184;460440;393175;335768;286742;244883;209131;178610;152549;130292;111287;95057;81195.8;69356.7;59245.1;50610.1;43232.8;36929.9;31545.9;26946.2;23015.5;19657.1;16786.2;14331.6;12232.7;10437.2;8900.47;7584.32;6455.97;5487.77;4655.61
1;1021691528599;50;frequency;199.9999999213742;234.625769479635;275.2462588517801;322.8993264769997;378.802514688914;444.3841576318164;521.3198749487447;611.5753842550475;717.456725922716;841.6691823498468;987.3863981368913;1158.33146786315;1358.872060208682;1594.132014446359;1870.122253535556;2193.894364737048;2573.720768452858;3019.306079821149;3542.035062906734;4155.263512473084;4874.659497176026;5718.603679767398;6708.658946337209;7870.121340545211;9232.666380967203;10831.10727442716;12706.28439819177;14906.10877695531;17486.78621595445;20514.25336674129;24065.86241733066;28232.35745111674;33120.19296963342;38854.25382030405;45581.04601983359;53472.44000269313;62730.06193403319;73590.44528463698;86331.07429211862;101277.4737211686;118811.5260634959;139381.228686517;163512.140226203;191820.8086789974;225030.524286467;263989.7996954232;309694.0495706946;363311.0235703185;426210.642505751;499999.9999999716
1;1021691528599;50;phasez;-1.55458;-1.55549;-1.55551;-1.55542;-1.55532;-1.5554;-1.55587;-1.55562;-1.55468;-1.55473;-1.55422;-1.55424;-1.55414;-1.55389;-1.55381;-1.55344;-1.55317;-1.55287;-1.55255;-1.55216;-1.55176;-1.55133;-1.55084;-1.55031;-1.54969;-1.54901;-1.54824;-1.54739;-1.54645;-1.54535;-1.54413;-1.54273;-1.54114;-1.53933;-1.53727;-1.5349;-1.53218;-1.52904;-1.52539;-1.52117;-1.51625;-1.51053;-1.50383;-1.49599;-1.48679;-1.47597;-1.4632;-1.44809;-1.43012;-1.4086
2;1022460030337;50;absz;114691;102586;91808.2;82115.5;73438.7;65710.7;58788.5;52599.4;47052.1;42092.1;37661.2;33693.8;30139.3;26965.8;24128.1;21586.8;19314.2;17281.6;15463.5;13835.9;12380.5;11078;9913.03;8869.96;7936.92;7101.83;6354.75;5686.25;5087.96;4552.6;4073.33;3644.48;3260.7;2917.16;2609.62;2334.4;2088.01;1867.46;1670.05;1493.29;1335.1;1193.5;1066.81;953.494;852.349;762.09;681.777;610.634;547.985;493.458
2;1022460030337;50;frequency;20000.00000002444;22385.53853899816;25055.61678390222;28044.17375656954;31389.19662092121;35133.2035329932;39323.78408414649;44014.2042055669;49264.08322518227;55140.1516811012;61717.09952482729;69078.52549602467;77317.99973512921;86540.25314108083;96862.50859274992;108415.9709538568;121347.4948009008;135821.4510731415;152021.8163702936;170154.5114554648;190450.0186878266;213166.3116533389;238592.1342356312;267050.6708003728;298903.6541519141;334555.9634717432;374460.7706856584;419125.3006744233;469117.2785435782;525072.1459047724;587701.13789258;657800.3235824071;736260.7247225839;824079.6413975459;922373.3285811875;1032391.184709951;1155531.632626961;1293359.894754076;1447627.888434013;1620296.494325686;1813560.480908265;2029876.401899315;2271993.821195295;2542990.262224833;2846310.325953354;3185809.474764127;3565803.038745301;3991121.067296888;4467169.723268114;4999999.999999929
2;1022460030337;50;phasez;-1.54872;-1.54817;-1.54781;-1.54713;-1.54662;-1.54594;-1.54522;-1.54389;-1.54302;-1.54212;-1.54057;-1.53916;-1.53758;-1.53579;-1.53379;-1.53156;-1.52911;-1.52645;-1.52344;-1.52003;-1.51635;-1.51216;-1.50759;-1.50237;-1.49667;-1.49027;-1.48312;-1.47514;-1.46623;-1.45626;-1.44511;-1.43264;-1.41868;-1.40301;-1.38548;-1.3658;-1.34372;-1.31892;-1.29104;-1.25967;-1.22433;-1.18447;-1.13945;-1.08846;-1.03061;-0.964925;-0.890073;-0.80462;-0.706884;-0.594938
3;1022776066962;20;absz;23485.3;19174.7;15652.2;12774.6;10424.9;8509.43;6945.54;5668.63;4626.94;3775.79;3081.17;2513.67;2050.03;1671.33;1362.01;1109.24;902.968;735.199;599.683;492.264
3;1022776066962;20;frequency;99999.99999990905;122862.535599424;150952.0265389597;185463.4873444638;227865.1431623047;279960.8926363817;343967.05137965;422606.6409511731;519225.2346839865;637933.2888043621;783781.0140572543;962973.2274171232;1183133.324347452;1453627.601814205;1785963.729760951;2194280.323268956;2695948.443325946;3312310.615921419;4069588.809647371;4999999.999999929
3;1022776066962;20;phasez;-1.53283;-1.52894;-1.52448;-1.51881;-1.51191;-1.5036;-1.49326;-1.48069;-1.46523;-1.44617;-1.42275;-1.39385;-1.35815;-1.31393;-1.25901;-1.19053;-1.10455;-0.996051;-0.857813;-0.680499
