0;3640457462633;20;absz;1.61638e+08;1.17414e+08;8.53116e+07;6.1944e+07;4.49779e+07;3.26376e+07;2.36863e+07;1.71814e+07;1.24623e+07;9.03607e+06;6.55206e+06;4.74998e+06;3.44299e+06;2.49525e+06;1.80814e+06;1.31005e+06;949002;687390;497838;360532
0;3640457462633;20;frequency;9.999999974752427;13.86918846435492;19.23543905490988;26.67799336109056;37.00021196095804;51.31629158938722;71.17153245417285;98.70914048804025;136.9015682683994;189.8713664161278;263.3361782500288;365.2259113806622;506.5387032487934;702.5280792305466;974.3494403835484;1351.343611730726;1874.203936580443;2599.368780806799;3605.113577052066;4999.99999995282
0;3640457462633;20;phasez;-1.53421;-1.53438;-1.53561;-1.53735;-1.53811;-1.53867;-1.54026;-1.54108;-1.54192;-1.54246;-1.54296;-1.54327;-1.54341;-1.54329;-1.54282;-1.54188;-1.54025;-1.5377;-1.53391;-1.52841
1;3641225276957;50;absz;8.51582e+06;7.27697e+06;6.22248e+06;5.31619e+06;4.54665e+06;3.8805e+06;3.31706e+06;2.83625e+06;2.42208e+06;2.06975e+06;1.76937e+06;1.51157e+06;1.29139e+06;1.10348e+06;942546;805254;687958;587717;502063;428930;366394;312991;267374;228404;195117;166681;142389;121637;103910;88766.3;75830.7;64779.9;55339.4;47274.3;40383.2;34495;29465;25166.6;21493.9;18355.1;15673;13380;11419.8;9743.55;8309.58;7082.46;6031.84;5131.3;4358.89;3695.22
1;3641225276957;50;frequency;199.9999999213742;234.625769479635;275.2462588517801;322.8993264769997;378.802514688914;444.3841576318164;521.3198749487447;611.5753842550475;717.456725922716;841.6691823498468;987.3863981368913;1158.33146786315;1358.872060208682;1594.132014446359;1870.122253535556;2193.894364737048;2573.720768452858;3019.306079821149;3542.035062906734;4155.263512473084;4874.659497176026;5718.603679767398;6708.658946337209;7870.121340545211;9232.666380967203;10831.10727442716;12706.28439819177;14906.10877695531;17486.78621595445;20514.25336674129;24065.86241733066;28232.35745111674;33120.19296963342;38854.25382030405;45581.04601983359;53472.44000269313;62730.06193403319;73590.44528463698;86331.07429211862;101277.4737211686;118811.5260634959;139381.228686517;163512.140226203;191820.8086789974;225030.524286467;263989.7996954232;309694.0495706946;363311.0235703185;426210.642505751;499999.9999999716
1;3641225276957;50;phasez;-1.54297;-1.54255;-1.54534;-1.5452;-1.54564;-1.54569;-1.5451;-1.54631;-1.54638;-1.5466;-1.54685;-1.54713;-1.54727;-1.54747;-1.5476;-1.54775;-1.54781;-1.5479;-1.54796;-1.54785;-1.54784;-1.54769;-1.54752;-1.54728;-1.54697;-1.54659;-1.54611;-1.54556;-1.54491;-1.54413;-1.54321;-1.54215;-1.54091;-1.53945;-1.53775;-1.53576;-1.53343;-1.53069;-1.52746;-1.52367;-1.51919;-1.51391;-1.50767;-1.5003;-1.49158;-1.48124;-1.46896;-1.45433;-1.43684;-1.4158
2;3641995945596;50;absz;91458.1;81865.8;73224.5;65510.5;58610.3;52426.4;46909.8;41960.8;37539;33584.7;30043.2;26878.5;24044.6;21511.3;19242.2;17213.9;15400;13776.4;12323.5;11024;9861.61;8820.95;7890.52;7057.87;6312.7;5646.28;5050.02;4516.6;4039.22;3612.17;3230.07;2888.18;2582.29;2308.63;2063.69;1844.57;1648.44;1472.94;1315.86;1175.29;1049.49;936.939;836.21;746.115;665.66;593.837;529.846;473.053;422.922;379.087
2;3641995945596;50;frequency;20000.00000002444;22385.53853899816;25055.61678390222;28044.17375656954;31389.19662092121;35133.2035329932;39323.78408414649;44014.2042055669;49264.08322518227;55140.1516811012;61717.09952482729;69078.52549602467;77317.99973512921;86540.25314108083;96862.50859274992;108415.9709538568;121347.4948009008;135821.4510731415;152021.8163702936;170154.5114554648;190450.0186878266;213166.3116533389;238592.1342356312;267050.6708003728;298903.6541519141;334555.9634717432;374460.7706856584;419125.3006744233;469117.2785435782;525072.1459047724;587701.13789258;657800.3235824071;736260.7247225839;824079.6413975459;922373.3285811875;1032391.184709951;1155531.632626961;1293359.894754076;1447627.888434013;1620296.494325686;1813560.480908265;2029876.401899315;2271993.821195295;2542990.262224833;2846310.325953354;3185809.474764127;3565803.038745301;3991121.067296888;4467169.723268114;4999999.999999929
2;3641995945596;50;phasez;-1.54783;-1.5474;-1.54713;-1.54668;-1.54642;-1.54579;-1.54539;-1.54459;-1.54373;-1.54277;-1.54186;-1.54073;-1.53939;-1.53788;-1.53613;-1.53424;-1.53211;-1.52971;-1.52703;-1.52397;-1.52062;-1.51679;-1.51248;-1.50769;-1.50227;-1.49622;-1.4894;-1.48176;-1.47318;-1.46354;-1.45271;-1.44057;-1.42692;-1.41159;-1.39435;-1.37497;-1.35319;-1.32868;-1.30107;-1.26996;-1.23488;-1.19526;-1.15045;-1.09969;-1.04202;-0.976478;-0.901727;-0.816312;-0.718524;-0.606397
3;3642313061467;20;absz;18733.9;15288.7;12472.1;10173.3;8299.9;6769.9;5521.37;4503.04;3671.52;2993.27;2439.45;1987.35;1618.39;1317.05;1070.97;869.987;705.96;572.43;464.34;378.189
3;3642313061467;20;frequency;99999.99999990905;122862.535599424;150952.0265389597;185463.4873444638;227865.1431623047;279960.8926363817;343967.05137965;422606.6409511731;519225.2346839865;637933.2888043621;783781.0140572543;962973.2274171232;1183133.324347452;1453627.601814205;1785963.729760951;2194280.323268956;2695948.443325946;3312310.615921419;4069588.809647371;4999999.999999929
3;3642313061467;20;phasez;-1.53526;-1.53205;-1.52801;-1.52304;-1.51677;-1.50895;-1.49934;-1.48734;-1.47248;-1.45403;-1.4312;-1.40285;-1.36768;-1.32398;-1.26954;-1.2015;-1.11593;-1.00769;-0.869571;-0.692035
