0;1882903605424;20;absz;1.92113e+08;1.38974e+08;1.00559e+08;7.27844e+07;5.26461e+07;3.81084e+07;2.75611e+07;1.9934e+07;1.442e+07;1.04307e+07;7.54406e+06;5.45595e+06;3.94517e+06;2.85226e+06;2.06186e+06;1.49036e+06;1.07716e+06;778465;562586;406548
0;1882903605424;20;frequency;9.999999974752427;13.86918846435492;19.23543905490988;26.67799336109056;37.00021196095804;51.31629158938722;71.17153245417285;98.70914048804025;136.9015682683994;189.8713664161278;263.3361782500288;365.2259113806622;506.5387032487934;702.5280792305466;974.3494403835484;1351.343611730726;1874.203936580443;2599.368780806799;3605.113577052066;4999.99999995282
0;1882903605424;20;phasez;-1.5531;-1.55403;-1.55408;-1.55422;-1.55401;-1.55439;-1.55471;-1.55482;-1.55503;-1.55513;-1.55523;-1.55529;-1.55521;-1.55487;-1.55415;-1.55299;-1.55107;-1.54823;-1.54414;-1.53835
1;1883673937072;50;absz;9.80781e+06;8.4044e+06;7.15646e+06;6.11506e+06;5.21535e+06;4.45725e+06;3.80265e+06;3.2448e+06;2.76887e+06;2.3638e+06;2.01768e+06;1.72122e+06;1.46928e+06;1.25383e+06;1.07004e+06;913126;779159;665003;567442;484238;413237;352649;300937;256812;219163;187035;159621;136230;116266;99235;84695.4;72290;61703.3;52668.2;44958.1;38375.3;32757.1;27960.8;23866.2;20370;17384.7;14834.9;12656.5;10795.3;9204.04;7843.37;6678.87;5681.54;4826.21;4091.66
1;1883673937072;50;frequency;199.9999999213742;234.625769479635;275.2462588517801;322.8993264769997;378.802514688914;444.3841576318164;521.3198749487447;611.5753842550475;717.456725922716;841.6691823498468;987.3863981368913;1158.33146786315;1358.872060208682;1594.132014446359;1870.122253535556;2193.894364737048;2573.720768452858;3019.306079821149;3542.035062906734;4155.263512473084;4874.659497176026;5718.603679767398;6708.658946337209;7870.121340545211;9232.666380967203;10831.10727442716;12706.28439819177;14906.10877695531;17486.78621595445;20514.25336674129;24065.86241733066;28232.35745111674;33120.19296963342;38854.25382030405;45581.04601983359;53472.44000269313;62730.06193403319;73590.44528463698;86331.07429211862;101277.4737211686;118811.5260634959;139381.228686517;163512.140226203;191820.8086789974;225030.524286467;263989.7996954232;309694.0495706946;363311.0235703185;426210.642505751;499999.9999999716
1;1883673937072;50;phasez;-1.55831;-1.556;-1.5568;-1.55565;-1.55667;-1.55751;-1.55752;-1.55717;-1.55739;-1.5582;-1.55821;-1.55823;-1.55847;-1.55825;-1.55838;-1.55829;-1.55835;-1.55834;-1.55828;-1.55801;-1.55787;-1.5576;-1.55724;-1.55683;-1.55634;-1.55578;-1.5551;-1.55432;-1.5534;-1.55237;-1.55117;-1.54981;-1.54822;-1.54642;-1.54434;-1.54197;-1.53923;-1.53605;-1.53238;-1.5281;-1.52314;-1.51734;-1.51057;-1.50264;-1.49334;-1.48241;-1.46953;-1.45428;-1.43615;-1.41447
2;1884442812985;50;absz;102270;91446.2;81734.3;73117;65358.9;58448.1;52240.7;46726.2;41779.6;37359;33407.2;29872.4;26710.7;23885.3;21357.7;19100.9;17082.3;15275.3;13661.5;12217.5;10926.1;9771.78;8739.66;7816.31;6990.75;6252.26;5591.86;5001.26;4472.86;4000.32;3577.57;3199.46;2861.27;2558.62;2287.9;2045.66;1828.88;1634.92;1461.35;1306.02;1167.03;1042.64;931.373;831.836;742.975;663.682;593.064;530.455;475.266;427.116
2;1884442812985;50;frequency;20000.00000002444;22385.53853899816;25055.61678390222;28044.17375656954;31389.19662092121;35133.2035329932;39323.78408414649;44014.2042055669;49264.08322518227;55140.1516811012;61717.09952482729;69078.52549602467;77317.99973512921;86540.25314108083;96862.50859274992;108415.9709538568;121347.4948009008;135821.4510731415;152021.8163702936;170154.5114554648;190450.0186878266;213166.3116533389;238592.1342356312;267050.6708003728;298903.6541519141;334555.9634717432;374460.7706856584;419125.3006744233;469117.2785435782;525072.1459047724;587701.13789258;657800.3235824071;736260.7247225839;824079.6413975459;922373.3285811875;1032391.184709951;1155531.632626961;1293359.894754076;1447627.888434013;1620296.494325686;1813560.480908265;2029876.401899315;2271993.821195295;2542990.262224833;2846310.325953354;3185809.474764127;3565803.038745301;3991121.067296888;4467169.723268114;4999999.999999929
2;1884442812985;50;phasez;-1.55601;-1.55568;-1.55484;-1.55432;-1.55366;-1.55296;-1.55195;-1.55133;-1.55023;-1.54885;-1.54767;-1.54617;-1.54453;-1.54283;-1.54075;-1.5385;-1.53603;-1.53323;-1.5302;-1.52679;-1.52299;-1.51878;-1.51409;-1.50884;-1.50302;-1.49651;-1.48924;-1.48117;-1.47216;-1.46206;-1.45078;-1.43818;-1.42407;-1.40827;-1.39058;-1.37075;-1.3485;-1.32352;-1.29546;-1.2639;-1.22836;-1.18829;-1.14304;-1.09183;-1.03373;-0.967767;-0.892605;-0.806803;-0.70865;-0.596214
3;1884759433120;20;absz;20790.5;16954.9;13826.8;11272.7;9192.9;7497.04;6113.42;4985.75;4065.55;3315.29;2703.05;2203.3;1795.39;1462.56;1190.61;968.618;787.431;640.001;520.817;426.076
3;1884759433120;20;frequency;99999.99999990905;122862.535599424;150952.0265389597;185463.4873444638;227865.1431623047;279960.8926363817;343967.05137965;422606.6409511731;519225.2346839865;637933.2888043621;783781.0140572543;962973.2274171232;1183133.324347452;1453627.601814205;1785963.729760951;2194280.323268956;2695948.443325946;3312310.615921419;4069588.809647371;4999999.999999929
3;1884759433120;20;phasez;-1.53971;-1.53597;-1.53116;-1.5255;-1.51854;-1.50996;-1.49954;-1.48674;-1.47103;-1.45177;-1.42808;-1.39889;-1.36289;-1.31836;-1.26309;-1.19422;-1.10783;-0.998823;-0.859979;-0.681808
