0;10352876113955;20;absz;1.35954e+08;9.91415e+07;7.22789e+07;5.26608e+07;3.8348e+07;2.7903e+07;2.03152e+07;1.47808e+07;1.07499e+07;7.81763e+06;5.68369e+06;4.13176e+06;3.003e+06;2.18228e+06;1.58564e+06;1.15198e+06;836769;607725;441324;320423
0;10352876113955;20;frequency;9.999999974752427;13.86918846435492;19.23543905490988;26.67799336109056;37.00021196095804;51.31629158938722;71.17153245417285;98.70914048804025;136.9015682683994;189.8713664161278;263.3361782500288;365.2259113806622;506.5387032487934;702.5280792305466;974.3494403835484;1351.343611730726;1874.203936580443;2599.368780806799;3605.113577052066;4999.99999995282
0;10352876113955;20;phasez;-1.51022;-1.51357;-1.51664;-1.51906;-1.52131;-1.52308;-1.52495;-1.52641;-1.52752;-1.52852;-1.52928;-1.52983;-1.53014;-1.53016;-1.52983;-1.52899;-1.52752;-1.52519;-1.52166;-1.51651
1;10353644269850;50;absz;7.36555e+06;6.29968e+06;5.40281e+06;4.62225e+06;3.95399e+06;3.38116e+06;2.89456e+06;2.47691e+06;2.11888e+06;1.81324e+06;1.55163e+06;1.32762e+06;1.13561e+06;971534;831106;710984;608209;520281;445060;380666;325592;278486;238176;203699;174209;148985;127411;108959;93174.9;79679.7;68134.3;58263.1;49820.2;42600;36425.9;31145;26628.6;22765.3;19461;16635.2;14217.3;12148.8;10378.4;8863.13;7565.82;6454.64;5502.25;4685.39;3983.82;3380.5
1;10353644269850;50;frequency;199.9999999213742;234.625769479635;275.2462588517801;322.8993264769997;378.802514688914;444.3841576318164;521.3198749487447;611.5753842550475;717.456725922716;841.6691823498468;987.3863981368913;1158.33146786315;1358.872060208682;1594.132014446359;1870.122253535556;2193.894364737048;2573.720768452858;3019.306079821149;3542.035062906734;4155.263512473084;4874.659497176026;5718.603679767398;6708.658946337209;7870.121340545211;9232.666380967203;10831.10727442716;12706.28439819177;14906.10877695531;17486.78621595445;20514.25336674129;24065.86241733066;28232.35745111674;33120.19296963342;38854.25382030405;45581.04601983359;53472.44000269313;62730.06193403319;73590.44528463698;86331.07429211862;101277.4737211686;118811.5260634959;139381.228686517;163512.140226203;191820.8086789974;225030.524286467;263989.7996954232;309694.0495706946;363311.0235703185;426210.642505751;499999.9999999716
1;10353644269850;50;phasez;-1.52915;-1.52908;-1.52944;-1.53236;-1.53232;-1.53221;-1.53301;-1.53268;-1.53298;-1.53357;-1.53374;-1.53403;-1.53437;-1.53458;-1.53485;-1.53512;-1.53532;-1.53546;-1.53565;-1.53576;-1.5359;-1.53596;-1.53597;-1.53591;-1.5358;-1.53561;-1.53532;-1.53495;-1.53444;-1.53382;-1.53304;-1.5321;-1.53096;-1.5296;-1.52798;-1.52606;-1.52379;-1.52109;-1.5179;-1.51413;-1.50968;-1.50441;-1.49816;-1.49078;-1.48202;-1.47165;-1.45931;-1.44462;-1.42705;-1.40595
2;10354415274388;50;absz;82073.6;73494.9;65782.6;58900.1;52733.4;47215.9;42265.6;37834.5;33874.6;30324;27144.2;24299.2;21754;19472.8;17431.6;15604.7;13968.9;12504.5;11193.6;10020;8969.25;8028.36;7185.92;6431.88;5756.75;5152.69;4611.53;4127.26;3693.6;3305.47;2957.84;2646.67;2367.99;2118.5;1895.13;1695.03;1515.86;1355.34;1211.58;1082.82;967.454;864.155;771.607;688.717;614.623;548.393;489.31;436.808;390.383;349.696
2;10354415274388;50;frequency;20000.00000002444;22385.53853899816;25055.61678390222;28044.17375656954;31389.19662092121;35133.2035329932;39323.78408414649;44014.2042055669;49264.08322518227;55140.1516811012;61717.09952482729;69078.52549602467;77317.99973512921;86540.25314108083;96862.50859274992;108415.9709538568;121347.4948009008;135821.4510731415;152021.8163702936;170154.5114554648;190450.0186878266;213166.3116533389;238592.1342356312;267050.6708003728;298903.6541519141;334555.9634717432;374460.7706856584;419125.3006744233;469117.2785435782;525072.1459047724;587701.13789258;657800.3235824071;736260.7247225839;824079.6413975459;922373.3285811875;1032391.184709951;1155531.632626961;1293359.894754076;1447627.888434013;1620296.494325686;1813560.480908265;2029876.401899315;2271993.821195295;2542990.262224833;2846310.325953354;3185809.474764127;3565803.038745301;3991121.067296888;4467169.723268114;4999999.999999929
2;10354415274388;50;phasez;-1.53774;-1.53735;-1.53712;-1.53664;-1.53643;-1.536;-1.5354;-1.5348;-1.53402;-1.53319;-1.53218;-1.53104;-1.52974;-1.52832;-1.52669;-1.52476;-1.52257;-1.52017;-1.51757;-1.5145;-1.51109;-1.50726;-1.50293;-1.4981;-1.49263;-1.48655;-1.47969;-1.47201;-1.46338;-1.4537;-1.44285;-1.43067;-1.41698;-1.40162;-1.38436;-1.36499;-1.34319;-1.31868;-1.29109;-1.26;-1.22493;-1.18532;-1.14053;-1.08974;-1.03206;-0.966478;-0.891636;-0.80608;-0.70807;-0.595629
3;10354732905551;20;absz;16970.5;13865.5;11324.1;9249.41;7555.54;6169.72;5038.75;4114.21;3359.15;2742.02;2237.58;1825.19;1488.25;1212.53;987.071;802.559;651.679;528.575;428.686;348.841
3;10354732905551;20;frequency;99999.99999990905;122862.535599424;150952.0265389597;185463.4873444638;227865.1431623047;279960.8926363817;343967.05137965;422606.6409511731;519225.2346839865;637933.2888043621;783781.0140572543;962973.2274171232;1183133.324347452;1453627.601814205;1785963.729760951;2194280.323268956;2695948.443325946;3312310.615921419;4069588.809647371;4999999.999999929
3;10354732905551;20;phasez;-1.52572;-1.52256;-1.51855;-1.51354;-1.50726;-1.49937;-1.48968;-1.4776;-1.46265;-1.44415;-1.42123;-1.39286;-1.35768;-1.31399;-1.25959;-1.19156;-1.10599;-0.997666;-0.859311;-0.681284
