0;6887517385030;20;absz;1.39129e+08;1.01348e+08;7.38405e+07;5.3749e+07;3.9112e+07;2.84498e+07;2.07009e+07;1.50538e+07;1.0946e+07;7.95719e+06;5.78399e+06;4.20355e+06;3.05448e+06;2.21926e+06;1.61224e+06;1.17107e+06;850478;617553;448333;325419
0;6887517385030;20;frequency;9.999999974752427;13.86918846435492;19.23543905490988;26.67799336109056;37.00021196095804;51.31629158938722;71.17153245417285;98.70914048804025;136.9015682683994;189.8713664161278;263.3361782500288;365.2259113806622;506.5387032487934;702.5280792305466;974.3494403835484;1351.343611730726;1874.203936580443;2599.368780806799;3605.113577052066;4999.99999995282
0;6887517385030;20;phasez;-1.51493;-1.51826;-1.52071;-1.52279;-1.52459;-1.526;-1.5275;-1.52852;-1.52951;-1.5303;-1.53083;-1.53122;-1.53141;-1.53135;-1.53097;-1.53012;-1.52869;-1.52641;-1.52294;-1.51783
1;6888288637843;50;absz;7.49429e+06;6.41311e+06;5.48887e+06;4.69557e+06;4.02003e+06;3.44316e+06;2.94341e+06;2.51925e+06;2.15528e+06;1.84417e+06;1.57751e+06;1.34943e+06;1.15461e+06;987539;844707;722591;618043;528625;452111;386648;330674;282780;241823;206788;176820;151199;129284;110544;94522.4;80818.9;69101;59081.1;50514.3;43187.7;36923.9;31567.2;26986.1;23068.4;19717.6;16852;14400.7;12303.6;10509.3;8973.77;7659.4;6533.79;5569.13;4741.79;4031.4;3420.52
1;6888288637843;50;frequency;199.9999999213742;234.625769479635;275.2462588517801;322.8993264769997;378.802514688914;444.3841576318164;521.3198749487447;611.5753842550475;717.456725922716;841.6691823498468;987.3863981368913;1158.33146786315;1358.872060208682;1594.132014446359;1870.122253535556;2193.894364737048;2573.720768452858;3019.306079821149;3542.035062906734;4155.263512473084;4874.659497176026;5718.603679767398;6708.658946337209;7870.121340545211;9232.666380967203;10831.10727442716;12706.28439819177;14906.10877695531;17486.78621595445;20514.25336674129;24065.86241733066;28232.35745111674;33120.19296963342;38854.25382030405;45581.04601983359;53472.44000269313;62730.06193403319;73590.44528463698;86331.07429211862;101277.4737211686;118811.5260634959;139381.228686517;163512.140226203;191820.8086789974;225030.524286467;263989.7996954232;309694.0495706946;363311.0235703185;426210.642505751;499999.9999999716
1;6888288637843;50;phasez;-1.53203;-1.53237;-1.53227;-1.53256;-1.53265;-1.53363;-1.53339;-1.53373;-1.53447;-1.53426;-1.535;-1.53528;-1.53543;-1.53579;-1.536;-1.53623;-1.53652;-1.53673;-1.53691;-1.53713;-1.53721;-1.53731;-1.53732;-1.53728;-1.53714;-1.53695;-1.53665;-1.53626;-1.53575;-1.53511;-1.53432;-1.53337;-1.53222;-1.53085;-1.52923;-1.52732;-1.52505;-1.52236;-1.51918;-1.51542;-1.51096;-1.50568;-1.49944;-1.49204;-1.48328;-1.47289;-1.46056;-1.44588;-1.42834;-1.40726
2;6889058570819;50;absz;83269.7;74526.8;66725.8;59732.3;53468.8;47862.7;42845.7;38356.7;34337.4;30732.8;27509.9;24628.1;22044.6;19728.6;17661.1;15807.4;14149.7;12664.6;11336.1;10146.7;9081.53;8127.96;7274.67;6510.89;5827.09;5215.07;4667.19;4176.64;3737.52;3344.44;2992.52;2677.46;2395.39;2142.82;1916.64;1714.15;1532.8;1370.4;1224.9;1094.61;977.902;873.386;779.78;695.989;621.08;554.116;494.4;441.341;394.437;353.341
2;6889058570819;50;frequency;20000.00000002444;22385.53853899816;25055.61678390222;28044.17375656954;31389.19662092121;35133.2035329932;39323.78408414649;44014.2042055669;49264.08322518227;55140.1516811012;61717.09952482729;69078.52549602467;77317.99973512921;86540.25314108083;96862.50859274992;108415.9709538568;121347.4948009008;135821.4510731415;152021.8163702936;170154.5114554648;190450.0186878266;213166.3116533389;238592.1342356312;267050.6708003728;298903.6541519141;334555.9634717432;374460.7706856584;419125.3006744233;469117.2785435782;525072.1459047724;587701.13789258;657800.3235824071;736260.7247225839;824079.6413975459;922373.3285811875;1032391.184709951;1155531.632626961;1293359.894754076;1447627.888434013;1620296.494325686;1813560.480908265;2029876.401899315;2271993.821195295;2542990.262224833;2846310.325953354;3185809.474764127;3565803.038745301;3991121.067296888;4467169.723268114;4999999.999999929
2;6889058570819;50;phasez;-1.53868;-1.53857;-1.53829;-1.53804;-1.53771;-1.53726;-1.53651;-1.53614;-1.53535;-1.53441;-1.53348;-1.53233;-1.53106;-1.52954;-1.52791;-1.52606;-1.52392;-1.52151;-1.51885;-1.51574;-1.51235;-1.50851;-1.5042;-1.49934;-1.49391;-1.48782;-1.48096;-1.47327;-1.46467;-1.45501;-1.44418;-1.43202;-1.41837;-1.40305;-1.38583;-1.36649;-1.34473;-1.32026;-1.2927;-1.26165;-1.22662;-1.18705;-1.1423;-1.09155;-1.03392;-0.968377;-0.893593;-0.808109;-0.710191;-0.597862
3;6889378122445;20;absz;17192.5;14044;11468.2;9365.57;7649.16;6245.03;5099.49;4163.23;3398.76;2774.1;2263.38;1845.89;1504.85;1225.85;997.716;811.072;658.497;534.059;433.129;352.456
3;6889378122445;20;frequency;99999.99999990905;122862.535599424;150952.0265389597;185463.4873444638;227865.1431623047;279960.8926363817;343967.05137965;422606.6409511731;519225.2346839865;637933.2888043621;783781.0140572543;962973.2274171232;1183133.324347452;1453627.601814205;1785963.729760951;2194280.323268956;2695948.443325946;3312310.615921419;4069588.809647371;4999999.999999929
3;6889378122445;20;phasez;-1.52701;-1.52387;-1.51983;-1.5148;-1.5085;-1.50065;-1.49093;-1.47887;-1.46396;-1.44549;-1.42264;-1.39434;-1.35924;-1.31563;-1.26128;-1.19333;-1.10783;-0.999603;-0.861372;-0.683518
