0;6240369711626;20;absz;1.40782e+08;1.02536e+08;7.46733e+07;5.43565e+07;3.9544e+07;2.8787e+07;2.09216e+07;1.52111e+07;1.10583e+07;8.03879e+06;5.8425e+06;4.24597e+06;3.08529e+06;2.24152e+06;1.62824e+06;1.1825e+06;858660;623416;452549;328446
0;6240369711626;20;frequency;9.999999974752427;13.86918846435492;19.23543905490988;26.67799336109056;37.00021196095804;51.31629158938722;71.17153245417285;98.70914048804025;136.9015682683994;189.8713664161278;263.3361782500288;365.2259113806622;506.5387032487934;702.5280792305466;974.3494403835484;1351.343611730726;1874.203936580443;2599.368780806799;3605.113577052066;4999.99999995282
0;6240369711626;20;phasez;-1.51829;-1.52158;-1.52276;-1.52449;-1.52601;-1.5274;-1.52847;-1.52938;-1.53024;-1.53087;-1.53133;-1.53165;-1.53186;-1.53181;-1.53146;-1.53065;-1.52926;-1.52694;-1.52343;-1.51828
1;6241137342265;50;absz;7.56851e+06;6.47432e+06;5.54922e+06;4.75075e+06;4.06215e+06;3.47803e+06;2.97303e+06;2.54441e+06;2.17693e+06;1.86238e+06;1.59318e+06;1.36266e+06;1.16568e+06;997080;852962;729548;623939;533618;456360;390275;333759;285414;244059;208689;178454;152586;130467;111552;95375.2;81542.3;69715;59603.6;50955.7;43562.8;37240.7;31834.8;27212.7;23259.6;19879.9;16989.2;14516.9;12402;10592.8;9044.52;7719.33;6584.32;5612.02;4778.01;4062.01;3446.25
1;6241137342265;50;frequency;199.9999999213742;234.625769479635;275.2462588517801;322.8993264769997;378.802514688914;444.3841576318164;521.3198749487447;611.5753842550475;717.456725922716;841.6691823498468;987.3863981368913;1158.33146786315;1358.872060208682;1594.132014446359;1870.122253535556;2193.894364737048;2573.720768452858;3019.306079821149;3542.035062906734;4155.263512473084;4874.659497176026;5718.603679767398;6708.658946337209;7870.121340545211;9232.666380967203;10831.10727442716;12706.28439819177;14906.10877695531;17486.78621595445;20514.25336674129;24065.86241733066;28232.35745111674;33120.19296963342;38854.25382030405;45581.04601983359;53472.44000269313;62730.06193403319;73590.44528463698;86331.07429211862;101277.4737211686;118811.5260634959;139381.228686517;163512.140226203;191820.8086789974;225030.524286467;263989.7996954232;309694.0495706946;363311.0235703185;426210.642505751;499999.9999999716
1;6241137342265;50;phasez;-1.52975;-1.5324;-1.53251;-1.53323;-1.53363;-1.53447;-1.53367;-1.53415;-1.53472;-1.53517;-1.53521;-1.53565;-1.53592;-1.53629;-1.53661;-1.53691;-1.53708;-1.53732;-1.53747;-1.53756;-1.53767;-1.53776;-1.53775;-1.5377;-1.5376;-1.53742;-1.53716;-1.53681;-1.53631;-1.53571;-1.53495;-1.53404;-1.53292;-1.53156;-1.52996;-1.52805;-1.52578;-1.5231;-1.51991;-1.51613;-1.51166;-1.50636;-1.5001;-1.49269;-1.48392;-1.47352;-1.46119;-1.44651;-1.42897;-1.4079
2;6241906347647;50;absz;84017.5;75208.8;67325.1;60280.7;53949.2;48288.4;43227.8;38688.3;34634.6;30997.5;27745.5;24834.1;22227.8;19895;17806.2;15937.9;14265.4;12767.9;11427.4;10227.8;9154.1;8192.6;7332.08;6561.99;5872.7;5255.54;4703.15;4208.81;3766.18;3370.06;3015.31;2697.75;2413.41;2158.84;1930.93;1726.81;1544.05;1380.37;1233.77;1102.5;984.919;879.613;785.32;700.897;625.447;558.009;497.872;444.446;397.217;355.855
2;6241906347647;50;frequency;20000.00000002444;22385.53853899816;25055.61678390222;28044.17375656954;31389.19662092121;35133.2035329932;39323.78408414649;44014.2042055669;49264.08322518227;55140.1516811012;61717.09952482729;69078.52549602467;77317.99973512921;86540.25314108083;96862.50859274992;108415.9709538568;121347.4948009008;135821.4510731415;152021.8163702936;170154.5114554648;190450.0186878266;213166.3116533389;238592.1342356312;267050.6708003728;298903.6541519141;334555.9634717432;374460.7706856584;419125.3006744233;469117.2785435782;525072.1459047724;587701.13789258;657800.3235824071;736260.7247225839;824079.6413975459;922373.3285811875;1032391.184709951;1155531.632626961;1293359.894754076;1447627.888434013;1620296.494325686;1813560.480908265;2029876.401899315;2271993.821195295;2542990.262224833;2846310.325953354;3185809.474764127;3565803.038745301;3991121.067296888;4467169.723268114;4999999.999999929
2;6241906347647;50;phasez;-1.53936;-1.53921;-1.53888;-1.53862;-1.53839;-1.53791;-1.53734;-1.53664;-1.53594;-1.5352;-1.53418;-1.53299;-1.53174;-1.53024;-1.52868;-1.52675;-1.5246;-1.52218;-1.51945;-1.51641;-1.51299;-1.50912;-1.50479;-1.49996;-1.49453;-1.48843;-1.48158;-1.47391;-1.4653;-1.45566;-1.44482;-1.43267;-1.41903;-1.40372;-1.38651;-1.36717;-1.34544;-1.32098;-1.29344;-1.2624;-1.22738;-1.18782;-1.14307;-1.09235;-1.03473;-0.969203;-0.894435;-0.808979;-0.711089;-0.59881
3;6242222624911;20;absz;17336.3;14160.5;11562.1;9440.89;7710.04;6294.89;5139.56;4195.75;3424.95;2795.23;2280.45;1859.67;1515.95;1234.81;1004.92;816.888;663.176;537.838;436.195;354.979
3;6242222624911;20;frequency;99999.99999990905;122862.535599424;150952.0265389597;185463.4873444638;227865.1431623047;279960.8926363817;343967.05137965;422606.6409511731;519225.2346839865;637933.2888043621;783781.0140572543;962973.2274171232;1183133.324347452;1453627.601814205;1785963.729760951;2194280.323268956;2695948.443325946;3312310.615921419;4069588.809647371;4999999.999999929
3;6242222624911;20;phasez;-1.52774;-1.52457;-1.52046;-1.51544;-1.50909;-1.50125;-1.49154;-1.47947;-1.46459;-1.44613;-1.4233;-1.39503;-1.35995;-1.31635;-1.26204;-1.19411;-1.10863;-1.00043;-0.862252;-0.684475
