0;8497477172412;20;absz;1.3672e+08;9.97512e+07;7.26449e+07;5.2922e+07;3.85383e+07;2.80566e+07;2.04119e+07;1.48503e+07;1.07995e+07;7.85345e+06;5.70953e+06;4.15009e+06;3.01622e+06;2.19187e+06;1.59257e+06;1.15696e+06;840376;610317;443180;321746
0;8497477172412;20;frequency;9.999999974752427;13.86918846435492;19.23543905490988;26.67799336109056;37.00021196095804;51.31629158938722;71.17153245417285;98.70914048804025;136.9015682683994;189.8713664161278;263.3361782500288;365.2259113806622;506.5387032487934;702.5280792305466;974.3494403835484;1351.343611730726;1874.203936580443;2599.368780806799;3605.113577052066;4999.99999995282
0;8497477172412;20;phasez;-1.51105;-1.51452;-1.51737;-1.51986;-1.52184;-1.52356;-1.52545;-1.52679;-1.5279;-1.52892;-1.52962;-1.53016;-1.5304;-1.53039;-1.53004;-1.52922;-1.52776;-1.52545;-1.52196;-1.51683
1;8498246314807;50;absz;7.39544e+06;6.32039e+06;5.42494e+06;4.64319e+06;3.97204e+06;3.39733e+06;2.9074e+06;2.4877e+06;2.12827e+06;1.82092e+06;1.55835e+06;1.3331e+06;1.14054e+06;975668;834741;714028;610811;522474;446921;382250;326943;279622;239141;204515;174906;149575;127910;109380;93534.1;79981.1;68391.7;58480.9;50005.9;42757.3;36559.2;31258;26724.2;22846.8;19530.5;16693.9;14267.9;12191.8;10415.2;8893.97;7591.97;6477.08;5521.48;4701.57;3997.67;3392.32
1;8498246314807;50;frequency;199.9999999213742;234.625769479635;275.2462588517801;322.8993264769997;378.802514688914;444.3841576318164;521.3198749487447;611.5753842550475;717.456725922716;841.6691823498468;987.3863981368913;1158.33146786315;1358.872060208682;1594.132014446359;1870.122253535556;2193.894364737048;2573.720768452858;3019.306079821149;3542.035062906734;4155.263512473084;4874.659497176026;5718.603679767398;6708.658946337209;7870.121340545211;9232.666380967203;10831.10727442716;12706.28439819177;14906.10877695531;17486.78621595445;20514.25336674129;24065.86241733066;28232.35745111674;33120.19296963342;38854.25382030405;45581.04601983359;53472.44000269313;62730.06193403319;73590.44528463698;86331.07429211862;101277.4737211686;118811.5260634959;139381.228686517;163512.140226203;191820.8086789974;225030.524286467;263989.7996954232;309694.0495706946;363311.0235703185;426210.642505751;499999.9999999716
1;8498246314807;50;phasez;-1.53156;-1.53163;-1.53052;-1.53025;-1.53229;-1.53225;-1.53246;-1.53284;-1.53338;-1.5336;-1.53406;-1.53436;-1.53455;-1.53486;-1.53516;-1.53538;-1.5356;-1.53576;-1.53594;-1.53608;-1.53621;-1.53628;-1.53629;-1.53623;-1.53613;-1.53592;-1.53565;-1.53525;-1.53475;-1.53413;-1.53333;-1.53238;-1.53123;-1.52986;-1.52823;-1.52631;-1.52403;-1.52132;-1.51813;-1.51435;-1.50983;-1.50454;-1.49829;-1.49091;-1.48215;-1.47175;-1.45942;-1.44473;-1.42718;-1.4061
2;8499014192368;50;absz;82376.6;73764.5;66039.6;59122.1;52930;47387.8;42426;37979.7;33998;30435;27243.5;24385.8;21830.6;19544.1;17494.5;15660.1;14018.5;12549.3;11233.3;10054.8;9000.1;8056.04;7210.73;6454.27;5777.12;5170.68;4627.69;4141.69;3706.57;3317.04;2968.27;2655.93;2376.34;2125.93;1901.71;1700.88;1521.03;1359.95;1215.67;1086.44;970.696;867.002;774.147;691.001;616.637;550.192;490.905;438.238;391.673;350.859
2;8499014192368;50;frequency;20000.00000002444;22385.53853899816;25055.61678390222;28044.17375656954;31389.19662092121;35133.2035329932;39323.78408414649;44014.2042055669;49264.08322518227;55140.1516811012;61717.09952482729;69078.52549602467;77317.99973512921;86540.25314108083;96862.50859274992;108415.9709538568;121347.4948009008;135821.4510731415;152021.8163702936;170154.5114554648;190450.0186878266;213166.3116533389;238592.1342356312;267050.6708003728;298903.6541519141;334555.9634717432;374460.7706856584;419125.3006744233;469117.2785435782;525072.1459047724;587701.13789258;657800.3235824071;736260.7247225839;824079.6413975459;922373.3285811875;1032391.184709951;1155531.632626961;1293359.894754076;1447627.888434013;1620296.494325686;1813560.480908265;2029876.401899315;2271993.821195295;2542990.262224833;2846310.325953354;3185809.474764127;3565803.038745301;3991121.067296888;4467169.723268114;4999999.999999929
2;8499014192368;50;phasez;-1.53771;-1.5375;-1.53736;-1.53685;-1.53654;-1.53613;-1.53562;-1.53499;-1.53426;-1.53338;-1.53242;-1.53127;-1.52999;-1.52843;-1.52683;-1.52493;-1.52285;-1.52037;-1.51773;-1.51468;-1.51123;-1.50735;-1.50307;-1.49818;-1.49274;-1.48664;-1.4798;-1.47211;-1.46349;-1.45384;-1.44299;-1.43082;-1.41716;-1.40182;-1.38461;-1.36524;-1.34347;-1.31898;-1.2914;-1.26032;-1.22526;-1.18567;-1.14088;-1.09011;-1.03243;-0.966842;-0.892009;-0.806463;-0.708469;-0.596053
3;8499332002641;20;absz;17029.1;13912.9;11362.9;9281.19;7581.08;6190.73;5055.87;4128.34;3370.66;2751.48;2245.29;1831.38;1493.3;1216.59;990.322;805.183;653.781;530.266;430.067;349.978
3;8499332002641;20;frequency;99999.99999990905;122862.535599424;150952.0265389597;185463.4873444638;227865.1431623047;279960.8926363817;343967.05137965;422606.6409511731;519225.2346839865;637933.2888043621;783781.0140572543;962973.2274171232;1183133.324347452;1453627.601814205;1785963.729760951;2194280.323268956;2695948.443325946;3312310.615921419;4069588.809647371;4999999.999999929
3;8499332002641;20;phasez;-1.52601;-1.52277;-1.51875;-1.51367;-1.50729;-1.49951;-1.48976;-1.47767;-1.46276;-1.44427;-1.42141;-1.39306;-1.35796;-1.31429;-1.2599;-1.1919;-1.10633;-0.998014;-0.859667;-0.681651
