0;9298218472306;20;absz;1.36351e+08;9.93967e+07;7.24276e+07;5.27761e+07;3.84286e+07;2.79749e+07;2.03529e+07;1.48088e+07;1.07719e+07;7.83306e+06;5.69534e+06;4.13999e+06;3.00899e+06;2.18664e+06;1.58875e+06;1.15421e+06;838375;608891;442142;321005
0;9298218472306;20;frequency;9.999999974752427;13.86918846435492;19.23543905490988;26.67799336109056;37.00021196095804;51.31629158938722;71.17153245417285;98.70914048804025;136.9015682683994;189.8713664161278;263.3361782500288;365.2259113806622;506.5387032487934;702.5280792305466;974.3494403835484;1351.343611730726;1874.203936580443;2599.368780806799;3605.113577052066;4999.99999995282
0;9298218472306;20;phasez;-1.51055;-1.51416;-1.51729;-1.51983;-1.52175;-1.52336;-1.52514;-1.52653;-1.52761;-1.52865;-1.5294;-1.52991;-1.53026;-1.53027;-1.52994;-1.52914;-1.52765;-1.52533;-1.52182;-1.51668
1;9298991465183;50;absz;7.39584e+06;6.3354e+06;5.40536e+06;4.63166e+06;3.9569e+06;3.39126e+06;2.90009e+06;2.48161e+06;2.12295e+06;1.81684e+06;1.55454e+06;1.32988e+06;1.13789e+06;973296;832625;712334;609345;521256;445871;381356;326175;278985;238601;204061;174514;149244;127629;109142;93331.6;79811;68247.3;58356.6;49900.2;42668.1;36483;31193.4;26669.1;22800.3;19490.6;16660;14238.3;12166.4;10393.4;8875.8;7576.56;6463.72;5509.96;4691.84;3989.32;3385.15
1;9298991465183;50;frequency;199.9999999213742;234.625769479635;275.2462588517801;322.8993264769997;378.802514688914;444.3841576318164;521.3198749487447;611.5753842550475;717.456725922716;841.6691823498468;987.3863981368913;1158.33146786315;1358.872060208682;1594.132014446359;1870.122253535556;2193.894364737048;2573.720768452858;3019.306079821149;3542.035062906734;4155.263512473084;4874.659497176026;5718.603679767398;6708.658946337209;7870.121340545211;9232.666380967203;10831.10727442716;12706.28439819177;14906.10877695531;17486.78621595445;20514.25336674129;24065.86241733066;28232.35745111674;33120.19296963342;38854.25382030405;45581.04601983359;53472.44000269313;62730.06193403319;73590.44528463698;86331.07429211862;101277.4737211686;118811.5260634959;139381.228686517;163512.140226203;191820.8086789974;225030.524286467;263989.7996954232;309694.0495706946;363311.0235703185;426210.642505751;499999.9999999716
1;9298991465183;50;phasez;-1.5304;-1.52879;-1.53042;-1.5319;-1.5315;-1.532;-1.5331;-1.5331;-1.53285;-1.5334;-1.53389;-1.53426;-1.53442;-1.53467;-1.53499;-1.53525;-1.53545;-1.5356;-1.53578;-1.53597;-1.53605;-1.53611;-1.53611;-1.53608;-1.53597;-1.53579;-1.53549;-1.5351;-1.5346;-1.53399;-1.5332;-1.53226;-1.53112;-1.52975;-1.52813;-1.52621;-1.52394;-1.52124;-1.51805;-1.51428;-1.50982;-1.50455;-1.4983;-1.49091;-1.48215;-1.47177;-1.45943;-1.44474;-1.42718;-1.40608
2;9299758940956;50;absz;82202;73588.8;65885.5;58991.4;52818.6;47280.6;42329.8;37897.5;33923;30374.9;27188.2;24337.3;21787.2;19503.1;17458.9;15628.6;13990.1;12523.1;11210.1;10034.5;8982.06;8039.59;7196.38;6441.02;5764.92;5159.8;4618.13;4133.09;3698.75;3310.02;2961.87;2650.28;2371.21;2121.4;1897.68;1697.29;1517.83;1357.11;1213.16;1084.22;968.697;865.203;772.567;689.595;615.396;549.075;489.915;437.353;390.868;350.128
2;9299758940956;50;frequency;20000.00000002444;22385.53853899816;25055.61678390222;28044.17375656954;31389.19662092121;35133.2035329932;39323.78408414649;44014.2042055669;49264.08322518227;55140.1516811012;61717.09952482729;69078.52549602467;77317.99973512921;86540.25314108083;96862.50859274992;108415.9709538568;121347.4948009008;135821.4510731415;152021.8163702936;170154.5114554648;190450.0186878266;213166.3116533389;238592.1342356312;267050.6708003728;298903.6541519141;334555.9634717432;374460.7706856584;419125.3006744233;469117.2785435782;525072.1459047724;587701.13789258;657800.3235824071;736260.7247225839;824079.6413975459;922373.3285811875;1032391.184709951;1155531.632626961;1293359.894754076;1447627.888434013;1620296.494325686;1813560.480908265;2029876.401899315;2271993.821195295;2542990.262224833;2846310.325953354;3185809.474764127;3565803.038745301;3991121.067296888;4467169.723268114;4999999.999999929
2;9299758940956;50;phasez;-1.53768;-1.53753;-1.53704;-1.53696;-1.53639;-1.53616;-1.53557;-1.53485;-1.5342;-1.53325;-1.53223;-1.53116;-1.52992;-1.52838;-1.52673;-1.52488;-1.52276;-1.52035;-1.51768;-1.51463;-1.51119;-1.50736;-1.50307;-1.49821;-1.49277;-1.48667;-1.47982;-1.47213;-1.46351;-1.45383;-1.44297;-1.43081;-1.41713;-1.40178;-1.38453;-1.36515;-1.34338;-1.31886;-1.29127;-1.26018;-1.22511;-1.18551;-1.14071;-1.08993;-1.03225;-0.966663;-0.891816;-0.806256;-0.708254;-0.595811
3;9300077199874;20;absz;16997.6;13884.6;11339.5;9262.06;7565.54;6178.29;5045.61;4119.73;3363.56;2745.74;2240.54;1827.57;1490.16;1214.05;988.273;803.516;652.45;529.186;429.184;349.245
3;9300077199874;20;frequency;99999.99999990905;122862.535599424;150952.0265389597;185463.4873444638;227865.1431623047;279960.8926363817;343967.05137965;422606.6409511731;519225.2346839865;637933.2888043621;783781.0140572543;962973.2274171232;1183133.324347452;1453627.601814205;1785963.729760951;2194280.323268956;2695948.443325946;3312310.615921419;4069588.809647371;4999999.999999929
3;9300077199874;20;phasez;-1.52591;-1.52276;-1.51865;-1.51364;-1.50733;-1.4995;-1.48977;-1.47772;-1.46277;-1.44428;-1.42139;-1.39302;-1.35786;-1.31418;-1.25977;-1.19175;-1.10617;-0.997846;-0.85949;-0.681479
