0;3623728067689;20;absz;1.61911e+08;1.17651e+08;8.54614e+07;6.20282e+07;4.50334e+07;3.26785e+07;2.37105e+07;1.71989e+07;1.24748e+07;9.04602e+06;6.5585e+06;4.75469e+06;3.44638e+06;2.49768e+06;1.80983e+06;1.31124e+06;949870;688001;498279;360845
0;3623728067689;20;frequency;9.999999974752427;13.86918846435492;19.23543905490988;26.67799336109056;37.00021196095804;51.31629158938722;71.17153245417285;98.70914048804025;136.9015682683994;189.8713664161278;263.3361782500288;365.2259113806622;506.5387032487934;702.5280792305466;974.3494403835484;1351.343611730726;1874.203936580443;2599.368780806799;3605.113577052066;4999.99999995282
0;3623728067689;20;phasez;-1.53385;-1.53524;-1.53589;-1.53732;-1.53851;-1.54018;-1.54026;-1.54115;-1.54205;-1.54262;-1.5431;-1.54342;-1.54352;-1.54341;-1.54294;-1.54199;-1.54035;-1.5378;-1.534;-1.52849
1;3624498638124;50;absz;8.52113e+06;7.2786e+06;6.22778e+06;5.31776e+06;4.55329e+06;3.88812e+06;3.32151e+06;2.83853e+06;2.42441e+06;2.07217e+06;1.77045e+06;1.51297e+06;1.29247e+06;1.10426e+06;943402;806017;688564;588226;502517;429274;366721;313271;267601;228595;195278;166816;142502;121736;103993;88838.1;75890.6;64828.4;55380.8;47309.3;40413.2;34521.2;29486.3;25185;21509.5;18368;15683.8;13389.2;11427.4;9749.87;8314.91;7087.04;6035.6;5134.57;4361.6;3697.44
1;3624498638124;50;frequency;199.9999999213742;234.625769479635;275.2462588517801;322.8993264769997;378.802514688914;444.3841576318164;521.3198749487447;611.5753842550475;717.456725922716;841.6691823498468;987.3863981368913;1158.33146786315;1358.872060208682;1594.132014446359;1870.122253535556;2193.894364737048;2573.720768452858;3019.306079821149;3542.035062906734;4155.263512473084;4874.659497176026;5718.603679767398;6708.658946337209;7870.121340545211;9232.666380967203;10831.10727442716;12706.28439819177;14906.10877695531;17486.78621595445;20514.25336674129;24065.86241733066;28232.35745111674;33120.19296963342;38854.25382030405;45581.04601983359;53472.44000269313;62730.06193403319;73590.44528463698;86331.07429211862;101277.4737211686;118811.5260634959;139381.228686517;163512.140226203;191820.8086789974;225030.524286467;263989.7996954232;309694.0495706946;363311.0235703185;426210.642505751;499999.9999999716
1;3624498638124;50;phasez;-1.54577;-1.5435;-1.5438;-1.54454;-1.54551;-1.54534;-1.54665;-1.54649;-1.54633;-1.54643;-1.54681;-1.54706;-1.54731;-1.54747;-1.54766;-1.54777;-1.54787;-1.54798;-1.54796;-1.54799;-1.54789;-1.54776;-1.5476;-1.54738;-1.54705;-1.54668;-1.54622;-1.54566;-1.545;-1.54423;-1.54331;-1.54224;-1.541;-1.53954;-1.53784;-1.53586;-1.53353;-1.53079;-1.52756;-1.52376;-1.51928;-1.514;-1.50776;-1.50039;-1.49166;-1.48132;-1.46904;-1.45441;-1.43692;-1.41588
2;3625270677578;50;absz;91555.8;81948;73282.7;65569.9;58655;52479.7;46944.5;42000.7;37577.1;33614.6;30073.2;26899.8;24064.6;21528;19258;17228;15412.2;13787.5;12333.3;11033;9869.04;8828.21;7896.5;7062.82;6317.53;5650.41;5053.86;4519.91;4042.14;3614.77;3232.36;2890.21;2584.11;2310.17;2065.07;1845.78;1649.54;1473.92;1316.74;1176.06;1050.19;937.555;836.761;746.619;666.091;594.223;530.18;473.361;423.202;379.332
2;3625270677578;50;frequency;20000.00000002444;22385.53853899816;25055.61678390222;28044.17375656954;31389.19662092121;35133.2035329932;39323.78408414649;44014.2042055669;49264.08322518227;55140.1516811012;61717.09952482729;69078.52549602467;77317.99973512921;86540.25314108083;96862.50859274992;108415.9709538568;121347.4948009008;135821.4510731415;152021.8163702936;170154.5114554648;190450.0186878266;213166.3116533389;238592.1342356312;267050.6708003728;298903.6541519141;334555.9634717432;374460.7706856584;419125.3006744233;469117.2785435782;525072.1459047724;587701.13789258;657800.3235824071;736260.7247225839;824079.6413975459;922373.3285811875;1032391.184709951;1155531.632626961;1293359.894754076;1447627.888434013;1620296.494325686;1813560.480908265;2029876.401899315;2271993.821195295;2542990.262224833;2846310.325953354;3185809.474764127;3565803.038745301;3991121.067296888;4467169.723268114;4999999.999999929
2;3625270677578;50;phasez;-1.54779;-1.54773;-1.54759;-1.54682;-1.54641;-1.54597;-1.5453;-1.54445;-1.54388;-1.54296;-1.54196;-1.54072;-1.53948;-1.53796;-1.53628;-1.53436;-1.53226;-1.52984;-1.52712;-1.5241;-1.52072;-1.51689;-1.51256;-1.50776;-1.50237;-1.4963;-1.48949;-1.48184;-1.47325;-1.4636;-1.45279;-1.44064;-1.42699;-1.41164;-1.39441;-1.37504;-1.35324;-1.32872;-1.30111;-1.27001;-1.23492;-1.19529;-1.15047;-1.0997;-1.04202;-0.976484;-0.901727;-0.816314;-0.718512;-0.606382
3;3625588149009;20;absz;18751.6;15302.1;12482.7;10182.2;8306.52;6775.11;5525.74;4506.49;3674.23;2995.51;2441.21;1988.72;1619.51;1317.96;1071.69;870.562;706.431;572.79;464.649;378.44
3;3625588149009;20;frequency;99999.99999990905;122862.535599424;150952.0265389597;185463.4873444638;227865.1431623047;279960.8926363817;343967.05137965;422606.6409511731;519225.2346839865;637933.2888043621;783781.0140572543;962973.2274171232;1183133.324347452;1453627.601814205;1785963.729760951;2194280.323268956;2695948.443325946;3312310.615921419;4069588.809647371;4999999.999999929
3;3625588149009;20;phasez;-1.53538;-1.53212;-1.52816;-1.52312;-1.51684;-1.50907;-1.49941;-1.48741;-1.47255;-1.4541;-1.43124;-1.4029;-1.36774;-1.32403;-1.26958;-1.20152;-1.11591;-1.00769;-0.86956;-0.692002
