0;7688455427956;20;absz;1.37632e+08;1.00273e+08;7.30965e+07;5.32224e+07;3.87478e+07;2.81933e+07;2.05176e+07;1.49233e+07;1.08512e+07;7.88951e+06;5.73543e+06;4.16872e+06;3.02949e+06;2.2014e+06;1.59941e+06;1.1619e+06;843939;612890;445015;323078
0;7688455427956;20;frequency;9.999999974752427;13.86918846435492;19.23543905490988;26.67799336109056;37.00021196095804;51.31629158938722;71.17153245417285;98.70914048804025;136.9015682683994;189.8713664161278;263.3361782500288;365.2259113806622;506.5387032487934;702.5280792305466;974.3494403835484;1351.343611730726;1874.203936580443;2599.368780806799;3605.113577052066;4999.99999995282
0;7688455427956;20;phasez;-1.51229;-1.51604;-1.51898;-1.52101;-1.523;-1.52523;-1.52638;-1.52771;-1.52867;-1.52952;-1.53014;-1.53055;-1.53076;-1.53072;-1.53031;-1.52947;-1.52799;-1.52568;-1.52221;-1.51709
1;7689225372727;50;absz;7.43199e+06;6.36139e+06;5.44967e+06;4.66016e+06;3.99059e+06;3.41128e+06;2.91978e+06;2.49836e+06;2.13831e+06;1.82906e+06;1.56498e+06;1.33868e+06;1.14539e+06;979792;838244;717071;613369;524684;448769;383833;328294;280766;240114;205343;175604;150171;128417;109810;93898.7;80291.7;68654.4;58703.6;50193.8;42916.6;36693.2;31371.8;26820.5;22927.8;19599.1;16751.7;14315.8;12231.7;10448.4;8922.3;7615.76;6496.74;5537.77;4715.26;4009.02;3401.65
1;7689225372727;50;frequency;199.9999999213742;234.625769479635;275.2462588517801;322.8993264769997;378.802514688914;444.3841576318164;521.3198749487447;611.5753842550475;717.456725922716;841.6691823498468;987.3863981368913;1158.33146786315;1358.872060208682;1594.132014446359;1870.122253535556;2193.894364737048;2573.720768452858;3019.306079821149;3542.035062906734;4155.263512473084;4874.659497176026;5718.603679767398;6708.658946337209;7870.121340545211;9232.666380967203;10831.10727442716;12706.28439819177;14906.10877695531;17486.78621595445;20514.25336674129;24065.86241733066;28232.35745111674;33120.19296963342;38854.25382030405;45581.04601983359;53472.44000269313;62730.06193403319;73590.44528463698;86331.07429211862;101277.4737211686;118811.5260634959;139381.228686517;163512.140226203;191820.8086789974;225030.524286467;263989.7996954232;309694.0495706946;363311.0235703185;426210.642505751;499999.9999999716
1;7689225372727;50;phasez;-1.5309;-1.53119;-1.53144;-1.53151;-1.53239;-1.53244;-1.53354;-1.53374;-1.5336;-1.53397;-1.53408;-1.53472;-1.53479;-1.53505;-1.53533;-1.53557;-1.53578;-1.53599;-1.53618;-1.53634;-1.53647;-1.53654;-1.53656;-1.53654;-1.53644;-1.53624;-1.53597;-1.53558;-1.53509;-1.53445;-1.53369;-1.53275;-1.53161;-1.53025;-1.52864;-1.52674;-1.52448;-1.5218;-1.51862;-1.51487;-1.51042;-1.50515;-1.49891;-1.49153;-1.48277;-1.47239;-1.46006;-1.44537;-1.42782;-1.40673
2;7689990494743;50;absz;82684.9;74034.1;66290.1;59350;53130.1;47560.7;42582.1;38120.7;34119.5;30545;27341.4;24473.9;21909.5;19611.4;17555.5;15713.8;14066.1;12590.1;11270.1;10087.4;9029;8081.5;7233.12;6474.03;5794.22;5185.86;4641.14;4153.44;3716.79;3326.07;2976.2;2662.96;2382.47;2131.34;1906.49;1705.12;1524.77;1363.25;1218.56;1088.97;972.907;868.963;775.875;692.494;617.958;551.353;491.941;439.149;392.472;351.581
2;7689990494743;50;frequency;20000.00000002444;22385.53853899816;25055.61678390222;28044.17375656954;31389.19662092121;35133.2035329932;39323.78408414649;44014.2042055669;49264.08322518227;55140.1516811012;61717.09952482729;69078.52549602467;77317.99973512921;86540.25314108083;96862.50859274992;108415.9709538568;121347.4948009008;135821.4510731415;152021.8163702936;170154.5114554648;190450.0186878266;213166.3116533389;238592.1342356312;267050.6708003728;298903.6541519141;334555.9634717432;374460.7706856584;419125.3006744233;469117.2785435782;525072.1459047724;587701.13789258;657800.3235824071;736260.7247225839;824079.6413975459;922373.3285811875;1032391.184709951;1155531.632626961;1293359.894754076;1447627.888434013;1620296.494325686;1813560.480908265;2029876.401899315;2271993.821195295;2542990.262224833;2846310.325953354;3185809.474764127;3565803.038745301;3991121.067296888;4467169.723268114;4999999.999999929
2;7689990494743;50;phasez;-1.53801;-1.5377;-1.53793;-1.53732;-1.53703;-1.53654;-1.53612;-1.53535;-1.53457;-1.53374;-1.53283;-1.53178;-1.53052;-1.529;-1.52738;-1.52548;-1.52337;-1.52095;-1.51827;-1.51522;-1.51181;-1.50801;-1.50367;-1.49883;-1.49338;-1.48729;-1.48044;-1.47277;-1.46415;-1.45448;-1.44363;-1.43146;-1.4178;-1.40246;-1.38524;-1.36588;-1.3441;-1.31961;-1.29204;-1.26097;-1.22591;-1.18633;-1.14154;-1.09077;-1.03313;-0.967553;-0.89273;-0.8072;-0.709235;-0.596851
3;7690310125417;20;absz;17091;13960.8;11400.7;9311.69;7604.94;6209.89;5070.98;4140.27;3380.09;2758.92;2251.19;1836.08;1496.99;1219.54;992.615;807.01;655.209;531.415;430.974;350.709
3;7690310125417;20;frequency;99999.99999990905;122862.535599424;150952.0265389597;185463.4873444638;227865.1431623047;279960.8926363817;343967.05137965;422606.6409511731;519225.2346839865;637933.2888043621;783781.0140572543;962973.2274171232;1183133.324347452;1453627.601814205;1785963.729760951;2194280.323268956;2695948.443325946;3312310.615921419;4069588.809647371;4999999.999999929
3;7690310125417;20;phasez;-1.52654;-1.52327;-1.51932;-1.51425;-1.50796;-1.50014;-1.49041;-1.47835;-1.46341;-1.44494;-1.42206;-1.39372;-1.3586;-1.31495;-1.26058;-1.19258;-1.10703;-0.998739;-0.860435;-0.682498
