0;10389142019819;20;absz;1.35908e+08;9.91616e+07;7.22623e+07;5.26459e+07;3.83439e+07;2.7909e+07;2.03133e+07;1.47783e+07;1.07496e+07;7.81671e+06;5.68337e+06;4.13156e+06;3.00283e+06;2.18222e+06;1.5856e+06;1.15191e+06;836729;607702;441300;320403
0;10389142019819;20;frequency;9.999999974752427;13.86918846435492;19.23543905490988;26.67799336109056;37.00021196095804;51.31629158938722;71.17153245417285;98.70914048804025;136.9015682683994;189.8713664161278;263.3361782500288;365.2259113806622;506.5387032487934;702.5280792305466;974.3494403835484;1351.343611730726;1874.203936580443;2599.368780806799;3605.113577052066;4999.99999995282
0;10389142019819;20;phasez;-1.51012;-1.51321;-1.51643;-1.51899;-1.52129;-1.52267;-1.52486;-1.52638;-1.52758;-1.52853;-1.52928;-1.52985;-1.53016;-1.53018;-1.52983;-1.529;-1.52752;-1.52518;-1.52166;-1.5165
1;10389915579062;50;absz;7.38118e+06;6.31086e+06;5.39644e+06;4.61529e+06;3.95111e+06;3.38107e+06;2.89441e+06;2.47626e+06;2.11989e+06;1.81354e+06;1.55107e+06;1.32721e+06;1.13561e+06;971561;831136;710926;608182;520264;445014;380640;325570;278472;238164;203693;174197;148977;127405;108953;93172.6;79674.8;68131.5;58259.6;49817.5;42598.2;36424.1;31143.2;26626.8;22763.9;19460.4;16634.3;14216.7;12147.9;10377.9;8862.59;7565.53;6454.46;5502.07;4685.11;3983.69;3380.38
1;10389915579062;50;frequency;199.9999999213742;234.625769479635;275.2462588517801;322.8993264769997;378.802514688914;444.3841576318164;521.3198749487447;611.5753842550475;717.456725922716;841.6691823498468;987.3863981368913;1158.33146786315;1358.872060208682;1594.132014446359;1870.122253535556;2193.894364737048;2573.720768452858;3019.306079821149;3542.035062906734;4155.263512473084;4874.659497176026;5718.603679767398;6708.658946337209;7870.121340545211;9232.666380967203;10831.10727442716;12706.28439819177;14906.10877695531;17486.78621595445;20514.25336674129;24065.86241733066;28232.35745111674;33120.19296963342;38854.25382030405;45581.04601983359;53472.44000269313;62730.06193403319;73590.44528463698;86331.07429211862;101277.4737211686;118811.5260634959;139381.228686517;163512.140226203;191820.8086789974;225030.524286467;263989.7996954232;309694.0495706946;363311.0235703185;426210.642505751;499999.9999999716
1;10389915579062;50;phasez;-1.52753;-1.53018;-1.53083;-1.532;-1.53122;-1.5321;-1.5329;-1.533;-1.53281;-1.53368;-1.53392;-1.53423;-1.53437;-1.53458;-1.53485;-1.53513;-1.53528;-1.53548;-1.5357;-1.53582;-1.53588;-1.53596;-1.53595;-1.5359;-1.53581;-1.53562;-1.53532;-1.53495;-1.53444;-1.53382;-1.53305;-1.5321;-1.53096;-1.5296;-1.52797;-1.52606;-1.52378;-1.52109;-1.5179;-1.51413;-1.50967;-1.50439;-1.49815;-1.49076;-1.48201;-1.47163;-1.45929;-1.4446;-1.42704;-1.40593
2;10390684739729;50;absz;82073.6;73498.4;65785.6;58904;52743.7;47210.4;42273.9;37838.8;33874.8;30324;27147.2;24302.1;21754.2;19473.2;17432.6;15605.3;13969.6;12505.6;11194.2;10020.4;8969.34;8028.53;7186.11;6432.14;5757.06;5152.74;4611.91;4127.47;3693.78;3305.55;2957.97;2646.77;2368.13;2118.64;1895.19;1695.14;1515.93;1355.41;1211.64;1082.88;967.518;864.188;771.65;688.767;614.666;548.42;489.337;436.829;390.402;349.714
2;10390684739729;50;frequency;20000.00000002444;22385.53853899816;25055.61678390222;28044.17375656954;31389.19662092121;35133.2035329932;39323.78408414649;44014.2042055669;49264.08322518227;55140.1516811012;61717.09952482729;69078.52549602467;77317.99973512921;86540.25314108083;96862.50859274992;108415.9709538568;121347.4948009008;135821.4510731415;152021.8163702936;170154.5114554648;190450.0186878266;213166.3116533389;238592.1342356312;267050.6708003728;298903.6541519141;334555.9634717432;374460.7706856584;419125.3006744233;469117.2785435782;525072.1459047724;587701.13789258;657800.3235824071;736260.7247225839;824079.6413975459;922373.3285811875;1032391.184709951;1155531.632626961;1293359.894754076;1447627.888434013;1620296.494325686;1813560.480908265;2029876.401899315;2271993.821195295;2542990.262224833;2846310.325953354;3185809.474764127;3565803.038745301;3991121.067296888;4467169.723268114;4999999.999999929
2;10390684739729;50;phasez;-1.53747;-1.53731;-1.53702;-1.53674;-1.53624;-1.53587;-1.53534;-1.53482;-1.53402;-1.5331;-1.53211;-1.53105;-1.52975;-1.52828;-1.5266;-1.52474;-1.52265;-1.5202;-1.5175;-1.51446;-1.51106;-1.50724;-1.50292;-1.49807;-1.49263;-1.48653;-1.47968;-1.47199;-1.46336;-1.45368;-1.44282;-1.43064;-1.41696;-1.40161;-1.38436;-1.36496;-1.34317;-1.31866;-1.29107;-1.25997;-1.2249;-1.18529;-1.14049;-1.08972;-1.03204;-0.966447;-0.8916;-0.806034;-0.708036;-0.595588
3;10391003022120;20;absz;16972.8;13867.1;11325.2;9250.41;7556.44;6170.65;5039.42;4114.73;3359.53;2742.38;2237.89;1825.39;1488.42;1212.68;987.169;802.65;651.749;528.632;428.743;348.872
3;10391003022120;20;frequency;99999.99999990905;122862.535599424;150952.0265389597;185463.4873444638;227865.1431623047;279960.8926363817;343967.05137965;422606.6409511731;519225.2346839865;637933.2888043621;783781.0140572543;962973.2274171232;1183133.324347452;1453627.601814205;1785963.729760951;2194280.323268956;2695948.443325946;3312310.615921419;4069588.809647371;4999999.999999929
3;10391003022120;20;phasez;-1.52566;-1.52259;-1.51856;-1.5135;-1.5072;-1.49938;-1.48965;-1.4776;-1.46262;-1.44412;-1.42122;-1.39284;-1.35766;-1.31397;-1.25956;-1.19153;-1.10595;-0.997626;-0.859267;-0.681239
