0;1810374258059;20;absz;1.93757e+08;1.4027e+08;1.01426e+08;7.34104e+07;5.30958e+07;3.84244e+07;2.77845e+07;2.00928e+07;1.45323e+07;1.05089e+07;7.59858e+06;5.4942e+06;3.97203e+06;2.87118e+06;2.07524e+06;1.49977e+06;1.08385e+06;783239;565988;409005
0;1810374258059;20;frequency;9.999999974752427;13.86918846435492;19.23543905490988;26.67799336109056;37.00021196095804;51.31629158938722;71.17153245417285;98.70914048804025;136.9015682683994;189.8713664161278;263.3361782500288;365.2259113806622;506.5387032487934;702.5280792305466;974.3494403835484;1351.343611730726;1874.203936580443;2599.368780806799;3605.113577052066;4999.99999995282
0;1810374258059;20;phasez;-1.5532;-1.55415;-1.55449;-1.55461;-1.55474;-1.55532;-1.55539;-1.55575;-1.55599;-1.55608;-1.55615;-1.55618;-1.55599;-1.55559;-1.55482;-1.55351;-1.5515;-1.54855;-1.54434;-1.53843
1;1811142502424;50;absz;9.90329e+06;8.46875e+06;7.21814e+06;6.16455e+06;5.24545e+06;4.48272e+06;3.82715e+06;3.26445e+06;2.78801e+06;2.37913e+06;2.0298e+06;1.73196e+06;1.47839e+06;1.2616e+06;1.07662e+06;918640;783928;668986;570891;487151;415718;354757;302759;258370;220490;188175;160602;137071;116990;99855.2;85229.5;72748.9;62097.5;53007.5;45249;38627;32973.6;28147.4;24026.5;20508.5;17503.8;14937.4;12745;10871.4;9269.58;7899.73;6727.39;5723.15;4861.92;4122.26
1;1811142502424;50;frequency;199.9999999213742;234.625769479635;275.2462588517801;322.8993264769997;378.802514688914;444.3841576318164;521.3198749487447;611.5753842550475;717.456725922716;841.6691823498468;987.3863981368913;1158.33146786315;1358.872060208682;1594.132014446359;1870.122253535556;2193.894364737048;2573.720768452858;3019.306079821149;3542.035062906734;4155.263512473084;4874.659497176026;5718.603679767398;6708.658946337209;7870.121340545211;9232.666380967203;10831.10727442716;12706.28439819177;14906.10877695531;17486.78621595445;20514.25336674129;24065.86241733066;28232.35745111674;33120.19296963342;38854.25382030405;45581.04601983359;53472.44000269313;62730.06193403319;73590.44528463698;86331.07429211862;101277.4737211686;118811.5260634959;139381.228686517;163512.140226203;191820.8086789974;225030.524286467;263989.7996954232;309694.0495706946;363311.0235703185;426210.642505751;499999.9999999716
1;1811142502424;50;phasez;-1.55848;-1.55957;-1.55684;-1.5576;-1.55871;-1.55792;-1.55799;-1.55798;-1.55793;-1.55899;-1.55903;-1.55908;-1.55865;-1.55892;-1.55886;-1.55881;-1.55865;-1.5586;-1.55843;-1.55816;-1.55792;-1.55757;-1.55717;-1.55671;-1.55617;-1.55556;-1.55485;-1.55402;-1.5531;-1.55203;-1.55079;-1.54939;-1.54779;-1.54595;-1.54386;-1.54146;-1.53869;-1.5355;-1.5318;-1.52752;-1.52254;-1.51673;-1.50995;-1.50201;-1.49271;-1.48176;-1.46886;-1.4536;-1.43547;-1.41378
2;1811911886183;50;absz;102907;92040.3;82292.5;73581.5;65778;58826.8;52601.6;47031.5;42049.9;37603.4;33628.1;30069.5;26888.3;24047.4;21503.3;19230.1;17198.1;15381.2;13756.8;12302.5;11003.1;9841.27;8802.13;7872.59;7041.3;6298.01;5632.89;5038.22;4506.14;4030.31;3604.58;3223.87;2883.2;2578.36;2305.64;2061.61;1843.31;1647.93;1473.1;1316.6;1176.54;1051.24;939.105;838.844;749.306;669.395;598.246;535.164;479.558;431.048
2;1811911886183;50;frequency;20000.00000002444;22385.53853899816;25055.61678390222;28044.17375656954;31389.19662092121;35133.2035329932;39323.78408414649;44014.2042055669;49264.08322518227;55140.1516811012;61717.09952482729;69078.52549602467;77317.99973512921;86540.25314108083;96862.50859274992;108415.9709538568;121347.4948009008;135821.4510731415;152021.8163702936;170154.5114554648;190450.0186878266;213166.3116533389;238592.1342356312;267050.6708003728;298903.6541519141;334555.9634717432;374460.7706856584;419125.3006744233;469117.2785435782;525072.1459047724;587701.13789258;657800.3235824071;736260.7247225839;824079.6413975459;922373.3285811875;1032391.184709951;1155531.632626961;1293359.894754076;1447627.888434013;1620296.494325686;1813560.480908265;2029876.401899315;2271993.821195295;2542990.262224833;2846310.325953354;3185809.474764127;3565803.038745301;3991121.067296888;4467169.723268114;4999999.999999929
2;1811911886183;50;phasez;-1.5556;-1.55527;-1.55449;-1.55405;-1.55334;-1.55255;-1.55176;-1.55067;-1.54962;-1.54838;-1.54709;-1.54569;-1.54403;-1.54226;-1.54018;-1.53798;-1.53541;-1.53264;-1.5296;-1.52613;-1.52235;-1.51812;-1.51341;-1.50818;-1.50233;-1.49584;-1.48858;-1.48049;-1.47147;-1.46137;-1.45008;-1.43748;-1.42336;-1.40755;-1.38985;-1.37002;-1.34777;-1.32279;-1.29473;-1.26317;-1.22763;-1.18757;-1.14232;-1.09114;-1.03302;-0.967079;-0.891923;-0.806145;-0.708008;-0.5956
3;1812230020130;20;absz;20935.7;17073.5;13923.5;11352.3;9258.57;7551.59;6158.08;5022.73;4096.08;3340.57;2723.97;2220.6;1809.64;1474.33;1200.37;976.691;794.108;645.555;525.443;429.996
3;1812230020130;20;frequency;99999.99999990905;122862.535599424;150952.0265389597;185463.4873444638;227865.1431623047;279960.8926363817;343967.05137965;422606.6409511731;519225.2346839865;637933.2888043621;783781.0140572543;962973.2274171232;1183133.324347452;1453627.601814205;1785963.729760951;2194280.323268956;2695948.443325946;3312310.615921419;4069588.809647371;4999999.999999929
3;1812230020130;20;phasez;-1.53931;-1.53528;-1.53066;-1.52487;-1.51787;-1.50935;-1.49889;-1.48606;-1.47036;-1.45106;-1.42739;-1.39819;-1.36217;-1.31763;-1.26236;-1.1935;-1.10711;-0.99813;-0.859306;-0.681196
