0;1138098667753;20;absz;2.09485e+08;1.51618e+08;1.09653e+08;7.92232e+07;5.72886e+07;4.14393e+07;2.99468e+07;2.16465e+07;1.56497e+07;1.13158e+07;8.18198e+06;5.9164e+06;4.27856e+06;3.09432e+06;2.23795e+06;1.61867e+06;1.17078e+06;846862;612604;443172
0;1138098667753;20;frequency;9.999999974752427;13.86918846435492;19.23543905490988;26.67799336109056;37.00021196095804;51.31629158938722;71.17153245417285;98.70914048804025;136.9015682683994;189.8713664161278;263.3361782500288;365.2259113806622;506.5387032487934;702.5280792305466;974.3494403835484;1351.343611730726;1874.203936580443;2599.368780806799;3605.113577052066;4999.99999995282
0;1138098667753;20;phasez;-1.5583;-1.559;-1.55821;-1.55832;-1.55788;-1.5577;-1.55766;-1.55716;-1.5569;-1.55643;-1.55583;-1.55514;-1.55427;-1.55319;-1.55181;-1.54998;-1.54749;-1.54414;-1.53956;-1.53333
1;1138870787082;50;absz;1.06566e+07;9.10356e+06;7.76978e+06;6.62381e+06;5.65279e+06;4.83e+06;4.12324e+06;3.51923e+06;3.00322e+06;2.56606e+06;2.18909e+06;1.86923e+06;1.59539e+06;1.36212e+06;1.16272e+06;992771;847510;723628;617780;527508;450378;384549;328366;280376;239426;204453;174600;149109;127344;108760;92890.4;79338.9;67767.7;57885.9;49446.4;42237.3;36078.5;30818;26323.4;22483.3;19201.9;16397.1;13999.1;11949;10195;8693.87;7408.28;6306.21;5360.5;4547.6
1;1138870787082;50;frequency;199.9999999213742;234.625769479635;275.2462588517801;322.8993264769997;378.802514688914;444.3841576318164;521.3198749487447;611.5753842550475;717.456725922716;841.6691823498468;987.3863981368913;1158.33146786315;1358.872060208682;1594.132014446359;1870.122253535556;2193.894364737048;2573.720768452858;3019.306079821149;3542.035062906734;4155.263512473084;4874.659497176026;5718.603679767398;6708.658946337209;7870.121340545211;9232.666380967203;10831.10727442716;12706.28439819177;14906.10877695531;17486.78621595445;20514.25336674129;24065.86241733066;28232.35745111674;33120.19296963342;38854.25382030405;45581.04601983359;53472.44000269313;62730.06193403319;73590.44528463698;86331.07429211862;101277.4737211686;118811.5260634959;139381.228686517;163512.140226203;191820.8086789974;225030.524286467;263989.7996954232;309694.0495706946;363311.0235703185;426210.642505751;499999.9999999716
1;1138870787082;50;phasez;-1.55503;-1.55955;-1.55595;-1.55527;-1.55625;-1.55744;-1.55562;-1.5557;-1.55543;-1.55587;-1.55555;-1.5553;-1.55528;-1.55515;-1.55497;-1.55462;-1.55433;-1.55402;-1.55365;-1.55328;-1.55283;-1.55238;-1.55185;-1.55127;-1.55062;-1.54992;-1.54911;-1.54821;-1.5472;-1.54608;-1.54479;-1.54333;-1.54169;-1.53984;-1.53772;-1.53532;-1.53255;-1.52937;-1.52569;-1.52143;-1.51648;-1.51071;-1.50398;-1.4961;-1.48687;-1.47602;-1.46322;-1.44808;-1.43007;-1.40852
2;1139642308905;50;absz;112094;100311;89702;80227.9;71780.1;64214.7;57444.6;51384.8;45966.3;41118.7;36789.8;32910.1;29443.8;26343.8;23568.2;21088.5;18867.2;16882.1;15105.1;13515.7;12093.5;10821.2;9682.83;8664.29;7752.61;6936.94;6207.31;5554.31;4969.87;4446.71;3978.79;3559.97;3185.09;2849.52;2549.13;2280.29;2039.6;1824.17;1631.29;1458.65;1304.1;1165.8;1042.02;931.293;832.438;744.254;665.749;596.204;534.947;481.598
2;1139642308905;50;frequency;20000.00000002444;22385.53853899816;25055.61678390222;28044.17375656954;31389.19662092121;35133.2035329932;39323.78408414649;44014.2042055669;49264.08322518227;55140.1516811012;61717.09952482729;69078.52549602467;77317.99973512921;86540.25314108083;96862.50859274992;108415.9709538568;121347.4948009008;135821.4510731415;152021.8163702936;170154.5114554648;190450.0186878266;213166.3116533389;238592.1342356312;267050.6708003728;298903.6541519141;334555.9634717432;374460.7706856584;419125.3006744233;469117.2785435782;525072.1459047724;587701.13789258;657800.3235824071;736260.7247225839;824079.6413975459;922373.3285811875;1032391.184709951;1155531.632626961;1293359.894754076;1447627.888434013;1620296.494325686;1813560.480908265;2029876.401899315;2271993.821195295;2542990.262224833;2846310.325953354;3185809.474764127;3565803.038745301;3991121.067296888;4467169.723268114;4999999.999999929
2;1139642308905;50;phasez;-1.54955;-1.54942;-1.54859;-1.54787;-1.54725;-1.54633;-1.54549;-1.54465;-1.54355;-1.54223;-1.541;-1.53948;-1.53786;-1.53608;-1.53406;-1.5318;-1.52941;-1.52664;-1.52358;-1.52017;-1.51645;-1.51228;-1.50767;-1.50244;-1.49669;-1.49025;-1.48307;-1.47508;-1.46614;-1.45613;-1.44497;-1.4325;-1.41849;-1.40283;-1.38526;-1.36556;-1.34344;-1.31862;-1.29071;-1.25931;-1.22394;-1.18404;-1.13898;-1.08799;-1.03006;-0.964335;-0.88943;-0.803925;-0.706117;-0.594083
3;1139958647075;20;absz;22946.5;18729.7;15289.3;12477.8;10183.2;8312.43;6784.35;5537.47;4519.86;3688.4;3009.99;2455.5;2002.61;1632.7;1330.43;1083.5;881.939;717.97;585.514;480.446
3;1139958647075;20;frequency;99999.99999990905;122862.535599424;150952.0265389597;185463.4873444638;227865.1431623047;279960.8926363817;343967.05137965;422606.6409511731;519225.2346839865;637933.2888043621;783781.0140572543;962973.2274171232;1183133.324347452;1453627.601814205;1785963.729760951;2194280.323268956;2695948.443325946;3312310.615921419;4069588.809647371;4999999.999999929
3;1139958647075;20;phasez;-1.53309;-1.52926;-1.52463;-1.51896;-1.51199;-1.50359;-1.49327;-1.48065;-1.4651;-1.44606;-1.42258;-1.39364;-1.35787;-1.31361;-1.25862;-1.19008;-1.10403;-0.995448;-0.857102;-0.679621
