0;8779259777552;20;absz;1.36605e+08;9.95819e+07;7.25714e+07;5.28693e+07;3.84967e+07;2.80282e+07;2.03926e+07;1.48344e+07;1.07893e+07;7.84519e+06;5.70355e+06;4.14595e+06;3.0133e+06;2.18971e+06;1.59099e+06;1.15581e+06;839564;609753;442765;321459
0;8779259777552;20;frequency;9.999999974752427;13.86918846435492;19.23543905490988;26.67799336109056;37.00021196095804;51.31629158938722;71.17153245417285;98.70914048804025;136.9015682683994;189.8713664161278;263.3361782500288;365.2259113806622;506.5387032487934;702.5280792305466;974.3494403835484;1351.343611730726;1874.203936580443;2599.368780806799;3605.113577052066;4999.99999995282
0;8779259777552;20;phasez;-1.51132;-1.514;-1.51753;-1.51979;-1.52189;-1.52433;-1.52542;-1.52676;-1.5279;-1.52885;-1.52958;-1.53009;-1.53036;-1.53037;-1.53;-1.52916;-1.5277;-1.52537;-1.52186;-1.5167
1;8780029545514;50;absz;7.39534e+06;6.32937e+06;5.41695e+06;4.64058e+06;3.96569e+06;3.39667e+06;2.90437e+06;2.48509e+06;2.12691e+06;1.81928e+06;1.5569e+06;1.3319e+06;1.13953e+06;974777;833979;713362;610255;521947;446519;381899;326642;279371;238933;204344;174755;149449;127804;109294;93461.5;79922.9;68344.3;58441.6;49973.9;42731.4;36538.7;31242.1;26711.5;22836.4;19522.3;16686.9;14261.3;12185.9;10410.1;8890.09;7588.54;6473.8;5518.56;4699.15;3995.5;3390.32
1;8780029545514;50;frequency;199.9999999213742;234.625769479635;275.2462588517801;322.8993264769997;378.802514688914;444.3841576318164;521.3198749487447;611.5753842550475;717.456725922716;841.6691823498468;987.3863981368913;1158.33146786315;1358.872060208682;1594.132014446359;1870.122253535556;2193.894364737048;2573.720768452858;3019.306079821149;3542.035062906734;4155.263512473084;4874.659497176026;5718.603679767398;6708.658946337209;7870.121340545211;9232.666380967203;10831.10727442716;12706.28439819177;14906.10877695531;17486.78621595445;20514.25336674129;24065.86241733066;28232.35745111674;33120.19296963342;38854.25382030405;45581.04601983359;53472.44000269313;62730.06193403319;73590.44528463698;86331.07429211862;101277.4737211686;118811.5260634959;139381.228686517;163512.140226203;191820.8086789974;225030.524286467;263989.7996954232;309694.0495706946;363311.0235703185;426210.642505751;499999.9999999716
1;8780029545514;50;phasez;-1.52987;-1.53172;-1.53223;-1.53126;-1.53073;-1.53151;-1.53312;-1.53286;-1.53377;-1.53395;-1.53394;-1.53413;-1.53447;-1.53483;-1.53514;-1.53527;-1.53554;-1.53569;-1.5358;-1.53593;-1.53604;-1.53613;-1.5361;-1.53607;-1.53594;-1.53574;-1.53545;-1.53504;-1.53453;-1.53388;-1.5331;-1.53214;-1.53099;-1.52962;-1.528;-1.52609;-1.52383;-1.52115;-1.51799;-1.51424;-1.50981;-1.50455;-1.49833;-1.49095;-1.48221;-1.47184;-1.45951;-1.44483;-1.42727;-1.40618
2;8780797986217;50;absz;82337.2;73696;65990;59080.9;52891.3;47360.9;42395.8;37953.2;33977.6;30416.3;27228.1;24375;21821.2;19532.6;17487.1;15653.9;14012.9;12543.5;11227.8;10050.2;8996.31;8052.36;7207.32;6451.17;5773.91;5167.83;4625.11;4139.28;3704.31;3315.01;2966.4;2654.25;2374.75;2124.53;1900.44;1699.75;1520.07;1359.09;1214.9;1085.75;970.06;866.436;773.627;690.524;616.23;549.819;490.58;437.948;391.4;350.622
2;8780797986217;50;frequency;20000.00000002444;22385.53853899816;25055.61678390222;28044.17375656954;31389.19662092121;35133.2035329932;39323.78408414649;44014.2042055669;49264.08322518227;55140.1516811012;61717.09952482729;69078.52549602467;77317.99973512921;86540.25314108083;96862.50859274992;108415.9709538568;121347.4948009008;135821.4510731415;152021.8163702936;170154.5114554648;190450.0186878266;213166.3116533389;238592.1342356312;267050.6708003728;298903.6541519141;334555.9634717432;374460.7706856584;419125.3006744233;469117.2785435782;525072.1459047724;587701.13789258;657800.3235824071;736260.7247225839;824079.6413975459;922373.3285811875;1032391.184709951;1155531.632626961;1293359.894754076;1447627.888434013;1620296.494325686;1813560.480908265;2029876.401899315;2271993.821195295;2542990.262224833;2846310.325953354;3185809.474764127;3565803.038745301;3991121.067296888;4467169.723268114;4999999.999999929
2;8780797986217;50;phasez;-1.53758;-1.5373;-1.53711;-1.53666;-1.53626;-1.53586;-1.53542;-1.53486;-1.53404;-1.5332;-1.53219;-1.53108;-1.52982;-1.52835;-1.52672;-1.52486;-1.52279;-1.52041;-1.5177;-1.51467;-1.51125;-1.50743;-1.50315;-1.49829;-1.49285;-1.48675;-1.4799;-1.47221;-1.46359;-1.45393;-1.44309;-1.43091;-1.41724;-1.40188;-1.38464;-1.36527;-1.3435;-1.31899;-1.29141;-1.26032;-1.22526;-1.18565;-1.14086;-1.09007;-1.03241;-0.966817;-0.891978;-0.806414;-0.708421;-0.595991
3;8781114151398;20;absz;17020.7;13906.9;11358.6;9277.31;7577.81;6187.67;5053.22;4126.02;3368.68;2749.83;2243.82;1830.18;1492.31;1215.81;989.672;804.647;653.355;529.926;429.789;349.745
3;8781114151398;20;frequency;99999.99999990905;122862.535599424;150952.0265389597;185463.4873444638;227865.1431623047;279960.8926363817;343967.05137965;422606.6409511731;519225.2346839865;637933.2888043621;783781.0140572543;962973.2274171232;1183133.324347452;1453627.601814205;1785963.729760951;2194280.323268956;2695948.443325946;3312310.615921419;4069588.809647371;4999999.999999929
3;8781114151398;20;phasez;-1.52577;-1.5226;-1.51862;-1.51368;-1.5074;-1.49961;-1.48985;-1.47778;-1.46287;-1.44439;-1.42149;-1.39313;-1.35798;-1.31431;-1.25992;-1.19189;-1.10632;-0.997993;-0.859636;-0.681628
