0;6460736022768;20;absz;1.40046e+08;1.02016e+08;7.42997e+07;5.40643e+07;3.93547e+07;2.86267e+07;2.08243e+07;1.51449e+07;1.10103e+07;8.00381e+06;5.81781e+06;4.22827e+06;3.07253e+06;2.2324e+06;1.62178e+06;1.178e+06;855523;621202;450966;327319
0;6460736022768;20;frequency;9.999999974752427;13.86918846435492;19.23543905490988;26.67799336109056;37.00021196095804;51.31629158938722;71.17153245417285;98.70914048804025;136.9015682683994;189.8713664161278;263.3361782500288;365.2259113806622;506.5387032487934;702.5280792305466;974.3494403835484;1351.343611730726;1874.203936580443;2599.368780806799;3605.113577052066;4999.99999995282
0;6460736022768;20;phasez;-1.51693;-1.51923;-1.52185;-1.52383;-1.52535;-1.52644;-1.52801;-1.52888;-1.52977;-1.53042;-1.5309;-1.53129;-1.53147;-1.53141;-1.53104;-1.53021;-1.5288;-1.52655;-1.52314;-1.51809
1;6461506048459;50;absz;7.53831e+06;6.44929e+06;5.52311e+06;4.72296e+06;4.04081e+06;3.45745e+06;2.96038e+06;2.53491e+06;2.16769e+06;1.85469e+06;1.58684e+06;1.35756e+06;1.16136e+06;993467;849749;726878;621706;531705;454777;388933;332599;284431;243216;207976;177833;152054;130009;111161;95040.7;81257.7;69473.9;59397.2;50782;43414.4;37115.8;31729.3;27123.1;23184.1;19816;16935.2;14471.1;12363.3;10560;9016.84;7695.93;6564.65;5595.27;4763.88;4050.1;3436.25
1;6461506048459;50;frequency;199.9999999213742;234.625769479635;275.2462588517801;322.8993264769997;378.802514688914;444.3841576318164;521.3198749487447;611.5753842550475;717.456725922716;841.6691823498468;987.3863981368913;1158.33146786315;1358.872060208682;1594.132014446359;1870.122253535556;2193.894364737048;2573.720768452858;3019.306079821149;3542.035062906734;4155.263512473084;4874.659497176026;5718.603679767398;6708.658946337209;7870.121340545211;9232.666380967203;10831.10727442716;12706.28439819177;14906.10877695531;17486.78621595445;20514.25336674129;24065.86241733066;28232.35745111674;33120.19296963342;38854.25382030405;45581.04601983359;53472.44000269313;62730.06193403319;73590.44528463698;86331.07429211862;101277.4737211686;118811.5260634959;139381.228686517;163512.140226203;191820.8086789974;225030.524286467;263989.7996954232;309694.0495706946;363311.0235703185;426210.642505751;499999.9999999716
1;6461506048459;50;phasez;-1.5294;-1.53139;-1.53182;-1.53345;-1.53334;-1.53375;-1.5336;-1.53388;-1.53428;-1.53458;-1.53501;-1.53528;-1.53561;-1.53588;-1.53593;-1.53646;-1.53666;-1.53692;-1.53714;-1.53733;-1.5375;-1.53759;-1.53762;-1.5376;-1.5375;-1.53733;-1.53705;-1.53666;-1.53617;-1.53554;-1.53477;-1.53381;-1.53267;-1.5313;-1.52968;-1.52777;-1.52549;-1.5228;-1.51961;-1.51584;-1.51137;-1.50608;-1.49983;-1.49242;-1.48365;-1.47327;-1.46094;-1.44626;-1.42873;-1.40765
2;6462279582671;50;absz;83713.4;74932.4;67073.9;60058.1;53765.1;48131.3;43079.3;38562.1;34514.7;30890.7;27652.5;24751.7;22156.4;19831.1;17749.6;15886.7;14219.2;12727.2;11391.3;10196;9125.33;8167.47;7309.46;6541.9;5854.64;5239.57;4689.06;4196.05;3754.9;3359.91;3006.32;2689.7;2406.26;2152.48;1925.28;1721.85;1539.63;1376.44;1230.28;1099.39;982.154;877.164;783.15;698.974;623.717;556.465;496.5;443.225;396.124;354.865
2;6462279582671;50;frequency;20000.00000002444;22385.53853899816;25055.61678390222;28044.17375656954;31389.19662092121;35133.2035329932;39323.78408414649;44014.2042055669;49264.08322518227;55140.1516811012;61717.09952482729;69078.52549602467;77317.99973512921;86540.25314108083;96862.50859274992;108415.9709538568;121347.4948009008;135821.4510731415;152021.8163702936;170154.5114554648;190450.0186878266;213166.3116533389;238592.1342356312;267050.6708003728;298903.6541519141;334555.9634717432;374460.7706856584;419125.3006744233;469117.2785435782;525072.1459047724;587701.13789258;657800.3235824071;736260.7247225839;824079.6413975459;922373.3285811875;1032391.184709951;1155531.632626961;1293359.894754076;1447627.888434013;1620296.494325686;1813560.480908265;2029876.401899315;2271993.821195295;2542990.262224833;2846310.325953354;3185809.474764127;3565803.038745301;3991121.067296888;4467169.723268114;4999999.999999929
2;6462279582671;50;phasez;-1.53916;-1.53899;-1.53891;-1.53852;-1.53819;-1.53764;-1.53709;-1.53645;-1.53569;-1.53487;-1.5339;-1.53276;-1.53152;-1.53;-1.52831;-1.52643;-1.52434;-1.52187;-1.51922;-1.51614;-1.51276;-1.50891;-1.50455;-1.49974;-1.49427;-1.48818;-1.48134;-1.47367;-1.46506;-1.45541;-1.44458;-1.43243;-1.41879;-1.40346;-1.38626;-1.36691;-1.34517;-1.3207;-1.29316;-1.26211;-1.22709;-1.18752;-1.14278;-1.09206;-1.03443;-0.968884;-0.894112;-0.808638;-0.710742;-0.598451
3;6462596360425;20;absz;17279.6;14113.1;11523.9;9411.21;7686;6275.14;5123.86;4183.01;3414.6;2786.94;2273.73;1854.19;1511.57;1231.27;1002.07;814.597;661.346;536.349;434.984;353.998
3;6462596360425;20;frequency;99999.99999990905;122862.535599424;150952.0265389597;185463.4873444638;227865.1431623047;279960.8926363817;343967.05137965;422606.6409511731;519225.2346839865;637933.2888043621;783781.0140572543;962973.2274171232;1183133.324347452;1453627.601814205;1785963.729760951;2194280.323268956;2695948.443325946;3312310.615921419;4069588.809647371;4999999.999999929
3;6462596360425;20;phasez;-1.52749;-1.52429;-1.52019;-1.51515;-1.50885;-1.501;-1.49128;-1.47925;-1.46434;-1.4459;-1.42306;-1.39478;-1.35968;-1.31608;-1.26175;-1.19381;-1.10832;-1.00011;-0.86191;-0.684105
