0;1260848620333;20;absz;2.06316e+08;1.49229e+08;1.07817e+08;7.79031e+07;5.63168e+07;4.07158e+07;2.94226e+07;2.12668e+07;1.53752e+07;1.11157e+07;8.03696e+06;5.81108e+06;4.20193e+06;3.03832e+06;2.19696e+06;1.58859e+06;1.14871e+06;830668;600712;434444
0;1260848620333;20;frequency;9.999999974752427;13.86918846435492;19.23543905490988;26.67799336109056;37.00021196095804;51.31629158938722;71.17153245417285;98.70914048804025;136.9015682683994;189.8713664161278;263.3361782500288;365.2259113806622;506.5387032487934;702.5280792305466;974.3494403835484;1351.343611730726;1874.203936580443;2599.368780806799;3605.113577052066;4999.99999995282
0;1260848620333;20;phasez;-1.55926;-1.55865;-1.55942;-1.55949;-1.55886;-1.55819;-1.55818;-1.55798;-1.55755;-1.55704;-1.55647;-1.55583;-1.55511;-1.55414;-1.55287;-1.55113;-1.54872;-1.54541;-1.54087;-1.53465
1;1261618871330;50;absz;1.04748e+07;8.93431e+06;7.62729e+06;6.51122e+06;5.55672e+06;4.75003e+06;4.04888e+06;3.45433e+06;2.94891e+06;2.51779e+06;2.14983e+06;1.83446e+06;1.56572e+06;1.33665e+06;1.14085e+06;973915;831368;709703;605896;517208;441546;376950;321819;274761;234586;200295;171024;146034;124698;106487;90936.6;77659.9;66325.2;56647.1;48382.8;41323.8;35294.7;30146;25747.2;21989.6;18779.1;16035;13689.4;11683.8;9968.43;8500.26;7243.19;6165.49;5240.71;4445.98
1;1261618871330;50;frequency;199.9999999213742;234.625769479635;275.2462588517801;322.8993264769997;378.802514688914;444.3841576318164;521.3198749487447;611.5753842550475;717.456725922716;841.6691823498468;987.3863981368913;1158.33146786315;1358.872060208682;1594.132014446359;1870.122253535556;2193.894364737048;2573.720768452858;3019.306079821149;3542.035062906734;4155.263512473084;4874.659497176026;5718.603679767398;6708.658946337209;7870.121340545211;9232.666380967203;10831.10727442716;12706.28439819177;14906.10877695531;17486.78621595445;20514.25336674129;24065.86241733066;28232.35745111674;33120.19296963342;38854.25382030405;45581.04601983359;53472.44000269313;62730.06193403319;73590.44528463698;86331.07429211862;101277.4737211686;118811.5260634959;139381.228686517;163512.140226203;191820.8086789974;225030.524286467;263989.7996954232;309694.0495706946;363311.0235703185;426210.642505751;499999.9999999716
1;1261618871330;50;phasez;-1.55633;-1.55745;-1.55782;-1.55741;-1.55691;-1.5577;-1.55746;-1.55697;-1.5573;-1.55709;-1.5571;-1.55668;-1.55646;-1.55638;-1.55598;-1.55585;-1.5556;-1.5553;-1.55489;-1.55456;-1.55416;-1.55366;-1.55316;-1.55259;-1.55193;-1.5512;-1.55037;-1.54945;-1.54842;-1.54726;-1.54593;-1.54446;-1.54278;-1.54087;-1.53871;-1.53625;-1.53343;-1.53018;-1.52644;-1.52212;-1.51711;-1.51128;-1.50449;-1.49656;-1.48727;-1.47637;-1.46353;-1.44835;-1.4303;-1.40871
2;1262388715068;50;absz;109745;98139.9;87799.8;78526.2;70256.9;62834.8;56209.1;50284.8;44974.9;40234;35989.5;32198.7;28804;25764.3;23054;20623.9;18452.1;16508.7;14771.2;13216.3;11825.1;10581.4;9467.54;8471.59;7580.25;6782.75;6068.93;5430.5;4859.09;4347.72;3890.05;3480.41;3113.78;2785.76;2492.07;2229.23;1993.94;1783.28;1594.72;1425.89;1274.78;1139.54;1018.51;910.224;813.551;727.289;650.489;582.429;522.476;470.244
2;1262388715068;50;frequency;20000.00000002444;22385.53853899816;25055.61678390222;28044.17375656954;31389.19662092121;35133.2035329932;39323.78408414649;44014.2042055669;49264.08322518227;55140.1516811012;61717.09952482729;69078.52549602467;77317.99973512921;86540.25314108083;96862.50859274992;108415.9709538568;121347.4948009008;135821.4510731415;152021.8163702936;170154.5114554648;190450.0186878266;213166.3116533389;238592.1342356312;267050.6708003728;298903.6541519141;334555.9634717432;374460.7706856584;419125.3006744233;469117.2785435782;525072.1459047724;587701.13789258;657800.3235824071;736260.7247225839;824079.6413975459;922373.3285811875;1032391.184709951;1155531.632626961;1293359.894754076;1447627.888434013;1620296.494325686;1813560.480908265;2029876.401899315;2271993.821195295;2542990.262224833;2846310.325953354;3185809.474764127;3565803.038745301;3991121.067296888;4467169.723268114;4999999.999999929
2;1262388715068;50;phasez;-1.55119;-1.55033;-1.54974;-1.54918;-1.54825;-1.54752;-1.54663;-1.54551;-1.54443;-1.54333;-1.54202;-1.54038;-1.53864;-1.53681;-1.53466;-1.53249;-1.52998;-1.52722;-1.5241;-1.52073;-1.51697;-1.51272;-1.50802;-1.50282;-1.49703;-1.49056;-1.48335;-1.47531;-1.46636;-1.45634;-1.44513;-1.43261;-1.4186;-1.4029;-1.3853;-1.36559;-1.34344;-1.3186;-1.29067;-1.25924;-1.22384;-1.18392;-1.13883;-1.08779;-1.02986;-0.964104;-0.889159;-0.803606;-0.705734;-0.593633
3;1262705010695;20;absz;22444.2;18317.7;14953.4;12200.9;9957.43;8127.42;6633.26;5414.07;4418.81;3605.95;2942.67;2400.65;1957.79;1596.12;1300.58;1059.11;861.945;701.58;571.973;469.116
3;1262705010695;20;frequency;99999.99999990905;122862.535599424;150952.0265389597;185463.4873444638;227865.1431623047;279960.8926363817;343967.05137965;422606.6409511731;519225.2346839865;637933.2888043621;783781.0140572543;962973.2274171232;1183133.324347452;1453627.601814205;1785963.729760951;2194280.323268956;2695948.443325946;3312310.615921419;4069588.809647371;4999999.999999929
3;1262705010695;20;phasez;-1.53383;-1.5299;-1.52511;-1.5194;-1.51245;-1.50393;-1.49357;-1.48085;-1.46528;-1.44619;-1.42265;-1.39365;-1.35786;-1.31355;-1.25852;-1.18993;-1.10384;-0.995192;-0.856766;-0.679178
