0;2440854619318;20;absz;1.8135e+08;1.31337e+08;9.51214e+07;6.8862e+07;4.98299e+07;3.60946e+07;2.61162e+07;1.89004e+07;1.36812e+07;9.90221e+06;7.1675e+06;5.18741e+06;3.75411e+06;2.71674e+06;1.96582e+06;1.42243e+06;1.02916e+06;744579;538644;389619
0;2440854619318;20;frequency;9.999999974752427;13.86918846435492;19.23543905490988;26.67799336109056;37.00021196095804;51.31629158938722;71.17153245417285;98.70914048804025;136.9015682683994;189.8713664161278;263.3361782500288;365.2259113806622;506.5387032487934;702.5280792305466;974.3494403835484;1351.343611730726;1874.203936580443;2599.368780806799;3605.113577052066;4999.99999995282
0;2440854619318;20;phasez;-1.54956;-1.55013;-1.55086;-1.551;-1.55109;-1.55145;-1.55158;-1.5518;-1.55171;-1.55166;-1.55159;-1.55142;-1.55116;-1.55064;-1.5498;-1.54853;-1.54667;-1.54398;-1.54017;-1.53476
1;2441622900194;50;absz;9.35041e+06;7.95207e+06;6.81217e+06;5.8151e+06;4.96368e+06;4.23706e+06;3.61432e+06;3.08957e+06;2.63782e+06;2.2523e+06;1.92288e+06;1.64206e+06;1.40219e+06;1.19708e+06;1.02223e+06;872760;745234;636283;543263;463808;395982;338081;288616;246387;210336;179556;153280;130846;111693;95340.9;81382.2;69466.8;59294.3;50611.4;43198.7;36870.4;31468.7;26856.8;22919.7;19558.1;16687.8;14236.6;12142.6;10353.7;8824.94;7517.75;6399.22;5441.61;4620.54;3915.71
1;2441622900194;50;frequency;199.9999999213742;234.625769479635;275.2462588517801;322.8993264769997;378.802514688914;444.3841576318164;521.3198749487447;611.5753842550475;717.456725922716;841.6691823498468;987.3863981368913;1158.33146786315;1358.872060208682;1594.132014446359;1870.122253535556;2193.894364737048;2573.720768452858;3019.306079821149;3542.035062906734;4155.263512473084;4874.659497176026;5718.603679767398;6708.658946337209;7870.121340545211;9232.666380967203;10831.10727442716;12706.28439819177;14906.10877695531;17486.78621595445;20514.25336674129;24065.86241733066;28232.35745111674;33120.19296963342;38854.25382030405;45581.04601983359;53472.44000269313;62730.06193403319;73590.44528463698;86331.07429211862;101277.4737211686;118811.5260634959;139381.228686517;163512.140226203;191820.8086789974;225030.524286467;263989.7996954232;309694.0495706946;363311.0235703185;426210.642505751;499999.9999999716
1;2441622900194;50;phasez;-1.55473;-1.5516;-1.55114;-1.55187;-1.55278;-1.55272;-1.55357;-1.5534;-1.55378;-1.55323;-1.55366;-1.55392;-1.55394;-1.554;-1.55407;-1.55407;-1.55409;-1.55417;-1.5542;-1.55425;-1.55415;-1.55413;-1.55404;-1.55387;-1.55368;-1.55341;-1.55305;-1.55258;-1.552;-1.55128;-1.5504;-1.54936;-1.5481;-1.5466;-1.54484;-1.54276;-1.5403;-1.5374;-1.53399;-1.52997;-1.52524;-1.51967;-1.51311;-1.50539;-1.49629;-1.48554;-1.47283;-1.45775;-1.43978;-1.41826
2;2442391369034;50;absz;98256;87847.8;78553.2;70236;62816.8;56154.3;50212.5;44899.6;40143.2;35893.1;32088.6;28691.2;25650.7;22936.8;20506.4;18336.5;16395;14659.3;13108.2;11719.3;10478.8;9370;8377.85;7490.78;6697.75;5988.87;5354.95;4787.97;4281.01;3827.48;3422;3059.44;2735.11;2445;2185.55;1953.44;1745.81;1560.05;1393.87;1245.19;1112.16;993.164;886.712;791.514;706.548;630.697;563.166;503.276;450.451;404.336
2;2442391369034;50;frequency;20000.00000002444;22385.53853899816;25055.61678390222;28044.17375656954;31389.19662092121;35133.2035329932;39323.78408414649;44014.2042055669;49264.08322518227;55140.1516811012;61717.09952482729;69078.52549602467;77317.99973512921;86540.25314108083;96862.50859274992;108415.9709538568;121347.4948009008;135821.4510731415;152021.8163702936;170154.5114554648;190450.0186878266;213166.3116533389;238592.1342356312;267050.6708003728;298903.6541519141;334555.9634717432;374460.7706856584;419125.3006744233;469117.2785435782;525072.1459047724;587701.13789258;657800.3235824071;736260.7247225839;824079.6413975459;922373.3285811875;1032391.184709951;1155531.632626961;1293359.894754076;1447627.888434013;1620296.494325686;1813560.480908265;2029876.401899315;2271993.821195295;2542990.262224833;2846310.325953354;3185809.474764127;3565803.038745301;3991121.067296888;4467169.723268114;4999999.999999929
2;2442391369034;50;phasez;-1.55468;-1.55452;-1.55449;-1.55396;-1.55335;-1.55302;-1.5523;-1.5515;-1.55075;-1.54981;-1.54877;-1.54732;-1.54602;-1.54439;-1.54262;-1.54048;-1.5382;-1.5355;-1.53265;-1.52942;-1.52573;-1.52164;-1.51706;-1.51198;-1.50626;-1.49987;-1.49275;-1.48478;-1.47586;-1.46588;-1.45469;-1.4422;-1.42817;-1.41246;-1.39486;-1.3751;-1.35294;-1.32804;-1.30004;-1.26854;-1.23306;-1.19305;-1.14786;-1.09669;-1.03862;-0.972713;-0.897567;-0.811784;-0.713618;-0.601152
3;2442706785258;20;absz;19960.7;16273.5;13265.1;10810.9;8812.9;7184.27;5855.53;4773.28;3890.12;3170.5;2583.45;2104.49;1713.77;1395;1134.74;922.341;749.039;608.056;494.051;403.349
3;2442706785258;20;frequency;99999.99999990905;122862.535599424;150952.0265389597;185463.4873444638;227865.1431623047;279960.8926363817;343967.05137965;422606.6409511731;519225.2346839865;637933.2888043621;783781.0140572543;962973.2274171232;1183133.324347452;1453627.601814205;1785963.729760951;2194280.323268956;2695948.443325946;3312310.615921419;4069588.809647371;4999999.999999929
3;2442706785258;20;phasez;-1.5417;-1.53813;-1.53364;-1.52819;-1.52145;-1.51314;-1.50294;-1.49035;-1.47486;-1.45576;-1.43224;-1.4032;-1.36735;-1.32294;-1.26779;-1.19902;-1.11273;-1.00378;-0.864962;-0.686775
