0;1453323320648;20;absz;2.01955e+08;1.46004e+08;1.05608e+08;7.62966e+07;5.51536e+07;3.98781e+07;2.87974e+07;2.08121e+07;1.504e+07;1.08703e+07;7.85726e+06;5.67955e+06;4.10552e+06;2.96771e+06;2.14523e+06;1.55075e+06;1.12104e+06;810432;585919;423624
0;1453323320648;20;frequency;9.999999974752427;13.86918846435492;19.23543905490988;26.67799336109056;37.00021196095804;51.31629158938722;71.17153245417285;98.70914048804025;136.9015682683994;189.8713664161278;263.3361782500288;365.2259113806622;506.5387032487934;702.5280792305466;974.3494403835484;1351.343611730726;1874.203936580443;2599.368780806799;3605.113577052066;4999.99999995282
0;1453323320648;20;phasez;-1.55884;-1.559;-1.55889;-1.55921;-1.55928;-1.55927;-1.55905;-1.55891;-1.55861;-1.55826;-1.55776;-1.55717;-1.55645;-1.55551;-1.55424;-1.55249;-1.55012;-1.54684;-1.54233;-1.53618
1;1454091483919;50;absz;1.01996e+07;8.71917e+06;7.46493e+06;6.37023e+06;5.42214e+06;4.63671e+06;3.95917e+06;3.37528e+06;2.8822e+06;2.45803e+06;2.09917e+06;1.79104e+06;1.52848e+06;1.30471e+06;1.11339e+06;950386;811155;692300;590941;504388;430545;367514;313711;267800;228611;195160;166607;142234;121435;103681;88521.4;75582;64536.5;55106.7;47056.3;40182.8;34312.5;29300.3;25019.3;21362.9;18240.1;15571.3;13290.9;11341.4;9674.2;8247.81;7026.6;5980.09;5082.31;4310.81
1;1454091483919;50;frequency;199.9999999213742;234.625769479635;275.2462588517801;322.8993264769997;378.802514688914;444.3841576318164;521.3198749487447;611.5753842550475;717.456725922716;841.6691823498468;987.3863981368913;1158.33146786315;1358.872060208682;1594.132014446359;1870.122253535556;2193.894364737048;2573.720768452858;3019.306079821149;3542.035062906734;4155.263512473084;4874.659497176026;5718.603679767398;6708.658946337209;7870.121340545211;9232.666380967203;10831.10727442716;12706.28439819177;14906.10877695531;17486.78621595445;20514.25336674129;24065.86241733066;28232.35745111674;33120.19296963342;38854.25382030405;45581.04601983359;53472.44000269313;62730.06193403319;73590.44528463698;86331.07429211862;101277.4737211686;118811.5260634959;139381.228686517;163512.140226203;191820.8086789974;225030.524286467;263989.7996954232;309694.0495706946;363311.0235703185;426210.642505751;499999.9999999716
1;1454091483919;50;phasez;-1.55864;-1.55694;-1.55812;-1.55742;-1.55984;-1.55876;-1.55855;-1.55794;-1.55886;-1.55832;-1.558;-1.5579;-1.55768;-1.55764;-1.55743;-1.55726;-1.55701;-1.55675;-1.55643;-1.55605;-1.55569;-1.55523;-1.55474;-1.55418;-1.5536;-1.5529;-1.55212;-1.55123;-1.55024;-1.54911;-1.54783;-1.54638;-1.54473;-1.54284;-1.5407;-1.53825;-1.53543;-1.53219;-1.52844;-1.5241;-1.51907;-1.51321;-1.50639;-1.49841;-1.48907;-1.4781;-1.46519;-1.44991;-1.43178;-1.4101
2;1454858139691;50;absz;106855;95540.7;85466.7;76428.5;68356.5;61129.1;54666.2;48899.7;43739.6;39123.5;34993.2;31294.7;27991.1;25036;22396.9;20033.4;17920.4;16031.6;14342.3;12830.1;11478.2;10269;9186.69;8219.07;7353.33;6578.78;5885.95;5266.13;4711.36;4215;3770.96;3373.58;3017.93;2699.71;2414.9;2159.96;1931.81;1727.6;1544.8;1381.15;1234.64;1103.55;986.217;881.262;787.551;703.906;629.442;563.433;505.265;454.565
2;1454858139691;50;frequency;20000.00000002444;22385.53853899816;25055.61678390222;28044.17375656954;31389.19662092121;35133.2035329932;39323.78408414649;44014.2042055669;49264.08322518227;55140.1516811012;61717.09952482729;69078.52549602467;77317.99973512921;86540.25314108083;96862.50859274992;108415.9709538568;121347.4948009008;135821.4510731415;152021.8163702936;170154.5114554648;190450.0186878266;213166.3116533389;238592.1342356312;267050.6708003728;298903.6541519141;334555.9634717432;374460.7706856584;419125.3006744233;469117.2785435782;525072.1459047724;587701.13789258;657800.3235824071;736260.7247225839;824079.6413975459;922373.3285811875;1032391.184709951;1155531.632626961;1293359.894754076;1447627.888434013;1620296.494325686;1813560.480908265;2029876.401899315;2271993.821195295;2542990.262224833;2846310.325953354;3185809.474764127;3565803.038745301;3991121.067296888;4467169.723268114;4999999.999999929
2;1454858139691;50;phasez;-1.55259;-1.55229;-1.55172;-1.55098;-1.55039;-1.54944;-1.5485;-1.54755;-1.54636;-1.5452;-1.54393;-1.54232;-1.54062;-1.53888;-1.53675;-1.53444;-1.53192;-1.52924;-1.52605;-1.52259;-1.51877;-1.51452;-1.50979;-1.50453;-1.49868;-1.49218;-1.48491;-1.47681;-1.4678;-1.45771;-1.44643;-1.43384;-1.41975;-1.40397;-1.38632;-1.3665;-1.34432;-1.3194;-1.29139;-1.2599;-1.22444;-1.18445;-1.13929;-1.08821;-1.03019;-0.964362;-0.889342;-0.803698;-0.705732;-0.593533
3;1455175322749;20;absz;21801.8;17791.1;14517.6;11842.8;9662.41;7884.77;6433.45;5249.78;4283.7;3495.29;2851.83;2326.11;1896.66;1546.11;1259.6;1025.55;834.474;678.968;553.259;453.46
3;1455175322749;20;frequency;99999.99999990905;122862.535599424;150952.0265389597;185463.4873444638;227865.1431623047;279960.8926363817;343967.05137965;422606.6409511731;519225.2346839865;637933.2888043621;783781.0140572543;962973.2274171232;1183133.324347452;1453627.601814205;1785963.729760951;2194280.323268956;2695948.443325946;3312310.615921419;4069588.809647371;4999999.999999929
3;1455175322749;20;phasez;-1.5358;-1.53188;-1.5271;-1.52129;-1.51424;-1.50565;-1.49519;-1.48238;-1.46668;-1.44743;-1.42376;-1.39464;-1.35871;-1.31428;-1.25914;-1.19043;-1.10421;-0.995443;-0.856873;-0.679085
