0;5947507316531;20;absz;1.41992e+08;1.03301e+08;7.52455e+07;5.47517e+07;3.98376e+07;2.89773e+07;2.10692e+07;1.53198e+07;1.11361e+07;8.09343e+06;5.88192e+06;4.27411e+06;3.10523e+06;2.25573e+06;1.63838e+06;1.18979e+06;863933;627209;455273;330410
0;5947507316531;20;frequency;9.999999974752427;13.86918846435492;19.23543905490988;26.67799336109056;37.00021196095804;51.31629158938722;71.17153245417285;98.70914048804025;136.9015682683994;189.8713664161278;263.3361782500288;365.2259113806622;506.5387032487934;702.5280792305466;974.3494403835484;1351.343611730726;1874.203936580443;2599.368780806799;3605.113577052066;4999.99999995282
0;5947507316531;20;phasez;-1.52004;-1.52235;-1.52353;-1.52507;-1.52686;-1.52757;-1.52904;-1.53;-1.53072;-1.53142;-1.5319;-1.53223;-1.53238;-1.53229;-1.53191;-1.53105;-1.52958;-1.52726;-1.52377;-1.51866
1;5948275563175;50;absz;7.64323e+06;6.53933e+06;5.58132e+06;4.78257e+06;4.08936e+06;3.49897e+06;2.99309e+06;2.56101e+06;2.19088e+06;1.87353e+06;1.60266e+06;1.37149e+06;1.17284e+06;1.00348e+06;858189;733913;627730;536827;459087;392617;335751;287105;245495;209916;179487;153460;131208;112175;95903.2;81991;70095.7;59923.5;51226.5;43790.7;37434.1;31998.9;27350.9;23376.9;19979;17073.3;14588;12462.5;10644;9088.02;7756.16;6615.77;5638.55;4800.53;4080.98;3462.24
1;5948275563175;50;frequency;199.9999999213742;234.625769479635;275.2462588517801;322.8993264769997;378.802514688914;444.3841576318164;521.3198749487447;611.5753842550475;717.456725922716;841.6691823498468;987.3863981368913;1158.33146786315;1358.872060208682;1594.132014446359;1870.122253535556;2193.894364737048;2573.720768452858;3019.306079821149;3542.035062906734;4155.263512473084;4874.659497176026;5718.603679767398;6708.658946337209;7870.121340545211;9232.666380967203;10831.10727442716;12706.28439819177;14906.10877695531;17486.78621595445;20514.25336674129;24065.86241733066;28232.35745111674;33120.19296963342;38854.25382030405;45581.04601983359;53472.44000269313;62730.06193403319;73590.44528463698;86331.07429211862;101277.4737211686;118811.5260634959;139381.228686517;163512.140226203;191820.8086789974;225030.524286467;263989.7996954232;309694.0495706946;363311.0235703185;426210.642505751;499999.9999999716
1;5948275563175;50;phasez;-1.53143;-1.53327;-1.53356;-1.534;-1.53434;-1.53426;-1.53455;-1.53479;-1.53515;-1.53543;-1.53596;-1.5361;-1.53633;-1.53671;-1.53681;-1.53724;-1.53739;-1.53759;-1.53776;-1.53793;-1.53805;-1.53814;-1.53819;-1.53815;-1.53808;-1.53791;-1.53765;-1.5373;-1.53682;-1.5362;-1.53546;-1.53454;-1.53341;-1.53206;-1.53044;-1.52853;-1.52625;-1.52355;-1.52035;-1.51655;-1.51207;-1.50677;-1.5005;-1.49308;-1.48431;-1.47392;-1.46159;-1.44692;-1.42939;-1.40833
2;5949048453942;50;absz;84467.5;75639.2;67680.2;60586.3;54222.4;48539.5;43448.2;38891.4;34810.6;31155;27883.5;24959;22337.9;19992.3;17894.4;16016;14335.2;12829.1;11482.3;10276.5;9197.33;8231.31;7366.7;6592.65;5899.89;5279.95;4724.96;4228.06;3783.32;3385.13;3028.82;2709.72;2424.04;2168.32;1939.33;1734.31;1550.71;1386.29;1239.03;1107.16;989.063;883.308;788.6;703.809;628.023;560.313;499.927;446.283;398.866;357.336
2;5949048453942;50;frequency;20000.00000002444;22385.53853899816;25055.61678390222;28044.17375656954;31389.19662092121;35133.2035329932;39323.78408414649;44014.2042055669;49264.08322518227;55140.1516811012;61717.09952482729;69078.52549602467;77317.99973512921;86540.25314108083;96862.50859274992;108415.9709538568;121347.4948009008;135821.4510731415;152021.8163702936;170154.5114554648;190450.0186878266;213166.3116533389;238592.1342356312;267050.6708003728;298903.6541519141;334555.9634717432;374460.7706856584;419125.3006744233;469117.2785435782;525072.1459047724;587701.13789258;657800.3235824071;736260.7247225839;824079.6413975459;922373.3285811875;1032391.184709951;1155531.632626961;1293359.894754076;1447627.888434013;1620296.494325686;1813560.480908265;2029876.401899315;2271993.821195295;2542990.262224833;2846310.325953354;3185809.474764127;3565803.038745301;3991121.067296888;4467169.723268114;4999999.999999929
2;5949048453942;50;phasez;-1.53976;-1.53995;-1.53969;-1.53928;-1.53878;-1.53834;-1.53796;-1.53727;-1.53641;-1.53569;-1.53463;-1.53348;-1.5322;-1.53071;-1.52911;-1.52716;-1.52505;-1.52259;-1.51988;-1.51684;-1.51338;-1.50954;-1.50521;-1.50037;-1.49493;-1.48883;-1.48199;-1.47434;-1.46573;-1.45609;-1.44527;-1.43314;-1.4195;-1.4042;-1.38699;-1.36766;-1.34593;-1.32148;-1.29394;-1.26291;-1.2279;-1.18835;-1.14362;-1.09289;-1.0353;-0.969803;-0.895058;-0.809629;-0.711778;-0.599517
3;5949366973079;20;absz;17420.2;14227.1;11616;9484.74;7745.79;6323.48;5163.01;4214.69;3440.2;2807.57;2290.37;1867.64;1522.4;1239.98;1009.08;820.241;665.883;540.025;437.976;356.445
3;5949366973079;20;frequency;99999.99999990905;122862.535599424;150952.0265389597;185463.4873444638;227865.1431623047;279960.8926363817;343967.05137965;422606.6409511731;519225.2346839865;637933.2888043621;783781.0140572543;962973.2274171232;1183133.324347452;1453627.601814205;1785963.729760951;2194280.323268956;2695948.443325946;3312310.615921419;4069588.809647371;4999999.999999929
3;5949366973079;20;phasez;-1.52825;-1.52494;-1.5209;-1.51582;-1.50951;-1.50164;-1.49195;-1.47992;-1.46504;-1.44662;-1.42378;-1.3955;-1.36043;-1.31687;-1.26257;-1.19466;-1.10921;-1.00105;-0.86292;-0.685215
