0;2279087874508;20;absz;1.84355e+08;1.33397e+08;9.66095e+07;6.9915e+07;5.06092e+07;3.66369e+07;2.65061e+07;1.91818e+07;1.38813e+07;1.00458e+07;7.26987e+06;5.26106e+06;3.80706e+06;2.75453e+06;1.99291e+06;1.44173e+06;1.04288e+06;754287;545487;394434
0;2279087874508;20;frequency;9.999999974752427;13.86918846435492;19.23543905490988;26.67799336109056;37.00021196095804;51.31629158938722;71.17153245417285;98.70914048804025;136.9015682683994;189.8713664161278;263.3361782500288;365.2259113806622;506.5387032487934;702.5280792305466;974.3494403835484;1351.343611730726;1874.203936580443;2599.368780806799;3605.113577052066;4999.99999995282
0;2279087874508;20;phasez;-1.55135;-1.55175;-1.55223;-1.55226;-1.55225;-1.55285;-1.55266;-1.55261;-1.55261;-1.55247;-1.55243;-1.55225;-1.55198;-1.5515;-1.55075;-1.54961;-1.54785;-1.54526;-1.54151;-1.53611
1;2279856775436;50;absz;9.46375e+06;8.08225e+06;6.89667e+06;5.88864e+06;5.03043e+06;4.29532e+06;3.66646e+06;3.13262e+06;2.67441e+06;2.28397e+06;1.94981e+06;1.66443e+06;1.42117e+06;1.2131e+06;1.03587e+06;884380;754942;644443;550160;469630;400884;342196;292088;249316;212803;181632;155030;132319;112935;96391;82269.1;70217.3;59930;51150.3;43656.2;37260;31800.2;27139.2;23160.1;19763.2;16863;14386.2;12270.4;10463.1;8918.46;7597.68;6467.87;5500.21;4670.72;3958.6
1;2279856775436;50;frequency;199.9999999213742;234.625769479635;275.2462588517801;322.8993264769997;378.802514688914;444.3841576318164;521.3198749487447;611.5753842550475;717.456725922716;841.6691823498468;987.3863981368913;1158.33146786315;1358.872060208682;1594.132014446359;1870.122253535556;2193.894364737048;2573.720768452858;3019.306079821149;3542.035062906734;4155.263512473084;4874.659497176026;5718.603679767398;6708.658946337209;7870.121340545211;9232.666380967203;10831.10727442716;12706.28439819177;14906.10877695531;17486.78621595445;20514.25336674129;24065.86241733066;28232.35745111674;33120.19296963342;38854.25382030405;45581.04601983359;53472.44000269313;62730.06193403319;73590.44528463698;86331.07429211862;101277.4737211686;118811.5260634959;139381.228686517;163512.140226203;191820.8086789974;225030.524286467;263989.7996954232;309694.0495706946;363311.0235703185;426210.642505751;499999.9999999716
1;2279856775436;50;phasez;-1.55625;-1.55411;-1.55408;-1.55408;-1.55466;-1.55383;-1.55437;-1.55424;-1.55452;-1.55477;-1.5545;-1.55473;-1.55478;-1.55504;-1.5552;-1.55531;-1.55535;-1.55546;-1.5555;-1.55554;-1.55553;-1.55547;-1.55538;-1.55519;-1.55496;-1.55461;-1.55421;-1.55367;-1.55302;-1.55221;-1.55126;-1.55012;-1.54878;-1.54719;-1.54532;-1.54314;-1.54059;-1.5376;-1.53409;-1.52998;-1.52516;-1.5195;-1.51286;-1.50506;-1.49589;-1.48506;-1.47228;-1.45713;-1.4391;-1.41751
2;2280624880657;50;absz;99345;88829.1;79402.7;71000.5;63485.9;56761.3;50751.4;45368.8;40574.1;36266.7;32429.2;28991.2;25922.8;23177.1;20722.3;18528;16567.2;14813.4;13245.5;11843.6;10589.8;9469.38;8467.07;7571.11;6769.74;6053.49;5412.94;4840.18;4327.76;3869.6;3459.9;3093.47;2765.74;2472.6;2210.4;1975.76;1765.92;1578.16;1410.18;1259.88;1125.4;1005.11;897.506;801.246;715.325;638.66;570.382;509.839;456.444;409.838
2;2280624880657;50;frequency;20000.00000002444;22385.53853899816;25055.61678390222;28044.17375656954;31389.19662092121;35133.2035329932;39323.78408414649;44014.2042055669;49264.08322518227;55140.1516811012;61717.09952482729;69078.52549602467;77317.99973512921;86540.25314108083;96862.50859274992;108415.9709538568;121347.4948009008;135821.4510731415;152021.8163702936;170154.5114554648;190450.0186878266;213166.3116533389;238592.1342356312;267050.6708003728;298903.6541519141;334555.9634717432;374460.7706856584;419125.3006744233;469117.2785435782;525072.1459047724;587701.13789258;657800.3235824071;736260.7247225839;824079.6413975459;922373.3285811875;1032391.184709951;1155531.632626961;1293359.894754076;1447627.888434013;1620296.494325686;1813560.480908265;2029876.401899315;2271993.821195295;2542990.262224833;2846310.325953354;3185809.474764127;3565803.038745301;3991121.067296888;4467169.723268114;4999999.999999929
2;2280624880657;50;phasez;-1.55592;-1.55558;-1.55517;-1.55502;-1.55423;-1.55364;-1.5529;-1.55213;-1.55124;-1.55028;-1.54893;-1.54769;-1.54618;-1.54442;-1.54252;-1.54043;-1.53806;-1.53542;-1.53244;-1.52912;-1.52545;-1.52127;-1.51664;-1.51148;-1.50572;-1.49931;-1.49215;-1.48413;-1.47515;-1.46511;-1.4539;-1.44135;-1.42728;-1.41156;-1.39389;-1.37412;-1.35191;-1.32697;-1.29895;-1.26742;-1.23191;-1.19186;-1.14664;-1.09544;-1.03736;-0.97141;-0.896247;-0.810426;-0.712242;-0.599747
3;2280941136683;20;absz;20167.9;16442.5;13405.3;10925;8905.96;7261.01;5918.55;4824.89;3932.72;3205.61;2612.37;2128.38;1733.45;1411.31;1148.2;933.494;758.304;615.752;500.505;408.843
3;2280941136683;20;frequency;99999.99999990905;122862.535599424;150952.0265389597;185463.4873444638;227865.1431623047;279960.8926363817;343967.05137965;422606.6409511731;519225.2346839865;637933.2888043621;783781.0140572543;962973.2274171232;1183133.324347452;1453627.601814205;1785963.729760951;2194280.323268956;2695948.443325946;3312310.615921419;4069588.809647371;4999999.999999929
3;2280941136683;20;phasez;-1.54163;-1.53803;-1.53345;-1.5279;-1.52106;-1.51265;-1.50235;-1.48968;-1.47409;-1.45494;-1.43134;-1.40224;-1.36631;-1.32185;-1.26664;-1.19782;-1.11147;-1.00247;-0.863601;-0.685387
