0;9281488078541;20;absz;1.364e+08;9.94266e+07;7.24551e+07;5.27779e+07;3.84241e+07;2.79696e+07;2.03567e+07;1.48087e+07;1.0772e+07;7.83322e+06;5.69523e+06;4.14018e+06;3.00907e+06;2.18668e+06;1.58881e+06;1.1542e+06;838407;608902;442158;321019
0;9281488078541;20;frequency;9.999999974752427;13.86918846435492;19.23543905490988;26.67799336109056;37.00021196095804;51.31629158938722;71.17153245417285;98.70914048804025;136.9015682683994;189.8713664161278;263.3361782500288;365.2259113806622;506.5387032487934;702.5280792305466;974.3494403835484;1351.343611730726;1874.203936580443;2599.368780806799;3605.113577052066;4999.99999995282
0;9281488078541;20;phasez;-1.51151;-1.51495;-1.51724;-1.51958;-1.52182;-1.52324;-1.52507;-1.52653;-1.52768;-1.52864;-1.52937;-1.52993;-1.53025;-1.53028;-1.52994;-1.52911;-1.52765;-1.52533;-1.52182;-1.51668
1;9282256189039;50;absz;7.37481e+06;6.32542e+06;5.41125e+06;4.62684e+06;3.9667e+06;3.39028e+06;2.90154e+06;2.482e+06;2.12383e+06;1.81696e+06;1.55456e+06;1.33007e+06;1.13799e+06;973469;832702;712410;609394;521237;445870;381373;326188;278999;238606;204064;174519;149246;127634;109146;93335.5;79813.4;68248.1;58358.1;49901.7;42669.1;36483.8;31194;26670;22800.2;19491.1;16660.3;14238.7;12166.7;10393.8;8876.01;7576.73;6463.94;5510.09;4691.96;3989.36;3385.17
1;9282256189039;50;frequency;199.9999999213742;234.625769479635;275.2462588517801;322.8993264769997;378.802514688914;444.3841576318164;521.3198749487447;611.5753842550475;717.456725922716;841.6691823498468;987.3863981368913;1158.33146786315;1358.872060208682;1594.132014446359;1870.122253535556;2193.894364737048;2573.720768452858;3019.306079821149;3542.035062906734;4155.263512473084;4874.659497176026;5718.603679767398;6708.658946337209;7870.121340545211;9232.666380967203;10831.10727442716;12706.28439819177;14906.10877695531;17486.78621595445;20514.25336674129;24065.86241733066;28232.35745111674;33120.19296963342;38854.25382030405;45581.04601983359;53472.44000269313;62730.06193403319;73590.44528463698;86331.07429211862;101277.4737211686;118811.5260634959;139381.228686517;163512.140226203;191820.8086789974;225030.524286467;263989.7996954232;309694.0495706946;363311.0235703185;426210.642505751;499999.9999999716
1;9282256189039;50;phasez;-1.53002;-1.52828;-1.53065;-1.53158;-1.53213;-1.53189;-1.53271;-1.53285;-1.53304;-1.5335;-1.53404;-1.53421;-1.53447;-1.53481;-1.53497;-1.5352;-1.53542;-1.53563;-1.53579;-1.53598;-1.53608;-1.53613;-1.53613;-1.53608;-1.53596;-1.53576;-1.53549;-1.5351;-1.53461;-1.53398;-1.5332;-1.53226;-1.53112;-1.52975;-1.52812;-1.52621;-1.52393;-1.52124;-1.51805;-1.51428;-1.50982;-1.50455;-1.4983;-1.49091;-1.48216;-1.47177;-1.45944;-1.44475;-1.42719;-1.40609
2;9283023566020;50;absz;82209.6;73612.3;65900.8;58993;52805.7;47286.2;42327.2;37901.3;33923.6;30372.9;27186.2;24337.2;21787.9;19501.9;17458.4;15628.4;13990.4;12523.1;11209.4;10034.3;8981.95;8039.58;7196.02;6440.88;5764.97;5159.85;4618;4133.01;3698.71;3309.96;2961.91;2650.22;2371.2;2121.35;1897.6;1697.26;1517.82;1357.1;1213.13;1084.17;968.655;865.202;772.537;689.553;615.374;549.051;489.902;437.341;390.858;350.115
2;9283023566020;50;frequency;20000.00000002444;22385.53853899816;25055.61678390222;28044.17375656954;31389.19662092121;35133.2035329932;39323.78408414649;44014.2042055669;49264.08322518227;55140.1516811012;61717.09952482729;69078.52549602467;77317.99973512921;86540.25314108083;96862.50859274992;108415.9709538568;121347.4948009008;135821.4510731415;152021.8163702936;170154.5114554648;190450.0186878266;213166.3116533389;238592.1342356312;267050.6708003728;298903.6541519141;334555.9634717432;374460.7706856584;419125.3006744233;469117.2785435782;525072.1459047724;587701.13789258;657800.3235824071;736260.7247225839;824079.6413975459;922373.3285811875;1032391.184709951;1155531.632626961;1293359.894754076;1447627.888434013;1620296.494325686;1813560.480908265;2029876.401899315;2271993.821195295;2542990.262224833;2846310.325953354;3185809.474764127;3565803.038745301;3991121.067296888;4467169.723268114;4999999.999999929
2;9283023566020;50;phasez;-1.53795;-1.53743;-1.53721;-1.53688;-1.5366;-1.53608;-1.53553;-1.535;-1.53421;-1.53321;-1.53235;-1.53129;-1.52993;-1.52846;-1.52679;-1.52488;-1.52275;-1.52033;-1.51769;-1.51462;-1.51124;-1.50737;-1.50307;-1.49823;-1.49277;-1.48667;-1.47983;-1.47214;-1.46353;-1.45384;-1.44299;-1.43081;-1.41713;-1.40178;-1.38453;-1.36517;-1.34338;-1.31887;-1.29128;-1.26019;-1.22512;-1.18551;-1.14073;-1.08994;-1.03225;-0.966674;-0.891826;-0.806272;-0.708272;-0.595841
3;9283340924582;20;absz;16991.2;13881.4;11338;9260.73;7564.81;6177.37;5044.95;4119.25;3363.16;2745.4;2240.28;1827.35;1490;1213.93;988.168;803.45;652.388;529.155;429.155;349.212
3;9283340924582;20;frequency;99999.99999990905;122862.535599424;150952.0265389597;185463.4873444638;227865.1431623047;279960.8926363817;343967.05137965;422606.6409511731;519225.2346839865;637933.2888043621;783781.0140572543;962973.2274171232;1183133.324347452;1453627.601814205;1785963.729760951;2194280.323268956;2695948.443325946;3312310.615921419;4069588.809647371;4999999.999999929
3;9283340924582;20;phasez;-1.52591;-1.52273;-1.51873;-1.51365;-1.50735;-1.49955;-1.4898;-1.47773;-1.46279;-1.44429;-1.42139;-1.39304;-1.35788;-1.3142;-1.2598;-1.19177;-1.10619;-0.99787;-0.859514;-0.681491
