0;1135315835303;20;absz;2.09983e+08;1.51681e+08;1.09667e+08;7.93084e+07;5.73291e+07;4.14466e+07;2.99555e+07;2.16557e+07;1.56559e+07;1.13204e+07;8.18548e+06;5.91917e+06;4.28039e+06;3.09563e+06;2.23898e+06;1.61939e+06;1.17133e+06;847279;612913;443405
0;1135315835303;20;frequency;9.999999974752427;13.86918846435492;19.23543905490988;26.67799336109056;37.00021196095804;51.31629158938722;71.17153245417285;98.70914048804025;136.9015682683994;189.8713664161278;263.3361782500288;365.2259113806622;506.5387032487934;702.5280792305466;974.3494403835484;1351.343611730726;1874.203936580443;2599.368780806799;3605.113577052066;4999.99999995282
0;1135315835303;20;phasez;-1.55929;-1.55879;-1.55919;-1.55828;-1.5581;-1.55729;-1.5575;-1.55722;-1.55687;-1.55641;-1.55584;-1.55514;-1.55427;-1.5532;-1.55179;-1.54994;-1.54746;-1.54409;-1.53951;-1.53327
1;1136085489126;50;absz;1.06774e+07;9.09057e+06;7.75155e+06;6.63366e+06;5.66245e+06;4.83116e+06;4.12002e+06;3.52063e+06;3.00533e+06;2.56566e+06;2.18961e+06;1.87042e+06;1.59591e+06;1.36253e+06;1.16351e+06;993256;847920;724004;618101;527741;450612;384764;328541;280532;239555;204564;174696;149193;127418;108821;92945.3;79386.3;67808.2;57920.1;49475.6;42262;36100.1;30836.6;26339.3;22496.7;19213.3;16406.9;14007.7;11955.8;10200.6;8698.67;7412.26;6309.66;5363.35;4549.98
1;1136085489126;50;frequency;199.9999999213742;234.625769479635;275.2462588517801;322.8993264769997;378.802514688914;444.3841576318164;521.3198749487447;611.5753842550475;717.456725922716;841.6691823498468;987.3863981368913;1158.33146786315;1358.872060208682;1594.132014446359;1870.122253535556;2193.894364737048;2573.720768452858;3019.306079821149;3542.035062906734;4155.263512473084;4874.659497176026;5718.603679767398;6708.658946337209;7870.121340545211;9232.666380967203;10831.10727442716;12706.28439819177;14906.10877695531;17486.78621595445;20514.25336674129;24065.86241733066;28232.35745111674;33120.19296963342;38854.25382030405;45581.04601983359;53472.44000269313;62730.06193403319;73590.44528463698;86331.07429211862;101277.4737211686;118811.5260634959;139381.228686517;163512.140226203;191820.8086789974;225030.524286467;263989.7996954232;309694.0495706946;363311.0235703185;426210.642505751;499999.9999999716
1;1136085489126;50;phasez;-1.55287;-1.55735;-1.55488;-1.55506;-1.55697;-1.55567;-1.55697;-1.55582;-1.55579;-1.55621;-1.5556;-1.5556;-1.55532;-1.55509;-1.55478;-1.55459;-1.55428;-1.55399;-1.55361;-1.55319;-1.55277;-1.55232;-1.55179;-1.55121;-1.55058;-1.54985;-1.54905;-1.54815;-1.54713;-1.546;-1.54473;-1.54329;-1.54166;-1.53981;-1.53771;-1.53531;-1.53256;-1.52939;-1.52572;-1.52146;-1.51651;-1.51075;-1.50402;-1.49615;-1.48691;-1.47606;-1.46326;-1.44812;-1.43011;-1.40855
2;1136855620500;50;absz;112192;100298;89760.4;80292.2;71822.7;64254.5;57471.1;51410.2;45997.9;41147.5;36809.4;32934;29466.2;26360.9;23580.5;21099.4;18877.5;16891.7;15114.2;13523.2;12100;10827.4;9688.08;8668.79;7756.55;6940.72;6210.53;5557.21;4972.47;4449.25;3981.01;3561.84;3186.67;2850.98;2550.46;2281.43;2040.64;1825.14;1632.17;1459.44;1304.81;1166.43;1042.58;931.786;832.913;744.682;666.133;596.535;535.255;481.877
2;1136855620500;50;frequency;20000.00000002444;22385.53853899816;25055.61678390222;28044.17375656954;31389.19662092121;35133.2035329932;39323.78408414649;44014.2042055669;49264.08322518227;55140.1516811012;61717.09952482729;69078.52549602467;77317.99973512921;86540.25314108083;96862.50859274992;108415.9709538568;121347.4948009008;135821.4510731415;152021.8163702936;170154.5114554648;190450.0186878266;213166.3116533389;238592.1342356312;267050.6708003728;298903.6541519141;334555.9634717432;374460.7706856584;419125.3006744233;469117.2785435782;525072.1459047724;587701.13789258;657800.3235824071;736260.7247225839;824079.6413975459;922373.3285811875;1032391.184709951;1155531.632626961;1293359.894754076;1447627.888434013;1620296.494325686;1813560.480908265;2029876.401899315;2271993.821195295;2542990.262224833;2846310.325953354;3185809.474764127;3565803.038745301;3991121.067296888;4467169.723268114;4999999.999999929
2;1136855620500;50;phasez;-1.54953;-1.54914;-1.54858;-1.54804;-1.54709;-1.54632;-1.54545;-1.54453;-1.54343;-1.54231;-1.54109;-1.53948;-1.53783;-1.53611;-1.53407;-1.53187;-1.5294;-1.52668;-1.52363;-1.52018;-1.5165;-1.51229;-1.50766;-1.50249;-1.49672;-1.49028;-1.48312;-1.4751;-1.46617;-1.45618;-1.44501;-1.4325;-1.41851;-1.40283;-1.38525;-1.36555;-1.34344;-1.31861;-1.29069;-1.25929;-1.22391;-1.18403;-1.13896;-1.08795;-1.03006;-0.964322;-0.889419;-0.803916;-0.706108;-0.594075
3;1137172029784;20;absz;22957.7;18739.6;15297.3;12483.8;10187.9;8316.71;6787.84;5540.12;4521.91;3690.04;3011.34;2456.68;2003.53;1633.48;1331.12;1084.07;882.415;718.372;585.822;480.694
3;1137172029784;20;frequency;99999.99999990905;122862.535599424;150952.0265389597;185463.4873444638;227865.1431623047;279960.8926363817;343967.05137965;422606.6409511731;519225.2346839865;637933.2888043621;783781.0140572543;962973.2274171232;1183133.324347452;1453627.601814205;1785963.729760951;2194280.323268956;2695948.443325946;3312310.615921419;4069588.809647371;4999999.999999929
3;1137172029784;20;phasez;-1.53322;-1.52929;-1.52465;-1.51894;-1.51205;-1.50362;-1.49326;-1.48065;-1.46512;-1.44605;-1.42256;-1.3936;-1.35785;-1.31358;-1.25859;-1.19005;-1.10401;-0.995426;-0.857085;-0.679591
