0;7769327429563;20;absz;1.37533e+08;1.00243e+08;7.302e+07;5.31951e+07;3.87204e+07;2.81952e+07;2.0504e+07;1.49125e+07;1.08452e+07;7.88557e+06;5.73221e+06;4.16657e+06;3.02807e+06;2.20033e+06;1.59865e+06;1.16135e+06;843538;612608;444818;322930
0;7769327429563;20;frequency;9.999999974752427;13.86918846435492;19.23543905490988;26.67799336109056;37.00021196095804;51.31629158938722;71.17153245417285;98.70914048804025;136.9015682683994;189.8713664161278;263.3361782500288;365.2259113806622;506.5387032487934;702.5280792305466;974.3494403835484;1351.343611730726;1874.203936580443;2599.368780806799;3605.113577052066;4999.99999995282
0;7769327429563;20;phasez;-1.51248;-1.51574;-1.51865;-1.52101;-1.52309;-1.52477;-1.52622;-1.52752;-1.52859;-1.52941;-1.53004;-1.53048;-1.53071;-1.53067;-1.53029;-1.52944;-1.52798;-1.52569;-1.52221;-1.51709
1;7770099277475;50;absz;7.42493e+06;6.36722e+06;5.44732e+06;4.6641e+06;3.98624e+06;3.4126e+06;2.91762e+06;2.49701e+06;2.13648e+06;1.82869e+06;1.56456e+06;1.33815e+06;1.1448e+06;979343;837877;716726;613064;524420;448546;383652;328123;280629;240001;205250;175524;150103;128358;109759;93854.4;80252.6;68621.2;58675.2;50170.2;42896.9;36676.7;31357.5;26808.7;22917.9;19590.7;16744.3;14309.5;12226.6;10444.1;8918.74;7612.77;6494.13;5535.6;4713.41;4007.48;3400.36
1;7770099277475;50;frequency;199.9999999213742;234.625769479635;275.2462588517801;322.8993264769997;378.802514688914;444.3841576318164;521.3198749487447;611.5753842550475;717.456725922716;841.6691823498468;987.3863981368913;1158.33146786315;1358.872060208682;1594.132014446359;1870.122253535556;2193.894364737048;2573.720768452858;3019.306079821149;3542.035062906734;4155.263512473084;4874.659497176026;5718.603679767398;6708.658946337209;7870.121340545211;9232.666380967203;10831.10727442716;12706.28439819177;14906.10877695531;17486.78621595445;20514.25336674129;24065.86241733066;28232.35745111674;33120.19296963342;38854.25382030405;45581.04601983359;53472.44000269313;62730.06193403319;73590.44528463698;86331.07429211862;101277.4737211686;118811.5260634959;139381.228686517;163512.140226203;191820.8086789974;225030.524286467;263989.7996954232;309694.0495706946;363311.0235703185;426210.642505751;499999.9999999716
1;7770099277475;50;phasez;-1.5326;-1.53184;-1.53151;-1.53228;-1.53245;-1.53363;-1.53324;-1.53333;-1.53364;-1.53393;-1.53397;-1.53441;-1.53476;-1.53514;-1.53533;-1.53549;-1.53574;-1.53601;-1.5362;-1.53635;-1.53645;-1.53653;-1.53658;-1.53652;-1.53642;-1.53622;-1.53595;-1.53558;-1.53508;-1.53445;-1.53366;-1.53273;-1.53159;-1.53022;-1.52861;-1.5267;-1.52444;-1.52176;-1.51858;-1.51482;-1.51037;-1.5051;-1.49886;-1.49147;-1.48272;-1.47234;-1.46;-1.44532;-1.42777;-1.40668
2;7770867824899;50;absz;82646;74012.8;66259.8;59315;53101.5;47538.1;42564.6;38100.5;34109.2;30530.5;27330.7;24462.7;21899.1;19602.4;17548.5;15707.4;14059.9;12585.1;11264.8;10083.6;9025.35;8078.12;7230.07;6471.18;5791.87;5183.68;4639.3;4151.85;3715.42;3324.77;2975.08;2661.9;2381.59;2130.58;1905.76;1704.44;1524.17;1362.73;1218.11;1088.6;972.579;868.658;775.601;692.259;617.763;551.174;491.789;439.01;392.349;351.474
2;7770867824899;50;frequency;20000.00000002444;22385.53853899816;25055.61678390222;28044.17375656954;31389.19662092121;35133.2035329932;39323.78408414649;44014.2042055669;49264.08322518227;55140.1516811012;61717.09952482729;69078.52549602467;77317.99973512921;86540.25314108083;96862.50859274992;108415.9709538568;121347.4948009008;135821.4510731415;152021.8163702936;170154.5114554648;190450.0186878266;213166.3116533389;238592.1342356312;267050.6708003728;298903.6541519141;334555.9634717432;374460.7706856584;419125.3006744233;469117.2785435782;525072.1459047724;587701.13789258;657800.3235824071;736260.7247225839;824079.6413975459;922373.3285811875;1032391.184709951;1155531.632626961;1293359.894754076;1447627.888434013;1620296.494325686;1813560.480908265;2029876.401899315;2271993.821195295;2542990.262224833;2846310.325953354;3185809.474764127;3565803.038745301;3991121.067296888;4467169.723268114;4999999.999999929
2;7770867824899;50;phasez;-1.53821;-1.53781;-1.53774;-1.5373;-1.53699;-1.53658;-1.53607;-1.5353;-1.53468;-1.53382;-1.53285;-1.53168;-1.53044;-1.52894;-1.52728;-1.52547;-1.52329;-1.5209;-1.51821;-1.5152;-1.51176;-1.50794;-1.50362;-1.49879;-1.49335;-1.48724;-1.4804;-1.4727;-1.46409;-1.45443;-1.44358;-1.43141;-1.41775;-1.4024;-1.38517;-1.36581;-1.34404;-1.31955;-1.29198;-1.2609;-1.22584;-1.18625;-1.14147;-1.0907;-1.03303;-0.967455;-0.892632;-0.807095;-0.709126;-0.59673
3;7771186869625;20;absz;17079.9;13954;11395.9;9306.92;7601.59;6207.16;5068.85;4138.49;3378.58;2757.83;2250.25;1835.34;1496.35;1219.03;992.228;806.692;654.974;531.213;430.832;350.589
3;7771186869625;20;frequency;99999.99999990905;122862.535599424;150952.0265389597;185463.4873444638;227865.1431623047;279960.8926363817;343967.05137965;422606.6409511731;519225.2346839865;637933.2888043621;783781.0140572543;962973.2274171232;1183133.324347452;1453627.601814205;1785963.729760951;2194280.323268956;2695948.443325946;3312310.615921419;4069588.809647371;4999999.999999929
3;7771186869625;20;phasez;-1.52647;-1.52331;-1.51927;-1.51419;-1.50792;-1.50007;-1.49037;-1.47831;-1.46338;-1.44489;-1.42201;-1.39368;-1.35854;-1.31489;-1.26051;-1.1925;-1.10694;-0.998646;-0.860333;-0.682399
