0;3473033097791;20;absz;1.63936e+08;1.19093e+08;8.64303e+07;6.2744e+07;4.55332e+07;3.30309e+07;2.3967e+07;1.73839e+07;1.26049e+07;9.13895e+06;6.62486e+06;4.80138e+06;3.47925e+06;2.52075e+06;1.82606e+06;1.32262e+06;957863;693640;502263;363681
0;3473033097791;20;frequency;9.999999974752427;13.86918846435492;19.23543905490988;26.67799336109056;37.00021196095804;51.31629158938722;71.17153245417285;98.70914048804025;136.9015682683994;189.8713664161278;263.3361782500288;365.2259113806622;506.5387032487934;702.5280792305466;974.3494403835484;1351.343611730726;1874.203936580443;2599.368780806799;3605.113577052066;4999.99999995282
0;3473033097791;20;phasez;-1.53581;-1.53653;-1.53754;-1.5388;-1.53989;-1.54119;-1.54146;-1.54225;-1.54302;-1.54367;-1.5442;-1.54455;-1.5447;-1.5446;-1.54411;-1.5431;-1.54138;-1.53873;-1.53482;-1.52923
1;3473804491819;50;absz;8.6319e+06;7.35925e+06;6.28694e+06;5.38471e+06;4.58457e+06;3.92481e+06;3.35289e+06;2.86424e+06;2.44647e+06;2.09042e+06;1.78678e+06;1.52581e+06;1.30383e+06;1.11392e+06;951325;812635;694204;593009;506533;432698;369604;315704;269683;230366;196777;168090;143585;122651;104770;89496.4;76447.7;65302.2;55781.1;47646.6;40698;34761.6;29689.5;25356;21653.7;18489.9;15786.1;13475.4;11500;9810.97;8366.34;7130.3;6071.93;5165.06;4387.14;3718.8
1;3473804491819;50;frequency;199.9999999213742;234.625769479635;275.2462588517801;322.8993264769997;378.802514688914;444.3841576318164;521.3198749487447;611.5753842550475;717.456725922716;841.6691823498468;987.3863981368913;1158.33146786315;1358.872060208682;1594.132014446359;1870.122253535556;2193.894364737048;2573.720768452858;3019.306079821149;3542.035062906734;4155.263512473084;4874.659497176026;5718.603679767398;6708.658946337209;7870.121340545211;9232.666380967203;10831.10727442716;12706.28439819177;14906.10877695531;17486.78621595445;20514.25336674129;24065.86241733066;28232.35745111674;33120.19296963342;38854.25382030405;45581.04601983359;53472.44000269313;62730.06193403319;73590.44528463698;86331.07429211862;101277.4737211686;118811.5260634959;139381.228686517;163512.140226203;191820.8086789974;225030.524286467;263989.7996954232;309694.0495706946;363311.0235703185;426210.642505751;499999.9999999716
1;3473804491819;50;phasez;-1.54479;-1.5456;-1.5444;-1.54444;-1.54658;-1.54597;-1.54704;-1.54724;-1.54778;-1.5476;-1.54798;-1.5484;-1.54848;-1.54861;-1.54881;-1.54883;-1.54891;-1.54892;-1.54883;-1.54879;-1.54868;-1.54851;-1.5483;-1.54803;-1.54771;-1.54733;-1.54685;-1.5463;-1.54566;-1.54489;-1.544;-1.54294;-1.54171;-1.54027;-1.53858;-1.53661;-1.53428;-1.53155;-1.52833;-1.52454;-1.52006;-1.51478;-1.50854;-1.50116;-1.49242;-1.48206;-1.46976;-1.45511;-1.4376;-1.41654
2;3474572781427;50;absz;92215.9;82476.9;73807.3;66020;59072.8;52836.9;47279.1;42293.5;37831.8;33843.1;30270.8;27077.5;24223.4;21667.7;19381.6;17338.6;15510.4;13873.4;12409.9;11100.9;9929.1;8881.18;7943.46;7104.75;6354.49;5683.29;5082.8;4545.6;4064.95;3634.89;3250.23;2906.06;2598.1;2322.65;2076.11;1855.55;1658.19;1481.62;1323.56;1182.12;1055.58;942.338;841.043;750.437;669.513;597.281;532.935;475.836;425.443;381.378
2;3474572781427;50;frequency;20000.00000002444;22385.53853899816;25055.61678390222;28044.17375656954;31389.19662092121;35133.2035329932;39323.78408414649;44014.2042055669;49264.08322518227;55140.1516811012;61717.09952482729;69078.52549602467;77317.99973512921;86540.25314108083;96862.50859274992;108415.9709538568;121347.4948009008;135821.4510731415;152021.8163702936;170154.5114554648;190450.0186878266;213166.3116533389;238592.1342356312;267050.6708003728;298903.6541519141;334555.9634717432;374460.7706856584;419125.3006744233;469117.2785435782;525072.1459047724;587701.13789258;657800.3235824071;736260.7247225839;824079.6413975459;922373.3285811875;1032391.184709951;1155531.632626961;1293359.894754076;1447627.888434013;1620296.494325686;1813560.480908265;2029876.401899315;2271993.821195295;2542990.262224833;2846310.325953354;3185809.474764127;3565803.038745301;3991121.067296888;4467169.723268114;4999999.999999929
2;3474572781427;50;phasez;-1.5483;-1.54828;-1.54821;-1.54764;-1.54694;-1.54651;-1.54604;-1.5454;-1.54456;-1.54363;-1.5427;-1.54147;-1.54024;-1.53872;-1.53709;-1.53515;-1.53303;-1.53062;-1.52788;-1.52489;-1.52145;-1.51762;-1.51332;-1.50849;-1.5031;-1.49703;-1.4902;-1.48253;-1.47392;-1.46428;-1.45344;-1.44125;-1.42759;-1.41223;-1.39496;-1.37556;-1.35373;-1.32919;-1.30154;-1.27039;-1.23527;-1.1956;-1.15075;-1.09995;-1.04222;-0.976648;-0.901847;-0.816392;-0.718563;-0.606387
3;3474889088003;20;absz;18868;15394.6;12558.1;10242.8;8355.32;6814.42;5556.9;4531.68;3694.43;3011.66;2454.18;1999.17;1627.86;1324.67;1077.1;874.958;710.001;575.714;467.059;380.458
3;3474889088003;20;frequency;99999.99999990905;122862.535599424;150952.0265389597;185463.4873444638;227865.1431623047;279960.8926363817;343967.05137965;422606.6409511731;519225.2346839865;637933.2888043621;783781.0140572543;962973.2274171232;1183133.324347452;1453627.601814205;1785963.729760951;2194280.323268956;2695948.443325946;3312310.615921419;4069588.809647371;4999999.999999929
3;3474889088003;20;phasez;-1.53615;-1.53291;-1.52889;-1.52392;-1.51761;-1.5098;-1.50012;-1.48811;-1.47322;-1.45473;-1.43184;-1.40345;-1.36822;-1.32446;-1.26995;-1.20182;-1.11616;-1.00785;-0.869651;-0.692041
