0;6725774046847;20;absz;1.39398e+08;1.01587e+08;7.39918e+07;5.38893e+07;3.92111e+07;2.85337e+07;2.07493e+07;1.50911e+07;1.09723e+07;7.97671e+06;5.79765e+06;4.21341e+06;3.0616e+06;2.22433e+06;1.61586e+06;1.17368e+06;852325;618874;449271;326092
0;6725774046847;20;frequency;9.999999974752427;13.86918846435492;19.23543905490988;26.67799336109056;37.00021196095804;51.31629158938722;71.17153245417285;98.70914048804025;136.9015682683994;189.8713664161278;263.3361782500288;365.2259113806622;506.5387032487934;702.5280792305466;974.3494403835484;1351.343611730726;1874.203936580443;2599.368780806799;3605.113577052066;4999.99999995282
0;6725774046847;20;phasez;-1.51557;-1.51827;-1.52064;-1.52263;-1.52483;-1.52656;-1.52752;-1.52873;-1.52962;-1.53036;-1.53095;-1.53136;-1.53154;-1.5315;-1.53113;-1.53031;-1.52886;-1.52659;-1.52312;-1.518
1;6726543319487;50;absz;7.52954e+06;6.43879e+06;5.50343e+06;4.70954e+06;4.03142e+06;3.45017e+06;2.95092e+06;2.52411e+06;2.15954e+06;1.8481e+06;1.5809e+06;1.35264e+06;1.15702e+06;989773;846699;724141;619359;529782;453110;387472;331366;283369;242318;207211;177178;151499;129543;110764;94702.8;80974;69231.1;59192;50607.8;43267.2;36991.3;31624.2;27034;23109;19752.1;16881.1;14425.3;12324.4;10527.2;8989.13;7672.3;6544.73;5578.37;4749.62;4038.01;3426.04
1;6726543319487;50;frequency;199.9999999213742;234.625769479635;275.2462588517801;322.8993264769997;378.802514688914;444.3841576318164;521.3198749487447;611.5753842550475;717.456725922716;841.6691823498468;987.3863981368913;1158.33146786315;1358.872060208682;1594.132014446359;1870.122253535556;2193.894364737048;2573.720768452858;3019.306079821149;3542.035062906734;4155.263512473084;4874.659497176026;5718.603679767398;6708.658946337209;7870.121340545211;9232.666380967203;10831.10727442716;12706.28439819177;14906.10877695531;17486.78621595445;20514.25336674129;24065.86241733066;28232.35745111674;33120.19296963342;38854.25382030405;45581.04601983359;53472.44000269313;62730.06193403319;73590.44528463698;86331.07429211862;101277.4737211686;118811.5260634959;139381.228686517;163512.140226203;191820.8086789974;225030.524286467;263989.7996954232;309694.0495706946;363311.0235703185;426210.642505751;499999.9999999716
1;6726543319487;50;phasez;-1.53372;-1.53567;-1.53272;-1.53213;-1.53364;-1.53269;-1.53359;-1.53374;-1.53438;-1.53471;-1.53499;-1.53539;-1.53549;-1.5359;-1.53623;-1.53647;-1.53666;-1.53692;-1.53709;-1.53726;-1.53739;-1.53745;-1.53748;-1.53744;-1.53733;-1.53713;-1.53682;-1.53644;-1.53593;-1.53528;-1.53449;-1.53354;-1.53239;-1.53102;-1.52939;-1.52748;-1.52521;-1.52252;-1.51934;-1.51557;-1.51111;-1.50583;-1.49958;-1.49218;-1.48342;-1.47303;-1.4607;-1.44602;-1.42848;-1.4074
2;6727313314322;50;absz;83446.3;74685.1;66857.6;59843.6;53579.3;47952.9;42937.5;38437.5;34403.5;30791.7;27563.2;24673.2;22082.4;19767;17693.2;15837.1;14175.4;12687.7;11356.2;10164.7;9097.67;8142.8;7287.51;6522.19;5837.36;5224.05;4675.19;4183.8;3743.92;3350.13;2997.54;2681.97;2399.37;2146.38;1919.81;1716.94;1535.3;1372.58;1226.85;1096.35;979.431;874.76;780.996;697.069;622.032;554.967;495.16;442.017;395.039;353.893
2;6727313314322;50;frequency;20000.00000002444;22385.53853899816;25055.61678390222;28044.17375656954;31389.19662092121;35133.2035329932;39323.78408414649;44014.2042055669;49264.08322518227;55140.1516811012;61717.09952482729;69078.52549602467;77317.99973512921;86540.25314108083;96862.50859274992;108415.9709538568;121347.4948009008;135821.4510731415;152021.8163702936;170154.5114554648;190450.0186878266;213166.3116533389;238592.1342356312;267050.6708003728;298903.6541519141;334555.9634717432;374460.7706856584;419125.3006744233;469117.2785435782;525072.1459047724;587701.13789258;657800.3235824071;736260.7247225839;824079.6413975459;922373.3285811875;1032391.184709951;1155531.632626961;1293359.894754076;1447627.888434013;1620296.494325686;1813560.480908265;2029876.401899315;2271993.821195295;2542990.262224833;2846310.325953354;3185809.474764127;3565803.038745301;3991121.067296888;4467169.723268114;4999999.999999929
2;6727313314322;50;phasez;-1.53884;-1.53889;-1.5385;-1.53825;-1.5379;-1.53728;-1.53689;-1.53609;-1.53551;-1.53457;-1.53371;-1.53242;-1.53118;-1.52971;-1.52808;-1.52617;-1.52401;-1.52165;-1.51896;-1.51591;-1.51248;-1.50862;-1.5043;-1.49948;-1.49403;-1.48793;-1.4811;-1.47342;-1.46481;-1.45517;-1.44432;-1.43217;-1.41852;-1.4032;-1.38598;-1.36664;-1.34489;-1.32042;-1.29286;-1.2618;-1.22677;-1.1872;-1.14245;-1.0917;-1.03407;-0.968536;-0.893749;-0.808267;-0.710353;-0.598035
3;6727631101297;20;absz;17225.7;14071.4;11489;9382.62;7662.65;6256.42;5108.75;4170.71;3404.74;2778.8;2267.19;1848.95;1507.35;1227.89;999.328;812.388;659.538;534.898;433.813;353.029
3;6727631101297;20;frequency;99999.99999990905;122862.535599424;150952.0265389597;185463.4873444638;227865.1431623047;279960.8926363817;343967.05137965;422606.6409511731;519225.2346839865;637933.2888043621;783781.0140572543;962973.2274171232;1183133.324347452;1453627.601814205;1785963.729760951;2194280.323268956;2695948.443325946;3312310.615921419;4069588.809647371;4999999.999999929
3;6727631101297;20;phasez;-1.52719;-1.52397;-1.51996;-1.51488;-1.50863;-1.5008;-1.49108;-1.47899;-1.46409;-1.44564;-1.42279;-1.39449;-1.35939;-1.31578;-1.26144;-1.19348;-1.10798;-0.99975;-0.861524;-0.6837
