0;6923798247420;20;absz;1.3893e+08;1.0127e+08;7.38004e+07;5.37082e+07;3.90959e+07;2.84494e+07;2.06911e+07;1.50478e+07;1.09405e+07;7.95333e+06;5.78102e+06;4.20148e+06;3.05312e+06;2.21827e+06;1.61151e+06;1.1705e+06;850096;617266;448133;325272
0;6923798247420;20;frequency;9.999999974752427;13.86918846435492;19.23543905490988;26.67799336109056;37.00021196095804;51.31629158938722;71.17153245417285;98.70914048804025;136.9015682683994;189.8713664161278;263.3361782500288;365.2259113806622;506.5387032487934;702.5280792305466;974.3494403835484;1351.343611730726;1874.203936580443;2599.368780806799;3605.113577052066;4999.99999995282
0;6923798247420;20;phasez;-1.51562;-1.51792;-1.52033;-1.52258;-1.52476;-1.52566;-1.52739;-1.5285;-1.5294;-1.53019;-1.53078;-1.53119;-1.53136;-1.53132;-1.53093;-1.53008;-1.52866;-1.52638;-1.5229;-1.51779
1;6924566762244;50;absz;7.49831e+06;6.41925e+06;5.48662e+06;4.70197e+06;4.0217e+06;3.44139e+06;2.94082e+06;2.51687e+06;2.15404e+06;1.84302e+06;1.57712e+06;1.34883e+06;1.15395e+06;987258;844337;722240;617756;528397;451894;386506;330526;282660;241718;206698;176751;151138;129232;110501;94483.2;80786.6;69074.4;59058.2;50494;43171.6;36909.6;31554.9;26976;23059.8;19710.7;16846;14395.3;12299.3;10505.8;8970.76;7656.82;6531.55;5567.17;4740.08;4029.93;3419.33
1;6924566762244;50;frequency;199.9999999213742;234.625769479635;275.2462588517801;322.8993264769997;378.802514688914;444.3841576318164;521.3198749487447;611.5753842550475;717.456725922716;841.6691823498468;987.3863981368913;1158.33146786315;1358.872060208682;1594.132014446359;1870.122253535556;2193.894364737048;2573.720768452858;3019.306079821149;3542.035062906734;4155.263512473084;4874.659497176026;5718.603679767398;6708.658946337209;7870.121340545211;9232.666380967203;10831.10727442716;12706.28439819177;14906.10877695531;17486.78621595445;20514.25336674129;24065.86241733066;28232.35745111674;33120.19296963342;38854.25382030405;45581.04601983359;53472.44000269313;62730.06193403319;73590.44528463698;86331.07429211862;101277.4737211686;118811.5260634959;139381.228686517;163512.140226203;191820.8086789974;225030.524286467;263989.7996954232;309694.0495706946;363311.0235703185;426210.642505751;499999.9999999716
1;6924566762244;50;phasez;-1.53149;-1.531;-1.53189;-1.53326;-1.533;-1.53285;-1.53421;-1.53372;-1.53443;-1.53475;-1.53485;-1.53494;-1.53535;-1.53568;-1.53593;-1.53626;-1.53651;-1.53674;-1.53695;-1.53705;-1.53717;-1.53725;-1.53726;-1.53722;-1.5371;-1.5369;-1.53661;-1.53621;-1.53571;-1.53506;-1.53428;-1.53332;-1.53218;-1.53082;-1.5292;-1.52729;-1.52502;-1.52234;-1.51916;-1.51539;-1.51094;-1.50566;-1.49942;-1.49202;-1.48326;-1.47288;-1.46054;-1.44586;-1.42832;-1.40724
2;6925336638624;50;absz;83224.1;74488.5;66694.4;59705.2;53460.7;47853.5;42829.8;38343.4;34320.7;30722.9;27500.1;24616.8;22034.3;19722.1;17654.5;15802.1;14144.4;12660.7;11331.5;10142.7;9078.08;8125.06;7272.2;6508.46;5824.83;5213.2;4665.53;4175.14;3736.29;3343.35;2991.59;2676.57;2394.55;2142.11;1916.03;1713.59;1532.25;1369.92;1224.52;1094.24;977.569;873.093;779.535;695.749;620.866;553.938;494.246;441.205;394.319;353.241
2;6925336638624;50;frequency;20000.00000002444;22385.53853899816;25055.61678390222;28044.17375656954;31389.19662092121;35133.2035329932;39323.78408414649;44014.2042055669;49264.08322518227;55140.1516811012;61717.09952482729;69078.52549602467;77317.99973512921;86540.25314108083;96862.50859274992;108415.9709538568;121347.4948009008;135821.4510731415;152021.8163702936;170154.5114554648;190450.0186878266;213166.3116533389;238592.1342356312;267050.6708003728;298903.6541519141;334555.9634717432;374460.7706856584;419125.3006744233;469117.2785435782;525072.1459047724;587701.13789258;657800.3235824071;736260.7247225839;824079.6413975459;922373.3285811875;1032391.184709951;1155531.632626961;1293359.894754076;1447627.888434013;1620296.494325686;1813560.480908265;2029876.401899315;2271993.821195295;2542990.262224833;2846310.325953354;3185809.474764127;3565803.038745301;3991121.067296888;4467169.723268114;4999999.999999929
2;6925336638624;50;phasez;-1.53861;-1.53865;-1.53817;-1.53816;-1.53762;-1.5371;-1.5365;-1.53588;-1.53515;-1.53425;-1.53354;-1.53225;-1.53104;-1.5295;-1.52787;-1.52601;-1.52386;-1.52146;-1.51881;-1.51575;-1.51236;-1.50849;-1.50415;-1.49932;-1.49386;-1.48778;-1.48092;-1.47325;-1.46465;-1.45499;-1.44413;-1.432;-1.41833;-1.40301;-1.3858;-1.36645;-1.3447;-1.32022;-1.29267;-1.26161;-1.22656;-1.187;-1.14224;-1.09148;-1.03386;-0.968318;-0.893529;-0.808037;-0.71012;-0.597788
3;6925655168661;20;absz;17186.1;14039.2;11464.3;9362.16;7646.21;6243.13;5098;4162.01;3397.62;2773.09;2262.56;1845.28;1504.37;1225.46;997.406;810.83;658.295;533.891;432.991;352.34
3;6925655168661;20;frequency;99999.99999990905;122862.535599424;150952.0265389597;185463.4873444638;227865.1431623047;279960.8926363817;343967.05137965;422606.6409511731;519225.2346839865;637933.2888043621;783781.0140572543;962973.2274171232;1183133.324347452;1453627.601814205;1785963.729760951;2194280.323268956;2695948.443325946;3312310.615921419;4069588.809647371;4999999.999999929
3;6925655168661;20;phasez;-1.52696;-1.52377;-1.51978;-1.51475;-1.50848;-1.50061;-1.49091;-1.47884;-1.46392;-1.44546;-1.42262;-1.3943;-1.35919;-1.31558;-1.26124;-1.19328;-1.10778;-0.999537;-0.861306;-0.683459
