0;6382604498923;20;absz;1.40445e+08;1.02175e+08;7.44281e+07;5.41795e+07;3.94122e+07;2.86641e+07;2.0856e+07;1.51654e+07;1.10251e+07;8.01444e+06;5.82531e+06;4.23353e+06;3.07631e+06;2.23518e+06;1.62379e+06;1.17942e+06;856517;621900;451481;327697
0;6382604498923;20;frequency;9.999999974752427;13.86918846435492;19.23543905490988;26.67799336109056;37.00021196095804;51.31629158938722;71.17153245417285;98.70914048804025;136.9015682683994;189.8713664161278;263.3361782500288;365.2259113806622;506.5387032487934;702.5280792305466;974.3494403835484;1351.343611730726;1874.203936580443;2599.368780806799;3605.113577052066;4999.99999995282
0;6382604498923;20;phasez;-1.51784;-1.5203;-1.52212;-1.52402;-1.52567;-1.52663;-1.52819;-1.52913;-1.52995;-1.53064;-1.53109;-1.53142;-1.53157;-1.53148;-1.5311;-1.53029;-1.52888;-1.52661;-1.52317;-1.51809
1;6383373511609;50;absz;7.56772e+06;6.47532e+06;5.53043e+06;4.7394e+06;4.05038e+06;3.46658e+06;2.96683e+06;2.5366e+06;2.17029e+06;1.85708e+06;1.58847e+06;1.35911e+06;1.16258e+06;994648;850825;727708;622407;532369;455303;389378;332998;284765;243508;208216;178043;152237;130165;111292;95153.9;81352.8;69554.3;59466;50840.2;43464.6;37158;31765;27153.4;23210;19838;16954;14487.3;12377.1;10571.6;9026.72;7704.25;6571.69;5601.22;4768.92;4054.3;3439.78
1;6383373511609;50;frequency;199.9999999213742;234.625769479635;275.2462588517801;322.8993264769997;378.802514688914;444.3841576318164;521.3198749487447;611.5753842550475;717.456725922716;841.6691823498468;987.3863981368913;1158.33146786315;1358.872060208682;1594.132014446359;1870.122253535556;2193.894364737048;2573.720768452858;3019.306079821149;3542.035062906734;4155.263512473084;4874.659497176026;5718.603679767398;6708.658946337209;7870.121340545211;9232.666380967203;10831.10727442716;12706.28439819177;14906.10877695531;17486.78621595445;20514.25336674129;24065.86241733066;28232.35745111674;33120.19296963342;38854.25382030405;45581.04601983359;53472.44000269313;62730.06193403319;73590.44528463698;86331.07429211862;101277.4737211686;118811.5260634959;139381.228686517;163512.140226203;191820.8086789974;225030.524286467;263989.7996954232;309694.0495706946;363311.0235703185;426210.642505751;499999.9999999716
1;6383373511609;50;phasez;-1.5335;-1.53288;-1.52991;-1.53187;-1.5328;-1.53404;-1.53353;-1.53447;-1.53461;-1.53445;-1.53497;-1.5354;-1.53559;-1.5359;-1.53623;-1.53647;-1.53683;-1.53697;-1.53718;-1.53735;-1.53749;-1.53758;-1.53764;-1.5376;-1.53752;-1.53737;-1.53709;-1.53672;-1.53623;-1.53561;-1.53484;-1.53388;-1.53275;-1.53137;-1.52975;-1.52784;-1.52557;-1.52288;-1.51969;-1.51591;-1.51145;-1.50616;-1.4999;-1.4925;-1.48374;-1.47335;-1.46103;-1.44635;-1.42882;-1.40775
2;6384141528157;50;absz;83830.8;75052;67166.9;60143.8;53824.3;48191.9;43132.4;38603.8;34560;30933.7;27686.9;24783.2;22183.1;19853.7;17771.1;15906.6;14237;12742.5;11405.1;10208;9136.35;8176.78;7318.21;6549.64;5861.64;5245.71;4694.48;4200.98;3759.23;3363.72;3009.69;2692.72;2408.9;2154.87;1927.37;1723.67;1541.25;1377.87;1231.57;1100.53;983.158;878.055;783.939;699.683;624.345;557.029;496.997;443.665;396.517;355.221
2;6384141528157;50;frequency;20000.00000002444;22385.53853899816;25055.61678390222;28044.17375656954;31389.19662092121;35133.2035329932;39323.78408414649;44014.2042055669;49264.08322518227;55140.1516811012;61717.09952482729;69078.52549602467;77317.99973512921;86540.25314108083;96862.50859274992;108415.9709538568;121347.4948009008;135821.4510731415;152021.8163702936;170154.5114554648;190450.0186878266;213166.3116533389;238592.1342356312;267050.6708003728;298903.6541519141;334555.9634717432;374460.7706856584;419125.3006744233;469117.2785435782;525072.1459047724;587701.13789258;657800.3235824071;736260.7247225839;824079.6413975459;922373.3285811875;1032391.184709951;1155531.632626961;1293359.894754076;1447627.888434013;1620296.494325686;1813560.480908265;2029876.401899315;2271993.821195295;2542990.262224833;2846310.325953354;3185809.474764127;3565803.038745301;3991121.067296888;4467169.723268114;4999999.999999929
2;6384141528157;50;phasez;-1.5392;-1.53904;-1.53889;-1.5386;-1.53833;-1.53765;-1.53724;-1.53656;-1.53577;-1.53493;-1.53398;-1.53291;-1.53155;-1.53005;-1.52836;-1.52652;-1.5244;-1.52198;-1.51927;-1.51624;-1.5128;-1.50895;-1.50464;-1.49981;-1.49434;-1.48828;-1.48142;-1.47375;-1.46516;-1.45551;-1.44467;-1.43251;-1.41889;-1.40357;-1.38637;-1.36703;-1.34528;-1.32082;-1.29327;-1.26223;-1.2272;-1.18764;-1.14288;-1.09216;-1.03453;-0.968993;-0.894218;-0.80875;-0.710848;-0.598546
3;6384459153131;20;absz;17299.7;14130.2;11538.1;9421.59;7694.52;6282.18;5129.53;4187.65;3418.3;2789.9;2276.08;1856.14;1513.13;1232.5;1003.05;815.382;661.974;536.855;435.4;354.334
3;6384459153131;20;frequency;99999.99999990905;122862.535599424;150952.0265389597;185463.4873444638;227865.1431623047;279960.8926363817;343967.05137965;422606.6409511731;519225.2346839865;637933.2888043621;783781.0140572543;962973.2274171232;1183133.324347452;1453627.601814205;1785963.729760951;2194280.323268956;2695948.443325946;3312310.615921419;4069588.809647371;4999999.999999929
3;6384459153131;20;phasez;-1.52754;-1.52437;-1.52029;-1.51521;-1.50895;-1.5011;-1.49136;-1.47934;-1.46446;-1.446;-1.42318;-1.39487;-1.35979;-1.31619;-1.26187;-1.19393;-1.10844;-1.00022;-0.862025;-0.68424
