0;7512639498298;20;absz;1.37768e+08;1.00467e+08;7.31996e+07;5.33293e+07;3.88175e+07;2.82437e+07;2.05482e+07;1.4945e+07;1.08676e+07;7.90154e+06;5.74352e+06;4.17469e+06;3.03387e+06;2.20455e+06;1.60169e+06;1.16354e+06;845098;613734;445624;323502
0;7512639498298;20;frequency;9.999999974752427;13.86918846435492;19.23543905490988;26.67799336109056;37.00021196095804;51.31629158938722;71.17153245417285;98.70914048804025;136.9015682683994;189.8713664161278;263.3361782500288;365.2259113806622;506.5387032487934;702.5280792305466;974.3494403835484;1351.343611730726;1874.203936580443;2599.368780806799;3605.113577052066;4999.99999995282
0;7512639498298;20;phasez;-1.51336;-1.51634;-1.51886;-1.52135;-1.52353;-1.5246;-1.52652;-1.52774;-1.52883;-1.52958;-1.53024;-1.53064;-1.53086;-1.5308;-1.5304;-1.52954;-1.52808;-1.52579;-1.52231;-1.5172
1;7513409489578;50;absz;7.44058e+06;6.37449e+06;5.45433e+06;4.66738e+06;3.99354e+06;3.41957e+06;2.92453e+06;2.50204e+06;2.14028e+06;1.83213e+06;1.56726e+06;1.34087e+06;1.14697e+06;981282;839351;718092;614211;525392;449360;384349;328721;281129;240426;205611;175832;150357;128576;109944;94011.8;80388.2;68735.5;58772.1;50252.2;42966.4;36736;31407.9;26851;22953.7;19620.4;16769.7;14331;12244.6;10459.5;8931.64;7623.71;6503.5;5543.49;4720.03;4013.11;3405.11
1;7513409489578;50;frequency;199.9999999213742;234.625769479635;275.2462588517801;322.8993264769997;378.802514688914;444.3841576318164;521.3198749487447;611.5753842550475;717.456725922716;841.6691823498468;987.3863981368913;1158.33146786315;1358.872060208682;1594.132014446359;1870.122253535556;2193.894364737048;2573.720768452858;3019.306079821149;3542.035062906734;4155.263512473084;4874.659497176026;5718.603679767398;6708.658946337209;7870.121340545211;9232.666380967203;10831.10727442716;12706.28439819177;14906.10877695531;17486.78621595445;20514.25336674129;24065.86241733066;28232.35745111674;33120.19296963342;38854.25382030405;45581.04601983359;53472.44000269313;62730.06193403319;73590.44528463698;86331.07429211862;101277.4737211686;118811.5260634959;139381.228686517;163512.140226203;191820.8086789974;225030.524286467;263989.7996954232;309694.0495706946;363311.0235703185;426210.642505751;499999.9999999716
1;7513409489578;50;phasez;-1.53066;-1.53022;-1.53146;-1.53125;-1.53204;-1.53223;-1.5328;-1.53351;-1.53398;-1.53397;-1.53433;-1.53461;-1.53478;-1.5353;-1.53537;-1.53571;-1.5359;-1.53611;-1.53631;-1.53644;-1.53657;-1.53667;-1.53668;-1.53666;-1.53654;-1.53636;-1.53608;-1.5357;-1.5352;-1.53458;-1.53381;-1.53286;-1.53173;-1.53037;-1.52875;-1.52686;-1.52459;-1.52191;-1.51874;-1.51498;-1.51053;-1.50526;-1.49902;-1.49163;-1.48287;-1.47248;-1.46015;-1.44547;-1.42792;-1.40682
2;7514179413235;50;absz;82815.8;74126.6;66368.1;59419.3;53195.6;47621.8;42636;38163.2;34166.5;30578.9;27372.8;24504.3;21937.6;19634.3;17575.8;15732.2;14082.4;12605.3;11282.7;10098.7;9039.06;8090.31;7241.15;6481.2;5800.33;5191.5;4646.03;4157.9;3720.87;3329.59;2979.33;2665.75;2384.98;2133.57;1908.43;1706.88;1526.32;1364.64;1219.82;1090.11;973.914;869.847;776.65;693.182;618.583;551.913;492.429;439.59;392.864;351.937
2;7514179413235;50;frequency;20000.00000002444;22385.53853899816;25055.61678390222;28044.17375656954;31389.19662092121;35133.2035329932;39323.78408414649;44014.2042055669;49264.08322518227;55140.1516811012;61717.09952482729;69078.52549602467;77317.99973512921;86540.25314108083;96862.50859274992;108415.9709538568;121347.4948009008;135821.4510731415;152021.8163702936;170154.5114554648;190450.0186878266;213166.3116533389;238592.1342356312;267050.6708003728;298903.6541519141;334555.9634717432;374460.7706856584;419125.3006744233;469117.2785435782;525072.1459047724;587701.13789258;657800.3235824071;736260.7247225839;824079.6413975459;922373.3285811875;1032391.184709951;1155531.632626961;1293359.894754076;1447627.888434013;1620296.494325686;1813560.480908265;2029876.401899315;2271993.821195295;2542990.262224833;2846310.325953354;3185809.474764127;3565803.038745301;3991121.067296888;4467169.723268114;4999999.999999929
2;7514179413235;50;phasez;-1.53805;-1.53797;-1.53787;-1.53757;-1.53712;-1.53659;-1.53608;-1.5355;-1.53483;-1.53388;-1.53297;-1.53192;-1.53057;-1.52909;-1.52742;-1.52556;-1.52344;-1.52106;-1.5184;-1.51535;-1.51192;-1.50809;-1.50375;-1.49892;-1.49349;-1.48737;-1.48054;-1.47284;-1.46422;-1.45456;-1.44372;-1.43155;-1.41789;-1.40255;-1.38533;-1.36596;-1.3442;-1.31971;-1.29214;-1.26108;-1.22603;-1.18644;-1.14168;-1.0909;-1.03327;-0.967697;-0.892889;-0.807371;-0.709418;-0.597067
3;7514496939769;20;absz;17107.9;13976.2;11413.2;9321.31;7613.05;6216.26;5076.18;4144.47;3383.49;2761.7;2253.4;1837.86;1498.41;1220.7;993.584;807.783;655.844;531.923;431.402;351.049
3;7514496939769;20;frequency;99999.99999990905;122862.535599424;150952.0265389597;185463.4873444638;227865.1431623047;279960.8926363817;343967.05137965;422606.6409511731;519225.2346839865;637933.2888043621;783781.0140572543;962973.2274171232;1183133.324347452;1453627.601814205;1785963.729760951;2194280.323268956;2695948.443325946;3312310.615921419;4069588.809647371;4999999.999999929
3;7514496939769;20;phasez;-1.5266;-1.52337;-1.51939;-1.5144;-1.50807;-1.50021;-1.49046;-1.47846;-1.4635;-1.44504;-1.42218;-1.39382;-1.35869;-1.31506;-1.26069;-1.19271;-1.10718;-0.998896;-0.860614;-0.682686
