0;2611052388124;20;absz;1.78259e+08;1.29098e+08;9.35109e+07;6.77281e+07;4.90342e+07;3.55027e+07;2.57038e+07;1.86089e+07;1.34736e+07;9.7546e+06;7.06181e+06;5.11176e+06;3.69997e+06;2.67793e+06;1.93805e+06;1.40253e+06;1.01495e+06;734429;531407;384488
0;2611052388124;20;frequency;9.999999974752427;13.86918846435492;19.23543905490988;26.67799336109056;37.00021196095804;51.31629158938722;71.17153245417285;98.70914048804025;136.9015682683994;189.8713664161278;263.3361782500288;365.2259113806622;506.5387032487934;702.5280792305466;974.3494403835484;1351.343611730726;1874.203936580443;2599.368780806799;3605.113577052066;4999.99999995282
0;2611052388124;20;phasez;-1.5476;-1.54797;-1.54883;-1.54919;-1.54969;-1.5496;-1.5503;-1.55042;-1.55052;-1.55064;-1.55062;-1.55052;-1.55026;-1.54976;-1.54892;-1.54763;-1.5457;-1.54294;-1.53902;-1.5335
1;2611824590432;50;absz;9.2088e+06;7.8544e+06;6.71042e+06;5.72245e+06;4.88952e+06;4.17768e+06;3.5646e+06;3.04283e+06;2.59987e+06;2.22067e+06;1.89537e+06;1.61902e+06;1.38236e+06;1.18052e+06;1.00807e+06;860828;735074;627653;535982;457647;390777;333671;284896;243253;207701;177332;151409;129273;110369;94227.5;80444.3;68677.5;58629.8;50050.6;42726.1;36471.8;31131.5;26571;22677.6;19353;16513.5;14088.2;12016.5;10246.2;8733.01;7439.24;6332.39;5384.49;4571.83;3874.25
1;2611824590432;50;frequency;199.9999999213742;234.625769479635;275.2462588517801;322.8993264769997;378.802514688914;444.3841576318164;521.3198749487447;611.5753842550475;717.456725922716;841.6691823498468;987.3863981368913;1158.33146786315;1358.872060208682;1594.132014446359;1870.122253535556;2193.894364737048;2573.720768452858;3019.306079821149;3542.035062906734;4155.263512473084;4874.659497176026;5718.603679767398;6708.658946337209;7870.121340545211;9232.666380967203;10831.10727442716;12706.28439819177;14906.10877695531;17486.78621595445;20514.25336674129;24065.86241733066;28232.35745111674;33120.19296963342;38854.25382030405;45581.04601983359;53472.44000269313;62730.06193403319;73590.44528463698;86331.07429211862;101277.4737211686;118811.5260634959;139381.228686517;163512.140226203;191820.8086789974;225030.524286467;263989.7996954232;309694.0495706946;363311.0235703185;426210.642505751;499999.9999999716
1;2611824590432;50;phasez;-1.55217;-1.55248;-1.55181;-1.55201;-1.55188;-1.55184;-1.55278;-1.55287;-1.55269;-1.55301;-1.55275;-1.55263;-1.55298;-1.55301;-1.55304;-1.55311;-1.55309;-1.55302;-1.55306;-1.55299;-1.55293;-1.55283;-1.55271;-1.5525;-1.55228;-1.55199;-1.55163;-1.55117;-1.55061;-1.54993;-1.5491;-1.54811;-1.54692;-1.54551;-1.54383;-1.54184;-1.53948;-1.53669;-1.53338;-1.52947;-1.52486;-1.5194;-1.51295;-1.50534;-1.49635;-1.4857;-1.47309;-1.45811;-1.44023;-1.4188
2;2612597041792;50;absz;97097.6;86860.4;77654.3;69445.7;62098.8;55519;49653.2;44400.2;39705.7;35501.8;31745.2;28384.8;25378.8;22693.1;20290.9;18143.6;16222;14506.2;12969.8;11597.6;10369.8;9272.11;8290.5;7412.7;6627.84;5925.93;5298.47;4737.42;4235.52;3786.68;3385.33;3026.53;2705.44;2418.36;2161.54;1931.87;1726.42;1542.59;1378.16;1231.02;1099.4;981.647;876.329;782.159;698.055;623.017;556.191;496.932;444.659;398.998
2;2612597041792;50;frequency;20000.00000002444;22385.53853899816;25055.61678390222;28044.17375656954;31389.19662092121;35133.2035329932;39323.78408414649;44014.2042055669;49264.08322518227;55140.1516811012;61717.09952482729;69078.52549602467;77317.99973512921;86540.25314108083;96862.50859274992;108415.9709538568;121347.4948009008;135821.4510731415;152021.8163702936;170154.5114554648;190450.0186878266;213166.3116533389;238592.1342356312;267050.6708003728;298903.6541519141;334555.9634717432;374460.7706856584;419125.3006744233;469117.2785435782;525072.1459047724;587701.13789258;657800.3235824071;736260.7247225839;824079.6413975459;922373.3285811875;1032391.184709951;1155531.632626961;1293359.894754076;1447627.888434013;1620296.494325686;1813560.480908265;2029876.401899315;2271993.821195295;2542990.262224833;2846310.325953354;3185809.474764127;3565803.038745301;3991121.067296888;4467169.723268114;4999999.999999929
2;2612597041792;50;phasez;-1.55355;-1.55333;-1.55312;-1.55268;-1.55228;-1.55192;-1.55119;-1.55045;-1.54978;-1.54886;-1.54789;-1.54674;-1.54526;-1.54383;-1.54195;-1.54008;-1.53779;-1.53522;-1.53245;-1.52924;-1.52567;-1.52167;-1.51715;-1.51212;-1.5065;-1.50019;-1.49313;-1.48521;-1.47635;-1.46642;-1.45531;-1.44285;-1.4289;-1.41325;-1.39571;-1.37599;-1.35387;-1.32902;-1.30107;-1.26963;-1.2342;-1.19424;-1.1491;-1.09798;-1.03995;-0.974082;-0.898986;-0.813243;-0.71512;-0.602689
3;2612915063198;20;absz;19747.3;16099.7;13126.3;10697.5;8719.98;7108.2;5793.44;4722.31;3848.25;3136.17;2555.15;2081.15;1694.57;1379.18;1121.64;911.482;740.052;600.545;487.75;397.987
3;2612915063198;20;frequency;99999.99999990905;122862.535599424;150952.0265389597;185463.4873444638;227865.1431623047;279960.8926363817;343967.05137965;422606.6409511731;519225.2346839865;637933.2888043621;783781.0140572543;962973.2274171232;1183133.324347452;1453627.601814205;1785963.729760951;2194280.323268956;2695948.443325946;3312310.615921419;4069588.809647371;4999999.999999929
3;2612915063198;20;phasez;-1.54111;-1.53762;-1.53346;-1.52811;-1.52152;-1.51333;-1.50325;-1.4908;-1.4754;-1.45643;-1.43299;-1.40407;-1.3683;-1.32399;-1.26893;-1.20025;-1.11404;-1.00519;-0.866457;-0.688344
