0;7590766509707;20;absz;1.37735e+08;1.00434e+08;7.31698e+07;5.32858e+07;3.87877e+07;2.82241e+07;2.05355e+07;1.49354e+07;1.08602e+07;7.89599e+06;5.73984e+06;4.17185e+06;3.03192e+06;2.20312e+06;1.60065e+06;1.16278e+06;844592;613357;445352;323308
0;7590766509707;20;frequency;9.999999974752427;13.86918846435492;19.23543905490988;26.67799336109056;37.00021196095804;51.31629158938722;71.17153245417285;98.70914048804025;136.9015682683994;189.8713664161278;263.3361782500288;365.2259113806622;506.5387032487934;702.5280792305466;974.3494403835484;1351.343611730726;1874.203936580443;2599.368780806799;3605.113577052066;4999.99999995282
0;7590766509707;20;phasez;-1.51356;-1.51595;-1.51897;-1.5211;-1.52351;-1.52552;-1.52655;-1.52774;-1.52878;-1.5296;-1.53019;-1.53062;-1.53083;-1.53078;-1.53036;-1.52949;-1.52804;-1.52573;-1.52225;-1.51714
1;7591531704251;50;absz;7.43609e+06;6.36557e+06;5.44546e+06;4.66531e+06;3.99345e+06;3.41531e+06;2.92173e+06;2.50074e+06;2.139e+06;1.83029e+06;1.56577e+06;1.33974e+06;1.14619e+06;980641;838844;717561;613820;525049;449104;384114;328524;280966;240291;205491;175729;150278;128503;109887;93960.2;80344.6;68698.7;58741;50226.2;42944.3;36717.1;31392;26837.2;22941.9;19610.9;16761.4;14324.1;12238.7;10454.5;8927.32;7619.95;6500.32;5540.83;4717.87;4011.19;3403.5
1;7591531704251;50;frequency;199.9999999213742;234.625769479635;275.2462588517801;322.8993264769997;378.802514688914;444.3841576318164;521.3198749487447;611.5753842550475;717.456725922716;841.6691823498468;987.3863981368913;1158.33146786315;1358.872060208682;1594.132014446359;1870.122253535556;2193.894364737048;2573.720768452858;3019.306079821149;3542.035062906734;4155.263512473084;4874.659497176026;5718.603679767398;6708.658946337209;7870.121340545211;9232.666380967203;10831.10727442716;12706.28439819177;14906.10877695531;17486.78621595445;20514.25336674129;24065.86241733066;28232.35745111674;33120.19296963342;38854.25382030405;45581.04601983359;53472.44000269313;62730.06193403319;73590.44528463698;86331.07429211862;101277.4737211686;118811.5260634959;139381.228686517;163512.140226203;191820.8086789974;225030.524286467;263989.7996954232;309694.0495706946;363311.0235703185;426210.642505751;499999.9999999716
1;7591531704251;50;phasez;-1.53094;-1.52958;-1.53285;-1.53255;-1.53292;-1.53261;-1.53297;-1.53299;-1.53336;-1.53407;-1.53422;-1.5346;-1.53487;-1.53514;-1.53547;-1.53553;-1.53587;-1.53606;-1.53623;-1.53639;-1.53653;-1.53659;-1.53663;-1.53658;-1.53647;-1.53629;-1.53602;-1.53564;-1.53516;-1.53453;-1.53375;-1.53282;-1.53168;-1.53032;-1.52871;-1.52681;-1.52454;-1.52186;-1.51869;-1.51493;-1.51048;-1.50521;-1.49897;-1.49158;-1.48283;-1.47244;-1.46011;-1.44543;-1.42788;-1.40679
2;7592302944770;50;absz;82804.3;74110.4;66343.7;59413.8;53187.4;47607;42616.1;38150.9;34152.5;30570.7;27364.4;24496.3;21926;19627.2;17569.4;15726.3;14077.2;12601.1;11279.2;10095.4;9036.4;8087.81;7238.88;6478.78;5798.68;5189.76;4644.52;4156.53;3719.62;3328.49;2978.36;2664.89;2384.17;2132.86;1907.8;1706.3;1525.85;1364.18;1219.4;1089.73;973.587;869.562;776.383;692.967;618.38;551.737;492.28;439.454;392.751;351.825
2;7592302944770;50;frequency;20000.00000002444;22385.53853899816;25055.61678390222;28044.17375656954;31389.19662092121;35133.2035329932;39323.78408414649;44014.2042055669;49264.08322518227;55140.1516811012;61717.09952482729;69078.52549602467;77317.99973512921;86540.25314108083;96862.50859274992;108415.9709538568;121347.4948009008;135821.4510731415;152021.8163702936;170154.5114554648;190450.0186878266;213166.3116533389;238592.1342356312;267050.6708003728;298903.6541519141;334555.9634717432;374460.7706856584;419125.3006744233;469117.2785435782;525072.1459047724;587701.13789258;657800.3235824071;736260.7247225839;824079.6413975459;922373.3285811875;1032391.184709951;1155531.632626961;1293359.894754076;1447627.888434013;1620296.494325686;1813560.480908265;2029876.401899315;2271993.821195295;2542990.262224833;2846310.325953354;3185809.474764127;3565803.038745301;3991121.067296888;4467169.723268114;4999999.999999929
2;7592302944770;50;phasez;-1.53792;-1.53791;-1.5378;-1.53747;-1.53709;-1.53646;-1.53619;-1.53547;-1.5347;-1.53389;-1.53298;-1.53179;-1.53049;-1.52903;-1.52748;-1.52554;-1.5234;-1.52102;-1.5183;-1.5153;-1.51186;-1.50803;-1.50373;-1.49888;-1.49345;-1.48734;-1.48049;-1.47283;-1.46419;-1.45453;-1.44368;-1.43152;-1.41785;-1.4025;-1.38528;-1.36592;-1.34415;-1.31966;-1.29209;-1.26102;-1.22596;-1.18638;-1.14159;-1.09084;-1.03317;-0.967606;-0.892782;-0.807257;-0.709297;-0.596924
3;7592619512186;20;absz;17112;13977;11413;9321.16;7612.79;6216.15;5076.18;4144.33;3383.33;2761.52;2253.24;1837.74;1498.33;1220.61;993.499;807.704;655.794;531.867;431.357;351.01
3;7592619512186;20;frequency;99999.99999990905;122862.535599424;150952.0265389597;185463.4873444638;227865.1431623047;279960.8926363817;343967.05137965;422606.6409511731;519225.2346839865;637933.2888043621;783781.0140572543;962973.2274171232;1183133.324347452;1453627.601814205;1785963.729760951;2194280.323268956;2695948.443325946;3312310.615921419;4069588.809647371;4999999.999999929
3;7592619512186;20;phasez;-1.5266;-1.52339;-1.51934;-1.51428;-1.50801;-1.50023;-1.49046;-1.47839;-1.46346;-1.44498;-1.42209;-1.39376;-1.35863;-1.31498;-1.26061;-1.1926;-1.10705;-0.998759;-0.860455;-0.682499
