0;5808009272569;20;absz;1.42485e+08;1.03755e+08;7.55739e+07;5.49742e+07;3.99936e+07;2.90977e+07;2.11496e+07;1.53789e+07;1.11773e+07;8.12417e+06;5.9035e+06;4.28949e+06;3.11635e+06;2.26371e+06;1.64413e+06;1.19393e+06;866815;629250;456717;331438
0;5808009272569;20;frequency;9.999999974752427;13.86918846435492;19.23543905490988;26.67799336109056;37.00021196095804;51.31629158938722;71.17153245417285;98.70914048804025;136.9015682683994;189.8713664161278;263.3361782500288;365.2259113806622;506.5387032487934;702.5280792305466;974.3494403835484;1351.343611730726;1874.203936580443;2599.368780806799;3605.113577052066;4999.99999995282
0;5808009272569;20;phasez;-1.51985;-1.52287;-1.52404;-1.52611;-1.52721;-1.52808;-1.52938;-1.53033;-1.53103;-1.53169;-1.53216;-1.53248;-1.53265;-1.53259;-1.53221;-1.53137;-1.5299;-1.52759;-1.52409;-1.51895
1;5808780431899;50;absz;7.65349e+06;6.54512e+06;5.6021e+06;4.79558e+06;4.10253e+06;3.51188e+06;3.00335e+06;2.56929e+06;2.19806e+06;1.88061e+06;1.60824e+06;1.37602e+06;1.17691e+06;1.00662e+06;860866;736353;629744;538565;460553;393868;336801;287983;246254;210553;180027;153920;131596;112508;96185.4;82229.9;70297.1;60096;51372.3;43914.9;37539.5;32087.7;27426.3;23441.1;20033.2;17119;14626.9;12495.4;10671.8;9111.56;7775.99;6632.44;5652.63;4812.36;4090.99;3470.69
1;5808780431899;50;frequency;199.9999999213742;234.625769479635;275.2462588517801;322.8993264769997;378.802514688914;444.3841576318164;521.3198749487447;611.5753842550475;717.456725922716;841.6691823498468;987.3863981368913;1158.33146786315;1358.872060208682;1594.132014446359;1870.122253535556;2193.894364737048;2573.720768452858;3019.306079821149;3542.035062906734;4155.263512473084;4874.659497176026;5718.603679767398;6708.658946337209;7870.121340545211;9232.666380967203;10831.10727442716;12706.28439819177;14906.10877695531;17486.78621595445;20514.25336674129;24065.86241733066;28232.35745111674;33120.19296963342;38854.25382030405;45581.04601983359;53472.44000269313;62730.06193403319;73590.44528463698;86331.07429211862;101277.4737211686;118811.5260634959;139381.228686517;163512.140226203;191820.8086789974;225030.524286467;263989.7996954232;309694.0495706946;363311.0235703185;426210.642505751;499999.9999999716
1;5808780431899;50;phasez;-1.53234;-1.53372;-1.53233;-1.53321;-1.53429;-1.53449;-1.53483;-1.53514;-1.53562;-1.53589;-1.53597;-1.53632;-1.53677;-1.53711;-1.53726;-1.5376;-1.53767;-1.53795;-1.53809;-1.53824;-1.53835;-1.53842;-1.53845;-1.53841;-1.53833;-1.53817;-1.53789;-1.53754;-1.53705;-1.53645;-1.5357;-1.53477;-1.53364;-1.5323;-1.53069;-1.52877;-1.52649;-1.52379;-1.52059;-1.5168;-1.51231;-1.507;-1.50073;-1.49332;-1.48454;-1.47415;-1.46182;-1.44716;-1.42963;-1.40858
2;5809548511691;50;absz;84730.1;75858.9;67880.4;60769.1;54397.8;48684.4;43581.4;39007.2;34913.4;31245.5;27965.7;25029.6;22401.3;20047.8;17944.4;16059.9;14373.9;12864.9;11513.3;10304.5;9221.97;8253.29;7386.09;6610.08;5915.36;5293.76;4737.16;4238.99;3793.03;3393.82;3036.42;2716.54;2430.14;2173.7;1944.09;1738.51;1554.42;1389.6;1241.97;1109.78;991.377;885.341;790.427;705.448;629.48;561.598;501.076;447.318;399.789;358.174
2;5809548511691;50;frequency;20000.00000002444;22385.53853899816;25055.61678390222;28044.17375656954;31389.19662092121;35133.2035329932;39323.78408414649;44014.2042055669;49264.08322518227;55140.1516811012;61717.09952482729;69078.52549602467;77317.99973512921;86540.25314108083;96862.50859274992;108415.9709538568;121347.4948009008;135821.4510731415;152021.8163702936;170154.5114554648;190450.0186878266;213166.3116533389;238592.1342356312;267050.6708003728;298903.6541519141;334555.9634717432;374460.7706856584;419125.3006744233;469117.2785435782;525072.1459047724;587701.13789258;657800.3235824071;736260.7247225839;824079.6413975459;922373.3285811875;1032391.184709951;1155531.632626961;1293359.894754076;1447627.888434013;1620296.494325686;1813560.480908265;2029876.401899315;2271993.821195295;2542990.262224833;2846310.325953354;3185809.474764127;3565803.038745301;3991121.067296888;4467169.723268114;4999999.999999929
2;5809548511691;50;phasez;-1.54025;-1.54021;-1.5396;-1.53955;-1.53908;-1.53875;-1.53809;-1.53741;-1.53665;-1.53585;-1.53484;-1.53376;-1.53243;-1.53096;-1.52927;-1.52742;-1.52526;-1.52284;-1.52012;-1.51704;-1.51358;-1.50975;-1.50543;-1.5006;-1.49516;-1.48907;-1.48223;-1.47457;-1.46597;-1.45634;-1.44552;-1.43337;-1.41974;-1.40444;-1.38725;-1.36793;-1.3462;-1.32175;-1.29421;-1.26318;-1.22818;-1.18862;-1.1439;-1.09318;-1.0356;-0.9701;-0.895363;-0.809944;-0.712106;-0.599869
3;5809867951849;20;absz;17472.3;14269.4;11649.6;9512.38;7767.8;6341.16;5177.2;4226.14;3449.48;2815.08;2296.36;1872.43;1526.28;1243.09;1011.58;822.25;667.507;541.326;439.036;357.313
3;5809867951849;20;frequency;99999.99999990905;122862.535599424;150952.0265389597;185463.4873444638;227865.1431623047;279960.8926363817;343967.05137965;422606.6409511731;519225.2346839865;637933.2888043621;783781.0140572543;962973.2274171232;1183133.324347452;1453627.601814205;1785963.729760951;2194280.323268956;2695948.443325946;3312310.615921419;4069588.809647371;4999999.999999929
3;5809867951849;20;phasez;-1.52838;-1.52518;-1.52116;-1.51602;-1.50972;-1.50188;-1.49217;-1.48016;-1.46528;-1.44684;-1.42404;-1.39577;-1.36071;-1.31713;-1.26283;-1.19493;-1.10948;-1.00133;-0.863208;-0.68551
