0;150620659074;20;absz;3.12781e+08;2.2564e+08;1.62871e+08;1.17634e+08;8.48836e+07;6.12383e+07;4.42261e+07;3.19272e+07;2.30476e+07;1.66335e+07;1.20071e+07;8.66718e+06;6.25633e+06;4.51587e+06;3.25963e+06;2.35286e+06;1.69833e+06;1.22585e+06;884782;638615
0;150620659074;20;frequency;9.999999974752427;13.86918846435492;19.23543905490988;26.67799336109056;37.00021196095804;51.31629158938722;71.17153245417285;98.70914048804025;136.9015682683994;189.8713664161278;263.3361782500288;365.2259113806622;506.5387032487934;702.5280792305466;974.3494403835484;1351.343611730726;1874.203936580443;2599.368780806799;3605.113577052066;4999.99999995282
0;150620659074;20;phasez;-1.56513;-1.56564;-1.56493;-1.56504;-1.56555;-1.56493;-1.56538;-1.56517;-1.56498;-1.56474;-1.56435;-1.56393;-1.56338;-1.56258;-1.56146;-1.55997;-1.5578;-1.55481;-1.55064;-1.54481
1;151390639069;50;absz;1.55983e+07;1.33569e+07;1.14014e+07;9.73244e+06;8.27896e+06;7.06022e+06;6.03434e+06;5.13562e+06;4.38226e+06;3.73758e+06;3.18806e+06;2.71856e+06;2.3191e+06;1.9778e+06;1.68713e+06;1.43855e+06;1.22696e+06;1.04647e+06;892419;761120;649099;553585;472134;402637;343401;292881;249789;213043;181712;154985;132187;112750;96169.1;82027.3;69965.8;59677.4;50900.4;43412.2;37023.6;31573;26921.9;22952.4;19563.9;16671;14200.3;12088.6;10283.4;8738.7;7415.25;6279.86
1;151390639069;50;frequency;199.9999999213742;234.625769479635;275.2462588517801;322.8993264769997;378.802514688914;444.3841576318164;521.3198749487447;611.5753842550475;717.456725922716;841.6691823498468;987.3863981368913;1158.33146786315;1358.872060208682;1594.132014446359;1870.122253535556;2193.894364737048;2573.720768452858;3019.306079821149;3542.035062906734;4155.263512473084;4874.659497176026;5718.603679767398;6708.658946337209;7870.121340545211;9232.666380967203;10831.10727442716;12706.28439819177;14906.10877695531;17486.78621595445;20514.25336674129;24065.86241733066;28232.35745111674;33120.19296963342;38854.25382030405;45581.04601983359;53472.44000269313;62730.06193403319;73590.44528463698;86331.07429211862;101277.4737211686;118811.5260634959;139381.228686517;163512.140226203;191820.8086789974;225030.524286467;263989.7996954232;309694.0495706946;363311.0235703185;426210.642505751;499999.9999999716
1;151390639069;50;phasez;-1.56454;-1.5671;-1.56506;-1.56549;-1.56644;-1.56576;-1.56651;-1.56527;-1.56488;-1.56521;-1.5654;-1.56531;-1.5653;-1.56544;-1.56501;-1.56494;-1.56497;-1.56483;-1.56467;-1.56447;-1.56421;-1.56397;-1.56368;-1.56331;-1.56284;-1.56235;-1.56175;-1.56107;-1.56027;-1.55934;-1.55829;-1.55706;-1.55565;-1.55401;-1.55212;-1.54993;-1.54738;-1.54441;-1.54093;-1.53688;-1.53214;-1.52658;-1.52006;-1.51238;-1.50334;-1.49268;-1.48007;-1.46511;-1.44728;-1.4259
2;152161712531;50;absz;159818;142845;127621;114061;101905;91062.4;81405.5;72748.8;65016.4;58090.4;51911.4;46393.2;41464.1;37046.8;33115.6;29594.2;26449.2;23638.6;21123.9;18879.4;16874.6;15080.4;13478.3;12046.1;10766.1;9622.2;8599.45;7685.51;6868.55;6138.21;5485.55;4902.15;4380.58;3914.4;3497.6;3125.04;2792.07;2494.37;2228.28;1990.49;1777.95;1588.06;1418.48;1267.03;1132.2;1012.17;905.614;811.523;728.988;657.507
2;152161712531;50;frequency;20000.00000002444;22385.53853899816;25055.61678390222;28044.17375656954;31389.19662092121;35133.2035329932;39323.78408414649;44014.2042055669;49264.08322518227;55140.1516811012;61717.09952482729;69078.52549602467;77317.99973512921;86540.25314108083;96862.50859274992;108415.9709538568;121347.4948009008;135821.4510731415;152021.8163702936;170154.5114554648;190450.0186878266;213166.3116533389;238592.1342356312;267050.6708003728;298903.6541519141;334555.9634717432;374460.7706856584;419125.3006744233;469117.2785435782;525072.1459047724;587701.13789258;657800.3235824071;736260.7247225839;824079.6413975459;922373.3285811875;1032391.184709951;1155531.632626961;1293359.894754076;1447627.888434013;1620296.494325686;1813560.480908265;2029876.401899315;2271993.821195295;2542990.262224833;2846310.325953354;3185809.474764127;3565803.038745301;3991121.067296888;4467169.723268114;4999999.999999929
2;152161712531;50;phasez;-1.56314;-1.56275;-1.56222;-1.56152;-1.56096;-1.56065;-1.5599;-1.55902;-1.55802;-1.55702;-1.55571;-1.55454;-1.55297;-1.55139;-1.54946;-1.54735;-1.54502;-1.54248;-1.53957;-1.53636;-1.53272;-1.5287;-1.52415;-1.51915;-1.51352;-1.50717;-1.50017;-1.49231;-1.4835;-1.47364;-1.4626;-1.45025;-1.43636;-1.42082;-1.40339;-1.38383;-1.36187;-1.33718;-1.30942;-1.27819;-1.24299;-1.2033;-1.15847;-1.10769;-1.05006;-0.984677;-0.910186;-0.825188;-0.728018;-0.616776
3;152478042187;20;absz;32229.2;26256.9;21388;17422.7;14190.3;11553.8;9409.18;7662.98;6239.44;5080.94;4136.6;3367.47;2740.85;2230.06;1813.87;1475.23;1199.65;976.484;797.11;655.938
3;152478042187;20;frequency;99999.99999990905;122862.535599424;150952.0265389597;185463.4873444638;227865.1431623047;279960.8926363817;343967.05137965;422606.6409511731;519225.2346839865;637933.2888043621;783781.0140572543;962973.2274171232;1183133.324347452;1453627.601814205;1785963.729760951;2194280.323268956;2695948.443325946;3312310.615921419;4069588.809647371;4999999.999999929
3;152478042187;20;phasez;-1.54846;-1.54498;-1.54063;-1.53523;-1.52846;-1.52036;-1.51028;-1.49782;-1.48253;-1.46371;-1.44049;-1.41177;-1.37627;-1.33228;-1.2776;-1.20942;-1.1238;-1.01581;-0.878324;-0.702154
