0;387695397583;20;absz;2.58644e+08;1.87046e+08;1.35219e+08;9.7795e+07;7.07028e+07;5.11075e+07;3.69649e+07;2.67284e+07;1.93289e+07;1.39757e+07;1.01071e+07;7.30878e+06;5.28578e+06;3.82273e+06;2.76447e+06;1.99918e+06;1.44565e+06;1.04535e+06;755907;546588
0;387695397583;20;frequency;9.999999974752427;13.86918846435492;19.23543905490988;26.67799336109056;37.00021196095804;51.31629158938722;71.17153245417285;98.70914048804025;136.9015682683994;189.8713664161278;263.3361782500288;365.2259113806622;506.5387032487934;702.5280792305466;974.3494403835484;1351.343611730726;1874.203936580443;2599.368780806799;3605.113577052066;4999.99999995282
0;387695397583;20;phasez;-1.55634;-1.55773;-1.55692;-1.55647;-1.55699;-1.55736;-1.55691;-1.55663;-1.55633;-1.55603;-1.55559;-1.55505;-1.55444;-1.55365;-1.55256;-1.55101;-1.5489;-1.54588;-1.54166;-1.53579
1;388466616710;50;absz;1.31569e+07;1.12102e+07;9.59584e+06;8.17581e+06;6.99247e+06;5.96936e+06;5.09672e+06;4.34707e+06;3.70976e+06;3.16858e+06;2.70542e+06;2.30819e+06;1.9708e+06;1.68206e+06;1.43577e+06;1.22559e+06;1.04615e+06;893072;762312;650706;555412;474116;404741;345491;294940;251777;214937;183487;156639;133729;114168;97468.2;83213.6;71044.6;60654.5;51784.3;44210;37742.8;32220.1;27503.4;23474.2;20032.9;17092.6;14579.3;12430.9;10593.1;9020.11;7672.79;6517.31;5524.98
1;388466616710;50;frequency;199.9999999213742;234.625769479635;275.2462588517801;322.8993264769997;378.802514688914;444.3841576318164;521.3198749487447;611.5753842550475;717.456725922716;841.6691823498468;987.3863981368913;1158.33146786315;1358.872060208682;1594.132014446359;1870.122253535556;2193.894364737048;2573.720768452858;3019.306079821149;3542.035062906734;4155.263512473084;4874.659497176026;5718.603679767398;6708.658946337209;7870.121340545211;9232.666380967203;10831.10727442716;12706.28439819177;14906.10877695531;17486.78621595445;20514.25336674129;24065.86241733066;28232.35745111674;33120.19296963342;38854.25382030405;45581.04601983359;53472.44000269313;62730.06193403319;73590.44528463698;86331.07429211862;101277.4737211686;118811.5260634959;139381.228686517;163512.140226203;191820.8086789974;225030.524286467;263989.7996954232;309694.0495706946;363311.0235703185;426210.642505751;499999.9999999716
1;388466616710;50;phasez;-1.55821;-1.55898;-1.55788;-1.55746;-1.5568;-1.55686;-1.55719;-1.557;-1.55603;-1.55616;-1.55644;-1.55665;-1.55614;-1.55625;-1.55616;-1.55613;-1.55612;-1.55599;-1.55572;-1.55548;-1.5553;-1.55497;-1.55467;-1.55424;-1.55379;-1.55326;-1.55264;-1.55193;-1.5511;-1.55015;-1.54905;-1.5478;-1.54634;-1.54466;-1.54272;-1.54049;-1.5379;-1.53489;-1.53139;-1.5273;-1.52252;-1.51693;-1.51036;-1.50265;-1.49358;-1.48289;-1.47025;-1.45526;-1.43741;-1.41602
2;389237659907;50;absz;137800;123256;110228;98565.1;88153.5;78842.1;70499.5;63034.3;56373.1;50418.4;45079;40310.9;36057.8;32245.2;28836.3;25787.1;23062.9;20625;18445.7;16497;14754.3;13195.8;11802.2;10555.5;9440.58;8443.13;7551.03;6753.32;6039.58;5401.3;4830.24;4319.54;3862.62;3453.94;3088.3;2761.13;2468.52;2206.78;1972.57;1763.1;1575.76;1408.23;1258.44;1124.53;1005.22;898.853;804.358;720.763;647.312;583.575
2;389237659907;50;frequency;20000.00000002444;22385.53853899816;25055.61678390222;28044.17375656954;31389.19662092121;35133.2035329932;39323.78408414649;44014.2042055669;49264.08322518227;55140.1516811012;61717.09952482729;69078.52549602467;77317.99973512921;86540.25314108083;96862.50859274992;108415.9709538568;121347.4948009008;135821.4510731415;152021.8163702936;170154.5114554648;190450.0186878266;213166.3116533389;238592.1342356312;267050.6708003728;298903.6541519141;334555.9634717432;374460.7706856584;419125.3006744233;469117.2785435782;525072.1459047724;587701.13789258;657800.3235824071;736260.7247225839;824079.6413975459;922373.3285811875;1032391.184709951;1155531.632626961;1293359.894754076;1447627.888434013;1620296.494325686;1813560.480908265;2029876.401899315;2271993.821195295;2542990.262224833;2846310.325953354;3185809.474764127;3565803.038745301;3991121.067296888;4467169.723268114;4999999.999999929
2;389237659907;50;phasez;-1.5539;-1.5532;-1.55302;-1.55211;-1.55146;-1.55122;-1.5503;-1.54956;-1.54861;-1.54754;-1.54621;-1.5449;-1.54347;-1.5418;-1.53992;-1.53784;-1.53538;-1.53278;-1.52991;-1.52665;-1.52302;-1.51893;-1.51443;-1.50934;-1.50369;-1.4974;-1.49032;-1.48244;-1.47361;-1.46373;-1.45267;-1.44029;-1.42642;-1.41085;-1.39342;-1.37384;-1.35185;-1.32715;-1.29937;-1.26812;-1.23289;-1.19317;-1.14829;-1.09751;-1.03978;-0.97432;-0.899719;-0.814582;-0.717218;-0.60575
3;389557203841;20;absz;28066.5;22894.4;18671.9;15228.6;12417;10123.9;8256.22;6732.18;5489.26;4475.72;3648.42;2973.94;2423.28;1973.93;1607.48;1308.5;1064.9;867.145;707.887;582.143
3;389557203841;20;frequency;99999.99999990905;122862.535599424;150952.0265389597;185463.4873444638;227865.1431623047;279960.8926363817;343967.05137965;422606.6409511731;519225.2346839865;637933.2888043621;783781.0140572543;962973.2274171232;1183133.324347452;1453627.601814205;1785963.729760951;2194280.323268956;2695948.443325946;3312310.615921419;4069588.809647371;4999999.999999929
3;389557203841;20;phasez;-1.53892;-1.53527;-1.53088;-1.52548;-1.51879;-1.51055;-1.50043;-1.488;-1.47266;-1.45383;-1.43054;-1.40181;-1.36628;-1.32225;-1.26755;-1.19931;-1.11361;-1.0055;-0.867784;-0.691215
