0;2719848317982;20;absz;1.76277e+08;1.27734e+08;9.25138e+07;6.70187e+07;4.85488e+07;3.51334e+07;2.54504e+07;1.84348e+07;1.33478e+07;9.66434e+06;6.99667e+06;5.06514e+06;3.66657e+06;2.65406e+06;1.92101e+06;1.39036e+06;1.00626e+06;728218;526988;381339
0;2719848317982;20;frequency;9.999999974752427;13.86918846435492;19.23543905490988;26.67799336109056;37.00021196095804;51.31629158938722;71.17153245417285;98.70914048804025;136.9015682683994;189.8713664161278;263.3361782500288;365.2259113806622;506.5387032487934;702.5280792305466;974.3494403835484;1351.343611730726;1874.203936580443;2599.368780806799;3605.113577052066;4999.99999995282
0;2719848317982;20;phasez;-1.54634;-1.54643;-1.54733;-1.54813;-1.54858;-1.5493;-1.54954;-1.54974;-1.54988;-1.55006;-1.5501;-1.54998;-1.54968;-1.54919;-1.54832;-1.547;-1.54509;-1.54231;-1.53836;-1.53281
1;2720618949158;50;absz;9.11611e+06;7.76234e+06;6.64776e+06;5.66999e+06;4.84827e+06;4.13781e+06;3.53471e+06;3.01843e+06;2.57623e+06;2.20017e+06;1.8795e+06;1.60511e+06;1.3705e+06;1.17038e+06;999471;853535;728879;622439;531488;453879;387569;330949;282618;241318;206060;175953;150242;128286;109537;93525.7;79854.8;68178.6;58210.2;49698.8;42429.4;36221.5;30919.9;26393.2;22527.5;19226;16406.2;13997.6;11939.6;10180.9;8677.83;7392.44;6292.64;5350.73;4543.25;3849.99
1;2720618949158;50;frequency;199.9999999213742;234.625769479635;275.2462588517801;322.8993264769997;378.802514688914;444.3841576318164;521.3198749487447;611.5753842550475;717.456725922716;841.6691823498468;987.3863981368913;1158.33146786315;1358.872060208682;1594.132014446359;1870.122253535556;2193.894364737048;2573.720768452858;3019.306079821149;3542.035062906734;4155.263512473084;4874.659497176026;5718.603679767398;6708.658946337209;7870.121340545211;9232.666380967203;10831.10727442716;12706.28439819177;14906.10877695531;17486.78621595445;20514.25336674129;24065.86241733066;28232.35745111674;33120.19296963342;38854.25382030405;45581.04601983359;53472.44000269313;62730.06193403319;73590.44528463698;86331.07429211862;101277.4737211686;118811.5260634959;139381.228686517;163512.140226203;191820.8086789974;225030.524286467;263989.7996954232;309694.0495706946;363311.0235703185;426210.642505751;499999.9999999716
1;2720618949158;50;phasez;-1.55229;-1.55169;-1.55186;-1.55027;-1.55126;-1.55149;-1.55211;-1.55185;-1.55198;-1.55203;-1.55239;-1.55212;-1.55235;-1.55247;-1.55244;-1.55247;-1.55239;-1.55239;-1.55237;-1.55231;-1.55222;-1.55212;-1.55196;-1.55175;-1.55151;-1.55121;-1.55083;-1.55036;-1.5498;-1.54913;-1.5483;-1.54732;-1.54614;-1.54475;-1.54309;-1.54113;-1.53881;-1.53605;-1.53279;-1.52893;-1.52436;-1.51896;-1.51257;-1.50502;-1.49608;-1.4855;-1.47294;-1.45802;-1.4402;-1.41882
2;2721388123003;50;absz;96382.1;86243.8;77110.8;68953;61663.5;55148.7;49310.3;44097.7;39429.9;35260.3;31531.5;28197.4;25212.5;22546.8;20159.9;18025.9;16118.9;14414.2;12888.8;11524.7;10304.6;9214.02;8238.83;7366.74;6586.95;5889.37;5265.86;4708.27;4209.4;3763.31;3364.47;3007.67;2688.63;2403.26;2147.97;1919.67;1715.47;1532.79;1369.33;1223.1;1092.27;975.234;870.554;776.909;693.348;618.759;552.336;493.418;441.448;396.053
2;2721388123003;50;frequency;20000.00000002444;22385.53853899816;25055.61678390222;28044.17375656954;31389.19662092121;35133.2035329932;39323.78408414649;44014.2042055669;49264.08322518227;55140.1516811012;61717.09952482729;69078.52549602467;77317.99973512921;86540.25314108083;96862.50859274992;108415.9709538568;121347.4948009008;135821.4510731415;152021.8163702936;170154.5114554648;190450.0186878266;213166.3116533389;238592.1342356312;267050.6708003728;298903.6541519141;334555.9634717432;374460.7706856584;419125.3006744233;469117.2785435782;525072.1459047724;587701.13789258;657800.3235824071;736260.7247225839;824079.6413975459;922373.3285811875;1032391.184709951;1155531.632626961;1293359.894754076;1447627.888434013;1620296.494325686;1813560.480908265;2029876.401899315;2271993.821195295;2542990.262224833;2846310.325953354;3185809.474764127;3565803.038745301;3991121.067296888;4467169.723268114;4999999.999999929
2;2721388123003;50;phasez;-1.55298;-1.55236;-1.55198;-1.55222;-1.5515;-1.55107;-1.5505;-1.54997;-1.54919;-1.54819;-1.5473;-1.54606;-1.54469;-1.54321;-1.5414;-1.53947;-1.53729;-1.53476;-1.53201;-1.52887;-1.52533;-1.52136;-1.5169;-1.51191;-1.50634;-1.50006;-1.49306;-1.48518;-1.47636;-1.46647;-1.45541;-1.443;-1.42906;-1.41346;-1.39594;-1.37627;-1.35419;-1.32938;-1.30147;-1.27006;-1.23467;-1.19474;-1.14964;-1.09857;-1.04058;-0.974736;-0.899679;-0.813948;-0.715869;-0.60347
3;2721704330298;20;absz;19623.8;16000.5;13044.7;10632.1;8667.46;7065.49;5758.55;4693.89;3825.09;3117.23;2539.62;2068.43;1684.14;1370.57;1114.57;905.633;735.197;596.521;484.375;395.111
3;2721704330298;20;frequency;99999.99999990905;122862.535599424;150952.0265389597;185463.4873444638;227865.1431623047;279960.8926363817;343967.05137965;422606.6409511731;519225.2346839865;637933.2888043621;783781.0140572543;962973.2274171232;1183133.324347452;1453627.601814205;1785963.729760951;2194280.323268956;2695948.443325946;3312310.615921419;4069588.809647371;4999999.999999929
3;2721704330298;20;phasez;-1.54054;-1.53721;-1.533;-1.52779;-1.52122;-1.51317;-1.50313;-1.49075;-1.47542;-1.45651;-1.43317;-1.40431;-1.36862;-1.32438;-1.26938;-1.20078;-1.11463;-1.00583;-0.867151;-0.689093
