0;1896841193624;20;absz;1.9184e+08;1.38783e+08;1.00458e+08;7.26578e+07;5.25852e+07;3.80431e+07;2.7514e+07;1.99093e+07;1.44034e+07;1.0418e+07;7.53479e+06;5.44918e+06;3.94077e+06;2.84915e+06;2.05962e+06;1.4887e+06;1.07594e+06;777564;561918;406066
0;1896841193624;20;frequency;9.999999974752427;13.86918846435492;19.23543905490988;26.67799336109056;37.00021196095804;51.31629158938722;71.17153245417285;98.70914048804025;136.9015682683994;189.8713664161278;263.3361782500288;365.2259113806622;506.5387032487934;702.5280792305466;974.3494403835484;1351.343611730726;1874.203936580443;2599.368780806799;3605.113577052066;4999.99999995282
0;1896841193624;20;phasez;-1.55299;-1.55387;-1.55341;-1.55403;-1.55429;-1.55508;-1.55447;-1.55482;-1.55493;-1.55504;-1.55515;-1.5552;-1.55512;-1.55482;-1.55415;-1.55298;-1.55111;-1.54829;-1.54421;-1.53841
1;1897610881211;50;absz;9.78649e+06;8.36356e+06;7.15767e+06;6.10945e+06;5.21233e+06;4.4479e+06;3.79613e+06;3.24109e+06;2.76567e+06;2.36051e+06;2.01468e+06;1.71968e+06;1.46737e+06;1.25231e+06;1.06866e+06;911973;778290;664150;566785;483658;412738;352216;300572;256501;218900;186813;159437;136072;116135;99117.2;84598.5;72208.7;61633.3;52608.6;44906.3;38332;32720.1;27928.7;23838.6;20346.5;17363.9;14817;12640.9;10781.8;9192.47;7833.3;6670.2;5674;4819.81;4086.18
1;1897610881211;50;frequency;199.9999999213742;234.625769479635;275.2462588517801;322.8993264769997;378.802514688914;444.3841576318164;521.3198749487447;611.5753842550475;717.456725922716;841.6691823498468;987.3863981368913;1158.33146786315;1358.872060208682;1594.132014446359;1870.122253535556;2193.894364737048;2573.720768452858;3019.306079821149;3542.035062906734;4155.263512473084;4874.659497176026;5718.603679767398;6708.658946337209;7870.121340545211;9232.666380967203;10831.10727442716;12706.28439819177;14906.10877695531;17486.78621595445;20514.25336674129;24065.86241733066;28232.35745111674;33120.19296963342;38854.25382030405;45581.04601983359;53472.44000269313;62730.06193403319;73590.44528463698;86331.07429211862;101277.4737211686;118811.5260634959;139381.228686517;163512.140226203;191820.8086789974;225030.524286467;263989.7996954232;309694.0495706946;363311.0235703185;426210.642505751;499999.9999999716
1;1897610881211;50;phasez;-1.55476;-1.55689;-1.55637;-1.55558;-1.5572;-1.55824;-1.55706;-1.55757;-1.55781;-1.55798;-1.55832;-1.55818;-1.55846;-1.55845;-1.55846;-1.55846;-1.55841;-1.55837;-1.55819;-1.5581;-1.55784;-1.55759;-1.55724;-1.55681;-1.55632;-1.55573;-1.55507;-1.55429;-1.55341;-1.55238;-1.55118;-1.54981;-1.54825;-1.54646;-1.5444;-1.54203;-1.53931;-1.53614;-1.53248;-1.52822;-1.52326;-1.51748;-1.51071;-1.50279;-1.49349;-1.48256;-1.46967;-1.45442;-1.4363;-1.41462
2;1898382062296;50;absz;102163;91360.3;81686.9;73030.9;65299.1;58385.7;52203.7;46672.6;41738.5;37315.5;33369.8;29837.6;26677.1;23858.2;21332.7;19077;17060.3;15256.7;13644.4;12201.8;10912.9;9759.66;8728.48;7806.08;6981.59;6243.93;5584.36;4994.54;4466.91;3994.82;3572.67;3195.1;2857.22;2555;2284.64;2042.69;1826.25;1632.57;1459.21;1304.09;1165.27;1041.08;929.964;830.558;741.832;662.631;592.119;529.599;474.483;426.401
2;1898382062296;50;frequency;20000.00000002444;22385.53853899816;25055.61678390222;28044.17375656954;31389.19662092121;35133.2035329932;39323.78408414649;44014.2042055669;49264.08322518227;55140.1516811012;61717.09952482729;69078.52549602467;77317.99973512921;86540.25314108083;96862.50859274992;108415.9709538568;121347.4948009008;135821.4510731415;152021.8163702936;170154.5114554648;190450.0186878266;213166.3116533389;238592.1342356312;267050.6708003728;298903.6541519141;334555.9634717432;374460.7706856584;419125.3006744233;469117.2785435782;525072.1459047724;587701.13789258;657800.3235824071;736260.7247225839;824079.6413975459;922373.3285811875;1032391.184709951;1155531.632626961;1293359.894754076;1447627.888434013;1620296.494325686;1813560.480908265;2029876.401899315;2271993.821195295;2542990.262224833;2846310.325953354;3185809.474764127;3565803.038745301;3991121.067296888;4467169.723268114;4999999.999999929
2;1898382062296;50;phasez;-1.55594;-1.55558;-1.55519;-1.55441;-1.55398;-1.55309;-1.55235;-1.55131;-1.55023;-1.54916;-1.54788;-1.54624;-1.54474;-1.54293;-1.54093;-1.53862;-1.53617;-1.5334;-1.53035;-1.52693;-1.52315;-1.51888;-1.51423;-1.50898;-1.50315;-1.49665;-1.48939;-1.48133;-1.4723;-1.4622;-1.45094;-1.43833;-1.42421;-1.40842;-1.39072;-1.37089;-1.34864;-1.32366;-1.2956;-1.26404;-1.2285;-1.18844;-1.14318;-1.092;-1.03388;-0.967905;-0.892743;-0.806943;-0.708791;-0.596364
3;1898698524276;20;absz;20766.3;16936.7;13812.3;11259.8;9181.07;7488.21;6105.66;4979.42;4060.3;3310.98;2699.49;2200.4;1792.98;1460.54;1188.95;967.23;786.291;639.052;520.002;425.388
3;1898698524276;20;frequency;99999.99999990905;122862.535599424;150952.0265389597;185463.4873444638;227865.1431623047;279960.8926363817;343967.05137965;422606.6409511731;519225.2346839865;637933.2888043621;783781.0140572543;962973.2274171232;1183133.324347452;1453627.601814205;1785963.729760951;2194280.323268956;2695948.443325946;3312310.615921419;4069588.809647371;4999999.999999929
3;1898698524276;20;phasez;-1.53993;-1.53611;-1.53141;-1.52563;-1.51863;-1.5101;-1.49965;-1.48686;-1.47118;-1.45192;-1.42824;-1.39905;-1.36304;-1.31849;-1.26323;-1.19434;-1.10796;-0.998952;-0.8601;-0.681936
