0;1099048123967;20;absz;2.10988e+08;1.52639e+08;1.10262e+08;7.97219e+07;5.76201e+07;4.16371e+07;3.0123e+07;2.17784e+07;1.57469e+07;1.13848e+07;8.23289e+06;5.95385e+06;4.30588e+06;3.11442e+06;2.25267e+06;1.62944e+06;1.17869e+06;852643;616844;446281
0;1099048123967;20;frequency;9.999999974752427;13.86918846435492;19.23543905490988;26.67799336109056;37.00021196095804;51.31629158938722;71.17153245417285;98.70914048804025;136.9015682683994;189.8713664161278;263.3361782500288;365.2259113806622;506.5387032487934;702.5280792305466;974.3494403835484;1351.343611730726;1874.203936580443;2599.368780806799;3605.113577052066;4999.99999995282
0;1099048123967;20;phasez;-1.55836;-1.5583;-1.55878;-1.55812;-1.55775;-1.55794;-1.55741;-1.55706;-1.55651;-1.55612;-1.5555;-1.55481;-1.55394;-1.55284;-1.55143;-1.54958;-1.54712;-1.54375;-1.53919;-1.53297
1;1099818255709;50;absz;1.07379e+07;9.16052e+06;7.81752e+06;6.67387e+06;5.68784e+06;4.85904e+06;4.14695e+06;3.54263e+06;3.02356e+06;2.58103e+06;2.20287e+06;1.88177e+06;1.6063e+06;1.37108e+06;1.17075e+06;999457;853391;728636;622123;531166;453544;387268;330692;282377;241139;205929;175866;150194;128275;109558;93577.5;79928.7;68271.5;58317.8;49815.7;42553.4;36349.4;31049.5;26521.5;22653.1;19346.6;16520.9;14105.1;12039.1;10271.8;8759.42;7463.97;6353.71;5400.77;4581.71
1;1099818255709;50;frequency;199.9999999213742;234.625769479635;275.2462588517801;322.8993264769997;378.802514688914;444.3841576318164;521.3198749487447;611.5753842550475;717.456725922716;841.6691823498468;987.3863981368913;1158.33146786315;1358.872060208682;1594.132014446359;1870.122253535556;2193.894364737048;2573.720768452858;3019.306079821149;3542.035062906734;4155.263512473084;4874.659497176026;5718.603679767398;6708.658946337209;7870.121340545211;9232.666380967203;10831.10727442716;12706.28439819177;14906.10877695531;17486.78621595445;20514.25336674129;24065.86241733066;28232.35745111674;33120.19296963342;38854.25382030405;45581.04601983359;53472.44000269313;62730.06193403319;73590.44528463698;86331.07429211862;101277.4737211686;118811.5260634959;139381.228686517;163512.140226203;191820.8086789974;225030.524286467;263989.7996954232;309694.0495706946;363311.0235703185;426210.642505751;499999.9999999716
1;1099818255709;50;phasez;-1.55838;-1.55783;-1.55718;-1.55863;-1.55529;-1.55565;-1.55585;-1.556;-1.55583;-1.55503;-1.55528;-1.55536;-1.55509;-1.55469;-1.55438;-1.55413;-1.55397;-1.55362;-1.55328;-1.5529;-1.55245;-1.55198;-1.55147;-1.55094;-1.5503;-1.54958;-1.54876;-1.54791;-1.54689;-1.54579;-1.54451;-1.54309;-1.54147;-1.53964;-1.53754;-1.53515;-1.53241;-1.52924;-1.52558;-1.52134;-1.5164;-1.51065;-1.50394;-1.49607;-1.48686;-1.47601;-1.46322;-1.44808;-1.43007;-1.40852
2;1100589441995;50;absz;112928;101016;90379.1;80835.8;72311.4;64678.7;57865.9;51757.7;46311.2;41427.3;37061.7;33156;29666.3;26538.1;23745.5;21245.6;19008.8;17008;15218.6;13616.7;12184.2;10902.1;9755.23;8729.3;7810.77;6989.01;6253.86;5595.89;5007.09;4480.22;4008.69;3586.66;3208.92;2870.86;2568.26;2297.38;2054.89;1837.86;1643.59;1469.64;1313.94;1174.6;1049.91;938.342;838.794;749.962;670.889;600.817;539.117;485.398
2;1100589441995;50;frequency;20000.00000002444;22385.53853899816;25055.61678390222;28044.17375656954;31389.19662092121;35133.2035329932;39323.78408414649;44014.2042055669;49264.08322518227;55140.1516811012;61717.09952482729;69078.52549602467;77317.99973512921;86540.25314108083;96862.50859274992;108415.9709538568;121347.4948009008;135821.4510731415;152021.8163702936;170154.5114554648;190450.0186878266;213166.3116533389;238592.1342356312;267050.6708003728;298903.6541519141;334555.9634717432;374460.7706856584;419125.3006744233;469117.2785435782;525072.1459047724;587701.13789258;657800.3235824071;736260.7247225839;824079.6413975459;922373.3285811875;1032391.184709951;1155531.632626961;1293359.894754076;1447627.888434013;1620296.494325686;1813560.480908265;2029876.401899315;2271993.821195295;2542990.262224833;2846310.325953354;3185809.474764127;3565803.038745301;3991121.067296888;4467169.723268114;4999999.999999929
2;1100589441995;50;phasez;-1.54949;-1.54901;-1.5483;-1.54753;-1.54706;-1.54603;-1.54534;-1.54448;-1.54317;-1.5422;-1.54075;-1.53934;-1.53778;-1.53592;-1.53403;-1.53174;-1.52929;-1.5266;-1.52355;-1.5201;-1.51641;-1.51225;-1.50761;-1.50245;-1.49667;-1.49027;-1.48311;-1.47511;-1.46617;-1.45618;-1.44501;-1.43253;-1.41851;-1.40286;-1.38529;-1.36559;-1.34348;-1.31866;-1.29075;-1.25936;-1.22398;-1.18411;-1.13906;-1.08808;-1.03017;-0.964475;-0.889589;-0.804102;-0.706332;-0.594329
3;1100905546648;20;absz;23117.3;18872.1;15404;12571.7;10259.2;8374.06;6834.87;5578.7;4553.42;3715.77;3032.25;2473.79;2017.53;1644.88;1340.43;1091.67;888.63;723.464;590.033;484.212
3;1100905546648;20;frequency;99999.99999990905;122862.535599424;150952.0265389597;185463.4873444638;227865.1431623047;279960.8926363817;343967.05137965;422606.6409511731;519225.2346839865;637933.2888043621;783781.0140572543;962973.2274171232;1183133.324347452;1453627.601814205;1785963.729760951;2194280.323268956;2695948.443325946;3312310.615921419;4069588.809647371;4999999.999999929
3;1100905546648;20;phasez;-1.53297;-1.52924;-1.52457;-1.51894;-1.51205;-1.50364;-1.49332;-1.48065;-1.46518;-1.44609;-1.42259;-1.39365;-1.35789;-1.31364;-1.25867;-1.19015;-1.10414;-0.995582;-0.85728;-0.679852
