0;9100119887365;20;absz;1.36302e+08;9.94735e+07;7.24568e+07;5.28028e+07;3.84399e+07;2.79691e+07;2.03631e+07;1.48153e+07;1.07765e+07;7.83686e+06;5.69816e+06;4.14213e+06;3.01049e+06;2.18769e+06;1.58953e+06;1.15477e+06;838782;609178;442354;321157
0;9100119887365;20;frequency;9.999999974752427;13.86918846435492;19.23543905490988;26.67799336109056;37.00021196095804;51.31629158938722;71.17153245417285;98.70914048804025;136.9015682683994;189.8713664161278;263.3361782500288;365.2259113806622;506.5387032487934;702.5280792305466;974.3494403835484;1351.343611730726;1874.203936580443;2599.368780806799;3605.113577052066;4999.99999995282
0;9100119887365;20;phasez;-1.51108;-1.51381;-1.51716;-1.51965;-1.52194;-1.52401;-1.52524;-1.5265;-1.52765;-1.52864;-1.52936;-1.52993;-1.53025;-1.53028;-1.52994;-1.5291;-1.52766;-1.52534;-1.52185;-1.5167
1;9100889647658;50;absz;7.38532e+06;6.32414e+06;5.41924e+06;4.62904e+06;3.96309e+06;3.38909e+06;2.90293e+06;2.48228e+06;2.12421e+06;1.81846e+06;1.55533e+06;1.33057e+06;1.13837e+06;973875;833101;712705;609659;521515;446081;381548;326332;279106;238709;204154;174591;149312;127688;109190;93371.9;79845;68276.2;58381.5;49921.1;42685.7;36498.3;31206.6;26680.7;22809.7;19498.8;16666.8;14244;12171.3;10397.6;8879.26;7579.49;6466.27;5512.02;4693.57;3990.8;3386.36
1;9100889647658;50;frequency;199.9999999213742;234.625769479635;275.2462588517801;322.8993264769997;378.802514688914;444.3841576318164;521.3198749487447;611.5753842550475;717.456725922716;841.6691823498468;987.3863981368913;1158.33146786315;1358.872060208682;1594.132014446359;1870.122253535556;2193.894364737048;2573.720768452858;3019.306079821149;3542.035062906734;4155.263512473084;4874.659497176026;5718.603679767398;6708.658946337209;7870.121340545211;9232.666380967203;10831.10727442716;12706.28439819177;14906.10877695531;17486.78621595445;20514.25336674129;24065.86241733066;28232.35745111674;33120.19296963342;38854.25382030405;45581.04601983359;53472.44000269313;62730.06193403319;73590.44528463698;86331.07429211862;101277.4737211686;118811.5260634959;139381.228686517;163512.140226203;191820.8086789974;225030.524286467;263989.7996954232;309694.0495706946;363311.0235703185;426210.642505751;499999.9999999716
1;9100889647658;50;phasez;-1.5309;-1.53021;-1.53148;-1.53053;-1.53046;-1.53221;-1.5323;-1.53299;-1.53331;-1.5337;-1.53372;-1.53421;-1.53448;-1.5348;-1.53496;-1.53521;-1.53549;-1.53563;-1.53586;-1.53597;-1.5361;-1.53615;-1.53615;-1.53611;-1.536;-1.53582;-1.53553;-1.53514;-1.53464;-1.53401;-1.53324;-1.53229;-1.53116;-1.52978;-1.52816;-1.52625;-1.52398;-1.52129;-1.5181;-1.51433;-1.50987;-1.5046;-1.49835;-1.49096;-1.4822;-1.47182;-1.45948;-1.44479;-1.42723;-1.40612
2;9101657929808;50;absz;82205.2;73621.1;65906.5;59004;52828.4;47297;42336.8;37908.1;33936.6;30377.2;27193.2;24342.6;21792.2;19506.6;17462.8;15632.4;13993.6;12526.6;11212.4;10036.5;8983.66;8041.38;7197.59;6442.53;5766.26;5160.99;4619.04;4133.93;3699.58;3310.74;2962.59;2650.84;2371.76;2121.84;1898.04;1697.61;1518.15;1357.4;1213.39;1084.42;968.888;865.393;772.699;689.711;615.497;549.173;490.003;437.418;390.938;350.196
2;9101657929808;50;frequency;20000.00000002444;22385.53853899816;25055.61678390222;28044.17375656954;31389.19662092121;35133.2035329932;39323.78408414649;44014.2042055669;49264.08322518227;55140.1516811012;61717.09952482729;69078.52549602467;77317.99973512921;86540.25314108083;96862.50859274992;108415.9709538568;121347.4948009008;135821.4510731415;152021.8163702936;170154.5114554648;190450.0186878266;213166.3116533389;238592.1342356312;267050.6708003728;298903.6541519141;334555.9634717432;374460.7706856584;419125.3006744233;469117.2785435782;525072.1459047724;587701.13789258;657800.3235824071;736260.7247225839;824079.6413975459;922373.3285811875;1032391.184709951;1155531.632626961;1293359.894754076;1447627.888434013;1620296.494325686;1813560.480908265;2029876.401899315;2271993.821195295;2542990.262224833;2846310.325953354;3185809.474764127;3565803.038745301;3991121.067296888;4467169.723268114;4999999.999999929
2;9101657929808;50;phasez;-1.53765;-1.53743;-1.53732;-1.53687;-1.53647;-1.53605;-1.53555;-1.53494;-1.53422;-1.53334;-1.53241;-1.53125;-1.52992;-1.52851;-1.52684;-1.52493;-1.52285;-1.52037;-1.51771;-1.51469;-1.51125;-1.50742;-1.50311;-1.49827;-1.49281;-1.48671;-1.47987;-1.47218;-1.46355;-1.45388;-1.44303;-1.43085;-1.41717;-1.40182;-1.38458;-1.3652;-1.34341;-1.31892;-1.29134;-1.26024;-1.22518;-1.18557;-1.14078;-1.08999;-1.03231;-0.966725;-0.891882;-0.806324;-0.708329;-0.595889
3;9101974365367;20;absz;16999.8;13887.6;11342.5;9264.86;7567.99;6179.69;5046.99;4120.84;3364.54;2746.37;2241.05;1827.99;1490.48;1214.33;988.47;803.703;652.586;529.298;429.277;349.319
3;9101974365367;20;frequency;99999.99999990905;122862.535599424;150952.0265389597;185463.4873444638;227865.1431623047;279960.8926363817;343967.05137965;422606.6409511731;519225.2346839865;637933.2888043621;783781.0140572543;962973.2274171232;1183133.324347452;1453627.601814205;1785963.729760951;2194280.323268956;2695948.443325946;3312310.615921419;4069588.809647371;4999999.999999929
3;9101974365367;20;phasez;-1.52602;-1.5228;-1.5187;-1.51366;-1.50742;-1.49953;-1.48984;-1.47776;-1.46281;-1.44432;-1.42143;-1.39307;-1.35791;-1.31424;-1.25983;-1.19181;-1.10623;-0.997914;-0.859555;-0.681508
