0;6566795645874;20;absz;1.39688e+08;1.01823e+08;7.41638e+07;5.39719e+07;3.92987e+07;2.8607e+07;2.08018e+07;1.51286e+07;1.09979e+07;7.99636e+06;5.81211e+06;4.22386e+06;3.06917e+06;2.22986e+06;1.61983e+06;1.1765e+06;854350;620306;450282;326805
0;6566795645874;20;frequency;9.999999974752427;13.86918846435492;19.23543905490988;26.67799336109056;37.00021196095804;51.31629158938722;71.17153245417285;98.70914048804025;136.9015682683994;189.8713664161278;263.3361782500288;365.2259113806622;506.5387032487934;702.5280792305466;974.3494403835484;1351.343611730726;1874.203936580443;2599.368780806799;3605.113577052066;4999.99999995282
0;6566795645874;20;phasez;-1.51639;-1.51911;-1.52168;-1.52301;-1.52457;-1.52622;-1.52752;-1.5286;-1.52953;-1.53035;-1.53093;-1.53137;-1.53158;-1.53159;-1.53124;-1.53045;-1.52905;-1.52679;-1.52335;-1.51822
1;6567565479306;50;absz;7.54367e+06;6.44755e+06;5.52088e+06;4.72289e+06;4.04323e+06;3.45767e+06;2.95955e+06;2.53246e+06;2.1649e+06;1.85226e+06;1.58503e+06;1.35611e+06;1.15985e+06;992040;848653;725776;620807;530943;454094;388318;332076;283976;242820;207637;177548;151808;129801;110983;94892.1;81132.2;69366.5;59307.4;50704.8;43350.5;37061.4;31683.8;27084.9;23152;19788.9;16912.5;14452;12347.2;10546.4;9005.24;7686.11;6556.24;5588.19;4757.89;4044.99;3431.98
1;6567565479306;50;frequency;199.9999999213742;234.625769479635;275.2462588517801;322.8993264769997;378.802514688914;444.3841576318164;521.3198749487447;611.5753842550475;717.456725922716;841.6691823498468;987.3863981368913;1158.33146786315;1358.872060208682;1594.132014446359;1870.122253535556;2193.894364737048;2573.720768452858;3019.306079821149;3542.035062906734;4155.263512473084;4874.659497176026;5718.603679767398;6708.658946337209;7870.121340545211;9232.666380967203;10831.10727442716;12706.28439819177;14906.10877695531;17486.78621595445;20514.25336674129;24065.86241733066;28232.35745111674;33120.19296963342;38854.25382030405;45581.04601983359;53472.44000269313;62730.06193403319;73590.44528463698;86331.07429211862;101277.4737211686;118811.5260634959;139381.228686517;163512.140226203;191820.8086789974;225030.524286467;263989.7996954232;309694.0495706946;363311.0235703185;426210.642505751;499999.9999999716
1;6567565479306;50;phasez;-1.53084;-1.52994;-1.53154;-1.53299;-1.53273;-1.53282;-1.53417;-1.53433;-1.53482;-1.53479;-1.53542;-1.53542;-1.53569;-1.53614;-1.53644;-1.53664;-1.53694;-1.53722;-1.53737;-1.53752;-1.5376;-1.53767;-1.5377;-1.53765;-1.53752;-1.53732;-1.53702;-1.53661;-1.5361;-1.53546;-1.53466;-1.53368;-1.53253;-1.53116;-1.52953;-1.52762;-1.52534;-1.52264;-1.51946;-1.51569;-1.51123;-1.50595;-1.4997;-1.4923;-1.48354;-1.47316;-1.46083;-1.44616;-1.42862;-1.40755
2;6568333904423;50;absz;83579.9;74857;67003.9;59979.5;53689;48059.1;43025.8;38514.5;34474.3;30854.8;27617;24722.2;22127.7;19805.9;17727.9;15869.1;14203.8;12712.9;11379.2;10184.6;9115.45;8158.53;7301.56;6534.93;5848.46;5234.16;4684.15;4191.72;3750.97;3356.41;3003.17;2686.98;2403.82;2150.3;1923.32;1720.04;1538.03;1375.03;1229.03;1098.27;981.162;876.284;782.375;698.268;623.105;555.929;496.006;442.782;395.725;354.511
2;6568333904423;50;frequency;20000.00000002444;22385.53853899816;25055.61678390222;28044.17375656954;31389.19662092121;35133.2035329932;39323.78408414649;44014.2042055669;49264.08322518227;55140.1516811012;61717.09952482729;69078.52549602467;77317.99973512921;86540.25314108083;96862.50859274992;108415.9709538568;121347.4948009008;135821.4510731415;152021.8163702936;170154.5114554648;190450.0186878266;213166.3116533389;238592.1342356312;267050.6708003728;298903.6541519141;334555.9634717432;374460.7706856584;419125.3006744233;469117.2785435782;525072.1459047724;587701.13789258;657800.3235824071;736260.7247225839;824079.6413975459;922373.3285811875;1032391.184709951;1155531.632626961;1293359.894754076;1447627.888434013;1620296.494325686;1813560.480908265;2029876.401899315;2271993.821195295;2542990.262224833;2846310.325953354;3185809.474764127;3565803.038745301;3991121.067296888;4467169.723268114;4999999.999999929
2;6568333904423;50;phasez;-1.53935;-1.53883;-1.53862;-1.53826;-1.538;-1.53752;-1.53683;-1.5362;-1.53566;-1.5348;-1.53384;-1.53268;-1.53127;-1.52989;-1.52817;-1.52629;-1.52415;-1.52178;-1.51906;-1.51603;-1.51261;-1.50875;-1.50445;-1.4996;-1.49418;-1.48807;-1.48123;-1.47356;-1.46495;-1.4553;-1.44448;-1.43232;-1.41868;-1.40335;-1.38613;-1.3668;-1.34505;-1.32058;-1.29303;-1.26197;-1.22694;-1.18738;-1.14262;-1.09187;-1.03426;-0.968719;-0.893939;-0.808462;-0.710553;-0.598228
3;6568653244698;20;absz;17263.3;14102.1;11514.8;9402.75;7678.85;6269.57;5119.34;4179.31;3411.64;2784.39;2271.67;1852.57;1510.23;1230.19;1001.21;813.895;660.777;535.891;434.611;353.676
3;6568653244698;20;frequency;99999.99999990905;122862.535599424;150952.0265389597;185463.4873444638;227865.1431623047;279960.8926363817;343967.05137965;422606.6409511731;519225.2346839865;637933.2888043621;783781.0140572543;962973.2274171232;1183133.324347452;1453627.601814205;1785963.729760951;2194280.323268956;2695948.443325946;3312310.615921419;4069588.809647371;4999999.999999929
3;6568653244698;20;phasez;-1.52735;-1.52406;-1.52008;-1.51503;-1.50875;-1.5009;-1.49122;-1.47915;-1.46423;-1.44579;-1.42293;-1.39463;-1.35954;-1.31592;-1.26159;-1.19363;-1.10815;-0.999913;-0.861686;-0.68385
