0;2836997666165;20;absz;1.74084e+08;1.26289e+08;9.15444e+07;6.62936e+07;4.80507e+07;3.47948e+07;2.52162e+07;1.82613e+07;1.32252e+07;9.57619e+06;6.93354e+06;5.01981e+06;3.63402e+06;2.63065e+06;1.9043e+06;1.3784e+06;997714;722152;522663;378253
0;2836997666165;20;frequency;9.999999974752427;13.86918846435492;19.23543905490988;26.67799336109056;37.00021196095804;51.31629158938722;71.17153245417285;98.70914048804025;136.9015682683994;189.8713664161278;263.3361782500288;365.2259113806622;506.5387032487934;702.5280792305466;974.3494403835484;1351.343611730726;1874.203936580443;2599.368780806799;3605.113577052066;4999.99999995282
0;2836997666165;20;phasez;-1.54346;-1.54467;-1.54579;-1.54686;-1.54718;-1.54756;-1.5481;-1.54873;-1.5491;-1.54936;-1.54945;-1.54943;-1.54915;-1.54864;-1.54778;-1.54646;-1.54452;-1.54171;-1.53778;-1.53221
1;2837768647092;50;absz;9.02814e+06;7.71015e+06;6.59177e+06;5.62423e+06;4.79867e+06;4.10141e+06;3.50124e+06;2.99139e+06;2.55268e+06;2.18218e+06;1.86337e+06;1.5909e+06;1.35867e+06;1.16031e+06;991017;846372;722787;617262;527146;450169;384422;328282;280345;239401;204437;174576;149076;127299;108704;92822.2;79261.1;67679.4;57789.2;49343.1;42129.7;35969.7;30709.2;26215.4;22377.5;19099.6;16299.9;13907.7;11863.9;10117.2;8623.9;7346.8;6253.93;5318.02;4515.49;3826.43
1;2837768647092;50;frequency;199.9999999213742;234.625769479635;275.2462588517801;322.8993264769997;378.802514688914;444.3841576318164;521.3198749487447;611.5753842550475;717.456725922716;841.6691823498468;987.3863981368913;1158.33146786315;1358.872060208682;1594.132014446359;1870.122253535556;2193.894364737048;2573.720768452858;3019.306079821149;3542.035062906734;4155.263512473084;4874.659497176026;5718.603679767398;6708.658946337209;7870.121340545211;9232.666380967203;10831.10727442716;12706.28439819177;14906.10877695531;17486.78621595445;20514.25336674129;24065.86241733066;28232.35745111674;33120.19296963342;38854.25382030405;45581.04601983359;53472.44000269313;62730.06193403319;73590.44528463698;86331.07429211862;101277.4737211686;118811.5260634959;139381.228686517;163512.140226203;191820.8086789974;225030.524286467;263989.7996954232;309694.0495706946;363311.0235703185;426210.642505751;499999.9999999716
1;2837768647092;50;phasez;-1.5505;-1.5497;-1.55058;-1.55094;-1.55054;-1.55137;-1.55095;-1.55183;-1.55199;-1.55168;-1.55167;-1.5518;-1.5518;-1.55185;-1.55182;-1.55189;-1.55186;-1.5518;-1.5518;-1.55172;-1.55161;-1.55148;-1.55134;-1.55114;-1.55086;-1.55052;-1.55012;-1.54964;-1.54905;-1.54835;-1.5475;-1.5465;-1.54533;-1.54393;-1.54228;-1.54034;-1.53804;-1.53531;-1.53208;-1.52827;-1.52375;-1.51839;-1.51206;-1.50456;-1.49569;-1.48517;-1.47268;-1.45782;-1.44007;-1.41875
2;2838540143178;50;absz;95651.7;85552.5;76510.7;68436.5;61206.2;54744;48954.5;43786.6;39154.2;35017.8;31317;28003.6;25041.6;22393;20025.4;17908.5;16014.8;14320.7;12805.9;11450.9;10239.6;9155.97;8187.42;7320.85;6545.99;5853.09;5233.35;4679.2;4183.51;3740.23;3343.76;2989.23;2672.07;2388.41;2134.76;1907.82;1704.86;1523.22;1360.73;1215.39;1085.33;968.98;864.932;771.883;688.791;614.654;548.628;490.057;438.382;393.237
2;2838540143178;50;frequency;20000.00000002444;22385.53853899816;25055.61678390222;28044.17375656954;31389.19662092121;35133.2035329932;39323.78408414649;44014.2042055669;49264.08322518227;55140.1516811012;61717.09952482729;69078.52549602467;77317.99973512921;86540.25314108083;96862.50859274992;108415.9709538568;121347.4948009008;135821.4510731415;152021.8163702936;170154.5114554648;190450.0186878266;213166.3116533389;238592.1342356312;267050.6708003728;298903.6541519141;334555.9634717432;374460.7706856584;419125.3006744233;469117.2785435782;525072.1459047724;587701.13789258;657800.3235824071;736260.7247225839;824079.6413975459;922373.3285811875;1032391.184709951;1155531.632626961;1293359.894754076;1447627.888434013;1620296.494325686;1813560.480908265;2029876.401899315;2271993.821195295;2542990.262224833;2846310.325953354;3185809.474764127;3565803.038745301;3991121.067296888;4467169.723268114;4999999.999999929
2;2838540143178;50;phasez;-1.55222;-1.55202;-1.55152;-1.55115;-1.55084;-1.55007;-1.5497;-1.549;-1.54828;-1.54736;-1.54646;-1.54518;-1.54393;-1.54251;-1.5408;-1.53889;-1.53666;-1.53426;-1.53147;-1.52837;-1.52486;-1.52095;-1.51657;-1.51157;-1.50604;-1.49984;-1.49286;-1.48504;-1.47627;-1.46643;-1.45539;-1.44302;-1.42914;-1.41356;-1.39609;-1.37646;-1.35442;-1.32963;-1.30176;-1.27039;-1.23502;-1.19514;-1.15006;-1.09907;-1.04108;-0.975273;-0.900255;-0.81458;-0.716526;-0.604161
3;2838856635319;20;absz;19492.8;15896.9;12959.5;10563.1;8611.93;7020.36;5722.37;4664.46;3801.35;3097.77;2523.72;2055.5;1673.52;1361.84;1107.4;899.738;730.332;592.488;481.017;392.269
3;2838856635319;20;frequency;99999.99999990905;122862.535599424;150952.0265389597;185463.4873444638;227865.1431623047;279960.8926363817;343967.05137965;422606.6409511731;519225.2346839865;637933.2888043621;783781.0140572543;962973.2274171232;1183133.324347452;1453627.601814205;1785963.729760951;2194280.323268956;2695948.443325946;3312310.615921419;4069588.809647371;4999999.999999929
3;2838856635319;20;phasez;-1.53981;-1.53656;-1.53241;-1.52733;-1.52088;-1.51285;-1.5029;-1.4906;-1.47538;-1.45656;-1.43328;-1.40448;-1.36885;-1.32467;-1.26974;-1.2012;-1.11512;-1.00639;-0.867785;-0.689781
