0;9114070486764;20;absz;1.36359e+08;9.94545e+07;7.24719e+07;5.27896e+07;3.84396e+07;2.79754e+07;2.03614e+07;1.48153e+07;1.07764e+07;7.83692e+06;5.69788e+06;4.14198e+06;3.01045e+06;2.18765e+06;1.58951e+06;1.15478e+06;838778;609176;442351;321156
0;9114070486764;20;frequency;9.999999974752427;13.86918846435492;19.23543905490988;26.67799336109056;37.00021196095804;51.31629158938722;71.17153245417285;98.70914048804025;136.9015682683994;189.8713664161278;263.3361782500288;365.2259113806622;506.5387032487934;702.5280792305466;974.3494403835484;1351.343611730726;1874.203936580443;2599.368780806799;3605.113577052066;4999.99999995282
0;9114070486764;20;phasez;-1.51099;-1.5143;-1.51718;-1.51956;-1.52191;-1.52396;-1.52529;-1.52649;-1.52762;-1.52862;-1.52938;-1.52992;-1.53024;-1.53027;-1.52994;-1.52912;-1.52766;-1.52535;-1.52185;-1.51671
1;9114838245130;50;absz;7.37497e+06;6.32247e+06;5.41787e+06;4.63648e+06;3.96283e+06;3.39168e+06;2.90175e+06;2.48278e+06;2.12503e+06;1.81753e+06;1.5553e+06;1.33066e+06;1.13846e+06;973964;833119;712683;609656;521481;446041;381536;326344;279110;238707;204148;174588;149306;127685;109188;93370.1;79840.4;68272.6;58380.2;49920.1;42684.2;36496.6;31205.4;26679.6;22809;19498.4;16666.5;14243.9;12171.1;10397.3;8879.12;7579.33;6465.97;5511.89;4693.53;3990.68;3386.28
1;9114838245130;50;frequency;199.9999999213742;234.625769479635;275.2462588517801;322.8993264769997;378.802514688914;444.3841576318164;521.3198749487447;611.5753842550475;717.456725922716;841.6691823498468;987.3863981368913;1158.33146786315;1358.872060208682;1594.132014446359;1870.122253535556;2193.894364737048;2573.720768452858;3019.306079821149;3542.035062906734;4155.263512473084;4874.659497176026;5718.603679767398;6708.658946337209;7870.121340545211;9232.666380967203;10831.10727442716;12706.28439819177;14906.10877695531;17486.78621595445;20514.25336674129;24065.86241733066;28232.35745111674;33120.19296963342;38854.25382030405;45581.04601983359;53472.44000269313;62730.06193403319;73590.44528463698;86331.07429211862;101277.4737211686;118811.5260634959;139381.228686517;163512.140226203;191820.8086789974;225030.524286467;263989.7996954232;309694.0495706946;363311.0235703185;426210.642505751;499999.9999999716
1;9114838245130;50;phasez;-1.52833;-1.5304;-1.53151;-1.53101;-1.53184;-1.53196;-1.53245;-1.533;-1.53338;-1.53357;-1.53408;-1.53407;-1.5345;-1.5347;-1.53503;-1.53533;-1.53545;-1.53567;-1.53587;-1.53599;-1.53608;-1.5362;-1.53616;-1.5361;-1.536;-1.53581;-1.53552;-1.53515;-1.53465;-1.53402;-1.53324;-1.53229;-1.53116;-1.52979;-1.52816;-1.52625;-1.52397;-1.52128;-1.51809;-1.51433;-1.50986;-1.50459;-1.49835;-1.49096;-1.4822;-1.47181;-1.45948;-1.44479;-1.42723;-1.40612
2;9115606398047;50;absz;82217.9;73627;65901.6;59011.2;52837.9;47296.7;42344.3;37908.2;33933.5;30375.4;27194.6;24344.9;21791.9;19508.8;17463;15633;13994.2;12526.8;11213.2;10037.2;8984.31;8041.8;7198.05;6442.64;5766.36;5161.22;4619.2;4134.02;3699.67;3310.76;2962.62;2650.89;2371.78;2121.86;1898.08;1697.66;1518.18;1357.42;1213.42;1084.43;968.895;865.393;772.719;689.71;615.527;549.194;490.02;437.436;390.94;350.199
2;9115606398047;50;frequency;20000.00000002444;22385.53853899816;25055.61678390222;28044.17375656954;31389.19662092121;35133.2035329932;39323.78408414649;44014.2042055669;49264.08322518227;55140.1516811012;61717.09952482729;69078.52549602467;77317.99973512921;86540.25314108083;96862.50859274992;108415.9709538568;121347.4948009008;135821.4510731415;152021.8163702936;170154.5114554648;190450.0186878266;213166.3116533389;238592.1342356312;267050.6708003728;298903.6541519141;334555.9634717432;374460.7706856584;419125.3006744233;469117.2785435782;525072.1459047724;587701.13789258;657800.3235824071;736260.7247225839;824079.6413975459;922373.3285811875;1032391.184709951;1155531.632626961;1293359.894754076;1447627.888434013;1620296.494325686;1813560.480908265;2029876.401899315;2271993.821195295;2542990.262224833;2846310.325953354;3185809.474764127;3565803.038745301;3991121.067296888;4467169.723268114;4999999.999999929
2;9115606398047;50;phasez;-1.53781;-1.53756;-1.53727;-1.53685;-1.53652;-1.53612;-1.53555;-1.53486;-1.5341;-1.53337;-1.53232;-1.53126;-1.52999;-1.52844;-1.52684;-1.52489;-1.52281;-1.5204;-1.5177;-1.51463;-1.51125;-1.5074;-1.5031;-1.49826;-1.49283;-1.4867;-1.47985;-1.47218;-1.46356;-1.45388;-1.44302;-1.43084;-1.41717;-1.40181;-1.38457;-1.3652;-1.34342;-1.31891;-1.29132;-1.26024;-1.22516;-1.18556;-1.14076;-1.08997;-1.03231;-0.966716;-0.891873;-0.80631;-0.708314;-0.59588
3;9115925888368;20;absz;16996.2;13886.1;11341.5;9263.72;7566.77;6179.09;5046.47;4120.44;3364.16;2746.14;2240.9;1827.85;1490.37;1214.25;988.416;803.646;652.552;529.28;429.269;349.311
3;9115925888368;20;frequency;99999.99999990905;122862.535599424;150952.0265389597;185463.4873444638;227865.1431623047;279960.8926363817;343967.05137965;422606.6409511731;519225.2346839865;637933.2888043621;783781.0140572543;962973.2274171232;1183133.324347452;1453627.601814205;1785963.729760951;2194280.323268956;2695948.443325946;3312310.615921419;4069588.809647371;4999999.999999929
3;9115925888368;20;phasez;-1.52593;-1.52279;-1.51878;-1.51369;-1.50744;-1.49956;-1.48983;-1.47777;-1.46282;-1.44432;-1.42143;-1.39307;-1.35791;-1.31423;-1.25984;-1.19181;-1.10623;-0.997914;-0.859563;-0.681577
