0;7641033526030;20;absz;1.37702e+08;1.00407e+08;7.31415e+07;5.32553e+07;3.87747e+07;2.82254e+07;2.05245e+07;1.49292e+07;1.08557e+07;7.89281e+06;5.73772e+06;4.1703e+06;3.03069e+06;2.20221e+06;1.60002e+06;1.1623e+06;844232;613100;445175;323181
0;7641033526030;20;frequency;9.999999974752427;13.86918846435492;19.23543905490988;26.67799336109056;37.00021196095804;51.31629158938722;71.17153245417285;98.70914048804025;136.9015682683994;189.8713664161278;263.3361782500288;365.2259113806622;506.5387032487934;702.5280792305466;974.3494403835484;1351.343611730726;1874.203936580443;2599.368780806799;3605.113577052066;4999.99999995282
0;7641033526030;20;phasez;-1.5125;-1.51583;-1.51862;-1.52123;-1.5231;-1.52504;-1.5265;-1.52767;-1.52878;-1.52955;-1.53018;-1.53061;-1.5308;-1.53075;-1.53036;-1.52951;-1.52804;-1.52572;-1.52224;-1.51713
1;7641803785795;50;absz;7.43267e+06;6.37588e+06;5.44818e+06;4.66157e+06;3.98869e+06;3.41513e+06;2.9216e+06;2.50014e+06;2.13828e+06;1.8301e+06;1.56537e+06;1.3395e+06;1.1459e+06;980195;838608;717285;613559;524880;448941;383964;328408;280861;240201;205411;175665;150220;128457;109846;93928;80314.5;68674.4;58720.1;50207.5;42928.6;36704.1;31380.9;26828;22934.5;19604.4;16756;14319.5;12235.1;10451.5;8924.8;7617.92;6498.59;5539.35;4716.55;4010.12;3402.58
1;7641803785795;50;frequency;199.9999999213742;234.625769479635;275.2462588517801;322.8993264769997;378.802514688914;444.3841576318164;521.3198749487447;611.5753842550475;717.456725922716;841.6691823498468;987.3863981368913;1158.33146786315;1358.872060208682;1594.132014446359;1870.122253535556;2193.894364737048;2573.720768452858;3019.306079821149;3542.035062906734;4155.263512473084;4874.659497176026;5718.603679767398;6708.658946337209;7870.121340545211;9232.666380967203;10831.10727442716;12706.28439819177;14906.10877695531;17486.78621595445;20514.25336674129;24065.86241733066;28232.35745111674;33120.19296963342;38854.25382030405;45581.04601983359;53472.44000269313;62730.06193403319;73590.44528463698;86331.07429211862;101277.4737211686;118811.5260634959;139381.228686517;163512.140226203;191820.8086789974;225030.524286467;263989.7996954232;309694.0495706946;363311.0235703185;426210.642505751;499999.9999999716
1;7641803785795;50;phasez;-1.53086;-1.53093;-1.52966;-1.53226;-1.5309;-1.53304;-1.53312;-1.53326;-1.53333;-1.53397;-1.53427;-1.53443;-1.5349;-1.53504;-1.5354;-1.53559;-1.53584;-1.53605;-1.53624;-1.53638;-1.53655;-1.53659;-1.53661;-1.53657;-1.53645;-1.53627;-1.536;-1.53563;-1.53513;-1.5345;-1.53372;-1.53279;-1.53165;-1.53029;-1.52867;-1.52676;-1.5245;-1.52181;-1.51864;-1.51488;-1.51043;-1.50517;-1.49893;-1.49154;-1.48279;-1.4724;-1.46007;-1.44539;-1.42784;-1.40675
2;7642571732243;50;absz;82770.7;74106.1;66334.6;59373.7;53145.7;47586.6;42601.2;38139;34137.4;30560.1;27355.7;24489.2;21919.6;19621;17563.5;15721.4;14072.9;12596.9;11275.1;10092.6;9033.52;8085.26;7236.5;6476.93;5796.78;5188.12;4643.16;4155.25;3718.48;3327.56;2977.49;2664.1;2383.48;2132.22;1907.25;1705.79;1525.38;1363.8;1219.06;1089.45;973.314;869.313;776.179;692.783;618.211;551.583;492.14;439.328;392.634;351.73
2;7642571732243;50;frequency;20000.00000002444;22385.53853899816;25055.61678390222;28044.17375656954;31389.19662092121;35133.2035329932;39323.78408414649;44014.2042055669;49264.08322518227;55140.1516811012;61717.09952482729;69078.52549602467;77317.99973512921;86540.25314108083;96862.50859274992;108415.9709538568;121347.4948009008;135821.4510731415;152021.8163702936;170154.5114554648;190450.0186878266;213166.3116533389;238592.1342356312;267050.6708003728;298903.6541519141;334555.9634717432;374460.7706856584;419125.3006744233;469117.2785435782;525072.1459047724;587701.13789258;657800.3235824071;736260.7247225839;824079.6413975459;922373.3285811875;1032391.184709951;1155531.632626961;1293359.894754076;1447627.888434013;1620296.494325686;1813560.480908265;2029876.401899315;2271993.821195295;2542990.262224833;2846310.325953354;3185809.474764127;3565803.038745301;3991121.067296888;4467169.723268114;4999999.999999929
2;7642571732243;50;phasez;-1.53806;-1.53812;-1.53744;-1.53745;-1.53705;-1.53652;-1.53597;-1.53533;-1.53472;-1.53382;-1.5329;-1.53183;-1.53051;-1.52894;-1.52734;-1.52549;-1.52336;-1.52097;-1.51832;-1.51524;-1.51182;-1.50799;-1.50368;-1.49884;-1.49338;-1.4873;-1.48046;-1.47276;-1.46415;-1.4545;-1.44365;-1.43147;-1.41781;-1.40247;-1.38525;-1.36587;-1.34411;-1.31962;-1.29205;-1.26097;-1.22591;-1.18633;-1.14154;-1.09078;-1.03311;-0.96754;-0.892714;-0.807185;-0.709216;-0.59682
3;7642891093093;20;absz;17101.1;13970.1;11407.7;9317.35;7609.75;6213.67;5073.94;4142.57;3381.92;2760.47;2252.36;1837.06;1497.73;1220.13;993.1;807.396;655.525;531.666;431.186;350.866
3;7642891093093;20;frequency;99999.99999990905;122862.535599424;150952.0265389597;185463.4873444638;227865.1431623047;279960.8926363817;343967.05137965;422606.6409511731;519225.2346839865;637933.2888043621;783781.0140572543;962973.2274171232;1183133.324347452;1453627.601814205;1785963.729760951;2194280.323268956;2695948.443325946;3312310.615921419;4069588.809647371;4999999.999999929
3;7642891093093;20;phasez;-1.52655;-1.52333;-1.5193;-1.51424;-1.50798;-1.50014;-1.49041;-1.47835;-1.46343;-1.44495;-1.42206;-1.39373;-1.3586;-1.31495;-1.26057;-1.19257;-1.10701;-0.99871;-0.860395;-0.682434
