0;8851761681577;20;absz;1.3659e+08;9.95748e+07;7.25586e+07;5.28458e+07;3.84824e+07;2.80068e+07;2.03808e+07;1.4829e+07;1.07859e+07;7.84361e+06;5.70232e+06;4.14513e+06;3.01267e+06;2.18924e+06;1.59067e+06;1.15563e+06;839382;609607;442660;321377
0;8851761681577;20;frequency;9.999999974752427;13.86918846435492;19.23543905490988;26.67799336109056;37.00021196095804;51.31629158938722;71.17153245417285;98.70914048804025;136.9015682683994;189.8713664161278;263.3361782500288;365.2259113806622;506.5387032487934;702.5280792305466;974.3494403835484;1351.343611730726;1874.203936580443;2599.368780806799;3605.113577052066;4999.99999995282
0;8851761681577;20;phasez;-1.51121;-1.51439;-1.51724;-1.51979;-1.52188;-1.52405;-1.52535;-1.52658;-1.52784;-1.52877;-1.52949;-1.53004;-1.53032;-1.53035;-1.52998;-1.52914;-1.52769;-1.52537;-1.52187;-1.51672
1;8852531773825;50;absz;7.38154e+06;6.32592e+06;5.42269e+06;4.63202e+06;3.96492e+06;3.39209e+06;2.90386e+06;2.48418e+06;2.12527e+06;1.81892e+06;1.55631e+06;1.33128e+06;1.13915e+06;974502;833734;713218;610098;521876;446383;381810;326571;279303;238873;204300;174718;149414;127776;109268;93437.6;79901.2;68322.8;58423.5;49956.8;42716.5;36524.3;31229.2;26700.6;22827.4;19514.4;16680.9;14256.6;12182.3;10407;8887.54;7586.86;6472.47;5517.46;4698.25;3994.74;3389.7
1;8852531773825;50;frequency;199.9999999213742;234.625769479635;275.2462588517801;322.8993264769997;378.802514688914;444.3841576318164;521.3198749487447;611.5753842550475;717.456725922716;841.6691823498468;987.3863981368913;1158.33146786315;1358.872060208682;1594.132014446359;1870.122253535556;2193.894364737048;2573.720768452858;3019.306079821149;3542.035062906734;4155.263512473084;4874.659497176026;5718.603679767398;6708.658946337209;7870.121340545211;9232.666380967203;10831.10727442716;12706.28439819177;14906.10877695531;17486.78621595445;20514.25336674129;24065.86241733066;28232.35745111674;33120.19296963342;38854.25382030405;45581.04601983359;53472.44000269313;62730.06193403319;73590.44528463698;86331.07429211862;101277.4737211686;118811.5260634959;139381.228686517;163512.140226203;191820.8086789974;225030.524286467;263989.7996954232;309694.0495706946;363311.0235703185;426210.642505751;499999.9999999716
1;8852531773825;50;phasez;-1.53007;-1.53119;-1.52967;-1.53169;-1.53188;-1.53282;-1.53261;-1.53316;-1.53316;-1.53338;-1.53385;-1.5341;-1.53457;-1.53462;-1.53504;-1.5353;-1.5355;-1.53564;-1.53587;-1.53599;-1.53608;-1.53616;-1.53618;-1.53613;-1.536;-1.53581;-1.53552;-1.53512;-1.53462;-1.53397;-1.5332;-1.53223;-1.53108;-1.52969;-1.52805;-1.52612;-1.52383;-1.52112;-1.51793;-1.51415;-1.5097;-1.50443;-1.49819;-1.49082;-1.48208;-1.47171;-1.4594;-1.44473;-1.42718;-1.4061
2;8853302614736;50;absz;82318.7;73713.9;65991;59072.2;52889.1;47352;42383;37950.4;33972.7;30410.3;27223.7;24369.6;21815.7;19529;17482.4;15650;14009.7;12540.2;11225.7;10048.7;8994.61;8051.31;7206.68;6450.45;5773.59;5167.52;4624.79;4139.06;3704.22;3314.88;2966.23;2654.17;2374.73;2124.42;1900.38;1699.71;1520;1359.04;1214.86;1085.7;970.039;866.413;773.615;690.52;616.231;549.813;490.578;437.935;391.398;350.615
2;8853302614736;50;frequency;20000.00000002444;22385.53853899816;25055.61678390222;28044.17375656954;31389.19662092121;35133.2035329932;39323.78408414649;44014.2042055669;49264.08322518227;55140.1516811012;61717.09952482729;69078.52549602467;77317.99973512921;86540.25314108083;96862.50859274992;108415.9709538568;121347.4948009008;135821.4510731415;152021.8163702936;170154.5114554648;190450.0186878266;213166.3116533389;238592.1342356312;267050.6708003728;298903.6541519141;334555.9634717432;374460.7706856584;419125.3006744233;469117.2785435782;525072.1459047724;587701.13789258;657800.3235824071;736260.7247225839;824079.6413975459;922373.3285811875;1032391.184709951;1155531.632626961;1293359.894754076;1447627.888434013;1620296.494325686;1813560.480908265;2029876.401899315;2271993.821195295;2542990.262224833;2846310.325953354;3185809.474764127;3565803.038745301;3991121.067296888;4467169.723268114;4999999.999999929
2;8853302614736;50;phasez;-1.53764;-1.53731;-1.53731;-1.53702;-1.53641;-1.53592;-1.53552;-1.53478;-1.53416;-1.53318;-1.5322;-1.5311;-1.52975;-1.52828;-1.52665;-1.52478;-1.5226;-1.52024;-1.51752;-1.51451;-1.51109;-1.50727;-1.50296;-1.49815;-1.49272;-1.48664;-1.47978;-1.47212;-1.4635;-1.45384;-1.443;-1.43084;-1.41716;-1.40182;-1.38458;-1.36522;-1.34344;-1.31894;-1.29136;-1.26028;-1.22521;-1.18561;-1.14082;-1.09005;-1.03237;-0.966774;-0.891925;-0.806371;-0.708365;-0.595941
3;8853618947856;20;absz;17024.6;13909.5;11359.9;9278.25;7579.12;6188.92;5054.42;4126.85;3369.41;2750.43;2244.37;1830.64;1492.64;1216.07;989.862;804.821;653.489;530.029;429.872;349.81
3;8853618947856;20;frequency;99999.99999990905;122862.535599424;150952.0265389597;185463.4873444638;227865.1431623047;279960.8926363817;343967.05137965;422606.6409511731;519225.2346839865;637933.2888043621;783781.0140572543;962973.2274171232;1183133.324347452;1453627.601814205;1785963.729760951;2194280.323268956;2695948.443325946;3312310.615921419;4069588.809647371;4999999.999999929
3;8853618947856;20;phasez;-1.52583;-1.52262;-1.51853;-1.51353;-1.50725;-1.49942;-1.4897;-1.47767;-1.46276;-1.44427;-1.42138;-1.39305;-1.35789;-1.31423;-1.25983;-1.19181;-1.10622;-0.99789;-0.85952;-0.681479
