0;3015531940394;20;absz;1.71024e+08;1.24068e+08;8.99737e+07;6.52405e+07;4.72928e+07;3.43015e+07;2.4848e+07;1.80047e+07;1.30434e+07;9.4476e+06;6.84175e+06;4.95409e+06;3.58695e+06;2.59683e+06;1.87993e+06;1.36095e+06;985176;713161;516243;373684
0;3015531940394;20;frequency;9.999999974752427;13.86918846435492;19.23543905490988;26.67799336109056;37.00021196095804;51.31629158938722;71.17153245417285;98.70914048804025;136.9015682683994;189.8713664161278;263.3361782500288;365.2259113806622;506.5387032487934;702.5280792305466;974.3494403835484;1351.343611730726;1874.203936580443;2599.368780806799;3605.113577052066;4999.99999995282
0;3015531940394;20;phasez;-1.54164;-1.54281;-1.54325;-1.54418;-1.54489;-1.54556;-1.54614;-1.54684;-1.54752;-1.54803;-1.54833;-1.54848;-1.54835;-1.5479;-1.54707;-1.54572;-1.54373;-1.54089;-1.53688;-1.53127
1;3016303481042;50;absz;8.90228e+06;7.61092e+06;6.49471e+06;5.55393e+06;4.73794e+06;4.04563e+06;3.45676e+06;2.95236e+06;2.5216e+06;2.15322e+06;1.83951e+06;1.57058e+06;1.34149e+06;1.14569e+06;978585;835749;713793;609624;520660;444671;379780;324352;277004;236580;202044;172552;147365;125854;107482;91790.2;78387.9;66943.2;57167.6;48818.8;41688.1;35597.2;30394.5;25950.7;22155.3;18912.6;16141.8;13774.7;11752.1;10022.9;8544.61;7280.06;6197.64;5270.7;4475.74;3793.02
1;3016303481042;50;frequency;199.9999999213742;234.625769479635;275.2462588517801;322.8993264769997;378.802514688914;444.3841576318164;521.3198749487447;611.5753842550475;717.456725922716;841.6691823498468;987.3863981368913;1158.33146786315;1358.872060208682;1594.132014446359;1870.122253535556;2193.894364737048;2573.720768452858;3019.306079821149;3542.035062906734;4155.263512473084;4874.659497176026;5718.603679767398;6708.658946337209;7870.121340545211;9232.666380967203;10831.10727442716;12706.28439819177;14906.10877695531;17486.78621595445;20514.25336674129;24065.86241733066;28232.35745111674;33120.19296963342;38854.25382030405;45581.04601983359;53472.44000269313;62730.06193403319;73590.44528463698;86331.07429211862;101277.4737211686;118811.5260634959;139381.228686517;163512.140226203;191820.8086789974;225030.524286467;263989.7996954232;309694.0495706946;363311.0235703185;426210.642505751;499999.9999999716
1;3016303481042;50;phasez;-1.54679;-1.54863;-1.55153;-1.55134;-1.55069;-1.55082;-1.55035;-1.55083;-1.5507;-1.55095;-1.55138;-1.55113;-1.55122;-1.55094;-1.55112;-1.55107;-1.55105;-1.55104;-1.55092;-1.55084;-1.55068;-1.55057;-1.55036;-1.55011;-1.54982;-1.54947;-1.54905;-1.54855;-1.54795;-1.54721;-1.54637;-1.54535;-1.54416;-1.54275;-1.5411;-1.53915;-1.53686;-1.53414;-1.53093;-1.52713;-1.52264;-1.51733;-1.51103;-1.5036;-1.49478;-1.48433;-1.47193;-1.45716;-1.43951;-1.41829
2;3017071363967;50;absz;94591;84598.8;75673.9;67690.5;60544.5;54159.6;48436.6;43324.6;38748.5;34650.3;30991.2;27719.1;24789.9;22172.1;19829.6;17734.1;15860;14183.8;12685.2;11344.1;10144.4;9072.35;8112.82;7254.77;6487.2;5800.83;5187.02;4638.01;4146.92;3707.7;3314.95;2963.54;2649.19;2368.02;2116.52;1891.51;1690.22;1510.13;1349.05;1204.88;1075.9;960.508;857.295;764.983;682.61;609.05;543.547;485.438;434.175;389.375
2;3017071363967;50;frequency;20000.00000002444;22385.53853899816;25055.61678390222;28044.17375656954;31389.19662092121;35133.2035329932;39323.78408414649;44014.2042055669;49264.08322518227;55140.1516811012;61717.09952482729;69078.52549602467;77317.99973512921;86540.25314108083;96862.50859274992;108415.9709538568;121347.4948009008;135821.4510731415;152021.8163702936;170154.5114554648;190450.0186878266;213166.3116533389;238592.1342356312;267050.6708003728;298903.6541519141;334555.9634717432;374460.7706856584;419125.3006744233;469117.2785435782;525072.1459047724;587701.13789258;657800.3235824071;736260.7247225839;824079.6413975459;922373.3285811875;1032391.184709951;1155531.632626961;1293359.894754076;1447627.888434013;1620296.494325686;1813560.480908265;2029876.401899315;2271993.821195295;2542990.262224833;2846310.325953354;3185809.474764127;3565803.038745301;3991121.067296888;4467169.723268114;4999999.999999929
2;3017071363967;50;phasez;-1.5509;-1.55064;-1.55042;-1.5499;-1.54961;-1.54909;-1.54844;-1.54774;-1.54714;-1.54632;-1.5453;-1.54409;-1.54275;-1.54127;-1.53968;-1.53773;-1.53561;-1.53316;-1.53046;-1.52741;-1.52392;-1.52004;-1.51567;-1.51077;-1.50526;-1.49911;-1.49221;-1.48444;-1.47573;-1.46596;-1.455;-1.44268;-1.4289;-1.41341;-1.39601;-1.37645;-1.35449;-1.32978;-1.302;-1.2707;-1.23541;-1.19558;-1.15058;-1.09961;-1.04175;-0.976011;-0.901051;-0.815432;-0.717454;-0.60515
3;3017389216274;20;absz;19303.9;15744.8;12838.5;10467.1;8534.65;6958.3;5672.47;4624.21;3768.72;3071.47;2502.41;2038.09;1659.33;1350.23;1097.88;891.885;723.842;587.098;476.509;388.435
3;3017389216274;20;frequency;99999.99999990905;122862.535599424;150952.0265389597;185463.4873444638;227865.1431623047;279960.8926363817;343967.05137965;422606.6409511731;519225.2346839865;637933.2888043621;783781.0140572543;962973.2274171232;1183133.324347452;1453627.601814205;1785963.729760951;2194280.323268956;2695948.443325946;3312310.615921419;4069588.809647371;4999999.999999929
3;3017389216274;20;phasez;-1.53877;-1.53554;-1.53142;-1.52636;-1.51995;-1.51202;-1.50222;-1.49003;-1.47492;-1.45622;-1.43308;-1.40443;-1.36894;-1.32489;-1.2701;-1.20168;-1.11573;-1.00711;-0.868624;-0.690719
