0;7666139646742;20;absz;1.37579e+08;1.00342e+08;7.31241e+07;5.32464e+07;3.87624e+07;2.81981e+07;2.05186e+07;1.49261e+07;1.08537e+07;7.89122e+06;5.73648e+06;4.1695e+06;3.03013e+06;2.20183e+06;1.59972e+06;1.16212e+06;844099;613002;445098;323129
0;7666139646742;20;frequency;9.999999974752427;13.86918846435492;19.23543905490988;26.67799336109056;37.00021196095804;51.31629158938722;71.17153245417285;98.70914048804025;136.9015682683994;189.8713664161278;263.3361782500288;365.2259113806622;506.5387032487934;702.5280792305466;974.3494403835484;1351.343611730726;1874.203936580443;2599.368780806799;3605.113577052066;4999.99999995282
0;7666139646742;20;phasez;-1.51318;-1.51557;-1.51864;-1.52102;-1.52314;-1.52448;-1.52643;-1.52768;-1.52868;-1.52951;-1.53012;-1.53058;-1.53079;-1.53072;-1.53032;-1.52948;-1.52801;-1.52569;-1.52221;-1.51709
1;7666907605475;50;absz;7.44844e+06;6.363e+06;5.44951e+06;4.65591e+06;3.99097e+06;3.41528e+06;2.92131e+06;2.49829e+06;2.13815e+06;1.82963e+06;1.56502e+06;1.33935e+06;1.1454e+06;980106;838329;717200;613489;524759;448846;383910;328336;280816;240157;205382;175636;150194;128438;109828;93914.1;80304.1;68664.9;58712.7;50201.7;42923.3;36699.2;31376.6;26824.6;22931.6;19602.1;16754.1;14317.8;12233.4;10450;8923.58;7616.75;6497.78;5538.55;4715.98;4009.59;3402.11
1;7666907605475;50;frequency;199.9999999213742;234.625769479635;275.2462588517801;322.8993264769997;378.802514688914;444.3841576318164;521.3198749487447;611.5753842550475;717.456725922716;841.6691823498468;987.3863981368913;1158.33146786315;1358.872060208682;1594.132014446359;1870.122253535556;2193.894364737048;2573.720768452858;3019.306079821149;3542.035062906734;4155.263512473084;4874.659497176026;5718.603679767398;6708.658946337209;7870.121340545211;9232.666380967203;10831.10727442716;12706.28439819177;14906.10877695531;17486.78621595445;20514.25336674129;24065.86241733066;28232.35745111674;33120.19296963342;38854.25382030405;45581.04601983359;53472.44000269313;62730.06193403319;73590.44528463698;86331.07429211862;101277.4737211686;118811.5260634959;139381.228686517;163512.140226203;191820.8086789974;225030.524286467;263989.7996954232;309694.0495706946;363311.0235703185;426210.642505751;499999.9999999716
1;7666907605475;50;phasez;-1.53048;-1.52931;-1.53127;-1.5307;-1.53239;-1.53241;-1.53251;-1.53306;-1.53343;-1.53399;-1.5342;-1.53449;-1.53481;-1.53502;-1.53548;-1.53555;-1.53579;-1.53603;-1.5362;-1.53636;-1.53651;-1.53654;-1.53656;-1.53654;-1.53644;-1.53626;-1.53598;-1.5356;-1.5351;-1.53449;-1.53371;-1.53276;-1.53163;-1.53027;-1.52865;-1.52675;-1.52449;-1.52181;-1.51864;-1.51488;-1.51043;-1.50516;-1.49893;-1.49154;-1.48278;-1.4724;-1.46007;-1.44539;-1.42784;-1.40675
2;7667675994050;50;absz;82739.1;74060.9;66310.8;59345.4;53137.5;47565.3;42590.1;38132.9;34133.5;30553.4;27348.1;24480.7;21914.8;19615.4;17559.7;15718.2;14069.9;12594.1;11272.9;10089.9;9031.47;8083.24;7234.93;6475.34;5795.53;5187.04;4642.16;4154.43;3717.76;3326.84;2976.89;2663.56;2383.03;2131.8;1906.89;1705.46;1525.06;1363.52;1218.81;1089.21;973.095;869.139;776.023;692.628;618.082;551.461;492.035;439.227;392.543;351.649
2;7667675994050;50;frequency;20000.00000002444;22385.53853899816;25055.61678390222;28044.17375656954;31389.19662092121;35133.2035329932;39323.78408414649;44014.2042055669;49264.08322518227;55140.1516811012;61717.09952482729;69078.52549602467;77317.99973512921;86540.25314108083;96862.50859274992;108415.9709538568;121347.4948009008;135821.4510731415;152021.8163702936;170154.5114554648;190450.0186878266;213166.3116533389;238592.1342356312;267050.6708003728;298903.6541519141;334555.9634717432;374460.7706856584;419125.3006744233;469117.2785435782;525072.1459047724;587701.13789258;657800.3235824071;736260.7247225839;824079.6413975459;922373.3285811875;1032391.184709951;1155531.632626961;1293359.894754076;1447627.888434013;1620296.494325686;1813560.480908265;2029876.401899315;2271993.821195295;2542990.262224833;2846310.325953354;3185809.474764127;3565803.038745301;3991121.067296888;4467169.723268114;4999999.999999929
2;7667675994050;50;phasez;-1.53809;-1.5379;-1.53767;-1.53738;-1.53695;-1.53657;-1.53607;-1.53549;-1.53474;-1.53386;-1.53288;-1.53177;-1.53048;-1.52902;-1.52736;-1.52551;-1.52338;-1.52097;-1.51825;-1.51524;-1.51184;-1.50799;-1.50368;-1.49884;-1.49341;-1.4873;-1.48045;-1.47277;-1.46415;-1.45449;-1.44365;-1.43148;-1.41781;-1.40247;-1.38525;-1.36588;-1.34411;-1.31963;-1.29205;-1.26098;-1.22592;-1.18633;-1.14154;-1.09079;-1.03311;-0.967547;-0.892719;-0.807186;-0.709214;-0.596821
3;7667993507231;20;absz;17093.1;13964.3;11404.1;9314.22;7607.27;6211.57;5072.36;4141.24;3380.89;2759.63;2251.71;1836.5;1497.31;1219.78;992.817;807.165;655.343;531.519;431.072;350.779
3;7667993507231;20;frequency;99999.99999990905;122862.535599424;150952.0265389597;185463.4873444638;227865.1431623047;279960.8926363817;343967.05137965;422606.6409511731;519225.2346839865;637933.2888043621;783781.0140572543;962973.2274171232;1183133.324347452;1453627.601814205;1785963.729760951;2194280.323268956;2695948.443325946;3312310.615921419;4069588.809647371;4999999.999999929
3;7667993507231;20;phasez;-1.52647;-1.52329;-1.51929;-1.51427;-1.50799;-1.50014;-1.49041;-1.47837;-1.46344;-1.44495;-1.42207;-1.39374;-1.3586;-1.31496;-1.26059;-1.19258;-1.10703;-0.998736;-0.860419;-0.682479
