0;7149848217827;20;absz;1.38465e+08;1.00953e+08;7.35395e+07;5.35539e+07;3.89708e+07;2.83704e+07;2.06302e+07;1.50035e+07;1.0909e+07;7.93111e+06;5.76518e+06;4.18993e+06;3.04479e+06;2.21229e+06;1.60721e+06;1.16748e+06;847903;615716;447020;324488
0;7149848217827;20;frequency;9.999999974752427;13.86918846435492;19.23543905490988;26.67799336109056;37.00021196095804;51.31629158938722;71.17153245417285;98.70914048804025;136.9015682683994;189.8713664161278;263.3361782500288;365.2259113806622;506.5387032487934;702.5280792305466;974.3494403835484;1351.343611730726;1874.203936580443;2599.368780806799;3605.113577052066;4999.99999995282
0;7149848217827;20;phasez;-1.51432;-1.51796;-1.51985;-1.52211;-1.52413;-1.52535;-1.527;-1.52828;-1.5293;-1.53;-1.53059;-1.53096;-1.53119;-1.53114;-1.53075;-1.52988;-1.52845;-1.52616;-1.52268;-1.51756
1;7150618729250;50;absz;7.48898e+06;6.39365e+06;5.47451e+06;4.68329e+06;4.00629e+06;3.42917e+06;2.93467e+06;2.51157e+06;2.14822e+06;1.83826e+06;1.57239e+06;1.34524e+06;1.15091e+06;984601;842161;720375;616235;527046;450775;385547;329735;281983;241137;206213;176337;150793;128942;110254;94272.5;80606.9;68921.3;58929.3;50386.4;43079.9;36832;31489.8;26920.7;23013.2;19671;16812.8;14367.6;12275.8;10486;8954.17;7642.78;6519.68;5557.24;4731.75;4022.9;3413.35
1;7150618729250;50;frequency;199.9999999213742;234.625769479635;275.2462588517801;322.8993264769997;378.802514688914;444.3841576318164;521.3198749487447;611.5753842550475;717.456725922716;841.6691823498468;987.3863981368913;1158.33146786315;1358.872060208682;1594.132014446359;1870.122253535556;2193.894364737048;2573.720768452858;3019.306079821149;3542.035062906734;4155.263512473084;4874.659497176026;5718.603679767398;6708.658946337209;7870.121340545211;9232.666380967203;10831.10727442716;12706.28439819177;14906.10877695531;17486.78621595445;20514.25336674129;24065.86241733066;28232.35745111674;33120.19296963342;38854.25382030405;45581.04601983359;53472.44000269313;62730.06193403319;73590.44528463698;86331.07429211862;101277.4737211686;118811.5260634959;139381.228686517;163512.140226203;191820.8086789974;225030.524286467;263989.7996954232;309694.0495706946;363311.0235703185;426210.642505751;499999.9999999716
1;7150618729250;50;phasez;-1.53004;-1.53226;-1.53115;-1.53136;-1.5331;-1.533;-1.53319;-1.53359;-1.53431;-1.53436;-1.53447;-1.53487;-1.5353;-1.53555;-1.53584;-1.53608;-1.53631;-1.53652;-1.53667;-1.5368;-1.53693;-1.53703;-1.53703;-1.53698;-1.53687;-1.53667;-1.53638;-1.536;-1.5355;-1.53486;-1.53406;-1.53311;-1.53196;-1.53059;-1.52896;-1.52704;-1.52477;-1.52208;-1.5189;-1.51513;-1.51068;-1.50541;-1.49917;-1.49178;-1.48303;-1.47265;-1.46033;-1.44565;-1.42811;-1.40703
2;7151389513043;50;absz;83023.2;74319.3;66546.9;59571.3;53341.7;47743.4;42743.8;38264.1;34251.3;30655.1;27441.3;24566.5;21989.5;19682.8;17618.4;15770.3;14117.3;12635.8;11310.4;10123.8;9061.16;8110.29;7258.56;6496.56;5814.37;5203.85;4657.23;4167.75;3729.61;3337.46;2986.31;2671.95;2390.45;2138.41;1912.76;1710.73;1529.74;1367.68;1222.51;1092.48;976.029;871.71;778.299;694.687;619.882;553.065;493.466;440.514;393.694;352.68
2;7151389513043;50;frequency;20000.00000002444;22385.53853899816;25055.61678390222;28044.17375656954;31389.19662092121;35133.2035329932;39323.78408414649;44014.2042055669;49264.08322518227;55140.1516811012;61717.09952482729;69078.52549602467;77317.99973512921;86540.25314108083;96862.50859274992;108415.9709538568;121347.4948009008;135821.4510731415;152021.8163702936;170154.5114554648;190450.0186878266;213166.3116533389;238592.1342356312;267050.6708003728;298903.6541519141;334555.9634717432;374460.7706856584;419125.3006744233;469117.2785435782;525072.1459047724;587701.13789258;657800.3235824071;736260.7247225839;824079.6413975459;922373.3285811875;1032391.184709951;1155531.632626961;1293359.894754076;1447627.888434013;1620296.494325686;1813560.480908265;2029876.401899315;2271993.821195295;2542990.262224833;2846310.325953354;3185809.474764127;3565803.038745301;3991121.067296888;4467169.723268114;4999999.999999929
2;7151389513043;50;phasez;-1.53851;-1.53801;-1.53801;-1.53758;-1.5372;-1.53699;-1.53641;-1.53586;-1.53499;-1.53417;-1.5332;-1.53204;-1.53082;-1.52927;-1.52755;-1.52574;-1.52363;-1.52124;-1.51849;-1.5155;-1.51207;-1.50824;-1.50394;-1.4991;-1.49365;-1.48754;-1.48073;-1.47306;-1.46443;-1.45478;-1.44394;-1.43179;-1.41813;-1.4028;-1.38558;-1.36623;-1.34448;-1.32001;-1.29244;-1.26139;-1.22634;-1.18678;-1.14202;-1.09127;-1.03363;-0.968082;-0.893291;-0.807798;-0.70987;-0.59753
3;7151707157884;20;absz;17150.5;14010.8;11441.5;9344.55;7631.69;6231.45;5088.55;4154.36;3391.59;2768.24;2258.67;1842.14;1501.82;1223.43;995.77;809.524;657.25;533.058;432.311;351.795
3;7151707157884;20;frequency;99999.99999990905;122862.535599424;150952.0265389597;185463.4873444638;227865.1431623047;279960.8926363817;343967.05137965;422606.6409511731;519225.2346839865;637933.2888043621;783781.0140572543;962973.2274171232;1183133.324347452;1453627.601814205;1785963.729760951;2194280.323268956;2695948.443325946;3312310.615921419;4069588.809647371;4999999.999999929
3;7151707157884;20;phasez;-1.52676;-1.52357;-1.51952;-1.51449;-1.50824;-1.50039;-1.49068;-1.47866;-1.46372;-1.44526;-1.42239;-1.39409;-1.35898;-1.31536;-1.26102;-1.19305;-1.10755;-0.999307;-0.861067;-0.683196
