0;7144264733203;20;absz;1.38525e+08;1.00949e+08;7.35602e+07;5.35529e+07;3.89804e+07;2.83541e+07;2.0634e+07;1.50038e+07;1.09101e+07;7.93164e+06;5.76546e+06;4.19027e+06;3.0451e+06;2.21254e+06;1.60736e+06;1.16754e+06;847980;615757;447057;324514
0;7144264733203;20;frequency;9.999999974752427;13.86918846435492;19.23543905490988;26.67799336109056;37.00021196095804;51.31629158938722;71.17153245417285;98.70914048804025;136.9015682683994;189.8713664161278;263.3361782500288;365.2259113806622;506.5387032487934;702.5280792305466;974.3494403835484;1351.343611730726;1874.203936580443;2599.368780806799;3605.113577052066;4999.99999995282
0;7144264733203;20;phasez;-1.51444;-1.51727;-1.51985;-1.52214;-1.52405;-1.52519;-1.52702;-1.52818;-1.52917;-1.52999;-1.53059;-1.53098;-1.53119;-1.53114;-1.53074;-1.52993;-1.52846;-1.52616;-1.52269;-1.51756
1;7145034676043;50;absz;7.4824e+06;6.40886e+06;5.46886e+06;4.68269e+06;4.01173e+06;3.42989e+06;2.93442e+06;2.51064e+06;2.14824e+06;1.83842e+06;1.57279e+06;1.34538e+06;1.15097e+06;984691;842325;720430;616253;527114;450812;385561;329745;282007;241158;206226;176351;150799;128946;110261;94279;80612.3;68926;58932.3;50388.2;43082.2;36834.3;31490.8;26921.8;23013.9;19672.3;16813.6;14368.4;12276.5;10486.6;8954.75;7643.19;6520.17;5557.66;4732.08;4023.25;3413.56
1;7145034676043;50;frequency;199.9999999213742;234.625769479635;275.2462588517801;322.8993264769997;378.802514688914;444.3841576318164;521.3198749487447;611.5753842550475;717.456725922716;841.6691823498468;987.3863981368913;1158.33146786315;1358.872060208682;1594.132014446359;1870.122253535556;2193.894364737048;2573.720768452858;3019.306079821149;3542.035062906734;4155.263512473084;4874.659497176026;5718.603679767398;6708.658946337209;7870.121340545211;9232.666380967203;10831.10727442716;12706.28439819177;14906.10877695531;17486.78621595445;20514.25336674129;24065.86241733066;28232.35745111674;33120.19296963342;38854.25382030405;45581.04601983359;53472.44000269313;62730.06193403319;73590.44528463698;86331.07429211862;101277.4737211686;118811.5260634959;139381.228686517;163512.140226203;191820.8086789974;225030.524286467;263989.7996954232;309694.0495706946;363311.0235703185;426210.642505751;499999.9999999716
1;7145034676043;50;phasez;-1.53125;-1.5319;-1.53089;-1.53222;-1.53299;-1.53244;-1.5334;-1.53345;-1.53409;-1.53453;-1.53461;-1.53478;-1.53523;-1.53557;-1.53582;-1.5361;-1.53623;-1.53653;-1.53671;-1.53684;-1.53696;-1.537;-1.53705;-1.53699;-1.53688;-1.53668;-1.53639;-1.53599;-1.53549;-1.53485;-1.53406;-1.53311;-1.53196;-1.53059;-1.52896;-1.52705;-1.52477;-1.52208;-1.5189;-1.51513;-1.51068;-1.50541;-1.49917;-1.49178;-1.48303;-1.47265;-1.46033;-1.44565;-1.42811;-1.40703
2;7145803951477;50;absz;83038.1;74333.3;66550.2;59591.8;53348.2;47755.1;42753.9;38269.5;34257.6;30664.7;27448;24571.9;21992.7;19685.8;17621.1;15773.3;14119.4;12638.7;11312.2;10125.3;9062.49;8111.33;7259.88;6497.69;5815.44;5204.7;4657.89;4168.52;3730.19;3337.97;2986.79;2672.36;2390.84;2138.79;1913.06;1710.99;1529.96;1367.86;1222.67;1092.64;976.151;871.844;778.422;694.767;619.994;553.147;493.539;440.58;393.752;352.729
2;7145803951477;50;frequency;20000.00000002444;22385.53853899816;25055.61678390222;28044.17375656954;31389.19662092121;35133.2035329932;39323.78408414649;44014.2042055669;49264.08322518227;55140.1516811012;61717.09952482729;69078.52549602467;77317.99973512921;86540.25314108083;96862.50859274992;108415.9709538568;121347.4948009008;135821.4510731415;152021.8163702936;170154.5114554648;190450.0186878266;213166.3116533389;238592.1342356312;267050.6708003728;298903.6541519141;334555.9634717432;374460.7706856584;419125.3006744233;469117.2785435782;525072.1459047724;587701.13789258;657800.3235824071;736260.7247225839;824079.6413975459;922373.3285811875;1032391.184709951;1155531.632626961;1293359.894754076;1447627.888434013;1620296.494325686;1813560.480908265;2029876.401899315;2271993.821195295;2542990.262224833;2846310.325953354;3185809.474764127;3565803.038745301;3991121.067296888;4467169.723268114;4999999.999999929
2;7145803951477;50;phasez;-1.53827;-1.5385;-1.53802;-1.53774;-1.53744;-1.53678;-1.53632;-1.53577;-1.53494;-1.53414;-1.53313;-1.53205;-1.53075;-1.5292;-1.52763;-1.52576;-1.5236;-1.52127;-1.51849;-1.51548;-1.51209;-1.50825;-1.50395;-1.4991;-1.49366;-1.48757;-1.48072;-1.47306;-1.46444;-1.45477;-1.44395;-1.43178;-1.41814;-1.4028;-1.38559;-1.36623;-1.34448;-1.32;-1.29243;-1.26138;-1.22634;-1.18676;-1.142;-1.09126;-1.03362;-0.968071;-0.893275;-0.80778;-0.709852;-0.597523
3;7146122622517;20;absz;17154.8;14013;11443.2;9345.81;7633.38;6232.41;5089.43;4155.07;3392.04;2768.66;2259;1842.35;1502.03;1223.58;995.902;809.637;657.344;533.12;432.375;351.846
3;7146122622517;20;frequency;99999.99999990905;122862.535599424;150952.0265389597;185463.4873444638;227865.1431623047;279960.8926363817;343967.05137965;422606.6409511731;519225.2346839865;637933.2888043621;783781.0140572543;962973.2274171232;1183133.324347452;1453627.601814205;1785963.729760951;2194280.323268956;2695948.443325946;3312310.615921419;4069588.809647371;4999999.999999929
3;7146122622517;20;phasez;-1.52666;-1.52349;-1.51956;-1.51452;-1.50821;-1.50037;-1.49068;-1.47866;-1.46373;-1.44526;-1.4224;-1.3941;-1.35898;-1.31537;-1.26102;-1.19305;-1.10755;-0.999292;-0.861053;-0.683212
