0;4095103919626;20;absz;1.55914e+08;1.1329e+08;8.23926e+07;5.98882e+07;4.35082e+07;3.16063e+07;2.29468e+07;1.66619e+07;1.20948e+07;8.77844e+06;6.37067e+06;4.62234e+06;3.35329e+06;2.43216e+06;1.76371e+06;1.27877e+06;927023;671925;486959;352862
0;4095103919626;20;frequency;9.999999974752427;13.86918846435492;19.23543905490988;26.67799336109056;37.00021196095804;51.31629158938722;71.17153245417285;98.70914048804025;136.9015682683994;189.8713664161278;263.3361782500288;365.2259113806622;506.5387032487934;702.5280792305466;974.3494403835484;1351.343611730726;1874.203936580443;2599.368780806799;3605.113577052066;4999.99999995282
0;4095103919626;20;phasez;-1.53054;-1.53168;-1.53242;-1.53356;-1.53444;-1.53492;-1.53616;-1.53705;-1.53769;-1.53838;-1.53896;-1.53936;-1.53968;-1.53968;-1.53935;-1.53853;-1.53703;-1.53464;-1.53104;-1.52577
1;4095871987091;50;absz;8.26421e+06;7.07067e+06;6.04596e+06;5.16982e+06;4.42231e+06;3.78061e+06;3.23209e+06;2.76255e+06;2.36262e+06;2.01911e+06;1.72595e+06;1.47475e+06;1.26069e+06;1.07736e+06;920763;786923;672495;574674;491088;419646;358597;306407;261808;223698;191133;163310;139535;119219;101858;87024.2;74355.4;63528.7;54278.7;46375.9;39623.2;33853.1;28922.8;24708.9;21107.3;18029.6;15398.2;13148.4;11224.8;9579.56;8171.81;6966.98;5934.86;5050.22;4290.92;3638.39
1;4095871987091;50;frequency;199.9999999213742;234.625769479635;275.2462588517801;322.8993264769997;378.802514688914;444.3841576318164;521.3198749487447;611.5753842550475;717.456725922716;841.6691823498468;987.3863981368913;1158.33146786315;1358.872060208682;1594.132014446359;1870.122253535556;2193.894364737048;2573.720768452858;3019.306079821149;3542.035062906734;4155.263512473084;4874.659497176026;5718.603679767398;6708.658946337209;7870.121340545211;9232.666380967203;10831.10727442716;12706.28439819177;14906.10877695531;17486.78621595445;20514.25336674129;24065.86241733066;28232.35745111674;33120.19296963342;38854.25382030405;45581.04601983359;53472.44000269313;62730.06193403319;73590.44528463698;86331.07429211862;101277.4737211686;118811.5260634959;139381.228686517;163512.140226203;191820.8086789974;225030.524286467;263989.7996954232;309694.0495706946;363311.0235703185;426210.642505751;499999.9999999716
1;4095871987091;50;phasez;-1.54036;-1.54107;-1.53979;-1.54074;-1.54159;-1.54155;-1.54186;-1.54259;-1.54295;-1.54301;-1.54321;-1.54345;-1.54383;-1.54408;-1.54447;-1.54458;-1.54482;-1.54492;-1.54505;-1.54516;-1.54518;-1.54517;-1.54509;-1.54498;-1.54477;-1.54449;-1.54409;-1.5436;-1.54299;-1.54224;-1.54133;-1.54026;-1.539;-1.53751;-1.53577;-1.53375;-1.53138;-1.5286;-1.52534;-1.52151;-1.51701;-1.51171;-1.50546;-1.49809;-1.48937;-1.47904;-1.46678;-1.45217;-1.43472;-1.41372
2;4096642212538;50;absz;89709.3;80251.3;71789.1;64248.9;57501.3;51432.1;46027.5;41181.9;36841.3;32963.2;29494.6;26387.2;23611.3;21126.1;18901.5;16912.2;15132.7;13538.5;12113.3;10838.1;9696.6;8674.87;7761.26;6943.31;6211.55;5556.66;4970.73;4446.36;3977.04;3557.18;3181.36;2845.11;2544.14;2274.89;2033.86;1818.1;1625.01;1452.17;1297.49;1158.99;1035.05;924.126;824.852;736.004;656.663;585.813;522.663;466.612;417.117;373.82
2;4096642212538;50;frequency;20000.00000002444;22385.53853899816;25055.61678390222;28044.17375656954;31389.19662092121;35133.2035329932;39323.78408414649;44014.2042055669;49264.08322518227;55140.1516811012;61717.09952482729;69078.52549602467;77317.99973512921;86540.25314108083;96862.50859274992;108415.9709538568;121347.4948009008;135821.4510731415;152021.8163702936;170154.5114554648;190450.0186878266;213166.3116533389;238592.1342356312;267050.6708003728;298903.6541519141;334555.9634717432;374460.7706856584;419125.3006744233;469117.2785435782;525072.1459047724;587701.13789258;657800.3235824071;736260.7247225839;824079.6413975459;922373.3285811875;1032391.184709951;1155531.632626961;1293359.894754076;1447627.888434013;1620296.494325686;1813560.480908265;2029876.401899315;2271993.821195295;2542990.262224833;2846310.325953354;3185809.474764127;3565803.038745301;3991121.067296888;4467169.723268114;4999999.999999929
2;4096642212538;50;phasez;-1.54601;-1.54549;-1.54528;-1.54494;-1.54438;-1.5439;-1.54327;-1.54257;-1.54176;-1.5408;-1.53981;-1.53854;-1.53731;-1.53572;-1.53398;-1.53214;-1.52993;-1.5275;-1.52482;-1.52181;-1.51842;-1.51457;-1.5103;-1.50547;-1.50011;-1.49404;-1.48725;-1.47964;-1.47107;-1.46146;-1.45068;-1.43857;-1.42496;-1.40967;-1.39248;-1.37317;-1.35144;-1.32698;-1.29944;-1.2684;-1.23338;-1.19382;-1.1491;-1.09837;-1.04081;-0.975344;-0.900665;-0.815318;-0.717605;-0.605543
3;4096958202191;20;absz;18402.5;15021.8;12258.9;10002.6;8162.79;6660.05;5433.71;4432.88;3615.45;2948.45;2403.57;1958.62;1595.38;1298.62;1056.18;858.102;696.37;564.648;457.988;372.915
3;4096958202191;20;frequency;99999.99999990905;122862.535599424;150952.0265389597;185463.4873444638;227865.1431623047;279960.8926363817;343967.05137965;422606.6409511731;519225.2346839865;637933.2888043621;783781.0140572543;962973.2274171232;1183133.324347452;1453627.601814205;1785963.729760951;2194280.323268956;2695948.443325946;3312310.615921419;4069588.809647371;4999999.999999929
3;4096958202191;20;phasez;-1.53314;-1.52989;-1.52582;-1.52082;-1.51453;-1.50678;-1.49718;-1.48519;-1.47041;-1.45203;-1.42924;-1.401;-1.36595;-1.32236;-1.26804;-1.20013;-1.1147;-1.0066;-0.868614;-0.69122
