0;1400326375403;20;absz;2.0341e+08;1.47006e+08;1.06169e+08;7.67271e+07;5.54496e+07;4.0063e+07;2.89553e+07;2.09252e+07;1.51225e+07;1.0931e+07;7.90147e+06;5.71209e+06;4.12943e+06;2.98534e+06;2.15831e+06;1.56043e+06;1.12812e+06;815607;589709;426384
0;1400326375403;20;frequency;9.999999974752427;13.86918846435492;19.23543905490988;26.67799336109056;37.00021196095804;51.31629158938722;71.17153245417285;98.70914048804025;136.9015682683994;189.8713664161278;263.3361782500288;365.2259113806622;506.5387032487934;702.5280792305466;974.3494403835484;1351.343611730726;1874.203936580443;2599.368780806799;3605.113577052066;4999.99999995282
0;1400326375403;20;phasez;-1.55913;-1.55919;-1.55949;-1.55957;-1.55926;-1.55871;-1.55901;-1.5588;-1.55841;-1.558;-1.55746;-1.55684;-1.55607;-1.55509;-1.55381;-1.55209;-1.54972;-1.54648;-1.54201;-1.53587
1;1401099264011;50;absz;1.0301e+07;8.76334e+06;7.49271e+06;6.40361e+06;5.46874e+06;4.66379e+06;3.97912e+06;3.39606e+06;2.89888e+06;2.47382e+06;2.11236e+06;1.80188e+06;1.53831e+06;1.31291e+06;1.12056e+06;956570;816339;696800;594788;507654;433343;369894;315759;269548;230108;196443;167707;143182;122247;104376;89121.8;76097.6;64980.1;55488.6;47385.1;40465.1;34555.9;29509.7;25199.7;21518.6;18373.6;15686.4;13389.7;11426.2;9747.21;8310.51;7080.36;6026.2;5121.74;4344.52
1;1401099264011;50;frequency;199.9999999213742;234.625769479635;275.2462588517801;322.8993264769997;378.802514688914;444.3841576318164;521.3198749487447;611.5753842550475;717.456725922716;841.6691823498468;987.3863981368913;1158.33146786315;1358.872060208682;1594.132014446359;1870.122253535556;2193.894364737048;2573.720768452858;3019.306079821149;3542.035062906734;4155.263512473084;4874.659497176026;5718.603679767398;6708.658946337209;7870.121340545211;9232.666380967203;10831.10727442716;12706.28439819177;14906.10877695531;17486.78621595445;20514.25336674129;24065.86241733066;28232.35745111674;33120.19296963342;38854.25382030405;45581.04601983359;53472.44000269313;62730.06193403319;73590.44528463698;86331.07429211862;101277.4737211686;118811.5260634959;139381.228686517;163512.140226203;191820.8086789974;225030.524286467;263989.7996954232;309694.0495706946;363311.0235703185;426210.642505751;499999.9999999716
1;1401099264011;50;phasez;-1.55844;-1.55829;-1.55692;-1.55831;-1.55727;-1.55887;-1.55788;-1.55791;-1.5587;-1.55811;-1.55784;-1.55747;-1.55739;-1.55715;-1.5571;-1.55696;-1.55667;-1.5564;-1.55602;-1.55576;-1.55537;-1.555;-1.55447;-1.55392;-1.55328;-1.55258;-1.5518;-1.55088;-1.54987;-1.54873;-1.54743;-1.54595;-1.54428;-1.54238;-1.54022;-1.53776;-1.53493;-1.53168;-1.52793;-1.52359;-1.51855;-1.5127;-1.50588;-1.4979;-1.48857;-1.47761;-1.4647;-1.44944;-1.43132;-1.40966
2;1401870783714;50;absz;107570;96219.5;86052.8;76970.9;68829;61550.7;55057.8;49246.3;44053.6;39398.4;35237.5;31520.2;28193.4;25220.2;22560.1;20181.5;18053.4;16151;14449;12927.1;11565;10346.7;9257.26;8282.21;7410.13;6629.71;5931.72;5307.16;4748.25;4248.3;3800.76;3400.42;3042.14;2721.38;2434.36;2177.45;1947.53;1741.67;1557.43;1392.47;1244.83;1112.68;994.441;888.594;794.161;709.851;634.815;568.285;509.668;458.572
2;1401870783714;50;frequency;20000.00000002444;22385.53853899816;25055.61678390222;28044.17375656954;31389.19662092121;35133.2035329932;39323.78408414649;44014.2042055669;49264.08322518227;55140.1516811012;61717.09952482729;69078.52549602467;77317.99973512921;86540.25314108083;96862.50859274992;108415.9709538568;121347.4948009008;135821.4510731415;152021.8163702936;170154.5114554648;190450.0186878266;213166.3116533389;238592.1342356312;267050.6708003728;298903.6541519141;334555.9634717432;374460.7706856584;419125.3006744233;469117.2785435782;525072.1459047724;587701.13789258;657800.3235824071;736260.7247225839;824079.6413975459;922373.3285811875;1032391.184709951;1155531.632626961;1293359.894754076;1447627.888434013;1620296.494325686;1813560.480908265;2029876.401899315;2271993.821195295;2542990.262224833;2846310.325953354;3185809.474764127;3565803.038745301;3991121.067296888;4467169.723268114;4999999.999999929
2;1401870783714;50;phasez;-1.55221;-1.55168;-1.55138;-1.55072;-1.54978;-1.54913;-1.54809;-1.54706;-1.54592;-1.54483;-1.5434;-1.54178;-1.54015;-1.53833;-1.53627;-1.53404;-1.53145;-1.52863;-1.52555;-1.52204;-1.51823;-1.514;-1.5093;-1.50404;-1.4982;-1.49169;-1.48443;-1.47634;-1.46734;-1.45727;-1.44601;-1.43344;-1.41936;-1.4036;-1.38596;-1.36619;-1.34398;-1.31908;-1.29109;-1.25961;-1.22416;-1.18419;-1.13904;-1.08795;-1.02995;-0.964148;-0.889142;-0.803519;-0.705578;-0.593394
3;1402189281062;20;absz;21964.5;17921.3;14625.8;11932.4;9735.8;7945.43;6483.49;5290.91;4317.62;3523.13;2874.65;2344.87;1912.07;1558.75;1269.95;1034.05;841.453;684.716;558.054;457.474
3;1402189281062;20;frequency;99999.99999990905;122862.535599424;150952.0265389597;185463.4873444638;227865.1431623047;279960.8926363817;343967.05137965;422606.6409511731;519225.2346839865;637933.2888043621;783781.0140572543;962973.2274171232;1183133.324347452;1453627.601814205;1785963.729760951;2194280.323268956;2695948.443325946;3312310.615921419;4069588.809647371;4999999.999999929
3;1402189281062;20;phasez;-1.53527;-1.53138;-1.52657;-1.52079;-1.51373;-1.50514;-1.4947;-1.4819;-1.46625;-1.44701;-1.42338;-1.39429;-1.35838;-1.31397;-1.25886;-1.19018;-1.10399;-0.995223;-0.856679;-0.67895
