0;3478597894176;20;absz;1.6405e+08;1.19141e+08;8.64607e+07;6.27649e+07;4.55499e+07;3.30343e+07;2.39636e+07;1.73812e+07;1.26015e+07;9.13628e+06;6.62257e+06;4.79957e+06;3.47797e+06;2.51994e+06;1.82544e+06;1.3222e+06;957548;693420;502117;363579
0;3478597894176;20;frequency;9.999999974752427;13.86918846435492;19.23543905490988;26.67799336109056;37.00021196095804;51.31629158938722;71.17153245417285;98.70914048804025;136.9015682683994;189.8713664161278;263.3361782500288;365.2259113806622;506.5387032487934;702.5280792305466;974.3494403835484;1351.343611730726;1874.203936580443;2599.368780806799;3605.113577052066;4999.99999995282
0;3478597894176;20;phasez;-1.53616;-1.537;-1.53829;-1.53886;-1.54003;-1.54042;-1.54186;-1.54267;-1.54337;-1.5439;-1.54432;-1.5446;-1.54475;-1.54462;-1.54411;-1.54308;-1.54138;-1.53871;-1.5348;-1.52922
1;3479365751664;50;absz;8.60708e+06;7.34417e+06;6.29289e+06;5.37031e+06;4.58842e+06;3.92239e+06;3.352e+06;2.864e+06;2.44617e+06;2.09025e+06;1.78581e+06;1.52581e+06;1.30339e+06;1.1133e+06;951141;812467;693980;592803;506396;432557;369490;315624;269609;230297;196716;168038;143540;122615;104737;89469.4;76425.1;65282.3;55764.2;47632.3;40685;34750.8;29681.2;25348.8;21647.7;18484.9;15781.9;13472.1;11497;9808.51;8364.15;7128.49;6070.47;5163.81;4386.06;3717.95
1;3479365751664;50;frequency;199.9999999213742;234.625769479635;275.2462588517801;322.8993264769997;378.802514688914;444.3841576318164;521.3198749487447;611.5753842550475;717.456725922716;841.6691823498468;987.3863981368913;1158.33146786315;1358.872060208682;1594.132014446359;1870.122253535556;2193.894364737048;2573.720768452858;3019.306079821149;3542.035062906734;4155.263512473084;4874.659497176026;5718.603679767398;6708.658946337209;7870.121340545211;9232.666380967203;10831.10727442716;12706.28439819177;14906.10877695531;17486.78621595445;20514.25336674129;24065.86241733066;28232.35745111674;33120.19296963342;38854.25382030405;45581.04601983359;53472.44000269313;62730.06193403319;73590.44528463698;86331.07429211862;101277.4737211686;118811.5260634959;139381.228686517;163512.140226203;191820.8086789974;225030.524286467;263989.7996954232;309694.0495706946;363311.0235703185;426210.642505751;499999.9999999716
1;3479365751664;50;phasez;-1.54802;-1.54489;-1.54581;-1.5455;-1.54717;-1.54655;-1.54621;-1.54746;-1.54737;-1.54807;-1.54785;-1.54835;-1.54851;-1.54863;-1.54882;-1.54886;-1.54886;-1.54886;-1.54887;-1.54874;-1.54864;-1.54849;-1.54827;-1.54801;-1.54768;-1.5473;-1.54683;-1.54628;-1.54564;-1.54485;-1.54397;-1.54292;-1.54169;-1.54024;-1.53855;-1.53658;-1.53425;-1.53152;-1.5283;-1.52451;-1.52003;-1.51475;-1.50851;-1.50112;-1.49239;-1.48203;-1.46973;-1.45509;-1.43757;-1.41651
2;3480137095273;50;absz;92168.3;82474.6;73795.9;66026.5;59037.4;52830.3;47256.1;42274.6;37819.8;33828.4;30260.2;27069.8;24216.8;21663.2;19376.7;17333.4;15504.9;13869.5;12406.5;11097.3;9926.37;8878.63;7941.18;7102.9;6352.58;5681.66;5081.35;4544.25;4063.73;3633.84;3249.31;2905.24;2597.44;2321.99;2075.58;1855.06;1657.79;1481.23;1323.24;1181.85;1055.33;942.126;840.851;750.24;669.351;597.134;532.812;475.73;425.343;381.287
2;3480137095273;50;frequency;20000.00000002444;22385.53853899816;25055.61678390222;28044.17375656954;31389.19662092121;35133.2035329932;39323.78408414649;44014.2042055669;49264.08322518227;55140.1516811012;61717.09952482729;69078.52549602467;77317.99973512921;86540.25314108083;96862.50859274992;108415.9709538568;121347.4948009008;135821.4510731415;152021.8163702936;170154.5114554648;190450.0186878266;213166.3116533389;238592.1342356312;267050.6708003728;298903.6541519141;334555.9634717432;374460.7706856584;419125.3006744233;469117.2785435782;525072.1459047724;587701.13789258;657800.3235824071;736260.7247225839;824079.6413975459;922373.3285811875;1032391.184709951;1155531.632626961;1293359.894754076;1447627.888434013;1620296.494325686;1813560.480908265;2029876.401899315;2271993.821195295;2542990.262224833;2846310.325953354;3185809.474764127;3565803.038745301;3991121.067296888;4467169.723268114;4999999.999999929
2;3480137095273;50;phasez;-1.54845;-1.54828;-1.54801;-1.54772;-1.54699;-1.54649;-1.54609;-1.54521;-1.54471;-1.54363;-1.5427;-1.54137;-1.54022;-1.53867;-1.53699;-1.53511;-1.53294;-1.53057;-1.52783;-1.52482;-1.52141;-1.51758;-1.51329;-1.50848;-1.50306;-1.49698;-1.49016;-1.48251;-1.47389;-1.46424;-1.4534;-1.44122;-1.42756;-1.4122;-1.39493;-1.37554;-1.35371;-1.32917;-1.30152;-1.27038;-1.23526;-1.19559;-1.15075;-1.09994;-1.04222;-0.976651;-0.901852;-0.81641;-0.718572;-0.606408
3;3480455770033;20;absz;18864.1;15391;12554.2;10239.1;8352.69;6812.34;5555.27;4530.31;3693.44;3010.87;2453.57;1998.69;1627.47;1324.38;1076.88;874.767;709.845;575.586;466.942;380.372
3;3480455770033;20;frequency;99999.99999990905;122862.535599424;150952.0265389597;185463.4873444638;227865.1431623047;279960.8926363817;343967.05137965;422606.6409511731;519225.2346839865;637933.2888043621;783781.0140572543;962973.2274171232;1183133.324347452;1453627.601814205;1785963.729760951;2194280.323268956;2695948.443325946;3312310.615921419;4069588.809647371;4999999.999999929
3;3480455770033;20;phasez;-1.53611;-1.53297;-1.52887;-1.52393;-1.51757;-1.50978;-1.50009;-1.48808;-1.47318;-1.45471;-1.43182;-1.40341;-1.3682;-1.32443;-1.26992;-1.20181;-1.11615;-1.00784;-0.869648;-0.692043
