0;5456477476178;20;absz;1.44373e+08;1.05023e+08;7.6454e+07;5.56415e+07;4.04679e+07;2.94353e+07;2.13912e+07;1.55494e+07;1.13025e+07;8.21312e+06;5.96801e+06;4.33571e+06;3.14953e+06;2.28739e+06;1.66099e+06;1.20591e+06;875374;635333;461039;334510
0;5456477476178;20;frequency;9.999999974752427;13.86918846435492;19.23543905490988;26.67799336109056;37.00021196095804;51.31629158938722;71.17153245417285;98.70914048804025;136.9015682683994;189.8713664161278;263.3361782500288;365.2259113806622;506.5387032487934;702.5280792305466;974.3494403835484;1351.343611730726;1874.203936580443;2599.368780806799;3605.113577052066;4999.99999995282
0;5456477476178;20;phasez;-1.52308;-1.52445;-1.52581;-1.52725;-1.52842;-1.52931;-1.53048;-1.5311;-1.53177;-1.53239;-1.53288;-1.53325;-1.53345;-1.53342;-1.53307;-1.53224;-1.53081;-1.5285;-1.52498;-1.51984
1;5457245303719;50;absz;7.73473e+06;6.62729e+06;5.6665e+06;4.84616e+06;4.1492e+06;3.54665e+06;3.03755e+06;2.59685e+06;2.22091e+06;1.89988e+06;1.62514e+06;1.38982e+06;1.18882e+06;1.01667e+06;869431;743580;635858;543717;464915;397537;339926;290640;248491;212447;181628;155281;132746;113485;97012.8;82931.7;70892;60598.6;51799.4;44276.3;37845.4;32347.1;27645.9;23626.6;20190.6;17252.7;14740.1;12591.5;10753.5;9180.92;7834.91;6682.44;5694.89;4848.09;4121.17;3496.08
1;5457245303719;50;frequency;199.9999999213742;234.625769479635;275.2462588517801;322.8993264769997;378.802514688914;444.3841576318164;521.3198749487447;611.5753842550475;717.456725922716;841.6691823498468;987.3863981368913;1158.33146786315;1358.872060208682;1594.132014446359;1870.122253535556;2193.894364737048;2573.720768452858;3019.306079821149;3542.035062906734;4155.263512473084;4874.659497176026;5718.603679767398;6708.658946337209;7870.121340545211;9232.666380967203;10831.10727442716;12706.28439819177;14906.10877695531;17486.78621595445;20514.25336674129;24065.86241733066;28232.35745111674;33120.19296963342;38854.25382030405;45581.04601983359;53472.44000269313;62730.06193403319;73590.44528463698;86331.07429211862;101277.4737211686;118811.5260634959;139381.228686517;163512.140226203;191820.8086789974;225030.524286467;263989.7996954232;309694.0495706946;363311.0235703185;426210.642505751;499999.9999999716
1;5457245303719;50;phasez;-1.5337;-1.53647;-1.53397;-1.53422;-1.53498;-1.53524;-1.53614;-1.53593;-1.53613;-1.53686;-1.53684;-1.53719;-1.53765;-1.53788;-1.53818;-1.53845;-1.53862;-1.53879;-1.53898;-1.53911;-1.53923;-1.53928;-1.5393;-1.53926;-1.53914;-1.53897;-1.53869;-1.5383;-1.53781;-1.53721;-1.53644;-1.5355;-1.53437;-1.53301;-1.53139;-1.52946;-1.52718;-1.52445;-1.52124;-1.51743;-1.51294;-1.50763;-1.50135;-1.49393;-1.48517;-1.47479;-1.46248;-1.44784;-1.43034;-1.40931
2;5458015096033;50;absz;85472.3;76494.8;68452.4;61272.6;54859.1;49088.2;43936.6;39326.9;35199.1;31499.6;28189.7;25227.2;22579.2;20207.3;18084.9;16185.6;14485;12963.5;11601.7;10383.5;9292.16;8315.61;7441.98;6659.74;5959.78;5333.03;4772.23;4270.08;3820.69;3418.44;3058.33;2735.97;2447.41;2189.02;1957.71;1750.64;1565.2;1399.14;1250.44;1117.28;998.051;891.262;795.675;710.095;633.62;565.295;504.368;450.247;402.421;360.533
2;5458015096033;50;frequency;20000.00000002444;22385.53853899816;25055.61678390222;28044.17375656954;31389.19662092121;35133.2035329932;39323.78408414649;44014.2042055669;49264.08322518227;55140.1516811012;61717.09952482729;69078.52549602467;77317.99973512921;86540.25314108083;96862.50859274992;108415.9709538568;121347.4948009008;135821.4510731415;152021.8163702936;170154.5114554648;190450.0186878266;213166.3116533389;238592.1342356312;267050.6708003728;298903.6541519141;334555.9634717432;374460.7706856584;419125.3006744233;469117.2785435782;525072.1459047724;587701.13789258;657800.3235824071;736260.7247225839;824079.6413975459;922373.3285811875;1032391.184709951;1155531.632626961;1293359.894754076;1447627.888434013;1620296.494325686;1813560.480908265;2029876.401899315;2271993.821195295;2542990.262224833;2846310.325953354;3185809.474764127;3565803.038745301;3991121.067296888;4467169.723268114;4999999.999999929
2;5458015096033;50;phasez;-1.54091;-1.54058;-1.54024;-1.53998;-1.53993;-1.53916;-1.53882;-1.53811;-1.53738;-1.53656;-1.53551;-1.53454;-1.53314;-1.53161;-1.52991;-1.52801;-1.52588;-1.52343;-1.52074;-1.51766;-1.51426;-1.5104;-1.50606;-1.50123;-1.49581;-1.48972;-1.48292;-1.47526;-1.4667;-1.45707;-1.44627;-1.43415;-1.42053;-1.40525;-1.38808;-1.36879;-1.34706;-1.32264;-1.29514;-1.26412;-1.22915;-1.18963;-1.14494;-1.09429;-1.03672;-0.971284;-0.896623;-0.811276;-0.713535;-0.601409
3;5458333107690;20;absz;17610.8;14380.7;11739.5;9585.23;7826.5;6389.08;5215.88;4257.24;3474.58;2835.26;2312.67;1885.61;1536.81;1251.61;1018.41;827.757;671.926;544.897;441.922;359.675
3;5458333107690;20;frequency;99999.99999990905;122862.535599424;150952.0265389597;185463.4873444638;227865.1431623047;279960.8926363817;343967.05137965;422606.6409511731;519225.2346839865;637933.2888043621;783781.0140572543;962973.2274171232;1183133.324347452;1453627.601814205;1785963.729760951;2194280.323268956;2695948.443325946;3312310.615921419;4069588.809647371;4999999.999999929
3;5458333107690;20;phasez;-1.52896;-1.52577;-1.52172;-1.51664;-1.51039;-1.50252;-1.49287;-1.48085;-1.466;-1.44762;-1.42482;-1.39661;-1.36157;-1.31805;-1.26381;-1.19595;-1.11059;-1.00254;-0.864572;-0.68709
