0;6268256183569;20;absz;1.4076e+08;1.02491e+08;7.46241e+07;5.43077e+07;3.95219e+07;2.87523e+07;2.09074e+07;1.52003e+07;1.10525e+07;8.03354e+06;5.83914e+06;4.24346e+06;3.08345e+06;2.2402e+06;1.62729e+06;1.18186e+06;858228;623090;452304;328274
0;6268256183569;20;frequency;9.999999974752427;13.86918846435492;19.23543905490988;26.67799336109056;37.00021196095804;51.31629158938722;71.17153245417285;98.70914048804025;136.9015682683994;189.8713664161278;263.3361782500288;365.2259113806622;506.5387032487934;702.5280792305466;974.3494403835484;1351.343611730726;1874.203936580443;2599.368780806799;3605.113577052066;4999.99999995282
0;6268256183569;20;phasez;-1.51838;-1.52032;-1.52253;-1.52422;-1.52596;-1.52782;-1.52842;-1.52941;-1.53016;-1.53081;-1.53132;-1.53164;-1.53181;-1.53178;-1.53141;-1.53064;-1.5292;-1.5269;-1.5234;-1.51824
1;6269022845989;50;absz;7.57728e+06;6.47862e+06;5.54547e+06;4.7377e+06;4.06179e+06;3.47448e+06;2.97215e+06;2.54414e+06;2.17647e+06;1.86046e+06;1.59243e+06;1.36209e+06;1.16511e+06;996682;852460;729096;623593;533335;456127;390062;333572;285264;243936;208587;178361;152508;130402;111494;95329.3;81504;69683.3;59575.5;50932.9;43542.4;37223.7;31821.2;27200.9;23250;19871.6;16982.3;14511.1;12397.3;10588.7;9041.29;7716.42;6582.13;5610.1;4776.41;4060.6;3445.08
1;6269022845989;50;frequency;199.9999999213742;234.625769479635;275.2462588517801;322.8993264769997;378.802514688914;444.3841576318164;521.3198749487447;611.5753842550475;717.456725922716;841.6691823498468;987.3863981368913;1158.33146786315;1358.872060208682;1594.132014446359;1870.122253535556;2193.894364737048;2573.720768452858;3019.306079821149;3542.035062906734;4155.263512473084;4874.659497176026;5718.603679767398;6708.658946337209;7870.121340545211;9232.666380967203;10831.10727442716;12706.28439819177;14906.10877695531;17486.78621595445;20514.25336674129;24065.86241733066;28232.35745111674;33120.19296963342;38854.25382030405;45581.04601983359;53472.44000269313;62730.06193403319;73590.44528463698;86331.07429211862;101277.4737211686;118811.5260634959;139381.228686517;163512.140226203;191820.8086789974;225030.524286467;263989.7996954232;309694.0495706946;363311.0235703185;426210.642505751;499999.9999999716
1;6269022845989;50;phasez;-1.5318;-1.53081;-1.5316;-1.53249;-1.53321;-1.5336;-1.53329;-1.53426;-1.53469;-1.53535;-1.53535;-1.53598;-1.53584;-1.53624;-1.53653;-1.53672;-1.53694;-1.53721;-1.5374;-1.53755;-1.53764;-1.53773;-1.5377;-1.53768;-1.53756;-1.53738;-1.53711;-1.53675;-1.53626;-1.53566;-1.53489;-1.53397;-1.53284;-1.53149;-1.52988;-1.52797;-1.52571;-1.52301;-1.51983;-1.51605;-1.51158;-1.50629;-1.50003;-1.49262;-1.48386;-1.47347;-1.46114;-1.44647;-1.42894;-1.40787
2;6269791086799;50;absz;83950.3;75174.5;67284.2;60229;53914.7;48268.7;43202.8;38675.5;34617.4;30985.4;27735.8;24822.2;22218.2;19886.4;17800.4;15931.5;14259.6;12762.4;11422.9;10223.8;9150.14;8189.4;7329.26;6559.3;5870.14;5253.68;4701.36;4207.2;3764.75;3368.63;3014.1;2696.65;2412.42;2157.99;1930.16;1726.13;1543.4;1379.82;1233.3;1102.07;984.547;879.282;785.023;700.626;625.196;557.793;497.677;444.271;397.058;355.706
2;6269791086799;50;frequency;20000.00000002444;22385.53853899816;25055.61678390222;28044.17375656954;31389.19662092121;35133.2035329932;39323.78408414649;44014.2042055669;49264.08322518227;55140.1516811012;61717.09952482729;69078.52549602467;77317.99973512921;86540.25314108083;96862.50859274992;108415.9709538568;121347.4948009008;135821.4510731415;152021.8163702936;170154.5114554648;190450.0186878266;213166.3116533389;238592.1342356312;267050.6708003728;298903.6541519141;334555.9634717432;374460.7706856584;419125.3006744233;469117.2785435782;525072.1459047724;587701.13789258;657800.3235824071;736260.7247225839;824079.6413975459;922373.3285811875;1032391.184709951;1155531.632626961;1293359.894754076;1447627.888434013;1620296.494325686;1813560.480908265;2029876.401899315;2271993.821195295;2542990.262224833;2846310.325953354;3185809.474764127;3565803.038745301;3991121.067296888;4467169.723268114;4999999.999999929
2;6269791086799;50;phasez;-1.53954;-1.53916;-1.53858;-1.53847;-1.53841;-1.53788;-1.53727;-1.53669;-1.53598;-1.53508;-1.53418;-1.53297;-1.53169;-1.5302;-1.52855;-1.52661;-1.52454;-1.52209;-1.51943;-1.51637;-1.51294;-1.50908;-1.50474;-1.49989;-1.49448;-1.48836;-1.48154;-1.47386;-1.46525;-1.45561;-1.44478;-1.43264;-1.41901;-1.40369;-1.38649;-1.36715;-1.34542;-1.32096;-1.29341;-1.26237;-1.22735;-1.18779;-1.14304;-1.09233;-1.03471;-0.969176;-0.894408;-0.808951;-0.711061;-0.59876
3;6270109749680;20;absz;17328.4;14153.9;11556.3;9436.45;7706.45;6291.69;5137.36;4193.94;3423.55;2794.12;2279.49;1858.87;1515.33;1234.28;1004.51;816.558;662.9;537.614;436.016;354.835
3;6270109749680;20;frequency;99999.99999990905;122862.535599424;150952.0265389597;185463.4873444638;227865.1431623047;279960.8926363817;343967.05137965;422606.6409511731;519225.2346839865;637933.2888043621;783781.0140572543;962973.2274171232;1183133.324347452;1453627.601814205;1785963.729760951;2194280.323268956;2695948.443325946;3312310.615921419;4069588.809647371;4999999.999999929
3;6270109749680;20;phasez;-1.5277;-1.52451;-1.5204;-1.51535;-1.50903;-1.5012;-1.49147;-1.47945;-1.46454;-1.44611;-1.42328;-1.39501;-1.35993;-1.31634;-1.26202;-1.19408;-1.10861;-1.00041;-0.86222;-0.684454
