0;1908010857323;20;absz;1.9173e+08;1.38626e+08;1.00351e+08;7.25911e+07;5.25144e+07;3.80117e+07;2.7486e+07;1.98849e+07;1.43858e+07;1.04069e+07;7.52771e+06;5.44387e+06;3.9368e+06;2.84639e+06;2.05767e+06;1.48734e+06;1.07499e+06;776896;561450;405742
0;1908010857323;20;frequency;9.999999974752427;13.86918846435492;19.23543905490988;26.67799336109056;37.00021196095804;51.31629158938722;71.17153245417285;98.70914048804025;136.9015682683994;189.8713664161278;263.3361782500288;365.2259113806622;506.5387032487934;702.5280792305466;974.3494403835484;1351.343611730726;1874.203936580443;2599.368780806799;3605.113577052066;4999.99999995282
0;1908010857323;20;phasez;-1.55373;-1.55393;-1.55383;-1.55412;-1.55404;-1.5537;-1.55457;-1.55466;-1.55478;-1.55488;-1.55505;-1.55506;-1.55501;-1.55471;-1.55406;-1.55288;-1.55099;-1.54818;-1.54413;-1.53837
1;1908781004834;50;absz;9.81552e+06;8.36663e+06;7.14483e+06;6.10563e+06;5.20954e+06;4.44305e+06;3.79214e+06;3.23816e+06;2.76484e+06;2.3588e+06;2.0136e+06;1.71803e+06;1.46624e+06;1.25133e+06;1.06776e+06;911300;777694;663626;566317;483272;412424;351937;300334;256302;218719;186657;159298;135953;116030;99030.5;84523.1;72142.4;61577;52560.6;44865;38296.8;32689.4;27902.9;23815.9;20326.5;17347;14802.2;12628.3;10770.9;9183.08;7825.37;6663.32;5668;4814.68;4081.84
1;1908781004834;50;frequency;199.9999999213742;234.625769479635;275.2462588517801;322.8993264769997;378.802514688914;444.3841576318164;521.3198749487447;611.5753842550475;717.456725922716;841.6691823498468;987.3863981368913;1158.33146786315;1358.872060208682;1594.132014446359;1870.122253535556;2193.894364737048;2573.720768452858;3019.306079821149;3542.035062906734;4155.263512473084;4874.659497176026;5718.603679767398;6708.658946337209;7870.121340545211;9232.666380967203;10831.10727442716;12706.28439819177;14906.10877695531;17486.78621595445;20514.25336674129;24065.86241733066;28232.35745111674;33120.19296963342;38854.25382030405;45581.04601983359;53472.44000269313;62730.06193403319;73590.44528463698;86331.07429211862;101277.4737211686;118811.5260634959;139381.228686517;163512.140226203;191820.8086789974;225030.524286467;263989.7996954232;309694.0495706946;363311.0235703185;426210.642505751;499999.9999999716
1;1908781004834;50;phasez;-1.55604;-1.55703;-1.55645;-1.55696;-1.55757;-1.55764;-1.55615;-1.55771;-1.55743;-1.55765;-1.55796;-1.55805;-1.55833;-1.55843;-1.55829;-1.55849;-1.55834;-1.55835;-1.55818;-1.55812;-1.55788;-1.55759;-1.55727;-1.55687;-1.55638;-1.5558;-1.55513;-1.55436;-1.55345;-1.55243;-1.55124;-1.54987;-1.54831;-1.54651;-1.54446;-1.5421;-1.53937;-1.53621;-1.53255;-1.52829;-1.52334;-1.51755;-1.51079;-1.50287;-1.49357;-1.48264;-1.46976;-1.45451;-1.43639;-1.41471
2;1909550116910;50;absz;102080;91279.4;81619.3;72963.6;65231.8;58332.1;52155.3;46633.4;41692.5;37284.4;33339.3;29806.3;26655.7;23835;21314.3;19058.4;17044.9;15243;13631.5;12190.7;10902;9750.39;8719.65;7798.33;6974.52;6237.67;5578.83;4989.44;4462.33;3990.78;3569.01;3191.77;2854.28;2552.33;2282.22;2040.51;1824.28;1630.77;1457.62;1302.67;1164;1039.9;928.904;829.613;740.968;661.864;591.419;528.958;473.9;425.861
2;1909550116910;50;frequency;20000.00000002444;22385.53853899816;25055.61678390222;28044.17375656954;31389.19662092121;35133.2035329932;39323.78408414649;44014.2042055669;49264.08322518227;55140.1516811012;61717.09952482729;69078.52549602467;77317.99973512921;86540.25314108083;96862.50859274992;108415.9709538568;121347.4948009008;135821.4510731415;152021.8163702936;170154.5114554648;190450.0186878266;213166.3116533389;238592.1342356312;267050.6708003728;298903.6541519141;334555.9634717432;374460.7706856584;419125.3006744233;469117.2785435782;525072.1459047724;587701.13789258;657800.3235824071;736260.7247225839;824079.6413975459;922373.3285811875;1032391.184709951;1155531.632626961;1293359.894754076;1447627.888434013;1620296.494325686;1813560.480908265;2029876.401899315;2271993.821195295;2542990.262224833;2846310.325953354;3185809.474764127;3565803.038745301;3991121.067296888;4467169.723268114;4999999.999999929
2;1909550116910;50;phasez;-1.55598;-1.5556;-1.55514;-1.55434;-1.5538;-1.55311;-1.55232;-1.55121;-1.55027;-1.54908;-1.54777;-1.54634;-1.54482;-1.54297;-1.54087;-1.53868;-1.53618;-1.5335;-1.53041;-1.52702;-1.52317;-1.51898;-1.51429;-1.50907;-1.50323;-1.49676;-1.48948;-1.48141;-1.47238;-1.4623;-1.45101;-1.4384;-1.4243;-1.40851;-1.39082;-1.37098;-1.34873;-1.32377;-1.2957;-1.26414;-1.2286;-1.18854;-1.14329;-1.09209;-1.03397;-0.968011;-0.892851;-0.80704;-0.708897;-0.596446
3;1909869652845;20;absz;20746.6;16919.2;13797.7;11248.5;9172.31;7480.64;6099.66;4974.32;4056.12;3307.42;2696.56;2197.98;1790.95;1458.88;1187.6;966.118;785.346;638.262;519.357;424.827
3;1909869652845;20;frequency;99999.99999990905;122862.535599424;150952.0265389597;185463.4873444638;227865.1431623047;279960.8926363817;343967.05137965;422606.6409511731;519225.2346839865;637933.2888043621;783781.0140572543;962973.2274171232;1183133.324347452;1453627.601814205;1785963.729760951;2194280.323268956;2695948.443325946;3312310.615921419;4069588.809647371;4999999.999999929
3;1909869652845;20;phasez;-1.53993;-1.53612;-1.53149;-1.52576;-1.51876;-1.51021;-1.49974;-1.48696;-1.47127;-1.45202;-1.42831;-1.39914;-1.36313;-1.31859;-1.26333;-1.19446;-1.10807;-0.999066;-0.860209;-0.682043
