0;1266428668015;20;absz;2.06462e+08;1.49093e+08;1.07766e+08;7.78456e+07;5.62687e+07;4.06511e+07;2.94038e+07;2.12533e+07;1.53646e+07;1.11071e+07;8.03061e+06;5.80655e+06;4.19861e+06;3.03595e+06;2.19525e+06;1.58737e+06;1.14782e+06;830010;600227;434092
0;1266428668015;20;frequency;9.999999974752427;13.86918846435492;19.23543905490988;26.67799336109056;37.00021196095804;51.31629158938722;71.17153245417285;98.70914048804025;136.9015682683994;189.8713664161278;263.3361782500288;365.2259113806622;506.5387032487934;702.5280792305466;974.3494403835484;1351.343611730726;1874.203936580443;2599.368780806799;3605.113577052066;4999.99999995282
0;1266428668015;20;phasez;-1.55975;-1.55927;-1.55928;-1.55945;-1.5589;-1.55822;-1.55827;-1.55805;-1.55758;-1.55711;-1.55651;-1.55587;-1.55512;-1.55417;-1.55291;-1.55118;-1.54877;-1.54546;-1.54094;-1.53471
1;1267199086345;50;absz;1.04852e+07;8.94055e+06;7.61952e+06;6.50178e+06;5.5518e+06;4.7373e+06;4.04566e+06;3.45461e+06;2.94742e+06;2.51633e+06;2.14743e+06;1.83352e+06;1.56461e+06;1.33557e+06;1.13992e+06;973132;830731;709153;605365;516767;441163;376634;321540;274516;234379;200117;170872;145904;124589;106389;90855.3;77590.7;66264.1;56595.1;48336.7;41285;35261.6;30117.3;25722.6;21968.6;18761;16019.9;13676.5;11673;9959.08;8492.54;7236.43;6159.87;5236.01;4441.96
1;1267199086345;50;frequency;199.9999999213742;234.625769479635;275.2462588517801;322.8993264769997;378.802514688914;444.3841576318164;521.3198749487447;611.5753842550475;717.456725922716;841.6691823498468;987.3863981368913;1158.33146786315;1358.872060208682;1594.132014446359;1870.122253535556;2193.894364737048;2573.720768452858;3019.306079821149;3542.035062906734;4155.263512473084;4874.659497176026;5718.603679767398;6708.658946337209;7870.121340545211;9232.666380967203;10831.10727442716;12706.28439819177;14906.10877695531;17486.78621595445;20514.25336674129;24065.86241733066;28232.35745111674;33120.19296963342;38854.25382030405;45581.04601983359;53472.44000269313;62730.06193403319;73590.44528463698;86331.07429211862;101277.4737211686;118811.5260634959;139381.228686517;163512.140226203;191820.8086789974;225030.524286467;263989.7996954232;309694.0495706946;363311.0235703185;426210.642505751;499999.9999999716
1;1267199086345;50;phasez;-1.55453;-1.56002;-1.55782;-1.55695;-1.55742;-1.55768;-1.55786;-1.55688;-1.55734;-1.55703;-1.55685;-1.5565;-1.55635;-1.55641;-1.556;-1.55586;-1.5556;-1.55532;-1.55505;-1.55464;-1.5542;-1.55373;-1.55322;-1.55265;-1.55201;-1.55124;-1.55043;-1.54951;-1.54848;-1.54731;-1.54599;-1.54451;-1.54283;-1.54092;-1.53875;-1.53629;-1.53347;-1.53022;-1.52647;-1.52215;-1.51713;-1.5113;-1.50451;-1.49657;-1.48729;-1.47638;-1.46354;-1.44835;-1.4303;-1.40872
2;1267969417850;50;absz;109690;98070.8;87730;78487;70189.7;62778.6;56166.3;50221.1;44942.3;40201.1;35962.6;32168.2;28775.9;25741.2;23029.9;20605.6;18435.5;16493.6;14757.5;13204.3;11814;10571;9458.57;8463.01;7572.79;6776.02;6063.32;5425.38;4854.51;4343.59;3886.29;3477.11;3110.92;2783.14;2489.74;2227.11;1992;1781.54;1593.18;1424.51;1273.55;1138.42;1017.5;909.329;812.745;726.547;649.834;581.834;521.943;469.759
2;1267969417850;50;frequency;20000.00000002444;22385.53853899816;25055.61678390222;28044.17375656954;31389.19662092121;35133.2035329932;39323.78408414649;44014.2042055669;49264.08322518227;55140.1516811012;61717.09952482729;69078.52549602467;77317.99973512921;86540.25314108083;96862.50859274992;108415.9709538568;121347.4948009008;135821.4510731415;152021.8163702936;170154.5114554648;190450.0186878266;213166.3116533389;238592.1342356312;267050.6708003728;298903.6541519141;334555.9634717432;374460.7706856584;419125.3006744233;469117.2785435782;525072.1459047724;587701.13789258;657800.3235824071;736260.7247225839;824079.6413975459;922373.3285811875;1032391.184709951;1155531.632626961;1293359.894754076;1447627.888434013;1620296.494325686;1813560.480908265;2029876.401899315;2271993.821195295;2542990.262224833;2846310.325953354;3185809.474764127;3565803.038745301;3991121.067296888;4467169.723268114;4999999.999999929
2;1267969417850;50;phasez;-1.55121;-1.55048;-1.54976;-1.54926;-1.54821;-1.54745;-1.54671;-1.54585;-1.54458;-1.54326;-1.542;-1.54054;-1.53866;-1.5368;-1.53477;-1.5325;-1.53;-1.52724;-1.52415;-1.52075;-1.51692;-1.51272;-1.50803;-1.5028;-1.49702;-1.49056;-1.48337;-1.47535;-1.46636;-1.45635;-1.44516;-1.43262;-1.41863;-1.40291;-1.38533;-1.36561;-1.34346;-1.31862;-1.29068;-1.25925;-1.22385;-1.18392;-1.13883;-1.08778;-1.02986;-0.964096;-0.889148;-0.803591;-0.705726;-0.593627
3;1268286711836;20;absz;22423;18301.7;14938.1;12189.5;9947.62;8120.08;6627.03;5408.75;4414.63;3602.6;2939.8;2398.23;1955.79;1594.52;1299.24;1058.03;861.085;700.871;571.374;468.616
3;1268286711836;20;frequency;99999.99999990905;122862.535599424;150952.0265389597;185463.4873444638;227865.1431623047;279960.8926363817;343967.05137965;422606.6409511731;519225.2346839865;637933.2888043621;783781.0140572543;962973.2274171232;1183133.324347452;1453627.601814205;1785963.729760951;2194280.323268956;2695948.443325946;3312310.615921419;4069588.809647371;4999999.999999929
3;1268286711836;20;phasez;-1.53376;-1.52996;-1.52516;-1.51951;-1.51246;-1.50397;-1.49361;-1.4809;-1.46531;-1.4462;-1.42268;-1.39368;-1.35788;-1.31358;-1.25855;-1.18995;-1.10384;-0.995194;-0.856769;-0.679165
