0;7091251265887;20;absz;1.38633e+08;1.01081e+08;7.36008e+07;5.35951e+07;3.90082e+07;2.83794e+07;2.06439e+07;1.50143e+07;1.09169e+07;7.93655e+06;5.7687e+06;4.19275e+06;3.04683e+06;2.21378e+06;1.60828e+06;1.1682e+06;848440;616083;447291;324688
0;7091251265887;20;frequency;9.999999974752427;13.86918846435492;19.23543905490988;26.67799336109056;37.00021196095804;51.31629158938722;71.17153245417285;98.70914048804025;136.9015682683994;189.8713664161278;263.3361782500288;365.2259113806622;506.5387032487934;702.5280792305466;974.3494403835484;1351.343611730726;1874.203936580443;2599.368780806799;3605.113577052066;4999.99999995282
0;7091251265887;20;phasez;-1.51451;-1.51723;-1.51999;-1.52237;-1.52422;-1.52618;-1.52717;-1.52834;-1.52929;-1.53004;-1.53062;-1.53105;-1.53124;-1.53119;-1.53078;-1.52993;-1.5285;-1.5262;-1.52273;-1.51761
1;7092019436925;50;absz;7.47117e+06;6.40394e+06;5.47777e+06;4.68745e+06;4.00934e+06;3.43277e+06;2.93521e+06;2.51487e+06;2.15031e+06;1.83913e+06;1.57358e+06;1.34622e+06;1.15178e+06;985157;842773;720833;616609;527400;451089;385788;329926;282150;241289;206331;176444;150877;129013;110317;94324.8;80653.1;68960.3;58963.1;50413.2;43102.4;36851.2;31505.8;26934;23023.9;19680;16820.1;14373.6;12280.6;10489.9;8957.38;7645.48;6521.91;5559.04;4733.24;4024.26;3414.45
1;7092019436925;50;frequency;199.9999999213742;234.625769479635;275.2462588517801;322.8993264769997;378.802514688914;444.3841576318164;521.3198749487447;611.5753842550475;717.456725922716;841.6691823498468;987.3863981368913;1158.33146786315;1358.872060208682;1594.132014446359;1870.122253535556;2193.894364737048;2573.720768452858;3019.306079821149;3542.035062906734;4155.263512473084;4874.659497176026;5718.603679767398;6708.658946337209;7870.121340545211;9232.666380967203;10831.10727442716;12706.28439819177;14906.10877695531;17486.78621595445;20514.25336674129;24065.86241733066;28232.35745111674;33120.19296963342;38854.25382030405;45581.04601983359;53472.44000269313;62730.06193403319;73590.44528463698;86331.07429211862;101277.4737211686;118811.5260634959;139381.228686517;163512.140226203;191820.8086789974;225030.524286467;263989.7996954232;309694.0495706946;363311.0235703185;426210.642505751;499999.9999999716
1;7092019436925;50;phasez;-1.52987;-1.53157;-1.53121;-1.53184;-1.53232;-1.53317;-1.53318;-1.53378;-1.53415;-1.53422;-1.53484;-1.53504;-1.53528;-1.53557;-1.53583;-1.53609;-1.53639;-1.53651;-1.53672;-1.53686;-1.53699;-1.53704;-1.53707;-1.53705;-1.53693;-1.53673;-1.53645;-1.53606;-1.53555;-1.5349;-1.53413;-1.5332;-1.53206;-1.53069;-1.52907;-1.52717;-1.5249;-1.52222;-1.51904;-1.51527;-1.51082;-1.50554;-1.4993;-1.49191;-1.48315;-1.47276;-1.46043;-1.44575;-1.4282;-1.40712
2;7092787603399;50;absz;83065.9;74357.6;66559.6;59592.9;53360.9;47768.6;42757.9;38277.5;34264.8;30667.5;27453;24574.7;21997.2;19689.1;17624.9;15775.3;14120.4;12639.5;11313.3;10126;9063.58;8111.9;7260.28;6498.04;5815.8;5204.89;4658.22;4168.7;3730.43;3338.15;2986.87;2672.46;2390.91;2138.82;1913.11;1711;1529.98;1367.86;1222.67;1092.65;976.159;871.84;778.411;694.782;619.993;553.157;493.547;440.586;393.76;352.732
2;7092787603399;50;frequency;20000.00000002444;22385.53853899816;25055.61678390222;28044.17375656954;31389.19662092121;35133.2035329932;39323.78408414649;44014.2042055669;49264.08322518227;55140.1516811012;61717.09952482729;69078.52549602467;77317.99973512921;86540.25314108083;96862.50859274992;108415.9709538568;121347.4948009008;135821.4510731415;152021.8163702936;170154.5114554648;190450.0186878266;213166.3116533389;238592.1342356312;267050.6708003728;298903.6541519141;334555.9634717432;374460.7706856584;419125.3006744233;469117.2785435782;525072.1459047724;587701.13789258;657800.3235824071;736260.7247225839;824079.6413975459;922373.3285811875;1032391.184709951;1155531.632626961;1293359.894754076;1447627.888434013;1620296.494325686;1813560.480908265;2029876.401899315;2271993.821195295;2542990.262224833;2846310.325953354;3185809.474764127;3565803.038745301;3991121.067296888;4467169.723268114;4999999.999999929
2;7092787603399;50;phasez;-1.53854;-1.53844;-1.5382;-1.53786;-1.53754;-1.53692;-1.53654;-1.53592;-1.53516;-1.53426;-1.53328;-1.53216;-1.53086;-1.52941;-1.52778;-1.52589;-1.52376;-1.52139;-1.51867;-1.51563;-1.51221;-1.50837;-1.50406;-1.4992;-1.49378;-1.48767;-1.48083;-1.47315;-1.46453;-1.45488;-1.44403;-1.43187;-1.41822;-1.40288;-1.38567;-1.36631;-1.34455;-1.32007;-1.29252;-1.26145;-1.22641;-1.18684;-1.14208;-1.09132;-1.0337;-0.968152;-0.893359;-0.807868;-0.709944;-0.597603
3;7093106221231;20;absz;17156.5;14016.1;11445.7;9347.21;7634.26;6233.32;5090.1;4155.5;3392.45;2768.96;2259.25;1842.54;1502.17;1223.71;995.985;809.702;657.381;533.155;432.394;351.873
3;7093106221231;20;frequency;99999.99999990905;122862.535599424;150952.0265389597;185463.4873444638;227865.1431623047;279960.8926363817;343967.05137965;422606.6409511731;519225.2346839865;637933.2888043621;783781.0140572543;962973.2274171232;1183133.324347452;1453627.601814205;1785963.729760951;2194280.323268956;2695948.443325946;3312310.615921419;4069588.809647371;4999999.999999929
3;7093106221231;20;phasez;-1.52693;-1.52366;-1.51972;-1.51466;-1.50834;-1.50049;-1.49078;-1.47872;-1.4638;-1.44535;-1.42247;-1.39416;-1.35905;-1.31543;-1.26108;-1.19311;-1.1076;-0.999359;-0.861109;-0.683248
