0;3118737128994;20;absz;1.69487e+08;1.22947e+08;8.91221e+07;6.4639e+07;4.68809e+07;3.39751e+07;2.46401e+07;1.7859e+07;1.2941e+07;9.37599e+06;6.79095e+06;4.91825e+06;3.5615e+06;2.57864e+06;1.86695e+06;1.35161e+06;978486;708375;512812;371236
0;3118737128994;20;frequency;9.999999974752427;13.86918846435492;19.23543905490988;26.67799336109056;37.00021196095804;51.31629158938722;71.17153245417285;98.70914048804025;136.9015682683994;189.8713664161278;263.3361782500288;365.2259113806622;506.5387032487934;702.5280792305466;974.3494403835484;1351.343611730726;1874.203936580443;2599.368780806799;3605.113577052066;4999.99999995282
0;3118737128994;20;phasez;-1.54051;-1.54135;-1.54234;-1.54291;-1.54375;-1.54418;-1.54517;-1.54586;-1.54651;-1.54705;-1.5475;-1.54772;-1.54767;-1.54733;-1.54657;-1.54527;-1.5433;-1.54045;-1.53641;-1.53078
1;3119507014213;50;absz;8.82102e+06;7.5424e+06;6.4467e+06;5.50371e+06;4.70354e+06;4.01827e+06;3.43213e+06;2.93106e+06;2.50302e+06;2.13841e+06;1.82651e+06;1.55992e+06;1.33226e+06;1.13799e+06;971859;830115;708989;605566;517199;441736;377282;322231;275219;235060;200764;171467;146446;125078;106825;91236.4;77919.8;66547;56834.2;48538.2;41452.1;35399.3;30228.4;25811;22037.6;18813.6;16059.1;13705.1;11693.4;9973.47;8502.95;7244.86;6168.04;5245.58;4454.5;3775.1
1;3119507014213;50;frequency;199.9999999213742;234.625769479635;275.2462588517801;322.8993264769997;378.802514688914;444.3841576318164;521.3198749487447;611.5753842550475;717.456725922716;841.6691823498468;987.3863981368913;1158.33146786315;1358.872060208682;1594.132014446359;1870.122253535556;2193.894364737048;2573.720768452858;3019.306079821149;3542.035062906734;4155.263512473084;4874.659497176026;5718.603679767398;6708.658946337209;7870.121340545211;9232.666380967203;10831.10727442716;12706.28439819177;14906.10877695531;17486.78621595445;20514.25336674129;24065.86241733066;28232.35745111674;33120.19296963342;38854.25382030405;45581.04601983359;53472.44000269313;62730.06193403319;73590.44528463698;86331.07429211862;101277.4737211686;118811.5260634959;139381.228686517;163512.140226203;191820.8086789974;225030.524286467;263989.7996954232;309694.0495706946;363311.0235703185;426210.642505751;499999.9999999716
1;3119507014213;50;phasez;-1.54993;-1.54891;-1.54858;-1.54887;-1.5492;-1.55002;-1.55024;-1.55024;-1.55035;-1.55045;-1.55047;-1.55066;-1.55062;-1.55051;-1.55052;-1.55063;-1.55063;-1.55053;-1.55042;-1.55033;-1.55019;-1.55002;-1.54984;-1.54957;-1.54929;-1.54892;-1.54848;-1.54795;-1.54733;-1.54658;-1.54571;-1.54468;-1.54347;-1.54205;-1.54039;-1.53844;-1.53615;-1.53344;-1.53026;-1.52649;-1.52204;-1.51676;-1.51052;-1.50313;-1.49437;-1.48397;-1.47161;-1.45689;-1.43929;-1.41812
2;3120275208621;50;absz;94070.2;84105.1;75248.8;67294.4;60200.5;53853.2;48166.1;43082.2;38536.5;34464.7;30824.9;27571.7;24658.8;22054.7;19725.6;17642.5;15780.7;14112.4;12621;11288;10095.1;9028.07;8073.48;7219.68;6456.16;5773.16;5162.42;4616.09;4127.34;3690.16;3299.25;2949.5;2636.64;2356.81;2106.49;1882.55;1682.23;1502.96;1342.61;1199.12;1070.74;955.899;853.16;761.275;679.239;606.021;540.8;482.956;431.91;387.296
2;3120275208621;50;frequency;20000.00000002444;22385.53853899816;25055.61678390222;28044.17375656954;31389.19662092121;35133.2035329932;39323.78408414649;44014.2042055669;49264.08322518227;55140.1516811012;61717.09952482729;69078.52549602467;77317.99973512921;86540.25314108083;96862.50859274992;108415.9709538568;121347.4948009008;135821.4510731415;152021.8163702936;170154.5114554648;190450.0186878266;213166.3116533389;238592.1342356312;267050.6708003728;298903.6541519141;334555.9634717432;374460.7706856584;419125.3006744233;469117.2785435782;525072.1459047724;587701.13789258;657800.3235824071;736260.7247225839;824079.6413975459;922373.3285811875;1032391.184709951;1155531.632626961;1293359.894754076;1447627.888434013;1620296.494325686;1813560.480908265;2029876.401899315;2271993.821195295;2542990.262224833;2846310.325953354;3185809.474764127;3565803.038745301;3991121.067296888;4467169.723268114;4999999.999999929
2;3120275208621;50;phasez;-1.55016;-1.54989;-1.54969;-1.54929;-1.54888;-1.54812;-1.54798;-1.5473;-1.54633;-1.54557;-1.54461;-1.54338;-1.54208;-1.5406;-1.53897;-1.53711;-1.53499;-1.53258;-1.52993;-1.52688;-1.52344;-1.51958;-1.51522;-1.51042;-1.50494;-1.49882;-1.49195;-1.48424;-1.47554;-1.4658;-1.4549;-1.44262;-1.42884;-1.41338;-1.39601;-1.37649;-1.35455;-1.32988;-1.30211;-1.27085;-1.2356;-1.1958;-1.15083;-1.09991;-1.04206;-0.976347;-0.901424;-0.815847;-0.717892;-0.605613
3;3120591588890;20;absz;19202.2;15662.5;12773.9;10414.5;8492.92;6924.35;5644.84;4602.17;3750.71;3056.84;2490.54;2028.41;1651.42;1343.79;1092.6;887.571;720.303;584.173;474.066;386.368
3;3120591588890;20;frequency;99999.99999990905;122862.535599424;150952.0265389597;185463.4873444638;227865.1431623047;279960.8926363817;343967.05137965;422606.6409511731;519225.2346839865;637933.2888043621;783781.0140572543;962973.2274171232;1183133.324347452;1453627.601814205;1785963.729760951;2194280.323268956;2695948.443325946;3312310.615921419;4069588.809647371;4999999.999999929
3;3120591588890;20;phasez;-1.53805;-1.53499;-1.53093;-1.52586;-1.51958;-1.51166;-1.50192;-1.48978;-1.47476;-1.45613;-1.43303;-1.40445;-1.36901;-1.32501;-1.27028;-1.20192;-1.11604;-1.00749;-0.869055;-0.691216
