0;9314979669109;20;absz;1.36212e+08;9.94148e+07;7.24494e+07;5.27658e+07;3.84217e+07;2.7959e+07;2.03541e+07;1.4809e+07;1.07708e+07;7.83306e+06;5.69519e+06;4.13996e+06;3.00895e+06;2.18655e+06;1.5887e+06;1.15413e+06;838344;608857;442129;320996
0;9314979669109;20;frequency;9.999999974752427;13.86918846435492;19.23543905490988;26.67799336109056;37.00021196095804;51.31629158938722;71.17153245417285;98.70914048804025;136.9015682683994;189.8713664161278;263.3361782500288;365.2259113806622;506.5387032487934;702.5280792305466;974.3494403835484;1351.343611730726;1874.203936580443;2599.368780806799;3605.113577052066;4999.99999995282
0;9314979669109;20;phasez;-1.51056;-1.51425;-1.51715;-1.51973;-1.52177;-1.52389;-1.52515;-1.52656;-1.52772;-1.52864;-1.52939;-1.52994;-1.53026;-1.53028;-1.52994;-1.52911;-1.52764;-1.52532;-1.5218;-1.51665
1;9315749893433;50;absz;7.3888e+06;6.30982e+06;5.4079e+06;4.63168e+06;3.96059e+06;3.38849e+06;2.89865e+06;2.48078e+06;2.12306e+06;1.81652e+06;1.55432e+06;1.32985e+06;1.13787e+06;973434;832633;712318;609348;521209;445848;381348;326180;278982;238601;204060;174515;149243;127632;109144;93334.9;79811.7;68247.3;58358.4;49901.1;42668.6;36483.8;31193.8;26669.7;22800.3;19490.9;16660.1;14238.3;12166.3;10393.5;8875.79;7576.49;6463.68;5509.82;4691.84;3989.27;3385.09
1;9315749893433;50;frequency;199.9999999213742;234.625769479635;275.2462588517801;322.8993264769997;378.802514688914;444.3841576318164;521.3198749487447;611.5753842550475;717.456725922716;841.6691823498468;987.3863981368913;1158.33146786315;1358.872060208682;1594.132014446359;1870.122253535556;2193.894364737048;2573.720768452858;3019.306079821149;3542.035062906734;4155.263512473084;4874.659497176026;5718.603679767398;6708.658946337209;7870.121340545211;9232.666380967203;10831.10727442716;12706.28439819177;14906.10877695531;17486.78621595445;20514.25336674129;24065.86241733066;28232.35745111674;33120.19296963342;38854.25382030405;45581.04601983359;53472.44000269313;62730.06193403319;73590.44528463698;86331.07429211862;101277.4737211686;118811.5260634959;139381.228686517;163512.140226203;191820.8086789974;225030.524286467;263989.7996954232;309694.0495706946;363311.0235703185;426210.642505751;499999.9999999716
1;9315749893433;50;phasez;-1.52877;-1.52975;-1.53086;-1.53214;-1.53115;-1.53226;-1.53288;-1.53255;-1.53296;-1.53366;-1.53385;-1.53424;-1.53444;-1.53477;-1.53497;-1.53517;-1.53546;-1.53563;-1.53581;-1.53591;-1.53604;-1.53611;-1.5361;-1.53606;-1.53594;-1.53575;-1.53548;-1.53509;-1.5346;-1.53398;-1.5332;-1.53226;-1.53112;-1.52975;-1.52814;-1.52622;-1.52394;-1.52125;-1.51806;-1.51429;-1.50983;-1.50455;-1.49831;-1.49092;-1.48216;-1.47178;-1.45944;-1.44475;-1.42719;-1.40609
2;9316522115160;50;absz;82196.5;73597.2;65903.4;58992.9;52818.1;47283.8;42334.3;37901.3;33926.9;30371.2;27187.1;24337.6;21786.7;19502.8;17457.9;15628.9;13990.4;12523.3;11210.2;10034.7;8981.99;8039.47;7195.94;6440.83;5764.93;5159.86;4617.98;4132.97;3698.68;3309.92;2961.86;2650.22;2371.17;2121.33;1897.6;1697.22;1517.76;1357.06;1213.11;1084.14;968.647;865.187;772.524;689.535;615.351;549.049;489.902;437.331;390.852;350.126
2;9316522115160;50;frequency;20000.00000002444;22385.53853899816;25055.61678390222;28044.17375656954;31389.19662092121;35133.2035329932;39323.78408414649;44014.2042055669;49264.08322518227;55140.1516811012;61717.09952482729;69078.52549602467;77317.99973512921;86540.25314108083;96862.50859274992;108415.9709538568;121347.4948009008;135821.4510731415;152021.8163702936;170154.5114554648;190450.0186878266;213166.3116533389;238592.1342356312;267050.6708003728;298903.6541519141;334555.9634717432;374460.7706856584;419125.3006744233;469117.2785435782;525072.1459047724;587701.13789258;657800.3235824071;736260.7247225839;824079.6413975459;922373.3285811875;1032391.184709951;1155531.632626961;1293359.894754076;1447627.888434013;1620296.494325686;1813560.480908265;2029876.401899315;2271993.821195295;2542990.262224833;2846310.325953354;3185809.474764127;3565803.038745301;3991121.067296888;4467169.723268114;4999999.999999929
2;9316522115160;50;phasez;-1.53763;-1.5373;-1.53703;-1.53702;-1.53651;-1.536;-1.53552;-1.53492;-1.5342;-1.53335;-1.53226;-1.53117;-1.52987;-1.52841;-1.52679;-1.52491;-1.52277;-1.52036;-1.51768;-1.51465;-1.51122;-1.50738;-1.50307;-1.49821;-1.49279;-1.48667;-1.47981;-1.47213;-1.46352;-1.45385;-1.44298;-1.43081;-1.41712;-1.40177;-1.38452;-1.36515;-1.34337;-1.31886;-1.29127;-1.26018;-1.22511;-1.1855;-1.14071;-1.08992;-1.03226;-0.966665;-0.891819;-0.806263;-0.708261;-0.595827
3;9316839544356;20;absz;16994.7;13885.5;11339.7;9262.27;7565.64;6178.04;5045.41;4119.67;3363.54;2745.62;2240.48;1827.49;1490.09;1214.02;988.233;803.485;652.43;529.19;429.188;349.243
3;9316839544356;20;frequency;99999.99999990905;122862.535599424;150952.0265389597;185463.4873444638;227865.1431623047;279960.8926363817;343967.05137965;422606.6409511731;519225.2346839865;637933.2888043621;783781.0140572543;962973.2274171232;1183133.324347452;1453627.601814205;1785963.729760951;2194280.323268956;2695948.443325946;3312310.615921419;4069588.809647371;4999999.999999929
3;9316839544356;20;phasez;-1.52594;-1.52277;-1.51867;-1.51364;-1.50735;-1.49952;-1.48981;-1.47772;-1.46277;-1.44428;-1.42138;-1.39302;-1.35785;-1.31417;-1.25978;-1.19174;-1.10617;-0.997837;-0.85948;-0.681471
