0;914964439778;20;absz;2.1766e+08;1.57385e+08;1.13855e+08;8.23213e+07;5.95484e+07;4.30612e+07;3.11289e+07;2.25178e+07;1.62872e+07;1.1781e+07;8.52264e+06;6.16651e+06;4.46179e+06;3.22844e+06;2.33595e+06;1.69031e+06;1.22312e+06;885065;640468;463496
0;914964439778;20;frequency;9.999999974752427;13.86918846435492;19.23543905490988;26.67799336109056;37.00021196095804;51.31629158938722;71.17153245417285;98.70914048804025;136.9015682683994;189.8713664161278;263.3361782500288;365.2259113806622;506.5387032487934;702.5280792305466;974.3494403835484;1351.343611730726;1874.203936580443;2599.368780806799;3605.113577052066;4999.99999995282
0;914964439778;20;phasez;-1.55758;-1.55768;-1.55704;-1.55665;-1.55663;-1.55657;-1.5557;-1.5554;-1.55481;-1.5543;-1.55357;-1.55286;-1.55203;-1.55104;-1.54975;-1.54801;-1.54564;-1.54239;-1.53794;-1.53184
1;915736465795;50;absz;1.10825e+07;9.45548e+06;8.08362e+06;6.89654e+06;5.89613e+06;5.03474e+06;4.29976e+06;3.66964e+06;3.1342e+06;2.67564e+06;2.28523e+06;1.95137e+06;1.66613e+06;1.42274e+06;1.21469e+06;1.03733e+06;885830;756477;645920;551569;471054;402243;343512;293376;250549;213980;182752;156085;133321;113876;97266.8;83084.9;70971.3;60624.4;51788;44239.5;37790.5;32281.8;27575.5;23553.5;20116.1;17178.2;14666.2;12518;10680.3;9107.44;7760.51;6605.94;5614.96;4763.36
1;915736465795;50;frequency;199.9999999213742;234.625769479635;275.2462588517801;322.8993264769997;378.802514688914;444.3841576318164;521.3198749487447;611.5753842550475;717.456725922716;841.6691823498468;987.3863981368913;1158.33146786315;1358.872060208682;1594.132014446359;1870.122253535556;2193.894364737048;2573.720768452858;3019.306079821149;3542.035062906734;4155.263512473084;4874.659497176026;5718.603679767398;6708.658946337209;7870.121340545211;9232.666380967203;10831.10727442716;12706.28439819177;14906.10877695531;17486.78621595445;20514.25336674129;24065.86241733066;28232.35745111674;33120.19296963342;38854.25382030405;45581.04601983359;53472.44000269313;62730.06193403319;73590.44528463698;86331.07429211862;101277.4737211686;118811.5260634959;139381.228686517;163512.140226203;191820.8086789974;225030.524286467;263989.7996954232;309694.0495706946;363311.0235703185;426210.642505751;499999.9999999716
1;915736465795;50;phasez;-1.55572;-1.55476;-1.55291;-1.55393;-1.55372;-1.55484;-1.55441;-1.55438;-1.55351;-1.55421;-1.55341;-1.55361;-1.55331;-1.55318;-1.55287;-1.55287;-1.55255;-1.55229;-1.55205;-1.55166;-1.5513;-1.55092;-1.55045;-1.54997;-1.54939;-1.54873;-1.548;-1.54717;-1.54624;-1.54517;-1.54396;-1.54259;-1.54102;-1.53923;-1.53717;-1.53483;-1.53213;-1.52901;-1.5254;-1.5212;-1.51631;-1.51062;-1.50396;-1.49615;-1.48699;-1.4762;-1.46347;-1.44839;-1.43044;-1.40895
2;916505563410;50;absz;117394;104998;93939.6;84043.9;75178.7;67249.7;60166.8;53823.5;48148;43075.5;38543.8;34480.8;30846.6;27599.9;24694.6;22091.8;19765.1;17685.2;15825.9;14159.6;12670.5;11337.1;10144.5;9077.27;8122.16;7267.41;6502.65;5818.37;5206.14;4658.26;4167.76;3728.86;3336.02;2984.48;2669.8;2388.15;2136.04;1910.4;1708.42;1527.64;1365.79;1220.97;1091.4;975.49;872.072;779.778;697.668;624.959;560.951;505.25
2;916505563410;50;frequency;20000.00000002444;22385.53853899816;25055.61678390222;28044.17375656954;31389.19662092121;35133.2035329932;39323.78408414649;44014.2042055669;49264.08322518227;55140.1516811012;61717.09952482729;69078.52549602467;77317.99973512921;86540.25314108083;96862.50859274992;108415.9709538568;121347.4948009008;135821.4510731415;152021.8163702936;170154.5114554648;190450.0186878266;213166.3116533389;238592.1342356312;267050.6708003728;298903.6541519141;334555.9634717432;374460.7706856584;419125.3006744233;469117.2785435782;525072.1459047724;587701.13789258;657800.3235824071;736260.7247225839;824079.6413975459;922373.3285811875;1032391.184709951;1155531.632626961;1293359.894754076;1447627.888434013;1620296.494325686;1813560.480908265;2029876.401899315;2271993.821195295;2542990.262224833;2846310.325953354;3185809.474764127;3565803.038745301;3991121.067296888;4467169.723268114;4999999.999999929
2;916505563410;50;phasez;-1.54901;-1.54835;-1.54771;-1.54692;-1.54647;-1.54575;-1.54494;-1.54409;-1.54289;-1.54175;-1.54053;-1.53914;-1.53753;-1.53576;-1.53377;-1.53156;-1.52927;-1.52651;-1.5235;-1.52018;-1.51651;-1.51235;-1.50776;-1.50262;-1.4969;-1.49054;-1.48338;-1.47544;-1.46656;-1.45661;-1.44546;-1.43299;-1.41904;-1.40342;-1.38588;-1.36621;-1.34414;-1.31935;-1.29147;-1.26011;-1.22478;-1.18494;-1.13992;-1.08898;-1.03112;-0.965476;-0.890653;-0.805252;-0.707562;-0.595688
3;916820990279;20;absz;24040.4;19625.5;16018.4;13074.6;10670.1;8708.07;7108.12;5800.79;4734.51;3863.37;3152.53;2571.73;2097.3;1709.81;1393.39;1134.84;923.857;752.285;613.773;504.026
3;916820990279;20;frequency;99999.99999990905;122862.535599424;150952.0265389597;185463.4873444638;227865.1431623047;279960.8926363817;343967.05137965;422606.6409511731;519225.2346839865;637933.2888043621;783781.0140572543;962973.2274171232;1183133.324347452;1453627.601814205;1785963.729760951;2194280.323268956;2695948.443325946;3312310.615921419;4069588.809647371;4999999.999999929
3;916820990279;20;phasez;-1.53283;-1.52905;-1.52452;-1.51897;-1.51217;-1.50379;-1.49357;-1.48099;-1.46557;-1.44656;-1.42311;-1.39424;-1.35855;-1.31436;-1.25945;-1.19099;-1.10504;-0.996583;-0.858404;-0.68114
