0;8098540785673;20;absz;1.37106e+08;9.99795e+07;7.28283e+07;5.30508e+07;3.86292e+07;2.8121e+07;2.04571e+07;1.48811e+07;1.08226e+07;7.86873e+06;5.72051e+06;4.15806e+06;3.02191e+06;2.19595e+06;1.59547e+06;1.15907e+06;841892;611416;443958;322310
0;8098540785673;20;frequency;9.999999974752427;13.86918846435492;19.23543905490988;26.67799336109056;37.00021196095804;51.31629158938722;71.17153245417285;98.70914048804025;136.9015682683994;189.8713664161278;263.3361782500288;365.2259113806622;506.5387032487934;702.5280792305466;974.3494403835484;1351.343611730726;1874.203936580443;2599.368780806799;3605.113577052066;4999.99999995282
0;8098540785673;20;phasez;-1.51132;-1.51519;-1.51793;-1.52062;-1.52239;-1.52454;-1.52605;-1.52724;-1.52826;-1.52916;-1.52985;-1.53031;-1.53056;-1.53053;-1.53016;-1.52933;-1.52787;-1.52557;-1.52207;-1.51694
1;8099310532890;50;absz;7.41495e+06;6.34869e+06;5.43617e+06;4.65578e+06;3.98011e+06;3.40517e+06;2.91333e+06;2.49286e+06;2.13272e+06;1.82462e+06;1.56115e+06;1.3354e+06;1.14261e+06;977424;836184;715337;611896;523394;447679;382923;327499;280099;239548;204867;175201;149825;128122;109562;93687.8;80111.6;68502;58573.6;50083.8;42823.3;36614.7;31305.1;26763.8;22879.9;19558.1;16717.2;14286.7;12207.2;10427.9;8905.06;7601.24;6484.43;5527.37;4706.48;4001.65;3395.44
1;8099310532890;50;frequency;199.9999999213742;234.625769479635;275.2462588517801;322.8993264769997;378.802514688914;444.3841576318164;521.3198749487447;611.5753842550475;717.456725922716;841.6691823498468;987.3863981368913;1158.33146786315;1358.872060208682;1594.132014446359;1870.122253535556;2193.894364737048;2573.720768452858;3019.306079821149;3542.035062906734;4155.263512473084;4874.659497176026;5718.603679767398;6708.658946337209;7870.121340545211;9232.666380967203;10831.10727442716;12706.28439819177;14906.10877695531;17486.78621595445;20514.25336674129;24065.86241733066;28232.35745111674;33120.19296963342;38854.25382030405;45581.04601983359;53472.44000269313;62730.06193403319;73590.44528463698;86331.07429211862;101277.4737211686;118811.5260634959;139381.228686517;163512.140226203;191820.8086789974;225030.524286467;263989.7996954232;309694.0495706946;363311.0235703185;426210.642505751;499999.9999999716
1;8099310532890;50;phasez;-1.52798;-1.53213;-1.53132;-1.53228;-1.53061;-1.53232;-1.53171;-1.53309;-1.53369;-1.53382;-1.53402;-1.5345;-1.53469;-1.53493;-1.53514;-1.53548;-1.53571;-1.53587;-1.53609;-1.53621;-1.53634;-1.53636;-1.5364;-1.53638;-1.53626;-1.53607;-1.5358;-1.53542;-1.53492;-1.53429;-1.53353;-1.53259;-1.53145;-1.53008;-1.52846;-1.52655;-1.52429;-1.5216;-1.51841;-1.51465;-1.5102;-1.50492;-1.49868;-1.49129;-1.48254;-1.47215;-1.45982;-1.44513;-1.42757;-1.40647
2;8100081913204;50;absz;82524.8;73873.1;66143.6;59223.8;53008.6;47459.5;42492.9;38036;34052.7;30481.7;27285.4;24425.3;21864.7;19572.4;17518.7;15683.6;14038.9;12566.2;11248;10068.8;9011.96;8065.94;7219.61;6461.97;5783.5;5176.36;4632.67;4145.96;3710.25;3320.18;2971;2658.33;2378.38;2127.73;1903.28;1702.26;1522.25;1361.03;1216.62;1087.27;971.389;867.619;774.682;691.464;617.048;550.548;491.232;438.524;391.916;351.085
2;8100081913204;50;frequency;20000.00000002444;22385.53853899816;25055.61678390222;28044.17375656954;31389.19662092121;35133.2035329932;39323.78408414649;44014.2042055669;49264.08322518227;55140.1516811012;61717.09952482729;69078.52549602467;77317.99973512921;86540.25314108083;96862.50859274992;108415.9709538568;121347.4948009008;135821.4510731415;152021.8163702936;170154.5114554648;190450.0186878266;213166.3116533389;238592.1342356312;267050.6708003728;298903.6541519141;334555.9634717432;374460.7706856584;419125.3006744233;469117.2785435782;525072.1459047724;587701.13789258;657800.3235824071;736260.7247225839;824079.6413975459;922373.3285811875;1032391.184709951;1155531.632626961;1293359.894754076;1447627.888434013;1620296.494325686;1813560.480908265;2029876.401899315;2271993.821195295;2542990.262224833;2846310.325953354;3185809.474764127;3565803.038745301;3991121.067296888;4467169.723268114;4999999.999999929
2;8100081913204;50;phasez;-1.53804;-1.53779;-1.53749;-1.53707;-1.53673;-1.53643;-1.53587;-1.53535;-1.53459;-1.53376;-1.5327;-1.53157;-1.53024;-1.52881;-1.52711;-1.52525;-1.52315;-1.52077;-1.51804;-1.515;-1.5116;-1.50775;-1.50344;-1.4986;-1.49315;-1.48703;-1.4802;-1.47252;-1.4639;-1.45422;-1.44337;-1.43119;-1.41752;-1.40218;-1.38492;-1.36555;-1.34377;-1.31927;-1.29169;-1.2606;-1.22554;-1.18593;-1.14114;-1.09038;-1.03268;-0.967093;-0.892257;-0.806708;-0.708718;-0.596295
3;8100399506521;20;absz;17053.2;13933.5;11378;9293.42;7590.55;6198.04;5061.51;4132.59;3373.91;2753.98;2247.19;1832.85;1494.37;1217.47;990.994;805.712;654.199;530.605;430.338;350.188
3;8100399506521;20;frequency;99999.99999990905;122862.535599424;150952.0265389597;185463.4873444638;227865.1431623047;279960.8926363817;343967.05137965;422606.6409511731;519225.2346839865;637933.2888043621;783781.0140572543;962973.2274171232;1183133.324347452;1453627.601814205;1785963.729760951;2194280.323268956;2695948.443325946;3312310.615921419;4069588.809647371;4999999.999999929
3;8100399506521;20;phasez;-1.52628;-1.52306;-1.51902;-1.51406;-1.50772;-1.4999;-1.49014;-1.47811;-1.46318;-1.44466;-1.42178;-1.39343;-1.35826;-1.3146;-1.2602;-1.19218;-1.1066;-0.99828;-0.859937;-0.681962
