0;7515434010898;20;absz;1.37851e+08;1.00518e+08;7.32293e+07;5.33206e+07;3.88134e+07;2.82619e+07;2.05492e+07;1.49451e+07;1.0867e+07;7.90178e+06;5.74356e+06;4.17455e+06;3.03383e+06;2.20444e+06;1.60162e+06;1.16351e+06;845091;613727;445611;323493
0;7515434010898;20;frequency;9.999999974752427;13.86918846435492;19.23543905490988;26.67799336109056;37.00021196095804;51.31629158938722;71.17153245417285;98.70914048804025;136.9015682683994;189.8713664161278;263.3361782500288;365.2259113806622;506.5387032487934;702.5280792305466;974.3494403835484;1351.343611730726;1874.203936580443;2599.368780806799;3605.113577052066;4999.99999995282
0;7515434010898;20;phasez;-1.51332;-1.51604;-1.5186;-1.52136;-1.52332;-1.52483;-1.52664;-1.52777;-1.52877;-1.52967;-1.53024;-1.53066;-1.53087;-1.5308;-1.5304;-1.52954;-1.52809;-1.52579;-1.52231;-1.51719
1;7516204167900;50;absz;7.43066e+06;6.37794e+06;5.46307e+06;4.6607e+06;3.9916e+06;3.41776e+06;2.92441e+06;2.50228e+06;2.13989e+06;1.83219e+06;1.56717e+06;1.34078e+06;1.14704e+06;981173;839411;718032;614188;525374;449376;384347;328723;281128;240429;205601;175828;150359;128573;109943;94012.1;80384.7;68733.8;58770.3;50250.6;42965.2;36735.4;31407.5;26850.5;22953.5;19620.5;16769.6;14331;12244.6;10459.3;8931.47;7623.62;6503.47;5543.43;4720.08;4013.07;3405.06
1;7516204167900;50;frequency;199.9999999213742;234.625769479635;275.2462588517801;322.8993264769997;378.802514688914;444.3841576318164;521.3198749487447;611.5753842550475;717.456725922716;841.6691823498468;987.3863981368913;1158.33146786315;1358.872060208682;1594.132014446359;1870.122253535556;2193.894364737048;2573.720768452858;3019.306079821149;3542.035062906734;4155.263512473084;4874.659497176026;5718.603679767398;6708.658946337209;7870.121340545211;9232.666380967203;10831.10727442716;12706.28439819177;14906.10877695531;17486.78621595445;20514.25336674129;24065.86241733066;28232.35745111674;33120.19296963342;38854.25382030405;45581.04601983359;53472.44000269313;62730.06193403319;73590.44528463698;86331.07429211862;101277.4737211686;118811.5260634959;139381.228686517;163512.140226203;191820.8086789974;225030.524286467;263989.7996954232;309694.0495706946;363311.0235703185;426210.642505751;499999.9999999716
1;7516204167900;50;phasez;-1.53263;-1.52936;-1.53139;-1.53143;-1.5328;-1.53313;-1.53325;-1.53325;-1.53393;-1.53439;-1.53444;-1.53469;-1.53491;-1.53514;-1.53538;-1.53569;-1.53592;-1.53608;-1.53625;-1.53648;-1.53654;-1.53665;-1.53668;-1.53663;-1.53654;-1.53635;-1.53608;-1.53569;-1.5352;-1.53458;-1.53381;-1.53286;-1.53173;-1.53037;-1.52876;-1.52685;-1.52459;-1.52191;-1.51873;-1.51498;-1.51053;-1.50526;-1.49902;-1.49162;-1.48287;-1.47249;-1.46015;-1.44547;-1.42792;-1.40683
2;7516975248358;50;absz;82811.4;74163.6;66360.3;59423.2;53207;47625.7;42633.3;38166.3;34162.6;30580.5;27374.5;24504.1;21935.7;19635;17575.9;15733.1;14082.5;12604.8;11283.2;10099;9039.6;8090.5;7241.42;6481.09;5800.68;5191.59;4646.21;4157.92;3720.94;3329.61;2979.37;2665.79;2384.98;2133.55;1908.45;1706.87;1526.32;1364.64;1219.8;1090.09;973.892;869.833;776.647;693.182;618.585;551.896;492.426;439.584;392.866;351.929
2;7516975248358;50;frequency;20000.00000002444;22385.53853899816;25055.61678390222;28044.17375656954;31389.19662092121;35133.2035329932;39323.78408414649;44014.2042055669;49264.08322518227;55140.1516811012;61717.09952482729;69078.52549602467;77317.99973512921;86540.25314108083;96862.50859274992;108415.9709538568;121347.4948009008;135821.4510731415;152021.8163702936;170154.5114554648;190450.0186878266;213166.3116533389;238592.1342356312;267050.6708003728;298903.6541519141;334555.9634717432;374460.7706856584;419125.3006744233;469117.2785435782;525072.1459047724;587701.13789258;657800.3235824071;736260.7247225839;824079.6413975459;922373.3285811875;1032391.184709951;1155531.632626961;1293359.894754076;1447627.888434013;1620296.494325686;1813560.480908265;2029876.401899315;2271993.821195295;2542990.262224833;2846310.325953354;3185809.474764127;3565803.038745301;3991121.067296888;4467169.723268114;4999999.999999929
2;7516975248358;50;phasez;-1.5381;-1.53792;-1.53791;-1.53742;-1.53709;-1.53676;-1.53624;-1.53551;-1.53481;-1.53398;-1.53295;-1.53185;-1.5305;-1.52911;-1.52749;-1.52554;-1.52348;-1.52102;-1.51839;-1.51535;-1.51192;-1.50809;-1.50376;-1.49892;-1.49349;-1.48739;-1.48053;-1.47285;-1.46423;-1.45457;-1.44372;-1.43155;-1.4179;-1.40256;-1.38532;-1.36596;-1.34419;-1.31971;-1.29215;-1.26108;-1.22603;-1.18644;-1.14167;-1.0909;-1.03326;-0.967691;-0.892875;-0.807362;-0.709412;-0.597034
3;7517291777338;20;absz;17108.2;13977.6;11413.7;9322.09;7613.42;6216.52;5076.45;4144.61;3383.49;2761.76;2253.45;1837.93;1498.43;1220.73;993.59;807.778;655.841;531.923;431.399;351.048
3;7517291777338;20;frequency;99999.99999990905;122862.535599424;150952.0265389597;185463.4873444638;227865.1431623047;279960.8926363817;343967.05137965;422606.6409511731;519225.2346839865;637933.2888043621;783781.0140572543;962973.2274171232;1183133.324347452;1453627.601814205;1785963.729760951;2194280.323268956;2695948.443325946;3312310.615921419;4069588.809647371;4999999.999999929
3;7517291777338;20;phasez;-1.52653;-1.52339;-1.51944;-1.51438;-1.50805;-1.50021;-1.49049;-1.47844;-1.4635;-1.44502;-1.42216;-1.39383;-1.3587;-1.31506;-1.26069;-1.1927;-1.10717;-0.99889;-0.86061;-0.682686
