0;1556543351345;20;absz;1.99741e+08;1.4441e+08;1.04414e+08;7.54521e+07;5.45378e+07;3.94375e+07;2.84911e+07;2.05938e+07;1.48832e+07;1.07561e+07;7.77413e+06;5.61897e+06;4.06105e+06;2.93516e+06;2.12143e+06;1.53327e+06;1.10822e+06;801024;579005;418541
0;1556543351345;20;frequency;9.999999974752427;13.86918846435492;19.23543905490988;26.67799336109056;37.00021196095804;51.31629158938722;71.17153245417285;98.70914048804025;136.9015682683994;189.8713664161278;263.3361782500288;365.2259113806622;506.5387032487934;702.5280792305466;974.3494403835484;1351.343611730726;1874.203936580443;2599.368780806799;3605.113577052066;4999.99999995282
0;1556543351345;20;phasez;-1.5577;-1.55738;-1.55699;-1.55804;-1.55832;-1.55895;-1.55883;-1.55857;-1.55864;-1.55841;-1.55806;-1.5576;-1.55696;-1.55611;-1.55492;-1.55322;-1.55089;-1.54765;-1.54318;-1.53704
1;1557313187227;50;absz;1.01286e+07;8.6329e+06;7.37377e+06;6.2972e+06;5.3774e+06;4.58768e+06;3.91059e+06;3.33834e+06;2.84944e+06;2.43199e+06;2.07567e+06;1.77114e+06;1.51135e+06;1.28979e+06;1.10087e+06;939416;801751;684301;583972;498398;425379;363087;309902;264515;225784;192732;164523;140444;119898;102361;87388.9;74609.3;63702.5;54390.8;46441.9;39653.9;33858.4;28909.4;24683.6;21074.2;17991.6;15358;13107.4;11183.5;9538.6;8131.37;6926.64;5894.52;5009.15;4248.41
1;1557313187227;50;frequency;199.9999999213742;234.625769479635;275.2462588517801;322.8993264769997;378.802514688914;444.3841576318164;521.3198749487447;611.5753842550475;717.456725922716;841.6691823498468;987.3863981368913;1158.33146786315;1358.872060208682;1594.132014446359;1870.122253535556;2193.894364737048;2573.720768452858;3019.306079821149;3542.035062906734;4155.263512473084;4874.659497176026;5718.603679767398;6708.658946337209;7870.121340545211;9232.666380967203;10831.10727442716;12706.28439819177;14906.10877695531;17486.78621595445;20514.25336674129;24065.86241733066;28232.35745111674;33120.19296963342;38854.25382030405;45581.04601983359;53472.44000269313;62730.06193403319;73590.44528463698;86331.07429211862;101277.4737211686;118811.5260634959;139381.228686517;163512.140226203;191820.8086789974;225030.524286467;263989.7996954232;309694.0495706946;363311.0235703185;426210.642505751;499999.9999999716
1;1557313187227;50;phasez;-1.56154;-1.55895;-1.56095;-1.56036;-1.55986;-1.55884;-1.55946;-1.55861;-1.55943;-1.55951;-1.55887;-1.55875;-1.55856;-1.55851;-1.55818;-1.558;-1.55791;-1.55754;-1.5573;-1.55682;-1.55651;-1.55607;-1.55558;-1.55504;-1.55442;-1.55373;-1.55292;-1.55204;-1.55103;-1.54991;-1.54862;-1.54717;-1.54553;-1.54366;-1.54153;-1.53909;-1.53629;-1.53306;-1.52933;-1.525;-1.51998;-1.51412;-1.50729;-1.49931;-1.48994;-1.47897;-1.46604;-1.45076;-1.43261;-1.41091
2;1558084460665;50;absz;105505;94350.1;84371.4;75461;67480.8;60356;53962.8;48270.5;43166.8;38606.4;34530.9;30880.5;27617.6;24703.2;22094;19762.9;17679.4;15813.7;14145.4;12653.1;11318.7;10125.7;9058.22;8103.38;7249.43;6485.55;5802.06;5190.65;4643.6;4154.18;3716.28;3324.56;2973.92;2660.16;2379.38;2128.07;1903.14;1701.85;1521.66;1360.35;1215.99;1086.77;971.121;867.683;775.331;692.899;619.5;554.427;497.082;447.084
2;1558084460665;50;frequency;20000.00000002444;22385.53853899816;25055.61678390222;28044.17375656954;31389.19662092121;35133.2035329932;39323.78408414649;44014.2042055669;49264.08322518227;55140.1516811012;61717.09952482729;69078.52549602467;77317.99973512921;86540.25314108083;96862.50859274992;108415.9709538568;121347.4948009008;135821.4510731415;152021.8163702936;170154.5114554648;190450.0186878266;213166.3116533389;238592.1342356312;267050.6708003728;298903.6541519141;334555.9634717432;374460.7706856584;419125.3006744233;469117.2785435782;525072.1459047724;587701.13789258;657800.3235824071;736260.7247225839;824079.6413975459;922373.3285811875;1032391.184709951;1155531.632626961;1293359.894754076;1447627.888434013;1620296.494325686;1813560.480908265;2029876.401899315;2271993.821195295;2542990.262224833;2846310.325953354;3185809.474764127;3565803.038745301;3991121.067296888;4467169.723268114;4999999.999999929
2;1558084460665;50;phasez;-1.55366;-1.55292;-1.55248;-1.55171;-1.55094;-1.55037;-1.54932;-1.54849;-1.54718;-1.5461;-1.54476;-1.54317;-1.54154;-1.53961;-1.53767;-1.53529;-1.53286;-1.53005;-1.52691;-1.52346;-1.51964;-1.51535;-1.51066;-1.50536;-1.49951;-1.49298;-1.48571;-1.47761;-1.46857;-1.45848;-1.44721;-1.43461;-1.42049;-1.40473;-1.38706;-1.36725;-1.34504;-1.32011;-1.2921;-1.26059;-1.22512;-1.18513;-1.13996;-1.08882;-1.03083;-0.964971;-0.88993;-0.804257;-0.706262;-0.594005
3;1558402189446;20;absz;21512.3;17549.8;14318.1;11678.2;9527.42;7774.02;6341.98;5174.91;4222.08;3444.69;2810.12;2291.8;1868.47;1522.98;1240.57;1009.88;821.563;668.315;544.42;446.001
3;1558402189446;20;frequency;99999.99999990905;122862.535599424;150952.0265389597;185463.4873444638;227865.1431623047;279960.8926363817;343967.05137965;422606.6409511731;519225.2346839865;637933.2888043621;783781.0140572543;962973.2274171232;1183133.324347452;1453627.601814205;1785963.729760951;2194280.323268956;2695948.443325946;3312310.615921419;4069588.809647371;4999999.999999929
3;1558402189446;20;phasez;-1.53658;-1.53278;-1.5279;-1.52208;-1.51508;-1.50652;-1.49603;-1.48318;-1.46748;-1.44821;-1.42451;-1.39535;-1.35943;-1.31497;-1.25981;-1.19108;-1.10484;-0.996024;-0.857407;-0.679573
