0;4837068165475;20;absz;1.48746e+08;1.08111e+08;7.86757e+07;5.71947e+07;4.15778e+07;3.0223e+07;2.19653e+07;1.59657e+07;1.15994e+07;8.42655e+06;6.12081e+06;4.44524e+06;3.22787e+06;2.34334e+06;1.70095e+06;1.23439e+06;895607;649728;471274;341764
0;4837068165475;20;frequency;9.999999974752427;13.86918846435492;19.23543905490988;26.67799336109056;37.00021196095804;51.31629158938722;71.17153245417285;98.70914048804025;136.9015682683994;189.8713664161278;263.3361782500288;365.2259113806622;506.5387032487934;702.5280792305466;974.3494403835484;1351.343611730726;1874.203936580443;2599.368780806799;3605.113577052066;4999.99999995282
0;4837068165475;20;phasez;-1.52671;-1.52704;-1.52875;-1.52965;-1.53058;-1.53198;-1.53235;-1.53309;-1.53363;-1.53421;-1.53469;-1.53507;-1.53532;-1.53537;-1.53509;-1.53436;-1.53294;-1.53067;-1.52716;-1.522
1;4837836499058;50;absz;7.94057e+06;6.79222e+06;5.80442e+06;4.97133e+06;4.25162e+06;3.63852e+06;3.10944e+06;2.66053e+06;2.27559e+06;1.94559e+06;1.66426e+06;1.42308e+06;1.21685e+06;1.04042e+06;889549;760553;650240;555895;475234;406271;347286;296868;253765;216905;185398;158467;135445;115762;98939.7;84558.7;72268.3;61763.3;52784.1;45109.3;38549.7;32944;28152.3;24056.2;20554.7;17561.4;15002.3;12813.8;10942.1;9340.58;7970.09;6796.79;5791.55;4929.62;4189.81;3553.76
1;4837836499058;50;frequency;199.9999999213742;234.625769479635;275.2462588517801;322.8993264769997;378.802514688914;444.3841576318164;521.3198749487447;611.5753842550475;717.456725922716;841.6691823498468;987.3863981368913;1158.33146786315;1358.872060208682;1594.132014446359;1870.122253535556;2193.894364737048;2573.720768452858;3019.306079821149;3542.035062906734;4155.263512473084;4874.659497176026;5718.603679767398;6708.658946337209;7870.121340545211;9232.666380967203;10831.10727442716;12706.28439819177;14906.10877695531;17486.78621595445;20514.25336674129;24065.86241733066;28232.35745111674;33120.19296963342;38854.25382030405;45581.04601983359;53472.44000269313;62730.06193403319;73590.44528463698;86331.07429211862;101277.4737211686;118811.5260634959;139381.228686517;163512.140226203;191820.8086789974;225030.524286467;263989.7996954232;309694.0495706946;363311.0235703185;426210.642505751;499999.9999999716
1;4837836499058;50;phasez;-1.5349;-1.53789;-1.53519;-1.53643;-1.5372;-1.53668;-1.53754;-1.53805;-1.53789;-1.5388;-1.53891;-1.53931;-1.53979;-1.54005;-1.54029;-1.54055;-1.54087;-1.54099;-1.54117;-1.54136;-1.54141;-1.54149;-1.54146;-1.54141;-1.54127;-1.54106;-1.54076;-1.54036;-1.53983;-1.53918;-1.53838;-1.53739;-1.5362;-1.53479;-1.53311;-1.53113;-1.52878;-1.52601;-1.52275;-1.51891;-1.51439;-1.50907;-1.5028;-1.49539;-1.48664;-1.47629;-1.46401;-1.4494;-1.43193;-1.41093
2;4838607090376;50;absz;87119.9;77985.6;69806.8;62451.4;55889.5;50021.9;44759.7;40059.3;35850.2;32079.7;28704.5;25688.8;22988.3;20571.6;18408.7;16474.6;14742.5;13192.8;11805.8;10565;9453.91;8459.61;7570.01;6773.86;6061.13;5423.25;4852.32;4341.46;3884.15;3474.74;3108.35;2780.35;2486.8;2224.02;1988.79;1778.15;1589.63;1420.82;1269.67;1134.36;1013.21;904.731;807.643;720.733;643.086;573.718;511.879;456.967;408.454;365.988
2;4838607090376;50;frequency;20000.00000002444;22385.53853899816;25055.61678390222;28044.17375656954;31389.19662092121;35133.2035329932;39323.78408414649;44014.2042055669;49264.08322518227;55140.1516811012;61717.09952482729;69078.52549602467;77317.99973512921;86540.25314108083;96862.50859274992;108415.9709538568;121347.4948009008;135821.4510731415;152021.8163702936;170154.5114554648;190450.0186878266;213166.3116533389;238592.1342356312;267050.6708003728;298903.6541519141;334555.9634717432;374460.7706856584;419125.3006744233;469117.2785435782;525072.1459047724;587701.13789258;657800.3235824071;736260.7247225839;824079.6413975459;922373.3285811875;1032391.184709951;1155531.632626961;1293359.894754076;1447627.888434013;1620296.494325686;1813560.480908265;2029876.401899315;2271993.821195295;2542990.262224833;2846310.325953354;3185809.474764127;3565803.038745301;3991121.067296888;4467169.723268114;4999999.999999929
2;4838607090376;50;phasez;-1.54271;-1.54268;-1.5424;-1.54214;-1.5417;-1.54113;-1.54059;-1.53991;-1.53913;-1.53822;-1.53718;-1.53599;-1.53464;-1.5331;-1.53137;-1.52953;-1.52735;-1.52489;-1.52218;-1.51912;-1.5157;-1.51187;-1.50754;-1.50274;-1.49732;-1.49126;-1.48447;-1.47685;-1.46831;-1.4587;-1.44792;-1.43582;-1.42221;-1.40693;-1.38978;-1.37047;-1.34877;-1.32434;-1.29684;-1.26583;-1.23085;-1.19134;-1.14666;-1.09598;-1.03846;-0.973034;-0.898398;-0.813093;-0.7154;-0.603349
3;4838927150938;20;absz;17922.9;14636.5;11946.1;9751.61;7961.18;6498.12;5303.78;4328.3;3531.62;2881.27;2349.66;1915.36;1560.78;1270.84;1033.87;840.19;681.958;553.009;448.525;365.117
3;4838927150938;20;frequency;99999.99999990905;122862.535599424;150952.0265389597;185463.4873444638;227865.1431623047;279960.8926363817;343967.05137965;422606.6409511731;519225.2346839865;637933.2888043621;783781.0140572543;962973.2274171232;1183133.324347452;1453627.601814205;1785963.729760951;2194280.323268956;2695948.443325946;3312310.615921419;4069588.809647371;4999999.999999929
3;4838927150938;20;phasez;-1.53048;-1.52731;-1.52318;-1.51814;-1.51181;-1.50402;-1.49439;-1.48246;-1.46763;-1.44928;-1.42652;-1.3983;-1.36329;-1.31975;-1.26551;-1.19767;-1.11232;-1.00431;-0.8664;-0.689036
