0;7788851226469;20;absz;1.37462e+08;1.00214e+08;7.30466e+07;5.318e+07;3.87179e+07;2.8165e+07;2.05007e+07;1.49121e+07;1.08435e+07;7.88434e+06;5.73153e+06;4.16599e+06;3.02769e+06;2.20006e+06;1.59849e+06;1.16121e+06;843451;612539;444772;322892
0;7788851226469;20;frequency;9.999999974752427;13.86918846435492;19.23543905490988;26.67799336109056;37.00021196095804;51.31629158938722;71.17153245417285;98.70914048804025;136.9015682683994;189.8713664161278;263.3361782500288;365.2259113806622;506.5387032487934;702.5280792305466;974.3494403835484;1351.343611730726;1874.203936580443;2599.368780806799;3605.113577052066;4999.99999995282
0;7788851226469;20;phasez;-1.51226;-1.51581;-1.51842;-1.52071;-1.5229;-1.52484;-1.52633;-1.52754;-1.52859;-1.52937;-1.53005;-1.53046;-1.53068;-1.53065;-1.53027;-1.52942;-1.52797;-1.52566;-1.52219;-1.51707
1;7789621305131;50;absz;7.4336e+06;6.3624e+06;5.43994e+06;4.66068e+06;3.98584e+06;3.41156e+06;2.91602e+06;2.49643e+06;2.13606e+06;1.82821e+06;1.56406e+06;1.338e+06;1.14478e+06;979394;837736;716604;613000;524363;448499;383600;328086;280601;239978;205232;175509;150082;128342;109745;93841.2;80242.5;68613.9;58669.4;50164.5;42891.2;36672.4;31353.8;26805.6;22915.8;19588.5;16742.4;14308.1;12225.1;10443;8917.74;7611.98;6493.62;5535.15;4713.06;4007.14;3400.1
1;7789621305131;50;frequency;199.9999999213742;234.625769479635;275.2462588517801;322.8993264769997;378.802514688914;444.3841576318164;521.3198749487447;611.5753842550475;717.456725922716;841.6691823498468;987.3863981368913;1158.33146786315;1358.872060208682;1594.132014446359;1870.122253535556;2193.894364737048;2573.720768452858;3019.306079821149;3542.035062906734;4155.263512473084;4874.659497176026;5718.603679767398;6708.658946337209;7870.121340545211;9232.666380967203;10831.10727442716;12706.28439819177;14906.10877695531;17486.78621595445;20514.25336674129;24065.86241733066;28232.35745111674;33120.19296963342;38854.25382030405;45581.04601983359;53472.44000269313;62730.06193403319;73590.44528463698;86331.07429211862;101277.4737211686;118811.5260634959;139381.228686517;163512.140226203;191820.8086789974;225030.524286467;263989.7996954232;309694.0495706946;363311.0235703185;426210.642505751;499999.9999999716
1;7789621305131;50;phasez;-1.52911;-1.53073;-1.53228;-1.53113;-1.53168;-1.53284;-1.53328;-1.53352;-1.53356;-1.53396;-1.5344;-1.53447;-1.53483;-1.53506;-1.53524;-1.5356;-1.53571;-1.536;-1.53621;-1.53634;-1.53641;-1.53652;-1.53656;-1.53652;-1.53642;-1.53621;-1.53595;-1.53556;-1.53507;-1.53443;-1.53366;-1.53272;-1.53158;-1.53022;-1.52861;-1.5267;-1.52444;-1.52176;-1.51858;-1.51482;-1.51037;-1.5051;-1.49886;-1.49147;-1.48271;-1.47233;-1.46;-1.44531;-1.42776;-1.40667
2;7790390108208;50;absz;82640.6;73988.2;66225;59298.4;53086;47528;42548.4;38091.6;34093.8;30522.8;27322.5;24458.5;21893.7;19596.6;17542.2;15702.9;14056.9;12582.4;11262.7;10080.8;9023.34;8076.25;7228.52;6469.84;5790.51;5182.59;4638.28;4150.96;3714.66;3324.07;2974.42;2661.39;2381.09;2130.12;1905.37;1704.13;1523.89;1362.47;1217.88;1088.39;972.399;868.488;775.448;692.12;617.635;551.065;491.682;438.922;392.268;351.394
2;7790390108208;50;frequency;20000.00000002444;22385.53853899816;25055.61678390222;28044.17375656954;31389.19662092121;35133.2035329932;39323.78408414649;44014.2042055669;49264.08322518227;55140.1516811012;61717.09952482729;69078.52549602467;77317.99973512921;86540.25314108083;96862.50859274992;108415.9709538568;121347.4948009008;135821.4510731415;152021.8163702936;170154.5114554648;190450.0186878266;213166.3116533389;238592.1342356312;267050.6708003728;298903.6541519141;334555.9634717432;374460.7706856584;419125.3006744233;469117.2785435782;525072.1459047724;587701.13789258;657800.3235824071;736260.7247225839;824079.6413975459;922373.3285811875;1032391.184709951;1155531.632626961;1293359.894754076;1447627.888434013;1620296.494325686;1813560.480908265;2029876.401899315;2271993.821195295;2542990.262224833;2846310.325953354;3185809.474764127;3565803.038745301;3991121.067296888;4467169.723268114;4999999.999999929
2;7790390108208;50;phasez;-1.53825;-1.538;-1.53732;-1.53733;-1.53691;-1.53652;-1.53589;-1.53528;-1.53467;-1.5338;-1.53281;-1.53173;-1.53042;-1.52893;-1.52732;-1.52544;-1.52332;-1.52091;-1.51825;-1.51518;-1.51177;-1.50792;-1.5036;-1.49877;-1.49333;-1.48724;-1.48037;-1.4727;-1.46409;-1.45442;-1.44357;-1.4314;-1.41774;-1.4024;-1.38517;-1.3658;-1.34404;-1.31954;-1.29197;-1.26089;-1.22584;-1.18624;-1.14147;-1.09069;-1.03303;-0.967456;-0.892629;-0.807099;-0.709129;-0.596738
3;7790708778887;20;absz;17074.7;13950.9;11391.7;9304.29;7599.41;6205.11;5067.36;4137.33;3377.74;2757.1;2249.65;1834.83;1495.97;1218.75;991.999;806.487;654.815;531.095;430.729;350.498
3;7790708778887;20;frequency;99999.99999990905;122862.535599424;150952.0265389597;185463.4873444638;227865.1431623047;279960.8926363817;343967.05137965;422606.6409511731;519225.2346839865;637933.2888043621;783781.0140572543;962973.2274171232;1183133.324347452;1453627.601814205;1785963.729760951;2194280.323268956;2695948.443325946;3312310.615921419;4069588.809647371;4999999.999999929
3;7790708778887;20;phasez;-1.52645;-1.52327;-1.51927;-1.51424;-1.50794;-1.50006;-1.49035;-1.47828;-1.46338;-1.44488;-1.42201;-1.39367;-1.35853;-1.31488;-1.2605;-1.1925;-1.10695;-0.998653;-0.860339;-0.682391
