0;4081161386755;20;absz;1.56129e+08;1.13497e+08;8.24868e+07;5.99249e+07;4.35377e+07;3.16228e+07;2.29692e+07;1.66752e+07;1.21051e+07;8.78664e+06;6.37638e+06;4.62653e+06;3.35607e+06;2.43407e+06;1.76506e+06;1.27971e+06;927676;672378;487269;353066
0;4081161386755;20;frequency;9.999999974752427;13.86918846435492;19.23543905490988;26.67799336109056;37.00021196095804;51.31629158938722;71.17153245417285;98.70914048804025;136.9015682683994;189.8713664161278;263.3361782500288;365.2259113806622;506.5387032487934;702.5280792305466;974.3494403835484;1351.343611730726;1874.203936580443;2599.368780806799;3605.113577052066;4999.99999995282
0;4081161386755;20;phasez;-1.52974;-1.531;-1.53261;-1.53339;-1.53436;-1.53482;-1.53619;-1.53712;-1.53784;-1.53851;-1.53906;-1.53951;-1.53979;-1.53982;-1.53949;-1.53865;-1.53716;-1.53477;-1.53116;-1.52588
1;4081928385552;50;absz;8.29588e+06;7.0821e+06;6.06008e+06;5.17517e+06;4.41998e+06;3.78557e+06;3.23562e+06;2.76522e+06;2.36398e+06;2.01981e+06;1.72674e+06;1.47587e+06;1.26159e+06;1.07816e+06;921421;787459;672923;575064;491382;419920;358814;306594;261958;223828;191246;163402;139611;119285;101915;87076.1;74396.1;63564;54308.3;46401;39644.5;33871.3;28937.8;24721.8;21118.4;18038.7;15406;13154.9;11230.3;9584.14;8175.69;6970.1;5937.52;5052.4;4292.84;3640.02
1;4081928385552;50;frequency;199.9999999213742;234.625769479635;275.2462588517801;322.8993264769997;378.802514688914;444.3841576318164;521.3198749487447;611.5753842550475;717.456725922716;841.6691823498468;987.3863981368913;1158.33146786315;1358.872060208682;1594.132014446359;1870.122253535556;2193.894364737048;2573.720768452858;3019.306079821149;3542.035062906734;4155.263512473084;4874.659497176026;5718.603679767398;6708.658946337209;7870.121340545211;9232.666380967203;10831.10727442716;12706.28439819177;14906.10877695531;17486.78621595445;20514.25336674129;24065.86241733066;28232.35745111674;33120.19296963342;38854.25382030405;45581.04601983359;53472.44000269313;62730.06193403319;73590.44528463698;86331.07429211862;101277.4737211686;118811.5260634959;139381.228686517;163512.140226203;191820.8086789974;225030.524286467;263989.7996954232;309694.0495706946;363311.0235703185;426210.642505751;499999.9999999716
1;4081928385552;50;phasez;-1.53881;-1.54174;-1.54014;-1.54087;-1.54203;-1.5425;-1.5415;-1.54256;-1.54261;-1.54319;-1.54362;-1.54383;-1.54421;-1.54421;-1.54452;-1.54479;-1.54485;-1.54505;-1.54517;-1.54527;-1.54527;-1.54526;-1.54519;-1.54506;-1.54486;-1.54455;-1.54416;-1.54367;-1.54306;-1.54231;-1.54139;-1.54032;-1.53906;-1.53757;-1.53583;-1.53381;-1.53144;-1.52866;-1.5254;-1.52157;-1.51707;-1.51178;-1.50553;-1.49815;-1.48943;-1.47909;-1.46683;-1.45223;-1.43477;-1.41378
2;4082697777454;50;absz;89720.9;80305.5;71833.6;64267.8;57518.6;51461.1;46042.9;41198;36859.2;32979.9;29507.8;26401.6;23623.4;21133.8;18909.7;16918.9;15138.1;13544.3;12118.5;10842.5;9700.2;8678.45;7764.4;6946.15;6213.88;5558.8;4972.67;4448.02;3978.6;3558.58;3182.6;2846.17;2545.12;2275.68;2034.55;1818.76;1625.59;1452.69;1297.92;1159.4;1035.41;924.423;825.106;736.254;656.854;585.989;522.838;466.772;417.261;373.95
2;4082697777454;50;frequency;20000.00000002444;22385.53853899816;25055.61678390222;28044.17375656954;31389.19662092121;35133.2035329932;39323.78408414649;44014.2042055669;49264.08322518227;55140.1516811012;61717.09952482729;69078.52549602467;77317.99973512921;86540.25314108083;96862.50859274992;108415.9709538568;121347.4948009008;135821.4510731415;152021.8163702936;170154.5114554648;190450.0186878266;213166.3116533389;238592.1342356312;267050.6708003728;298903.6541519141;334555.9634717432;374460.7706856584;419125.3006744233;469117.2785435782;525072.1459047724;587701.13789258;657800.3235824071;736260.7247225839;824079.6413975459;922373.3285811875;1032391.184709951;1155531.632626961;1293359.894754076;1447627.888434013;1620296.494325686;1813560.480908265;2029876.401899315;2271993.821195295;2542990.262224833;2846310.325953354;3185809.474764127;3565803.038745301;3991121.067296888;4467169.723268114;4999999.999999929
2;4082697777454;50;phasez;-1.54567;-1.5456;-1.54535;-1.5448;-1.5445;-1.54394;-1.54318;-1.54264;-1.54176;-1.54087;-1.53992;-1.53869;-1.53728;-1.53578;-1.53409;-1.5322;-1.53005;-1.5276;-1.52492;-1.52183;-1.51844;-1.51462;-1.51036;-1.50554;-1.50015;-1.49411;-1.48731;-1.47969;-1.47115;-1.46153;-1.45074;-1.43863;-1.42502;-1.40973;-1.39254;-1.37322;-1.35149;-1.32703;-1.29949;-1.26845;-1.23343;-1.19387;-1.14914;-1.09844;-1.04084;-0.975385;-0.900699;-0.815357;-0.717644;-0.605579
3;4083014131080;20;absz;18411.2;15028.4;12264.6;10006.7;8166.56;6662.76;5436.11;4434.74;3616.92;2949.67;2404.58;1959.41;1596.02;1299.11;1056.57;858.412;696.632;564.863;458.167;373.067
3;4083014131080;20;frequency;99999.99999990905;122862.535599424;150952.0265389597;185463.4873444638;227865.1431623047;279960.8926363817;343967.05137965;422606.6409511731;519225.2346839865;637933.2888043621;783781.0140572543;962973.2274171232;1183133.324347452;1453627.601814205;1785963.729760951;2194280.323268956;2695948.443325946;3312310.615921419;4069588.809647371;4999999.999999929
3;4083014131080;20;phasez;-1.53315;-1.52993;-1.5259;-1.52089;-1.51459;-1.50689;-1.4972;-1.48527;-1.47045;-1.45209;-1.42933;-1.40106;-1.36599;-1.32241;-1.26809;-1.20017;-1.11474;-1.00664;-0.868656;-0.691251
