0;10224557230604;20;absz;1.36046e+08;9.92262e+07;7.23054e+07;5.26574e+07;3.83512e+07;2.79185e+07;2.0319e+07;1.47827e+07;1.07524e+07;7.81892e+06;5.68467e+06;4.13239e+06;3.00354e+06;2.18264e+06;1.58592e+06;1.15217e+06;836921;607837;441394;320473
0;10224557230604;20;frequency;9.999999974752427;13.86918846435492;19.23543905490988;26.67799336109056;37.00021196095804;51.31629158938722;71.17153245417285;98.70914048804025;136.9015682683994;189.8713664161278;263.3361782500288;365.2259113806622;506.5387032487934;702.5280792305466;974.3494403835484;1351.343611730726;1874.203936580443;2599.368780806799;3605.113577052066;4999.99999995282
0;10224557230604;20;phasez;-1.5104;-1.51369;-1.51648;-1.51889;-1.52143;-1.52344;-1.52482;-1.52636;-1.52759;-1.52856;-1.5293;-1.52985;-1.53017;-1.53019;-1.52984;-1.529;-1.52753;-1.5252;-1.52168;-1.51653
1;10225329406196;50;absz;7.38267e+06;6.31315e+06;5.40441e+06;4.6249e+06;3.95634e+06;3.38444e+06;2.89444e+06;2.47625e+06;2.11928e+06;1.8136e+06;1.55173e+06;1.32756e+06;1.13595e+06;971802;831179;711115;608352;520390;445113;380732;325663;278526;238217;203735;174242;149012;127429;108972;93187.9;79689;68143.6;58270.7;49827;42605.4;36430.2;31148.6;26631.3;22768.2;19463.7;16637.1;14219;12150.2;10379.8;8864.41;7566.83;6455.54;5503.08;4685.99;3984.37;3380.96
1;10225329406196;50;frequency;199.9999999213742;234.625769479635;275.2462588517801;322.8993264769997;378.802514688914;444.3841576318164;521.3198749487447;611.5753842550475;717.456725922716;841.6691823498468;987.3863981368913;1158.33146786315;1358.872060208682;1594.132014446359;1870.122253535556;2193.894364737048;2573.720768452858;3019.306079821149;3542.035062906734;4155.263512473084;4874.659497176026;5718.603679767398;6708.658946337209;7870.121340545211;9232.666380967203;10831.10727442716;12706.28439819177;14906.10877695531;17486.78621595445;20514.25336674129;24065.86241733066;28232.35745111674;33120.19296963342;38854.25382030405;45581.04601983359;53472.44000269313;62730.06193403319;73590.44528463698;86331.07429211862;101277.4737211686;118811.5260634959;139381.228686517;163512.140226203;191820.8086789974;225030.524286467;263989.7996954232;309694.0495706946;363311.0235703185;426210.642505751;499999.9999999716
1;10225329406196;50;phasez;-1.52963;-1.53122;-1.532;-1.5321;-1.53181;-1.53271;-1.5326;-1.53294;-1.53277;-1.5335;-1.53351;-1.53427;-1.5343;-1.53475;-1.53488;-1.53505;-1.53534;-1.53552;-1.53568;-1.53584;-1.5359;-1.53597;-1.536;-1.53595;-1.53584;-1.53563;-1.53535;-1.53497;-1.53448;-1.53386;-1.53307;-1.53213;-1.53098;-1.52962;-1.52799;-1.52607;-1.5238;-1.5211;-1.51791;-1.51414;-1.50968;-1.50441;-1.49817;-1.49078;-1.48203;-1.47165;-1.45931;-1.44462;-1.42706;-1.40595
2;10226097576062;50;absz;82076.5;73501.4;65799.5;58902.3;52742.9;47218.3;42275.3;37841.5;33878.9;30327;27148.8;24303.6;21755;19474.8;17434.9;15606.9;13971.4;12506.7;11195.2;10021.4;8970.13;8029.33;7186.93;6432.81;5757.61;5153.42;4612.32;4127.91;3694.2;3305.88;2958.33;2647.04;2368.37;2118.84;1895.36;1695.25;1516.05;1355.53;1211.75;1082.96;967.591;864.257;771.696;688.817;614.703;548.463;489.368;436.861;390.434;349.742
2;10226097576062;50;frequency;20000.00000002444;22385.53853899816;25055.61678390222;28044.17375656954;31389.19662092121;35133.2035329932;39323.78408414649;44014.2042055669;49264.08322518227;55140.1516811012;61717.09952482729;69078.52549602467;77317.99973512921;86540.25314108083;96862.50859274992;108415.9709538568;121347.4948009008;135821.4510731415;152021.8163702936;170154.5114554648;190450.0186878266;213166.3116533389;238592.1342356312;267050.6708003728;298903.6541519141;334555.9634717432;374460.7706856584;419125.3006744233;469117.2785435782;525072.1459047724;587701.13789258;657800.3235824071;736260.7247225839;824079.6413975459;922373.3285811875;1032391.184709951;1155531.632626961;1293359.894754076;1447627.888434013;1620296.494325686;1813560.480908265;2029876.401899315;2271993.821195295;2542990.262224833;2846310.325953354;3185809.474764127;3565803.038745301;3991121.067296888;4467169.723268114;4999999.999999929
2;10226097576062;50;phasez;-1.53768;-1.53748;-1.53678;-1.53687;-1.53642;-1.53601;-1.53531;-1.53466;-1.53398;-1.53322;-1.53211;-1.53106;-1.52974;-1.52831;-1.5266;-1.52474;-1.52263;-1.52024;-1.51754;-1.51449;-1.5111;-1.50725;-1.50294;-1.49809;-1.49266;-1.48655;-1.47971;-1.47202;-1.46339;-1.45373;-1.44286;-1.43068;-1.41699;-1.40163;-1.38438;-1.365;-1.34321;-1.3187;-1.29112;-1.26002;-1.22495;-1.18534;-1.14054;-1.08977;-1.03209;-0.966503;-0.891658;-0.8061;-0.708097;-0.595664
3;10226415931895;20;absz;16972.9;13867;11325.3;9250.52;7556.08;6170.49;5039.31;4114.86;3359.56;2742.35;2237.92;1825.41;1488.43;1212.69;987.171;802.664;651.753;528.642;428.739;348.88
3;10226415931895;20;frequency;99999.99999990905;122862.535599424;150952.0265389597;185463.4873444638;227865.1431623047;279960.8926363817;343967.05137965;422606.6409511731;519225.2346839865;637933.2888043621;783781.0140572543;962973.2274171232;1183133.324347452;1453627.601814205;1785963.729760951;2194280.323268956;2695948.443325946;3312310.615921419;4069588.809647371;4999999.999999929
3;10226415931895;20;phasez;-1.52581;-1.52264;-1.51856;-1.5135;-1.5072;-1.49939;-1.48969;-1.4776;-1.46265;-1.44415;-1.42124;-1.39287;-1.3577;-1.31402;-1.25961;-1.19158;-1.10601;-0.997692;-0.859338;-0.681301
