0;9976201930571;20;absz;1.36044e+08;9.9238e+07;7.2294e+07;5.26843e+07;3.83736e+07;2.79214e+07;2.03271e+07;1.47891e+07;1.07563e+07;7.82221e+06;5.68735e+06;4.13415e+06;3.00476e+06;2.18358e+06;1.58658e+06;1.15262e+06;837266;608084;441573;320602
0;9976201930571;20;frequency;9.999999974752427;13.86918846435492;19.23543905490988;26.67799336109056;37.00021196095804;51.31629158938722;71.17153245417285;98.70914048804025;136.9015682683994;189.8713664161278;263.3361782500288;365.2259113806622;506.5387032487934;702.5280792305466;974.3494403835484;1351.343611730726;1874.203936580443;2599.368780806799;3605.113577052066;4999.99999995282
0;9976201930571;20;phasez;-1.51077;-1.51356;-1.51689;-1.51921;-1.5213;-1.52329;-1.52505;-1.5264;-1.52755;-1.52856;-1.52934;-1.52989;-1.53019;-1.53022;-1.52986;-1.52901;-1.52756;-1.52523;-1.52171;-1.51656
1;9976971901164;50;absz;7.37311e+06;6.30927e+06;5.39394e+06;4.6166e+06;3.95738e+06;3.38407e+06;2.89406e+06;2.47847e+06;2.12031e+06;1.81417e+06;1.55237e+06;1.32776e+06;1.13605e+06;972078;831523;711416;608566;520566;445281;380868;325765;278631;238304;203810;174300;149066;127480;109016;93224.6;79719.8;68168.2;58290.5;49843.3;42619.4;36442.1;31159.1;26640.1;22775.2;19469.9;16642.3;14223.7;12154.1;10382.9;8867.07;7569.22;6457.4;5504.59;4687.31;3985.51;3381.89
1;9976971901164;50;frequency;199.9999999213742;234.625769479635;275.2462588517801;322.8993264769997;378.802514688914;444.3841576318164;521.3198749487447;611.5753842550475;717.456725922716;841.6691823498468;987.3863981368913;1158.33146786315;1358.872060208682;1594.132014446359;1870.122253535556;2193.894364737048;2573.720768452858;3019.306079821149;3542.035062906734;4155.263512473084;4874.659497176026;5718.603679767398;6708.658946337209;7870.121340545211;9232.666380967203;10831.10727442716;12706.28439819177;14906.10877695531;17486.78621595445;20514.25336674129;24065.86241733066;28232.35745111674;33120.19296963342;38854.25382030405;45581.04601983359;53472.44000269313;62730.06193403319;73590.44528463698;86331.07429211862;101277.4737211686;118811.5260634959;139381.228686517;163512.140226203;191820.8086789974;225030.524286467;263989.7996954232;309694.0495706946;363311.0235703185;426210.642505751;499999.9999999716
1;9976971901164;50;phasez;-1.53149;-1.53037;-1.53173;-1.53177;-1.53149;-1.53179;-1.53267;-1.5329;-1.53304;-1.53319;-1.5337;-1.53422;-1.53453;-1.53473;-1.53482;-1.53511;-1.53535;-1.53552;-1.53568;-1.53581;-1.53595;-1.536;-1.53604;-1.53598;-1.53587;-1.53567;-1.53539;-1.53501;-1.53453;-1.53389;-1.53312;-1.53217;-1.53103;-1.52966;-1.52803;-1.52611;-1.52383;-1.52113;-1.51794;-1.51417;-1.50971;-1.50443;-1.49819;-1.4908;-1.48205;-1.47167;-1.45933;-1.44465;-1.42709;-1.40599
2;9977739933497;50;absz;82112.4;73529.3;65830.2;58925;52772.9;47233.4;42291.5;37858.7;33892.2;30340.5;27159.2;24313.9;21766.5;19484.9;17442.2;15613.7;13977.3;12511.1;11199.2;10024.9;8973.48;8032.16;7189.49;6435.13;5759.83;5155.21;4613.88;4129.33;3695.51;3307.07;2959.31;2647.95;2369.18;2119.56;1896.02;1695.82;1516.53;1355.98;1212.15;1083.31;967.88;864.508;771.94;689.01;614.905;548.639;489.535;437.006;390.555;349.855
2;9977739933497;50;frequency;20000.00000002444;22385.53853899816;25055.61678390222;28044.17375656954;31389.19662092121;35133.2035329932;39323.78408414649;44014.2042055669;49264.08322518227;55140.1516811012;61717.09952482729;69078.52549602467;77317.99973512921;86540.25314108083;96862.50859274992;108415.9709538568;121347.4948009008;135821.4510731415;152021.8163702936;170154.5114554648;190450.0186878266;213166.3116533389;238592.1342356312;267050.6708003728;298903.6541519141;334555.9634717432;374460.7706856584;419125.3006744233;469117.2785435782;525072.1459047724;587701.13789258;657800.3235824071;736260.7247225839;824079.6413975459;922373.3285811875;1032391.184709951;1155531.632626961;1293359.894754076;1447627.888434013;1620296.494325686;1813560.480908265;2029876.401899315;2271993.821195295;2542990.262224833;2846310.325953354;3185809.474764127;3565803.038745301;3991121.067296888;4467169.723268114;4999999.999999929
2;9977739933497;50;phasez;-1.53741;-1.53739;-1.53725;-1.53664;-1.53648;-1.53598;-1.53544;-1.53484;-1.53403;-1.53322;-1.53217;-1.53117;-1.52974;-1.52835;-1.52666;-1.52475;-1.52267;-1.52025;-1.51755;-1.51453;-1.51112;-1.50727;-1.50296;-1.49812;-1.49268;-1.48657;-1.47972;-1.47204;-1.46342;-1.45374;-1.44288;-1.4307;-1.41701;-1.40165;-1.3844;-1.36504;-1.34324;-1.31872;-1.29113;-1.26004;-1.22497;-1.18536;-1.14056;-1.08977;-1.03211;-0.966519;-0.891669;-0.806112;-0.708101;-0.595666
3;9978056433031;20;absz;16981;13875.8;11331.3;9255.14;7559.87;6173.37;5041.71;4116.66;3361.1;2743.75;2238.96;1826.24;1489.08;1213.21;987.576;802.996;652.025;528.841;428.914;349.025
3;9978056433031;20;frequency;99999.99999990905;122862.535599424;150952.0265389597;185463.4873444638;227865.1431623047;279960.8926363817;343967.05137965;422606.6409511731;519225.2346839865;637933.2888043621;783781.0140572543;962973.2274171232;1183133.324347452;1453627.601814205;1785963.729760951;2194280.323268956;2695948.443325946;3312310.615921419;4069588.809647371;4999999.999999929
3;9978056433031;20;phasez;-1.5258;-1.52259;-1.51858;-1.51348;-1.50723;-1.49942;-1.4897;-1.47763;-1.46266;-1.44416;-1.42125;-1.39289;-1.35771;-1.31403;-1.25961;-1.19158;-1.10601;-0.997668;-0.859307;-0.681299
