0;1514687475648;20;absz;2.00864e+08;1.45168e+08;1.04918e+08;7.58167e+07;5.48202e+07;3.95945e+07;2.86276e+07;2.06891e+07;1.49516e+07;1.08053e+07;7.80953e+06;5.64467e+06;4.08005e+06;2.9491e+06;2.13164e+06;1.54083e+06;1.11372e+06;805034;581951;420704
0;1514687475648;20;frequency;9.999999974752427;13.86918846435492;19.23543905490988;26.67799336109056;37.00021196095804;51.31629158938722;71.17153245417285;98.70914048804025;136.9015682683994;189.8713664161278;263.3361782500288;365.2259113806622;506.5387032487934;702.5280792305466;974.3494403835484;1351.343611730726;1874.203936580443;2599.368780806799;3605.113577052066;4999.99999995282
0;1514687475648;20;phasez;-1.55787;-1.55728;-1.55851;-1.5581;-1.55865;-1.55916;-1.55884;-1.55887;-1.55866;-1.55835;-1.55794;-1.55744;-1.55674;-1.55587;-1.55465;-1.55296;-1.5506;-1.54736;-1.54288;-1.53675
1;1515455830968;50;absz;1.01558e+07;8.67686e+06;7.41521e+06;6.32266e+06;5.39356e+06;4.60946e+06;3.92988e+06;3.35598e+06;2.86271e+06;2.44321e+06;2.0857e+06;1.78008e+06;1.5185e+06;1.2964e+06;1.10646e+06;944104;805787;687764;586951;500941;427604;364973;311517;265909;226978;193756;165397;141197;120539;102908;87859.3;75013;64046.8;54685;46693.6;39871.1;34044.1;29069.1;24820.2;21191.8;18092.4;15444.5;13181.9;11247.6;9593.62;8178.69;6967.38;5929.29;5038.79;4273.7
1;1515455830968;50;frequency;199.9999999213742;234.625769479635;275.2462588517801;322.8993264769997;378.802514688914;444.3841576318164;521.3198749487447;611.5753842550475;717.456725922716;841.6691823498468;987.3863981368913;1158.33146786315;1358.872060208682;1594.132014446359;1870.122253535556;2193.894364737048;2573.720768452858;3019.306079821149;3542.035062906734;4155.263512473084;4874.659497176026;5718.603679767398;6708.658946337209;7870.121340545211;9232.666380967203;10831.10727442716;12706.28439819177;14906.10877695531;17486.78621595445;20514.25336674129;24065.86241733066;28232.35745111674;33120.19296963342;38854.25382030405;45581.04601983359;53472.44000269313;62730.06193403319;73590.44528463698;86331.07429211862;101277.4737211686;118811.5260634959;139381.228686517;163512.140226203;191820.8086789974;225030.524286467;263989.7996954232;309694.0495706946;363311.0235703185;426210.642505751;499999.9999999716
1;1515455830968;50;phasez;-1.56032;-1.55707;-1.55843;-1.56115;-1.55846;-1.55884;-1.55943;-1.55923;-1.55893;-1.55863;-1.55848;-1.55859;-1.55833;-1.55819;-1.558;-1.55778;-1.55745;-1.55726;-1.55699;-1.55661;-1.55622;-1.5558;-1.55535;-1.5548;-1.55417;-1.55348;-1.55269;-1.55182;-1.55083;-1.54969;-1.54842;-1.54697;-1.54532;-1.54344;-1.54129;-1.53884;-1.53603;-1.53278;-1.52903;-1.52469;-1.51966;-1.5138;-1.50697;-1.49899;-1.48964;-1.47867;-1.46575;-1.45047;-1.43234;-1.41065
2;1516226262991;50;absz;106088;94840.6;84824.1;75879.9;67848.3;60670.4;54256.6;48529.4;43399.7;38816;34719.1;31052.5;27772;24839.7;22216.9;19873.7;17777.4;15902.5;14224.7;12724.8;11383.7;10184.1;9110.5;8150.23;7291.45;6523.15;5835.99;5221.09;4670.92;4178.71;3738.28;3344.22;2991.56;2675.99;2393.57;2140.83;1914.62;1712.15;1530.88;1368.64;1223.41;1093.44;977.148;873.083;780.175;697.271;623.445;557.996;500.322;450.05
2;1516226262991;50;frequency;20000.00000002444;22385.53853899816;25055.61678390222;28044.17375656954;31389.19662092121;35133.2035329932;39323.78408414649;44014.2042055669;49264.08322518227;55140.1516811012;61717.09952482729;69078.52549602467;77317.99973512921;86540.25314108083;96862.50859274992;108415.9709538568;121347.4948009008;135821.4510731415;152021.8163702936;170154.5114554648;190450.0186878266;213166.3116533389;238592.1342356312;267050.6708003728;298903.6541519141;334555.9634717432;374460.7706856584;419125.3006744233;469117.2785435782;525072.1459047724;587701.13789258;657800.3235824071;736260.7247225839;824079.6413975459;922373.3285811875;1032391.184709951;1155531.632626961;1293359.894754076;1447627.888434013;1620296.494325686;1813560.480908265;2029876.401899315;2271993.821195295;2542990.262224833;2846310.325953354;3185809.474764127;3565803.038745301;3991121.067296888;4467169.723268114;4999999.999999929
2;1516226262991;50;phasez;-1.55342;-1.55323;-1.55227;-1.55169;-1.5507;-1.55002;-1.54905;-1.54827;-1.54714;-1.54578;-1.54447;-1.54292;-1.54136;-1.53939;-1.53737;-1.53506;-1.53252;-1.52975;-1.52667;-1.52318;-1.51935;-1.51511;-1.51033;-1.50508;-1.49925;-1.49274;-1.48547;-1.47737;-1.46834;-1.45825;-1.44697;-1.43437;-1.42029;-1.40451;-1.38685;-1.36704;-1.34483;-1.3199;-1.29189;-1.2604;-1.22492;-1.18493;-1.13977;-1.08867;-1.03064;-0.964809;-0.889782;-0.804135;-0.706161;-0.593932
3;1516546320413;20;absz;21628.8;17645.4;14399.1;11745.2;9581.72;7818.45;6378.98;5205.11;4246.88;3464.95;2826.83;2305.57;1879.76;1532.23;1248.18;1016.15;826.711;672.553;547.936;448.965
3;1516546320413;20;frequency;99999.99999990905;122862.535599424;150952.0265389597;185463.4873444638;227865.1431623047;279960.8926363817;343967.05137965;422606.6409511731;519225.2346839865;637933.2888043621;783781.0140572543;962973.2274171232;1183133.324347452;1453627.601814205;1785963.729760951;2194280.323268956;2695948.443325946;3312310.615921419;4069588.809647371;4999999.999999929
3;1516546320413;20;phasez;-1.53645;-1.53247;-1.52763;-1.52183;-1.51482;-1.50622;-1.49571;-1.48292;-1.46721;-1.44796;-1.42431;-1.39517;-1.35923;-1.31479;-1.25963;-1.1909;-1.10469;-0.995889;-0.857303;-0.679499
