0;10832721926953;20;absz;1.35828e+08;9.90738e+07;7.22287e+07;5.26192e+07;3.83193e+07;2.78789e+07;2.03009e+07;1.47668e+07;1.07412e+07;7.81069e+06;5.679e+06;4.12823e+06;3.00052e+06;2.18048e+06;1.58433e+06;1.15102e+06;836073;607239;440969;320167
0;10832721926953;20;frequency;9.999999974752427;13.86918846435492;19.23543905490988;26.67799336109056;37.00021196095804;51.31629158938722;71.17153245417285;98.70914048804025;136.9015682683994;189.8713664161278;263.3361782500288;365.2259113806622;506.5387032487934;702.5280792305466;974.3494403835484;1351.343611730726;1874.203936580443;2599.368780806799;3605.113577052066;4999.99999995282
0;10832721926953;20;phasez;-1.50963;-1.51318;-1.51585;-1.51895;-1.52114;-1.52318;-1.52492;-1.52636;-1.52755;-1.5285;-1.52928;-1.52982;-1.53014;-1.53016;-1.52981;-1.52896;-1.52749;-1.52514;-1.5216;-1.51642
1;10833490185940;50;absz;7.36201e+06;6.30276e+06;5.39313e+06;4.61889e+06;3.95023e+06;3.37828e+06;2.89273e+06;2.47471e+06;2.1179e+06;1.81226e+06;1.55034e+06;1.32628e+06;1.13474e+06;970708;830387;710395;607700;519858;444682;380354;325335;278264;237987;203544;174080;148877;127321;108883;93112.6;79622.6;68088.9;58224.4;49787.5;42572.9;36402.4;31125;26611.1;22750.9;19449;16624.9;14208.6;12141.2;10372.2;8858.09;7561.7;6451.1;5499.32;4682.82;3981.7;3378.78
1;10833490185940;50;frequency;199.9999999213742;234.625769479635;275.2462588517801;322.8993264769997;378.802514688914;444.3841576318164;521.3198749487447;611.5753842550475;717.456725922716;841.6691823498468;987.3863981368913;1158.33146786315;1358.872060208682;1594.132014446359;1870.122253535556;2193.894364737048;2573.720768452858;3019.306079821149;3542.035062906734;4155.263512473084;4874.659497176026;5718.603679767398;6708.658946337209;7870.121340545211;9232.666380967203;10831.10727442716;12706.28439819177;14906.10877695531;17486.78621595445;20514.25336674129;24065.86241733066;28232.35745111674;33120.19296963342;38854.25382030405;45581.04601983359;53472.44000269313;62730.06193403319;73590.44528463698;86331.07429211862;101277.4737211686;118811.5260634959;139381.228686517;163512.140226203;191820.8086789974;225030.524286467;263989.7996954232;309694.0495706946;363311.0235703185;426210.642505751;499999.9999999716
1;10833490185940;50;phasez;-1.53057;-1.52878;-1.53168;-1.53112;-1.5312;-1.53147;-1.53243;-1.53263;-1.53315;-1.53356;-1.53363;-1.53403;-1.53429;-1.53455;-1.53479;-1.53512;-1.53528;-1.53544;-1.53567;-1.53574;-1.53583;-1.53587;-1.53591;-1.53582;-1.5357;-1.53551;-1.53522;-1.53484;-1.53435;-1.53372;-1.53295;-1.53201;-1.53087;-1.52951;-1.52789;-1.52598;-1.5237;-1.52101;-1.51782;-1.51404;-1.50958;-1.50431;-1.49806;-1.49067;-1.48191;-1.47153;-1.45919;-1.4445;-1.42694;-1.40583
2;10834260555554;50;absz;82038.4;73453.1;65751;58879.3;52699.3;47184.3;42243.4;37822.8;33861.9;30307.5;27132.1;24289.1;21743.3;19463.6;17424.1;15598.1;13962.5;12498.9;11188.9;10015.5;8965.21;8024.91;7183.01;6429.28;5754.54;5150.65;4609.78;4125.6;3692.21;3304.17;2956.74;2645.7;2367.18;2117.8;1894.46;1694.47;1515.36;1354.91;1211.2;1082.48;967.185;863.894;771.391;688.541;614.467;548.267;489.191;436.704;390.281;349.61
2;10834260555554;50;frequency;20000.00000002444;22385.53853899816;25055.61678390222;28044.17375656954;31389.19662092121;35133.2035329932;39323.78408414649;44014.2042055669;49264.08322518227;55140.1516811012;61717.09952482729;69078.52549602467;77317.99973512921;86540.25314108083;96862.50859274992;108415.9709538568;121347.4948009008;135821.4510731415;152021.8163702936;170154.5114554648;190450.0186878266;213166.3116533389;238592.1342356312;267050.6708003728;298903.6541519141;334555.9634717432;374460.7706856584;419125.3006744233;469117.2785435782;525072.1459047724;587701.13789258;657800.3235824071;736260.7247225839;824079.6413975459;922373.3285811875;1032391.184709951;1155531.632626961;1293359.894754076;1447627.888434013;1620296.494325686;1813560.480908265;2029876.401899315;2271993.821195295;2542990.262224833;2846310.325953354;3185809.474764127;3565803.038745301;3991121.067296888;4467169.723268114;4999999.999999929
2;10834260555554;50;phasez;-1.53754;-1.53698;-1.53706;-1.53659;-1.53627;-1.5358;-1.53518;-1.53467;-1.53391;-1.53308;-1.53214;-1.53093;-1.52972;-1.52823;-1.52651;-1.5247;-1.52257;-1.52014;-1.51745;-1.5144;-1.51098;-1.50714;-1.50284;-1.49797;-1.49253;-1.48645;-1.47959;-1.47189;-1.46327;-1.45359;-1.44273;-1.43053;-1.41686;-1.40149;-1.38424;-1.36485;-1.34306;-1.31855;-1.29095;-1.25986;-1.22478;-1.18517;-1.14038;-1.0896;-1.03192;-0.966328;-0.891479;-0.805913;-0.707903;-0.595445
3;10834579762250;20;absz;16967.6;13862.3;11320.2;9246.68;7553.5;6168.23;5037.33;4113.14;3358.3;2741.37;2237.06;1824.78;1487.91;1212.31;986.864;802.418;651.567;528.491;428.625;348.776
3;10834579762250;20;frequency;99999.99999990905;122862.535599424;150952.0265389597;185463.4873444638;227865.1431623047;279960.8926363817;343967.05137965;422606.6409511731;519225.2346839865;637933.2888043621;783781.0140572543;962973.2274171232;1183133.324347452;1453627.601814205;1785963.729760951;2194280.323268956;2695948.443325946;3312310.615921419;4069588.809647371;4999999.999999929
3;10834579762250;20;phasez;-1.52576;-1.5225;-1.51844;-1.51337;-1.50711;-1.49928;-1.48955;-1.47749;-1.46253;-1.44402;-1.42111;-1.39273;-1.35755;-1.31386;-1.25945;-1.19142;-1.10585;-0.997523;-0.859157;-0.681127
