0;8338439603406;20;absz;1.36777e+08;9.98213e+07;7.27253e+07;5.29654e+07;3.85767e+07;2.80886e+07;2.04294e+07;1.48615e+07;1.08087e+07;7.85936e+06;5.71337e+06;4.15296e+06;3.01824e+06;2.19332e+06;1.59358e+06;1.15767e+06;840912;610714;443460;321952
0;8338439603406;20;frequency;9.999999974752427;13.86918846435492;19.23543905490988;26.67799336109056;37.00021196095804;51.31629158938722;71.17153245417285;98.70914048804025;136.9015682683994;189.8713664161278;263.3361782500288;365.2259113806622;506.5387032487934;702.5280792305466;974.3494403835484;1351.343611730726;1874.203936580443;2599.368780806799;3605.113577052066;4999.99999995282
0;8338439603406;20;phasez;-1.51219;-1.51426;-1.51743;-1.5199;-1.52219;-1.52427;-1.52563;-1.52702;-1.52811;-1.52902;-1.52975;-1.53022;-1.53049;-1.53045;-1.53009;-1.52926;-1.52779;-1.52549;-1.52201;-1.51688
1;8339210771887;50;absz;7.40648e+06;6.34739e+06;5.42851e+06;4.64174e+06;3.97233e+06;3.39817e+06;2.90805e+06;2.48951e+06;2.12994e+06;1.82223e+06;1.55913e+06;1.33421e+06;1.1414e+06;976375;835210;714534;611216;522789;447199;382482;327153;279794;239289;204646;175013;149667;127986;109445;93589.2;80029.1;68432.3;58514.3;50034;42781;36578.5;31274.7;26738.3;22858.5;19540;16701.6;14273.5;12196;10418.5;8896.94;7594.4;6478.73;5522.66;4702.49;3998.24;3392.57
1;8339210771887;50;frequency;199.9999999213742;234.625769479635;275.2462588517801;322.8993264769997;378.802514688914;444.3841576318164;521.3198749487447;611.5753842550475;717.456725922716;841.6691823498468;987.3863981368913;1158.33146786315;1358.872060208682;1594.132014446359;1870.122253535556;2193.894364737048;2573.720768452858;3019.306079821149;3542.035062906734;4155.263512473084;4874.659497176026;5718.603679767398;6708.658946337209;7870.121340545211;9232.666380967203;10831.10727442716;12706.28439819177;14906.10877695531;17486.78621595445;20514.25336674129;24065.86241733066;28232.35745111674;33120.19296963342;38854.25382030405;45581.04601983359;53472.44000269313;62730.06193403319;73590.44528463698;86331.07429211862;101277.4737211686;118811.5260634959;139381.228686517;163512.140226203;191820.8086789974;225030.524286467;263989.7996954232;309694.0495706946;363311.0235703185;426210.642505751;499999.9999999716
1;8339210771887;50;phasez;-1.53199;-1.53038;-1.53109;-1.5322;-1.53149;-1.53163;-1.5326;-1.53328;-1.53361;-1.53384;-1.53409;-1.53424;-1.53452;-1.53484;-1.53519;-1.5354;-1.53556;-1.53575;-1.536;-1.5361;-1.53624;-1.53631;-1.53634;-1.53631;-1.5362;-1.536;-1.53574;-1.53535;-1.53485;-1.53423;-1.53344;-1.53249;-1.53135;-1.52999;-1.52837;-1.52646;-1.52419;-1.5215;-1.51832;-1.51456;-1.5101;-1.50483;-1.49859;-1.4912;-1.48245;-1.47207;-1.45973;-1.44504;-1.42748;-1.40638
2;8339979820234;50;absz;82449.3;73815.8;66080.7;59149.5;52955.5;47411.6;42445.2;37996.5;34014.8;30449.9;27257.9;24400.4;21842.3;19552.4;17500.5;15666.1;14024.2;12553.9;11237.1;10058.5;9003.4;8058.62;7212.88;6455.8;5778.1;5171.39;4628.37;4142.23;3706.87;3317.2;2968.26;2655.87;2376.23;2125.82;1901.58;1700.75;1520.91;1359.83;1215.56;1086.33;970.569;866.886;774.036;690.885;616.53;550.091;490.824;438.16;391.585;350.791
2;8339979820234;50;frequency;20000.00000002444;22385.53853899816;25055.61678390222;28044.17375656954;31389.19662092121;35133.2035329932;39323.78408414649;44014.2042055669;49264.08322518227;55140.1516811012;61717.09952482729;69078.52549602467;77317.99973512921;86540.25314108083;96862.50859274992;108415.9709538568;121347.4948009008;135821.4510731415;152021.8163702936;170154.5114554648;190450.0186878266;213166.3116533389;238592.1342356312;267050.6708003728;298903.6541519141;334555.9634717432;374460.7706856584;419125.3006744233;469117.2785435782;525072.1459047724;587701.13789258;657800.3235824071;736260.7247225839;824079.6413975459;922373.3285811875;1032391.184709951;1155531.632626961;1293359.894754076;1447627.888434013;1620296.494325686;1813560.480908265;2029876.401899315;2271993.821195295;2542990.262224833;2846310.325953354;3185809.474764127;3565803.038745301;3991121.067296888;4467169.723268114;4999999.999999929
2;8339979820234;50;phasez;-1.5377;-1.53775;-1.5372;-1.53708;-1.53652;-1.5362;-1.53572;-1.53503;-1.53432;-1.53358;-1.53252;-1.5315;-1.53015;-1.52874;-1.52705;-1.52513;-1.52306;-1.52063;-1.51798;-1.51494;-1.51149;-1.50766;-1.50333;-1.49852;-1.49307;-1.48697;-1.4801;-1.47243;-1.46381;-1.45413;-1.44327;-1.43109;-1.41743;-1.40207;-1.38484;-1.36545;-1.34368;-1.31917;-1.29158;-1.2605;-1.22542;-1.18583;-1.14103;-1.09024;-1.03257;-0.966972;-0.892131;-0.806578;-0.708579;-0.596158
3;8340296921196;20;absz;17040.7;13922.3;11370.1;9285.81;7584.42;6193.03;5057.52;4129.5;3371.35;2751.87;2245.5;1831.53;1493.32;1216.61;990.291;805.144;653.736;530.236;430.048;349.945
3;8340296921196;20;frequency;99999.99999990905;122862.535599424;150952.0265389597;185463.4873444638;227865.1431623047;279960.8926363817;343967.05137965;422606.6409511731;519225.2346839865;637933.2888043621;783781.0140572543;962973.2274171232;1183133.324347452;1453627.601814205;1785963.729760951;2194280.323268956;2695948.443325946;3312310.615921419;4069588.809647371;4999999.999999929
3;8340296921196;20;phasez;-1.52618;-1.52305;-1.51894;-1.51391;-1.50761;-1.49979;-1.49008;-1.47801;-1.46307;-1.44457;-1.42166;-1.3933;-1.35815;-1.31448;-1.26007;-1.19204;-1.10647;-0.998126;-0.859773;-0.681766
