0;1587231598750;20;absz;1.99078e+08;1.43819e+08;1.04027e+08;7.52031e+07;5.43827e+07;3.92952e+07;2.84156e+07;2.05328e+07;1.48409e+07;1.07253e+07;7.7519e+06;5.60276e+06;4.0494e+06;2.92669e+06;2.11526e+06;1.52878e+06;1.10492e+06;798604;577222;417230
0;1587231598750;20;frequency;9.999999974752427;13.86918846435492;19.23543905490988;26.67799336109056;37.00021196095804;51.31629158938722;71.17153245417285;98.70914048804025;136.9015682683994;189.8713664161278;263.3361782500288;365.2259113806622;506.5387032487934;702.5280792305466;974.3494403835484;1351.343611730726;1874.203936580443;2599.368780806799;3605.113577052066;4999.99999995282
0;1587231598750;20;phasez;-1.55571;-1.55586;-1.55697;-1.55719;-1.55779;-1.55851;-1.55827;-1.55844;-1.55848;-1.55826;-1.55797;-1.55759;-1.55703;-1.55621;-1.55504;-1.55338;-1.55106;-1.54783;-1.54338;-1.53724
1;1587999890170;50;absz;1.00863e+07;8.62522e+06;7.3464e+06;6.28127e+06;5.35644e+06;4.56952e+06;3.90171e+06;3.32798e+06;2.84006e+06;2.42463e+06;2.0694e+06;1.76603e+06;1.50698e+06;1.28628e+06;1.0975e+06;936533;799351;682176;582168;496884;424081;361940;308917;263664;225060;192109;163988;139990;119503;102020;87097.5;74362;63488.9;54208.2;46284.2;39518.2;33740.6;28808.5;24596.9;20999.9;17927.6;15302.8;13059.8;11142.6;9503.32;8101.08;6900.56;5872.06;4989.81;4231.81
1;1587999890170;50;frequency;199.9999999213742;234.625769479635;275.2462588517801;322.8993264769997;378.802514688914;444.3841576318164;521.3198749487447;611.5753842550475;717.456725922716;841.6691823498468;987.3863981368913;1158.33146786315;1358.872060208682;1594.132014446359;1870.122253535556;2193.894364737048;2573.720768452858;3019.306079821149;3542.035062906734;4155.263512473084;4874.659497176026;5718.603679767398;6708.658946337209;7870.121340545211;9232.666380967203;10831.10727442716;12706.28439819177;14906.10877695531;17486.78621595445;20514.25336674129;24065.86241733066;28232.35745111674;33120.19296963342;38854.25382030405;45581.04601983359;53472.44000269313;62730.06193403319;73590.44528463698;86331.07429211862;101277.4737211686;118811.5260634959;139381.228686517;163512.140226203;191820.8086789974;225030.524286467;263989.7996954232;309694.0495706946;363311.0235703185;426210.642505751;499999.9999999716
1;1587999890170;50;phasez;-1.56155;-1.55672;-1.56058;-1.55936;-1.55934;-1.55909;-1.55882;-1.5591;-1.55892;-1.55886;-1.55898;-1.55868;-1.55881;-1.55864;-1.55833;-1.55828;-1.55796;-1.55767;-1.55743;-1.5571;-1.55672;-1.55629;-1.55578;-1.55527;-1.55463;-1.55392;-1.55313;-1.55223;-1.55123;-1.55012;-1.54884;-1.54738;-1.54575;-1.54388;-1.54175;-1.53933;-1.53652;-1.53329;-1.52957;-1.52526;-1.52025;-1.51441;-1.50759;-1.49962;-1.49028;-1.47931;-1.46638;-1.4511;-1.43295;-1.41124
2;1588767342756;50;absz;105144;94010.8;84101.5;75187.2;67260;60151.9;53790.1;48103.8;43023.1;38478.3;34409.1;30772.9;27521.8;24616.3;22016.6;19694;17614.4;15756.7;14094.6;12607.6;11277.9;10088.6;9025.01;8073.32;7222.27;6460.89;5779.85;5170.54;4625.61;4137.92;3701.58;3311.24;2962;2649.43;2369.74;2119.39;1895.38;1694.85;1515.34;1354.69;1210.88;1082.19;967.025;863.985;772.001;689.887;616.787;551.978;494.854;445.049
2;1588767342756;50;frequency;20000.00000002444;22385.53853899816;25055.61678390222;28044.17375656954;31389.19662092121;35133.2035329932;39323.78408414649;44014.2042055669;49264.08322518227;55140.1516811012;61717.09952482729;69078.52549602467;77317.99973512921;86540.25314108083;96862.50859274992;108415.9709538568;121347.4948009008;135821.4510731415;152021.8163702936;170154.5114554648;190450.0186878266;213166.3116533389;238592.1342356312;267050.6708003728;298903.6541519141;334555.9634717432;374460.7706856584;419125.3006744233;469117.2785435782;525072.1459047724;587701.13789258;657800.3235824071;736260.7247225839;824079.6413975459;922373.3285811875;1032391.184709951;1155531.632626961;1293359.894754076;1447627.888434013;1620296.494325686;1813560.480908265;2029876.401899315;2271993.821195295;2542990.262224833;2846310.325953354;3185809.474764127;3565803.038745301;3991121.067296888;4467169.723268114;4999999.999999929
2;1588767342756;50;phasez;-1.55363;-1.55354;-1.55251;-1.5521;-1.55137;-1.55069;-1.54971;-1.54837;-1.54746;-1.54627;-1.54499;-1.5435;-1.54189;-1.54001;-1.53795;-1.53564;-1.53308;-1.53035;-1.52727;-1.52379;-1.51996;-1.5157;-1.51096;-1.50575;-1.49987;-1.49332;-1.48609;-1.47798;-1.46893;-1.45883;-1.44754;-1.43492;-1.42082;-1.40503;-1.38735;-1.36753;-1.34531;-1.32035;-1.29234;-1.26082;-1.22533;-1.18532;-1.14015;-1.089;-1.03096;-0.965097;-0.890035;-0.804346;-0.706321;-0.594038
3;1589084510021;20;absz;21434.8;17485.7;14265.4;11635.6;9491.9;7744.43;6317.7;5154.52;4205.25;3430.78;2798.74;2282.45;1860.74;1516.62;1235.32;1005.59;818.03;665.382;541.973;443.949
3;1589084510021;20;frequency;99999.99999990905;122862.535599424;150952.0265389597;185463.4873444638;227865.1431623047;279960.8926363817;343967.05137965;422606.6409511731;519225.2346839865;637933.2888043621;783781.0140572543;962973.2274171232;1183133.324347452;1453627.601814205;1785963.729760951;2194280.323268956;2695948.443325946;3312310.615921419;4069588.809647371;4999999.999999929
3;1589084510021;20;phasez;-1.53693;-1.53306;-1.52826;-1.52251;-1.51541;-1.50683;-1.49635;-1.48351;-1.4678;-1.44851;-1.42483;-1.39567;-1.35971;-1.31523;-1.26005;-1.19128;-1.10503;-0.996173;-0.857515;-0.679615
