0;1358488673294;20;absz;2.04119e+08;1.4766e+08;1.06645e+08;7.70697e+07;5.56967e+07;4.02746e+07;2.90833e+07;2.10221e+07;1.5195e+07;1.09828e+07;7.93982e+06;5.74011e+06;4.14997e+06;3.00038e+06;2.1692e+06;1.56831e+06;1.13387e+06;819799;592755;428603
0;1358488673294;20;frequency;9.999999974752427;13.86918846435492;19.23543905490988;26.67799336109056;37.00021196095804;51.31629158938722;71.17153245417285;98.70914048804025;136.9015682683994;189.8713664161278;263.3361782500288;365.2259113806622;506.5387032487934;702.5280792305466;974.3494403835484;1351.343611730726;1874.203936580443;2599.368780806799;3605.113577052066;4999.99999995282
0;1358488673294;20;phasez;-1.56008;-1.55922;-1.55958;-1.55931;-1.55941;-1.55968;-1.55894;-1.55858;-1.55825;-1.55772;-1.55721;-1.55654;-1.55581;-1.55485;-1.55361;-1.55189;-1.54953;-1.54625;-1.54175;-1.53557
1;1359259807640;50;absz;1.03496e+07;8.82436e+06;7.53243e+06;6.43413e+06;5.49293e+06;4.6864e+06;4.00033e+06;3.41367e+06;2.91314e+06;2.48614e+06;2.12158e+06;1.81109e+06;1.5458e+06;1.31958e+06;1.12615e+06;961192;820465;700358;597807;510295;435606;371840;317424;270988;231338;197502;168617;143967;122924;104960;89622.4;76530;65353;55809.6;47661.3;40703.1;34761.3;29686.5;25351.7;21649.2;18486.3;15783.2;13473;11497.7;9808.61;8363.1;7125.51;6064.85;5154.8;4372.72
1;1359259807640;50;frequency;199.9999999213742;234.625769479635;275.2462588517801;322.8993264769997;378.802514688914;444.3841576318164;521.3198749487447;611.5753842550475;717.456725922716;841.6691823498468;987.3863981368913;1158.33146786315;1358.872060208682;1594.132014446359;1870.122253535556;2193.894364737048;2573.720768452858;3019.306079821149;3542.035062906734;4155.263512473084;4874.659497176026;5718.603679767398;6708.658946337209;7870.121340545211;9232.666380967203;10831.10727442716;12706.28439819177;14906.10877695531;17486.78621595445;20514.25336674129;24065.86241733066;28232.35745111674;33120.19296963342;38854.25382030405;45581.04601983359;53472.44000269313;62730.06193403319;73590.44528463698;86331.07429211862;101277.4737211686;118811.5260634959;139381.228686517;163512.140226203;191820.8086789974;225030.524286467;263989.7996954232;309694.0495706946;363311.0235703185;426210.642505751;499999.9999999716
1;1359259807640;50;phasez;-1.55927;-1.55943;-1.55798;-1.5578;-1.55964;-1.55858;-1.55797;-1.55735;-1.55781;-1.5581;-1.55763;-1.5573;-1.55742;-1.557;-1.5569;-1.55661;-1.55635;-1.55613;-1.55577;-1.55546;-1.55507;-1.55459;-1.55413;-1.55359;-1.55291;-1.55219;-1.5514;-1.55048;-1.54946;-1.54831;-1.54699;-1.54551;-1.54384;-1.54194;-1.53978;-1.53731;-1.53449;-1.53123;-1.52748;-1.52315;-1.51811;-1.51227;-1.50545;-1.49749;-1.48816;-1.47721;-1.46431;-1.44907;-1.43095;-1.4093
2;1360028239243;50;absz;108207;96747.6;86558.9;77407.2;69221.7;61915.3;55383.5;49538.3;44297.5;39635.2;35449.5;31705.6;28362.3;25372.2;22697.9;20304;18164.2;16250.4;14538.2;13007.2;11637.1;10411.7;9315.65;8334.83;7457.17;6672.07;5969.64;5341.35;4779.04;4275.99;3825.72;3422.69;3062.13;2739.37;2450.49;2191.97;1960.51;1753.33;1567.89;1401.89;1253.27;1120.25;1001.22;894.737;799.663;714.823;639.278;572.328;513.33;461.927
2;1360028239243;50;frequency;20000.00000002444;22385.53853899816;25055.61678390222;28044.17375656954;31389.19662092121;35133.2035329932;39323.78408414649;44014.2042055669;49264.08322518227;55140.1516811012;61717.09952482729;69078.52549602467;77317.99973512921;86540.25314108083;96862.50859274992;108415.9709538568;121347.4948009008;135821.4510731415;152021.8163702936;170154.5114554648;190450.0186878266;213166.3116533389;238592.1342356312;267050.6708003728;298903.6541519141;334555.9634717432;374460.7706856584;419125.3006744233;469117.2785435782;525072.1459047724;587701.13789258;657800.3235824071;736260.7247225839;824079.6413975459;922373.3285811875;1032391.184709951;1155531.632626961;1293359.894754076;1447627.888434013;1620296.494325686;1813560.480908265;2029876.401899315;2271993.821195295;2542990.262224833;2846310.325953354;3185809.474764127;3565803.038745301;3991121.067296888;4467169.723268114;4999999.999999929
2;1360028239243;50;phasez;-1.55199;-1.55133;-1.55077;-1.55003;-1.54917;-1.54855;-1.54763;-1.54662;-1.5456;-1.54425;-1.54291;-1.5414;-1.53978;-1.5379;-1.53586;-1.53351;-1.53102;-1.52825;-1.5251;-1.52168;-1.51784;-1.51357;-1.50889;-1.50364;-1.4978;-1.49131;-1.48408;-1.476;-1.46698;-1.45692;-1.44567;-1.43309;-1.41904;-1.40328;-1.38565;-1.36587;-1.34369;-1.31879;-1.29082;-1.25935;-1.22391;-1.18394;-1.13881;-1.08774;-1.02972;-0.963924;-0.888928;-0.803319;-0.705391;-0.593234
3;1360344328620;20;absz;22098.4;18031.6;14717.1;12007.3;9797.3;7996.19;6525.24;5325.39;4345.84;3546.34;2893.74;2360.5;1924.88;1569.25;1278.61;1041.14;847.277;689.518;562.029;460.808
3;1360344328620;20;frequency;99999.99999990905;122862.535599424;150952.0265389597;185463.4873444638;227865.1431623047;279960.8926363817;343967.05137965;422606.6409511731;519225.2346839865;637933.2888043621;783781.0140572543;962973.2274171232;1183133.324347452;1453627.601814205;1785963.729760951;2194280.323268956;2695948.443325946;3312310.615921419;4069588.809647371;4999999.999999929
3;1360344328620;20;phasez;-1.53483;-1.53096;-1.52616;-1.52036;-1.51328;-1.50477;-1.49436;-1.48155;-1.46591;-1.44671;-1.42307;-1.394;-1.35812;-1.31372;-1.25861;-1.18993;-1.10375;-0.99501;-0.856489;-0.678784
