0;8843394228310;20;absz;1.36514e+08;9.95529e+07;7.25659e+07;5.2852e+07;3.84785e+07;2.80043e+07;2.03827e+07;1.48316e+07;1.07864e+07;7.84353e+06;5.70245e+06;4.14528e+06;3.01274e+06;2.18937e+06;1.59069e+06;1.15563e+06;839416;609626;442679;321389
0;8843394228310;20;frequency;9.999999974752427;13.86918846435492;19.23543905490988;26.67799336109056;37.00021196095804;51.31629158938722;71.17153245417285;98.70914048804025;136.9015682683994;189.8713664161278;263.3361782500288;365.2259113806622;506.5387032487934;702.5280792305466;974.3494403835484;1351.343611730726;1874.203936580443;2599.368780806799;3605.113577052066;4999.99999995282
0;8843394228310;20;phasez;-1.51112;-1.51438;-1.51741;-1.51987;-1.52188;-1.5242;-1.52538;-1.52672;-1.52785;-1.52878;-1.52952;-1.53004;-1.53034;-1.53035;-1.53;-1.52914;-1.52769;-1.52536;-1.52186;-1.51671
1;8844162559378;50;absz;7.39117e+06;6.33611e+06;5.40942e+06;4.6312e+06;3.96837e+06;3.39472e+06;2.90416e+06;2.48455e+06;2.12593e+06;1.81957e+06;1.55651e+06;1.33171e+06;1.13921e+06;974576;833716;713202;610134;521854;446389;381822;326580;279316;238886;204304;174720;149421;127779;109270;93440.5;79901.1;68325.6;58424.9;49958.2;42717.7;36525.5;31230.2;26701.3;22828.1;19515.6;16681.4;14257;12182.6;10407.5;8888.05;7586.96;6472.61;5517.59;4698.36;3994.83;3389.76
1;8844162559378;50;frequency;199.9999999213742;234.625769479635;275.2462588517801;322.8993264769997;378.802514688914;444.3841576318164;521.3198749487447;611.5753842550475;717.456725922716;841.6691823498468;987.3863981368913;1158.33146786315;1358.872060208682;1594.132014446359;1870.122253535556;2193.894364737048;2573.720768452858;3019.306079821149;3542.035062906734;4155.263512473084;4874.659497176026;5718.603679767398;6708.658946337209;7870.121340545211;9232.666380967203;10831.10727442716;12706.28439819177;14906.10877695531;17486.78621595445;20514.25336674129;24065.86241733066;28232.35745111674;33120.19296963342;38854.25382030405;45581.04601983359;53472.44000269313;62730.06193403319;73590.44528463698;86331.07429211862;101277.4737211686;118811.5260634959;139381.228686517;163512.140226203;191820.8086789974;225030.524286467;263989.7996954232;309694.0495706946;363311.0235703185;426210.642505751;499999.9999999716
1;8844162559378;50;phasez;-1.53012;-1.53248;-1.53034;-1.53105;-1.53106;-1.53153;-1.532;-1.53274;-1.53312;-1.53375;-1.53403;-1.53424;-1.53444;-1.53482;-1.53506;-1.53526;-1.53549;-1.53566;-1.53586;-1.53601;-1.53608;-1.53616;-1.53617;-1.53611;-1.536;-1.53579;-1.53551;-1.53512;-1.53461;-1.53396;-1.53319;-1.53222;-1.53106;-1.52968;-1.52804;-1.52611;-1.52382;-1.52112;-1.51792;-1.51415;-1.5097;-1.50444;-1.49822;-1.49084;-1.4821;-1.47173;-1.45942;-1.44474;-1.4272;-1.40611
2;8844933012756;50;absz;82297.6;73672.6;65957.7;59063.6;52864.8;47335.5;42378.8;37942.6;33964.4;30404.1;27220.1;24364;21811.7;19526.5;17478.6;15647.4;14007.9;12538.9;11223.6;10047.3;8993.71;8050.15;7205.53;6449.44;5772.72;5166.86;4624.28;4138.54;3703.61;3314.4;2965.84;2653.74;2374.34;2124.15;1900.13;1699.48;1519.78;1358.86;1214.68;1085.57;969.899;866.308;773.516;690.434;616.136;549.733;490.504;437.873;391.341;350.57
2;8844933012756;50;frequency;20000.00000002444;22385.53853899816;25055.61678390222;28044.17375656954;31389.19662092121;35133.2035329932;39323.78408414649;44014.2042055669;49264.08322518227;55140.1516811012;61717.09952482729;69078.52549602467;77317.99973512921;86540.25314108083;96862.50859274992;108415.9709538568;121347.4948009008;135821.4510731415;152021.8163702936;170154.5114554648;190450.0186878266;213166.3116533389;238592.1342356312;267050.6708003728;298903.6541519141;334555.9634717432;374460.7706856584;419125.3006744233;469117.2785435782;525072.1459047724;587701.13789258;657800.3235824071;736260.7247225839;824079.6413975459;922373.3285811875;1032391.184709951;1155531.632626961;1293359.894754076;1447627.888434013;1620296.494325686;1813560.480908265;2029876.401899315;2271993.821195295;2542990.262224833;2846310.325953354;3185809.474764127;3565803.038745301;3991121.067296888;4467169.723268114;4999999.999999929
2;8844933012756;50;phasez;-1.53753;-1.53754;-1.53723;-1.53673;-1.5363;-1.53594;-1.53544;-1.53493;-1.53409;-1.53323;-1.5323;-1.53112;-1.52976;-1.52827;-1.52666;-1.52478;-1.52265;-1.52024;-1.51757;-1.51452;-1.51112;-1.50732;-1.50301;-1.49817;-1.49275;-1.48666;-1.47981;-1.47213;-1.46353;-1.45385;-1.44301;-1.43084;-1.41717;-1.40183;-1.3846;-1.36524;-1.34346;-1.31896;-1.29137;-1.26029;-1.22523;-1.18563;-1.14083;-1.09005;-1.03238;-0.966792;-0.891945;-0.806397;-0.708391;-0.595962
3;8845250033078;20;absz;17017.7;13904.2;11355.6;9275.1;7576.36;6186.9;5052.6;4125.58;3368.31;2749.57;2243.63;1830.04;1492.17;1215.7;989.586;804.587;653.301;529.88;429.749;349.705
3;8845250033078;20;frequency;99999.99999990905;122862.535599424;150952.0265389597;185463.4873444638;227865.1431623047;279960.8926363817;343967.05137965;422606.6409511731;519225.2346839865;637933.2888043621;783781.0140572543;962973.2274171232;1183133.324347452;1453627.601814205;1785963.729760951;2194280.323268956;2695948.443325946;3312310.615921419;4069588.809647371;4999999.999999929
3;8845250033078;20;phasez;-1.52577;-1.52263;-1.5186;-1.51355;-1.50731;-1.49949;-1.48974;-1.4777;-1.46279;-1.44431;-1.42142;-1.39307;-1.35793;-1.31426;-1.25987;-1.19185;-1.10627;-0.997948;-0.859589;-0.68156
