0;3129888523442;20;absz;1.69304e+08;1.22792e+08;8.90629e+07;6.45863e+07;4.68391e+07;3.39463e+07;2.4615e+07;1.78421e+07;1.29302e+07;9.36756e+06;6.78569e+06;4.91443e+06;3.55874e+06;2.57673e+06;1.86556e+06;1.35063e+06;977796;707878;512451;370969
0;3129888523442;20;frequency;9.999999974752427;13.86918846435492;19.23543905490988;26.67799336109056;37.00021196095804;51.31629158938722;71.17153245417285;98.70914048804025;136.9015682683994;189.8713664161278;263.3361782500288;365.2259113806622;506.5387032487934;702.5280792305466;974.3494403835484;1351.343611730726;1874.203936580443;2599.368780806799;3605.113577052066;4999.99999995282
0;3129888523442;20;phasez;-1.54005;-1.5414;-1.54229;-1.54265;-1.54352;-1.54429;-1.54478;-1.54565;-1.54644;-1.54691;-1.54737;-1.54763;-1.54761;-1.54726;-1.5465;-1.54522;-1.54325;-1.5404;-1.53637;-1.53073
1;3130659063995;50;absz;8.82895e+06;7.52184e+06;6.44043e+06;5.50089e+06;4.69888e+06;4.01161e+06;3.42834e+06;2.92992e+06;2.50148e+06;2.1375e+06;1.82517e+06;1.55825e+06;1.33133e+06;1.13718e+06;971215;829479;708450;605069;516791;441410;377008;322010;275032;234899;200623;171346;146344;124991;106750;91170.7;77866.2;66501.8;56793.5;48503.7;41422.8;35374.1;30207.6;25793.4;22022.7;18801.2;16048.9;13696.7;11686.3;9967.53;8497.96;7240.58;6164.51;5242.77;4452.16;3773.18
1;3130659063995;50;frequency;199.9999999213742;234.625769479635;275.2462588517801;322.8993264769997;378.802514688914;444.3841576318164;521.3198749487447;611.5753842550475;717.456725922716;841.6691823498468;987.3863981368913;1158.33146786315;1358.872060208682;1594.132014446359;1870.122253535556;2193.894364737048;2573.720768452858;3019.306079821149;3542.035062906734;4155.263512473084;4874.659497176026;5718.603679767398;6708.658946337209;7870.121340545211;9232.666380967203;10831.10727442716;12706.28439819177;14906.10877695531;17486.78621595445;20514.25336674129;24065.86241733066;28232.35745111674;33120.19296963342;38854.25382030405;45581.04601983359;53472.44000269313;62730.06193403319;73590.44528463698;86331.07429211862;101277.4737211686;118811.5260634959;139381.228686517;163512.140226203;191820.8086789974;225030.524286467;263989.7996954232;309694.0495706946;363311.0235703185;426210.642505751;499999.9999999716
1;3130659063995;50;phasez;-1.54935;-1.5475;-1.54795;-1.54937;-1.54864;-1.54997;-1.54894;-1.54946;-1.54997;-1.55012;-1.55069;-1.55066;-1.55071;-1.55042;-1.55063;-1.55064;-1.55048;-1.55044;-1.55039;-1.5503;-1.55015;-1.54998;-1.54979;-1.54956;-1.54925;-1.54889;-1.54846;-1.54792;-1.54731;-1.54656;-1.54568;-1.54466;-1.54345;-1.54202;-1.54035;-1.53839;-1.53609;-1.53337;-1.53018;-1.5264;-1.52194;-1.51667;-1.51043;-1.50304;-1.49428;-1.48389;-1.47154;-1.45682;-1.43923;-1.41807
2;3131430248581;50;absz;93941.2;84060;75194.6;67260.5;60166;53809.4;48131;43052.2;38501.8;34442.6;30806.3;27551.6;24643.9;22043.2;19713.6;17631.5;15769.9;14104.7;12614.1;11281.3;10089.7;9022.84;8069.05;7215.87;6452.8;5770.25;5159.87;4613.87;4125.27;3688.49;3297.63;2948.07;2635.36;2355.72;2105.44;1881.61;1681.4;1502.26;1341.97;1198.54;1070.23;955.421;852.739;760.903;678.897;605.723;540.545;482.712;431.692;387.103
2;3131430248581;50;frequency;20000.00000002444;22385.53853899816;25055.61678390222;28044.17375656954;31389.19662092121;35133.2035329932;39323.78408414649;44014.2042055669;49264.08322518227;55140.1516811012;61717.09952482729;69078.52549602467;77317.99973512921;86540.25314108083;96862.50859274992;108415.9709538568;121347.4948009008;135821.4510731415;152021.8163702936;170154.5114554648;190450.0186878266;213166.3116533389;238592.1342356312;267050.6708003728;298903.6541519141;334555.9634717432;374460.7706856584;419125.3006744233;469117.2785435782;525072.1459047724;587701.13789258;657800.3235824071;736260.7247225839;824079.6413975459;922373.3285811875;1032391.184709951;1155531.632626961;1293359.894754076;1447627.888434013;1620296.494325686;1813560.480908265;2029876.401899315;2271993.821195295;2542990.262224833;2846310.325953354;3185809.474764127;3565803.038745301;3991121.067296888;4467169.723268114;4999999.999999929
2;3131430248581;50;phasez;-1.55036;-1.55004;-1.54976;-1.54924;-1.54897;-1.54832;-1.54777;-1.54716;-1.54626;-1.54547;-1.54443;-1.54329;-1.54202;-1.54049;-1.53896;-1.53704;-1.53487;-1.53249;-1.52973;-1.52678;-1.5233;-1.5195;-1.51518;-1.51029;-1.50487;-1.49875;-1.49186;-1.48416;-1.4755;-1.46576;-1.45485;-1.44258;-1.42882;-1.41336;-1.39599;-1.37647;-1.35455;-1.32987;-1.30212;-1.27085;-1.23561;-1.19582;-1.15084;-1.0999;-1.04207;-0.976362;-0.901436;-0.815864;-0.717911;-0.605627
3;3131747038943;20;absz;19193.8;15656.5;12767.6;10409.4;8488.59;6921.34;5642.5;4599.96;3749.1;3055.52;2489.41;2027.53;1650.7;1343.18;1092.1;887.166;719.955;583.892;473.825;386.165
3;3131747038943;20;frequency;99999.99999990905;122862.535599424;150952.0265389597;185463.4873444638;227865.1431623047;279960.8926363817;343967.05137965;422606.6409511731;519225.2346839865;637933.2888043621;783781.0140572543;962973.2274171232;1183133.324347452;1453627.601814205;1785963.729760951;2194280.323268956;2695948.443325946;3312310.615921419;4069588.809647371;4999999.999999929
3;3131747038943;20;phasez;-1.53801;-1.53485;-1.53078;-1.52578;-1.51947;-1.51163;-1.50189;-1.48971;-1.4747;-1.45609;-1.43301;-1.40443;-1.36899;-1.32502;-1.27029;-1.20193;-1.11604;-1.00749;-0.869059;-0.691242
