0;8370324416;20;absz;3.21306e+08;2.31527e+08;1.67358e+08;1.20604e+08;8.71431e+07;6.28059e+07;4.53508e+07;3.27334e+07;2.36313e+07;1.70481e+07;1.23049e+07;8.88143e+06;6.4076e+06;4.62555e+06;3.33793e+06;2.40887e+06;1.73863e+06;1.25443e+06;905313;653411
0;8370324416;20;frequency;9.999999974752427;13.86918846435492;19.23543905490988;26.67799336109056;37.00021196095804;51.31629158938722;71.17153245417285;98.70914048804025;136.9015682683994;189.8713664161278;263.3361782500288;365.2259113806622;506.5387032487934;702.5280792305466;974.3494403835484;1351.343611730726;1874.203936580443;2599.368780806799;3605.113577052066;4999.99999995282
0;8370324416;20;phasez;-1.56834;-1.56697;-1.56702;-1.56654;-1.5664;-1.56502;-1.56607;-1.56597;-1.56598;-1.5657;-1.5654;-1.56495;-1.56437;-1.56357;-1.56249;-1.56098;-1.55889;-1.55597;-1.5519;-1.54621
1;9138472297;50;absz;1.61183e+07;1.37112e+07;1.16766e+07;9.95268e+06;8.49235e+06;7.22223e+06;6.1857e+06;5.27176e+06;4.49168e+06;3.83021e+06;3.26511e+06;2.78543e+06;2.3743e+06;2.02482e+06;1.72721e+06;1.47236e+06;1.25564e+06;1.07095e+06;913126;778772;664136;566227;483002;411847;351174;299549;255408;217830;185786;158407;135132;115247;98272.1;83834;71489.2;60966.8;52004.8;44339.9;37816.1;32247.3;27487.8;23438.6;19975.5;17017.9;14497.6;12338.8;10495.4;8919.24;7565.94;6408.27
1;9138472297;50;frequency;199.9999999213742;234.625769479635;275.2462588517801;322.8993264769997;378.802514688914;444.3841576318164;521.3198749487447;611.5753842550475;717.456725922716;841.6691823498468;987.3863981368913;1158.33146786315;1358.872060208682;1594.132014446359;1870.122253535556;2193.894364737048;2573.720768452858;3019.306079821149;3542.035062906734;4155.263512473084;4874.659497176026;5718.603679767398;6708.658946337209;7870.121340545211;9232.666380967203;10831.10727442716;12706.28439819177;14906.10877695531;17486.78621595445;20514.25336674129;24065.86241733066;28232.35745111674;33120.19296963342;38854.25382030405;45581.04601983359;53472.44000269313;62730.06193403319;73590.44528463698;86331.07429211862;101277.4737211686;118811.5260634959;139381.228686517;163512.140226203;191820.8086789974;225030.524286467;263989.7996954232;309694.0495706946;363311.0235703185;426210.642505751;499999.9999999716
1;9138472297;50;phasez;-1.56315;-1.5638;-1.56534;-1.56593;-1.56564;-1.56491;-1.56691;-1.56565;-1.56595;-1.56615;-1.56621;-1.56629;-1.56615;-1.5662;-1.5661;-1.56594;-1.56581;-1.56576;-1.56562;-1.56539;-1.56517;-1.56494;-1.56458;-1.56422;-1.56381;-1.56327;-1.56273;-1.56203;-1.56124;-1.56035;-1.55925;-1.55803;-1.55664;-1.55501;-1.5531;-1.55091;-1.54836;-1.5454;-1.54193;-1.53788;-1.53314;-1.52758;-1.52105;-1.51339;-1.50435;-1.4937;-1.4811;-1.46615;-1.44835;-1.42699
2;9908299885;50;absz;163271;145995;130372;116558;104135;93083.6;83172.5;74322.7;66397.3;59357.6;53041;47387.7;42360.9;37845.9;33820.2;30224.8;27004.2;24138.4;21570.8;19273.9;17229.2;15396.1;13757.9;12297.9;10987.7;9821.35;8777.68;7842.08;7009.78;6263.95;5596.75;5002.46;4469.22;3993.48;3568.71;3187.7;2848.51;2544.82;2272.74;2030.7;1813.71;1619.85;1447.22;1292.39;1155.08;1032.81;923.894;828.222;744.083;671.09
2;9908299885;50;frequency;20000.00000002444;22385.53853899816;25055.61678390222;28044.17375656954;31389.19662092121;35133.2035329932;39323.78408414649;44014.2042055669;49264.08322518227;55140.1516811012;61717.09952482729;69078.52549602467;77317.99973512921;86540.25314108083;96862.50859274992;108415.9709538568;121347.4948009008;135821.4510731415;152021.8163702936;170154.5114554648;190450.0186878266;213166.3116533389;238592.1342356312;267050.6708003728;298903.6541519141;334555.9634717432;374460.7706856584;419125.3006744233;469117.2785435782;525072.1459047724;587701.13789258;657800.3235824071;736260.7247225839;824079.6413975459;922373.3285811875;1032391.184709951;1155531.632626961;1293359.894754076;1447627.888434013;1620296.494325686;1813560.480908265;2029876.401899315;2271993.821195295;2542990.262224833;2846310.325953354;3185809.474764127;3565803.038745301;3991121.067296888;4467169.723268114;4999999.999999929
2;9908299885;50;phasez;-1.5635;-1.56319;-1.56305;-1.56244;-1.56213;-1.56114;-1.56051;-1.55965;-1.55862;-1.55765;-1.55662;-1.55541;-1.55393;-1.55213;-1.55032;-1.54828;-1.54589;-1.54337;-1.54054;-1.53719;-1.53358;-1.52958;-1.52509;-1.52;-1.51441;-1.50808;-1.50105;-1.49316;-1.48435;-1.47448;-1.46345;-1.45107;-1.43723;-1.42166;-1.40424;-1.38469;-1.36273;-1.33806;-1.31033;-1.27911;-1.24395;-1.2043;-1.1595;-1.1088;-1.05122;-0.985928;-0.911555;-0.826676;-0.729681;-0.61867
3;10227734516;20;absz;32931.9;26826.8;21851.3;17793.9;14494.1;11803.2;9607.07;7825.06;6369.89;5186.39;4223.15;3436.71;2797.48;2276.23;1850.9;1505.78;1224.48;996.661;813.956;669.879
3;10227734516;20;frequency;99999.99999990905;122862.535599424;150952.0265389597;185463.4873444638;227865.1431623047;279960.8926363817;343967.05137965;422606.6409511731;519225.2346839865;637933.2888043621;783781.0140572543;962973.2274171232;1183133.324347452;1453627.601814205;1785963.729760951;2194280.323268956;2695948.443325946;3312310.615921419;4069588.809647371;4999999.999999929
3;10227734516;20;phasez;-1.54938;-1.54586;-1.54157;-1.53605;-1.5294;-1.52116;-1.5111;-1.49863;-1.48338;-1.46449;-1.44119;-1.41248;-1.37694;-1.33292;-1.27826;-1.21006;-1.12444;-1.01652;-0.879114;-0.703149
