0;5883326102887;20;absz;1.42255e+08;1.0352e+08;7.538e+07;5.48617e+07;3.99063e+07;2.90183e+07;2.11075e+07;1.53447e+07;1.11541e+07;8.10704e+06;5.89151e+06;4.28089e+06;3.11018e+06;2.25924e+06;1.64091e+06;1.19162e+06;865213;628105;455902;330855
0;5883326102887;20;frequency;9.999999974752427;13.86918846435492;19.23543905490988;26.67799336109056;37.00021196095804;51.31629158938722;71.17153245417285;98.70914048804025;136.9015682683994;189.8713664161278;263.3361782500288;365.2259113806622;506.5387032487934;702.5280792305466;974.3494403835484;1351.343611730726;1874.203936580443;2599.368780806799;3605.113577052066;4999.99999995282
0;5883326102887;20;phasez;-1.52012;-1.52256;-1.5241;-1.52576;-1.52715;-1.5287;-1.52912;-1.53014;-1.53092;-1.53153;-1.53202;-1.53232;-1.5325;-1.53243;-1.53205;-1.53119;-1.52975;-1.52744;-1.52395;-1.51881
1;5884099133202;50;absz;7.65227e+06;6.53027e+06;5.59575e+06;4.78764e+06;4.09325e+06;3.50446e+06;2.99837e+06;2.56337e+06;2.19415e+06;1.87625e+06;1.60576e+06;1.37341e+06;1.17469e+06;1.00474e+06;859365;735034;628667;537627;459782;393180;336204;287492;245827;210194;179721;153661;131376;112318;96025.3;82095.2;70184.4;59999.2;51291.2;43846.8;37480.8;32038.2;27384.4;23405.8;20003.3;17093.9;14605.6;12477.4;10656.6;9098.53;7765;6623.25;5644.82;4805.83;4085.46;3466.05
1;5884099133202;50;frequency;199.9999999213742;234.625769479635;275.2462588517801;322.8993264769997;378.802514688914;444.3841576318164;521.3198749487447;611.5753842550475;717.456725922716;841.6691823498468;987.3863981368913;1158.33146786315;1358.872060208682;1594.132014446359;1870.122253535556;2193.894364737048;2573.720768452858;3019.306079821149;3542.035062906734;4155.263512473084;4874.659497176026;5718.603679767398;6708.658946337209;7870.121340545211;9232.666380967203;10831.10727442716;12706.28439819177;14906.10877695531;17486.78621595445;20514.25336674129;24065.86241733066;28232.35745111674;33120.19296963342;38854.25382030405;45581.04601983359;53472.44000269313;62730.06193403319;73590.44528463698;86331.07429211862;101277.4737211686;118811.5260634959;139381.228686517;163512.140226203;191820.8086789974;225030.524286467;263989.7996954232;309694.0495706946;363311.0235703185;426210.642505751;499999.9999999716
1;5884099133202;50;phasez;-1.53162;-1.53476;-1.53309;-1.53485;-1.53476;-1.53347;-1.53492;-1.53473;-1.53522;-1.53605;-1.5359;-1.53616;-1.53645;-1.53685;-1.53712;-1.53739;-1.53754;-1.53774;-1.53799;-1.53808;-1.53824;-1.53829;-1.53832;-1.53829;-1.5382;-1.53802;-1.53776;-1.5374;-1.53691;-1.53631;-1.53556;-1.53463;-1.53351;-1.53215;-1.53054;-1.52863;-1.52636;-1.52365;-1.52045;-1.51666;-1.51217;-1.50687;-1.5006;-1.49319;-1.48441;-1.47402;-1.46169;-1.44702;-1.42949;-1.40844
2;5884868576684;50;absz;84582.9;75734.5;67764.9;60668.1;54306.8;48609.6;43509;38947.6;34855.4;31197.3;27921.3;24991.2;22367.5;20019.2;17917.7;16036.3;14352.1;12845.3;11496.4;10289.1;9208.76;8241.2;7375.53;6600.61;5907.05;5286.22;4730.57;4233.03;3787.79;3389.1;3032.3;2712.82;2426.83;2170.76;1941.48;1736.22;1552.38;1387.8;1240.36;1108.35;990.116;884.229;789.428;704.529;628.676;560.9;500.437;446.747;399.278;357.7
2;5884868576684;50;frequency;20000.00000002444;22385.53853899816;25055.61678390222;28044.17375656954;31389.19662092121;35133.2035329932;39323.78408414649;44014.2042055669;49264.08322518227;55140.1516811012;61717.09952482729;69078.52549602467;77317.99973512921;86540.25314108083;96862.50859274992;108415.9709538568;121347.4948009008;135821.4510731415;152021.8163702936;170154.5114554648;190450.0186878266;213166.3116533389;238592.1342356312;267050.6708003728;298903.6541519141;334555.9634717432;374460.7706856584;419125.3006744233;469117.2785435782;525072.1459047724;587701.13789258;657800.3235824071;736260.7247225839;824079.6413975459;922373.3285811875;1032391.184709951;1155531.632626961;1293359.894754076;1447627.888434013;1620296.494325686;1813560.480908265;2029876.401899315;2271993.821195295;2542990.262224833;2846310.325953354;3185809.474764127;3565803.038745301;3991121.067296888;4467169.723268114;4999999.999999929
2;5884868576684;50;phasez;-1.53967;-1.53996;-1.53949;-1.53942;-1.53887;-1.53848;-1.53796;-1.53725;-1.53662;-1.53581;-1.5348;-1.53364;-1.53229;-1.53084;-1.52914;-1.52724;-1.52512;-1.52268;-1.52;-1.51691;-1.51349;-1.50963;-1.5053;-1.50046;-1.49503;-1.48892;-1.48209;-1.47443;-1.46583;-1.45621;-1.44538;-1.43324;-1.41961;-1.40431;-1.38711;-1.36779;-1.34606;-1.32161;-1.29408;-1.26304;-1.22803;-1.18848;-1.14376;-1.09307;-1.03545;-0.969944;-0.895207;-0.809775;-0.711927;-0.599692
3;5885186894024;20;absz;17443.9;14246.8;11631.5;9497.56;7755.8;6331.76;5169.56;4219.95;3444.46;2811.01;2293.15;1869.89;1524.18;1241.41;1010.23;821.158;666.619;540.606;438.443;356.824
3;5885186894024;20;frequency;99999.99999990905;122862.535599424;150952.0265389597;185463.4873444638;227865.1431623047;279960.8926363817;343967.05137965;422606.6409511731;519225.2346839865;637933.2888043621;783781.0140572543;962973.2274171232;1183133.324347452;1453627.601814205;1785963.729760951;2194280.323268956;2695948.443325946;3312310.615921419;4069588.809647371;4999999.999999929
3;5885186894024;20;phasez;-1.52834;-1.52502;-1.52101;-1.51593;-1.50958;-1.50176;-1.49205;-1.48001;-1.46514;-1.44671;-1.42388;-1.39563;-1.36057;-1.317;-1.2627;-1.19479;-1.10935;-1.00119;-0.863052;-0.685347
