0;1280367375888;20;absz;2.0597e+08;1.48809e+08;1.07588e+08;7.77494e+07;5.61897e+07;4.0621e+07;2.93547e+07;2.1218e+07;1.53364e+07;1.10876e+07;8.01693e+06;5.79625e+06;4.19108e+06;3.03052e+06;2.19123e+06;1.58443e+06;1.14565e+06;828426;599066;433243
0;1280367375888;20;frequency;9.999999974752427;13.86918846435492;19.23543905490988;26.67799336109056;37.00021196095804;51.31629158938722;71.17153245417285;98.70914048804025;136.9015682683994;189.8713664161278;263.3361782500288;365.2259113806622;506.5387032487934;702.5280792305466;974.3494403835484;1351.343611730726;1874.203936580443;2599.368780806799;3605.113577052066;4999.99999995282
0;1280367375888;20;phasez;-1.56018;-1.55933;-1.55974;-1.55901;-1.55913;-1.55814;-1.55821;-1.55792;-1.55766;-1.55713;-1.55664;-1.55596;-1.55518;-1.55426;-1.553;-1.55127;-1.54887;-1.54558;-1.54104;-1.53484
1;1281138538130;50;absz;1.04388e+07;8.88445e+06;7.6107e+06;6.48967e+06;5.54673e+06;4.7356e+06;4.03925e+06;3.44625e+06;2.94166e+06;2.51111e+06;2.14322e+06;1.82969e+06;1.56175e+06;1.33304e+06;1.13783e+06;971211;829180;707780;604210;515770;440320;375898;320909;273987;233920;199719;170529;145608;124333;106171;90668.3;77429.3;66126.7;56475.3;48235.3;41196.3;35185.7;30052;25666.8;21920.1;18718.8;15983.4;13645.2;11646.1;9935.9;8472.48;7219.29;6145.13;5223.4;4431.17
1;1281138538130;50;frequency;199.9999999213742;234.625769479635;275.2462588517801;322.8993264769997;378.802514688914;444.3841576318164;521.3198749487447;611.5753842550475;717.456725922716;841.6691823498468;987.3863981368913;1158.33146786315;1358.872060208682;1594.132014446359;1870.122253535556;2193.894364737048;2573.720768452858;3019.306079821149;3542.035062906734;4155.263512473084;4874.659497176026;5718.603679767398;6708.658946337209;7870.121340545211;9232.666380967203;10831.10727442716;12706.28439819177;14906.10877695531;17486.78621595445;20514.25336674129;24065.86241733066;28232.35745111674;33120.19296963342;38854.25382030405;45581.04601983359;53472.44000269313;62730.06193403319;73590.44528463698;86331.07429211862;101277.4737211686;118811.5260634959;139381.228686517;163512.140226203;191820.8086789974;225030.524286467;263989.7996954232;309694.0495706946;363311.0235703185;426210.642505751;499999.9999999716
1;1281138538130;50;phasez;-1.55736;-1.55805;-1.55604;-1.55697;-1.55786;-1.55841;-1.55796;-1.55678;-1.55746;-1.55683;-1.55668;-1.55697;-1.55661;-1.55644;-1.55631;-1.55606;-1.55573;-1.55539;-1.55514;-1.55474;-1.55428;-1.55389;-1.55335;-1.55276;-1.55212;-1.55137;-1.55057;-1.54965;-1.54861;-1.54744;-1.54613;-1.54466;-1.54298;-1.54107;-1.53891;-1.53645;-1.53363;-1.53039;-1.52665;-1.52233;-1.51731;-1.51148;-1.50469;-1.49675;-1.48745;-1.47654;-1.46368;-1.44848;-1.43042;-1.40881
2;1281907496354;50;absz;109462;97863.5;87555.9;78316.4;70040.8;62654.7;56039.7;50135.7;44844.3;40110.9;35880.3;32098.4;28714;25688.3;22979.3;20559.5;18393.8;16455.8;14723.9;13173.6;11787;10546.4;9436.55;8443.76;7555.15;6760.09;6048.82;5412.42;4842.87;4333.12;3877.05;3468.73;3103.4;2776.42;2483.71;2221.73;1987.21;1777.24;1589.31;1421.08;1270.44;1135.63;1015.01;907.082;810.754;724.759;648.22;580.387;520.621;468.55
2;1281907496354;50;frequency;20000.00000002444;22385.53853899816;25055.61678390222;28044.17375656954;31389.19662092121;35133.2035329932;39323.78408414649;44014.2042055669;49264.08322518227;55140.1516811012;61717.09952482729;69078.52549602467;77317.99973512921;86540.25314108083;96862.50859274992;108415.9709538568;121347.4948009008;135821.4510731415;152021.8163702936;170154.5114554648;190450.0186878266;213166.3116533389;238592.1342356312;267050.6708003728;298903.6541519141;334555.9634717432;374460.7706856584;419125.3006744233;469117.2785435782;525072.1459047724;587701.13789258;657800.3235824071;736260.7247225839;824079.6413975459;922373.3285811875;1032391.184709951;1155531.632626961;1293359.894754076;1447627.888434013;1620296.494325686;1813560.480908265;2029876.401899315;2271993.821195295;2542990.262224833;2846310.325953354;3185809.474764127;3565803.038745301;3991121.067296888;4467169.723268114;4999999.999999929
2;1281907496354;50;phasez;-1.55134;-1.55044;-1.54989;-1.54949;-1.54856;-1.54785;-1.54697;-1.54555;-1.54467;-1.54345;-1.5422;-1.54059;-1.53885;-1.53706;-1.53489;-1.53273;-1.53017;-1.52738;-1.52432;-1.5209;-1.51712;-1.51287;-1.50819;-1.50298;-1.49718;-1.49069;-1.48348;-1.47546;-1.46648;-1.45646;-1.44523;-1.43271;-1.41867;-1.40297;-1.38538;-1.36564;-1.3435;-1.31864;-1.2907;-1.25928;-1.22387;-1.18394;-1.13886;-1.08781;-1.02986;-0.964097;-0.889153;-0.803591;-0.705717;-0.593612
3;1282225130759;20;absz;22375.4;18260.5;14903.9;12161.7;9923.97;8100.71;6611.14;5395.77;4403.72;3593.8;2932.69;2392.42;1951.04;1590.65;1296.08;1055.45;858.962;699.126;569.932;467.414
3;1282225130759;20;frequency;99999.99999990905;122862.535599424;150952.0265389597;185463.4873444638;227865.1431623047;279960.8926363817;343967.05137965;422606.6409511731;519225.2346839865;637933.2888043621;783781.0140572543;962973.2274171232;1183133.324347452;1453627.601814205;1785963.729760951;2194280.323268956;2695948.443325946;3312310.615921419;4069588.809647371;4999999.999999929
3;1282225130759;20;phasez;-1.53405;-1.53013;-1.52534;-1.51962;-1.51263;-1.50415;-1.49373;-1.48101;-1.4654;-1.44627;-1.42273;-1.39372;-1.35791;-1.31359;-1.25856;-1.18996;-1.10387;-0.995199;-0.856761;-0.679162
