0;3936121291089;20;absz;1.57786e+08;1.14706e+08;8.3327e+07;6.05758e+07;4.39846e+07;3.196e+07;2.31946e+07;1.68334e+07;1.22155e+07;8.86454e+06;6.43115e+06;4.66524e+06;3.38348e+06;2.45335e+06;1.77865e+06;1.28929e+06;934446;677131;490622;355433
0;3936121291089;20;frequency;9.999999974752427;13.86918846435492;19.23543905490988;26.67799336109056;37.00021196095804;51.31629158938722;71.17153245417285;98.70914048804025;136.9015682683994;189.8713664161278;263.3361782500288;365.2259113806622;506.5387032487934;702.5280792305466;974.3494403835484;1351.343611730726;1874.203936580443;2599.368780806799;3605.113577052066;4999.99999995282
0;3936121291089;20;phasez;-1.53105;-1.53297;-1.5332;-1.53449;-1.53554;-1.53656;-1.53747;-1.53826;-1.53904;-1.53965;-1.5402;-1.54064;-1.54087;-1.54087;-1.54051;-1.53963;-1.53812;-1.53571;-1.53207;-1.52674
1;3936888324163;50;absz;8.35092e+06;7.14172e+06;6.10378e+06;5.22466e+06;4.46513e+06;3.81552e+06;3.2605e+06;2.78671e+06;2.38266e+06;2.03621e+06;1.73948e+06;1.48677e+06;1.27093e+06;1.08622e+06;928194;793131;677676;579113;494779;422767;361202;308610;263673;225270;192464;164431;140481;120020;102538;87602.9;74843.9;63944;54629.4;46673.7;39876;34067.1;29103.2;24861.3;21236.8;18138.4;15490.1;13226.1;11290.3;9634.53;8217.94;7005.57;5967.27;5077.27;4313.6;3657.4
1;3936888324163;50;frequency;199.9999999213742;234.625769479635;275.2462588517801;322.8993264769997;378.802514688914;444.3841576318164;521.3198749487447;611.5753842550475;717.456725922716;841.6691823498468;987.3863981368913;1158.33146786315;1358.872060208682;1594.132014446359;1870.122253535556;2193.894364737048;2573.720768452858;3019.306079821149;3542.035062906734;4155.263512473084;4874.659497176026;5718.603679767398;6708.658946337209;7870.121340545211;9232.666380967203;10831.10727442716;12706.28439819177;14906.10877695531;17486.78621595445;20514.25336674129;24065.86241733066;28232.35745111674;33120.19296963342;38854.25382030405;45581.04601983359;53472.44000269313;62730.06193403319;73590.44528463698;86331.07429211862;101277.4737211686;118811.5260634959;139381.228686517;163512.140226203;191820.8086789974;225030.524286467;263989.7996954232;309694.0495706946;363311.0235703185;426210.642505751;499999.9999999716
1;3936888324163;50;phasez;-1.5405;-1.54222;-1.54266;-1.54168;-1.54187;-1.54277;-1.54296;-1.54321;-1.54392;-1.54379;-1.54438;-1.54465;-1.54499;-1.54539;-1.54556;-1.54568;-1.54583;-1.54599;-1.54608;-1.54615;-1.54615;-1.54612;-1.54602;-1.54585;-1.54561;-1.54528;-1.54485;-1.54433;-1.54369;-1.54291;-1.54199;-1.5409;-1.53964;-1.53815;-1.53642;-1.5344;-1.53204;-1.52928;-1.52603;-1.52222;-1.51773;-1.51245;-1.50621;-1.49884;-1.49013;-1.4798;-1.46753;-1.45293;-1.43546;-1.41446
2;3937659243880;50;absz;90300.1;80772.5;72284.6;64672;57864.9;51775.4;46313.6;41438.6;37080.4;33177.4;29677.7;26553.2;23756.7;21255;19015.4;17013.7;15222.6;13618.9;12184.6;10900.4;9752.03;8724.52;7805.01;6981.82;6245.68;5587.05;4997.53;4470.05;3997.99;3575.72;3197.8;2859.62;2556.98;2286.14;2043.85;1826.98;1632.87;1459.14;1303.64;1164.46;1039.89;928.393;828.631;739.366;659.638;588.455;525.025;468.729;419.005;375.507
2;3937659243880;50;frequency;20000.00000002444;22385.53853899816;25055.61678390222;28044.17375656954;31389.19662092121;35133.2035329932;39323.78408414649;44014.2042055669;49264.08322518227;55140.1516811012;61717.09952482729;69078.52549602467;77317.99973512921;86540.25314108083;96862.50859274992;108415.9709538568;121347.4948009008;135821.4510731415;152021.8163702936;170154.5114554648;190450.0186878266;213166.3116533389;238592.1342356312;267050.6708003728;298903.6541519141;334555.9634717432;374460.7706856584;419125.3006744233;469117.2785435782;525072.1459047724;587701.13789258;657800.3235824071;736260.7247225839;824079.6413975459;922373.3285811875;1032391.184709951;1155531.632626961;1293359.894754076;1447627.888434013;1620296.494325686;1813560.480908265;2029876.401899315;2271993.821195295;2542990.262224833;2846310.325953354;3185809.474764127;3565803.038745301;3991121.067296888;4467169.723268114;4999999.999999929
2;3937659243880;50;phasez;-1.54721;-1.5464;-1.54598;-1.54549;-1.54515;-1.5444;-1.54412;-1.54308;-1.54246;-1.54159;-1.54044;-1.53922;-1.53787;-1.5364;-1.53469;-1.53282;-1.5307;-1.52827;-1.52556;-1.5225;-1.51914;-1.51531;-1.51104;-1.50624;-1.50085;-1.49481;-1.488;-1.48037;-1.47182;-1.46221;-1.45142;-1.4393;-1.42568;-1.41038;-1.39318;-1.37385;-1.35211;-1.32764;-1.30009;-1.26904;-1.234;-1.19444;-1.1497;-1.09901;-1.04139;-0.975925;-0.901236;-0.815879;-0.718159;-0.606087
3;3937978890420;20;absz;18514.8;15110.9;12330.2;10060.1;8209.18;6697.14;5463.33;4456.63;3634.37;2963.56;2415.68;1968.28;1603.13;1304.83;1061.14;862.065;699.555;567.22;460.068;374.63
3;3937978890420;20;frequency;99999.99999990905;122862.535599424;150952.0265389597;185463.4873444638;227865.1431623047;279960.8926363817;343967.05137965;422606.6409511731;519225.2346839865;637933.2888043621;783781.0140572543;962973.2274171232;1183133.324347452;1453627.601814205;1785963.729760951;2194280.323268956;2695948.443325946;3312310.615921419;4069588.809647371;4999999.999999929
3;3937978890420;20;phasez;-1.53384;-1.53059;-1.52658;-1.52158;-1.51529;-1.50754;-1.4979;-1.48598;-1.47115;-1.45275;-1.42994;-1.40169;-1.36661;-1.32301;-1.26867;-1.20074;-1.11529;-1.00717;-0.869171;-0.691739
