0;5065891856816;20;absz;1.46907e+08;1.06935e+08;7.78007e+07;5.65747e+07;4.11224e+07;2.99004e+07;2.1735e+07;1.57958e+07;1.14783e+07;8.34054e+06;6.059e+06;4.40122e+06;3.1963e+06;2.32081e+06;1.68478e+06;1.22285e+06;887363;643818;467064;338776
0;5065891856816;20;frequency;9.999999974752427;13.86918846435492;19.23543905490988;26.67799336109056;37.00021196095804;51.31629158938722;71.17153245417285;98.70914048804025;136.9015682683994;189.8713664161278;263.3361782500288;365.2259113806622;506.5387032487934;702.5280792305466;974.3494403835484;1351.343611730726;1874.203936580443;2599.368780806799;3605.113577052066;4999.99999995282
0;5065891856816;20;phasez;-1.52413;-1.52582;-1.52739;-1.52886;-1.52969;-1.53136;-1.53157;-1.53229;-1.53289;-1.5334;-1.53391;-1.53432;-1.53459;-1.53465;-1.53438;-1.53365;-1.53219;-1.52988;-1.52635;-1.52117
1;5066660798733;50;absz;7.8622e+06;6.7144e+06;5.747e+06;4.91826e+06;4.20819e+06;3.5999e+06;3.07985e+06;2.63492e+06;2.25309e+06;1.92632e+06;1.64795e+06;1.40974e+06;1.20527e+06;1.0309e+06;881431;753581;644394;550915;471019;402702;344271;294303;251589;215076;183852;157156;134337;114825;98147.7;83889.3;71702.1;61283.5;52377.9;44765.9;38259.4;32697.7;27942.9;23878.8;20404.2;17433.5;14893.7;12721.8;10864.1;9274.49;7914.12;6749.49;5751.67;4895.94;4161.4;3529.91
1;5066660798733;50;frequency;199.9999999213742;234.625769479635;275.2462588517801;322.8993264769997;378.802514688914;444.3841576318164;521.3198749487447;611.5753842550475;717.456725922716;841.6691823498468;987.3863981368913;1158.33146786315;1358.872060208682;1594.132014446359;1870.122253535556;2193.894364737048;2573.720768452858;3019.306079821149;3542.035062906734;4155.263512473084;4874.659497176026;5718.603679767398;6708.658946337209;7870.121340545211;9232.666380967203;10831.10727442716;12706.28439819177;14906.10877695531;17486.78621595445;20514.25336674129;24065.86241733066;28232.35745111674;33120.19296963342;38854.25382030405;45581.04601983359;53472.44000269313;62730.06193403319;73590.44528463698;86331.07429211862;101277.4737211686;118811.5260634959;139381.228686517;163512.140226203;191820.8086789974;225030.524286467;263989.7996954232;309694.0495706946;363311.0235703185;426210.642505751;499999.9999999716
1;5066660798733;50;phasez;-1.53592;-1.53471;-1.53496;-1.53663;-1.53637;-1.53626;-1.53691;-1.5367;-1.53742;-1.53815;-1.53838;-1.53853;-1.53884;-1.53939;-1.53948;-1.53975;-1.53999;-1.54016;-1.54041;-1.54047;-1.54059;-1.54062;-1.54062;-1.54057;-1.54043;-1.54024;-1.53994;-1.53955;-1.53904;-1.53839;-1.53762;-1.53666;-1.5355;-1.5341;-1.53245;-1.53049;-1.52817;-1.52542;-1.52217;-1.51834;-1.51383;-1.50851;-1.50223;-1.49482;-1.48606;-1.4757;-1.46341;-1.44878;-1.43131;-1.41031
2;5067434429888;50;absz;86436.6;77350.5;69250.7;61967.5;55467.8;49635;44417;39756.7;35577.4;31839.9;28491.2;25496.7;22816.6;20420;18274.2;16354.4;14635.9;13097;11721.1;10489.1;9386.44;8399.86;7516.75;6726.28;6018.93;5385.77;4819.01;4311.89;3857.73;3451.28;3087.48;2761.9;2470.35;2209.41;1975.78;1766.61;1579.42;1411.75;1261.63;1127.2;1006.84;899.084;802.599;716.252;639.08;570.141;508.681;454.101;405.87;363.655
2;5067434429888;50;frequency;20000.00000002444;22385.53853899816;25055.61678390222;28044.17375656954;31389.19662092121;35133.2035329932;39323.78408414649;44014.2042055669;49264.08322518227;55140.1516811012;61717.09952482729;69078.52549602467;77317.99973512921;86540.25314108083;96862.50859274992;108415.9709538568;121347.4948009008;135821.4510731415;152021.8163702936;170154.5114554648;190450.0186878266;213166.3116533389;238592.1342356312;267050.6708003728;298903.6541519141;334555.9634717432;374460.7706856584;419125.3006744233;469117.2785435782;525072.1459047724;587701.13789258;657800.3235824071;736260.7247225839;824079.6413975459;922373.3285811875;1032391.184709951;1155531.632626961;1293359.894754076;1447627.888434013;1620296.494325686;1813560.480908265;2029876.401899315;2271993.821195295;2542990.262224833;2846310.325953354;3185809.474764127;3565803.038745301;3991121.067296888;4467169.723268114;4999999.999999929
2;5067434429888;50;phasez;-1.54221;-1.54176;-1.5415;-1.54123;-1.54071;-1.54042;-1.53978;-1.53939;-1.53854;-1.53765;-1.53659;-1.53541;-1.53408;-1.53252;-1.53083;-1.52897;-1.52677;-1.52435;-1.52167;-1.51856;-1.51511;-1.51131;-1.50697;-1.50214;-1.49674;-1.49068;-1.48386;-1.47624;-1.46767;-1.45807;-1.44728;-1.43518;-1.4216;-1.40631;-1.38915;-1.36986;-1.34818;-1.32376;-1.29626;-1.26526;-1.2303;-1.1908;-1.14613;-1.09547;-1.03794;-0.972523;-0.897883;-0.812584;-0.714874;-0.602802
3;5067751478231;20;absz;17790.1;14528.6;11859.6;9682.26;7905.12;6452.31;5266.7;4298.44;3507.74;2862;2334.15;1902.83;1550.66;1262.7;1027.34;834.899;677.684;549.553;445.696;362.776
3;5067751478231;20;frequency;99999.99999990905;122862.535599424;150952.0265389597;185463.4873444638;227865.1431623047;279960.8926363817;343967.05137965;422606.6409511731;519225.2346839865;637933.2888043621;783781.0140572543;962973.2274171232;1183133.324347452;1453627.601814205;1785963.729760951;2194280.323268956;2695948.443325946;3312310.615921419;4069588.809647371;4999999.999999929
3;5067751478231;20;phasez;-1.52989;-1.52666;-1.52262;-1.51753;-1.51123;-1.50345;-1.49379;-1.48181;-1.46702;-1.44864;-1.42589;-1.3977;-1.36269;-1.31918;-1.26496;-1.19714;-1.11181;-1.0038;-0.865884;-0.688492
