0;3026690876817;20;absz;1.70961e+08;1.23976e+08;8.99129e+07;6.52082e+07;4.72536e+07;3.42391e+07;2.48243e+07;1.7987e+07;1.30322e+07;9.43967e+06;6.83625e+06;4.95004e+06;3.58402e+06;2.59478e+06;1.87849e+06;1.35988e+06;984437;712641;515870;373417
0;3026690876817;20;frequency;9.999999974752427;13.86918846435492;19.23543905490988;26.67799336109056;37.00021196095804;51.31629158938722;71.17153245417285;98.70914048804025;136.9015682683994;189.8713664161278;263.3361782500288;365.2259113806622;506.5387032487934;702.5280792305466;974.3494403835484;1351.343611730726;1874.203936580443;2599.368780806799;3605.113577052066;4999.99999995282
0;3026690876817;20;phasez;-1.54067;-1.54256;-1.54348;-1.54421;-1.54473;-1.54587;-1.54606;-1.54678;-1.54735;-1.54791;-1.54828;-1.54841;-1.5483;-1.54785;-1.54701;-1.54568;-1.54368;-1.54084;-1.53683;-1.53121
1;3027459030030;50;absz;8.88742e+06;7.59391e+06;6.48808e+06;5.53405e+06;4.73001e+06;4.04609e+06;3.45144e+06;2.94959e+06;2.51888e+06;2.15108e+06;1.83781e+06;1.5694e+06;1.34038e+06;1.14471e+06;977821;835085;713230;609187;520277;444362;379498;324120;276811;236408;201904;172435;147265;125768;107409;91729.7;78337.3;66898.2;57128.9;48787;41661.1;35575.1;30376.8;25936.1;22142.9;18902.7;16134.1;13768.2;11746.6;10018.4;8540.6;7276.81;6195.02;5268.5;4473.87;3791.53
1;3027459030030;50;frequency;199.9999999213742;234.625769479635;275.2462588517801;322.8993264769997;378.802514688914;444.3841576318164;521.3198749487447;611.5753842550475;717.456725922716;841.6691823498468;987.3863981368913;1158.33146786315;1358.872060208682;1594.132014446359;1870.122253535556;2193.894364737048;2573.720768452858;3019.306079821149;3542.035062906734;4155.263512473084;4874.659497176026;5718.603679767398;6708.658946337209;7870.121340545211;9232.666380967203;10831.10727442716;12706.28439819177;14906.10877695531;17486.78621595445;20514.25336674129;24065.86241733066;28232.35745111674;33120.19296963342;38854.25382030405;45581.04601983359;53472.44000269313;62730.06193403319;73590.44528463698;86331.07429211862;101277.4737211686;118811.5260634959;139381.228686517;163512.140226203;191820.8086789974;225030.524286467;263989.7996954232;309694.0495706946;363311.0235703185;426210.642505751;499999.9999999716
1;3027459030030;50;phasez;-1.54603;-1.55219;-1.54984;-1.54929;-1.55008;-1.55061;-1.55024;-1.55114;-1.55066;-1.55088;-1.55102;-1.55085;-1.55101;-1.55102;-1.55103;-1.55099;-1.55091;-1.55102;-1.55079;-1.55076;-1.55063;-1.5505;-1.55028;-1.55007;-1.54976;-1.5494;-1.54898;-1.54847;-1.54786;-1.54713;-1.54627;-1.54525;-1.54404;-1.54263;-1.54097;-1.53902;-1.53672;-1.53399;-1.53078;-1.52699;-1.52251;-1.5172;-1.51092;-1.50349;-1.49469;-1.48425;-1.47185;-1.45709;-1.43945;-1.41824
2;3028227378427;50;absz;94551.7;84566.8;75638.8;67663.3;60516.6;54117;48415;43304.5;38724.8;34636.7;30977.5;27705.8;24779.5;22159;19819.5;17725.7;15852.9;14177.6;12679.4;11339.8;10141;9068.56;8109.67;7252.04;6485.03;5798.86;5185.38;4636.49;4145.62;3706.44;3313.72;2962.49;2648.2;2367.11;2115.7;1890.83;1689.58;1509.57;1348.48;1204.41;1075.49;960.158;856.978;764.706;682.323;608.801;543.322;485.231;433.981;389.196
2;3028227378427;50;frequency;20000.00000002444;22385.53853899816;25055.61678390222;28044.17375656954;31389.19662092121;35133.2035329932;39323.78408414649;44014.2042055669;49264.08322518227;55140.1516811012;61717.09952482729;69078.52549602467;77317.99973512921;86540.25314108083;96862.50859274992;108415.9709538568;121347.4948009008;135821.4510731415;152021.8163702936;170154.5114554648;190450.0186878266;213166.3116533389;238592.1342356312;267050.6708003728;298903.6541519141;334555.9634717432;374460.7706856584;419125.3006744233;469117.2785435782;525072.1459047724;587701.13789258;657800.3235824071;736260.7247225839;824079.6413975459;922373.3285811875;1032391.184709951;1155531.632626961;1293359.894754076;1447627.888434013;1620296.494325686;1813560.480908265;2029876.401899315;2271993.821195295;2542990.262224833;2846310.325953354;3185809.474764127;3565803.038745301;3991121.067296888;4467169.723268114;4999999.999999929
2;3028227378427;50;phasez;-1.55052;-1.55061;-1.55007;-1.55001;-1.54947;-1.54901;-1.54837;-1.54771;-1.54694;-1.54602;-1.54507;-1.544;-1.54274;-1.54112;-1.53953;-1.53762;-1.53548;-1.53302;-1.53027;-1.52721;-1.52376;-1.51991;-1.51557;-1.51071;-1.50521;-1.49904;-1.49215;-1.48441;-1.47571;-1.46595;-1.455;-1.44271;-1.42892;-1.41343;-1.39604;-1.37648;-1.35452;-1.32983;-1.30204;-1.27074;-1.23546;-1.19564;-1.15064;-1.09968;-1.0418;-0.976065;-0.901114;-0.815507;-0.717522;-0.605216
3;3028546974434;20;absz;19294.6;15736.4;12833;10462.3;8530.75;6955.48;5670.01;4622.33;3767.25;3070.28;2501.42;2037.31;1658.67;1349.68;1097.4;891.515;723.552;586.851;476.292;388.252
3;3028546974434;20;frequency;99999.99999990905;122862.535599424;150952.0265389597;185463.4873444638;227865.1431623047;279960.8926363817;343967.05137965;422606.6409511731;519225.2346839865;637933.2888043621;783781.0140572543;962973.2274171232;1183133.324347452;1453627.601814205;1785963.729760951;2194280.323268956;2695948.443325946;3312310.615921419;4069588.809647371;4999999.999999929
3;3028546974434;20;phasez;-1.53864;-1.53541;-1.53131;-1.52621;-1.51987;-1.51193;-1.50214;-1.48997;-1.47488;-1.45619;-1.43308;-1.40444;-1.36896;-1.32493;-1.27015;-1.20173;-1.11581;-1.0072;-0.868713;-0.690834
