0;6672748950169;20;absz;1.39552e+08;1.01699e+08;7.40617e+07;5.39288e+07;3.92521e+07;2.85715e+07;2.07692e+07;1.51038e+07;1.09819e+07;7.98355e+06;5.8026e+06;4.21697e+06;3.06414e+06;2.22621e+06;1.61718e+06;1.17459e+06;852988;619326;449596;326315
0;6672748950169;20;frequency;9.999999974752427;13.86918846435492;19.23543905490988;26.67799336109056;37.00021196095804;51.31629158938722;71.17153245417285;98.70914048804025;136.9015682683994;189.8713664161278;263.3361782500288;365.2259113806622;506.5387032487934;702.5280792305466;974.3494403835484;1351.343611730726;1874.203936580443;2599.368780806799;3605.113577052066;4999.99999995282
0;6672748950169;20;phasez;-1.51602;-1.5187;-1.52101;-1.52278;-1.52474;-1.52634;-1.52768;-1.5288;-1.52971;-1.53044;-1.53101;-1.53142;-1.53161;-1.53156;-1.5312;-1.53037;-1.52897;-1.52668;-1.52323;-1.51811
1;6673519761674;50;absz;7.51561e+06;6.43114e+06;5.51305e+06;4.7158e+06;4.03355e+06;3.45106e+06;2.95223e+06;2.52672e+06;2.16133e+06;1.84936e+06;1.58207e+06;1.35379e+06;1.15794e+06;990463;847238;724648;619821;530144;453393;387745;331587;283564;242479;207345;177293;151597;129620;110829;94762;81020.2;69272.7;59227.1;50637.5;43292.6;37012.8;31642.5;27050.2;23122.7;19763.8;16891.3;14433.9;12331.9;10533.5;8994.3;7676.7;6548.48;5581.57;4752.29;4040.25;3428.04
1;6673519761674;50;frequency;199.9999999213742;234.625769479635;275.2462588517801;322.8993264769997;378.802514688914;444.3841576318164;521.3198749487447;611.5753842550475;717.456725922716;841.6691823498468;987.3863981368913;1158.33146786315;1358.872060208682;1594.132014446359;1870.122253535556;2193.894364737048;2573.720768452858;3019.306079821149;3542.035062906734;4155.263512473084;4874.659497176026;5718.603679767398;6708.658946337209;7870.121340545211;9232.666380967203;10831.10727442716;12706.28439819177;14906.10877695531;17486.78621595445;20514.25336674129;24065.86241733066;28232.35745111674;33120.19296963342;38854.25382030405;45581.04601983359;53472.44000269313;62730.06193403319;73590.44528463698;86331.07429211862;101277.4737211686;118811.5260634959;139381.228686517;163512.140226203;191820.8086789974;225030.524286467;263989.7996954232;309694.0495706946;363311.0235703185;426210.642505751;499999.9999999716
1;6673519761674;50;phasez;-1.53139;-1.53233;-1.53363;-1.53205;-1.53226;-1.53309;-1.53368;-1.53461;-1.53469;-1.53512;-1.53511;-1.53533;-1.53573;-1.53595;-1.53628;-1.53658;-1.53679;-1.53701;-1.53725;-1.53735;-1.53751;-1.53757;-1.5376;-1.53753;-1.53741;-1.53721;-1.53691;-1.53651;-1.53598;-1.53534;-1.53454;-1.53357;-1.53241;-1.53104;-1.52941;-1.5275;-1.52523;-1.52254;-1.51935;-1.51558;-1.51112;-1.50585;-1.4996;-1.4922;-1.48344;-1.47305;-1.46073;-1.44605;-1.42852;-1.40744
2;6674288014632;50;absz;83465.6;74719.5;66895.6;59883.7;53604.7;47987.7;42962.3;38453.1;34423.1;30810.5;27582.7;24686.2;22097;19778.5;17704.3;15847;14184.2;12695.3;11363.3;10170.5;9103.1;8147.21;7291.83;6526.11;5840.69;5227.16;4677.96;4186.27;3746.19;3352.15;2999.33;2683.54;2400.77;2147.58;1920.93;1717.95;1536.16;1373.36;1227.54;1096.96;979.998;875.233;781.433;697.447;622.366;555.27;495.431;442.262;395.261;354.089
2;6674288014632;50;frequency;20000.00000002444;22385.53853899816;25055.61678390222;28044.17375656954;31389.19662092121;35133.2035329932;39323.78408414649;44014.2042055669;49264.08322518227;55140.1516811012;61717.09952482729;69078.52549602467;77317.99973512921;86540.25314108083;96862.50859274992;108415.9709538568;121347.4948009008;135821.4510731415;152021.8163702936;170154.5114554648;190450.0186878266;213166.3116533389;238592.1342356312;267050.6708003728;298903.6541519141;334555.9634717432;374460.7706856584;419125.3006744233;469117.2785435782;525072.1459047724;587701.13789258;657800.3235824071;736260.7247225839;824079.6413975459;922373.3285811875;1032391.184709951;1155531.632626961;1293359.894754076;1447627.888434013;1620296.494325686;1813560.480908265;2029876.401899315;2271993.821195295;2542990.262224833;2846310.325953354;3185809.474764127;3565803.038745301;3991121.067296888;4467169.723268114;4999999.999999929
2;6674288014632;50;phasez;-1.53917;-1.53879;-1.53869;-1.53817;-1.53781;-1.53738;-1.53682;-1.53612;-1.53546;-1.53466;-1.53356;-1.5325;-1.53114;-1.5297;-1.52812;-1.52617;-1.52403;-1.52164;-1.51897;-1.51589;-1.51251;-1.50865;-1.50435;-1.49948;-1.49405;-1.48796;-1.48114;-1.47346;-1.46486;-1.4552;-1.44435;-1.43221;-1.41857;-1.40324;-1.38603;-1.36668;-1.34494;-1.32046;-1.29291;-1.26185;-1.22683;-1.18725;-1.1425;-1.09177;-1.03413;-0.96859;-0.893804;-0.808326;-0.710409;-0.598084
3;6674607484495;20;absz;17237;14080.5;11495.8;9388.51;7667.56;6260.3;5111.65;4173.11;3406.72;2780.44;2268.51;1850.04;1508.21;1228.57;999.881;812.84;659.913;535.2;434.057;353.222
3;6674607484495;20;frequency;99999.99999990905;122862.535599424;150952.0265389597;185463.4873444638;227865.1431623047;279960.8926363817;343967.05137965;422606.6409511731;519225.2346839865;637933.2888043621;783781.0140572543;962973.2274171232;1183133.324347452;1453627.601814205;1785963.729760951;2194280.323268956;2695948.443325946;3312310.615921419;4069588.809647371;4999999.999999929
3;6674607484495;20;phasez;-1.52727;-1.52396;-1.52004;-1.51493;-1.5086;-1.50082;-1.49108;-1.47902;-1.46414;-1.44568;-1.42284;-1.39453;-1.35944;-1.31583;-1.2615;-1.19353;-1.10804;-0.999808;-0.861585;-0.683772
