0;9409838019935;20;absz;1.36332e+08;9.9386e+07;7.24134e+07;5.27513e+07;3.84111e+07;2.79719e+07;2.035e+07;1.48044e+07;1.07675e+07;7.83113e+06;5.69365e+06;4.13898e+06;3.00815e+06;2.18599e+06;1.5883e+06;1.15388e+06;838135;608724;442029;320931
0;9409838019935;20;frequency;9.999999974752427;13.86918846435492;19.23543905490988;26.67799336109056;37.00021196095804;51.31629158938722;71.17153245417285;98.70914048804025;136.9015682683994;189.8713664161278;263.3361782500288;365.2259113806622;506.5387032487934;702.5280792305466;974.3494403835484;1351.343611730726;1874.203936580443;2599.368780806799;3605.113577052066;4999.99999995282
0;9409838019935;20;phasez;-1.51051;-1.51401;-1.51693;-1.51961;-1.52179;-1.52342;-1.52523;-1.52651;-1.52758;-1.52862;-1.52935;-1.5299;-1.53023;-1.53026;-1.52992;-1.52908;-1.52762;-1.52528;-1.52177;-1.51662
1;9410609388654;50;absz;7.36585e+06;6.32682e+06;5.40641e+06;4.62667e+06;3.96294e+06;3.38886e+06;2.90244e+06;2.48135e+06;2.12272e+06;1.81607e+06;1.55426e+06;1.32976e+06;1.13752e+06;973116;832525;712162;609190;521130;445760;381264;326107;278924;238549;204018;174484;149217;127604;109120;93313.9;79795.9;68233.6;58346.3;49891.5;42660;36475.7;31187.3;26663.8;22795.4;19486.7;16656.6;14235.4;12163.7;10391.2;8874.15;7575.13;6462.42;5508.83;4690.96;3988.59;3384.46
1;9410609388654;50;frequency;199.9999999213742;234.625769479635;275.2462588517801;322.8993264769997;378.802514688914;444.3841576318164;521.3198749487447;611.5753842550475;717.456725922716;841.6691823498468;987.3863981368913;1158.33146786315;1358.872060208682;1594.132014446359;1870.122253535556;2193.894364737048;2573.720768452858;3019.306079821149;3542.035062906734;4155.263512473084;4874.659497176026;5718.603679767398;6708.658946337209;7870.121340545211;9232.666380967203;10831.10727442716;12706.28439819177;14906.10877695531;17486.78621595445;20514.25336674129;24065.86241733066;28232.35745111674;33120.19296963342;38854.25382030405;45581.04601983359;53472.44000269313;62730.06193403319;73590.44528463698;86331.07429211862;101277.4737211686;118811.5260634959;139381.228686517;163512.140226203;191820.8086789974;225030.524286467;263989.7996954232;309694.0495706946;363311.0235703185;426210.642505751;499999.9999999716
1;9410609388654;50;phasez;-1.52807;-1.53009;-1.53095;-1.53072;-1.53117;-1.53222;-1.53241;-1.533;-1.53312;-1.53362;-1.53382;-1.5343;-1.53442;-1.53469;-1.53495;-1.53523;-1.53535;-1.53563;-1.53574;-1.53594;-1.53605;-1.53609;-1.53607;-1.53604;-1.53593;-1.53574;-1.53547;-1.53508;-1.53459;-1.53397;-1.5332;-1.53226;-1.53112;-1.52976;-1.52813;-1.52622;-1.52394;-1.52124;-1.51805;-1.51428;-1.50982;-1.50454;-1.49829;-1.4909;-1.48214;-1.47175;-1.45941;-1.44472;-1.42716;-1.40606
2;9411377483629;50;absz;82182;73587.6;65880.6;58992.8;52803.5;47274.9;42327.9;37890;33925.2;30365.2;27181.9;24333.5;21783.9;19498.7;17455.8;15626.4;13988.3;12521.2;11208.1;10032.9;8980.52;8038.31;7195.12;6439.76;5764.1;5159.18;4617.41;4132.38;3698.19;3309.55;2961.49;2649.89;2370.88;2121.08;1897.37;1697.06;1517.6;1356.9;1212.93;1084.02;968.529;865.106;772.453;689.473;615.29;548.992;489.844;437.288;390.807;350.084
2;9411377483629;50;frequency;20000.00000002444;22385.53853899816;25055.61678390222;28044.17375656954;31389.19662092121;35133.2035329932;39323.78408414649;44014.2042055669;49264.08322518227;55140.1516811012;61717.09952482729;69078.52549602467;77317.99973512921;86540.25314108083;96862.50859274992;108415.9709538568;121347.4948009008;135821.4510731415;152021.8163702936;170154.5114554648;190450.0186878266;213166.3116533389;238592.1342356312;267050.6708003728;298903.6541519141;334555.9634717432;374460.7706856584;419125.3006744233;469117.2785435782;525072.1459047724;587701.13789258;657800.3235824071;736260.7247225839;824079.6413975459;922373.3285811875;1032391.184709951;1155531.632626961;1293359.894754076;1447627.888434013;1620296.494325686;1813560.480908265;2029876.401899315;2271993.821195295;2542990.262224833;2846310.325953354;3185809.474764127;3565803.038745301;3991121.067296888;4467169.723268114;4999999.999999929
2;9411377483629;50;phasez;-1.53766;-1.53742;-1.53729;-1.53666;-1.53654;-1.53593;-1.53548;-1.53486;-1.53407;-1.53331;-1.53226;-1.53121;-1.52992;-1.52847;-1.52675;-1.52487;-1.52278;-1.52042;-1.51766;-1.51462;-1.51121;-1.50735;-1.50302;-1.49819;-1.49275;-1.48667;-1.47981;-1.47212;-1.46349;-1.45382;-1.44297;-1.43078;-1.4171;-1.40176;-1.3845;-1.36513;-1.34335;-1.31884;-1.29125;-1.26017;-1.22509;-1.18549;-1.1407;-1.08993;-1.03225;-0.96666;-0.891816;-0.806258;-0.708259;-0.595832
3;9411696277533;20;absz;16992.8;13883.4;11338.2;9261.05;7564.88;6177.24;5044.79;4119.17;3363.18;2745.32;2240.21;1827.33;1489.98;1213.91;988.154;803.43;652.371;529.13;429.138;349.205
3;9411696277533;20;frequency;99999.99999990905;122862.535599424;150952.0265389597;185463.4873444638;227865.1431623047;279960.8926363817;343967.05137965;422606.6409511731;519225.2346839865;637933.2888043621;783781.0140572543;962973.2274171232;1183133.324347452;1453627.601814205;1785963.729760951;2194280.323268956;2695948.443325946;3312310.615921419;4069588.809647371;4999999.999999929
3;9411696277533;20;phasez;-1.52591;-1.52272;-1.51867;-1.51362;-1.5073;-1.4995;-1.48977;-1.47769;-1.46275;-1.44425;-1.42136;-1.39298;-1.35783;-1.31415;-1.25974;-1.19171;-1.10613;-0.99781;-0.859449;-0.681446
