0;10802037990427;20;absz;1.35918e+08;9.90586e+07;7.2216e+07;5.26225e+07;3.83204e+07;2.78835e+07;2.02982e+07;1.47682e+07;1.07409e+07;7.81145e+06;5.67925e+06;4.12854e+06;3.00075e+06;2.18067e+06;1.58443e+06;1.15106e+06;836128;607265;440985;320185
0;10802037990427;20;frequency;9.999999974752427;13.86918846435492;19.23543905490988;26.67799336109056;37.00021196095804;51.31629158938722;71.17153245417285;98.70914048804025;136.9015682683994;189.8713664161278;263.3361782500288;365.2259113806622;506.5387032487934;702.5280792305466;974.3494403835484;1351.343611730726;1874.203936580443;2599.368780806799;3605.113577052066;4999.99999995282
0;10802037990427;20;phasez;-1.50903;-1.51254;-1.51616;-1.51895;-1.52117;-1.52354;-1.52502;-1.52635;-1.5276;-1.52851;-1.5293;-1.52983;-1.53015;-1.53017;-1.52981;-1.52896;-1.52749;-1.52513;-1.52161;-1.51642
1;10802807363074;50;absz;7.35782e+06;6.29742e+06;5.38988e+06;4.61434e+06;3.95433e+06;3.38096e+06;2.89234e+06;2.47551e+06;2.11717e+06;1.812e+06;1.55034e+06;1.32633e+06;1.13474e+06;970929;830440;710481;607743;519897;444690;380360;325354;278280;238009;203564;174092;148886;127327;108888;93116;79627.4;68093;58228.8;49790.5;42575.3;36404.9;31127;26612.9;22752.1;19450.2;16625.7;14209.4;12141.9;10372.7;8858.37;7561.77;6451.36;5499.45;4682.96;3981.87;3378.85
1;10802807363074;50;frequency;199.9999999213742;234.625769479635;275.2462588517801;322.8993264769997;378.802514688914;444.3841576318164;521.3198749487447;611.5753842550475;717.456725922716;841.6691823498468;987.3863981368913;1158.33146786315;1358.872060208682;1594.132014446359;1870.122253535556;2193.894364737048;2573.720768452858;3019.306079821149;3542.035062906734;4155.263512473084;4874.659497176026;5718.603679767398;6708.658946337209;7870.121340545211;9232.666380967203;10831.10727442716;12706.28439819177;14906.10877695531;17486.78621595445;20514.25336674129;24065.86241733066;28232.35745111674;33120.19296963342;38854.25382030405;45581.04601983359;53472.44000269313;62730.06193403319;73590.44528463698;86331.07429211862;101277.4737211686;118811.5260634959;139381.228686517;163512.140226203;191820.8086789974;225030.524286467;263989.7996954232;309694.0495706946;363311.0235703185;426210.642505751;499999.9999999716
1;10802807363074;50;phasez;-1.52899;-1.53067;-1.53199;-1.52982;-1.53124;-1.53203;-1.53237;-1.53263;-1.53299;-1.5333;-1.53371;-1.5341;-1.53421;-1.53458;-1.53493;-1.53507;-1.53534;-1.53546;-1.53564;-1.53573;-1.53582;-1.53587;-1.53588;-1.53582;-1.5357;-1.53551;-1.53521;-1.53483;-1.53435;-1.53373;-1.53294;-1.53201;-1.53088;-1.52952;-1.5279;-1.52599;-1.52371;-1.52101;-1.51783;-1.51405;-1.50959;-1.50431;-1.49807;-1.49068;-1.48192;-1.47153;-1.4592;-1.44451;-1.42694;-1.40583
2;10803577312536;50;absz;82037.7;73468.4;65759.4;58885.3;52725.8;47192;42250;37829.2;33865;30314.6;27137;24292.8;21747.3;19466.9;17426.7;15601.3;13965.1;12500.9;11190.7;10017;8966.55;8026.27;7184.07;6430.24;5755.43;5151.34;4610.55;4126.31;3692.82;3304.74;2957.25;2646.1;2367.53;2118.08;1894.71;1694.71;1515.56;1355.12;1211.39;1082.62;967.311;864.01;771.499;688.635;614.549;548.33;489.256;436.766;390.339;349.659
2;10803577312536;50;frequency;20000.00000002444;22385.53853899816;25055.61678390222;28044.17375656954;31389.19662092121;35133.2035329932;39323.78408414649;44014.2042055669;49264.08322518227;55140.1516811012;61717.09952482729;69078.52549602467;77317.99973512921;86540.25314108083;96862.50859274992;108415.9709538568;121347.4948009008;135821.4510731415;152021.8163702936;170154.5114554648;190450.0186878266;213166.3116533389;238592.1342356312;267050.6708003728;298903.6541519141;334555.9634717432;374460.7706856584;419125.3006744233;469117.2785435782;525072.1459047724;587701.13789258;657800.3235824071;736260.7247225839;824079.6413975459;922373.3285811875;1032391.184709951;1155531.632626961;1293359.894754076;1447627.888434013;1620296.494325686;1813560.480908265;2029876.401899315;2271993.821195295;2542990.262224833;2846310.325953354;3185809.474764127;3565803.038745301;3991121.067296888;4467169.723268114;4999999.999999929
2;10803577312536;50;phasez;-1.53717;-1.53743;-1.53699;-1.53663;-1.53621;-1.53606;-1.53538;-1.53462;-1.53399;-1.53313;-1.53215;-1.53102;-1.52965;-1.52816;-1.52654;-1.52469;-1.52252;-1.52012;-1.51742;-1.5144;-1.51094;-1.50712;-1.50284;-1.49796;-1.49254;-1.48644;-1.47959;-1.4719;-1.46327;-1.45359;-1.44272;-1.43054;-1.41685;-1.40149;-1.38424;-1.36485;-1.34305;-1.31854;-1.29095;-1.25985;-1.22478;-1.18517;-1.14037;-1.08959;-1.03191;-0.966311;-0.891463;-0.805896;-0.707886;-0.595444
3;10803893830210;20;absz;16970.5;13864.7;11322.9;9248.84;7554.69;6169.16;5038.28;4113.85;3358.83;2741.87;2237.46;1825.08;1488.17;1212.48;987.041;802.543;651.668;528.566;428.687;348.825
3;10803893830210;20;frequency;99999.99999990905;122862.535599424;150952.0265389597;185463.4873444638;227865.1431623047;279960.8926363817;343967.05137965;422606.6409511731;519225.2346839865;637933.2888043621;783781.0140572543;962973.2274171232;1183133.324347452;1453627.601814205;1785963.729760951;2194280.323268956;2695948.443325946;3312310.615921419;4069588.809647371;4999999.999999929
3;10803893830210;20;phasez;-1.52567;-1.52248;-1.51843;-1.51339;-1.5071;-1.49929;-1.48956;-1.47749;-1.46253;-1.44403;-1.42111;-1.39273;-1.35755;-1.31386;-1.25944;-1.19141;-1.10583;-0.997494;-0.859128;-0.681055
