0;9169903460550;20;absz;1.36331e+08;9.94898e+07;7.24822e+07;5.27963e+07;3.84438e+07;2.7983e+07;2.03605e+07;1.48136e+07;1.07749e+07;7.83561e+06;5.69684e+06;4.14133e+06;3.00996e+06;2.18732e+06;1.58925e+06;1.15457e+06;838629;609063;442274;321102
0;9169903460550;20;frequency;9.999999974752427;13.86918846435492;19.23543905490988;26.67799336109056;37.00021196095804;51.31629158938722;71.17153245417285;98.70914048804025;136.9015682683994;189.8713664161278;263.3361782500288;365.2259113806622;506.5387032487934;702.5280792305466;974.3494403835484;1351.343611730726;1874.203936580443;2599.368780806799;3605.113577052066;4999.99999995282
0;9169903460550;20;phasez;-1.51116;-1.51421;-1.51722;-1.51976;-1.52168;-1.52428;-1.52525;-1.52658;-1.5277;-1.52865;-1.52936;-1.52992;-1.53025;-1.53029;-1.52994;-1.5291;-1.52766;-1.52534;-1.52184;-1.51669
1;9170674398494;50;absz;7.39625e+06;6.32234e+06;5.40822e+06;4.62932e+06;3.95687e+06;3.39197e+06;2.90069e+06;2.48191e+06;2.12385e+06;1.81734e+06;1.55504e+06;1.33046e+06;1.13808e+06;973723;833020;712571;609513;521411;445997;381483;326282;279065;238674;204119;174567;149287;127670;109177;93360.1;79834;68267.2;58374.4;49915.1;42680.5;36493.7;31202.1;26676.8;22805.9;19495.8;16664.5;14242.1;12169.4;10395.9;8877.96;7578.46;6465.28;5511.26;4692.91;3990.2;3385.82
1;9170674398494;50;frequency;199.9999999213742;234.625769479635;275.2462588517801;322.8993264769997;378.802514688914;444.3841576318164;521.3198749487447;611.5753842550475;717.456725922716;841.6691823498468;987.3863981368913;1158.33146786315;1358.872060208682;1594.132014446359;1870.122253535556;2193.894364737048;2573.720768452858;3019.306079821149;3542.035062906734;4155.263512473084;4874.659497176026;5718.603679767398;6708.658946337209;7870.121340545211;9232.666380967203;10831.10727442716;12706.28439819177;14906.10877695531;17486.78621595445;20514.25336674129;24065.86241733066;28232.35745111674;33120.19296963342;38854.25382030405;45581.04601983359;53472.44000269313;62730.06193403319;73590.44528463698;86331.07429211862;101277.4737211686;118811.5260634959;139381.228686517;163512.140226203;191820.8086789974;225030.524286467;263989.7996954232;309694.0495706946;363311.0235703185;426210.642505751;499999.9999999716
1;9170674398494;50;phasez;-1.53159;-1.53016;-1.53007;-1.53142;-1.53064;-1.53225;-1.53275;-1.53279;-1.53287;-1.53389;-1.53356;-1.53411;-1.53433;-1.53479;-1.53501;-1.53522;-1.53546;-1.53563;-1.53585;-1.53597;-1.53608;-1.53613;-1.53615;-1.53611;-1.53598;-1.53578;-1.5355;-1.53513;-1.53463;-1.53398;-1.53323;-1.53228;-1.53114;-1.52978;-1.52816;-1.52624;-1.52397;-1.52128;-1.51809;-1.51432;-1.50986;-1.50458;-1.49834;-1.49095;-1.48219;-1.4718;-1.45947;-1.44478;-1.42722;-1.40611
2;9171442575153;50;absz;82197.8;73615.5;65897.3;58996.5;52828.9;47286.1;42340.1;37902.5;33931;30375;27190.2;24338.7;21787.8;19505;17460.9;15630.7;13991.7;12525.2;11211.2;10036;8983.08;8040.77;7196.97;6441.8;5765.69;5160.48;4618.56;4133.48;3699.16;3310.39;2962.25;2650.54;2371.5;2121.6;1897.83;1697.49;1517.99;1357.23;1213.25;1084.28;968.753;865.294;772.624;689.638;615.434;549.11;489.951;437.382;390.895;350.166
2;9171442575153;50;frequency;20000.00000002444;22385.53853899816;25055.61678390222;28044.17375656954;31389.19662092121;35133.2035329932;39323.78408414649;44014.2042055669;49264.08322518227;55140.1516811012;61717.09952482729;69078.52549602467;77317.99973512921;86540.25314108083;96862.50859274992;108415.9709538568;121347.4948009008;135821.4510731415;152021.8163702936;170154.5114554648;190450.0186878266;213166.3116533389;238592.1342356312;267050.6708003728;298903.6541519141;334555.9634717432;374460.7706856584;419125.3006744233;469117.2785435782;525072.1459047724;587701.13789258;657800.3235824071;736260.7247225839;824079.6413975459;922373.3285811875;1032391.184709951;1155531.632626961;1293359.894754076;1447627.888434013;1620296.494325686;1813560.480908265;2029876.401899315;2271993.821195295;2542990.262224833;2846310.325953354;3185809.474764127;3565803.038745301;3991121.067296888;4467169.723268114;4999999.999999929
2;9171442575153;50;phasez;-1.53772;-1.53775;-1.53729;-1.53693;-1.53657;-1.53605;-1.5356;-1.53495;-1.53429;-1.53333;-1.53227;-1.53121;-1.53006;-1.52842;-1.52677;-1.5249;-1.52284;-1.52039;-1.51769;-1.51468;-1.51125;-1.5074;-1.50311;-1.49825;-1.49281;-1.48672;-1.47985;-1.47217;-1.46355;-1.45387;-1.44303;-1.43085;-1.41716;-1.40181;-1.38457;-1.36519;-1.34341;-1.31891;-1.29132;-1.26023;-1.22516;-1.18555;-1.14076;-1.08998;-1.03229;-0.966708;-0.891865;-0.806305;-0.708306;-0.595868
3;9171760203587;20;absz;16993.1;13885.4;11340.2;9262.21;7566.09;6178.32;5045.76;4120;3363.82;2745.87;2240.66;1827.63;1490.23;1214.13;988.324;803.569;652.473;529.217;429.203;349.26
3;9171760203587;20;frequency;99999.99999990905;122862.535599424;150952.0265389597;185463.4873444638;227865.1431623047;279960.8926363817;343967.05137965;422606.6409511731;519225.2346839865;637933.2888043621;783781.0140572543;962973.2274171232;1183133.324347452;1453627.601814205;1785963.729760951;2194280.323268956;2695948.443325946;3312310.615921419;4069588.809647371;4999999.999999929
3;9171760203587;20;phasez;-1.52586;-1.52269;-1.51874;-1.51369;-1.50738;-1.49953;-1.48983;-1.47776;-1.46281;-1.44431;-1.42141;-1.39307;-1.35791;-1.31423;-1.25982;-1.1918;-1.10623;-0.997908;-0.859548;-0.681516
