0;3894275580042;20;absz;1.58464e+08;1.15078e+08;8.36401e+07;6.07412e+07;4.41184e+07;3.20375e+07;2.32603e+07;1.68798e+07;1.22505e+07;8.88823e+06;6.4484e+06;4.67715e+06;3.39176e+06;2.4592e+06;1.78277e+06;1.29221e+06;936467;678559;491628;356136
0;3894275580042;20;frequency;9.999999974752427;13.86918846435492;19.23543905490988;26.67799336109056;37.00021196095804;51.31629158938722;71.17153245417285;98.70914048804025;136.9015682683994;189.8713664161278;263.3361782500288;365.2259113806622;506.5387032487934;702.5280792305466;974.3494403835484;1351.343611730726;1874.203936580443;2599.368780806799;3605.113577052066;4999.99999995282
0;3894275580042;20;phasez;-1.53149;-1.53267;-1.53359;-1.53493;-1.53604;-1.5365;-1.538;-1.5387;-1.53934;-1.54004;-1.54056;-1.54099;-1.54125;-1.54122;-1.54085;-1.53996;-1.53845;-1.53602;-1.53236;-1.527
1;3895045699036;50;absz;8.37234e+06;7.14583e+06;6.11428e+06;5.23457e+06;4.47266e+06;3.82307e+06;3.27085e+06;2.79378e+06;2.3877e+06;2.04076e+06;1.74456e+06;1.49046e+06;1.27381e+06;1.08858e+06;930162;794912;679110;580262;495790;423613;361929;309211;264178;225697;192823;164737;140737;120237;102722;87759.9;74977.2;64054.9;54725.9;46755.1;39944.6;34124.7;29151.5;24902.7;21271.5;18167.9;15515;13247.2;11308.1;9649.52;8230.57;7016.1;5976.11;5084.72;4319.92;3662.62
1;3895045699036;50;frequency;199.9999999213742;234.625769479635;275.2462588517801;322.8993264769997;378.802514688914;444.3841576318164;521.3198749487447;611.5753842550475;717.456725922716;841.6691823498468;987.3863981368913;1158.33146786315;1358.872060208682;1594.132014446359;1870.122253535556;2193.894364737048;2573.720768452858;3019.306079821149;3542.035062906734;4155.263512473084;4874.659497176026;5718.603679767398;6708.658946337209;7870.121340545211;9232.666380967203;10831.10727442716;12706.28439819177;14906.10877695531;17486.78621595445;20514.25336674129;24065.86241733066;28232.35745111674;33120.19296963342;38854.25382030405;45581.04601983359;53472.44000269313;62730.06193403319;73590.44528463698;86331.07429211862;101277.4737211686;118811.5260634959;139381.228686517;163512.140226203;191820.8086789974;225030.524286467;263989.7996954232;309694.0495706946;363311.0235703185;426210.642505751;499999.9999999716
1;3895045699036;50;phasez;-1.54295;-1.54361;-1.54205;-1.54244;-1.54277;-1.54248;-1.54339;-1.54357;-1.54409;-1.54423;-1.54483;-1.54512;-1.54539;-1.54552;-1.54574;-1.54594;-1.54613;-1.54627;-1.54639;-1.54643;-1.54641;-1.54637;-1.54623;-1.54607;-1.54583;-1.54548;-1.54505;-1.5445;-1.54385;-1.54305;-1.54215;-1.54106;-1.53979;-1.53831;-1.53657;-1.53456;-1.53221;-1.52944;-1.5262;-1.5224;-1.51791;-1.51263;-1.50639;-1.49902;-1.49031;-1.47998;-1.46771;-1.45311;-1.43564;-1.41463
2;3895813849862;50;absz;90424.7;80920.5;72414.1;64798.3;57961.9;51865.3;46393.1;41513;37143;33228.6;29729.2;26597.8;23796.6;21290.4;19047.2;17041.9;15246.9;13640.5;12203.7;10918.1;9767.54;8738.09;7816.73;6992.61;6255.04;5595.43;5005.01;4476.66;4003.93;3580.85;3202.33;2863.65;2560.58;2289.36;2046.66;1829.47;1635.07;1461.09;1305.36;1166;1041.26;929.605;829.695;740.303;660.48;589.212;525.697;469.335;419.556;376.019
2;3895813849862;50;frequency;20000.00000002444;22385.53853899816;25055.61678390222;28044.17375656954;31389.19662092121;35133.2035329932;39323.78408414649;44014.2042055669;49264.08322518227;55140.1516811012;61717.09952482729;69078.52549602467;77317.99973512921;86540.25314108083;96862.50859274992;108415.9709538568;121347.4948009008;135821.4510731415;152021.8163702936;170154.5114554648;190450.0186878266;213166.3116533389;238592.1342356312;267050.6708003728;298903.6541519141;334555.9634717432;374460.7706856584;419125.3006744233;469117.2785435782;525072.1459047724;587701.13789258;657800.3235824071;736260.7247225839;824079.6413975459;922373.3285811875;1032391.184709951;1155531.632626961;1293359.894754076;1447627.888434013;1620296.494325686;1813560.480908265;2029876.401899315;2271993.821195295;2542990.262224833;2846310.325953354;3185809.474764127;3565803.038745301;3991121.067296888;4467169.723268114;4999999.999999929
2;3895813849862;50;phasez;-1.54658;-1.5463;-1.54623;-1.54574;-1.5452;-1.54463;-1.54406;-1.54335;-1.54249;-1.5416;-1.54052;-1.5394;-1.53809;-1.53664;-1.53495;-1.53302;-1.53083;-1.52847;-1.52576;-1.5227;-1.51933;-1.51552;-1.51121;-1.50641;-1.50104;-1.495;-1.48819;-1.48054;-1.47201;-1.46239;-1.45159;-1.43946;-1.42585;-1.41053;-1.39335;-1.37401;-1.35226;-1.32779;-1.30023;-1.26918;-1.23414;-1.19457;-1.14983;-1.09909;-1.04151;-0.976028;-0.901329;-0.815977;-0.71824;-0.60617
3;3896132588387;20;absz;18546.6;15136.6;12351;10076.8;8222.15;6707.56;5471.87;4463.3;3639.78;2967.88;2419.09;1971.06;1605.33;1306.59;1062.54;863.2;700.48;567.941;460.658;375.123
3;3896132588387;20;frequency;99999.99999990905;122862.535599424;150952.0265389597;185463.4873444638;227865.1431623047;279960.8926363817;343967.05137965;422606.6409511731;519225.2346839865;637933.2888043621;783781.0140572543;962973.2274171232;1183133.324347452;1453627.601814205;1785963.729760951;2194280.323268956;2695948.443325946;3312310.615921419;4069588.809647371;4999999.999999929
3;3896132588387;20;phasez;-1.53397;-1.53077;-1.52679;-1.52171;-1.5155;-1.50772;-1.49809;-1.48612;-1.4713;-1.45294;-1.43013;-1.40185;-1.36677;-1.32314;-1.2688;-1.20086;-1.11538;-1.00726;-0.869246;-0.69182
