0;2465957216434;20;absz;1.80892e+08;1.31084e+08;9.4896e+07;6.86929e+07;4.97251e+07;3.5973e+07;2.60555e+07;1.88599e+07;1.36493e+07;9.88071e+06;7.15197e+06;5.17646e+06;3.74632e+06;2.7111e+06;1.9618e+06;1.41958e+06;1.0271e+06;743110;537590;388875
0;2465957216434;20;frequency;9.999999974752427;13.86918846435492;19.23543905490988;26.67799336109056;37.00021196095804;51.31629158938722;71.17153245417285;98.70914048804025;136.9015682683994;189.8713664161278;263.3361782500288;365.2259113806622;506.5387032487934;702.5280792305466;974.3494403835484;1351.343611730726;1874.203936580443;2599.368780806799;3605.113577052066;4999.99999995282
0;2465957216434;20;phasez;-1.54907;-1.55003;-1.55009;-1.55057;-1.55109;-1.55121;-1.55144;-1.55159;-1.55154;-1.55157;-1.55145;-1.55129;-1.55101;-1.55049;-1.54966;-1.54839;-1.54651;-1.54382;-1.53999;-1.53456
1;2466727137529;50;absz;9.34148e+06;7.95823e+06;6.79478e+06;5.80125e+06;4.95315e+06;4.22766e+06;3.61229e+06;3.08388e+06;2.63315e+06;2.2479e+06;1.9184e+06;1.63887e+06;1.39923e+06;1.19484e+06;1.02007e+06;871057;743827;635077;542173;462925;395237;337444;288077;245947;209963;179240;153015;130622;111504;95183.3;81249.7;69355;59199.8;50531;43130.7;36813.6;31420;26815.3;22884.7;19528.2;16662.4;14214.9;12124.2;10338;8811.3;7506.09;6389.46;5433.17;4613.35;3909.58
1;2466727137529;50;frequency;199.9999999213742;234.625769479635;275.2462588517801;322.8993264769997;378.802514688914;444.3841576318164;521.3198749487447;611.5753842550475;717.456725922716;841.6691823498468;987.3863981368913;1158.33146786315;1358.872060208682;1594.132014446359;1870.122253535556;2193.894364737048;2573.720768452858;3019.306079821149;3542.035062906734;4155.263512473084;4874.659497176026;5718.603679767398;6708.658946337209;7870.121340545211;9232.666380967203;10831.10727442716;12706.28439819177;14906.10877695531;17486.78621595445;20514.25336674129;24065.86241733066;28232.35745111674;33120.19296963342;38854.25382030405;45581.04601983359;53472.44000269313;62730.06193403319;73590.44528463698;86331.07429211862;101277.4737211686;118811.5260634959;139381.228686517;163512.140226203;191820.8086789974;225030.524286467;263989.7996954232;309694.0495706946;363311.0235703185;426210.642505751;499999.9999999716
1;2466727137529;50;phasez;-1.55061;-1.55403;-1.55208;-1.55208;-1.55171;-1.55328;-1.55393;-1.55351;-1.55339;-1.55368;-1.55358;-1.5535;-1.55366;-1.55388;-1.55392;-1.55399;-1.55398;-1.55398;-1.55398;-1.55402;-1.55397;-1.55393;-1.55379;-1.55367;-1.55346;-1.5532;-1.55281;-1.55236;-1.55179;-1.55108;-1.55023;-1.54919;-1.54795;-1.54647;-1.54471;-1.54265;-1.5402;-1.53732;-1.53392;-1.52992;-1.5252;-1.51965;-1.51311;-1.5054;-1.49632;-1.48559;-1.47289;-1.45782;-1.43987;-1.41836
2;2467497805715;50;absz;98081.4;87707.2;78417.8;70136.7;62708.4;56063;50136.8;44828;40083.8;35841.6;32042.6;28646.6;25612.2;22902.7;20477.7;18307.9;16369.1;14636.8;13087.4;11701.9;10463.2;9355.56;8365.4;7479.51;6687.78;5979.74;5346.79;4780.57;4274.24;3821.56;3416.6;3054.56;2730.74;2441.05;2181.93;1950.22;1742.91;1557.47;1391.54;1243.09;1110.27;991.452;885.177;790.097;705.267;629.552;562.124;502.325;449.587;403.528
2;2467497805715;50;frequency;20000.00000002444;22385.53853899816;25055.61678390222;28044.17375656954;31389.19662092121;35133.2035329932;39323.78408414649;44014.2042055669;49264.08322518227;55140.1516811012;61717.09952482729;69078.52549602467;77317.99973512921;86540.25314108083;96862.50859274992;108415.9709538568;121347.4948009008;135821.4510731415;152021.8163702936;170154.5114554648;190450.0186878266;213166.3116533389;238592.1342356312;267050.6708003728;298903.6541519141;334555.9634717432;374460.7706856584;419125.3006744233;469117.2785435782;525072.1459047724;587701.13789258;657800.3235824071;736260.7247225839;824079.6413975459;922373.3285811875;1032391.184709951;1155531.632626961;1293359.894754076;1447627.888434013;1620296.494325686;1813560.480908265;2029876.401899315;2271993.821195295;2542990.262224833;2846310.325953354;3185809.474764127;3565803.038745301;3991121.067296888;4467169.723268114;4999999.999999929
2;2467497805715;50;phasez;-1.55464;-1.55457;-1.55408;-1.55381;-1.55315;-1.55269;-1.55218;-1.55145;-1.55066;-1.54964;-1.54851;-1.54737;-1.546;-1.54429;-1.54246;-1.54039;-1.53813;-1.53552;-1.5326;-1.52935;-1.52574;-1.52166;-1.51709;-1.51201;-1.50633;-1.49995;-1.49282;-1.48486;-1.47596;-1.46599;-1.45481;-1.44229;-1.42831;-1.41261;-1.395;-1.37525;-1.35309;-1.3282;-1.30021;-1.26872;-1.23325;-1.19324;-1.14804;-1.0969;-1.03884;-0.972919;-0.897785;-0.812001;-0.713841;-0.601372
3;2467812939864;20;absz;19928.8;16248.7;13245.5;10795;8799.36;7173;5846.17;4765.69;3883.89;3165.42;2579.31;2101.05;1710.89;1392.67;1132.79;920.734;747.699;606.936;493.102;402.55
3;2467812939864;20;frequency;99999.99999990905;122862.535599424;150952.0265389597;185463.4873444638;227865.1431623047;279960.8926363817;343967.05137965;422606.6409511731;519225.2346839865;637933.2888043621;783781.0140572543;962973.2274171232;1183133.324347452;1453627.601814205;1785963.729760951;2194280.323268956;2695948.443325946;3312310.615921419;4069588.809647371;4999999.999999929
3;2467812939864;20;phasez;-1.54145;-1.53802;-1.53362;-1.52823;-1.52155;-1.51321;-1.503;-1.49041;-1.47495;-1.45586;-1.43238;-1.40335;-1.36751;-1.32311;-1.26798;-1.19922;-1.11293;-1.00399;-0.865181;-0.686981
