0;3819003960666;20;absz;1.59139e+08;1.15786e+08;8.41079e+07;6.10809e+07;4.43681e+07;3.2209e+07;2.33817e+07;1.69695e+07;1.23115e+07;8.93182e+06;6.47819e+06;4.69798e+06;3.40635e+06;2.46959e+06;1.79005e+06;1.29732e+06;940099;681122;493424;357406
0;3819003960666;20;frequency;9.999999974752427;13.86918846435492;19.23543905490988;26.67799336109056;37.00021196095804;51.31629158938722;71.17153245417285;98.70914048804025;136.9015682683994;189.8713664161278;263.3361782500288;365.2259113806622;506.5387032487934;702.5280792305466;974.3494403835484;1351.343611730726;1874.203936580443;2599.368780806799;3605.113577052066;4999.99999995282
0;3819003960666;20;phasez;-1.53142;-1.53319;-1.5339;-1.53527;-1.53636;-1.53796;-1.53837;-1.53931;-1.5401;-1.54076;-1.5413;-1.54169;-1.54187;-1.54182;-1.5414;-1.54052;-1.53895;-1.5365;-1.53281;-1.52743
1;3819772173539;50;absz;8.42565e+06;7.19244e+06;6.15273e+06;5.2539e+06;4.49758e+06;3.84336e+06;3.28221e+06;2.80365e+06;2.3981e+06;2.049e+06;1.75103e+06;1.49661e+06;1.27866e+06;1.09275e+06;933568;797899;681690;582463;497621;425170;363213;310317;265107;226477;193480;165288;141209;120638;103063;88048;75221.2;64263.2;54902.4;46903.5;40070;34231.3;29242.1;24978.5;21335.4;18222.1;15560.5;13285.3;11340;9676.25;8253.11;7035.19;5992.07;5098.1;4331.01;3671.96
1;3819772173539;50;frequency;199.9999999213742;234.625769479635;275.2462588517801;322.8993264769997;378.802514688914;444.3841576318164;521.3198749487447;611.5753842550475;717.456725922716;841.6691823498468;987.3863981368913;1158.33146786315;1358.872060208682;1594.132014446359;1870.122253535556;2193.894364737048;2573.720768452858;3019.306079821149;3542.035062906734;4155.263512473084;4874.659497176026;5718.603679767398;6708.658946337209;7870.121340545211;9232.666380967203;10831.10727442716;12706.28439819177;14906.10877695531;17486.78621595445;20514.25336674129;24065.86241733066;28232.35745111674;33120.19296963342;38854.25382030405;45581.04601983359;53472.44000269313;62730.06193403319;73590.44528463698;86331.07429211862;101277.4737211686;118811.5260634959;139381.228686517;163512.140226203;191820.8086789974;225030.524286467;263989.7996954232;309694.0495706946;363311.0235703185;426210.642505751;499999.9999999716
1;3819772173539;50;phasez;-1.54375;-1.54038;-1.54153;-1.54364;-1.54386;-1.54312;-1.54393;-1.54507;-1.54483;-1.54473;-1.54536;-1.54572;-1.54574;-1.54614;-1.54629;-1.54643;-1.54663;-1.54679;-1.54685;-1.54684;-1.54688;-1.54675;-1.54664;-1.54645;-1.54617;-1.54582;-1.54538;-1.54483;-1.54417;-1.54339;-1.54246;-1.54138;-1.54012;-1.53864;-1.53692;-1.53492;-1.53257;-1.52981;-1.52658;-1.52278;-1.51829;-1.51301;-1.50677;-1.4994;-1.49067;-1.48034;-1.46806;-1.45344;-1.43597;-1.41495
2;3820541365379;50;absz;90747.4;81185.5;72645.7;64987.1;58146.3;52023.5;46548.1;41646.4;37261.9;33330.7;29822.2;26678.6;23868.2;21354.8;19104.4;17092.6;15290.6;13680.4;12238.3;10948.8;9794.48;8761.83;7838.16;7011.34;6271.74;5609.93;5017.91;4488.05;4014.08;3589.92;3210.39;2870.77;2566.9;2294.99;2051.64;1833.88;1638.97;1464.57;1308.44;1168.74;1043.67;931.771;831.613;742.025;662.016;590.571;526.908;470.423;420.538;376.908
2;3820541365379;50;frequency;20000.00000002444;22385.53853899816;25055.61678390222;28044.17375656954;31389.19662092121;35133.2035329932;39323.78408414649;44014.2042055669;49264.08322518227;55140.1516811012;61717.09952482729;69078.52549602467;77317.99973512921;86540.25314108083;96862.50859274992;108415.9709538568;121347.4948009008;135821.4510731415;152021.8163702936;170154.5114554648;190450.0186878266;213166.3116533389;238592.1342356312;267050.6708003728;298903.6541519141;334555.9634717432;374460.7706856584;419125.3006744233;469117.2785435782;525072.1459047724;587701.13789258;657800.3235824071;736260.7247225839;824079.6413975459;922373.3285811875;1032391.184709951;1155531.632626961;1293359.894754076;1447627.888434013;1620296.494325686;1813560.480908265;2029876.401899315;2271993.821195295;2542990.262224833;2846310.325953354;3185809.474764127;3565803.038745301;3991121.067296888;4467169.723268114;4999999.999999929
2;3820541365379;50;phasez;-1.54692;-1.54697;-1.54634;-1.54595;-1.54571;-1.54493;-1.54452;-1.54375;-1.54285;-1.54196;-1.54102;-1.5398;-1.53848;-1.53688;-1.53532;-1.53337;-1.5312;-1.5288;-1.52611;-1.52309;-1.51971;-1.51588;-1.51158;-1.50679;-1.50137;-1.49534;-1.48853;-1.4809;-1.47232;-1.46271;-1.45188;-1.43976;-1.42613;-1.41082;-1.39361;-1.37426;-1.35252;-1.32803;-1.30046;-1.26939;-1.23435;-1.19477;-1.15;-1.09929;-1.04166;-0.976164;-0.901454;-0.816082;-0.718336;-0.606256
3;3820859813898;20;absz;18599.2;15180.1;12385;10104.6;8243.92;6724.85;5485.74;4474.59;3648.81;2975.16;2424.9;1975.74;1609.11;1309.62;1064.98;865.169;702.064;569.249;461.73;376.014
3;3820859813898;20;frequency;99999.99999990905;122862.535599424;150952.0265389597;185463.4873444638;227865.1431623047;279960.8926363817;343967.05137965;422606.6409511731;519225.2346839865;637933.2888043621;783781.0140572543;962973.2274171232;1183133.324347452;1453627.601814205;1785963.729760951;2194280.323268956;2695948.443325946;3312310.615921419;4069588.809647371;4999999.999999929
3;3820859813898;20;phasez;-1.5345;-1.53106;-1.52714;-1.52207;-1.51584;-1.50809;-1.49844;-1.48647;-1.47164;-1.45322;-1.4304;-1.40212;-1.36701;-1.32337;-1.26901;-1.20104;-1.11556;-1.0074;-0.869358;-0.691927
