0;1126930118509;20;absz;2.10326e+08;1.51888e+08;1.09845e+08;7.94016e+07;5.73941e+07;4.14557e+07;2.99888e+07;2.16843e+07;1.56772e+07;1.13345e+07;8.19559e+06;5.92659e+06;4.28596e+06;3.09975e+06;2.24191e+06;1.6216e+06;1.17295e+06;848461;613792;444057
0;1126930118509;20;frequency;9.999999974752427;13.86918846435492;19.23543905490988;26.67799336109056;37.00021196095804;51.31629158938722;71.17153245417285;98.70914048804025;136.9015682683994;189.8713664161278;263.3361782500288;365.2259113806622;506.5387032487934;702.5280792305466;974.3494403835484;1351.343611730726;1874.203936580443;2599.368780806799;3605.113577052066;4999.99999995282
0;1126930118509;20;phasez;-1.55807;-1.55861;-1.55783;-1.55806;-1.55813;-1.55797;-1.55747;-1.55721;-1.55682;-1.55636;-1.55576;-1.55505;-1.55419;-1.55306;-1.55168;-1.54984;-1.54733;-1.54397;-1.53939;-1.53316
1;1127700112208;50;absz;1.06643e+07;9.11646e+06;7.77816e+06;6.63826e+06;5.66824e+06;4.83901e+06;4.12446e+06;3.52477e+06;3.01233e+06;2.56915e+06;2.19288e+06;1.87258e+06;1.59833e+06;1.36465e+06;1.16523e+06;994637;849178;724993;619024;528537;451298;385332;329028;280966;239917;204883;174964;149426;127617;108996;93091;79511.3;67914.9;58011.7;49552.9;42328.1;36156.1;30884.1;26380.2;22531.8;19242.7;16431.8;14029.2;11974.3;10216.7;8712.28;7423.92;6319.49;5371.77;4557.2
1;1127700112208;50;frequency;199.9999999213742;234.625769479635;275.2462588517801;322.8993264769997;378.802514688914;444.3841576318164;521.3198749487447;611.5753842550475;717.456725922716;841.6691823498468;987.3863981368913;1158.33146786315;1358.872060208682;1594.132014446359;1870.122253535556;2193.894364737048;2573.720768452858;3019.306079821149;3542.035062906734;4155.263512473084;4874.659497176026;5718.603679767398;6708.658946337209;7870.121340545211;9232.666380967203;10831.10727442716;12706.28439819177;14906.10877695531;17486.78621595445;20514.25336674129;24065.86241733066;28232.35745111674;33120.19296963342;38854.25382030405;45581.04601983359;53472.44000269313;62730.06193403319;73590.44528463698;86331.07429211862;101277.4737211686;118811.5260634959;139381.228686517;163512.140226203;191820.8086789974;225030.524286467;263989.7996954232;309694.0495706946;363311.0235703185;426210.642505751;499999.9999999716
1;1127700112208;50;phasez;-1.55807;-1.55851;-1.55723;-1.55712;-1.55621;-1.55703;-1.55604;-1.55572;-1.55571;-1.55588;-1.5555;-1.55512;-1.55498;-1.55494;-1.55466;-1.55442;-1.55424;-1.55377;-1.55348;-1.55307;-1.55265;-1.5522;-1.55168;-1.55109;-1.55046;-1.54976;-1.54897;-1.54809;-1.54709;-1.54595;-1.5447;-1.54327;-1.54165;-1.5398;-1.53771;-1.53531;-1.53255;-1.52937;-1.5257;-1.52144;-1.51649;-1.51072;-1.50399;-1.49611;-1.48688;-1.47602;-1.46322;-1.44807;-1.43006;-1.40851
2;1128471249324;50;absz;112311;100483;89909.9;80409.5;71927.7;64344.7;57554.2;51491.5;46072.7;41212;36873.3;32986.6;29506.5;26399.8;23619.8;21131.5;18908.1;16917.7;15136.9;13544.7;12119.1;10844.1;9703.39;8682.48;7769.19;6951.92;6220.57;5566.01;4980.62;4456.48;3987.42;3567.6;3191.93;2855.63;2554.67;2285.22;2043.99;1828.11;1634.86;1461.84;1306.95;1168.33;1044.29;933.322;834.262;745.895;667.224;597.539;536.146;482.709
2;1128471249324;50;frequency;20000.00000002444;22385.53853899816;25055.61678390222;28044.17375656954;31389.19662092121;35133.2035329932;39323.78408414649;44014.2042055669;49264.08322518227;55140.1516811012;61717.09952482729;69078.52549602467;77317.99973512921;86540.25314108083;96862.50859274992;108415.9709538568;121347.4948009008;135821.4510731415;152021.8163702936;170154.5114554648;190450.0186878266;213166.3116533389;238592.1342356312;267050.6708003728;298903.6541519141;334555.9634717432;374460.7706856584;419125.3006744233;469117.2785435782;525072.1459047724;587701.13789258;657800.3235824071;736260.7247225839;824079.6413975459;922373.3285811875;1032391.184709951;1155531.632626961;1293359.894754076;1447627.888434013;1620296.494325686;1813560.480908265;2029876.401899315;2271993.821195295;2542990.262224833;2846310.325953354;3185809.474764127;3565803.038745301;3991121.067296888;4467169.723268114;4999999.999999929
2;1128471249324;50;phasez;-1.5497;-1.54901;-1.54863;-1.54783;-1.54699;-1.54646;-1.54557;-1.54447;-1.54366;-1.5423;-1.54095;-1.53955;-1.53788;-1.53607;-1.53405;-1.53189;-1.52939;-1.52668;-1.52356;-1.52019;-1.51642;-1.51227;-1.50762;-1.50245;-1.49668;-1.49025;-1.48309;-1.47509;-1.46613;-1.45616;-1.44496;-1.43248;-1.41848;-1.4028;-1.38525;-1.36555;-1.34345;-1.31861;-1.29071;-1.2593;-1.22392;-1.18403;-1.13897;-1.08795;-1.03004;-0.964319;-0.889409;-0.8039;-0.706083;-0.594071
3;1128788869618;20;absz;22993;18771.4;15322.5;12504.3;10204.7;8330.11;6799.39;5549.21;4529.37;3696.38;3016.45;2460.81;2006.93;1636.23;1333.33;1085.86;883.854;719.54;586.8;481.513
3;1128788869618;20;frequency;99999.99999990905;122862.535599424;150952.0265389597;185463.4873444638;227865.1431623047;279960.8926363817;343967.05137965;422606.6409511731;519225.2346839865;637933.2888043621;783781.0140572543;962973.2274171232;1183133.324347452;1453627.601814205;1785963.729760951;2194280.323268956;2695948.443325946;3312310.615921419;4069588.809647371;4999999.999999929
3;1128788869618;20;phasez;-1.53316;-1.52923;-1.52461;-1.51888;-1.51207;-1.50359;-1.49328;-1.48066;-1.46515;-1.44607;-1.42258;-1.39364;-1.3579;-1.31363;-1.25866;-1.19013;-1.10408;-0.995511;-0.857174;-0.679708
