0;2555244502224;20;absz;1.79342e+08;1.29875e+08;9.40283e+07;6.80866e+07;4.9284e+07;3.56752e+07;2.58376e+07;1.87038e+07;1.3542e+07;9.80364e+06;7.09685e+06;5.13688e+06;3.71793e+06;2.69073e+06;1.94725e+06;1.4091e+06;1.01964e+06;737783;533814;386192
0;2555244502224;20;frequency;9.999999974752427;13.86918846435492;19.23543905490988;26.67799336109056;37.00021196095804;51.31629158938722;71.17153245417285;98.70914048804025;136.9015682683994;189.8713664161278;263.3361782500288;365.2259113806622;506.5387032487934;702.5280792305466;974.3494403835484;1351.343611730726;1874.203936580443;2599.368780806799;3605.113577052066;4999.99999995282
0;2555244502224;20;phasez;-1.54811;-1.54887;-1.54902;-1.55023;-1.55035;-1.5499;-1.55078;-1.55084;-1.55087;-1.55091;-1.55091;-1.55081;-1.55054;-1.55005;-1.54921;-1.54792;-1.54601;-1.54327;-1.53938;-1.53389
1;2556014833645;50;absz;9.23688e+06;7.89487e+06;6.73415e+06;5.75817e+06;4.91736e+06;4.19726e+06;3.58477e+06;3.06083e+06;2.61309e+06;2.23012e+06;1.90497e+06;1.62685e+06;1.38915e+06;1.18599e+06;1.01278e+06;864776;738434;630494;538365;459691;392494;335115;286130;244297;208577;178075;152032;129795;110810;94599.1;80757.4;68939.7;58850.7;50238;42883.8;36605.2;31244.7;26667.2;22758.6;19421.8;16572;14137.6;12058.5;10282.1;8763.61;7465.27;6354.54;5403.34;4587.89;3887.86
1;2556014833645;50;frequency;199.9999999213742;234.625769479635;275.2462588517801;322.8993264769997;378.802514688914;444.3841576318164;521.3198749487447;611.5753842550475;717.456725922716;841.6691823498468;987.3863981368913;1158.33146786315;1358.872060208682;1594.132014446359;1870.122253535556;2193.894364737048;2573.720768452858;3019.306079821149;3542.035062906734;4155.263512473084;4874.659497176026;5718.603679767398;6708.658946337209;7870.121340545211;9232.666380967203;10831.10727442716;12706.28439819177;14906.10877695531;17486.78621595445;20514.25336674129;24065.86241733066;28232.35745111674;33120.19296963342;38854.25382030405;45581.04601983359;53472.44000269313;62730.06193403319;73590.44528463698;86331.07429211862;101277.4737211686;118811.5260634959;139381.228686517;163512.140226203;191820.8086789974;225030.524286467;263989.7996954232;309694.0495706946;363311.0235703185;426210.642505751;499999.9999999716
1;2556014833645;50;phasez;-1.55335;-1.55194;-1.55103;-1.55205;-1.5525;-1.55281;-1.55268;-1.55263;-1.55306;-1.55283;-1.55327;-1.55337;-1.5532;-1.55327;-1.5535;-1.55332;-1.55341;-1.55344;-1.55343;-1.55338;-1.5533;-1.55323;-1.55311;-1.55292;-1.55272;-1.55244;-1.55207;-1.55162;-1.55105;-1.55037;-1.54952;-1.54851;-1.54731;-1.54587;-1.54416;-1.54215;-1.53976;-1.53694;-1.5336;-1.52966;-1.52502;-1.51953;-1.51304;-1.50541;-1.49638;-1.48571;-1.47306;-1.45805;-1.44014;-1.41867
2;2556785801579;50;absz;97512.9;87214.3;77948;69717.1;62343.4;55738.7;49850;44570.5;39848.2;35636;31863.4;28487.1;25473.3;22778.2;20365.5;18209.3;16281.3;14557.8;13017.1;11638.9;10406.9;9305.15;8320.35;7439.07;6651.46;5947.31;5317.58;4754.38;4250.76;3800.45;3397.67;3037.52;2715.34;2427.24;2169.49;1938.99;1732.82;1548.36;1383.32;1235.67;1103.59;985.424;879.724;785.198;700.826;625.523;558.474;498.992;446.546;400.74
2;2556785801579;50;frequency;20000.00000002444;22385.53853899816;25055.61678390222;28044.17375656954;31389.19662092121;35133.2035329932;39323.78408414649;44014.2042055669;49264.08322518227;55140.1516811012;61717.09952482729;69078.52549602467;77317.99973512921;86540.25314108083;96862.50859274992;108415.9709538568;121347.4948009008;135821.4510731415;152021.8163702936;170154.5114554648;190450.0186878266;213166.3116533389;238592.1342356312;267050.6708003728;298903.6541519141;334555.9634717432;374460.7706856584;419125.3006744233;469117.2785435782;525072.1459047724;587701.13789258;657800.3235824071;736260.7247225839;824079.6413975459;922373.3285811875;1032391.184709951;1155531.632626961;1293359.894754076;1447627.888434013;1620296.494325686;1813560.480908265;2029876.401899315;2271993.821195295;2542990.262224833;2846310.325953354;3185809.474764127;3565803.038745301;3991121.067296888;4467169.723268114;4999999.999999929
2;2556785801579;50;phasez;-1.55389;-1.55374;-1.55348;-1.5532;-1.55251;-1.55229;-1.55153;-1.55089;-1.55006;-1.54923;-1.54819;-1.54688;-1.54555;-1.54405;-1.54219;-1.54018;-1.5379;-1.53539;-1.53255;-1.52935;-1.5257;-1.52172;-1.51719;-1.51214;-1.50648;-1.50015;-1.49306;-1.48513;-1.47624;-1.4663;-1.45517;-1.4427;-1.42871;-1.41304;-1.39545;-1.37574;-1.3536;-1.32873;-1.30076;-1.2693;-1.23385;-1.19386;-1.14868;-1.09755;-1.0395;-0.973608;-0.898489;-0.812718;-0.71457;-0.602122
3;2557103044276;20;absz;19821.5;16161;13174;10736.5;8751.88;7134.37;5814.6;4739.56;3862.47;3147.76;2564.69;2088.99;1700.97;1384.43;1126;915.086;743.012;603.025;489.832;399.756
3;2557103044276;20;frequency;99999.99999990905;122862.535599424;150952.0265389597;185463.4873444638;227865.1431623047;279960.8926363817;343967.05137965;422606.6409511731;519225.2346839865;637933.2888043621;783781.0140572543;962973.2274171232;1183133.324347452;1453627.601814205;1785963.729760951;2194280.323268956;2695948.443325946;3312310.615921419;4069588.809647371;4999999.999999929
3;2557103044276;20;phasez;-1.54129;-1.53789;-1.53356;-1.52815;-1.52164;-1.51337;-1.5032;-1.49067;-1.47527;-1.45626;-1.43279;-1.40382;-1.36801;-1.32367;-1.26856;-1.19985;-1.1136;-1.00469;-0.865911;-0.68774
