0;4583179011853;20;absz;1.50999e+08;1.09768e+08;7.9808e+07;5.80193e+07;4.217e+07;3.06606e+07;2.22718e+07;1.61811e+07;1.17537e+07;8.53674e+06;6.19908e+06;4.50041e+06;3.26677e+06;2.37086e+06;1.72036e+06;1.24815e+06;905408;656664;476191;345257
0;4583179011853;20;frequency;9.999999974752427;13.86918846435492;19.23543905490988;26.67799336109056;37.00021196095804;51.31629158938722;71.17153245417285;98.70914048804025;136.9015682683994;189.8713664161278;263.3361782500288;365.2259113806622;506.5387032487934;702.5280792305466;974.3494403835484;1351.343611730726;1874.203936580443;2599.368780806799;3605.113577052066;4999.99999995282
0;4583179011853;20;phasez;-1.52735;-1.52856;-1.52956;-1.53081;-1.53164;-1.53203;-1.5334;-1.53411;-1.53486;-1.53548;-1.53607;-1.53647;-1.53676;-1.53676;-1.5364;-1.53561;-1.53413;-1.53182;-1.52831;-1.52314
1;4583947177795;50;absz;8.02171e+06;6.89106e+06;5.89157e+06;5.03432e+06;4.30478e+06;3.68091e+06;3.14943e+06;2.69216e+06;2.30242e+06;1.96807e+06;1.68313e+06;1.4388e+06;1.23045e+06;1.05193e+06;899308;768746;657195;561773;480242;410477;350846;299875;256301;219049;187212;159998;136735;116853;99860.1;85339;72927;62319.5;53254.8;45508;38887.4;33230.2;28394.4;24261.7;20729.1;17709.2;15127.6;12919.9;11032;9416.66;8034.55;6851.19;5837.31;4968.22;4222.18;3580.93
1;4583947177795;50;frequency;199.9999999213742;234.625769479635;275.2462588517801;322.8993264769997;378.802514688914;444.3841576318164;521.3198749487447;611.5753842550475;717.456725922716;841.6691823498468;987.3863981368913;1158.33146786315;1358.872060208682;1594.132014446359;1870.122253535556;2193.894364737048;2573.720768452858;3019.306079821149;3542.035062906734;4155.263512473084;4874.659497176026;5718.603679767398;6708.658946337209;7870.121340545211;9232.666380967203;10831.10727442716;12706.28439819177;14906.10877695531;17486.78621595445;20514.25336674129;24065.86241733066;28232.35745111674;33120.19296963342;38854.25382030405;45581.04601983359;53472.44000269313;62730.06193403319;73590.44528463698;86331.07429211862;101277.4737211686;118811.5260634959;139381.228686517;163512.140226203;191820.8086789974;225030.524286467;263989.7996954232;309694.0495706946;363311.0235703185;426210.642505751;499999.9999999716
1;4583947177795;50;phasez;-1.53395;-1.5395;-1.53819;-1.53787;-1.53807;-1.53805;-1.53875;-1.53922;-1.5396;-1.53996;-1.54037;-1.54074;-1.54099;-1.54115;-1.54148;-1.54169;-1.54195;-1.54212;-1.5423;-1.5424;-1.54251;-1.54254;-1.54255;-1.54246;-1.54233;-1.54212;-1.5418;-1.54137;-1.54082;-1.54013;-1.53931;-1.53831;-1.53709;-1.53564;-1.53393;-1.53193;-1.52956;-1.52678;-1.5235;-1.51966;-1.51514;-1.50983;-1.50356;-1.49616;-1.48743;-1.47709;-1.46482;-1.45021;-1.43275;-1.41176
2;4584714487092;50;absz;87937.7;78691.3;70416.8;63022.6;56379.2;50461.7;45155;40408.2;36160.2;32360.1;28954;25907.7;23184.5;20746.1;18564;16612;14865.7;13302.1;11903.5;10651.5;9530.95;8528.27;7631.01;6827.44;6108.92;5465.76;4890.01;4374.78;3913.7;3501.01;3131.67;2801.06;2505.18;2240.29;2003.2;1790.98;1600.96;1430.92;1278.63;1142.31;1020.26;911.002;813.206;725.674;647.478;577.614;515.357;460.084;411.243;368.501
2;4584714487092;50;frequency;20000.00000002444;22385.53853899816;25055.61678390222;28044.17375656954;31389.19662092121;35133.2035329932;39323.78408414649;44014.2042055669;49264.08322518227;55140.1516811012;61717.09952482729;69078.52549602467;77317.99973512921;86540.25314108083;96862.50859274992;108415.9709538568;121347.4948009008;135821.4510731415;152021.8163702936;170154.5114554648;190450.0186878266;213166.3116533389;238592.1342356312;267050.6708003728;298903.6541519141;334555.9634717432;374460.7706856584;419125.3006744233;469117.2785435782;525072.1459047724;587701.13789258;657800.3235824071;736260.7247225839;824079.6413975459;922373.3285811875;1032391.184709951;1155531.632626961;1293359.894754076;1447627.888434013;1620296.494325686;1813560.480908265;2029876.401899315;2271993.821195295;2542990.262224833;2846310.325953354;3185809.474764127;3565803.038745301;3991121.067296888;4467169.723268114;4999999.999999929
2;4584714487092;50;phasez;-1.54384;-1.54392;-1.54333;-1.54293;-1.54253;-1.54205;-1.54139;-1.54065;-1.53991;-1.5389;-1.53799;-1.53683;-1.53548;-1.53389;-1.53219;-1.53026;-1.5281;-1.52568;-1.52291;-1.51989;-1.51644;-1.51266;-1.50833;-1.50351;-1.49814;-1.49209;-1.48529;-1.47765;-1.46912;-1.45953;-1.44874;-1.43663;-1.42304;-1.40776;-1.3906;-1.3713;-1.34959;-1.32516;-1.29766;-1.26665;-1.23167;-1.19216;-1.14748;-1.0968;-1.03929;-0.973863;-0.899228;-0.813923;-0.71624;-0.604207
3;4585034833249;20;absz;18074.1;14756.6;12044.5;9831.04;8025.29;6549.49;5345.26;4361.65;3558.39;2902.75;2366.98;1929.3;1571.93;1279.81;1041.1;845.984;686.621;556.773;451.579;367.616
3;4585034833249;20;frequency;99999.99999990905;122862.535599424;150952.0265389597;185463.4873444638;227865.1431623047;279960.8926363817;343967.05137965;422606.6409511731;519225.2346839865;637933.2888043621;783781.0140572543;962973.2274171232;1183133.324347452;1453627.601814205;1785963.729760951;2194280.323268956;2695948.443325946;3312310.615921419;4069588.809647371;4999999.999999929
3;4585034833249;20;phasez;-1.53126;-1.52802;-1.52393;-1.51888;-1.51261;-1.50481;-1.4952;-1.48324;-1.46844;-1.45007;-1.42732;-1.39912;-1.3641;-1.32057;-1.26634;-1.19849;-1.11314;-1.00513;-0.867227;-0.68986
