0;4385170063170;20;absz;1.52754e+08;1.11105e+08;8.07459e+07;5.87079e+07;4.26737e+07;3.10153e+07;2.25226e+07;1.63592e+07;1.18826e+07;8.62777e+06;6.26346e+06;4.54618e+06;3.29921e+06;2.39385e+06;1.73672e+06;1.25976e+06;913636;662494;480310;348168
0;4385170063170;20;frequency;9.999999974752427;13.86918846435492;19.23543905490988;26.67799336109056;37.00021196095804;51.31629158938722;71.17153245417285;98.70914048804025;136.9015682683994;189.8713664161278;263.3361782500288;365.2259113806622;506.5387032487934;702.5280792305466;974.3494403835484;1351.343611730726;1874.203936580443;2599.368780806799;3605.113577052066;4999.99999995282
0;4385170063170;20;phasez;-1.52863;-1.52976;-1.53094;-1.53175;-1.53293;-1.53347;-1.53445;-1.53521;-1.53599;-1.53663;-1.5372;-1.53761;-1.53783;-1.5378;-1.53743;-1.5366;-1.53516;-1.53284;-1.5293;-1.5241
1;4385942036522;50;absz;8.13337e+06;6.96128e+06;5.94289e+06;5.08668e+06;4.34972e+06;3.7196e+06;3.17922e+06;2.71937e+06;2.32322e+06;1.98788e+06;1.69939e+06;1.45283e+06;1.24165e+06;1.0615e+06;907373;775700;663037;566687;484388;413978;353808;302372;258405;220831;188714;161263;137805;117759;100625;85985.4;73472.4;62782;53646.6;45840.7;39168.9;33468.3;28596.6;24431.9;20873.3;17831.6;15230.8;13007.2;11105.6;9478.71;8086.88;6895.28;5874.55;4999.51;4248.39;3602.88
1;4385942036522;50;frequency;199.9999999213742;234.625769479635;275.2462588517801;322.8993264769997;378.802514688914;444.3841576318164;521.3198749487447;611.5753842550475;717.456725922716;841.6691823498468;987.3863981368913;1158.33146786315;1358.872060208682;1594.132014446359;1870.122253535556;2193.894364737048;2573.720768452858;3019.306079821149;3542.035062906734;4155.263512473084;4874.659497176026;5718.603679767398;6708.658946337209;7870.121340545211;9232.666380967203;10831.10727442716;12706.28439819177;14906.10877695531;17486.78621595445;20514.25336674129;24065.86241733066;28232.35745111674;33120.19296963342;38854.25382030405;45581.04601983359;53472.44000269313;62730.06193403319;73590.44528463698;86331.07429211862;101277.4737211686;118811.5260634959;139381.228686517;163512.140226203;191820.8086789974;225030.524286467;263989.7996954232;309694.0495706946;363311.0235703185;426210.642505751;499999.9999999716
1;4385942036522;50;phasez;-1.53577;-1.53851;-1.54036;-1.53863;-1.53949;-1.53887;-1.53981;-1.54034;-1.54072;-1.54139;-1.54147;-1.54162;-1.5421;-1.54227;-1.54247;-1.54277;-1.54293;-1.54318;-1.5433;-1.54344;-1.54352;-1.54355;-1.54352;-1.54342;-1.54326;-1.54302;-1.54268;-1.54224;-1.54168;-1.54098;-1.54011;-1.53908;-1.53785;-1.53638;-1.53466;-1.53265;-1.53027;-1.52749;-1.52423;-1.52039;-1.51588;-1.51057;-1.50431;-1.49693;-1.4882;-1.47787;-1.4656;-1.451;-1.43355;-1.41256
2;4386710294658;50;absz;88606.7;79313.9;70947.4;63491.8;56813.9;50833.6;45493.5;40704.3;36419.7;32588.6;29160.1;26092.5;23345;20890.2;18693.2;16727.2;14967;13392.4;11982.9;10722.5;9593.94;8584.09;7680.47;6871.54;6147.91;5500.41;4920.82;4402.19;3937.88;3522.43;3150.66;2817.81;2520.01;2253.47;2014.86;1801.28;1610.12;1438.98;1285.79;1148.61;1025.85;915.94;817.561;729.516;650.896;580.66;518.057;462.474;413.386;370.427
2;4386710294658;50;frequency;20000.00000002444;22385.53853899816;25055.61678390222;28044.17375656954;31389.19662092121;35133.2035329932;39323.78408414649;44014.2042055669;49264.08322518227;55140.1516811012;61717.09952482729;69078.52549602467;77317.99973512921;86540.25314108083;96862.50859274992;108415.9709538568;121347.4948009008;135821.4510731415;152021.8163702936;170154.5114554648;190450.0186878266;213166.3116533389;238592.1342356312;267050.6708003728;298903.6541519141;334555.9634717432;374460.7706856584;419125.3006744233;469117.2785435782;525072.1459047724;587701.13789258;657800.3235824071;736260.7247225839;824079.6413975459;922373.3285811875;1032391.184709951;1155531.632626961;1293359.894754076;1447627.888434013;1620296.494325686;1813560.480908265;2029876.401899315;2271993.821195295;2542990.262224833;2846310.325953354;3185809.474764127;3565803.038745301;3991121.067296888;4467169.723268114;4999999.999999929
2;4386710294658;50;phasez;-1.54433;-1.54432;-1.54396;-1.54375;-1.54322;-1.5428;-1.54209;-1.5415;-1.54065;-1.5397;-1.53872;-1.53753;-1.53611;-1.53465;-1.53286;-1.53098;-1.52886;-1.52635;-1.52373;-1.52062;-1.51721;-1.5134;-1.50911;-1.50431;-1.49892;-1.49288;-1.48609;-1.47846;-1.46991;-1.46033;-1.44954;-1.43744;-1.42384;-1.40856;-1.39141;-1.37211;-1.35041;-1.32599;-1.29848;-1.26748;-1.2325;-1.19299;-1.14829;-1.09763;-1.04011;-0.974686;-0.900056;-0.814767;-0.717081;-0.605049
3;4387026424133;20;absz;18201.5;14857.7;12126.9;9897.3;8078.25;6592.2;5379.33;4389.06;3580.44;2920.33;2381.03;1940.5;1580.89;1286.98;1046.86;850.577;690.302;559.718;453.96;369.568
3;4387026424133;20;frequency;99999.99999990905;122862.535599424;150952.0265389597;185463.4873444638;227865.1431623047;279960.8926363817;343967.05137965;422606.6409511731;519225.2346839865;637933.2888043621;783781.0140572543;962973.2274171232;1183133.324347452;1453627.601814205;1785963.729760951;2194280.323268956;2695948.443325946;3312310.615921419;4069588.809647371;4999999.999999929
3;4387026424133;20;phasez;-1.53211;-1.52868;-1.52468;-1.51963;-1.51339;-1.50563;-1.49601;-1.48407;-1.46925;-1.45091;-1.42815;-1.39994;-1.36493;-1.3214;-1.26716;-1.19932;-1.11396;-1.00595;-0.868052;-0.690726
