0;1553758220862;20;absz;1.99691e+08;1.44495e+08;1.04373e+08;7.54963e+07;5.4562e+07;3.94418e+07;2.85053e+07;2.05989e+07;1.48866e+07;1.07591e+07;7.77536e+06;5.62e+06;4.062e+06;2.93584e+06;2.12194e+06;1.53369e+06;1.10853e+06;801248;579166;418660
0;1553758220862;20;frequency;9.999999974752427;13.86918846435492;19.23543905490988;26.67799336109056;37.00021196095804;51.31629158938722;71.17153245417285;98.70914048804025;136.9015682683994;189.8713664161278;263.3361782500288;365.2259113806622;506.5387032487934;702.5280792305466;974.3494403835484;1351.343611730726;1874.203936580443;2599.368780806799;3605.113577052066;4999.99999995282
0;1553758220862;20;phasez;-1.55605;-1.55655;-1.55771;-1.55779;-1.55826;-1.55899;-1.55877;-1.55871;-1.55863;-1.5584;-1.55802;-1.55758;-1.55696;-1.55611;-1.5549;-1.55323;-1.55088;-1.54765;-1.54318;-1.53704
1;1554526578582;50;absz;1.00997e+07;8.63949e+06;7.37256e+06;6.29917e+06;5.3683e+06;4.58156e+06;3.91321e+06;3.34087e+06;2.85011e+06;2.43332e+06;2.07555e+06;1.77176e+06;1.51186e+06;1.29019e+06;1.10099e+06;939640;801964;684454;584175;498581;425524;363191;309993;264588;225849;192784;164561;140476;119924;102379;87402.7;74621.1;63710.3;54396.5;46445.2;39657.4;33861.6;28912.5;24686.4;21077.4;17994.4;15360.5;13109.7;11185.8;9540.82;8133.36;6928.55;5896.1;5010.47;4249.52
1;1554526578582;50;frequency;199.9999999213742;234.625769479635;275.2462588517801;322.8993264769997;378.802514688914;444.3841576318164;521.3198749487447;611.5753842550475;717.456725922716;841.6691823498468;987.3863981368913;1158.33146786315;1358.872060208682;1594.132014446359;1870.122253535556;2193.894364737048;2573.720768452858;3019.306079821149;3542.035062906734;4155.263512473084;4874.659497176026;5718.603679767398;6708.658946337209;7870.121340545211;9232.666380967203;10831.10727442716;12706.28439819177;14906.10877695531;17486.78621595445;20514.25336674129;24065.86241733066;28232.35745111674;33120.19296963342;38854.25382030405;45581.04601983359;53472.44000269313;62730.06193403319;73590.44528463698;86331.07429211862;101277.4737211686;118811.5260634959;139381.228686517;163512.140226203;191820.8086789974;225030.524286467;263989.7996954232;309694.0495706946;363311.0235703185;426210.642505751;499999.9999999716
1;1554526578582;50;phasez;-1.56062;-1.55902;-1.55967;-1.5608;-1.5588;-1.55878;-1.55907;-1.55934;-1.55943;-1.55901;-1.55885;-1.55883;-1.55864;-1.55838;-1.55816;-1.558;-1.55773;-1.55755;-1.55722;-1.55693;-1.55655;-1.55611;-1.55566;-1.55509;-1.55448;-1.5538;-1.55303;-1.55212;-1.55112;-1.54998;-1.54872;-1.54725;-1.54559;-1.5437;-1.54157;-1.5391;-1.53627;-1.53301;-1.52925;-1.52491;-1.51987;-1.514;-1.50717;-1.49919;-1.48985;-1.47889;-1.46597;-1.4507;-1.43256;-1.41087
2;1555297721435;50;absz;105536;94365.6;84413;75461.8;67483.2;60355.8;53970.5;48273;43176.1;38612.6;34536.4;30884.2;27624.5;24705.3;22101.2;19767.3;17682.1;15816.2;14149.7;12656.9;11322;10128.9;9060.87;8105.95;7251.53;6487.32;5803.66;5192.27;4645.01;4155.46;3717.46;3325.48;2974.83;2661;2380.16;2128.79;1903.83;1702.44;1522.22;1360.83;1216.43;1087.18;971.514;868.021;775.648;693.167;619.753;554.665;497.293;447.275
2;1555297721435;50;frequency;20000.00000002444;22385.53853899816;25055.61678390222;28044.17375656954;31389.19662092121;35133.2035329932;39323.78408414649;44014.2042055669;49264.08322518227;55140.1516811012;61717.09952482729;69078.52549602467;77317.99973512921;86540.25314108083;96862.50859274992;108415.9709538568;121347.4948009008;135821.4510731415;152021.8163702936;170154.5114554648;190450.0186878266;213166.3116533389;238592.1342356312;267050.6708003728;298903.6541519141;334555.9634717432;374460.7706856584;419125.3006744233;469117.2785435782;525072.1459047724;587701.13789258;657800.3235824071;736260.7247225839;824079.6413975459;922373.3285811875;1032391.184709951;1155531.632626961;1293359.894754076;1447627.888434013;1620296.494325686;1813560.480908265;2029876.401899315;2271993.821195295;2542990.262224833;2846310.325953354;3185809.474764127;3565803.038745301;3991121.067296888;4467169.723268114;4999999.999999929
2;1555297721435;50;phasez;-1.5535;-1.55311;-1.55267;-1.55199;-1.55133;-1.55029;-1.5494;-1.54851;-1.54736;-1.54604;-1.5448;-1.54321;-1.54151;-1.53965;-1.53758;-1.53529;-1.53275;-1.53;-1.52683;-1.52338;-1.5196;-1.51532;-1.51056;-1.5053;-1.49945;-1.49295;-1.48567;-1.47755;-1.46852;-1.45843;-1.44715;-1.43454;-1.42044;-1.40465;-1.38698;-1.36717;-1.34496;-1.32003;-1.29202;-1.26052;-1.22505;-1.18506;-1.13988;-1.08877;-1.03075;-0.964902;-0.889865;-0.804209;-0.706208;-0.593961
3;1555615281053;20;absz;21512.8;17551.5;14321.3;11681.2;9529.98;7776.27;6343.96;5176.51;4223.52;3445.9;2811.18;2292.74;1869.27;1523.64;1241.11;1010.35;821.967;668.625;544.681;446.228
3;1555615281053;20;frequency;99999.99999990905;122862.535599424;150952.0265389597;185463.4873444638;227865.1431623047;279960.8926363817;343967.05137965;422606.6409511731;519225.2346839865;637933.2888043621;783781.0140572543;962973.2274171232;1183133.324347452;1453627.601814205;1785963.729760951;2194280.323268956;2695948.443325946;3312310.615921419;4069588.809647371;4999999.999999929
3;1555615281053;20;phasez;-1.53663;-1.53268;-1.52782;-1.52207;-1.51494;-1.50633;-1.49589;-1.48305;-1.46737;-1.44809;-1.42443;-1.39528;-1.35936;-1.3149;-1.25975;-1.19103;-1.1048;-0.995987;-0.857363;-0.679518
