0;4510661665878;20;absz;1.51535e+08;1.10241e+08;8.01365e+07;5.82602e+07;4.23466e+07;3.07728e+07;2.23669e+07;1.62471e+07;1.18012e+07;8.57005e+06;6.22253e+06;4.5171e+06;3.27849e+06;2.37913e+06;1.7262e+06;1.2523e+06;908342;658752;477659;346290
0;4510661665878;20;frequency;9.999999974752427;13.86918846435492;19.23543905490988;26.67799336109056;37.00021196095804;51.31629158938722;71.17153245417285;98.70914048804025;136.9015682683994;189.8713664161278;263.3361782500288;365.2259113806622;506.5387032487934;702.5280792305466;974.3494403835484;1351.343611730726;1874.203936580443;2599.368780806799;3605.113577052066;4999.99999995282
0;4510661665878;20;phasez;-1.52755;-1.52884;-1.52971;-1.5312;-1.53197;-1.53337;-1.53365;-1.53451;-1.53522;-1.53591;-1.53651;-1.53694;-1.53718;-1.53718;-1.53681;-1.53597;-1.53452;-1.53221;-1.52869;-1.5235
1;4511432119769;50;absz;8.06757e+06;6.8964e+06;5.8991e+06;5.05151e+06;4.32291e+06;3.69591e+06;3.15858e+06;2.70117e+06;2.31058e+06;1.9747e+06;1.68908e+06;1.44382e+06;1.23433e+06;1.05529e+06;902264;771241;659312;563576;481706;411728;351904;300759;257053;219682;187749;160449;137114;117176;100132;85568;73120.8;62483.7;53392.9;45625.9;38987.8;33315.1;28466.4;24322.6;20780.6;17753;15164.5;12951.2;11058.4;9439.13;8053.6;6867.35;5851.04;4979.73;4231.89;3589.08
1;4511432119769;50;frequency;199.9999999213742;234.625769479635;275.2462588517801;322.8993264769997;378.802514688914;444.3841576318164;521.3198749487447;611.5753842550475;717.456725922716;841.6691823498468;987.3863981368913;1158.33146786315;1358.872060208682;1594.132014446359;1870.122253535556;2193.894364737048;2573.720768452858;3019.306079821149;3542.035062906734;4155.263512473084;4874.659497176026;5718.603679767398;6708.658946337209;7870.121340545211;9232.666380967203;10831.10727442716;12706.28439819177;14906.10877695531;17486.78621595445;20514.25336674129;24065.86241733066;28232.35745111674;33120.19296963342;38854.25382030405;45581.04601983359;53472.44000269313;62730.06193403319;73590.44528463698;86331.07429211862;101277.4737211686;118811.5260634959;139381.228686517;163512.140226203;191820.8086789974;225030.524286467;263989.7996954232;309694.0495706946;363311.0235703185;426210.642505751;499999.9999999716
1;4511432119769;50;phasez;-1.53497;-1.53881;-1.53888;-1.53752;-1.53927;-1.53908;-1.5389;-1.53952;-1.54005;-1.54028;-1.54074;-1.54103;-1.54124;-1.5417;-1.54189;-1.54209;-1.54228;-1.54255;-1.54265;-1.54277;-1.54292;-1.54291;-1.54293;-1.54284;-1.54267;-1.54244;-1.54211;-1.54168;-1.54113;-1.54043;-1.53959;-1.53857;-1.53734;-1.53589;-1.53417;-1.53216;-1.52979;-1.527;-1.52373;-1.51988;-1.51536;-1.51004;-1.50378;-1.49639;-1.48765;-1.47731;-1.46505;-1.45045;-1.43299;-1.412
2;4512201238823;50;absz;88150.6;78904.7;70614.1;63185.4;56535.4;50596;45279.1;40517.1;36249.6;32439.8;29030.9;25973.5;23242.6;20797.8;18609.3;16652.8;14901.8;13335.3;11932;10676.6;9553.92;8548.72;7648.92;6843.93;6123.3;5478.62;4901.52;4384.95;3922.72;3509.05;3138.84;2807.39;2510.76;2245.23;2007.6;1794.87;1604.44;1433.97;1281.34;1144.7;1022.39;912.883;814.872;727.149;648.788;578.793;516.41;461.028;412.093;369.274
2;4512201238823;50;frequency;20000.00000002444;22385.53853899816;25055.61678390222;28044.17375656954;31389.19662092121;35133.2035329932;39323.78408414649;44014.2042055669;49264.08322518227;55140.1516811012;61717.09952482729;69078.52549602467;77317.99973512921;86540.25314108083;96862.50859274992;108415.9709538568;121347.4948009008;135821.4510731415;152021.8163702936;170154.5114554648;190450.0186878266;213166.3116533389;238592.1342356312;267050.6708003728;298903.6541519141;334555.9634717432;374460.7706856584;419125.3006744233;469117.2785435782;525072.1459047724;587701.13789258;657800.3235824071;736260.7247225839;824079.6413975459;922373.3285811875;1032391.184709951;1155531.632626961;1293359.894754076;1447627.888434013;1620296.494325686;1813560.480908265;2029876.401899315;2271993.821195295;2542990.262224833;2846310.325953354;3185809.474764127;3565803.038745301;3991121.067296888;4467169.723268114;4999999.999999929
2;4512201238823;50;phasez;-1.54406;-1.54389;-1.54353;-1.54326;-1.54278;-1.5422;-1.54173;-1.54098;-1.54017;-1.53924;-1.53815;-1.53696;-1.53567;-1.53412;-1.5324;-1.53046;-1.52822;-1.52586;-1.52314;-1.5201;-1.5167;-1.51285;-1.50857;-1.50377;-1.49835;-1.49229;-1.48551;-1.47792;-1.46935;-1.45976;-1.44899;-1.43688;-1.42328;-1.40801;-1.39085;-1.37155;-1.34985;-1.32541;-1.2979;-1.26689;-1.23191;-1.19239;-1.1477;-1.09703;-1.03949;-0.974067;-0.899429;-0.814119;-0.716429;-0.604407
3;4512517682917;20;absz;18120.8;14793.8;12074.6;9854.73;8044.31;6565.26;5357.55;4371.66;3566.51;2909.22;2372.15;1933.39;1575.22;1282.44;1043.21;847.697;688.013;557.881;452.494;368.381
3;4512517682917;20;frequency;99999.99999990905;122862.535599424;150952.0265389597;185463.4873444638;227865.1431623047;279960.8926363817;343967.05137965;422606.6409511731;519225.2346839865;637933.2888043621;783781.0140572543;962973.2274171232;1183133.324347452;1453627.601814205;1785963.729760951;2194280.323268956;2695948.443325946;3312310.615921419;4069588.809647371;4999999.999999929
3;4512517682917;20;phasez;-1.53155;-1.52825;-1.52418;-1.5191;-1.51282;-1.50508;-1.49548;-1.4835;-1.4687;-1.45034;-1.42759;-1.39938;-1.36436;-1.32083;-1.26658;-1.19873;-1.11337;-1.00535;-0.867433;-0.690059
