0;1612341378427;20;absz;1.98431e+08;1.43477e+08;1.03771e+08;7.50081e+07;5.42343e+07;3.91862e+07;2.8343e+07;2.04845e+07;1.48048e+07;1.0701e+07;7.73444e+06;5.58991e+06;4.04025e+06;2.92e+06;2.11035e+06;1.52518e+06;1.10227e+06;796670;575810;416218
0;1612341378427;20;frequency;9.999999974752427;13.86918846435492;19.23543905490988;26.67799336109056;37.00021196095804;51.31629158938722;71.17153245417285;98.70914048804025;136.9015682683994;189.8713664161278;263.3361782500288;365.2259113806622;506.5387032487934;702.5280792305466;974.3494403835484;1351.343611730726;1874.203936580443;2599.368780806799;3605.113577052066;4999.99999995282
0;1612341378427;20;phasez;-1.55529;-1.55646;-1.55617;-1.55676;-1.55748;-1.55761;-1.558;-1.55814;-1.55815;-1.55808;-1.55789;-1.55754;-1.55703;-1.55626;-1.55513;-1.55348;-1.55117;-1.54795;-1.5435;-1.53736
1;1613109498107;50;absz;1.01027e+07;8.59466e+06;7.33778e+06;6.25976e+06;5.33659e+06;4.55584e+06;3.89059e+06;3.32035e+06;2.83439e+06;2.42012e+06;2.06408e+06;1.76161e+06;1.50363e+06;1.28305e+06;1.09479e+06;934361;797399;680551;580786;495642;423031;361044;308154;263027;224505;191629;163573;139629;119193;101751;86863.5;74156.4;63309.9;54052.3;46149.4;39401.1;33640.6;28722.3;24521.9;20934.8;17871.4;15254.2;13018.1;11106.6;9472.51;8074.44;6877.95;5852.62;4973.12;4217.5
1;1613109498107;50;frequency;199.9999999213742;234.625769479635;275.2462588517801;322.8993264769997;378.802514688914;444.3841576318164;521.3198749487447;611.5753842550475;717.456725922716;841.6691823498468;987.3863981368913;1158.33146786315;1358.872060208682;1594.132014446359;1870.122253535556;2193.894364737048;2573.720768452858;3019.306079821149;3542.035062906734;4155.263512473084;4874.659497176026;5718.603679767398;6708.658946337209;7870.121340545211;9232.666380967203;10831.10727442716;12706.28439819177;14906.10877695531;17486.78621595445;20514.25336674129;24065.86241733066;28232.35745111674;33120.19296963342;38854.25382030405;45581.04601983359;53472.44000269313;62730.06193403319;73590.44528463698;86331.07429211862;101277.4737211686;118811.5260634959;139381.228686517;163512.140226203;191820.8086789974;225030.524286467;263989.7996954232;309694.0495706946;363311.0235703185;426210.642505751;499999.9999999716
1;1613109498107;50;phasez;-1.5559;-1.55948;-1.56023;-1.56032;-1.55953;-1.55856;-1.55967;-1.55908;-1.55926;-1.55893;-1.55884;-1.55902;-1.55882;-1.55868;-1.55867;-1.55825;-1.55811;-1.55786;-1.55757;-1.55728;-1.55687;-1.55647;-1.55598;-1.55543;-1.55485;-1.55416;-1.55341;-1.55254;-1.55156;-1.55046;-1.54917;-1.54775;-1.54612;-1.54426;-1.54213;-1.5397;-1.5369;-1.53367;-1.52994;-1.52561;-1.52058;-1.51473;-1.50789;-1.49991;-1.49057;-1.47959;-1.46666;-1.45138;-1.43322;-1.41152
2;1613878432600;50;absz;104909;93764;83859.9;75014.5;67068.8;59964.7;53631.2;47963.4;42892.3;38361.5;34302.4;30674.9;27438.4;24537.9;21947.4;19630.1;17557.8;15706.1;14048.4;12566.9;11240.5;10055.3;8994.67;8046.25;7197.73;6438.93;5760.08;5152.79;4609.49;4123.59;3688.75;3299.69;2951.49;2639.92;2361.16;2111.75;1888.44;1688.63;1509.77;1349.66;1206.34;1078.08;963.337;860.675;769.038;687.211;614.356;549.781;492.859;443.227
2;1613878432600;50;frequency;20000.00000002444;22385.53853899816;25055.61678390222;28044.17375656954;31389.19662092121;35133.2035329932;39323.78408414649;44014.2042055669;49264.08322518227;55140.1516811012;61717.09952482729;69078.52549602467;77317.99973512921;86540.25314108083;96862.50859274992;108415.9709538568;121347.4948009008;135821.4510731415;152021.8163702936;170154.5114554648;190450.0186878266;213166.3116533389;238592.1342356312;267050.6708003728;298903.6541519141;334555.9634717432;374460.7706856584;419125.3006744233;469117.2785435782;525072.1459047724;587701.13789258;657800.3235824071;736260.7247225839;824079.6413975459;922373.3285811875;1032391.184709951;1155531.632626961;1293359.894754076;1447627.888434013;1620296.494325686;1813560.480908265;2029876.401899315;2271993.821195295;2542990.262224833;2846310.325953354;3185809.474764127;3565803.038745301;3991121.067296888;4467169.723268114;4999999.999999929
2;1613878432600;50;phasez;-1.55419;-1.55394;-1.55324;-1.55241;-1.5517;-1.55089;-1.54991;-1.54891;-1.54771;-1.54667;-1.54536;-1.54385;-1.54219;-1.54034;-1.53833;-1.53601;-1.53344;-1.53068;-1.52756;-1.52412;-1.52026;-1.51603;-1.5113;-1.506;-1.50014;-1.49363;-1.48634;-1.47825;-1.4692;-1.45909;-1.44781;-1.4352;-1.42108;-1.40529;-1.3876;-1.36779;-1.34556;-1.32061;-1.29258;-1.26105;-1.22557;-1.18554;-1.14036;-1.08921;-1.03117;-0.965292;-0.89022;-0.804518;-0.706489;-0.59417
3;1614195970483;20;absz;21365.6;17431.3;14218.8;11596.8;9460.16;7718.37;6296.2;5136.88;4190.73;3418.69;2788.74;2274.24;1854.02;1511.03;1230.73;1001.79;814.888;662.802;539.826;442.146
3;1614195970483;20;frequency;99999.99999990905;122862.535599424;150952.0265389597;185463.4873444638;227865.1431623047;279960.8926363817;343967.05137965;422606.6409511731;519225.2346839865;637933.2888043621;783781.0140572543;962973.2274171232;1183133.324347452;1453627.601814205;1785963.729760951;2194280.323268956;2695948.443325946;3312310.615921419;4069588.809647371;4999999.999999929
3;1614195970483;20;phasez;-1.53735;-1.5334;-1.52863;-1.52278;-1.51575;-1.50712;-1.49665;-1.48382;-1.46809;-1.44879;-1.42511;-1.39593;-1.35996;-1.31547;-1.26027;-1.1915;-1.10522;-0.996355;-0.857676;-0.679742
