0;1757380483979;20;absz;1.94867e+08;1.40977e+08;1.02019e+08;7.38273e+07;5.3405e+07;3.86071e+07;2.79332e+07;2.02012e+07;1.46073e+07;1.05609e+07;7.63504e+06;5.51978e+06;3.99026e+06;2.884e+06;2.08432e+06;1.50628e+06;1.08852e+06;786610;568438;410783
0;1757380483979;20;frequency;9.999999974752427;13.86918846435492;19.23543905490988;26.67799336109056;37.00021196095804;51.31629158938722;71.17153245417285;98.70914048804025;136.9015682683994;189.8713664161278;263.3361782500288;365.2259113806622;506.5387032487934;702.5280792305466;974.3494403835484;1351.343611730726;1874.203936580443;2599.368780806799;3605.113577052066;4999.99999995282
0;1757380483979;20;phasez;-1.55511;-1.55409;-1.55413;-1.55489;-1.55544;-1.55581;-1.556;-1.55635;-1.55662;-1.55675;-1.5568;-1.5567;-1.55649;-1.556;-1.55511;-1.55372;-1.55158;-1.54857;-1.54427;-1.53828
1;1758151632584;50;absz;9.94046e+06;8.49844e+06;7.22491e+06;6.1768e+06;5.27462e+06;4.50392e+06;3.84295e+06;3.28058e+06;2.79936e+06;2.38962e+06;2.03868e+06;1.73996e+06;1.48487e+06;1.26706e+06;1.08122e+06;922608;787306;671843;573358;489291;417536;356316;304080;259508;221477;189018;161322;137691;117525;100312;85625.1;73091.8;62394.2;53262.5;45469;38816.5;33136.6;28288.3;24148.4;20612.7;17594;15014.9;12811.5;10929;9319.29;7942.35;6763.98;5754.62;4888.9;4145.36
1;1758151632584;50;frequency;199.9999999213742;234.625769479635;275.2462588517801;322.8993264769997;378.802514688914;444.3841576318164;521.3198749487447;611.5753842550475;717.456725922716;841.6691823498468;987.3863981368913;1158.33146786315;1358.872060208682;1594.132014446359;1870.122253535556;2193.894364737048;2573.720768452858;3019.306079821149;3542.035062906734;4155.263512473084;4874.659497176026;5718.603679767398;6708.658946337209;7870.121340545211;9232.666380967203;10831.10727442716;12706.28439819177;14906.10877695531;17486.78621595445;20514.25336674129;24065.86241733066;28232.35745111674;33120.19296963342;38854.25382030405;45581.04601983359;53472.44000269313;62730.06193403319;73590.44528463698;86331.07429211862;101277.4737211686;118811.5260634959;139381.228686517;163512.140226203;191820.8086789974;225030.524286467;263989.7996954232;309694.0495706946;363311.0235703185;426210.642505751;499999.9999999716
1;1758151632584;50;phasez;-1.55803;-1.55743;-1.55991;-1.55797;-1.55854;-1.55821;-1.55838;-1.55866;-1.559;-1.55949;-1.55883;-1.55908;-1.55903;-1.55917;-1.55905;-1.55887;-1.55871;-1.55859;-1.55832;-1.55804;-1.55773;-1.55741;-1.55697;-1.55648;-1.55593;-1.5553;-1.55456;-1.55371;-1.55275;-1.55165;-1.55042;-1.549;-1.54739;-1.54555;-1.54344;-1.54103;-1.53826;-1.53506;-1.53136;-1.52707;-1.52207;-1.51626;-1.50947;-1.50152;-1.4922;-1.48125;-1.46835;-1.45309;-1.43495;-1.41325
2;1758918597656;50;absz;103419;92439.6;82672.2;73913.7;66105.5;59102.5;52845.7;47257.4;42257.5;37791.1;33793.4;30218;27025.2;24165.1;21612.4;19328.8;17286.3;15460.8;13827.3;12367;11061.4;9893.5;8849.15;7914.99;7079.54;6332.22;5663.69;5066.01;4531.36;4052.96;3625.1;3242.26;2899.74;2593.29;2319.18;2073.81;1854.27;1657.81;1481.99;1324.62;1183.79;1057.77;945;844.145;754.068;673.714;602.148;538.702;482.786;434.007
2;1758918597656;50;frequency;20000.00000002444;22385.53853899816;25055.61678390222;28044.17375656954;31389.19662092121;35133.2035329932;39323.78408414649;44014.2042055669;49264.08322518227;55140.1516811012;61717.09952482729;69078.52549602467;77317.99973512921;86540.25314108083;96862.50859274992;108415.9709538568;121347.4948009008;135821.4510731415;152021.8163702936;170154.5114554648;190450.0186878266;213166.3116533389;238592.1342356312;267050.6708003728;298903.6541519141;334555.9634717432;374460.7706856584;419125.3006744233;469117.2785435782;525072.1459047724;587701.13789258;657800.3235824071;736260.7247225839;824079.6413975459;922373.3285811875;1032391.184709951;1155531.632626961;1293359.894754076;1447627.888434013;1620296.494325686;1813560.480908265;2029876.401899315;2271993.821195295;2542990.262224833;2846310.325953354;3185809.474764127;3565803.038745301;3991121.067296888;4467169.723268114;4999999.999999929
2;1758918597656;50;phasez;-1.55586;-1.55506;-1.55422;-1.55346;-1.55301;-1.55213;-1.5513;-1.55017;-1.54922;-1.54804;-1.54672;-1.54521;-1.54355;-1.54173;-1.53965;-1.53751;-1.53497;-1.53219;-1.52912;-1.52571;-1.5219;-1.51761;-1.51294;-1.50769;-1.50182;-1.49534;-1.48807;-1.47998;-1.47093;-1.46084;-1.44956;-1.43694;-1.42283;-1.40703;-1.38934;-1.36951;-1.34726;-1.32229;-1.29424;-1.26268;-1.22716;-1.18709;-1.14186;-1.09068;-1.03259;-0.96666;-0.891536;-0.805778;-0.707673;-0.595284
3;1759234882295;20;absz;21041.2;17160.2;13996.4;11412.5;9308.04;7592.68;6192.06;5050.81;4119.27;3359.61;2739.75;2233.68;1820.48;1483.27;1207.77;982.798;799.185;649.755;528.957;432.972
3;1759234882295;20;frequency;99999.99999990905;122862.535599424;150952.0265389597;185463.4873444638;227865.1431623047;279960.8926363817;343967.05137965;422606.6409511731;519225.2346839865;637933.2888043621;783781.0140572543;962973.2274171232;1183133.324347452;1453627.601814205;1785963.729760951;2194280.323268956;2695948.443325946;3312310.615921419;4069588.809647371;4999999.999999929
3;1759234882295;20;phasez;-1.53869;-1.53483;-1.53021;-1.5244;-1.51738;-1.50881;-1.49838;-1.48551;-1.46983;-1.45055;-1.42683;-1.39767;-1.36166;-1.31713;-1.26187;-1.19303;-1.10668;-0.997722;-0.858935;-0.680856
