0;9948288053337;20;absz;1.36079e+08;9.92986e+07;7.23309e+07;5.26831e+07;3.8362e+07;2.7932e+07;2.03284e+07;1.47887e+07;1.07574e+07;7.82289e+06;5.68758e+06;4.13454e+06;3.00501e+06;2.18373e+06;1.58669e+06;1.1527e+06;837309;608124;441605;320621
0;9948288053337;20;frequency;9.999999974752427;13.86918846435492;19.23543905490988;26.67799336109056;37.00021196095804;51.31629158938722;71.17153245417285;98.70914048804025;136.9015682683994;189.8713664161278;263.3361782500288;365.2259113806622;506.5387032487934;702.5280792305466;974.3494403835484;1351.343611730726;1874.203936580443;2599.368780806799;3605.113577052066;4999.99999995282
0;9948288053337;20;phasez;-1.51081;-1.51334;-1.51684;-1.51934;-1.52149;-1.5238;-1.52507;-1.52643;-1.52753;-1.52855;-1.5293;-1.52985;-1.53018;-1.53019;-1.52986;-1.52907;-1.52757;-1.52523;-1.52172;-1.51657
1;9949057106012;50;absz;7.36223e+06;6.31367e+06;5.39103e+06;4.62714e+06;3.95427e+06;3.38392e+06;2.89583e+06;2.47812e+06;2.12005e+06;1.81459e+06;1.55226e+06;1.32843e+06;1.13638e+06;972080;831749;711498;608626;520583;445317;380917;325782;278654;238320;203827;174316;149074;127483;109021;93229.4;79723.4;68171.1;58293.7;49845.7;42621;36443;31159.4;26640.4;22775.6;19470.3;16642.9;14223.7;12154;10382.9;8867.02;7569.07;6457.47;5504.65;4687.38;3985.51;3381.94
1;9949057106012;50;frequency;199.9999999213742;234.625769479635;275.2462588517801;322.8993264769997;378.802514688914;444.3841576318164;521.3198749487447;611.5753842550475;717.456725922716;841.6691823498468;987.3863981368913;1158.33146786315;1358.872060208682;1594.132014446359;1870.122253535556;2193.894364737048;2573.720768452858;3019.306079821149;3542.035062906734;4155.263512473084;4874.659497176026;5718.603679767398;6708.658946337209;7870.121340545211;9232.666380967203;10831.10727442716;12706.28439819177;14906.10877695531;17486.78621595445;20514.25336674129;24065.86241733066;28232.35745111674;33120.19296963342;38854.25382030405;45581.04601983359;53472.44000269313;62730.06193403319;73590.44528463698;86331.07429211862;101277.4737211686;118811.5260634959;139381.228686517;163512.140226203;191820.8086789974;225030.524286467;263989.7996954232;309694.0495706946;363311.0235703185;426210.642505751;499999.9999999716
1;9949057106012;50;phasez;-1.52793;-1.53169;-1.53053;-1.53137;-1.53148;-1.53219;-1.53267;-1.53252;-1.533;-1.53343;-1.53378;-1.53425;-1.53436;-1.5346;-1.53479;-1.53512;-1.53537;-1.53554;-1.53571;-1.53591;-1.53594;-1.53602;-1.53604;-1.53598;-1.53587;-1.53567;-1.53541;-1.53503;-1.53453;-1.53391;-1.53313;-1.53218;-1.53105;-1.52968;-1.52806;-1.52614;-1.52386;-1.52115;-1.51795;-1.51418;-1.50972;-1.50443;-1.49819;-1.4908;-1.48205;-1.47166;-1.45933;-1.44464;-1.42709;-1.40599
2;9949826391874;50;absz;82125.5;73534.6;65833.4;58924.9;52769.5;47232.6;42295.4;37860.4;33888.8;30339.5;27159.2;24313.3;21764.3;19483.4;17441.3;15612.8;13976.7;12511.6;11199.8;10025.2;8973.56;8032.34;7189.75;6435.11;5759.75;5155.26;4614.03;4129.43;3695.56;3307.17;2959.41;2647.99;2369.2;2119.55;1896.01;1695.81;1516.55;1355.97;1212.14;1083.33;967.898;864.51;771.923;689.013;614.894;548.63;489.523;436.998;390.555;349.854
2;9949826391874;50;frequency;20000.00000002444;22385.53853899816;25055.61678390222;28044.17375656954;31389.19662092121;35133.2035329932;39323.78408414649;44014.2042055669;49264.08322518227;55140.1516811012;61717.09952482729;69078.52549602467;77317.99973512921;86540.25314108083;96862.50859274992;108415.9709538568;121347.4948009008;135821.4510731415;152021.8163702936;170154.5114554648;190450.0186878266;213166.3116533389;238592.1342356312;267050.6708003728;298903.6541519141;334555.9634717432;374460.7706856584;419125.3006744233;469117.2785435782;525072.1459047724;587701.13789258;657800.3235824071;736260.7247225839;824079.6413975459;922373.3285811875;1032391.184709951;1155531.632626961;1293359.894754076;1447627.888434013;1620296.494325686;1813560.480908265;2029876.401899315;2271993.821195295;2542990.262224833;2846310.325953354;3185809.474764127;3565803.038745301;3991121.067296888;4467169.723268114;4999999.999999929
2;9949826391874;50;phasez;-1.53777;-1.53746;-1.53706;-1.5368;-1.53626;-1.53598;-1.53531;-1.53477;-1.53412;-1.53314;-1.53226;-1.53106;-1.52976;-1.52834;-1.52669;-1.52477;-1.52272;-1.52026;-1.51758;-1.51454;-1.51109;-1.50727;-1.50297;-1.49812;-1.49267;-1.48656;-1.47972;-1.47205;-1.46341;-1.45374;-1.44289;-1.4307;-1.41703;-1.40167;-1.38442;-1.36504;-1.34325;-1.31874;-1.29114;-1.26005;-1.22497;-1.18537;-1.14057;-1.0898;-1.03211;-0.966509;-0.891665;-0.806105;-0.708094;-0.595643
3;9950143646915;20;absz;16979.2;13871.8;11329.7;9254.33;7559.29;6172.86;5041.18;4116.14;3360.74;2743.37;2238.69;1826.08;1488.97;1213.13;987.498;802.903;651.952;528.805;428.876;348.982
3;9950143646915;20;frequency;99999.99999990905;122862.535599424;150952.0265389597;185463.4873444638;227865.1431623047;279960.8926363817;343967.05137965;422606.6409511731;519225.2346839865;637933.2888043621;783781.0140572543;962973.2274171232;1183133.324347452;1453627.601814205;1785963.729760951;2194280.323268956;2695948.443325946;3312310.615921419;4069588.809647371;4999999.999999929
3;9950143646915;20;phasez;-1.52583;-1.52259;-1.51852;-1.51353;-1.50728;-1.49939;-1.48966;-1.47762;-1.46269;-1.44418;-1.42128;-1.3929;-1.35773;-1.31405;-1.25963;-1.19161;-1.10601;-0.997694;-0.859327;-0.681283
