0;6410491350023;20;absz;1.40214e+08;1.02122e+08;7.436e+07;5.41305e+07;3.94012e+07;2.86524e+07;2.08454e+07;1.51591e+07;1.10216e+07;8.01171e+06;5.82338e+06;4.23216e+06;3.07524e+06;2.23428e+06;1.62303e+06;1.17882e+06;856067;621578;451246;327533
0;6410491350023;20;frequency;9.999999974752427;13.86918846435492;19.23543905490988;26.67799336109056;37.00021196095804;51.31629158938722;71.17153245417285;98.70914048804025;136.9015682683994;189.8713664161278;263.3361782500288;365.2259113806622;506.5387032487934;702.5280792305466;974.3494403835484;1351.343611730726;1874.203936580443;2599.368780806799;3605.113577052066;4999.99999995282
0;6410491350023;20;phasez;-1.51753;-1.51987;-1.52215;-1.52401;-1.52544;-1.52648;-1.52801;-1.5291;-1.52987;-1.53055;-1.53108;-1.53144;-1.53164;-1.5316;-1.53122;-1.53039;-1.52893;-1.52662;-1.52314;-1.51804
1;6411261342667;50;absz;7.56425e+06;6.46932e+06;5.52981e+06;4.7311e+06;4.04983e+06;3.46422e+06;2.9645e+06;2.53555e+06;2.1701e+06;1.8564e+06;1.58804e+06;1.35815e+06;1.16191e+06;994019;850300;727328;622066;532065;455047;389165;332815;284611;243377;208116;177957;152164;130105;111242;95111.4;81319.2;69524.5;59440.8;50818.5;43445.3;37141.8;31751.7;27142.1;23200.6;19829.8;16946.8;14481.1;12371.8;10567.3;9023;7701.08;6569.07;5598.98;4766.92;4052.71;3438.46
1;6411261342667;50;frequency;199.9999999213742;234.625769479635;275.2462588517801;322.8993264769997;378.802514688914;444.3841576318164;521.3198749487447;611.5753842550475;717.456725922716;841.6691823498468;987.3863981368913;1158.33146786315;1358.872060208682;1594.132014446359;1870.122253535556;2193.894364737048;2573.720768452858;3019.306079821149;3542.035062906734;4155.263512473084;4874.659497176026;5718.603679767398;6708.658946337209;7870.121340545211;9232.666380967203;10831.10727442716;12706.28439819177;14906.10877695531;17486.78621595445;20514.25336674129;24065.86241733066;28232.35745111674;33120.19296963342;38854.25382030405;45581.04601983359;53472.44000269313;62730.06193403319;73590.44528463698;86331.07429211862;101277.4737211686;118811.5260634959;139381.228686517;163512.140226203;191820.8086789974;225030.524286467;263989.7996954232;309694.0495706946;363311.0235703185;426210.642505751;499999.9999999716
1;6411261342667;50;phasez;-1.52992;-1.53012;-1.53381;-1.53313;-1.53328;-1.53331;-1.53369;-1.53398;-1.53431;-1.53498;-1.5351;-1.53557;-1.53577;-1.53607;-1.53632;-1.53654;-1.53679;-1.53696;-1.53717;-1.5373;-1.53743;-1.53752;-1.53758;-1.53753;-1.53746;-1.53728;-1.53702;-1.53664;-1.53616;-1.53555;-1.53477;-1.53382;-1.53269;-1.53133;-1.52971;-1.5278;-1.52553;-1.52284;-1.51965;-1.51587;-1.51141;-1.50613;-1.49987;-1.49247;-1.48371;-1.47332;-1.461;-1.44632;-1.42879;-1.40772
2;6412031743272;50;absz;83776.9;74970.4;67117.5;60088.2;53797.4;48145.1;43109.1;38583.6;34535.3;30912.4;27667;24768;22168.1;19841.3;17760.3;15896.7;14228.3;12735;11398.4;10201.8;9130.67;8171.87;7313.75;6545.79;5858.13;5242.81;4691.79;4198.53;3757.12;3361.78;3008.01;2691.25;2407.63;2153.7;1926.34;1722.74;1540.42;1377.14;1230.93;1099.96;982.651;877.61;783.54;699.317;624.03;556.751;496.75;443.444;396.32;355.037
2;6412031743272;50;frequency;20000.00000002444;22385.53853899816;25055.61678390222;28044.17375656954;31389.19662092121;35133.2035329932;39323.78408414649;44014.2042055669;49264.08322518227;55140.1516811012;61717.09952482729;69078.52549602467;77317.99973512921;86540.25314108083;96862.50859274992;108415.9709538568;121347.4948009008;135821.4510731415;152021.8163702936;170154.5114554648;190450.0186878266;213166.3116533389;238592.1342356312;267050.6708003728;298903.6541519141;334555.9634717432;374460.7706856584;419125.3006744233;469117.2785435782;525072.1459047724;587701.13789258;657800.3235824071;736260.7247225839;824079.6413975459;922373.3285811875;1032391.184709951;1155531.632626961;1293359.894754076;1447627.888434013;1620296.494325686;1813560.480908265;2029876.401899315;2271993.821195295;2542990.262224833;2846310.325953354;3185809.474764127;3565803.038745301;3991121.067296888;4467169.723268114;4999999.999999929
2;6412031743272;50;phasez;-1.53917;-1.5392;-1.53889;-1.53851;-1.53788;-1.53773;-1.5372;-1.53643;-1.53587;-1.53492;-1.53384;-1.53285;-1.53143;-1.53;-1.52839;-1.52645;-1.52436;-1.52194;-1.51927;-1.5162;-1.51279;-1.50892;-1.50462;-1.49978;-1.49434;-1.48823;-1.48141;-1.47374;-1.46514;-1.45547;-1.44465;-1.4325;-1.41886;-1.40354;-1.38634;-1.367;-1.34526;-1.3208;-1.29325;-1.2622;-1.22717;-1.18761;-1.14287;-1.09216;-1.03452;-0.968987;-0.894219;-0.808749;-0.710853;-0.598539
3;6412351069891;20;absz;17288;14121.8;11531.1;9416.76;7690.38;6278.95;5126.88;4185.33;3416.49;2788.4;2274.92;1855.2;1512.36;1231.89;1002.58;814.991;661.658;536.597;435.187;354.152
3;6412351069891;20;frequency;99999.99999990905;122862.535599424;150952.0265389597;185463.4873444638;227865.1431623047;279960.8926363817;343967.05137965;422606.6409511731;519225.2346839865;637933.2888043621;783781.0140572543;962973.2274171232;1183133.324347452;1453627.601814205;1785963.729760951;2194280.323268956;2695948.443325946;3312310.615921419;4069588.809647371;4999999.999999929
3;6412351069891;20;phasez;-1.52745;-1.52433;-1.52029;-1.51525;-1.50894;-1.50108;-1.49137;-1.47931;-1.46443;-1.44596;-1.42314;-1.39485;-1.35977;-1.31617;-1.26185;-1.19391;-1.10842;-1.00022;-0.862017;-0.684209
