0;7378705844521;20;absz;1.38148e+08;1.00703e+08;7.33355e+07;5.33885e+07;3.88757e+07;2.82884e+07;2.05776e+07;1.49649e+07;1.08814e+07;7.91143e+06;5.75092e+06;4.17986e+06;3.03761e+06;2.20715e+06;1.60357e+06;1.16491e+06;846089;614426;446118;323852
0;7378705844521;20;frequency;9.999999974752427;13.86918846435492;19.23543905490988;26.67799336109056;37.00021196095804;51.31629158938722;71.17153245417285;98.70914048804025;136.9015682683994;189.8713664161278;263.3361782500288;365.2259113806622;506.5387032487934;702.5280792305466;974.3494403835484;1351.343611730726;1874.203936580443;2599.368780806799;3605.113577052066;4999.99999995282
0;7378705844521;20;phasez;-1.51348;-1.5165;-1.51931;-1.52163;-1.52371;-1.52576;-1.52686;-1.52801;-1.52897;-1.52976;-1.53036;-1.53076;-1.53096;-1.5309;-1.53049;-1.52964;-1.52819;-1.52589;-1.52243;-1.51732
1;7379476017408;50;absz;7.4394e+06;6.37951e+06;5.46357e+06;4.67706e+06;4.00022e+06;3.41938e+06;2.9274e+06;2.50504e+06;2.14356e+06;1.83467e+06;1.56892e+06;1.34234e+06;1.14835e+06;982489;840420;718946;614897;525958;449872;384777;329077;281438;240680;205823;176011;150512;128705;110053;94103.5;80464.1;68800.1;58826.4;50298.2;43004.6;36768.2;31435;26874.1;22973.7;19637.2;16783.8;14342.8;12254.6;10467.8;8938.65;7629.67;6508.56;5547.75;4723.66;4016.13;3407.64
1;7379476017408;50;frequency;199.9999999213742;234.625769479635;275.2462588517801;322.8993264769997;378.802514688914;444.3841576318164;521.3198749487447;611.5753842550475;717.456725922716;841.6691823498468;987.3863981368913;1158.33146786315;1358.872060208682;1594.132014446359;1870.122253535556;2193.894364737048;2573.720768452858;3019.306079821149;3542.035062906734;4155.263512473084;4874.659497176026;5718.603679767398;6708.658946337209;7870.121340545211;9232.666380967203;10831.10727442716;12706.28439819177;14906.10877695531;17486.78621595445;20514.25336674129;24065.86241733066;28232.35745111674;33120.19296963342;38854.25382030405;45581.04601983359;53472.44000269313;62730.06193403319;73590.44528463698;86331.07429211862;101277.4737211686;118811.5260634959;139381.228686517;163512.140226203;191820.8086789974;225030.524286467;263989.7996954232;309694.0495706946;363311.0235703185;426210.642505751;499999.9999999716
1;7379476017408;50;phasez;-1.53236;-1.53279;-1.53352;-1.53256;-1.53288;-1.5333;-1.53321;-1.53349;-1.53391;-1.53394;-1.53448;-1.53455;-1.53506;-1.53514;-1.53549;-1.53579;-1.53602;-1.5362;-1.53641;-1.5366;-1.5367;-1.53677;-1.53681;-1.53679;-1.53667;-1.53649;-1.53621;-1.53583;-1.53534;-1.53471;-1.53393;-1.53299;-1.53185;-1.53049;-1.52888;-1.52696;-1.5247;-1.52202;-1.51884;-1.51508;-1.51063;-1.50535;-1.49911;-1.49171;-1.48295;-1.47256;-1.46023;-1.44554;-1.42799;-1.40691
2;7380246301256;50;absz;82886.4;74208.7;66439;59471.4;53247.5;47669.8;42669.1;38198.1;34194.8;30608.3;27397.2;24527;21952;19651.5;17588.9;15744.5;14093.8;12614.5;11291;10107;9046.11;8096.86;7246.85;6485.98;5804.92;5195.3;4649.57;4161.04;3723.59;3332.04;2981.52;2667.72;2386.68;2135.09;1909.81;1708.07;1527.4;1365.58;1220.65;1090.83;974.553;870.408;777.153;693.657;619.003;552.276;492.76;439.888;393.128;352.165
2;7380246301256;50;frequency;20000.00000002444;22385.53853899816;25055.61678390222;28044.17375656954;31389.19662092121;35133.2035329932;39323.78408414649;44014.2042055669;49264.08322518227;55140.1516811012;61717.09952482729;69078.52549602467;77317.99973512921;86540.25314108083;96862.50859274992;108415.9709538568;121347.4948009008;135821.4510731415;152021.8163702936;170154.5114554648;190450.0186878266;213166.3116533389;238592.1342356312;267050.6708003728;298903.6541519141;334555.9634717432;374460.7706856584;419125.3006744233;469117.2785435782;525072.1459047724;587701.13789258;657800.3235824071;736260.7247225839;824079.6413975459;922373.3285811875;1032391.184709951;1155531.632626961;1293359.894754076;1447627.888434013;1620296.494325686;1813560.480908265;2029876.401899315;2271993.821195295;2542990.262224833;2846310.325953354;3185809.474764127;3565803.038745301;3991121.067296888;4467169.723268114;4999999.999999929
2;7380246301256;50;phasez;-1.5383;-1.53792;-1.53785;-1.53766;-1.53732;-1.53687;-1.53635;-1.53575;-1.53502;-1.53406;-1.5331;-1.53193;-1.53069;-1.52926;-1.52755;-1.52574;-1.5236;-1.52119;-1.51845;-1.51544;-1.512;-1.50815;-1.50383;-1.499;-1.49356;-1.48748;-1.48063;-1.47293;-1.46432;-1.45466;-1.44381;-1.43164;-1.41799;-1.40265;-1.38542;-1.36607;-1.34431;-1.31982;-1.29225;-1.26118;-1.22614;-1.18656;-1.14179;-1.09104;-1.03337;-0.967819;-0.893016;-0.807507;-0.709563;-0.597191
3;7380563203511;20;absz;17126.1;13991;11424.8;9330.53;7620.4;6222.53;5081.14;4148.47;3386.69;2764.25;2255.46;1839.49;1499.72;1221.72;994.375;808.431;656.366;532.345;431.738;351.324
3;7380563203511;20;frequency;99999.99999990905;122862.535599424;150952.0265389597;185463.4873444638;227865.1431623047;279960.8926363817;343967.05137965;422606.6409511731;519225.2346839865;637933.2888043621;783781.0140572543;962973.2274171232;1183133.324347452;1453627.601814205;1785963.729760951;2194280.323268956;2695948.443325946;3312310.615921419;4069588.809647371;4999999.999999929
3;7380563203511;20;phasez;-1.52678;-1.52362;-1.5195;-1.51447;-1.50815;-1.5003;-1.49059;-1.47851;-1.4636;-1.44513;-1.42224;-1.39392;-1.35879;-1.31516;-1.26079;-1.19281;-1.10727;-0.999004;-0.860733;-0.682812
