0;2717055689430;20;absz;1.76275e+08;1.27747e+08;9.25469e+07;6.7027e+07;4.85584e+07;3.51452e+07;2.54596e+07;1.84383e+07;1.33496e+07;9.66616e+06;6.99771e+06;5.0662e+06;3.6673e+06;2.65461e+06;1.92145e+06;1.39069e+06;1.00647e+06;728377;527098;381414
0;2717055689430;20;frequency;9.999999974752427;13.86918846435492;19.23543905490988;26.67799336109056;37.00021196095804;51.31629158938722;71.17153245417285;98.70914048804025;136.9015682683994;189.8713664161278;263.3361782500288;365.2259113806622;506.5387032487934;702.5280792305466;974.3494403835484;1351.343611730726;1874.203936580443;2599.368780806799;3605.113577052066;4999.99999995282
0;2717055689430;20;phasez;-1.54565;-1.54621;-1.54752;-1.54802;-1.54873;-1.54853;-1.54941;-1.54973;-1.54994;-1.55002;-1.55007;-1.54996;-1.54969;-1.54916;-1.54833;-1.54704;-1.5451;-1.54233;-1.53839;-1.53285
1;2717825027867;50;absz;9.10459e+06;7.78208e+06;6.63604e+06;5.6728e+06;4.84105e+06;4.13553e+06;3.53275e+06;3.01848e+06;2.57686e+06;2.20068e+06;1.87963e+06;1.60512e+06;1.37076e+06;1.17082e+06;999607;853739;729034;622519;531603;453955;387630;331012;282657;241351;206091;175976;150263;128305;109554;93538.5;79865.6;68189.6;58218.8;49705.2;42435;36226.9;30924.9;26397.2;22531;19228.8;16408.4;13999.3;11941;10182.2;8678.98;7393.4;6293.36;5351.33;4543.76;3850.42
1;2717825027867;50;frequency;199.9999999213742;234.625769479635;275.2462588517801;322.8993264769997;378.802514688914;444.3841576318164;521.3198749487447;611.5753842550475;717.456725922716;841.6691823498468;987.3863981368913;1158.33146786315;1358.872060208682;1594.132014446359;1870.122253535556;2193.894364737048;2573.720768452858;3019.306079821149;3542.035062906734;4155.263512473084;4874.659497176026;5718.603679767398;6708.658946337209;7870.121340545211;9232.666380967203;10831.10727442716;12706.28439819177;14906.10877695531;17486.78621595445;20514.25336674129;24065.86241733066;28232.35745111674;33120.19296963342;38854.25382030405;45581.04601983359;53472.44000269313;62730.06193403319;73590.44528463698;86331.07429211862;101277.4737211686;118811.5260634959;139381.228686517;163512.140226203;191820.8086789974;225030.524286467;263989.7996954232;309694.0495706946;363311.0235703185;426210.642505751;499999.9999999716
1;2717825027867;50;phasez;-1.5494;-1.55002;-1.55218;-1.55121;-1.55203;-1.55161;-1.55139;-1.5522;-1.55192;-1.55212;-1.55227;-1.55225;-1.55252;-1.55249;-1.55251;-1.5526;-1.55242;-1.5525;-1.55247;-1.5524;-1.55229;-1.55212;-1.55201;-1.5518;-1.55154;-1.55123;-1.55085;-1.55038;-1.54982;-1.54913;-1.5483;-1.54732;-1.54615;-1.54475;-1.5431;-1.54114;-1.53882;-1.53607;-1.53281;-1.52895;-1.52438;-1.51898;-1.51259;-1.50503;-1.49609;-1.48551;-1.47296;-1.45803;-1.44021;-1.41883
2;2718595449871;50;absz;96420.8;86213.3;77115.4;68959.8;61660.4;55155.3;49319.9;44105.6;39442.3;35267.2;31536.3;28200.3;25215.3;22548.5;20164.9;18029.3;16121.5;14416.1;12890.9;11526.6;10306.4;9215.72;8240.2;7367.79;6587.89;5890.26;5266.52;4708.8;4209.97;3763.78;3364.87;3008.19;2689.07;2403.69;2148.38;1919.98;1715.75;1533.03;1369.54;1223.27;1092.42;975.392;870.699;777.061;693.476;618.882;552.447;493.517;441.547;396.138
2;2718595449871;50;frequency;20000.00000002444;22385.53853899816;25055.61678390222;28044.17375656954;31389.19662092121;35133.2035329932;39323.78408414649;44014.2042055669;49264.08322518227;55140.1516811012;61717.09952482729;69078.52549602467;77317.99973512921;86540.25314108083;96862.50859274992;108415.9709538568;121347.4948009008;135821.4510731415;152021.8163702936;170154.5114554648;190450.0186878266;213166.3116533389;238592.1342356312;267050.6708003728;298903.6541519141;334555.9634717432;374460.7706856584;419125.3006744233;469117.2785435782;525072.1459047724;587701.13789258;657800.3235824071;736260.7247225839;824079.6413975459;922373.3285811875;1032391.184709951;1155531.632626961;1293359.894754076;1447627.888434013;1620296.494325686;1813560.480908265;2029876.401899315;2271993.821195295;2542990.262224833;2846310.325953354;3185809.474764127;3565803.038745301;3991121.067296888;4467169.723268114;4999999.999999929
2;2718595449871;50;phasez;-1.55265;-1.55222;-1.55227;-1.55217;-1.55153;-1.55113;-1.55065;-1.54995;-1.54911;-1.54824;-1.54727;-1.54602;-1.54475;-1.54325;-1.54144;-1.53947;-1.53728;-1.53478;-1.53204;-1.52887;-1.52534;-1.52133;-1.51692;-1.51192;-1.50633;-1.50006;-1.49304;-1.48518;-1.47635;-1.46648;-1.45539;-1.44297;-1.42905;-1.41344;-1.39591;-1.37625;-1.35417;-1.32935;-1.30145;-1.27004;-1.23464;-1.19471;-1.1496;-1.09852;-1.04054;-0.974686;-0.899629;-0.813918;-0.715826;-0.603426
3;2718911557133;20;absz;19628;16004.2;13046.5;10633.6;8668.64;7066.63;5759.29;4694.51;3825.59;3117.63;2539.97;2068.74;1684.36;1370.78;1114.72;905.775;735.314;596.61;484.457;395.185
3;2718911557133;20;frequency;99999.99999990905;122862.535599424;150952.0265389597;185463.4873444638;227865.1431623047;279960.8926363817;343967.05137965;422606.6409511731;519225.2346839865;637933.2888043621;783781.0140572543;962973.2274171232;1183133.324347452;1453627.601814205;1785963.729760951;2194280.323268956;2695948.443325946;3312310.615921419;4069588.809647371;4999999.999999929
3;2718911557133;20;phasez;-1.54067;-1.53726;-1.533;-1.52782;-1.52123;-1.51317;-1.50314;-1.49073;-1.47542;-1.45653;-1.43317;-1.40431;-1.3686;-1.32434;-1.26935;-1.20074;-1.11458;-1.00579;-0.867116;-0.689048
