0;7272635794954;20;absz;1.38376e+08;1.00783e+08;7.34254e+07;5.34558e+07;3.89253e+07;2.83279e+07;2.06023e+07;1.49823e+07;1.08935e+07;7.92021e+06;5.75724e+06;4.18458e+06;3.04094e+06;2.20955e+06;1.60532e+06;1.16615e+06;846975;615052;446562;324165
0;7272635794954;20;frequency;9.999999974752427;13.86918846435492;19.23543905490988;26.67799336109056;37.00021196095804;51.31629158938722;71.17153245417285;98.70914048804025;136.9015682683994;189.8713664161278;263.3361782500288;365.2259113806622;506.5387032487934;702.5280792305466;974.3494403835484;1351.343611730726;1874.203936580443;2599.368780806799;3605.113577052066;4999.99999995282
0;7272635794954;20;phasez;-1.51426;-1.51728;-1.51946;-1.52186;-1.52389;-1.52506;-1.5269;-1.52807;-1.52905;-1.52983;-1.53045;-1.53082;-1.53103;-1.53096;-1.53056;-1.52973;-1.52828;-1.52599;-1.52254;-1.51742
1;7273406081246;50;absz;7.46068e+06;6.38532e+06;5.4722e+06;4.67807e+06;4.00123e+06;3.42259e+06;2.93289e+06;2.509e+06;2.14603e+06;1.83593e+06;1.57033e+06;1.34378e+06;1.1495e+06;983541;841322;719636;615527;526487;450296;385142;329383;281700;240896;206009;176167;150646;128818;110148;94184.8;80534.3;68859;58876.9;50340.5;43041.1;36798.7;31460.7;26896.2;22992.5;19653.5;16797.5;14354.4;12264.5;10476.2;8945.76;7635.63;6513.56;5552;4727.37;4019.18;3410.22
1;7273406081246;50;frequency;199.9999999213742;234.625769479635;275.2462588517801;322.8993264769997;378.802514688914;444.3841576318164;521.3198749487447;611.5753842550475;717.456725922716;841.6691823498468;987.3863981368913;1158.33146786315;1358.872060208682;1594.132014446359;1870.122253535556;2193.894364737048;2573.720768452858;3019.306079821149;3542.035062906734;4155.263512473084;4874.659497176026;5718.603679767398;6708.658946337209;7870.121340545211;9232.666380967203;10831.10727442716;12706.28439819177;14906.10877695531;17486.78621595445;20514.25336674129;24065.86241733066;28232.35745111674;33120.19296963342;38854.25382030405;45581.04601983359;53472.44000269313;62730.06193403319;73590.44528463698;86331.07429211862;101277.4737211686;118811.5260634959;139381.228686517;163512.140226203;191820.8086789974;225030.524286467;263989.7996954232;309694.0495706946;363311.0235703185;426210.642505751;499999.9999999716
1;7273406081246;50;phasez;-1.53185;-1.53111;-1.53146;-1.53179;-1.53262;-1.53325;-1.53334;-1.5328;-1.53369;-1.53411;-1.53444;-1.53505;-1.53507;-1.53533;-1.53557;-1.5359;-1.53612;-1.53634;-1.53655;-1.5367;-1.53678;-1.5369;-1.53691;-1.53687;-1.53677;-1.53658;-1.5363;-1.53592;-1.53541;-1.53478;-1.53401;-1.53305;-1.53192;-1.53055;-1.52894;-1.52703;-1.52476;-1.52208;-1.5189;-1.51514;-1.51068;-1.50541;-1.49917;-1.49177;-1.48302;-1.47263;-1.46029;-1.44561;-1.42807;-1.40697
2;7274178110518;50;absz;82991.1;74281.2;66504.9;59546.1;53299.9;47708.2;42712;38235.6;34226.7;30635.9;27425.4;24549.2;21974.4;19667.3;17606.1;15760.3;14107.1;12627.4;11302.5;10116.1;9054.56;8104.42;7253.49;6491.83;5810.1;5199.96;4653.62;4164.63;3726.82;3334.95;2984.1;2669.95;2388.71;2136.86;1911.39;1709.48;1528.64;1366.7;1221.63;1091.7;975.33;871.102;777.773;694.205;619.478;552.7;493.134;440.222;393.439;352.444
2;7274178110518;50;frequency;20000.00000002444;22385.53853899816;25055.61678390222;28044.17375656954;31389.19662092121;35133.2035329932;39323.78408414649;44014.2042055669;49264.08322518227;55140.1516811012;61717.09952482729;69078.52549602467;77317.99973512921;86540.25314108083;96862.50859274992;108415.9709538568;121347.4948009008;135821.4510731415;152021.8163702936;170154.5114554648;190450.0186878266;213166.3116533389;238592.1342356312;267050.6708003728;298903.6541519141;334555.9634717432;374460.7706856584;419125.3006744233;469117.2785435782;525072.1459047724;587701.13789258;657800.3235824071;736260.7247225839;824079.6413975459;922373.3285811875;1032391.184709951;1155531.632626961;1293359.894754076;1447627.888434013;1620296.494325686;1813560.480908265;2029876.401899315;2271993.821195295;2542990.262224833;2846310.325953354;3185809.474764127;3565803.038745301;3991121.067296888;4467169.723268114;4999999.999999929
2;7274178110518;50;phasez;-1.53843;-1.53826;-1.53812;-1.53757;-1.53731;-1.53689;-1.53622;-1.53581;-1.53497;-1.53422;-1.53312;-1.53206;-1.53076;-1.52922;-1.52761;-1.52576;-1.52361;-1.52123;-1.51853;-1.51554;-1.51207;-1.50823;-1.50392;-1.49907;-1.49364;-1.48752;-1.48068;-1.47301;-1.46439;-1.45472;-1.44388;-1.43172;-1.41806;-1.40272;-1.3855;-1.36615;-1.34438;-1.31989;-1.29233;-1.26126;-1.22622;-1.18663;-1.14186;-1.09112;-1.03345;-0.9679;-0.893097;-0.807586;-0.709643;-0.597294
3;7274497408769;20;absz;17142.8;14005.7;11436.2;9339.5;7627.4;6227.89;5085.59;4152.04;3389.58;2766.64;2257.37;1841.04;1500.96;1222.74;995.235;809.094;656.898;532.772;432.077;351.602
3;7274497408769;20;frequency;99999.99999990905;122862.535599424;150952.0265389597;185463.4873444638;227865.1431623047;279960.8926363817;343967.05137965;422606.6409511731;519225.2346839865;637933.2888043621;783781.0140572543;962973.2274171232;1183133.324347452;1453627.601814205;1785963.729760951;2194280.323268956;2695948.443325946;3312310.615921419;4069588.809647371;4999999.999999929
3;7274497408769;20;phasez;-1.52672;-1.52354;-1.51951;-1.51452;-1.50819;-1.5004;-1.49066;-1.4786;-1.46367;-1.44518;-1.4223;-1.394;-1.35887;-1.31523;-1.26087;-1.19289;-1.10736;-0.999085;-0.860811;-0.682898
