0;7289387345302;20;absz;1.38327e+08;1.00773e+08;7.34373e+07;5.34566e+07;3.89047e+07;2.83124e+07;2.05961e+07;1.49808e+07;1.08918e+07;7.91866e+06;5.75639e+06;4.18367e+06;3.04034e+06;2.20918e+06;1.60504e+06;1.16593e+06;846829;614953;446497;324119
0;7289387345302;20;frequency;9.999999974752427;13.86918846435492;19.23543905490988;26.67799336109056;37.00021196095804;51.31629158938722;71.17153245417285;98.70914048804025;136.9015682683994;189.8713664161278;263.3361782500288;365.2259113806622;506.5387032487934;702.5280792305466;974.3494403835484;1351.343611730726;1874.203936580443;2599.368780806799;3605.113577052066;4999.99999995282
0;7289387345302;20;phasez;-1.51368;-1.51709;-1.51958;-1.5219;-1.5238;-1.52591;-1.52693;-1.5281;-1.52905;-1.52983;-1.53039;-1.53083;-1.53102;-1.53095;-1.53055;-1.52973;-1.52826;-1.52598;-1.52251;-1.51741
1;7290160110737;50;absz;7.45882e+06;6.3919e+06;5.47007e+06;4.67833e+06;4.00055e+06;3.42688e+06;2.93134e+06;2.50843e+06;2.14608e+06;1.83513e+06;1.57033e+06;1.34358e+06;1.14931e+06;983157;841112;719503;615411;526386;450243;385095;329348;281665;240872;205983;176146;150626;128803;110137;94173;80522.7;68849.4;58867.7;50334;43034.7;36793.7;31456.9;26892.7;22989.1;19650.5;16795.1;14352.3;12262.8;10474.9;8944.65;7634.71;6512.84;5551.36;4726.79;4018.62;3409.83
1;7290160110737;50;frequency;199.9999999213742;234.625769479635;275.2462588517801;322.8993264769997;378.802514688914;444.3841576318164;521.3198749487447;611.5753842550475;717.456725922716;841.6691823498468;987.3863981368913;1158.33146786315;1358.872060208682;1594.132014446359;1870.122253535556;2193.894364737048;2573.720768452858;3019.306079821149;3542.035062906734;4155.263512473084;4874.659497176026;5718.603679767398;6708.658946337209;7870.121340545211;9232.666380967203;10831.10727442716;12706.28439819177;14906.10877695531;17486.78621595445;20514.25336674129;24065.86241733066;28232.35745111674;33120.19296963342;38854.25382030405;45581.04601983359;53472.44000269313;62730.06193403319;73590.44528463698;86331.07429211862;101277.4737211686;118811.5260634959;139381.228686517;163512.140226203;191820.8086789974;225030.524286467;263989.7996954232;309694.0495706946;363311.0235703185;426210.642505751;499999.9999999716
1;7290160110737;50;phasez;-1.52917;-1.53249;-1.53132;-1.5322;-1.53303;-1.5327;-1.53284;-1.53359;-1.5339;-1.53411;-1.53426;-1.53476;-1.53494;-1.53535;-1.53548;-1.53587;-1.53612;-1.5363;-1.53647;-1.53666;-1.5368;-1.5369;-1.5369;-1.53685;-1.53677;-1.53656;-1.53628;-1.5359;-1.53541;-1.53477;-1.534;-1.53305;-1.53191;-1.53055;-1.52893;-1.52702;-1.52475;-1.52206;-1.51888;-1.51512;-1.51067;-1.5054;-1.49915;-1.49176;-1.483;-1.47262;-1.46028;-1.4456;-1.42805;-1.40696
2;7290928443013;50;absz;82965;74276;66495.7;59518;53293.9;47696.2;42706.1;38231;34221;30634.2;27421.1;24544.6;21970;19665.5;17602.8;15756.2;14104.1;12624.8;11300.4;10114.3;9052.86;8102.74;7252.33;6490.54;5809.09;5199.11;4652.99;4163.98;3726.34;3334.45;2983.64;2669.55;2388.36;2136.57;1911.11;1709.25;1528.43;1366.51;1221.46;1091.55;975.178;870.979;777.658;694.09;619.383;552.614;493.068;440.156;393.373;352.395
2;7290928443013;50;frequency;20000.00000002444;22385.53853899816;25055.61678390222;28044.17375656954;31389.19662092121;35133.2035329932;39323.78408414649;44014.2042055669;49264.08322518227;55140.1516811012;61717.09952482729;69078.52549602467;77317.99973512921;86540.25314108083;96862.50859274992;108415.9709538568;121347.4948009008;135821.4510731415;152021.8163702936;170154.5114554648;190450.0186878266;213166.3116533389;238592.1342356312;267050.6708003728;298903.6541519141;334555.9634717432;374460.7706856584;419125.3006744233;469117.2785435782;525072.1459047724;587701.13789258;657800.3235824071;736260.7247225839;824079.6413975459;922373.3285811875;1032391.184709951;1155531.632626961;1293359.894754076;1447627.888434013;1620296.494325686;1813560.480908265;2029876.401899315;2271993.821195295;2542990.262224833;2846310.325953354;3185809.474764127;3565803.038745301;3991121.067296888;4467169.723268114;4999999.999999929
2;7290928443013;50;phasez;-1.5383;-1.5383;-1.53793;-1.53763;-1.53742;-1.53701;-1.53632;-1.53565;-1.53496;-1.53414;-1.5332;-1.53203;-1.53075;-1.52923;-1.52762;-1.52573;-1.52361;-1.52121;-1.51851;-1.51547;-1.51208;-1.50821;-1.50389;-1.49905;-1.49362;-1.48751;-1.48068;-1.47297;-1.46438;-1.45471;-1.44386;-1.43169;-1.41805;-1.4027;-1.38549;-1.36613;-1.34436;-1.31988;-1.29231;-1.26125;-1.22621;-1.18662;-1.14185;-1.09112;-1.03346;-0.967891;-0.89309;-0.807583;-0.709638;-0.597276
3;7291249103719;20;absz;17137.9;14001.2;11433.5;9336.77;7625.82;6226.61;5084.36;4151.12;3388.87;2766.04;2256.98;1840.67;1500.67;1222.5;995.013;808.916;656.766;532.668;431.993;351.538
3;7291249103719;20;frequency;99999.99999990905;122862.535599424;150952.0265389597;185463.4873444638;227865.1431623047;279960.8926363817;343967.05137965;422606.6409511731;519225.2346839865;637933.2888043621;783781.0140572543;962973.2274171232;1183133.324347452;1453627.601814205;1785963.729760951;2194280.323268956;2695948.443325946;3312310.615921419;4069588.809647371;4999999.999999929
3;7291249103719;20;phasez;-1.52681;-1.52355;-1.51955;-1.51447;-1.50817;-1.50036;-1.49063;-1.47857;-1.46364;-1.44516;-1.42231;-1.39398;-1.35885;-1.31522;-1.26086;-1.19289;-1.10736;-0.999087;-0.86082;-0.682916
