0;2265140139528;20;absz;1.84516e+08;1.33683e+08;9.67198e+07;7.00104e+07;5.06677e+07;3.66604e+07;2.65379e+07;1.92056e+07;1.38982e+07;1.0059e+07;7.27875e+06;5.26765e+06;3.81171e+06;2.75791e+06;1.99531e+06;1.44341e+06;1.04409e+06;755123;546075;394846
0;2265140139528;20;frequency;9.999999974752427;13.86918846435492;19.23543905490988;26.67799336109056;37.00021196095804;51.31629158938722;71.17153245417285;98.70914048804025;136.9015682683994;189.8713664161278;263.3361782500288;365.2259113806622;506.5387032487934;702.5280792305466;974.3494403835484;1351.343611730726;1874.203936580443;2599.368780806799;3605.113577052066;4999.99999995282
0;2265140139528;20;phasez;-1.5519;-1.5522;-1.55222;-1.55251;-1.55261;-1.55319;-1.55295;-1.55265;-1.55262;-1.55253;-1.55245;-1.5523;-1.55204;-1.5516;-1.55086;-1.54971;-1.54796;-1.54539;-1.54164;-1.53626
1;2265908266689;50;absz;9.46268e+06;8.07327e+06;6.91452e+06;5.90305e+06;5.03627e+06;4.30333e+06;3.6727e+06;3.13403e+06;2.67827e+06;2.28593e+06;1.95216e+06;1.66652e+06;1.42295e+06;1.21473e+06;1.03709e+06;885325;755782;645155;550770;470133;401307;342551;292385;249560;213013;181810;155175;132442;113038;96477.7;82341.8;70278.3;59982.8;51195;43694.9;37292.1;31827.9;27162.7;23180.3;19780.8;16877.9;14399.1;12281.7;10472.8;8926.78;7605.01;6474.01;5505.49;4675.28;3962.51
1;2265908266689;50;frequency;199.9999999213742;234.625769479635;275.2462588517801;322.8993264769997;378.802514688914;444.3841576318164;521.3198749487447;611.5753842550475;717.456725922716;841.6691823498468;987.3863981368913;1158.33146786315;1358.872060208682;1594.132014446359;1870.122253535556;2193.894364737048;2573.720768452858;3019.306079821149;3542.035062906734;4155.263512473084;4874.659497176026;5718.603679767398;6708.658946337209;7870.121340545211;9232.666380967203;10831.10727442716;12706.28439819177;14906.10877695531;17486.78621595445;20514.25336674129;24065.86241733066;28232.35745111674;33120.19296963342;38854.25382030405;45581.04601983359;53472.44000269313;62730.06193403319;73590.44528463698;86331.07429211862;101277.4737211686;118811.5260634959;139381.228686517;163512.140226203;191820.8086789974;225030.524286467;263989.7996954232;309694.0495706946;363311.0235703185;426210.642505751;499999.9999999716
1;2265908266689;50;phasez;-1.55346;-1.55445;-1.55457;-1.55405;-1.55292;-1.55404;-1.55464;-1.55418;-1.55482;-1.55445;-1.55474;-1.55479;-1.5553;-1.55504;-1.55535;-1.5555;-1.55548;-1.55561;-1.55565;-1.55573;-1.55566;-1.55559;-1.55548;-1.55532;-1.55508;-1.55474;-1.55432;-1.55376;-1.5531;-1.5523;-1.55133;-1.55017;-1.54881;-1.54721;-1.54533;-1.54314;-1.54058;-1.53758;-1.53406;-1.52994;-1.52511;-1.51945;-1.51281;-1.50499;-1.49581;-1.48499;-1.4722;-1.45704;-1.43901;-1.41741
2;2266679336040;50;absz;99504.7;88901.9;79508.6;71069.1;63543.9;56805.4;50791;45419.3;40609.3;36305.5;32460.8;29019.1;25944.9;23197.5;20741.9;18544.6;16582.1;14828;13258.1;11854.2;10600;9478.05;8475.39;7578.75;6776.62;6059.4;5418.27;4844.8;4332.1;3873.52;3463.41;3096.66;2768.6;2475.14;2212.68;1977.88;1767.83;1579.9;1411.72;1261.29;1126.66;1006.24;898.517;802.172;716.187;639.43;571.083;510.477;457.036;410.38
2;2266679336040;50;frequency;20000.00000002444;22385.53853899816;25055.61678390222;28044.17375656954;31389.19662092121;35133.2035329932;39323.78408414649;44014.2042055669;49264.08322518227;55140.1516811012;61717.09952482729;69078.52549602467;77317.99973512921;86540.25314108083;96862.50859274992;108415.9709538568;121347.4948009008;135821.4510731415;152021.8163702936;170154.5114554648;190450.0186878266;213166.3116533389;238592.1342356312;267050.6708003728;298903.6541519141;334555.9634717432;374460.7706856584;419125.3006744233;469117.2785435782;525072.1459047724;587701.13789258;657800.3235824071;736260.7247225839;824079.6413975459;922373.3285811875;1032391.184709951;1155531.632626961;1293359.894754076;1447627.888434013;1620296.494325686;1813560.480908265;2029876.401899315;2271993.821195295;2542990.262224833;2846310.325953354;3185809.474764127;3565803.038745301;3991121.067296888;4467169.723268114;4999999.999999929
2;2266679336040;50;phasez;-1.55608;-1.55544;-1.55537;-1.55463;-1.55443;-1.55358;-1.553;-1.55211;-1.55117;-1.55013;-1.54895;-1.54768;-1.54613;-1.54445;-1.54252;-1.54039;-1.53802;-1.53535;-1.53237;-1.52904;-1.52532;-1.52118;-1.51659;-1.51143;-1.50565;-1.49922;-1.49204;-1.48402;-1.47504;-1.46502;-1.4538;-1.44124;-1.42719;-1.41144;-1.39379;-1.374;-1.35179;-1.32685;-1.29882;-1.26729;-1.23178;-1.19173;-1.1465;-1.0953;-1.03721;-0.971258;-0.896089;-0.810278;-0.712086;-0.599607
3;2266995135713;20;absz;20189.3;16460.2;13418.7;10936.7;8915.96;7268.29;5924.35;4830.04;3936.79;3209.02;2615.14;2130.69;1735.38;1412.96;1149.56;934.609;759.23;616.533;501.154;409.397
3;2266995135713;20;frequency;99999.99999990905;122862.535599424;150952.0265389597;185463.4873444638;227865.1431623047;279960.8926363817;343967.05137965;422606.6409511731;519225.2346839865;637933.2888043621;783781.0140572543;962973.2274171232;1183133.324347452;1453627.601814205;1785963.729760951;2194280.323268956;2695948.443325946;3312310.615921419;4069588.809647371;4999999.999999929
3;2266995135713;20;phasez;-1.54161;-1.5379;-1.53337;-1.52781;-1.52101;-1.51257;-1.50224;-1.48957;-1.47398;-1.45482;-1.43124;-1.40213;-1.36619;-1.32171;-1.2665;-1.19766;-1.1113;-1.00231;-0.863439;-0.68519
