0;5551320687076;20;absz;1.43908e+08;1.04706e+08;7.62126e+07;5.5433e+07;4.03317e+07;2.93149e+07;2.13222e+07;1.54984e+07;1.12659e+07;8.18741e+06;5.94936e+06;4.32245e+06;3.13993e+06;2.28058e+06;1.65611e+06;1.20248e+06;872920;633600;459815;333637
0;5551320687076;20;frequency;9.999999974752427;13.86918846435492;19.23543905490988;26.67799336109056;37.00021196095804;51.31629158938722;71.17153245417285;98.70914048804025;136.9015682683994;189.8713664161278;263.3361782500288;365.2259113806622;506.5387032487934;702.5280792305466;974.3494403835484;1351.343611730726;1874.203936580443;2599.368780806799;3605.113577052066;4999.99999995282
0;5551320687076;20;phasez;-1.52199;-1.52394;-1.5255;-1.5269;-1.52814;-1.52959;-1.53006;-1.53092;-1.5316;-1.53215;-1.53263;-1.533;-1.53319;-1.53317;-1.53281;-1.53201;-1.53054;-1.52822;-1.52472;-1.51959
1;5552093366798;50;absz;7.71287e+06;6.61475e+06;5.65617e+06;4.83369e+06;4.13212e+06;3.53754e+06;3.02777e+06;2.58867e+06;2.21417e+06;1.89435e+06;1.62039e+06;1.38582e+06;1.18526e+06;1.01387e+06;867031;741525;634085;542253;463679;396496;339025;289886;247851;211904;181170;154888;132418;113203;96773.8;82727.8;70720;60453.7;51675.6;44172;37756.7;32271.8;27582.7;23573.1;20144.8;17213.9;14707.5;12563.7;10729.9;9160.94;7818.04;6668.13;5682.86;4837.91;4112.51;3488.84
1;5552093366798;50;frequency;199.9999999213742;234.625769479635;275.2462588517801;322.8993264769997;378.802514688914;444.3841576318164;521.3198749487447;611.5753842550475;717.456725922716;841.6691823498468;987.3863981368913;1158.33146786315;1358.872060208682;1594.132014446359;1870.122253535556;2193.894364737048;2573.720768452858;3019.306079821149;3542.035062906734;4155.263512473084;4874.659497176026;5718.603679767398;6708.658946337209;7870.121340545211;9232.666380967203;10831.10727442716;12706.28439819177;14906.10877695531;17486.78621595445;20514.25336674129;24065.86241733066;28232.35745111674;33120.19296963342;38854.25382030405;45581.04601983359;53472.44000269313;62730.06193403319;73590.44528463698;86331.07429211862;101277.4737211686;118811.5260634959;139381.228686517;163512.140226203;191820.8086789974;225030.524286467;263989.7996954232;309694.0495706946;363311.0235703185;426210.642505751;499999.9999999716
1;5552093366798;50;phasez;-1.53309;-1.53265;-1.53277;-1.5336;-1.53544;-1.53565;-1.53579;-1.53586;-1.53596;-1.53627;-1.53687;-1.53703;-1.53722;-1.53752;-1.53794;-1.53805;-1.53837;-1.53851;-1.53871;-1.5389;-1.53899;-1.53907;-1.53909;-1.53905;-1.53895;-1.53875;-1.53848;-1.5381;-1.53762;-1.537;-1.53622;-1.5353;-1.53417;-1.5328;-1.53119;-1.52926;-1.52698;-1.52426;-1.52105;-1.51725;-1.51275;-1.50744;-1.50116;-1.49375;-1.48498;-1.4746;-1.46228;-1.44763;-1.43013;-1.40909
2;5552860096040;50;absz;85243.7;76307.7;68295.4;61124.2;54708.3;48975.6;43826.9;39226.4;35108.4;31425.9;28122.7;25170.4;22524.8;20160.4;18043.8;16148.3;14452.8;12934.6;11576.2;10359.8;9271.78;8297.5;7425.46;6645.11;5946.74;5321.73;4762.06;4261.19;3812.74;3411.28;3051.99;2730.33;2442.39;2184.59;1953.79;1747.11;1562.1;1396.4;1248.01;1115.13;996.127;889.562;794.171;708.752;632.418;564.225;503.413;449.403;401.661;359.848
2;5552860096040;50;frequency;20000.00000002444;22385.53853899816;25055.61678390222;28044.17375656954;31389.19662092121;35133.2035329932;39323.78408414649;44014.2042055669;49264.08322518227;55140.1516811012;61717.09952482729;69078.52549602467;77317.99973512921;86540.25314108083;96862.50859274992;108415.9709538568;121347.4948009008;135821.4510731415;152021.8163702936;170154.5114554648;190450.0186878266;213166.3116533389;238592.1342356312;267050.6708003728;298903.6541519141;334555.9634717432;374460.7706856584;419125.3006744233;469117.2785435782;525072.1459047724;587701.13789258;657800.3235824071;736260.7247225839;824079.6413975459;922373.3285811875;1032391.184709951;1155531.632626961;1293359.894754076;1447627.888434013;1620296.494325686;1813560.480908265;2029876.401899315;2271993.821195295;2542990.262224833;2846310.325953354;3185809.474764127;3565803.038745301;3991121.067296888;4467169.723268114;4999999.999999929
2;5552860096040;50;phasez;-1.54034;-1.54028;-1.54027;-1.53983;-1.53962;-1.53904;-1.53855;-1.53803;-1.53711;-1.53633;-1.53536;-1.53424;-1.5329;-1.53142;-1.52968;-1.52783;-1.5257;-1.52327;-1.52053;-1.51749;-1.51404;-1.51023;-1.50589;-1.50105;-1.49561;-1.48953;-1.48272;-1.47506;-1.46648;-1.45685;-1.44604;-1.43393;-1.42031;-1.40501;-1.38785;-1.36854;-1.34683;-1.3224;-1.29489;-1.26388;-1.2289;-1.18938;-1.14469;-1.09402;-1.03648;-0.971028;-0.896356;-0.811007;-0.713259;-0.601124
3;5553179842931;20;absz;17566.5;14346.1;11712.2;9562.72;7808.45;6374.39;5204.12;4247.82;3466.93;2829.13;2307.76;1881.68;1533.69;1249.07;1016.39;826.123;670.621;543.853;441.076;358.979
3;5553179842931;20;frequency;99999.99999990905;122862.535599424;150952.0265389597;185463.4873444638;227865.1431623047;279960.8926363817;343967.05137965;422606.6409511731;519225.2346839865;637933.2888043621;783781.0140572543;962973.2274171232;1183133.324347452;1453627.601814205;1785963.729760951;2194280.323268956;2695948.443325946;3312310.615921419;4069588.809647371;4999999.999999929
3;5553179842931;20;phasez;-1.52891;-1.5257;-1.52154;-1.51647;-1.51017;-1.50234;-1.49267;-1.48064;-1.46579;-1.44739;-1.42459;-1.39636;-1.36135;-1.3178;-1.26356;-1.19571;-1.11034;-1.00229;-0.864305;-0.686793
