0;10411486813389;20;absz;1.35983e+08;9.91436e+07;7.2257e+07;5.26432e+07;3.83423e+07;2.79123e+07;2.03101e+07;1.47785e+07;1.07485e+07;7.8165e+06;5.68317e+06;4.13138e+06;3.00279e+06;2.18215e+06;1.58552e+06;1.15189e+06;836706;607685;441288;320394
0;10411486813389;20;frequency;9.999999974752427;13.86918846435492;19.23543905490988;26.67799336109056;37.00021196095804;51.31629158938722;71.17153245417285;98.70914048804025;136.9015682683994;189.8713664161278;263.3361782500288;365.2259113806622;506.5387032487934;702.5280792305466;974.3494403835484;1351.343611730726;1874.203936580443;2599.368780806799;3605.113577052066;4999.99999995282
0;10411486813389;20;phasez;-1.51006;-1.51364;-1.51644;-1.51914;-1.52104;-1.52366;-1.52481;-1.52638;-1.52746;-1.52846;-1.52922;-1.52982;-1.53012;-1.53015;-1.52982;-1.52899;-1.52752;-1.52518;-1.52167;-1.5165
1;10412254961453;50;absz;7.36111e+06;6.29941e+06;5.39946e+06;4.62198e+06;3.95336e+06;3.3818e+06;2.89741e+06;2.47623e+06;2.11917e+06;1.81262e+06;1.55148e+06;1.32754e+06;1.13549e+06;971461;831147;710947;608188;520224;445018;380626;325565;278461;238157;203685;174195;148978;127404;108954;93171.4;79675.2;68131.7;58259.9;49817.9;42597.8;36423.6;31143.3;26626.5;22763.8;19460.3;16634;14216.3;12147.7;10377.5;8862.41;7565.38;6454.25;5501.83;4685.04;3983.58;3380.31
1;10412254961453;50;frequency;199.9999999213742;234.625769479635;275.2462588517801;322.8993264769997;378.802514688914;444.3841576318164;521.3198749487447;611.5753842550475;717.456725922716;841.6691823498468;987.3863981368913;1158.33146786315;1358.872060208682;1594.132014446359;1870.122253535556;2193.894364737048;2573.720768452858;3019.306079821149;3542.035062906734;4155.263512473084;4874.659497176026;5718.603679767398;6708.658946337209;7870.121340545211;9232.666380967203;10831.10727442716;12706.28439819177;14906.10877695531;17486.78621595445;20514.25336674129;24065.86241733066;28232.35745111674;33120.19296963342;38854.25382030405;45581.04601983359;53472.44000269313;62730.06193403319;73590.44528463698;86331.07429211862;101277.4737211686;118811.5260634959;139381.228686517;163512.140226203;191820.8086789974;225030.524286467;263989.7996954232;309694.0495706946;363311.0235703185;426210.642505751;499999.9999999716
1;10412254961453;50;phasez;-1.5293;-1.53103;-1.52933;-1.53158;-1.53146;-1.53172;-1.53211;-1.53272;-1.53284;-1.53358;-1.53381;-1.53391;-1.53432;-1.53458;-1.53482;-1.53514;-1.53532;-1.53553;-1.5357;-1.53583;-1.53589;-1.53596;-1.53594;-1.53592;-1.5358;-1.5356;-1.53532;-1.53494;-1.53444;-1.53382;-1.53304;-1.5321;-1.53097;-1.5296;-1.52798;-1.52606;-1.52379;-1.52109;-1.5179;-1.51413;-1.50967;-1.50439;-1.49815;-1.49076;-1.482;-1.47163;-1.45929;-1.4446;-1.42703;-1.40593
2;10413022999758;50;absz;82064.7;73491.4;65792.5;58905.6;52734.4;47210.8;42265.1;37839.1;33876.3;30321.9;27145.8;24298.3;21753.4;19472.4;17431.7;15605.4;13969.4;12504.9;11193.6;10019.9;8968.82;8027.96;7185.82;6431.67;5756.72;5152.6;4611.51;4127.24;3693.57;3305.35;2957.88;2646.64;2368.01;2118.5;1895.09;1695.01;1515.85;1355.34;1211.59;1082.82;967.441;864.136;771.608;688.734;614.642;548.404;489.319;436.821;390.388;349.709
2;10413022999758;50;frequency;20000.00000002444;22385.53853899816;25055.61678390222;28044.17375656954;31389.19662092121;35133.2035329932;39323.78408414649;44014.2042055669;49264.08322518227;55140.1516811012;61717.09952482729;69078.52549602467;77317.99973512921;86540.25314108083;96862.50859274992;108415.9709538568;121347.4948009008;135821.4510731415;152021.8163702936;170154.5114554648;190450.0186878266;213166.3116533389;238592.1342356312;267050.6708003728;298903.6541519141;334555.9634717432;374460.7706856584;419125.3006744233;469117.2785435782;525072.1459047724;587701.13789258;657800.3235824071;736260.7247225839;824079.6413975459;922373.3285811875;1032391.184709951;1155531.632626961;1293359.894754076;1447627.888434013;1620296.494325686;1813560.480908265;2029876.401899315;2271993.821195295;2542990.262224833;2846310.325953354;3185809.474764127;3565803.038745301;3991121.067296888;4467169.723268114;4999999.999999929
2;10413022999758;50;phasez;-1.53728;-1.53712;-1.53708;-1.53679;-1.5364;-1.53586;-1.53543;-1.53482;-1.53408;-1.5332;-1.53212;-1.53103;-1.52985;-1.52824;-1.52659;-1.52475;-1.5226;-1.52021;-1.51753;-1.51449;-1.51107;-1.50722;-1.50287;-1.49807;-1.49263;-1.48652;-1.47967;-1.47198;-1.46337;-1.45368;-1.44283;-1.43064;-1.41696;-1.4016;-1.38435;-1.36497;-1.34317;-1.31866;-1.29106;-1.25996;-1.22489;-1.18529;-1.14049;-1.08973;-1.03203;-0.966445;-0.891599;-0.806037;-0.708031;-0.595594
3;10413342342618;20;absz;16972;13865;11324.1;9249.63;7555.6;6169.79;5038.69;4114.25;3359.1;2742;2237.59;1825.14;1488.25;1212.53;987.064;802.557;651.685;528.589;428.704;348.841
3;10413342342618;20;frequency;99999.99999990905;122862.535599424;150952.0265389597;185463.4873444638;227865.1431623047;279960.8926363817;343967.05137965;422606.6409511731;519225.2346839865;637933.2888043621;783781.0140572543;962973.2274171232;1183133.324347452;1453627.601814205;1785963.729760951;2194280.323268956;2695948.443325946;3312310.615921419;4069588.809647371;4999999.999999929
3;10413342342618;20;phasez;-1.52571;-1.52254;-1.5185;-1.51354;-1.5072;-1.49936;-1.48964;-1.47757;-1.46263;-1.44413;-1.4212;-1.39283;-1.35766;-1.31397;-1.25957;-1.19154;-1.10596;-0.997635;-0.859278;-0.681261
