0;6561210331618;20;absz;1.39748e+08;1.01822e+08;7.41328e+07;5.3977e+07;3.92884e+07;2.86055e+07;2.07963e+07;1.51255e+07;1.09983e+07;7.9958e+06;5.81189e+06;4.22386e+06;3.06929e+06;2.22999e+06;1.61995e+06;1.17655e+06;854403;620339;450311;326823
0;6561210331618;20;frequency;9.999999974752427;13.86918846435492;19.23543905490988;26.67799336109056;37.00021196095804;51.31629158938722;71.17153245417285;98.70914048804025;136.9015682683994;189.8713664161278;263.3361782500288;365.2259113806622;506.5387032487934;702.5280792305466;974.3494403835484;1351.343611730726;1874.203936580443;2599.368780806799;3605.113577052066;4999.99999995282
0;6561210331618;20;phasez;-1.51678;-1.51924;-1.52129;-1.52302;-1.52477;-1.52616;-1.52741;-1.52841;-1.52939;-1.53023;-1.53081;-1.53127;-1.53152;-1.53154;-1.53121;-1.53043;-1.52903;-1.52678;-1.52333;-1.51822
1;6561983312708;50;absz;7.5398e+06;6.45346e+06;5.51768e+06;4.72169e+06;4.03991e+06;3.4567e+06;2.95908e+06;2.53185e+06;2.16537e+06;1.85286e+06;1.58527e+06;1.35599e+06;1.15991e+06;992227;848622;725812;620789;530976;454120;388360;332098;283995;242848;207654;177557;151820;129816;110991;94899;81139.3;69371;59311.6;50708.8;43353.5;37064.5;31686.4;27087.1;23153.3;19790;16913.6;14453.1;12348.1;10547.1;9005.86;7686.74;6556.83;5588.57;4758.25;4045.33;3432.24
1;6561983312708;50;frequency;199.9999999213742;234.625769479635;275.2462588517801;322.8993264769997;378.802514688914;444.3841576318164;521.3198749487447;611.5753842550475;717.456725922716;841.6691823498468;987.3863981368913;1158.33146786315;1358.872060208682;1594.132014446359;1870.122253535556;2193.894364737048;2573.720768452858;3019.306079821149;3542.035062906734;4155.263512473084;4874.659497176026;5718.603679767398;6708.658946337209;7870.121340545211;9232.666380967203;10831.10727442716;12706.28439819177;14906.10877695531;17486.78621595445;20514.25336674129;24065.86241733066;28232.35745111674;33120.19296963342;38854.25382030405;45581.04601983359;53472.44000269313;62730.06193403319;73590.44528463698;86331.07429211862;101277.4737211686;118811.5260634959;139381.228686517;163512.140226203;191820.8086789974;225030.524286467;263989.7996954232;309694.0495706946;363311.0235703185;426210.642505751;499999.9999999716
1;6561983312708;50;phasez;-1.53061;-1.53105;-1.53245;-1.53248;-1.53323;-1.53257;-1.53333;-1.53438;-1.53459;-1.53475;-1.53525;-1.53557;-1.53581;-1.53611;-1.53635;-1.53667;-1.53691;-1.53716;-1.53732;-1.53751;-1.5376;-1.53769;-1.53772;-1.53765;-1.53752;-1.53732;-1.53702;-1.53663;-1.53611;-1.53546;-1.53466;-1.5337;-1.53254;-1.53117;-1.52954;-1.52763;-1.52535;-1.52266;-1.51947;-1.5157;-1.51123;-1.50596;-1.4997;-1.49231;-1.48355;-1.47316;-1.46083;-1.44617;-1.42863;-1.40756
2;6562754424314;50;absz;83634.9;74854.3;67018.6;59980.7;53697.3;48065.6;43026.1;38515.5;34476;30861.3;27622.2;24724.5;22131.2;19807.8;17729.3;15869.6;14204.7;12714.1;11379.4;10185.2;9115.69;8158.7;7301.64;6535.11;5848.88;5234.33;4684.4;4191.88;3751.07;3356.49;3003.3;2687.06;2403.87;2150.37;1923.42;1720.15;1538.09;1375.08;1229.08;1098.33;981.219;876.318;782.4;698.303;623.13;555.955;496.033;442.807;395.748;354.531
2;6562754424314;50;frequency;20000.00000002444;22385.53853899816;25055.61678390222;28044.17375656954;31389.19662092121;35133.2035329932;39323.78408414649;44014.2042055669;49264.08322518227;55140.1516811012;61717.09952482729;69078.52549602467;77317.99973512921;86540.25314108083;96862.50859274992;108415.9709538568;121347.4948009008;135821.4510731415;152021.8163702936;170154.5114554648;190450.0186878266;213166.3116533389;238592.1342356312;267050.6708003728;298903.6541519141;334555.9634717432;374460.7706856584;419125.3006744233;469117.2785435782;525072.1459047724;587701.13789258;657800.3235824071;736260.7247225839;824079.6413975459;922373.3285811875;1032391.184709951;1155531.632626961;1293359.894754076;1447627.888434013;1620296.494325686;1813560.480908265;2029876.401899315;2271993.821195295;2542990.262224833;2846310.325953354;3185809.474764127;3565803.038745301;3991121.067296888;4467169.723268114;4999999.999999929
2;6562754424314;50;phasez;-1.53928;-1.53898;-1.53872;-1.53833;-1.53812;-1.53744;-1.53696;-1.53622;-1.53547;-1.53469;-1.53369;-1.53262;-1.53137;-1.52981;-1.52824;-1.52635;-1.52419;-1.5218;-1.51908;-1.51601;-1.51263;-1.50875;-1.50444;-1.49962;-1.49418;-1.48808;-1.48124;-1.47357;-1.46495;-1.45531;-1.44447;-1.43232;-1.41867;-1.40335;-1.38613;-1.3668;-1.34505;-1.32058;-1.29302;-1.26198;-1.22695;-1.18737;-1.14262;-1.09189;-1.03426;-0.96872;-0.893941;-0.808461;-0.710555;-0.598234
3;6563070844199;20;absz;17266.9;14103.3;11514.2;9403.48;7679.46;6269.84;5119.52;4179.41;3411.66;2784.45;2271.74;1852.63;1510.3;1230.23;1001.24;813.928;660.793;535.911;434.627;353.695
3;6563070844199;20;frequency;99999.99999990905;122862.535599424;150952.0265389597;185463.4873444638;227865.1431623047;279960.8926363817;343967.05137965;422606.6409511731;519225.2346839865;637933.2888043621;783781.0140572543;962973.2274171232;1183133.324347452;1453627.601814205;1785963.729760951;2194280.323268956;2695948.443325946;3312310.615921419;4069588.809647371;4999999.999999929
3;6563070844199;20;phasez;-1.52736;-1.52408;-1.5201;-1.515;-1.50877;-1.50093;-1.4912;-1.47915;-1.46423;-1.44579;-1.42295;-1.39464;-1.35955;-1.31594;-1.2616;-1.19365;-1.10815;-0.99992;-0.861697;-0.683894
