0;2293018834667;20;absz;1.84132e+08;1.33231e+08;9.64867e+07;6.98163e+07;5.05368e+07;3.65782e+07;2.64703e+07;1.91548e+07;1.38637e+07;1.00333e+07;7.26107e+06;5.25458e+06;3.80235e+06;2.75134e+06;1.99057e+06;1.44004e+06;1.04171e+06;753446;544901;394019
0;2293018834667;20;frequency;9.999999974752427;13.86918846435492;19.23543905490988;26.67799336109056;37.00021196095804;51.31629158938722;71.17153245417285;98.70914048804025;136.9015682683994;189.8713664161278;263.3361782500288;365.2259113806622;506.5387032487934;702.5280792305466;974.3494403835484;1351.343611730726;1874.203936580443;2599.368780806799;3605.113577052066;4999.99999995282
0;2293018834667;20;phasez;-1.55145;-1.55161;-1.55161;-1.5521;-1.55225;-1.55305;-1.55256;-1.55249;-1.55246;-1.55241;-1.55232;-1.55218;-1.55188;-1.55141;-1.55066;-1.54949;-1.54773;-1.54513;-1.54138;-1.53599
1;2293790130193;50;absz;9.43537e+06;8.07923e+06;6.87926e+06;5.8793e+06;5.02856e+06;4.29112e+06;3.66376e+06;3.12908e+06;2.6707e+06;2.28107e+06;1.94704e+06;1.6624e+06;1.41944e+06;1.21203e+06;1.03465e+06;883325;754121;643708;549601;469171;400485;341861;291798;249076;212596;181460;154878;132192;112827;96300.8;82192.1;70150.6;59873.3;51102.2;43615.9;37224.8;31769.8;27113.4;23138.3;19744.7;16847.1;14372.5;12258.8;10453.3;8910.04;7590.58;6461.72;5495.02;4666.34;3954.81
1;2293790130193;50;frequency;199.9999999213742;234.625769479635;275.2462588517801;322.8993264769997;378.802514688914;444.3841576318164;521.3198749487447;611.5753842550475;717.456725922716;841.6691823498468;987.3863981368913;1158.33146786315;1358.872060208682;1594.132014446359;1870.122253535556;2193.894364737048;2573.720768452858;3019.306079821149;3542.035062906734;4155.263512473084;4874.659497176026;5718.603679767398;6708.658946337209;7870.121340545211;9232.666380967203;10831.10727442716;12706.28439819177;14906.10877695531;17486.78621595445;20514.25336674129;24065.86241733066;28232.35745111674;33120.19296963342;38854.25382030405;45581.04601983359;53472.44000269313;62730.06193403319;73590.44528463698;86331.07429211862;101277.4737211686;118811.5260634959;139381.228686517;163512.140226203;191820.8086789974;225030.524286467;263989.7996954232;309694.0495706946;363311.0235703185;426210.642505751;499999.9999999716
1;2293790130193;50;phasez;-1.55697;-1.55133;-1.55556;-1.55329;-1.55342;-1.55363;-1.55364;-1.55429;-1.55401;-1.55415;-1.55455;-1.55459;-1.55497;-1.55489;-1.555;-1.55516;-1.55533;-1.55539;-1.5554;-1.55539;-1.5554;-1.55539;-1.55525;-1.5551;-1.55487;-1.55455;-1.55413;-1.55361;-1.55297;-1.55219;-1.55122;-1.55009;-1.54875;-1.54717;-1.54531;-1.54313;-1.54059;-1.53759;-1.53409;-1.52999;-1.52517;-1.51953;-1.51289;-1.5051;-1.49592;-1.48511;-1.47233;-1.45719;-1.43916;-1.41758
2;2294559722814;50;absz;99207.5;88742;79332.2;70930.4;63404.8;56703.7;50696;45326.5;40527.7;36233.9;32395.3;28964.4;25897.2;23155.8;20700.5;18510.1;16550.2;14798.7;13232.5;11831.7;10579.5;9460.14;8458.62;7563.54;6762.97;6047.38;5407.51;4835.24;4323.42;3865.72;3456.39;3090.31;2762.86;2469.98;2208.01;1973.71;1764.09;1576.5;1408.71;1258.56;1124.19;1004.01;896.525;800.364;714.533;637.937;569.727;509.247;455.91;409.339
2;2294559722814;50;frequency;20000.00000002444;22385.53853899816;25055.61678390222;28044.17375656954;31389.19662092121;35133.2035329932;39323.78408414649;44014.2042055669;49264.08322518227;55140.1516811012;61717.09952482729;69078.52549602467;77317.99973512921;86540.25314108083;96862.50859274992;108415.9709538568;121347.4948009008;135821.4510731415;152021.8163702936;170154.5114554648;190450.0186878266;213166.3116533389;238592.1342356312;267050.6708003728;298903.6541519141;334555.9634717432;374460.7706856584;419125.3006744233;469117.2785435782;525072.1459047724;587701.13789258;657800.3235824071;736260.7247225839;824079.6413975459;922373.3285811875;1032391.184709951;1155531.632626961;1293359.894754076;1447627.888434013;1620296.494325686;1813560.480908265;2029876.401899315;2271993.821195295;2542990.262224833;2846310.325953354;3185809.474764127;3565803.038745301;3991121.067296888;4467169.723268114;4999999.999999929
2;2294559722814;50;phasez;-1.55567;-1.55514;-1.55501;-1.55467;-1.55411;-1.55359;-1.55291;-1.55221;-1.55139;-1.55024;-1.54895;-1.54775;-1.54606;-1.54447;-1.5426;-1.54042;-1.53806;-1.53542;-1.53244;-1.52914;-1.52541;-1.52129;-1.5167;-1.51153;-1.50578;-1.49934;-1.49217;-1.48418;-1.47519;-1.46519;-1.45399;-1.44143;-1.42738;-1.41163;-1.39399;-1.37421;-1.35201;-1.32707;-1.29905;-1.26753;-1.23203;-1.19199;-1.14677;-1.09558;-1.03749;-0.971545;-0.896381;-0.810573;-0.712388;-0.599905
3;2294877905160;20;absz;20149.2;16429;13391.2;10914.6;8897.67;7254.15;5912.97;4820.39;3929.1;3202.47;2609.87;2126.28;1731.74;1409.9;1147.05;932.509;757.473;615.077;499.929;408.347
3;2294877905160;20;frequency;99999.99999990905;122862.535599424;150952.0265389597;185463.4873444638;227865.1431623047;279960.8926363817;343967.05137965;422606.6409511731;519225.2346839865;637933.2888043621;783781.0140572543;962973.2274171232;1183133.324347452;1453627.601814205;1785963.729760951;2194280.323268956;2695948.443325946;3312310.615921419;4069588.809647371;4999999.999999929
3;2294877905160;20;phasez;-1.54166;-1.53802;-1.53354;-1.52792;-1.52109;-1.51271;-1.50237;-1.48971;-1.47415;-1.455;-1.43142;-1.40233;-1.36641;-1.32195;-1.26675;-1.19793;-1.11157;-1.0026;-0.863734;-0.68551
