0;9906426951450;20;absz;1.36167e+08;9.92379e+07;7.23442e+07;5.26995e+07;3.83695e+07;2.79423e+07;2.03273e+07;1.47896e+07;1.07572e+07;7.82293e+06;5.68758e+06;4.1346e+06;3.00513e+06;2.1839e+06;1.58677e+06;1.15279e+06;837376;608162;441623;320643
0;9906426951450;20;frequency;9.999999974752427;13.86918846435492;19.23543905490988;26.67799336109056;37.00021196095804;51.31629158938722;71.17153245417285;98.70914048804025;136.9015682683994;189.8713664161278;263.3361782500288;365.2259113806622;506.5387032487934;702.5280792305466;974.3494403835484;1351.343611730726;1874.203936580443;2599.368780806799;3605.113577052066;4999.99999995282
0;9906426951450;20;phasez;-1.50997;-1.51374;-1.51659;-1.51937;-1.52165;-1.52366;-1.52496;-1.52637;-1.52758;-1.52851;-1.52928;-1.52982;-1.53014;-1.53018;-1.52985;-1.52904;-1.52755;-1.52523;-1.52171;-1.51656
1;9907199233021;50;absz;7.37675e+06;6.30912e+06;5.40016e+06;4.62446e+06;3.95522e+06;3.38599e+06;2.89748e+06;2.47729e+06;2.12086e+06;1.81438e+06;1.55235e+06;1.32822e+06;1.13642e+06;972122;831736;711572;608632;520633;445326;380933;325820;278673;238339;203839;174329;149086;127496;109029;93235.7;79728.5;68176.3;58296.9;49849.5;42624.7;36445.6;31161.5;26642.3;22777.1;19471.1;16643.5;14224.4;12154.6;10383.6;8867.63;7569.67;6457.97;5504.98;4687.68;3985.76;3382.13
1;9907199233021;50;frequency;199.9999999213742;234.625769479635;275.2462588517801;322.8993264769997;378.802514688914;444.3841576318164;521.3198749487447;611.5753842550475;717.456725922716;841.6691823498468;987.3863981368913;1158.33146786315;1358.872060208682;1594.132014446359;1870.122253535556;2193.894364737048;2573.720768452858;3019.306079821149;3542.035062906734;4155.263512473084;4874.659497176026;5718.603679767398;6708.658946337209;7870.121340545211;9232.666380967203;10831.10727442716;12706.28439819177;14906.10877695531;17486.78621595445;20514.25336674129;24065.86241733066;28232.35745111674;33120.19296963342;38854.25382030405;45581.04601983359;53472.44000269313;62730.06193403319;73590.44528463698;86331.07429211862;101277.4737211686;118811.5260634959;139381.228686517;163512.140226203;191820.8086789974;225030.524286467;263989.7996954232;309694.0495706946;363311.0235703185;426210.642505751;499999.9999999716
1;9907199233021;50;phasez;-1.52946;-1.53091;-1.53244;-1.53182;-1.53134;-1.53124;-1.53207;-1.5333;-1.53303;-1.53353;-1.53359;-1.53428;-1.53451;-1.53461;-1.53491;-1.53509;-1.53534;-1.53555;-1.53573;-1.53585;-1.53597;-1.53601;-1.53604;-1.53597;-1.53587;-1.53568;-1.5354;-1.53503;-1.53453;-1.5339;-1.53313;-1.5322;-1.53106;-1.52969;-1.52806;-1.52614;-1.52386;-1.52116;-1.51796;-1.51419;-1.50973;-1.50444;-1.4982;-1.49081;-1.48205;-1.47167;-1.45934;-1.44465;-1.42709;-1.40599
2;9907970510049;50;absz;82125.5;73535.4;65837;58934.6;52768.7;47236.9;42290.9;37858.4;33893.8;30341.1;27161.2;24315;21767.3;19485.4;17442;15613.8;13977;12511.1;11199.7;10025.2;8973.91;8032.48;7189.63;6435.23;5759.93;5155.37;4614.15;4129.59;3695.65;3307.2;2959.46;2648.01;2369.23;2119.58;1896.08;1695.89;1516.59;1356.04;1212.2;1083.37;967.945;864.566;771.984;689.061;614.942;548.665;489.544;437.012;390.572;349.874
2;9907970510049;50;frequency;20000.00000002444;22385.53853899816;25055.61678390222;28044.17375656954;31389.19662092121;35133.2035329932;39323.78408414649;44014.2042055669;49264.08322518227;55140.1516811012;61717.09952482729;69078.52549602467;77317.99973512921;86540.25314108083;96862.50859274992;108415.9709538568;121347.4948009008;135821.4510731415;152021.8163702936;170154.5114554648;190450.0186878266;213166.3116533389;238592.1342356312;267050.6708003728;298903.6541519141;334555.9634717432;374460.7706856584;419125.3006744233;469117.2785435782;525072.1459047724;587701.13789258;657800.3235824071;736260.7247225839;824079.6413975459;922373.3285811875;1032391.184709951;1155531.632626961;1293359.894754076;1447627.888434013;1620296.494325686;1813560.480908265;2029876.401899315;2271993.821195295;2542990.262224833;2846310.325953354;3185809.474764127;3565803.038745301;3991121.067296888;4467169.723268114;4999999.999999929
2;9907970510049;50;phasez;-1.53751;-1.53745;-1.53711;-1.53691;-1.53645;-1.53602;-1.53541;-1.5347;-1.53397;-1.53329;-1.53226;-1.53106;-1.52987;-1.52837;-1.52667;-1.52476;-1.52267;-1.52026;-1.51752;-1.51453;-1.51112;-1.50726;-1.50294;-1.49812;-1.49268;-1.48658;-1.47971;-1.47205;-1.46342;-1.45375;-1.44289;-1.43071;-1.41703;-1.40166;-1.38442;-1.36503;-1.34325;-1.31874;-1.29114;-1.26005;-1.22498;-1.18537;-1.14057;-1.0898;-1.03211;-0.966519;-0.891667;-0.806108;-0.708108;-0.595669
3;9908292047093;20;absz;16978.5;13873.1;11330.3;9253.84;7558.99;6172.68;5041.13;4116.23;3360.75;2743.36;2238.65;1826.01;1488.93;1213.1;987.514;802.908;651.965;528.79;428.871;348.984
3;9908292047093;20;frequency;99999.99999990905;122862.535599424;150952.0265389597;185463.4873444638;227865.1431623047;279960.8926363817;343967.05137965;422606.6409511731;519225.2346839865;637933.2888043621;783781.0140572543;962973.2274171232;1183133.324347452;1453627.601814205;1785963.729760951;2194280.323268956;2695948.443325946;3312310.615921419;4069588.809647371;4999999.999999929
3;9908292047093;20;phasez;-1.52581;-1.52261;-1.51862;-1.51354;-1.50725;-1.49943;-1.4897;-1.47767;-1.46268;-1.44417;-1.42128;-1.39293;-1.35775;-1.31407;-1.25965;-1.19162;-1.10604;-0.997705;-0.859346;-0.681334
