0;7320096764918;20;absz;1.38251e+08;1.00708e+08;7.33858e+07;5.34325e+07;3.88951e+07;2.83055e+07;2.05886e+07;1.49742e+07;1.08883e+07;7.91635e+06;5.75446e+06;4.18242e+06;3.03935e+06;2.20845e+06;1.60451e+06;1.16557e+06;846572;614769;446352;324021
0;7320096764918;20;frequency;9.999999974752427;13.86918846435492;19.23543905490988;26.67799336109056;37.00021196095804;51.31629158938722;71.17153245417285;98.70914048804025;136.9015682683994;189.8713664161278;263.3361782500288;365.2259113806622;506.5387032487934;702.5280792305466;974.3494403835484;1351.343611730726;1874.203936580443;2599.368780806799;3605.113577052066;4999.99999995282
0;7320096764918;20;phasez;-1.51449;-1.51724;-1.51972;-1.52164;-1.52379;-1.52502;-1.52688;-1.528;-1.52903;-1.52978;-1.53038;-1.53082;-1.531;-1.53093;-1.53052;-1.52967;-1.52824;-1.52595;-1.52249;-1.51737
1;7320864973130;50;absz;7.47501e+06;6.38629e+06;5.47078e+06;4.67953e+06;4.00146e+06;3.42105e+06;2.92805e+06;2.50765e+06;2.14476e+06;1.83558e+06;1.57009e+06;1.34297e+06;1.14899e+06;983009;840836;719287;615250;526285;450147;384981;329263;281585;240805;205930;176100;150586;128767;110108;94148.5;80500.7;68830.3;58852.1;50319.5;43024;36784.9;31449.3;26886;22983.3;19645.9;16790.9;14349;12260.1;10472.4;8942.55;7632.88;6511.35;5550.14;4725.63;4017.73;3408.99
1;7320864973130;50;frequency;199.9999999213742;234.625769479635;275.2462588517801;322.8993264769997;378.802514688914;444.3841576318164;521.3198749487447;611.5753842550475;717.456725922716;841.6691823498468;987.3863981368913;1158.33146786315;1358.872060208682;1594.132014446359;1870.122253535556;2193.894364737048;2573.720768452858;3019.306079821149;3542.035062906734;4155.263512473084;4874.659497176026;5718.603679767398;6708.658946337209;7870.121340545211;9232.666380967203;10831.10727442716;12706.28439819177;14906.10877695531;17486.78621595445;20514.25336674129;24065.86241733066;28232.35745111674;33120.19296963342;38854.25382030405;45581.04601983359;53472.44000269313;62730.06193403319;73590.44528463698;86331.07429211862;101277.4737211686;118811.5260634959;139381.228686517;163512.140226203;191820.8086789974;225030.524286467;263989.7996954232;309694.0495706946;363311.0235703185;426210.642505751;499999.9999999716
1;7320864973130;50;phasez;-1.53163;-1.53109;-1.53045;-1.53137;-1.53238;-1.53209;-1.53329;-1.53359;-1.53402;-1.53402;-1.53445;-1.53488;-1.53511;-1.53533;-1.53564;-1.53581;-1.53607;-1.53625;-1.5365;-1.53662;-1.53676;-1.53683;-1.53686;-1.53684;-1.53672;-1.53654;-1.53626;-1.53588;-1.53539;-1.53476;-1.53399;-1.53303;-1.53189;-1.53053;-1.52891;-1.527;-1.52473;-1.52204;-1.51887;-1.5151;-1.51065;-1.50537;-1.49913;-1.49174;-1.48298;-1.4726;-1.46027;-1.44558;-1.42804;-1.40695
2;7321635554953;50;absz;82930.3;74250.6;66456.6;59508.6;53265.7;47687.2;42690.8;38215.6;34209.8;30623.6;27412.8;24537.6;21965.5;19660.1;17598.5;15752.8;14100.9;12620.9;11296.9;10112;9050.68;8100.53;7250.32;6489.05;5807.61;5197.72;4651.8;4162.91;3725.38;3333.65;2982.88;2668.88;2387.76;2136.02;1910.63;1708.8;1528.03;1366.14;1221.15;1091.29;974.963;870.775;777.472;693.935;619.236;552.497;492.949;440.055;393.29;352.312
2;7321635554953;50;frequency;20000.00000002444;22385.53853899816;25055.61678390222;28044.17375656954;31389.19662092121;35133.2035329932;39323.78408414649;44014.2042055669;49264.08322518227;55140.1516811012;61717.09952482729;69078.52549602467;77317.99973512921;86540.25314108083;96862.50859274992;108415.9709538568;121347.4948009008;135821.4510731415;152021.8163702936;170154.5114554648;190450.0186878266;213166.3116533389;238592.1342356312;267050.6708003728;298903.6541519141;334555.9634717432;374460.7706856584;419125.3006744233;469117.2785435782;525072.1459047724;587701.13789258;657800.3235824071;736260.7247225839;824079.6413975459;922373.3285811875;1032391.184709951;1155531.632626961;1293359.894754076;1447627.888434013;1620296.494325686;1813560.480908265;2029876.401899315;2271993.821195295;2542990.262224833;2846310.325953354;3185809.474764127;3565803.038745301;3991121.067296888;4467169.723268114;4999999.999999929
2;7321635554953;50;phasez;-1.53836;-1.53832;-1.53803;-1.53768;-1.5374;-1.53672;-1.53636;-1.53564;-1.53485;-1.53415;-1.53321;-1.53205;-1.53073;-1.52927;-1.52761;-1.52569;-1.52359;-1.52122;-1.5185;-1.51547;-1.51204;-1.5082;-1.50387;-1.49905;-1.49359;-1.48748;-1.48065;-1.47297;-1.46435;-1.45469;-1.44386;-1.43169;-1.41803;-1.4027;-1.38547;-1.36611;-1.34435;-1.31986;-1.29229;-1.26123;-1.22618;-1.1866;-1.14184;-1.09108;-1.03343;-0.967867;-0.893068;-0.807567;-0.709619;-0.597271
3;7321952502053;20;absz;17137;13998.9;11431.4;9335.38;7624.62;6225.44;5083.46;4150.32;3388.25;2765.47;2256.53;1840.35;1500.4;1222.27;994.836;808.788;656.659;532.57;431.925;351.482
3;7321952502053;20;frequency;99999.99999990905;122862.535599424;150952.0265389597;185463.4873444638;227865.1431623047;279960.8926363817;343967.05137965;422606.6409511731;519225.2346839865;637933.2888043621;783781.0140572543;962973.2274171232;1183133.324347452;1453627.601814205;1785963.729760951;2194280.323268956;2695948.443325946;3312310.615921419;4069588.809647371;4999999.999999929
3;7321952502053;20;phasez;-1.52674;-1.52359;-1.51949;-1.51447;-1.50816;-1.50033;-1.4906;-1.47855;-1.46362;-1.44516;-1.42228;-1.39396;-1.35883;-1.3152;-1.26083;-1.19286;-1.10732;-0.999054;-0.860781;-0.682863
