0;566264467078;20;absz;2.39597e+08;1.73412e+08;1.25323e+08;9.06932e+07;6.55845e+07;4.74836e+07;3.43293e+07;2.48325e+07;1.79663e+07;1.2998e+07;9.40533e+06;6.80522e+06;4.92403e+06;3.56298e+06;2.57803e+06;1.86529e+06;1.34958e+06;976422;706435;511104
0;566264467078;20;frequency;9.999999974752427;13.86918846435492;19.23543905490988;26.67799336109056;37.00021196095804;51.31629158938722;71.17153245417285;98.70914048804025;136.9015682683994;189.8713664161278;263.3361782500288;365.2259113806622;506.5387032487934;702.5280792305466;974.3494403835484;1351.343611730726;1874.203936580443;2599.368780806799;3605.113577052066;4999.99999995282
0;566264467078;20;phasez;-1.55583;-1.55669;-1.55489;-1.55511;-1.55497;-1.55475;-1.55429;-1.55416;-1.55391;-1.55357;-1.55305;-1.55253;-1.55193;-1.55112;-1.55001;-1.54851;-1.54631;-1.54328;-1.53902;-1.5331
1;567034183680;50;absz;1.22505e+07;1.04454e+07;8.93236e+06;7.61315e+06;6.51125e+06;5.55945e+06;4.742e+06;4.05081e+06;3.45738e+06;2.95369e+06;2.52124e+06;2.15315e+06;1.83879e+06;1.56995e+06;1.3404e+06;1.14445e+06;977227;834346;712408;608259;519388;443471;378673;323328;276099;235758;201317;171911;146803;125367;107063;91429.8;78082.3;66682.7;56948.9;48635.9;41534.9;35470.1;30289.5;25863.6;22082.3;18851;16089.5;13728.2;11708.9;9981.11;8501.83;7234.31;6146.88;5212.67
1;567034183680;50;frequency;199.9999999213742;234.625769479635;275.2462588517801;322.8993264769997;378.802514688914;444.3841576318164;521.3198749487447;611.5753842550475;717.456725922716;841.6691823498468;987.3863981368913;1158.33146786315;1358.872060208682;1594.132014446359;1870.122253535556;2193.894364737048;2573.720768452858;3019.306079821149;3542.035062906734;4155.263512473084;4874.659497176026;5718.603679767398;6708.658946337209;7870.121340545211;9232.666380967203;10831.10727442716;12706.28439819177;14906.10877695531;17486.78621595445;20514.25336674129;24065.86241733066;28232.35745111674;33120.19296963342;38854.25382030405;45581.04601983359;53472.44000269313;62730.06193403319;73590.44528463698;86331.07429211862;101277.4737211686;118811.5260634959;139381.228686517;163512.140226203;191820.8086789974;225030.524286467;263989.7996954232;309694.0495706946;363311.0235703185;426210.642505751;499999.9999999716
1;567034183680;50;phasez;-1.55484;-1.55259;-1.55452;-1.55376;-1.5531;-1.55372;-1.55332;-1.55465;-1.55311;-1.55434;-1.55398;-1.55358;-1.55375;-1.55384;-1.5536;-1.55367;-1.55352;-1.5532;-1.55308;-1.55291;-1.55259;-1.55229;-1.55194;-1.55148;-1.55103;-1.55044;-1.54981;-1.54906;-1.5482;-1.54725;-1.54611;-1.54483;-1.54335;-1.54164;-1.53968;-1.53743;-1.53481;-1.53178;-1.52826;-1.52414;-1.51934;-1.51373;-1.50715;-1.49942;-1.49033;-1.47962;-1.46696;-1.45195;-1.43407;-1.41266
2;567802536259;50;absz;129204;115594;103397;92494.9;82718.1;73970.2;66163.5;59195.9;52939.6;47345.5;42350.6;37880.4;33889.3;30314.5;27112.8;24253.7;21696.2;19407.2;17360.8;15531;13893.7;12428.6;11118.4;9946.25;8897.7;7959.15;7120.16;6369.29;5697.7;5096.63;4558.97;4077.89;3647.28;3262.1;2917.43;2609.01;2333.04;2086.07;1865.14;1667.42;1490.52;1332.26;1190.74;1064.18;951.356;850.738;761.268;682.107;612.492;552.016
2;567802536259;50;frequency;20000.00000002444;22385.53853899816;25055.61678390222;28044.17375656954;31389.19662092121;35133.2035329932;39323.78408414649;44014.2042055669;49264.08322518227;55140.1516811012;61717.09952482729;69078.52549602467;77317.99973512921;86540.25314108083;96862.50859274992;108415.9709538568;121347.4948009008;135821.4510731415;152021.8163702936;170154.5114554648;190450.0186878266;213166.3116533389;238592.1342356312;267050.6708003728;298903.6541519141;334555.9634717432;374460.7706856584;419125.3006744233;469117.2785435782;525072.1459047724;587701.13789258;657800.3235824071;736260.7247225839;824079.6413975459;922373.3285811875;1032391.184709951;1155531.632626961;1293359.894754076;1447627.888434013;1620296.494325686;1813560.480908265;2029876.401899315;2271993.821195295;2542990.262224833;2846310.325953354;3185809.474764127;3565803.038745301;3991121.067296888;4467169.723268114;4999999.999999929
2;567802536259;50;phasez;-1.55091;-1.55035;-1.5501;-1.54922;-1.5487;-1.54782;-1.54703;-1.54639;-1.54555;-1.54436;-1.54322;-1.54172;-1.54022;-1.53865;-1.53669;-1.53456;-1.53225;-1.5296;-1.5267;-1.52345;-1.51976;-1.51567;-1.51115;-1.50608;-1.50038;-1.49407;-1.48701;-1.47908;-1.47025;-1.46035;-1.44927;-1.43686;-1.42298;-1.40737;-1.38989;-1.37031;-1.34828;-1.32356;-1.29575;-1.26445;-1.2292;-1.18943;-1.14451;-1.09366;-1.03594;-0.970403;-0.895737;-0.810505;-0.71304;-0.601416
3;568118820878;20;absz;26394.5;21536.1;17574.7;14338.9;11695.7;9541.76;7784.58;6349.74;5180.16;4225.01;3445.82;2809.94;2290.55;1866.53;1520.59;1238.1;1007.83;820.75;669.916;550.672
3;568118820878;20;frequency;99999.99999990905;122862.535599424;150952.0265389597;185463.4873444638;227865.1431623047;279960.8926363817;343967.05137965;422606.6409511731;519225.2346839865;637933.2888043621;783781.0140572543;962973.2274171232;1183133.324347452;1453627.601814205;1785963.729760951;2194280.323268956;2695948.443325946;3312310.615921419;4069588.809647371;4999999.999999929
3;568118820878;20;phasez;-1.53578;-1.53212;-1.52764;-1.52224;-1.51549;-1.50725;-1.49711;-1.48464;-1.46931;-1.45038;-1.42708;-1.39831;-1.3627;-1.31863;-1.26386;-1.19555;-1.10979;-1.00157;-0.863712;-0.686956
