0;4201079003418;20;absz;1.54665e+08;1.12524e+08;8.18089e+07;5.94457e+07;4.31996e+07;3.13591e+07;2.2794e+07;1.65517e+07;1.20178e+07;8.72382e+06;6.33188e+06;4.59499e+06;3.33383e+06;2.41848e+06;1.75409e+06;1.27201e+06;922222;668540;484570;351180
0;4201079003418;20;frequency;9.999999974752427;13.86918846435492;19.23543905490988;26.67799336109056;37.00021196095804;51.31629158938722;71.17153245417285;98.70914048804025;136.9015682683994;189.8713664161278;263.3361782500288;365.2259113806622;506.5387032487934;702.5280792305466;974.3494403835484;1351.343611730726;1874.203936580443;2599.368780806799;3605.113577052066;4999.99999995282
0;4201079003418;20;phasez;-1.52876;-1.53044;-1.53144;-1.53273;-1.53382;-1.53459;-1.53541;-1.53626;-1.53704;-1.53768;-1.53819;-1.53865;-1.53891;-1.53893;-1.53862;-1.53782;-1.53635;-1.53399;-1.53042;-1.52517
1;4201848957902;50;absz;8.2153e+06;7.01882e+06;6.01172e+06;5.14452e+06;4.39551e+06;3.75737e+06;3.212e+06;2.74776e+06;2.34837e+06;2.00766e+06;1.71584e+06;1.46705e+06;1.25401e+06;1.07181e+06;916098;782921;669123;571857;488697;417618;356887;304976;260598;222679;190272;162581;138916;118696;101418;86655.8;74042.2;63262.4;54054.1;46184.5;39461.1;33716;28805.7;24610.3;21023.9;17959.1;15338.6;13098.4;11182.6;9543.82;8141.6;6941.45;5913.45;5032.06;4275.83;3625.89
1;4201848957902;50;frequency;199.9999999213742;234.625769479635;275.2462588517801;322.8993264769997;378.802514688914;444.3841576318164;521.3198749487447;611.5753842550475;717.456725922716;841.6691823498468;987.3863981368913;1158.33146786315;1358.872060208682;1594.132014446359;1870.122253535556;2193.894364737048;2573.720768452858;3019.306079821149;3542.035062906734;4155.263512473084;4874.659497176026;5718.603679767398;6708.658946337209;7870.121340545211;9232.666380967203;10831.10727442716;12706.28439819177;14906.10877695531;17486.78621595445;20514.25336674129;24065.86241733066;28232.35745111674;33120.19296963342;38854.25382030405;45581.04601983359;53472.44000269313;62730.06193403319;73590.44528463698;86331.07429211862;101277.4737211686;118811.5260634959;139381.228686517;163512.140226203;191820.8086789974;225030.524286467;263989.7996954232;309694.0495706946;363311.0235703185;426210.642505751;499999.9999999716
1;4201848957902;50;phasez;-1.53948;-1.53697;-1.53869;-1.53852;-1.54094;-1.5409;-1.5411;-1.54152;-1.54156;-1.5419;-1.54244;-1.54296;-1.54322;-1.54348;-1.54366;-1.54388;-1.54413;-1.54426;-1.5444;-1.54452;-1.54453;-1.54458;-1.54452;-1.54441;-1.54423;-1.54396;-1.54359;-1.54311;-1.54251;-1.54178;-1.54089;-1.53983;-1.53857;-1.53709;-1.53536;-1.53334;-1.53096;-1.52818;-1.52491;-1.52108;-1.51657;-1.51127;-1.50502;-1.49763;-1.48891;-1.47857;-1.4663;-1.4517;-1.43424;-1.41324
2;4202617115659;50;absz;89292.6;79903.3;71488.6;63987;57254.5;51218.1;45825.3;41007.2;36690.7;32831.6;29375.3;26281.5;23517.5;21039.7;18827.1;16845.4;15072.9;13486.4;12067.1;10797;9659.68;8642.47;7732.44;6917.64;6188.66;5536.76;4952.91;4430.63;3963.25;3544.92;3170.54;2835.51;2535.69;2267.36;2027.14;1812.23;1619.84;1447.61;1293.43;1155.42;1031.9;921.311;822.37;733.799;654.705;584.06;521.112;465.219;415.867;372.686
2;4202617115659;50;frequency;20000.00000002444;22385.53853899816;25055.61678390222;28044.17375656954;31389.19662092121;35133.2035329932;39323.78408414649;44014.2042055669;49264.08322518227;55140.1516811012;61717.09952482729;69078.52549602467;77317.99973512921;86540.25314108083;96862.50859274992;108415.9709538568;121347.4948009008;135821.4510731415;152021.8163702936;170154.5114554648;190450.0186878266;213166.3116533389;238592.1342356312;267050.6708003728;298903.6541519141;334555.9634717432;374460.7706856584;419125.3006744233;469117.2785435782;525072.1459047724;587701.13789258;657800.3235824071;736260.7247225839;824079.6413975459;922373.3285811875;1032391.184709951;1155531.632626961;1293359.894754076;1447627.888434013;1620296.494325686;1813560.480908265;2029876.401899315;2271993.821195295;2542990.262224833;2846310.325953354;3185809.474764127;3565803.038745301;3991121.067296888;4467169.723268114;4999999.999999929
2;4202617115659;50;phasez;-1.54536;-1.5454;-1.54479;-1.54426;-1.544;-1.54348;-1.54284;-1.54216;-1.54135;-1.54038;-1.53937;-1.53814;-1.53681;-1.5353;-1.53355;-1.53168;-1.52954;-1.52711;-1.52442;-1.52134;-1.51796;-1.51411;-1.50982;-1.50503;-1.49964;-1.49357;-1.48679;-1.47916;-1.4706;-1.461;-1.45021;-1.4381;-1.42449;-1.40921;-1.39203;-1.37271;-1.35099;-1.32655;-1.29901;-1.26798;-1.23298;-1.19345;-1.14872;-1.09806;-1.04047;-0.975031;-0.90037;-0.81506;-0.71735;-0.605294
3;4202935604604;20;absz;18329.6;14963.7;12210.9;9964.58;8132.33;6635.77;5414.42;4417.35;3603.05;2938.54;2395.63;1952.22;1590.33;1294.59;1052.95;855.515;694.295;562.977;456.636;371.797
3;4202935604604;20;frequency;99999.99999990905;122862.535599424;150952.0265389597;185463.4873444638;227865.1431623047;279960.8926363817;343967.05137965;422606.6409511731;519225.2346839865;637933.2888043621;783781.0140572543;962973.2274171232;1183133.324347452;1453627.601814205;1785963.729760951;2194280.323268956;2695948.443325946;3312310.615921419;4069588.809647371;4999999.999999929
3;4202935604604;20;phasez;-1.53266;-1.52945;-1.52543;-1.52031;-1.51409;-1.50633;-1.49667;-1.48477;-1.46993;-1.45156;-1.42878;-1.40054;-1.3655;-1.32193;-1.26764;-1.19976;-1.11436;-1.00629;-0.868345;-0.690983
