0;2703110069066;20;absz;1.76548e+08;1.2792e+08;9.26609e+07;6.71212e+07;4.86149e+07;3.5222e+07;2.54937e+07;1.84579e+07;1.33649e+07;9.67721e+06;7.00605e+06;5.07195e+06;3.67128e+06;2.6575e+06;1.92356e+06;1.39219e+06;1.00756e+06;729170;527673;381844
0;2703110069066;20;frequency;9.999999974752427;13.86918846435492;19.23543905490988;26.67799336109056;37.00021196095804;51.31629158938722;71.17153245417285;98.70914048804025;136.9015682683994;189.8713664161278;263.3361782500288;365.2259113806622;506.5387032487934;702.5280792305466;974.3494403835484;1351.343611730726;1874.203936580443;2599.368780806799;3605.113577052066;4999.99999995282
0;2703110069066;20;phasez;-1.54735;-1.54707;-1.54743;-1.54868;-1.54878;-1.54941;-1.5497;-1.54995;-1.54998;-1.55013;-1.55013;-1.55001;-1.54964;-1.54915;-1.54836;-1.54706;-1.5451;-1.5423;-1.53835;-1.53279
1;2703879555188;50;absz;9.09645e+06;7.79295e+06;6.65218e+06;5.68649e+06;4.84801e+06;4.14444e+06;3.53597e+06;3.02345e+06;2.57981e+06;2.20297e+06;1.88179e+06;1.60667e+06;1.37232e+06;1.17192e+06;1.00072e+06;854617;729788;623209;532175;454435;388058;331367;282963;241615;206316;176173;150432;128450;109676;93645.3;79955.3;68266;58284.9;49760.3;42481.4;36265.6;30958;26425.5;22554.8;19249;16425.5;14013.8;11953.4;10192.8;8687.82;7400.98;6299.74;5356.76;4548.33;3854.25
1;2703879555188;50;frequency;199.9999999213742;234.625769479635;275.2462588517801;322.8993264769997;378.802514688914;444.3841576318164;521.3198749487447;611.5753842550475;717.456725922716;841.6691823498468;987.3863981368913;1158.33146786315;1358.872060208682;1594.132014446359;1870.122253535556;2193.894364737048;2573.720768452858;3019.306079821149;3542.035062906734;4155.263512473084;4874.659497176026;5718.603679767398;6708.658946337209;7870.121340545211;9232.666380967203;10831.10727442716;12706.28439819177;14906.10877695531;17486.78621595445;20514.25336674129;24065.86241733066;28232.35745111674;33120.19296963342;38854.25382030405;45581.04601983359;53472.44000269313;62730.06193403319;73590.44528463698;86331.07429211862;101277.4737211686;118811.5260634959;139381.228686517;163512.140226203;191820.8086789974;225030.524286467;263989.7996954232;309694.0495706946;363311.0235703185;426210.642505751;499999.9999999716
1;2703879555188;50;phasez;-1.55058;-1.54905;-1.55161;-1.55247;-1.55107;-1.55274;-1.55168;-1.55194;-1.5521;-1.55222;-1.55209;-1.55227;-1.55242;-1.55237;-1.55234;-1.55247;-1.5524;-1.55243;-1.55234;-1.55228;-1.55223;-1.55211;-1.55197;-1.55174;-1.55152;-1.55121;-1.55083;-1.55037;-1.54982;-1.54913;-1.54833;-1.54737;-1.5462;-1.54481;-1.54316;-1.5412;-1.53888;-1.53612;-1.53286;-1.529;-1.52444;-1.51903;-1.51264;-1.50508;-1.49614;-1.48556;-1.473;-1.45808;-1.44026;-1.41888
2;2704648831986;50;absz;96533.3;86294.9;77201.6;69018.7;61726.8;55208.5;49372.9;44156.3;39482;35305.3;31571.4;28228.8;25242.4;22571.4;20184.3;18047.8;16137.5;14429.7;12903.4;11537.9;10316.5;9224.67;8248.27;7374.8;6594.2;5895.91;5271.76;4713.24;4214;3767.38;3368.13;3010.95;2691.59;2405.89;2150.34;1921.76;1717.36;1534.43;1370.8;1224.4;1093.45;976.272;871.482;777.779;694.112;619.446;552.947;493.98;441.957;396.52
2;2704648831986;50;frequency;20000.00000002444;22385.53853899816;25055.61678390222;28044.17375656954;31389.19662092121;35133.2035329932;39323.78408414649;44014.2042055669;49264.08322518227;55140.1516811012;61717.09952482729;69078.52549602467;77317.99973512921;86540.25314108083;96862.50859274992;108415.9709538568;121347.4948009008;135821.4510731415;152021.8163702936;170154.5114554648;190450.0186878266;213166.3116533389;238592.1342356312;267050.6708003728;298903.6541519141;334555.9634717432;374460.7706856584;419125.3006744233;469117.2785435782;525072.1459047724;587701.13789258;657800.3235824071;736260.7247225839;824079.6413975459;922373.3285811875;1032391.184709951;1155531.632626961;1293359.894754076;1447627.888434013;1620296.494325686;1813560.480908265;2029876.401899315;2271993.821195295;2542990.262224833;2846310.325953354;3185809.474764127;3565803.038745301;3991121.067296888;4467169.723268114;4999999.999999929
2;2704648831986;50;phasez;-1.55291;-1.55274;-1.552;-1.55198;-1.55159;-1.55124;-1.55067;-1.54993;-1.54916;-1.54817;-1.54734;-1.54612;-1.54481;-1.54321;-1.54156;-1.53958;-1.53729;-1.53489;-1.53211;-1.52895;-1.52539;-1.52146;-1.517;-1.51198;-1.5064;-1.50014;-1.49311;-1.48523;-1.4764;-1.46654;-1.45545;-1.44304;-1.42911;-1.41349;-1.39597;-1.3763;-1.35422;-1.3294;-1.30149;-1.27008;-1.23468;-1.19474;-1.14962;-1.09854;-1.04054;-0.974691;-0.899626;-0.813903;-0.715804;-0.603406
3;2704967228225;20;absz;19646.2;16019.2;13059.8;10643.9;8676.84;7072.92;5764.92;4698.91;3829.18;3120.51;2542.28;2070.62;1685.88;1371.99;1115.72;906.581;735.967;597.164;484.897;395.563
3;2704967228225;20;frequency;99999.99999990905;122862.535599424;150952.0265389597;185463.4873444638;227865.1431623047;279960.8926363817;343967.05137965;422606.6409511731;519225.2346839865;637933.2888043621;783781.0140572543;962973.2274171232;1183133.324347452;1453627.601814205;1785963.729760951;2194280.323268956;2695948.443325946;3312310.615921419;4069588.809647371;4999999.999999929
3;2704967228225;20;phasez;-1.54064;-1.53743;-1.53308;-1.52785;-1.52129;-1.51324;-1.50322;-1.49082;-1.4755;-1.45659;-1.43321;-1.40437;-1.36866;-1.32439;-1.26938;-1.20075;-1.11459;-1.00578;-0.867091;-0.689002
