0;2764484744868;20;absz;1.75412e+08;1.2712e+08;9.21303e+07;6.67291e+07;4.83474e+07;3.50082e+07;2.53656e+07;1.83689e+07;1.33007e+07;9.63018e+06;6.9724e+06;5.04749e+06;3.65396e+06;2.64497e+06;1.91453e+06;1.38576e+06;1.00295e+06;725864;525316;380145
0;2764484744868;20;frequency;9.999999974752427;13.86918846435492;19.23543905490988;26.67799336109056;37.00021196095804;51.31629158938722;71.17153245417285;98.70914048804025;136.9015682683994;189.8713664161278;263.3361782500288;365.2259113806622;506.5387032487934;702.5280792305466;974.3494403835484;1351.343611730726;1874.203936580443;2599.368780806799;3605.113577052066;4999.99999995282
0;2764484744868;20;phasez;-1.54516;-1.54576;-1.54673;-1.54749;-1.54801;-1.5487;-1.54896;-1.54937;-1.5496;-1.5498;-1.54987;-1.54979;-1.54952;-1.54897;-1.54811;-1.54681;-1.54485;-1.54208;-1.53812;-1.53257
1;2765257833872;50;absz;9.09287e+06;7.73878e+06;6.61351e+06;5.64203e+06;4.82207e+06;4.12299e+06;3.52082e+06;3.00847e+06;2.56798e+06;2.19259e+06;1.87338e+06;1.59962e+06;1.36605e+06;1.16652e+06;996230;850731;726487;620430;529794;452429;386359;329921;281730;240575;205430;175424;149791;127903;109213;93252;79624;67985.4;58046.7;49560.5;42313;36124;30838;26324.2;22469.3;19176.7;16364.6;13962.2;11909.7;10155.9;8656.57;7374.45;6277.31;5337.85;4532.25;3840.59
1;2765257833872;50;frequency;199.9999999213742;234.625769479635;275.2462588517801;322.8993264769997;378.802514688914;444.3841576318164;521.3198749487447;611.5753842550475;717.456725922716;841.6691823498468;987.3863981368913;1158.33146786315;1358.872060208682;1594.132014446359;1870.122253535556;2193.894364737048;2573.720768452858;3019.306079821149;3542.035062906734;4155.263512473084;4874.659497176026;5718.603679767398;6708.658946337209;7870.121340545211;9232.666380967203;10831.10727442716;12706.28439819177;14906.10877695531;17486.78621595445;20514.25336674129;24065.86241733066;28232.35745111674;33120.19296963342;38854.25382030405;45581.04601983359;53472.44000269313;62730.06193403319;73590.44528463698;86331.07429211862;101277.4737211686;118811.5260634959;139381.228686517;163512.140226203;191820.8086789974;225030.524286467;263989.7996954232;309694.0495706946;363311.0235703185;426210.642505751;499999.9999999716
1;2765257833872;50;phasez;-1.55114;-1.54955;-1.54959;-1.55152;-1.55155;-1.55199;-1.55173;-1.55184;-1.55235;-1.55194;-1.55214;-1.55229;-1.55213;-1.55222;-1.55221;-1.55225;-1.55229;-1.55216;-1.55214;-1.55205;-1.55201;-1.55187;-1.55174;-1.55153;-1.55127;-1.55094;-1.55055;-1.55008;-1.54952;-1.54882;-1.548;-1.54702;-1.54584;-1.54445;-1.5428;-1.54085;-1.53854;-1.5358;-1.53255;-1.52871;-1.52416;-1.51878;-1.51242;-1.50489;-1.49598;-1.48542;-1.4729;-1.458;-1.44022;-1.41887
2;2766028263732;50;absz;96090.1;85981.1;76878.2;68753.3;61480.9;54983.7;49174.5;43969.9;39325.8;35166.6;31445.8;28117.7;25145.8;22483.9;20105.7;17979.7;16077;14376.2;12855.6;11495.4;10279.1;9191.1;8218.21;7348.3;6570.12;5874.49;5252.76;4696.36;4198.89;3753.93;3356.02;3000.14;2681.83;2397.21;2142.62;1914.85;1711.1;1528.84;1365.79;1219.89;1089.38;972.628;868.198;774.793;691.435;617.02;550.763;491.996;440.155;394.869
2;2766028263732;50;frequency;20000.00000002444;22385.53853899816;25055.61678390222;28044.17375656954;31389.19662092121;35133.2035329932;39323.78408414649;44014.2042055669;49264.08322518227;55140.1516811012;61717.09952482729;69078.52549602467;77317.99973512921;86540.25314108083;96862.50859274992;108415.9709538568;121347.4948009008;135821.4510731415;152021.8163702936;170154.5114554648;190450.0186878266;213166.3116533389;238592.1342356312;267050.6708003728;298903.6541519141;334555.9634717432;374460.7706856584;419125.3006744233;469117.2785435782;525072.1459047724;587701.13789258;657800.3235824071;736260.7247225839;824079.6413975459;922373.3285811875;1032391.184709951;1155531.632626961;1293359.894754076;1447627.888434013;1620296.494325686;1813560.480908265;2029876.401899315;2271993.821195295;2542990.262224833;2846310.325953354;3185809.474764127;3565803.038745301;3991121.067296888;4467169.723268114;4999999.999999929
2;2766028263732;50;phasez;-1.55212;-1.55233;-1.552;-1.55153;-1.55134;-1.55079;-1.55037;-1.54952;-1.54884;-1.54794;-1.54691;-1.54578;-1.54434;-1.54299;-1.54124;-1.53935;-1.53707;-1.53459;-1.53192;-1.5287;-1.52517;-1.52127;-1.51681;-1.51185;-1.5063;-1.50004;-1.49303;-1.4852;-1.47639;-1.46653;-1.45547;-1.44307;-1.42917;-1.41358;-1.39608;-1.37643;-1.35436;-1.32956;-1.30167;-1.27027;-1.23489;-1.19498;-1.14988;-1.09883;-1.04084;-0.975008;-0.899955;-0.814259;-0.71617;-0.603768
3;2766348308546;20;absz;19569.6;15958.4;13008.8;10604.2;8644.24;7046.91;5743.66;4681.72;3815.19;3109.14;2532.93;2063.01;1679.66;1366.87;1111.51;903.121;733.111;594.789;482.931;393.891
3;2766348308546;20;frequency;99999.99999990905;122862.535599424;150952.0265389597;185463.4873444638;227865.1431623047;279960.8926363817;343967.05137965;422606.6409511731;519225.2346839865;637933.2888043621;783781.0140572543;962973.2274171232;1183133.324347452;1453627.601814205;1785963.729760951;2194280.323268956;2695948.443325946;3312310.615921419;4069588.809647371;4999999.999999929
3;2766348308546;20;phasez;-1.54035;-1.53712;-1.53281;-1.52758;-1.52116;-1.51312;-1.50313;-1.49077;-1.47549;-1.45663;-1.43329;-1.40448;-1.36881;-1.32459;-1.26962;-1.20102;-1.1149;-1.00612;-0.867459;-0.689418
