0;7163792686303;20;absz;1.38457e+08;1.0091e+08;7.35468e+07;5.35388e+07;3.89696e+07;2.83699e+07;2.06269e+07;1.50025e+07;1.09072e+07;7.92991e+06;5.76407e+06;4.18931e+06;3.0443e+06;2.21198e+06;1.607e+06;1.16728e+06;847791;615627;446956;324442
0;7163792686303;20;frequency;9.999999974752427;13.86918846435492;19.23543905490988;26.67799336109056;37.00021196095804;51.31629158938722;71.17153245417285;98.70914048804025;136.9015682683994;189.8713664161278;263.3361782500288;365.2259113806622;506.5387032487934;702.5280792305466;974.3494403835484;1351.343611730726;1874.203936580443;2599.368780806799;3605.113577052066;4999.99999995282
0;7163792686303;20;phasez;-1.51439;-1.51713;-1.51989;-1.52224;-1.52406;-1.52591;-1.52678;-1.52819;-1.52917;-1.52996;-1.53055;-1.53097;-1.53117;-1.53113;-1.53074;-1.52988;-1.52845;-1.52614;-1.52267;-1.51754
1;7164561947333;50;absz;7.48347e+06;6.39714e+06;5.46691e+06;4.68238e+06;4.00516e+06;3.43035e+06;2.93504e+06;2.50955e+06;2.14744e+06;1.83786e+06;1.57234e+06;1.34519e+06;1.15073e+06;984253;842124;720301;616130;526939;450706;385480;329679;281942;241107;206182;176314;150769;128921;110237;94258.3;80596.1;68912.8;58923.2;50380.3;43075.6;36828.1;31486.1;26917.8;23010.6;19669;16811.3;14366.1;12274.5;10484.9;8953.24;7642.06;6518.96;5556.56;4731.24;4022.46;3412.91
1;7164561947333;50;frequency;199.9999999213742;234.625769479635;275.2462588517801;322.8993264769997;378.802514688914;444.3841576318164;521.3198749487447;611.5753842550475;717.456725922716;841.6691823498468;987.3863981368913;1158.33146786315;1358.872060208682;1594.132014446359;1870.122253535556;2193.894364737048;2573.720768452858;3019.306079821149;3542.035062906734;4155.263512473084;4874.659497176026;5718.603679767398;6708.658946337209;7870.121340545211;9232.666380967203;10831.10727442716;12706.28439819177;14906.10877695531;17486.78621595445;20514.25336674129;24065.86241733066;28232.35745111674;33120.19296963342;38854.25382030405;45581.04601983359;53472.44000269313;62730.06193403319;73590.44528463698;86331.07429211862;101277.4737211686;118811.5260634959;139381.228686517;163512.140226203;191820.8086789974;225030.524286467;263989.7996954232;309694.0495706946;363311.0235703185;426210.642505751;499999.9999999716
1;7164561947333;50;phasez;-1.53327;-1.53259;-1.53204;-1.53131;-1.53306;-1.53393;-1.53328;-1.53369;-1.53395;-1.53428;-1.53459;-1.53499;-1.53524;-1.5354;-1.53568;-1.53603;-1.53629;-1.53646;-1.53667;-1.53682;-1.53695;-1.53698;-1.53701;-1.53695;-1.53684;-1.53665;-1.53637;-1.53597;-1.53547;-1.53483;-1.53405;-1.53308;-1.53194;-1.53057;-1.52894;-1.52703;-1.52476;-1.52207;-1.51888;-1.51513;-1.51068;-1.50541;-1.49917;-1.49178;-1.48303;-1.47265;-1.46032;-1.44565;-1.42811;-1.40703
2;7165331871019;50;absz;83033.6;74336.7;66539.1;59567.7;53324.4;47739.4;42736.7;38256.5;34249.8;30655;27440.1;24562;21986.3;19680.8;17616.6;15770;14115.5;12634.8;11308.8;10122.7;9060.34;8109.12;7258.12;6496.08;5814.01;5203.4;4656.71;4167.34;3729.26;3337.2;2986.04;2671.7;2390.22;2138.26;1912.57;1710.53;1529.58;1367.54;1222.4;1092.37;975.912;871.63;778.244;694.61;619.84;553.025;493.436;440.486;393.668;352.654
2;7165331871019;50;frequency;20000.00000002444;22385.53853899816;25055.61678390222;28044.17375656954;31389.19662092121;35133.2035329932;39323.78408414649;44014.2042055669;49264.08322518227;55140.1516811012;61717.09952482729;69078.52549602467;77317.99973512921;86540.25314108083;96862.50859274992;108415.9709538568;121347.4948009008;135821.4510731415;152021.8163702936;170154.5114554648;190450.0186878266;213166.3116533389;238592.1342356312;267050.6708003728;298903.6541519141;334555.9634717432;374460.7706856584;419125.3006744233;469117.2785435782;525072.1459047724;587701.13789258;657800.3235824071;736260.7247225839;824079.6413975459;922373.3285811875;1032391.184709951;1155531.632626961;1293359.894754076;1447627.888434013;1620296.494325686;1813560.480908265;2029876.401899315;2271993.821195295;2542990.262224833;2846310.325953354;3185809.474764127;3565803.038745301;3991121.067296888;4467169.723268114;4999999.999999929
2;7165331871019;50;phasez;-1.53829;-1.5383;-1.53788;-1.53789;-1.5373;-1.5369;-1.53631;-1.53572;-1.53499;-1.53408;-1.53328;-1.53205;-1.5307;-1.52933;-1.52759;-1.52575;-1.52362;-1.52124;-1.51855;-1.5155;-1.51206;-1.50823;-1.50395;-1.4991;-1.49365;-1.48756;-1.48071;-1.47303;-1.46444;-1.45479;-1.44395;-1.43179;-1.41813;-1.4028;-1.38559;-1.36623;-1.34448;-1.31999;-1.29244;-1.26138;-1.22634;-1.18676;-1.14201;-1.09125;-1.03362;-0.968077;-0.893283;-0.807789;-0.709859;-0.597519
3;7165648179311;20;absz;17150.1;14010;11441.6;9343.43;7631.12;6230.8;5088.06;4153.94;3391.17;2767.92;2258.39;1841.89;1501.65;1223.29;995.65;809.441;657.173;532.985;432.266;351.752
3;7165648179311;20;frequency;99999.99999990905;122862.535599424;150952.0265389597;185463.4873444638;227865.1431623047;279960.8926363817;343967.05137965;422606.6409511731;519225.2346839865;637933.2888043621;783781.0140572543;962973.2274171232;1183133.324347452;1453627.601814205;1785963.729760951;2194280.323268956;2695948.443325946;3312310.615921419;4069588.809647371;4999999.999999929
3;7165648179311;20;phasez;-1.52668;-1.52358;-1.51956;-1.51452;-1.50823;-1.50042;-1.49072;-1.47865;-1.46373;-1.44528;-1.42241;-1.39408;-1.35898;-1.31536;-1.26101;-1.19304;-1.10752;-0.999291;-0.861042;-0.683173
