0;3913797717587;20;absz;1.58148e+08;1.14937e+08;8.34721e+07;6.06622e+07;4.40629e+07;3.20142e+07;2.32281e+07;1.68586e+07;1.22337e+07;8.87684e+06;6.43997e+06;4.67131e+06;3.38773e+06;2.45644e+06;1.78082e+06;1.29082e+06;935486;677885;491142;355801
0;3913797717587;20;frequency;9.999999974752427;13.86918846435492;19.23543905490988;26.67799336109056;37.00021196095804;51.31629158938722;71.17153245417285;98.70914048804025;136.9015682683994;189.8713664161278;263.3361782500288;365.2259113806622;506.5387032487934;702.5280792305466;974.3494403835484;1351.343611730726;1874.203936580443;2599.368780806799;3605.113577052066;4999.99999995282
0;3913797717587;20;phasez;-1.53153;-1.53242;-1.53374;-1.53491;-1.53595;-1.53688;-1.53778;-1.53848;-1.53926;-1.53993;-1.54043;-1.54082;-1.54107;-1.54107;-1.5407;-1.53982;-1.53829;-1.53587;-1.53222;-1.52688
1;3914567434456;50;absz;8.34615e+06;7.15602e+06;6.12381e+06;5.22754e+06;4.46718e+06;3.81838e+06;3.26575e+06;2.79078e+06;2.38488e+06;2.03786e+06;1.74219e+06;1.48904e+06;1.27263e+06;1.0874e+06;929227;793964;678443;579690;495323;423210;361590;308939;263937;225495;192652;164589;140615;120132;102634;87684.3;74913.3;64002.3;54680.7;46715.8;39911.5;34096.8;29128.7;24883.2;21255;18154;15503.2;13237.1;11299.5;9642.17;8224.58;7011.14;5971.89;5081.2;4316.99;3660.18
1;3914567434456;50;frequency;199.9999999213742;234.625769479635;275.2462588517801;322.8993264769997;378.802514688914;444.3841576318164;521.3198749487447;611.5753842550475;717.456725922716;841.6691823498468;987.3863981368913;1158.33146786315;1358.872060208682;1594.132014446359;1870.122253535556;2193.894364737048;2573.720768452858;3019.306079821149;3542.035062906734;4155.263512473084;4874.659497176026;5718.603679767398;6708.658946337209;7870.121340545211;9232.666380967203;10831.10727442716;12706.28439819177;14906.10877695531;17486.78621595445;20514.25336674129;24065.86241733066;28232.35745111674;33120.19296963342;38854.25382030405;45581.04601983359;53472.44000269313;62730.06193403319;73590.44528463698;86331.07429211862;101277.4737211686;118811.5260634959;139381.228686517;163512.140226203;191820.8086789974;225030.524286467;263989.7996954232;309694.0495706946;363311.0235703185;426210.642505751;499999.9999999716
1;3914567434456;50;phasez;-1.53993;-1.54187;-1.54155;-1.54205;-1.54284;-1.54284;-1.54295;-1.54374;-1.54421;-1.54405;-1.54464;-1.545;-1.54525;-1.54548;-1.54559;-1.54582;-1.54596;-1.54612;-1.54621;-1.54627;-1.5463;-1.54623;-1.54612;-1.54596;-1.54572;-1.54536;-1.54495;-1.54441;-1.54377;-1.54298;-1.54205;-1.54098;-1.53971;-1.53822;-1.53649;-1.53448;-1.53212;-1.52936;-1.52611;-1.5223;-1.51782;-1.51253;-1.5063;-1.49893;-1.49022;-1.47989;-1.46763;-1.45303;-1.43556;-1.41455
2;3915335696779;50;absz;90393.6;80854.5;72340.1;64736.1;57908.6;51819.9;46365.1;41480.2;37110.9;33203.5;29703.2;26577.2;23779.2;21272.4;19032.9;17029.4;15235.1;13631.1;12194.6;10909.7;9760.28;8731.96;7811.41;6987.68;6250.74;5591.37;5001.55;4473.64;4001.22;3578.56;3200.28;2861.82;2558.96;2287.94;2045.4;1828.34;1634.09;1460.21;1304.59;1165.29;1040.62;929.047;829.206;739.857;660.095;588.857;525.378;469.038;419.291;375.779
2;3915335696779;50;frequency;20000.00000002444;22385.53853899816;25055.61678390222;28044.17375656954;31389.19662092121;35133.2035329932;39323.78408414649;44014.2042055669;49264.08322518227;55140.1516811012;61717.09952482729;69078.52549602467;77317.99973512921;86540.25314108083;96862.50859274992;108415.9709538568;121347.4948009008;135821.4510731415;152021.8163702936;170154.5114554648;190450.0186878266;213166.3116533389;238592.1342356312;267050.6708003728;298903.6541519141;334555.9634717432;374460.7706856584;419125.3006744233;469117.2785435782;525072.1459047724;587701.13789258;657800.3235824071;736260.7247225839;824079.6413975459;922373.3285811875;1032391.184709951;1155531.632626961;1293359.894754076;1447627.888434013;1620296.494325686;1813560.480908265;2029876.401899315;2271993.821195295;2542990.262224833;2846310.325953354;3185809.474764127;3565803.038745301;3991121.067296888;4467169.723268114;4999999.999999929
2;3915335696779;50;phasez;-1.54679;-1.54619;-1.54579;-1.54555;-1.54513;-1.5447;-1.54401;-1.54318;-1.54265;-1.54151;-1.54053;-1.53934;-1.53802;-1.53653;-1.53482;-1.53294;-1.53077;-1.52836;-1.52565;-1.52262;-1.51921;-1.51544;-1.51115;-1.50633;-1.50096;-1.49489;-1.4881;-1.48048;-1.47191;-1.46229;-1.45152;-1.43939;-1.42576;-1.41047;-1.39328;-1.37393;-1.3522;-1.32773;-1.30017;-1.26912;-1.23408;-1.19452;-1.14977;-1.09906;-1.04146;-0.975981;-0.901291;-0.815939;-0.718201;-0.606135
3;3915654251176;20;absz;18532.9;15126.5;12342.4;10069.3;8216.38;6703.16;5468.02;4460.45;3637.33;2965.9;2417.54;1969.82;1604.32;1305.79;1061.93;862.697;700.074;567.628;460.399;374.895
3;3915654251176;20;frequency;99999.99999990905;122862.535599424;150952.0265389597;185463.4873444638;227865.1431623047;279960.8926363817;343967.05137965;422606.6409511731;519225.2346839865;637933.2888043621;783781.0140572543;962973.2274171232;1183133.324347452;1453627.601814205;1785963.729760951;2194280.323268956;2695948.443325946;3312310.615921419;4069588.809647371;4999999.999999929
3;3915654251176;20;phasez;-1.53396;-1.53073;-1.52665;-1.52162;-1.51539;-1.50766;-1.49802;-1.48606;-1.47123;-1.45286;-1.43005;-1.40178;-1.36669;-1.32309;-1.26875;-1.2008;-1.11534;-1.00722;-0.869216;-0.691775
