0;10813180087618;20;absz;1.35745e+08;9.90311e+07;7.22066e+07;5.26197e+07;3.83157e+07;2.78836e+07;2.03031e+07;1.47683e+07;1.07415e+07;7.81097e+06;5.67905e+06;4.12837e+06;3.0006e+06;2.18053e+06;1.58437e+06;1.15104e+06;836115;607252;440980;320171
0;10813180087618;20;frequency;9.999999974752427;13.86918846435492;19.23543905490988;26.67799336109056;37.00021196095804;51.31629158938722;71.17153245417285;98.70914048804025;136.9015682683994;189.8713664161278;263.3361782500288;365.2259113806622;506.5387032487934;702.5280792305466;974.3494403835484;1351.343611730726;1874.203936580443;2599.368780806799;3605.113577052066;4999.99999995282
0;10813180087618;20;phasez;-1.50952;-1.51348;-1.51587;-1.51889;-1.52141;-1.52325;-1.52503;-1.52633;-1.52766;-1.52856;-1.5293;-1.52983;-1.53015;-1.53016;-1.52981;-1.52897;-1.52749;-1.52514;-1.5216;-1.51642
1;10813952289223;50;absz;7.35404e+06;6.30055e+06;5.39323e+06;4.6147e+06;3.9487e+06;3.3798e+06;2.89197e+06;2.47625e+06;2.11849e+06;1.81189e+06;1.55005e+06;1.32592e+06;1.13449e+06;970633;830516;710465;607763;519870;444685;380366;325339;278263;237994;203549;174084;148880;127320;108884;93112.7;79625.2;68090.3;58225.6;49788.8;42573.8;36403.8;31126.1;26612.4;22752.1;19450;16625.7;14209.4;12141.8;10372.5;8858.19;7561.78;6451.32;5499.5;4682.99;3981.84;3378.93
1;10813952289223;50;frequency;199.9999999213742;234.625769479635;275.2462588517801;322.8993264769997;378.802514688914;444.3841576318164;521.3198749487447;611.5753842550475;717.456725922716;841.6691823498468;987.3863981368913;1158.33146786315;1358.872060208682;1594.132014446359;1870.122253535556;2193.894364737048;2573.720768452858;3019.306079821149;3542.035062906734;4155.263512473084;4874.659497176026;5718.603679767398;6708.658946337209;7870.121340545211;9232.666380967203;10831.10727442716;12706.28439819177;14906.10877695531;17486.78621595445;20514.25336674129;24065.86241733066;28232.35745111674;33120.19296963342;38854.25382030405;45581.04601983359;53472.44000269313;62730.06193403319;73590.44528463698;86331.07429211862;101277.4737211686;118811.5260634959;139381.228686517;163512.140226203;191820.8086789974;225030.524286467;263989.7996954232;309694.0495706946;363311.0235703185;426210.642505751;499999.9999999716
1;10813952289223;50;phasez;-1.52912;-1.53034;-1.53135;-1.53097;-1.53168;-1.53193;-1.53219;-1.53235;-1.53301;-1.53323;-1.53348;-1.5342;-1.53424;-1.53456;-1.53487;-1.53508;-1.53526;-1.53542;-1.53561;-1.53573;-1.5358;-1.53589;-1.53589;-1.53584;-1.5357;-1.53551;-1.53522;-1.53484;-1.53435;-1.53372;-1.53295;-1.53201;-1.53087;-1.52951;-1.52789;-1.52598;-1.5237;-1.521;-1.51781;-1.51404;-1.50958;-1.5043;-1.49806;-1.49067;-1.48192;-1.47153;-1.4592;-1.44451;-1.42694;-1.40583
2;10814724326051;50;absz;82028;73445.1;65757.9;58884.1;52714.8;47195.6;42251.9;37821.8;33855.7;30311.8;27132.4;24289.6;21743.2;19464.5;17425.1;15598.5;13963.9;12499.8;11189.2;10016;8965.66;8025.35;7183.37;6429.62;5754.83;5150.89;4610.06;4125.94;3692.37;3304.37;2956.89;2645.81;2367.3;2117.87;1894.5;1694.53;1515.41;1354.98;1211.26;1082.54;967.221;863.92;771.418;688.566;614.49;548.276;489.215;436.727;390.305;349.627
2;10814724326051;50;frequency;20000.00000002444;22385.53853899816;25055.61678390222;28044.17375656954;31389.19662092121;35133.2035329932;39323.78408414649;44014.2042055669;49264.08322518227;55140.1516811012;61717.09952482729;69078.52549602467;77317.99973512921;86540.25314108083;96862.50859274992;108415.9709538568;121347.4948009008;135821.4510731415;152021.8163702936;170154.5114554648;190450.0186878266;213166.3116533389;238592.1342356312;267050.6708003728;298903.6541519141;334555.9634717432;374460.7706856584;419125.3006744233;469117.2785435782;525072.1459047724;587701.13789258;657800.3235824071;736260.7247225839;824079.6413975459;922373.3285811875;1032391.184709951;1155531.632626961;1293359.894754076;1447627.888434013;1620296.494325686;1813560.480908265;2029876.401899315;2271993.821195295;2542990.262224833;2846310.325953354;3185809.474764127;3565803.038745301;3991121.067296888;4467169.723268114;4999999.999999929
2;10814724326051;50;phasez;-1.53757;-1.53762;-1.53718;-1.53669;-1.53629;-1.53574;-1.53528;-1.53452;-1.53396;-1.53309;-1.53226;-1.53096;-1.5297;-1.5282;-1.52655;-1.52466;-1.52255;-1.52017;-1.51745;-1.51442;-1.51097;-1.50712;-1.50282;-1.49798;-1.49255;-1.48644;-1.47958;-1.4719;-1.46327;-1.45359;-1.44274;-1.43054;-1.41685;-1.40149;-1.38423;-1.36485;-1.34306;-1.31854;-1.29095;-1.25985;-1.22478;-1.18518;-1.14037;-1.0896;-1.03191;-0.966326;-0.891476;-0.805908;-0.7079;-0.595459
3;10815043519033;20;absz;16967.9;13863.8;11321.3;9247.73;7553.93;6168.38;5037.86;4113.48;3358.55;2741.55;2237.26;1824.87;1488.05;1212.37;986.925;802.475;651.606;528.516;428.645;348.787
3;10815043519033;20;frequency;99999.99999990905;122862.535599424;150952.0265389597;185463.4873444638;227865.1431623047;279960.8926363817;343967.05137965;422606.6409511731;519225.2346839865;637933.2888043621;783781.0140572543;962973.2274171232;1183133.324347452;1453627.601814205;1785963.729760951;2194280.323268956;2695948.443325946;3312310.615921419;4069588.809647371;4999999.999999929
3;10815043519033;20;phasez;-1.52562;-1.52253;-1.51845;-1.51342;-1.5071;-1.49931;-1.48955;-1.47749;-1.46252;-1.44402;-1.42111;-1.39273;-1.35755;-1.31386;-1.25944;-1.19141;-1.10584;-0.997514;-0.859151;-0.68109
