0;8408198914367;20;absz;1.3679e+08;9.97927e+07;7.27167e+07;5.29536e+07;3.8566e+07;2.80773e+07;2.0425e+07;1.48561e+07;1.08054e+07;7.85661e+06;5.71172e+06;4.15187e+06;3.01744e+06;2.19272e+06;1.59317e+06;1.1574e+06;840695;610551;443343;321871
0;8408198914367;20;frequency;9.999999974752427;13.86918846435492;19.23543905490988;26.67799336109056;37.00021196095804;51.31629158938722;71.17153245417285;98.70914048804025;136.9015682683994;189.8713664161278;263.3361782500288;365.2259113806622;506.5387032487934;702.5280792305466;974.3494403835484;1351.343611730726;1874.203936580443;2599.368780806799;3605.113577052066;4999.99999995282
0;8408198914367;20;phasez;-1.51147;-1.51456;-1.51758;-1.52007;-1.52218;-1.52403;-1.52558;-1.52696;-1.52813;-1.52902;-1.52972;-1.53021;-1.53045;-1.53043;-1.53005;-1.52921;-1.52776;-1.52543;-1.52194;-1.51678
1;8408969153028;50;absz;7.40916e+06;6.33064e+06;5.41674e+06;4.63898e+06;3.97431e+06;3.39935e+06;2.90961e+06;2.48823e+06;2.12935e+06;1.82192e+06;1.55902e+06;1.33371e+06;1.14101e+06;976152;834952;714308;611049;522677;447087;382401;327067;279734;239244;204606;174980;149639;127969;109432;93580.3;80022.7;68427.4;58513.6;50035.6;42784.1;36583.4;31279.6;26743.5;22863.2;19544.9;16706.2;14277.6;12199.7;10421.7;8899.74;7596.87;6480.84;5524.46;4704.09;3999.6;3393.76
1;8408969153028;50;frequency;199.9999999213742;234.625769479635;275.2462588517801;322.8993264769997;378.802514688914;444.3841576318164;521.3198749487447;611.5753842550475;717.456725922716;841.6691823498468;987.3863981368913;1158.33146786315;1358.872060208682;1594.132014446359;1870.122253535556;2193.894364737048;2573.720768452858;3019.306079821149;3542.035062906734;4155.263512473084;4874.659497176026;5718.603679767398;6708.658946337209;7870.121340545211;9232.666380967203;10831.10727442716;12706.28439819177;14906.10877695531;17486.78621595445;20514.25336674129;24065.86241733066;28232.35745111674;33120.19296963342;38854.25382030405;45581.04601983359;53472.44000269313;62730.06193403319;73590.44528463698;86331.07429211862;101277.4737211686;118811.5260634959;139381.228686517;163512.140226203;191820.8086789974;225030.524286467;263989.7996954232;309694.0495706946;363311.0235703185;426210.642505751;499999.9999999716
1;8408969153028;50;phasez;-1.5297;-1.53157;-1.53221;-1.53155;-1.53161;-1.53259;-1.53284;-1.53302;-1.53343;-1.53344;-1.53389;-1.53424;-1.5345;-1.53498;-1.53508;-1.5354;-1.53553;-1.53574;-1.53588;-1.53606;-1.53613;-1.53622;-1.53621;-1.53615;-1.53604;-1.53582;-1.53552;-1.53511;-1.53461;-1.53396;-1.53316;-1.53221;-1.53106;-1.52971;-1.52809;-1.52619;-1.52394;-1.52127;-1.51811;-1.51437;-1.50993;-1.50469;-1.49846;-1.49109;-1.48235;-1.47197;-1.45964;-1.44496;-1.42741;-1.40631
2;8409737998086;50;absz;82397.7;73789.4;66061.4;59147;52963.4;47410.3;42434.2;37998.7;34017.5;30446.7;27261.1;24401.7;21843.5;19555.1;17505;15670.8;14027.8;12557.2;11240;10061.3;9005.85;8060.82;7214.79;6457.74;5779.85;5173.19;4629.87;4143.56;3708.06;3318.29;2969.3;2656.84;2377.02;2126.52;1902.23;1701.35;1521.44;1360.31;1215.99;1086.72;970.91;867.194;774.313;691.134;616.762;550.313;491.023;438.34;391.757;350.946
2;8409737998086;50;frequency;20000.00000002444;22385.53853899816;25055.61678390222;28044.17375656954;31389.19662092121;35133.2035329932;39323.78408414649;44014.2042055669;49264.08322518227;55140.1516811012;61717.09952482729;69078.52549602467;77317.99973512921;86540.25314108083;96862.50859274992;108415.9709538568;121347.4948009008;135821.4510731415;152021.8163702936;170154.5114554648;190450.0186878266;213166.3116533389;238592.1342356312;267050.6708003728;298903.6541519141;334555.9634717432;374460.7706856584;419125.3006744233;469117.2785435782;525072.1459047724;587701.13789258;657800.3235824071;736260.7247225839;824079.6413975459;922373.3285811875;1032391.184709951;1155531.632626961;1293359.894754076;1447627.888434013;1620296.494325686;1813560.480908265;2029876.401899315;2271993.821195295;2542990.262224833;2846310.325953354;3185809.474764127;3565803.038745301;3991121.067296888;4467169.723268114;4999999.999999929
2;8409737998086;50;phasez;-1.53757;-1.53751;-1.53695;-1.53675;-1.53642;-1.53618;-1.53542;-1.53487;-1.53409;-1.53323;-1.5323;-1.53121;-1.52996;-1.52849;-1.52684;-1.52502;-1.52287;-1.52046;-1.51781;-1.51478;-1.51139;-1.50754;-1.50323;-1.49841;-1.49298;-1.48688;-1.48004;-1.47234;-1.46373;-1.45406;-1.4432;-1.43103;-1.41736;-1.40202;-1.38477;-1.36541;-1.34362;-1.31912;-1.29153;-1.26045;-1.22538;-1.18578;-1.14099;-1.09021;-1.03253;-0.966943;-0.892102;-0.806549;-0.708561;-0.596147
3;8410056564748;20;absz;17038.5;13921.9;11369.8;9286.4;7585.01;6193.62;5058.27;4129.93;3371.86;2752.43;2245.94;1831.89;1493.63;1216.87;990.531;805.336;653.904;530.378;430.157;350.039
3;8410056564748;20;frequency;99999.99999990905;122862.535599424;150952.0265389597;185463.4873444638;227865.1431623047;279960.8926363817;343967.05137965;422606.6409511731;519225.2346839865;637933.2888043621;783781.0140572543;962973.2274171232;1183133.324347452;1453627.601814205;1785963.729760951;2194280.323268956;2695948.443325946;3312310.615921419;4069588.809647371;4999999.999999929
3;8410056564748;20;phasez;-1.52594;-1.52285;-1.5188;-1.51376;-1.50753;-1.49972;-1.48998;-1.47792;-1.46299;-1.4445;-1.42161;-1.39326;-1.3581;-1.31443;-1.26003;-1.19201;-1.10644;-0.998112;-0.859768;-0.681748
