0;9529827499549;20;absz;1.36302e+08;9.93259e+07;7.23875e+07;5.27343e+07;3.83996e+07;2.79646e+07;2.03416e+07;1.48001e+07;1.07643e+07;7.82812e+06;5.69203e+06;4.13769e+06;3.0074e+06;2.18553e+06;1.58796e+06;1.15363e+06;837979;608589;441938;320863
0;9529827499549;20;frequency;9.999999974752427;13.86918846435492;19.23543905490988;26.67799336109056;37.00021196095804;51.31629158938722;71.17153245417285;98.70914048804025;136.9015682683994;189.8713664161278;263.3361782500288;365.2259113806622;506.5387032487934;702.5280792305466;974.3494403835484;1351.343611730726;1874.203936580443;2599.368780806799;3605.113577052066;4999.99999995282
0;9529827499549;20;phasez;-1.51088;-1.51373;-1.51717;-1.51957;-1.52184;-1.52395;-1.52519;-1.52649;-1.52757;-1.52848;-1.52927;-1.52983;-1.53015;-1.53019;-1.52987;-1.52908;-1.5276;-1.52527;-1.52177;-1.51663
1;9530596443936;50;absz;7.381e+06;6.31792e+06;5.40076e+06;4.6243e+06;3.95991e+06;3.38838e+06;2.89868e+06;2.47939e+06;2.12341e+06;1.81581e+06;1.55363e+06;1.32956e+06;1.13706e+06;972935;832390;712029;609083;520995;445648;381175;326032;278850;238491;203970;174441;149179;127574;109096;93292.5;79775.6;68217.7;58332.1;49878.7;42649.3;36467.1;31180;26657.7;22790.2;19482.2;16652.9;14232.4;12161.4;10389.3;8872.22;7573.6;6461.14;5507.89;4690.08;3987.8;3383.85
1;9530596443936;50;frequency;199.9999999213742;234.625769479635;275.2462588517801;322.8993264769997;378.802514688914;444.3841576318164;521.3198749487447;611.5753842550475;717.456725922716;841.6691823498468;987.3863981368913;1158.33146786315;1358.872060208682;1594.132014446359;1870.122253535556;2193.894364737048;2573.720768452858;3019.306079821149;3542.035062906734;4155.263512473084;4874.659497176026;5718.603679767398;6708.658946337209;7870.121340545211;9232.666380967203;10831.10727442716;12706.28439819177;14906.10877695531;17486.78621595445;20514.25336674129;24065.86241733066;28232.35745111674;33120.19296963342;38854.25382030405;45581.04601983359;53472.44000269313;62730.06193403319;73590.44528463698;86331.07429211862;101277.4737211686;118811.5260634959;139381.228686517;163512.140226203;191820.8086789974;225030.524286467;263989.7996954232;309694.0495706946;363311.0235703185;426210.642505751;499999.9999999716
1;9530596443936;50;phasez;-1.52869;-1.53088;-1.53059;-1.53064;-1.53181;-1.53235;-1.5323;-1.5326;-1.53244;-1.53347;-1.53383;-1.5341;-1.53445;-1.5347;-1.53485;-1.53521;-1.53537;-1.53562;-1.53577;-1.5359;-1.53604;-1.53608;-1.53609;-1.53605;-1.53593;-1.53574;-1.53546;-1.53509;-1.53459;-1.53396;-1.53319;-1.53224;-1.5311;-1.52974;-1.52812;-1.5262;-1.52392;-1.52122;-1.51803;-1.51425;-1.50979;-1.50451;-1.49826;-1.49086;-1.4821;-1.47172;-1.45938;-1.44469;-1.42714;-1.40604
2;9531364689148;50;absz;82197.6;73591.8;65890.8;59001.5;52808.4;47284.9;42325.4;37896;33922.8;30370.5;27182.9;24334;21783.4;19501.6;17456;15626.4;13988.1;12521.8;11208.3;10033.4;8980.7;8038.51;7195.36;6440.12;5764.19;5159.14;4617.44;4132.48;3698.31;3309.57;2961.55;2649.96;2370.94;2121.12;1897.41;1697.08;1517.64;1356.93;1213.01;1084.06;968.569;865.112;772.468;689.496;615.325;549.008;489.861;437.303;390.824;350.099
2;9531364689148;50;frequency;20000.00000002444;22385.53853899816;25055.61678390222;28044.17375656954;31389.19662092121;35133.2035329932;39323.78408414649;44014.2042055669;49264.08322518227;55140.1516811012;61717.09952482729;69078.52549602467;77317.99973512921;86540.25314108083;96862.50859274992;108415.9709538568;121347.4948009008;135821.4510731415;152021.8163702936;170154.5114554648;190450.0186878266;213166.3116533389;238592.1342356312;267050.6708003728;298903.6541519141;334555.9634717432;374460.7706856584;419125.3006744233;469117.2785435782;525072.1459047724;587701.13789258;657800.3235824071;736260.7247225839;824079.6413975459;922373.3285811875;1032391.184709951;1155531.632626961;1293359.894754076;1447627.888434013;1620296.494325686;1813560.480908265;2029876.401899315;2271993.821195295;2542990.262224833;2846310.325953354;3185809.474764127;3565803.038745301;3991121.067296888;4467169.723268114;4999999.999999929
2;9531364689148;50;phasez;-1.53775;-1.5375;-1.53736;-1.53686;-1.53659;-1.53623;-1.53558;-1.53493;-1.53408;-1.53333;-1.53231;-1.5311;-1.52988;-1.52844;-1.52676;-1.52489;-1.52277;-1.52035;-1.51763;-1.51457;-1.51116;-1.50732;-1.503;-1.49815;-1.49271;-1.48662;-1.47977;-1.47209;-1.46346;-1.45378;-1.44294;-1.43075;-1.41707;-1.40172;-1.38446;-1.36509;-1.3433;-1.3188;-1.2912;-1.26011;-1.22503;-1.18542;-1.14062;-1.08983;-1.03217;-0.966561;-0.891715;-0.806148;-0.708139;-0.595715
3;9531680807303;20;absz;16999.3;13888.5;11342.3;9264.32;7566.94;6179.26;5046.51;4120.51;3364.16;2746.13;2240.9;1827.8;1490.34;1214.22;988.387;803.639;652.533;529.264;429.248;349.295
3;9531680807303;20;frequency;99999.99999990905;122862.535599424;150952.0265389597;185463.4873444638;227865.1431623047;279960.8926363817;343967.05137965;422606.6409511731;519225.2346839865;637933.2888043621;783781.0140572543;962973.2274171232;1183133.324347452;1453627.601814205;1785963.729760951;2194280.323268956;2695948.443325946;3312310.615921419;4069588.809647371;4999999.999999929
3;9531680807303;20;phasez;-1.52596;-1.52264;-1.51863;-1.51358;-1.50729;-1.49946;-1.48972;-1.47765;-1.46272;-1.44422;-1.4213;-1.39294;-1.35779;-1.3141;-1.25968;-1.19164;-1.10605;-0.997702;-0.859327;-0.681295
