0;6315641624834;20;absz;1.40509e+08;1.02384e+08;7.45313e+07;5.42614e+07;3.94734e+07;2.87027e+07;2.08859e+07;1.51874e+07;1.10407e+07;8.02598e+06;5.83352e+06;4.23941e+06;3.08056e+06;2.23814e+06;1.62584e+06;1.18086e+06;857517;622615;451980;328038
0;6315641624834;20;frequency;9.999999974752427;13.86918846435492;19.23543905490988;26.67799336109056;37.00021196095804;51.31629158938722;71.17153245417285;98.70914048804025;136.9015682683994;189.8713664161278;263.3361782500288;365.2259113806622;506.5387032487934;702.5280792305466;974.3494403835484;1351.343611730726;1874.203936580443;2599.368780806799;3605.113577052066;4999.99999995282
0;6315641624834;20;phasez;-1.5176;-1.52036;-1.5226;-1.52414;-1.52585;-1.52684;-1.5282;-1.52926;-1.53012;-1.53075;-1.5312;-1.53157;-1.53174;-1.53168;-1.53132;-1.53048;-1.52907;-1.52677;-1.52328;-1.51815
1;6316413002234;50;absz;7.55237e+06;6.48915e+06;5.53377e+06;4.7441e+06;4.0551e+06;3.47244e+06;2.96877e+06;2.54038e+06;2.17293e+06;1.85932e+06;1.59089e+06;1.36061e+06;1.16387e+06;995627;851702;728491;623090;532927;455770;389778;333332;285047;243755;208440;178229;152398;130302;111410;95255;81440.6;69629.3;59528.4;50893.4;43508.9;37195.6;31796.9;27180.3;23232.9;19857.2;16970;14500.6;12388.6;10581.3;9034.8;7711.13;6577.58;5606.26;4773.12;4057.96;3442.89
1;6316413002234;50;frequency;199.9999999213742;234.625769479635;275.2462588517801;322.8993264769997;378.802514688914;444.3841576318164;521.3198749487447;611.5753842550475;717.456725922716;841.6691823498468;987.3863981368913;1158.33146786315;1358.872060208682;1594.132014446359;1870.122253535556;2193.894364737048;2573.720768452858;3019.306079821149;3542.035062906734;4155.263512473084;4874.659497176026;5718.603679767398;6708.658946337209;7870.121340545211;9232.666380967203;10831.10727442716;12706.28439819177;14906.10877695531;17486.78621595445;20514.25336674129;24065.86241733066;28232.35745111674;33120.19296963342;38854.25382030405;45581.04601983359;53472.44000269313;62730.06193403319;73590.44528463698;86331.07429211862;101277.4737211686;118811.5260634959;139381.228686517;163512.140226203;191820.8086789974;225030.524286467;263989.7996954232;309694.0495706946;363311.0235703185;426210.642505751;499999.9999999716
1;6316413002234;50;phasez;-1.53176;-1.53269;-1.53169;-1.53276;-1.53354;-1.53399;-1.53313;-1.53457;-1.53484;-1.53485;-1.53508;-1.53563;-1.53592;-1.5362;-1.53656;-1.5367;-1.53685;-1.53715;-1.5373;-1.53746;-1.53751;-1.53761;-1.53764;-1.53764;-1.53754;-1.53736;-1.53709;-1.53674;-1.53626;-1.53565;-1.53487;-1.53395;-1.53281;-1.53146;-1.52984;-1.52793;-1.52566;-1.52296;-1.51977;-1.51599;-1.51152;-1.50623;-1.49997;-1.49257;-1.4838;-1.47341;-1.46108;-1.4464;-1.42887;-1.4078
2;6317182964477;50;absz;83899.9;75126;67246.5;60194.7;53882;48228.2;43170;38648.9;34586.4;30961;27713.3;24807.2;22201.1;19871.2;17786.7;15919.9;14248.3;12753;11414.5;10216.6;9143.92;8183.44;7324.05;6554.87;5866.38;5249.91;4698.28;4204.36;3762.28;3366.46;3012.17;2694.92;2410.91;2156.59;1928.92;1725.02;1542.44;1378.96;1232.51;1101.38;983.904;878.73;784.534;700.19;624.825;557.448;497.37;443.995;396.816;355.486
2;6317182964477;50;frequency;20000.00000002444;22385.53853899816;25055.61678390222;28044.17375656954;31389.19662092121;35133.2035329932;39323.78408414649;44014.2042055669;49264.08322518227;55140.1516811012;61717.09952482729;69078.52549602467;77317.99973512921;86540.25314108083;96862.50859274992;108415.9709538568;121347.4948009008;135821.4510731415;152021.8163702936;170154.5114554648;190450.0186878266;213166.3116533389;238592.1342356312;267050.6708003728;298903.6541519141;334555.9634717432;374460.7706856584;419125.3006744233;469117.2785435782;525072.1459047724;587701.13789258;657800.3235824071;736260.7247225839;824079.6413975459;922373.3285811875;1032391.184709951;1155531.632626961;1293359.894754076;1447627.888434013;1620296.494325686;1813560.480908265;2029876.401899315;2271993.821195295;2542990.262224833;2846310.325953354;3185809.474764127;3565803.038745301;3991121.067296888;4467169.723268114;4999999.999999929
2;6317182964477;50;phasez;-1.53922;-1.53899;-1.5388;-1.53887;-1.5382;-1.53781;-1.53716;-1.5365;-1.53576;-1.53504;-1.53408;-1.5329;-1.53167;-1.53015;-1.52842;-1.52658;-1.52443;-1.5221;-1.51934;-1.51631;-1.51289;-1.50901;-1.50473;-1.49986;-1.4944;-1.48832;-1.48148;-1.47382;-1.4652;-1.45556;-1.44475;-1.43259;-1.41895;-1.40365;-1.38644;-1.36711;-1.34536;-1.32091;-1.29336;-1.26232;-1.22729;-1.18773;-1.14298;-1.09225;-1.03462;-0.969099;-0.894331;-0.80886;-0.710968;-0.598683
3;6317499427967;20;absz;17315.3;14142.9;11548.6;9430.02;7701.15;6287.86;5134.05;4191.16;3421.23;2792.21;2277.99;1857.64;1514.35;1233.47;1003.86;816.026;662.494;537.281;435.745;354.613
3;6317499427967;20;frequency;99999.99999990905;122862.535599424;150952.0265389597;185463.4873444638;227865.1431623047;279960.8926363817;343967.05137965;422606.6409511731;519225.2346839865;637933.2888043621;783781.0140572543;962973.2274171232;1183133.324347452;1453627.601814205;1785963.729760951;2194280.323268956;2695948.443325946;3312310.615921419;4069588.809647371;4999999.999999929
3;6317499427967;20;phasez;-1.52764;-1.52451;-1.52037;-1.5153;-1.509;-1.50119;-1.49146;-1.47941;-1.4645;-1.44606;-1.42323;-1.39496;-1.35987;-1.31628;-1.26196;-1.19402;-1.10856;-1.00033;-0.862139;-0.684357
