0;5835891287334;20;absz;1.42354e+08;1.03649e+08;7.55131e+07;5.49368e+07;3.99601e+07;2.90814e+07;2.11341e+07;1.53654e+07;1.11688e+07;8.11733e+06;5.89905e+06;4.28628e+06;3.11404e+06;2.26204e+06;1.6429e+06;1.19307e+06;866236;628831;456436;331236
0;5835891287334;20;frequency;9.999999974752427;13.86918846435492;19.23543905490988;26.67799336109056;37.00021196095804;51.31629158938722;71.17153245417285;98.70914048804025;136.9015682683994;189.8713664161278;263.3361782500288;365.2259113806622;506.5387032487934;702.5280792305466;974.3494403835484;1351.343611730726;1874.203936580443;2599.368780806799;3605.113577052066;4999.99999995282
0;5835891287334;20;phasez;-1.52051;-1.52248;-1.52402;-1.52597;-1.52728;-1.52887;-1.52935;-1.53029;-1.53104;-1.53165;-1.53209;-1.53243;-1.53259;-1.53253;-1.53213;-1.53128;-1.52983;-1.52753;-1.52403;-1.51891
1;5836661441740;50;absz;7.65885e+06;6.54106e+06;5.60336e+06;4.79517e+06;4.09945e+06;3.50984e+06;3.00261e+06;2.56704e+06;2.19618e+06;1.87895e+06;1.60769e+06;1.37497e+06;1.17623e+06;1.00597e+06;860405;735866;629314;538216;460273;393613;336583;287806;246096;210422;179914;153824;131515;112438;96129.5;82180.6;70255;60060;51343.2;43890;37517.9;32069.6;27410.8;23427.6;20022;17109.5;14618.9;12488.7;10666.3;9106.77;7772.16;6629.26;5649.96;4810.18;4089.05;3469.06
1;5836661441740;50;frequency;199.9999999213742;234.625769479635;275.2462588517801;322.8993264769997;378.802514688914;444.3841576318164;521.3198749487447;611.5753842550475;717.456725922716;841.6691823498468;987.3863981368913;1158.33146786315;1358.872060208682;1594.132014446359;1870.122253535556;2193.894364737048;2573.720768452858;3019.306079821149;3542.035062906734;4155.263512473084;4874.659497176026;5718.603679767398;6708.658946337209;7870.121340545211;9232.666380967203;10831.10727442716;12706.28439819177;14906.10877695531;17486.78621595445;20514.25336674129;24065.86241733066;28232.35745111674;33120.19296963342;38854.25382030405;45581.04601983359;53472.44000269313;62730.06193403319;73590.44528463698;86331.07429211862;101277.4737211686;118811.5260634959;139381.228686517;163512.140226203;191820.8086789974;225030.524286467;263989.7996954232;309694.0495706946;363311.0235703185;426210.642505751;499999.9999999716
1;5836661441740;50;phasez;-1.53247;-1.53256;-1.53461;-1.53401;-1.53387;-1.53428;-1.53536;-1.53521;-1.5352;-1.53572;-1.53579;-1.5364;-1.53651;-1.53683;-1.5372;-1.53745;-1.53762;-1.53785;-1.53804;-1.5382;-1.5383;-1.53838;-1.53841;-1.53838;-1.53829;-1.53812;-1.53785;-1.53749;-1.53701;-1.53641;-1.53564;-1.53472;-1.53359;-1.53224;-1.53063;-1.52872;-1.52644;-1.52373;-1.52053;-1.51674;-1.51225;-1.50695;-1.50067;-1.49326;-1.48448;-1.47409;-1.46176;-1.4471;-1.42958;-1.40853
2;5837433371213;50;absz;84663.3;75785.7;67820.4;60714.9;54353.9;48648.1;43550.1;38978.9;34889.8;31226.5;27947.6;25014.2;22387.4;20036.5;17933.5;16051.1;14365.2;12856.4;11506.6;10298.4;9216.76;8248.72;7382.15;6606.53;5912.11;5290.84;4734.55;4236.61;3790.87;3391.85;3034.86;2715.13;2428.84;2172.55;1943.06;1737.59;1553.61;1388.89;1241.34;1109.2;990.854;884.89;790.011;705.062;629.13;561.295;500.796;447.061;399.566;357.976
2;5837433371213;50;frequency;20000.00000002444;22385.53853899816;25055.61678390222;28044.17375656954;31389.19662092121;35133.2035329932;39323.78408414649;44014.2042055669;49264.08322518227;55140.1516811012;61717.09952482729;69078.52549602467;77317.99973512921;86540.25314108083;96862.50859274992;108415.9709538568;121347.4948009008;135821.4510731415;152021.8163702936;170154.5114554648;190450.0186878266;213166.3116533389;238592.1342356312;267050.6708003728;298903.6541519141;334555.9634717432;374460.7706856584;419125.3006744233;469117.2785435782;525072.1459047724;587701.13789258;657800.3235824071;736260.7247225839;824079.6413975459;922373.3285811875;1032391.184709951;1155531.632626961;1293359.894754076;1447627.888434013;1620296.494325686;1813560.480908265;2029876.401899315;2271993.821195295;2542990.262224833;2846310.325953354;3185809.474764127;3565803.038745301;3991121.067296888;4467169.723268114;4999999.999999929
2;5837433371213;50;phasez;-1.54008;-1.53995;-1.5395;-1.53943;-1.53901;-1.53843;-1.53805;-1.53737;-1.53667;-1.53583;-1.53491;-1.53368;-1.53236;-1.53093;-1.52925;-1.5274;-1.52519;-1.52276;-1.52005;-1.51697;-1.51355;-1.50973;-1.50538;-1.50053;-1.49509;-1.48901;-1.48217;-1.4745;-1.46592;-1.45627;-1.44548;-1.43334;-1.4197;-1.40442;-1.38722;-1.36791;-1.34618;-1.32173;-1.29419;-1.26317;-1.22817;-1.18862;-1.14389;-1.09318;-1.03559;-0.970084;-0.895352;-0.809929;-0.71209;-0.599849
3;5837749633146;20;absz;17459.6;14258.4;11641.5;9505.91;7762.41;6337.15;5173.93;4223.54;3447.41;2813.3;2295;1871.37;1525.39;1242.37;1011;821.778;667.111;541.003;438.77;357.1
3;5837749633146;20;frequency;99999.99999990905;122862.535599424;150952.0265389597;185463.4873444638;227865.1431623047;279960.8926363817;343967.05137965;422606.6409511731;519225.2346839865;637933.2888043621;783781.0140572543;962973.2274171232;1183133.324347452;1453627.601814205;1785963.729760951;2194280.323268956;2695948.443325946;3312310.615921419;4069588.809647371;4999999.999999929
3;5837749633146;20;phasez;-1.52845;-1.52514;-1.52105;-1.51596;-1.50964;-1.50182;-1.49213;-1.4801;-1.46523;-1.4468;-1.424;-1.39574;-1.36068;-1.31711;-1.26282;-1.19492;-1.10947;-1.00132;-0.8632;-0.685537
