0;3590242615187;20;absz;1.6242e+08;1.17967e+08;8.5643e+07;6.22159e+07;4.51563e+07;3.2773e+07;2.37717e+07;1.72421e+07;1.25032e+07;9.06611e+06;6.57297e+06;4.76464e+06;3.45341e+06;2.50266e+06;1.81336e+06;1.31372e+06;951581;689211;499133;361446
0;3590242615187;20;frequency;9.999999974752427;13.86918846435492;19.23543905490988;26.67799336109056;37.00021196095804;51.31629158938722;71.17153245417285;98.70914048804025;136.9015682683994;189.8713664161278;263.3361782500288;365.2259113806622;506.5387032487934;702.5280792305466;974.3494403835484;1351.343611730726;1874.203936580443;2599.368780806799;3605.113577052066;4999.99999995282
0;3590242615187;20;phasez;-1.53407;-1.53556;-1.53635;-1.53769;-1.53885;-1.54024;-1.54089;-1.54169;-1.54237;-1.54297;-1.54339;-1.54369;-1.54381;-1.54369;-1.54319;-1.54224;-1.5406;-1.53803;-1.53419;-1.52866
1;3591011238774;50;absz;8.51947e+06;7.29221e+06;6.23976e+06;5.33979e+06;4.56055e+06;3.89392e+06;3.32924e+06;2.843e+06;2.43072e+06;2.0767e+06;1.77366e+06;1.51568e+06;1.29518e+06;1.10628e+06;945275;807508;689837;589286;503366;430024;367335;313792;268056;228983;195601;167094;142737;121935;104162;88979.3;76010.5;64931.5;55467.2;47382.3;40474.8;34572.7;29530.4;25221.6;21540.3;18394.2;15705.1;13407;11442.3;9762.38;8325.26;7095.58;6042.78;5140.51;4366.44;3701.38
1;3591011238774;50;frequency;199.9999999213742;234.625769479635;275.2462588517801;322.8993264769997;378.802514688914;444.3841576318164;521.3198749487447;611.5753842550475;717.456725922716;841.6691823498468;987.3863981368913;1158.33146786315;1358.872060208682;1594.132014446359;1870.122253535556;2193.894364737048;2573.720768452858;3019.306079821149;3542.035062906734;4155.263512473084;4874.659497176026;5718.603679767398;6708.658946337209;7870.121340545211;9232.666380967203;10831.10727442716;12706.28439819177;14906.10877695531;17486.78621595445;20514.25336674129;24065.86241733066;28232.35745111674;33120.19296963342;38854.25382030405;45581.04601983359;53472.44000269313;62730.06193403319;73590.44528463698;86331.07429211862;101277.4737211686;118811.5260634959;139381.228686517;163512.140226203;191820.8086789974;225030.524286467;263989.7996954232;309694.0495706946;363311.0235703185;426210.642505751;499999.9999999716
1;3591011238774;50;phasez;-1.54484;-1.54469;-1.5457;-1.54454;-1.54543;-1.54602;-1.54623;-1.54624;-1.54613;-1.54657;-1.54722;-1.54757;-1.54749;-1.54773;-1.54801;-1.54807;-1.54815;-1.54825;-1.54819;-1.54821;-1.5481;-1.54794;-1.54777;-1.54752;-1.54722;-1.54683;-1.54637;-1.54581;-1.54515;-1.54439;-1.54347;-1.54242;-1.54118;-1.53973;-1.53804;-1.53606;-1.53373;-1.531;-1.52778;-1.524;-1.51952;-1.51425;-1.50802;-1.50065;-1.49192;-1.48158;-1.4693;-1.45466;-1.43716;-1.41612
2;3591782229192;50;absz;91704.6;82045;73392.9;65670.8;58737.6;52550.6;47015.8;42070.6;37625.1;33663;30113.2;26940.3;24097.8;21558.7;19284.6;17252.2;15432.9;13805.3;12349.7;11047.3;9881.23;8838.66;7906.11;7071.45;6324.94;5657.15;5059.58;4524.93;4046.6;3618.66;3235.73;2893.17;2586.7;2312.45;2067.12;1847.55;1651.11;1475.28;1317.95;1177.14;1051.14;938.384;837.503;747.268;666.683;594.754;530.663;473.785;423.581;379.678
2;3591782229192;50;frequency;20000.00000002444;22385.53853899816;25055.61678390222;28044.17375656954;31389.19662092121;35133.2035329932;39323.78408414649;44014.2042055669;49264.08322518227;55140.1516811012;61717.09952482729;69078.52549602467;77317.99973512921;86540.25314108083;96862.50859274992;108415.9709538568;121347.4948009008;135821.4510731415;152021.8163702936;170154.5114554648;190450.0186878266;213166.3116533389;238592.1342356312;267050.6708003728;298903.6541519141;334555.9634717432;374460.7706856584;419125.3006744233;469117.2785435782;525072.1459047724;587701.13789258;657800.3235824071;736260.7247225839;824079.6413975459;922373.3285811875;1032391.184709951;1155531.632626961;1293359.894754076;1447627.888434013;1620296.494325686;1813560.480908265;2029876.401899315;2271993.821195295;2542990.262224833;2846310.325953354;3185809.474764127;3565803.038745301;3991121.067296888;4467169.723268114;4999999.999999929
2;3591782229192;50;phasez;-1.54816;-1.54779;-1.54731;-1.54708;-1.54656;-1.546;-1.54555;-1.54492;-1.5439;-1.54323;-1.54208;-1.54095;-1.53966;-1.53814;-1.53642;-1.53456;-1.53247;-1.53007;-1.52737;-1.52437;-1.52094;-1.51712;-1.51285;-1.50801;-1.50261;-1.49655;-1.48972;-1.48209;-1.4735;-1.46385;-1.45303;-1.44085;-1.4272;-1.41185;-1.3946;-1.37523;-1.35342;-1.32889;-1.30127;-1.27015;-1.23505;-1.19541;-1.15059;-1.09981;-1.04212;-0.976566;-0.901796;-0.816366;-0.718569;-0.606421
3;3592100796104;20;absz;18778.6;15321.8;12499.2;10194.6;8316.77;6783.05;5532.12;4511.53;3678.16;2998.53;2443.64;1990.71;1621.05;1319.19;1072.67;871.355;707.062;573.295;465.059;378.787
3;3592100796104;20;frequency;99999.99999990905;122862.535599424;150952.0265389597;185463.4873444638;227865.1431623047;279960.8926363817;343967.05137965;422606.6409511731;519225.2346839865;637933.2888043621;783781.0140572543;962973.2274171232;1183133.324347452;1453627.601814205;1785963.729760951;2194280.323268956;2695948.443325946;3312310.615921419;4069588.809647371;4999999.999999929
3;3592100796104;20;phasez;-1.53558;-1.53238;-1.52841;-1.52333;-1.51712;-1.50934;-1.49969;-1.48766;-1.47278;-1.45434;-1.43145;-1.4031;-1.36791;-1.32418;-1.26971;-1.20163;-1.11602;-1.00776;-0.869614;-0.692071
