0;10405890433748;20;absz;1.35949e+08;9.91385e+07;7.22652e+07;5.26367e+07;3.83423e+07;2.79041e+07;2.03116e+07;1.47786e+07;1.07488e+07;7.81653e+06;5.68339e+06;4.13155e+06;3.00279e+06;2.18219e+06;1.58556e+06;1.15189e+06;836723;607698;441289;320400
0;10405890433748;20;frequency;9.999999974752427;13.86918846435492;19.23543905490988;26.67799336109056;37.00021196095804;51.31629158938722;71.17153245417285;98.70914048804025;136.9015682683994;189.8713664161278;263.3361782500288;365.2259113806622;506.5387032487934;702.5280792305466;974.3494403835484;1351.343611730726;1874.203936580443;2599.368780806799;3605.113577052066;4999.99999995282
0;10405890433748;20;phasez;-1.51041;-1.5134;-1.51629;-1.51924;-1.52138;-1.5236;-1.52486;-1.52623;-1.52753;-1.5285;-1.52924;-1.5298;-1.53014;-1.53016;-1.52982;-1.52901;-1.52753;-1.52518;-1.52166;-1.51651
1;10406660540522;50;absz;7.37171e+06;6.30715e+06;5.40645e+06;4.61506e+06;3.95168e+06;3.3831e+06;2.89381e+06;2.47701e+06;2.12006e+06;1.81349e+06;1.55128e+06;1.3273e+06;1.13563e+06;971510;831121;710956;608196;520254;444989;380649;325568;278461;238160;203686;174198;148977;127404;108952;93171.4;79675;68131;58259.7;49816.9;42596.7;36423.3;31142.2;26626.4;22763.9;19459.9;16634.1;14216.2;12147.6;10377.7;8862.51;7565.31;6454.24;5501.92;4685;3983.57;3380.3
1;10406660540522;50;frequency;199.9999999213742;234.625769479635;275.2462588517801;322.8993264769997;378.802514688914;444.3841576318164;521.3198749487447;611.5753842550475;717.456725922716;841.6691823498468;987.3863981368913;1158.33146786315;1358.872060208682;1594.132014446359;1870.122253535556;2193.894364737048;2573.720768452858;3019.306079821149;3542.035062906734;4155.263512473084;4874.659497176026;5718.603679767398;6708.658946337209;7870.121340545211;9232.666380967203;10831.10727442716;12706.28439819177;14906.10877695531;17486.78621595445;20514.25336674129;24065.86241733066;28232.35745111674;33120.19296963342;38854.25382030405;45581.04601983359;53472.44000269313;62730.06193403319;73590.44528463698;86331.07429211862;101277.4737211686;118811.5260634959;139381.228686517;163512.140226203;191820.8086789974;225030.524286467;263989.7996954232;309694.0495706946;363311.0235703185;426210.642505751;499999.9999999716
1;10406660540522;50;phasez;-1.5306;-1.52932;-1.52976;-1.53063;-1.53153;-1.53211;-1.53262;-1.53273;-1.53272;-1.53327;-1.5337;-1.53429;-1.53433;-1.5347;-1.53487;-1.53511;-1.53528;-1.53553;-1.53564;-1.53584;-1.5359;-1.53594;-1.53594;-1.5359;-1.5358;-1.5356;-1.53532;-1.53493;-1.53444;-1.53382;-1.53305;-1.5321;-1.53097;-1.52961;-1.52799;-1.52607;-1.52379;-1.52109;-1.5179;-1.51413;-1.50967;-1.50439;-1.49815;-1.49076;-1.48201;-1.47162;-1.45928;-1.44459;-1.42703;-1.40592
2;10407431601736;50;absz;82077;73489.1;65787.5;58901;52730.8;47214.9;42269.5;37838.7;33873.3;30323.3;27145;24299.6;21756;19473.2;17431.8;15604.9;13969;12504.1;11193.3;10019.6;8968.83;8027.94;7186.08;6432.11;5756.82;5152.56;4611.61;4127.27;3693.63;3305.44;2957.89;2646.72;2368.06;2118.55;1895.15;1695.08;1515.88;1355.41;1211.65;1082.87;967.502;864.175;771.629;688.764;614.651;548.425;489.338;436.828;390.396;349.716
2;10407431601736;50;frequency;20000.00000002444;22385.53853899816;25055.61678390222;28044.17375656954;31389.19662092121;35133.2035329932;39323.78408414649;44014.2042055669;49264.08322518227;55140.1516811012;61717.09952482729;69078.52549602467;77317.99973512921;86540.25314108083;96862.50859274992;108415.9709538568;121347.4948009008;135821.4510731415;152021.8163702936;170154.5114554648;190450.0186878266;213166.3116533389;238592.1342356312;267050.6708003728;298903.6541519141;334555.9634717432;374460.7706856584;419125.3006744233;469117.2785435782;525072.1459047724;587701.13789258;657800.3235824071;736260.7247225839;824079.6413975459;922373.3285811875;1032391.184709951;1155531.632626961;1293359.894754076;1447627.888434013;1620296.494325686;1813560.480908265;2029876.401899315;2271993.821195295;2542990.262224833;2846310.325953354;3185809.474764127;3565803.038745301;3991121.067296888;4467169.723268114;4999999.999999929
2;10407431601736;50;phasez;-1.53739;-1.53729;-1.53697;-1.53688;-1.53635;-1.53598;-1.53535;-1.53476;-1.53392;-1.53315;-1.5321;-1.53094;-1.52972;-1.52827;-1.5267;-1.52474;-1.52262;-1.52022;-1.51752;-1.51446;-1.51108;-1.50724;-1.50289;-1.49808;-1.49263;-1.48652;-1.47967;-1.47199;-1.46336;-1.45369;-1.44283;-1.43064;-1.41696;-1.4016;-1.38434;-1.36497;-1.34318;-1.31866;-1.29106;-1.25998;-1.22491;-1.1853;-1.1405;-1.08969;-1.03204;-0.966452;-0.891607;-0.806048;-0.70804;-0.595594
3;10407749313228;20;absz;16972.8;13867.6;11325.1;9250.81;7556.25;6170.41;5039.29;4114.7;3359.49;2742.38;2237.84;1825.42;1488.42;1212.67;987.158;802.664;651.763;528.635;428.737;348.869
3;10407749313228;20;frequency;99999.99999990905;122862.535599424;150952.0265389597;185463.4873444638;227865.1431623047;279960.8926363817;343967.05137965;422606.6409511731;519225.2346839865;637933.2888043621;783781.0140572543;962973.2274171232;1183133.324347452;1453627.601814205;1785963.729760951;2194280.323268956;2695948.443325946;3312310.615921419;4069588.809647371;4999999.999999929
3;10407749313228;20;phasez;-1.52584;-1.52254;-1.51855;-1.51349;-1.50721;-1.49936;-1.48966;-1.47756;-1.46262;-1.44411;-1.4212;-1.39282;-1.35765;-1.31397;-1.25955;-1.19152;-1.10595;-0.997615;-0.859258;-0.681211
