0;6854042888029;20;absz;1.39047e+08;1.01346e+08;7.38583e+07;5.37782e+07;3.91359e+07;2.84844e+07;2.07099e+07;1.50618e+07;1.09508e+07;7.96074e+06;5.78643e+06;4.20531e+06;3.0558e+06;2.22029e+06;1.61294e+06;1.17158e+06;850840;617804;448513;325548
0;6854042888029;20;frequency;9.999999974752427;13.86918846435492;19.23543905490988;26.67799336109056;37.00021196095804;51.31629158938722;71.17153245417285;98.70914048804025;136.9015682683994;189.8713664161278;263.3361782500288;365.2259113806622;506.5387032487934;702.5280792305466;974.3494403835484;1351.343611730726;1874.203936580443;2599.368780806799;3605.113577052066;4999.99999995282
0;6854042888029;20;phasez;-1.51565;-1.51755;-1.52076;-1.52273;-1.52461;-1.52584;-1.52752;-1.52858;-1.52956;-1.53026;-1.53084;-1.53124;-1.53141;-1.53136;-1.53098;-1.53014;-1.52872;-1.52644;-1.52298;-1.51786
1;6854810868170;50;absz;7.52311e+06;6.43619e+06;5.48807e+06;4.70165e+06;4.02006e+06;3.44107e+06;2.94587e+06;2.5201e+06;2.15585e+06;1.84478e+06;1.57823e+06;1.35038e+06;1.15488e+06;987957;845104;722841;618320;528841;452283;386809;330804;282896;241913;206867;176893;151256;129335;110587;94555.8;80848.2;69126.3;59103.1;50532.5;43203.8;36937.5;31578.1;26995.3;23075.8;19724.2;16857.5;14405.3;12307.6;10512.8;8976.66;7661.82;6535.81;5570.85;4743.24;4032.58;3421.54
1;6854810868170;50;frequency;199.9999999213742;234.625769479635;275.2462588517801;322.8993264769997;378.802514688914;444.3841576318164;521.3198749487447;611.5753842550475;717.456725922716;841.6691823498468;987.3863981368913;1158.33146786315;1358.872060208682;1594.132014446359;1870.122253535556;2193.894364737048;2573.720768452858;3019.306079821149;3542.035062906734;4155.263512473084;4874.659497176026;5718.603679767398;6708.658946337209;7870.121340545211;9232.666380967203;10831.10727442716;12706.28439819177;14906.10877695531;17486.78621595445;20514.25336674129;24065.86241733066;28232.35745111674;33120.19296963342;38854.25382030405;45581.04601983359;53472.44000269313;62730.06193403319;73590.44528463698;86331.07429211862;101277.4737211686;118811.5260634959;139381.228686517;163512.140226203;191820.8086789974;225030.524286467;263989.7996954232;309694.0495706946;363311.0235703185;426210.642505751;499999.9999999716
1;6854810868170;50;phasez;-1.5295;-1.53243;-1.53387;-1.53136;-1.53263;-1.53373;-1.5332;-1.53418;-1.53475;-1.53496;-1.53478;-1.53525;-1.53552;-1.53582;-1.5361;-1.53627;-1.53656;-1.5368;-1.53699;-1.53711;-1.53724;-1.5373;-1.53735;-1.5373;-1.53717;-1.53698;-1.53668;-1.53631;-1.53578;-1.53513;-1.53435;-1.5334;-1.53225;-1.53089;-1.52926;-1.52736;-1.52509;-1.5224;-1.51922;-1.51546;-1.511;-1.50572;-1.49947;-1.49208;-1.48332;-1.47293;-1.4606;-1.44591;-1.42837;-1.40729
2;6855580505597;50;absz;83277.9;74559.5;66743;59740.5;53489.7;47881;42859;38365.7;34347.6;30740.2;27517.7;24631.9;22049.4;19736.2;17665.9;15812.5;14153.7;12669.2;11339;10149.3;9083.87;8130.37;7276.8;6512.44;5828.61;5216.44;4668.43;4177.74;3738.48;3345.29;2993.39;2678.2;2396.03;2143.39;1917.2;1714.62;1533.2;1370.72;1225.22;1094.89;978.163;873.614;779.988;696.169;621.222;554.255;494.531;441.46;394.535;353.435
2;6855580505597;50;frequency;20000.00000002444;22385.53853899816;25055.61678390222;28044.17375656954;31389.19662092121;35133.2035329932;39323.78408414649;44014.2042055669;49264.08322518227;55140.1516811012;61717.09952482729;69078.52549602467;77317.99973512921;86540.25314108083;96862.50859274992;108415.9709538568;121347.4948009008;135821.4510731415;152021.8163702936;170154.5114554648;190450.0186878266;213166.3116533389;238592.1342356312;267050.6708003728;298903.6541519141;334555.9634717432;374460.7706856584;419125.3006744233;469117.2785435782;525072.1459047724;587701.13789258;657800.3235824071;736260.7247225839;824079.6413975459;922373.3285811875;1032391.184709951;1155531.632626961;1293359.894754076;1447627.888434013;1620296.494325686;1813560.480908265;2029876.401899315;2271993.821195295;2542990.262224833;2846310.325953354;3185809.474764127;3565803.038745301;3991121.067296888;4467169.723268114;4999999.999999929
2;6855580505597;50;phasez;-1.53876;-1.53858;-1.5383;-1.53788;-1.5376;-1.53705;-1.53663;-1.53608;-1.53534;-1.5344;-1.53345;-1.53231;-1.53101;-1.52964;-1.52796;-1.52602;-1.52391;-1.52156;-1.51886;-1.51578;-1.5124;-1.50854;-1.50421;-1.49938;-1.49392;-1.48784;-1.48099;-1.47332;-1.4647;-1.45504;-1.4442;-1.43205;-1.4184;-1.40308;-1.38586;-1.36651;-1.34477;-1.3203;-1.29274;-1.26169;-1.22665;-1.18709;-1.14234;-1.09161;-1.03397;-0.968427;-0.893642;-0.808156;-0.710245;-0.597932
3;6855899860307;20;absz;17195.9;14047.2;11470.3;9367.17;7650.78;6246.47;5100.83;4164.38;3399.55;2774.69;2263.87;1846.27;1505.19;1226.13;997.934;811.263;658.652;534.183;433.226;352.547
3;6855899860307;20;frequency;99999.99999990905;122862.535599424;150952.0265389597;185463.4873444638;227865.1431623047;279960.8926363817;343967.05137965;422606.6409511731;519225.2346839865;637933.2888043621;783781.0140572543;962973.2274171232;1183133.324347452;1453627.601814205;1785963.729760951;2194280.323268956;2695948.443325946;3312310.615921419;4069588.809647371;4999999.999999929
3;6855899860307;20;phasez;-1.52705;-1.52395;-1.51984;-1.5148;-1.50847;-1.50068;-1.49095;-1.47891;-1.46396;-1.44553;-1.42267;-1.39438;-1.35926;-1.31565;-1.26132;-1.19337;-1.10787;-0.999642;-0.861424;-0.683616
