0;2784016720165;20;absz;1.75051e+08;1.26887e+08;9.1967e+07;6.66501e+07;4.82721e+07;3.49351e+07;2.53185e+07;1.8338e+07;1.32795e+07;9.61531e+06;6.96181e+06;5.03979e+06;3.64842e+06;2.64104e+06;1.91172e+06;1.38374e+06;1.00151e+06;724833;524573;379610
0;2784016720165;20;frequency;9.999999974752427;13.86918846435492;19.23543905490988;26.67799336109056;37.00021196095804;51.31629158938722;71.17153245417285;98.70914048804025;136.9015682683994;189.8713664161278;263.3361782500288;365.2259113806622;506.5387032487934;702.5280792305466;974.3494403835484;1351.343611730726;1874.203936580443;2599.368780806799;3605.113577052066;4999.99999995282
0;2784016720165;20;phasez;-1.54455;-1.54532;-1.54623;-1.54725;-1.54767;-1.54837;-1.54892;-1.5491;-1.54941;-1.54968;-1.54977;-1.54967;-1.54942;-1.54889;-1.54805;-1.54671;-1.54478;-1.54199;-1.53804;-1.53249
1;2784785725098;50;absz;9.04323e+06;7.74176e+06;6.60053e+06;5.63861e+06;4.81603e+06;4.11628e+06;3.51444e+06;3.00127e+06;2.56448e+06;2.19026e+06;1.8703e+06;1.59723e+06;1.36408e+06;1.16482e+06;994822;849450;725408;619518;529073;451799;385812;329473;281337;240235;205143;175178;149586;127731;109068;93131;79522.5;67899.3;57973.8;49498.7;42261.1;36080.6;30802.1;26294.4;22443.7;19155.7;16346.9;13947.4;11897.2;10145.3;8647.72;7366.76;6270.78;5332.27;4527.6;3836.7
1;2784785725098;50;frequency;199.9999999213742;234.625769479635;275.2462588517801;322.8993264769997;378.802514688914;444.3841576318164;521.3198749487447;611.5753842550475;717.456725922716;841.6691823498468;987.3863981368913;1158.33146786315;1358.872060208682;1594.132014446359;1870.122253535556;2193.894364737048;2573.720768452858;3019.306079821149;3542.035062906734;4155.263512473084;4874.659497176026;5718.603679767398;6708.658946337209;7870.121340545211;9232.666380967203;10831.10727442716;12706.28439819177;14906.10877695531;17486.78621595445;20514.25336674129;24065.86241733066;28232.35745111674;33120.19296963342;38854.25382030405;45581.04601983359;53472.44000269313;62730.06193403319;73590.44528463698;86331.07429211862;101277.4737211686;118811.5260634959;139381.228686517;163512.140226203;191820.8086789974;225030.524286467;263989.7996954232;309694.0495706946;363311.0235703185;426210.642505751;499999.9999999716
1;2784785725098;50;phasez;-1.54757;-1.55113;-1.55261;-1.55231;-1.55113;-1.55143;-1.55267;-1.55168;-1.55205;-1.5517;-1.55224;-1.55206;-1.5521;-1.55201;-1.55215;-1.55221;-1.55213;-1.55209;-1.55206;-1.55203;-1.5519;-1.55183;-1.55164;-1.55142;-1.55115;-1.55083;-1.55044;-1.54996;-1.54938;-1.5487;-1.54785;-1.54685;-1.54568;-1.54428;-1.54262;-1.54068;-1.53837;-1.53563;-1.5324;-1.52857;-1.52403;-1.51866;-1.51231;-1.5048;-1.4959;-1.48536;-1.47285;-1.45797;-1.4402;-1.41886
2;2785556843536;50;absz;96008;85865.5;76775.2;68643.2;61405.4;54911.6;49116.3;43923.9;39280.6;35128.5;31409.9;28085.3;25117.3;22458.8;20084.7;17959.5;16060.9;14362.2;12842.5;11483.5;10268.5;9182.21;8209.99;7341.16;6563.88;5869;5247.54;4691.75;4194.74;3750.21;3352.76;2997.2;2679.25;2394.83;2140.45;1912.89;1709.39;1527.27;1364.37;1218.62;1088.26;971.622;867.273;773.954;690.67;616.357;550.154;491.44;439.643;394.391
2;2785556843536;50;frequency;20000.00000002444;22385.53853899816;25055.61678390222;28044.17375656954;31389.19662092121;35133.2035329932;39323.78408414649;44014.2042055669;49264.08322518227;55140.1516811012;61717.09952482729;69078.52549602467;77317.99973512921;86540.25314108083;96862.50859274992;108415.9709538568;121347.4948009008;135821.4510731415;152021.8163702936;170154.5114554648;190450.0186878266;213166.3116533389;238592.1342356312;267050.6708003728;298903.6541519141;334555.9634717432;374460.7706856584;419125.3006744233;469117.2785435782;525072.1459047724;587701.13789258;657800.3235824071;736260.7247225839;824079.6413975459;922373.3285811875;1032391.184709951;1155531.632626961;1293359.894754076;1447627.888434013;1620296.494325686;1813560.480908265;2029876.401899315;2271993.821195295;2542990.262224833;2846310.325953354;3185809.474764127;3565803.038745301;3991121.067296888;4467169.723268114;4999999.999999929
2;2785556843536;50;phasez;-1.55217;-1.55203;-1.55176;-1.55138;-1.55098;-1.55052;-1.55005;-1.54934;-1.54859;-1.54781;-1.5469;-1.54558;-1.54434;-1.54286;-1.54105;-1.53926;-1.53697;-1.5345;-1.53179;-1.52863;-1.52514;-1.52118;-1.51677;-1.51183;-1.50622;-1.5;-1.49301;-1.48517;-1.47638;-1.46654;-1.45548;-1.4431;-1.4292;-1.41362;-1.39613;-1.37648;-1.35443;-1.32963;-1.30174;-1.27036;-1.23498;-1.19507;-1.14998;-1.09892;-1.04095;-0.975125;-0.900087;-0.814381;-0.716314;-0.60394
3;2785873181808;20;absz;19548.1;15940.8;12995.8;10593.2;8636.14;7039.95;5737.81;4677.18;3811.43;3106.08;2530.46;2060.93;1677.93;1365.49;1110.36;902.173;732.315;594.132;482.372;393.414
3;2785873181808;20;frequency;99999.99999990905;122862.535599424;150952.0265389597;185463.4873444638;227865.1431623047;279960.8926363817;343967.05137965;422606.6409511731;519225.2346839865;637933.2888043621;783781.0140572543;962973.2274171232;1183133.324347452;1453627.601814205;1785963.729760951;2194280.323268956;2695948.443325946;3312310.615921419;4069588.809647371;4999999.999999929
3;2785873181808;20;phasez;-1.54022;-1.53689;-1.53271;-1.52755;-1.52111;-1.51305;-1.5031;-1.49076;-1.47551;-1.45662;-1.43335;-1.40453;-1.36886;-1.32466;-1.2697;-1.20112;-1.11501;-1.00625;-0.8676;-0.689562
