0;1944302022456;20;absz;1.90679e+08;1.38032e+08;9.99493e+07;7.22951e+07;5.23033e+07;3.78693e+07;2.73908e+07;1.98158e+07;1.43349e+07;1.03706e+07;7.50207e+06;5.42638e+06;3.92434e+06;2.83758e+06;2.05152e+06;1.48301e+06;1.07193e+06;774729;559882;404605
0;1944302022456;20;frequency;9.999999974752427;13.86918846435492;19.23543905490988;26.67799336109056;37.00021196095804;51.31629158938722;71.17153245417285;98.70914048804025;136.9015682683994;189.8713664161278;263.3361782500288;365.2259113806622;506.5387032487934;702.5280792305466;974.3494403835484;1351.343611730726;1874.203936580443;2599.368780806799;3605.113577052066;4999.99999995282
0;1944302022456;20;phasez;-1.55387;-1.55283;-1.55341;-1.55413;-1.55397;-1.5545;-1.55433;-1.55426;-1.55443;-1.55451;-1.55462;-1.5547;-1.55462;-1.55437;-1.55374;-1.55262;-1.5508;-1.54806;-1.54404;-1.53833
1;1945071187612;50;absz;9.77254e+06;8.35723e+06;7.11924e+06;6.08279e+06;5.18915e+06;4.42777e+06;3.7811e+06;3.22852e+06;2.75438e+06;2.35143e+06;2.00759e+06;1.7133e+06;1.46197e+06;1.24736e+06;1.0648e+06;908643;775368;661715;564720;481883;411250;350936;299477;255570;218100;186123;158841;135562;115695;98741.6;84274.2;71927.8;61391.2;52400.7;44726.9;38177;32586.4;27814;23739.8;20261.4;17291.1;14754.2;12587;10735.4;9152.53;7798.87;6640.71;5648.75;4798.12;4067.55
1;1945071187612;50;frequency;199.9999999213742;234.625769479635;275.2462588517801;322.8993264769997;378.802514688914;444.3841576318164;521.3198749487447;611.5753842550475;717.456725922716;841.6691823498468;987.3863981368913;1158.33146786315;1358.872060208682;1594.132014446359;1870.122253535556;2193.894364737048;2573.720768452858;3019.306079821149;3542.035062906734;4155.263512473084;4874.659497176026;5718.603679767398;6708.658946337209;7870.121340545211;9232.666380967203;10831.10727442716;12706.28439819177;14906.10877695531;17486.78621595445;20514.25336674129;24065.86241733066;28232.35745111674;33120.19296963342;38854.25382030405;45581.04601983359;53472.44000269313;62730.06193403319;73590.44528463698;86331.07429211862;101277.4737211686;118811.5260634959;139381.228686517;163512.140226203;191820.8086789974;225030.524286467;263989.7996954232;309694.0495706946;363311.0235703185;426210.642505751;499999.9999999716
1;1945071187612;50;phasez;-1.55572;-1.55495;-1.55738;-1.55693;-1.55667;-1.55632;-1.5567;-1.55721;-1.5568;-1.55744;-1.55758;-1.55788;-1.55782;-1.55811;-1.55824;-1.55827;-1.55809;-1.55817;-1.55814;-1.558;-1.55779;-1.55752;-1.55725;-1.55687;-1.55641;-1.55586;-1.55523;-1.55448;-1.5536;-1.5526;-1.55144;-1.55008;-1.54853;-1.54674;-1.54469;-1.54234;-1.53961;-1.53645;-1.53279;-1.52854;-1.52359;-1.51781;-1.51104;-1.50313;-1.49384;-1.48292;-1.47004;-1.4548;-1.43668;-1.41501
2;1945840357063;50;absz;101756;90982.9;81339.7;72746.4;65028.1;58155.8;51990.6;46484.3;41567.4;37164.2;33231.4;29713.9;26566.3;23756.6;21243.5;18995.4;16988.4;15192;13585.7;12149.1;10865.2;9716.76;8689.85;7771.21;6949.92;6215.92;5559.1;4971.82;4446.29;3976.36;3556.06;3180.23;2843.88;2542.91;2273.79;2032.95;1817.44;1624.6;1452.06;1297.66;1159.47;1035.84;925.246;826.315;737.987;659.16;588.978;526.748;471.883;424.005
2;1945840357063;50;frequency;20000.00000002444;22385.53853899816;25055.61678390222;28044.17375656954;31389.19662092121;35133.2035329932;39323.78408414649;44014.2042055669;49264.08322518227;55140.1516811012;61717.09952482729;69078.52549602467;77317.99973512921;86540.25314108083;96862.50859274992;108415.9709538568;121347.4948009008;135821.4510731415;152021.8163702936;170154.5114554648;190450.0186878266;213166.3116533389;238592.1342356312;267050.6708003728;298903.6541519141;334555.9634717432;374460.7706856584;419125.3006744233;469117.2785435782;525072.1459047724;587701.13789258;657800.3235824071;736260.7247225839;824079.6413975459;922373.3285811875;1032391.184709951;1155531.632626961;1293359.894754076;1447627.888434013;1620296.494325686;1813560.480908265;2029876.401899315;2271993.821195295;2542990.262224833;2846310.325953354;3185809.474764127;3565803.038745301;3991121.067296888;4467169.723268114;4999999.999999929
2;1945840357063;50;phasez;-1.55616;-1.55599;-1.55518;-1.55474;-1.55409;-1.55331;-1.55258;-1.55163;-1.55055;-1.54935;-1.54796;-1.54664;-1.54509;-1.54316;-1.54128;-1.53896;-1.53647;-1.53373;-1.53066;-1.52726;-1.52351;-1.51925;-1.51455;-1.50933;-1.50352;-1.49703;-1.48978;-1.48169;-1.47266;-1.46257;-1.45132;-1.43871;-1.4246;-1.40881;-1.39113;-1.3713;-1.34906;-1.32409;-1.29603;-1.26447;-1.22893;-1.18887;-1.14362;-1.09241;-1.0343;-0.968339;-0.893178;-0.807368;-0.709215;-0.596765
3;1946156494523;20;absz;20675.7;16861.6;13749.7;11208.5;9139.88;7453.77;6077.66;4956.29;4041.26;3295.3;2686.55;2189.68;1784.11;1453.23;1182.92;962.244;782.17;635.626;517.139;422.976
3;1946156494523;20;frequency;99999.99999990905;122862.535599424;150952.0265389597;185463.4873444638;227865.1431623047;279960.8926363817;343967.05137965;422606.6409511731;519225.2346839865;637933.2888043621;783781.0140572543;962973.2274171232;1183133.324347452;1453627.601814205;1785963.729760951;2194280.323268956;2695948.443325946;3312310.615921419;4069588.809647371;4999999.999999929
3;1946156494523;20;phasez;-1.54024;-1.53641;-1.53167;-1.52602;-1.51899;-1.51047;-1.50001;-1.48725;-1.47155;-1.45229;-1.42862;-1.39946;-1.36347;-1.31893;-1.26366;-1.1948;-1.10841;-0.999403;-0.860548;-0.68237
