0;10012469938414;20;absz;1.36051e+08;9.92468e+07;7.23507e+07;5.26907e+07;3.83659e+07;2.7943e+07;2.0324e+07;1.47881e+07;1.07558e+07;7.82157e+06;5.68682e+06;4.13405e+06;3.00466e+06;2.18349e+06;1.58649e+06;1.15256e+06;837214;608052;441551;320591
0;10012469938414;20;frequency;9.999999974752427;13.86918846435492;19.23543905490988;26.67799336109056;37.00021196095804;51.31629158938722;71.17153245417285;98.70914048804025;136.9015682683994;189.8713664161278;263.3361782500288;365.2259113806622;506.5387032487934;702.5280792305466;974.3494403835484;1351.343611730726;1874.203936580443;2599.368780806799;3605.113577052066;4999.99999995282
0;10012469938414;20;phasez;-1.51018;-1.51346;-1.51656;-1.51912;-1.52149;-1.52352;-1.52506;-1.52642;-1.52758;-1.5286;-1.52934;-1.52988;-1.53019;-1.5302;-1.52987;-1.52905;-1.52756;-1.52523;-1.52171;-1.51656
1;10013238157888;50;absz;7.37827e+06;6.31894e+06;5.39873e+06;4.61904e+06;3.95958e+06;3.38453e+06;2.89704e+06;2.48019e+06;2.11989e+06;1.81453e+06;1.5523e+06;1.3281e+06;1.13618e+06;972081;831517;711357;608548;520531;445261;380848;325758;278626;238291;203800;174293;149058;127472;109009;93218.4;79713.5;68164.2;58287.2;49841;42617.5;36440;31157.1;26638.6;22774.1;19468.6;16641.1;14222.8;12153.2;10382.1;8866.46;7568.72;6457.21;5504.41;4687.17;3985.3;3381.73
1;10013238157888;50;frequency;199.9999999213742;234.625769479635;275.2462588517801;322.8993264769997;378.802514688914;444.3841576318164;521.3198749487447;611.5753842550475;717.456725922716;841.6691823498468;987.3863981368913;1158.33146786315;1358.872060208682;1594.132014446359;1870.122253535556;2193.894364737048;2573.720768452858;3019.306079821149;3542.035062906734;4155.263512473084;4874.659497176026;5718.603679767398;6708.658946337209;7870.121340545211;9232.666380967203;10831.10727442716;12706.28439819177;14906.10877695531;17486.78621595445;20514.25336674129;24065.86241733066;28232.35745111674;33120.19296963342;38854.25382030405;45581.04601983359;53472.44000269313;62730.06193403319;73590.44528463698;86331.07429211862;101277.4737211686;118811.5260634959;139381.228686517;163512.140226203;191820.8086789974;225030.524286467;263989.7996954232;309694.0495706946;363311.0235703185;426210.642505751;499999.9999999716
1;10013238157888;50;phasez;-1.53183;-1.53072;-1.52991;-1.53139;-1.53175;-1.53115;-1.53255;-1.53294;-1.53271;-1.53357;-1.53387;-1.53413;-1.53434;-1.53467;-1.53482;-1.53509;-1.5354;-1.53553;-1.53574;-1.53585;-1.53593;-1.536;-1.53603;-1.53599;-1.53586;-1.53567;-1.5354;-1.53502;-1.53452;-1.53389;-1.53311;-1.53217;-1.53102;-1.52966;-1.52803;-1.52611;-1.52383;-1.52113;-1.51794;-1.51416;-1.50971;-1.50443;-1.49819;-1.4908;-1.48204;-1.47166;-1.45933;-1.44464;-1.42708;-1.40598
2;10014006379616;50;absz;82112.8;73543.2;65821.6;58948.3;52769.3;47241.5;42289;37863;33895.8;30339.6;27160.2;24314.6;21766.7;19484.9;17442.4;15613.9;13977.3;12511.9;11200.2;10025.3;8974.13;8032.71;7189.73;6435.3;5759.88;5155.3;4613.92;4129.44;3695.52;3307.1;2959.4;2647.99;2369.22;2119.57;1896.02;1695.84;1516.58;1355.99;1212.16;1083.32;967.919;864.538;771.953;689.017;614.903;548.645;489.54;437.009;390.568;349.862
2;10014006379616;50;frequency;20000.00000002444;22385.53853899816;25055.61678390222;28044.17375656954;31389.19662092121;35133.2035329932;39323.78408414649;44014.2042055669;49264.08322518227;55140.1516811012;61717.09952482729;69078.52549602467;77317.99973512921;86540.25314108083;96862.50859274992;108415.9709538568;121347.4948009008;135821.4510731415;152021.8163702936;170154.5114554648;190450.0186878266;213166.3116533389;238592.1342356312;267050.6708003728;298903.6541519141;334555.9634717432;374460.7706856584;419125.3006744233;469117.2785435782;525072.1459047724;587701.13789258;657800.3235824071;736260.7247225839;824079.6413975459;922373.3285811875;1032391.184709951;1155531.632626961;1293359.894754076;1447627.888434013;1620296.494325686;1813560.480908265;2029876.401899315;2271993.821195295;2542990.262224833;2846310.325953354;3185809.474764127;3565803.038745301;3991121.067296888;4467169.723268114;4999999.999999929
2;10014006379616;50;phasez;-1.53739;-1.53742;-1.53677;-1.53682;-1.5365;-1.53591;-1.53532;-1.53481;-1.534;-1.5333;-1.53222;-1.53112;-1.52976;-1.5283;-1.52665;-1.52474;-1.52263;-1.52024;-1.51756;-1.51454;-1.51111;-1.50726;-1.50293;-1.49811;-1.49267;-1.48657;-1.47971;-1.47203;-1.46341;-1.45373;-1.44287;-1.43069;-1.417;-1.40166;-1.38439;-1.36501;-1.34322;-1.3187;-1.29111;-1.26002;-1.22494;-1.18533;-1.14053;-1.08976;-1.03208;-0.966484;-0.891638;-0.806074;-0.708072;-0.595638
3;10014324699810;20;absz;16984.2;13876.4;11331.8;9255.51;7560.31;6173.66;5041.84;4116.82;3361.2;2743.74;2238.87;1826.24;1489.09;1213.23;987.603;803.005;652.023;528.862;428.925;349.026
3;10014324699810;20;frequency;99999.99999990905;122862.535599424;150952.0265389597;185463.4873444638;227865.1431623047;279960.8926363817;343967.05137965;422606.6409511731;519225.2346839865;637933.2888043621;783781.0140572543;962973.2274171232;1183133.324347452;1453627.601814205;1785963.729760951;2194280.323268956;2695948.443325946;3312310.615921419;4069588.809647371;4999999.999999929
3;10014324699810;20;phasez;-1.52576;-1.52266;-1.51861;-1.51353;-1.50724;-1.4994;-1.48966;-1.4776;-1.46265;-1.44416;-1.42126;-1.39288;-1.35771;-1.31402;-1.2596;-1.19156;-1.10599;-0.997646;-0.859284;-0.681238
