0;2203799874090;20;absz;1.85671e+08;1.34487e+08;9.73099e+07;7.04714e+07;5.09762e+07;3.69078e+07;2.66936e+07;1.93126e+07;1.39759e+07;1.01138e+07;7.31921e+06;5.29655e+06;3.83246e+06;2.77281e+06;2.00587e+06;1.4509e+06;1.04938e+06;758860;548696;396692
0;2203799874090;20;frequency;9.999999974752427;13.86918846435492;19.23543905490988;26.67799336109056;37.00021196095804;51.31629158938722;71.17153245417285;98.70914048804025;136.9015682683994;189.8713664161278;263.3361782500288;365.2259113806622;506.5387032487934;702.5280792305466;974.3494403835484;1351.343611730726;1874.203936580443;2599.368780806799;3605.113577052066;4999.99999995282
0;2203799874090;20;phasez;-1.55128;-1.55221;-1.55269;-1.55243;-1.55292;-1.55336;-1.55307;-1.55306;-1.55299;-1.55284;-1.55275;-1.55257;-1.55234;-1.55194;-1.55126;-1.55017;-1.54847;-1.54591;-1.54216;-1.53675
1;2204571144623;50;absz;9.50989e+06;8.13387e+06;6.92858e+06;5.93114e+06;5.07171e+06;4.32122e+06;3.69137e+06;3.1511e+06;2.69226e+06;2.29869e+06;1.96177e+06;1.67568e+06;1.43023e+06;1.22092e+06;1.04245e+06;889753;759529;648359;553422;472369;403204;344136;293720;250696;213957;182608;155851;133014;113525;96891.9;82692.5;70576.5;60234.3;51409.3;43878.4;37449;31961.3;27276.7;23278.2;19864.6;16949.9;14460.6;12334.4;10518.1;8965.65;7638.26;6502.56;5530.04;4696.31;3980.46
1;2204571144623;50;frequency;199.9999999213742;234.625769479635;275.2462588517801;322.8993264769997;378.802514688914;444.3841576318164;521.3198749487447;611.5753842550475;717.456725922716;841.6691823498468;987.3863981368913;1158.33146786315;1358.872060208682;1594.132014446359;1870.122253535556;2193.894364737048;2573.720768452858;3019.306079821149;3542.035062906734;4155.263512473084;4874.659497176026;5718.603679767398;6708.658946337209;7870.121340545211;9232.666380967203;10831.10727442716;12706.28439819177;14906.10877695531;17486.78621595445;20514.25336674129;24065.86241733066;28232.35745111674;33120.19296963342;38854.25382030405;45581.04601983359;53472.44000269313;62730.06193403319;73590.44528463698;86331.07429211862;101277.4737211686;118811.5260634959;139381.228686517;163512.140226203;191820.8086789974;225030.524286467;263989.7996954232;309694.0495706946;363311.0235703185;426210.642505751;499999.9999999716
1;2204571144623;50;phasez;-1.5547;-1.55466;-1.55335;-1.55354;-1.55414;-1.55487;-1.55421;-1.55437;-1.55496;-1.55512;-1.55523;-1.55542;-1.55533;-1.55566;-1.55578;-1.55604;-1.55601;-1.55618;-1.55623;-1.55618;-1.55619;-1.5561;-1.55595;-1.55575;-1.55547;-1.55512;-1.55465;-1.55407;-1.55337;-1.55251;-1.5515;-1.55032;-1.54892;-1.54728;-1.54537;-1.54315;-1.54055;-1.53752;-1.53397;-1.52982;-1.52497;-1.51927;-1.5126;-1.50476;-1.49555;-1.4847;-1.47188;-1.4567;-1.43864;-1.41702
2;2205342205010;50;absz;99872.9;89287.8;79825.2;71355.2;63798.8;57038.9;51001.9;45601.3;40772.3;36459.2;32588.3;29137.2;26052.4;23293.3;20827.1;18622.6;16650.5;14889.3;13313.1;11904.5;10644.7;9518.25;8511.53;7611.03;6805.63;6085.58;5441.88;4866.19;4351.27;3890.83;3479.03;3110.75;2781.26;2486.53;2222.97;1987.15;1776.18;1587.43;1418.58;1267.44;1132.23;1011.26;903.064;806.271;719.878;642.782;574.122;513.247;459.566;412.694
2;2205342205010;50;frequency;20000.00000002444;22385.53853899816;25055.61678390222;28044.17375656954;31389.19662092121;35133.2035329932;39323.78408414649;44014.2042055669;49264.08322518227;55140.1516811012;61717.09952482729;69078.52549602467;77317.99973512921;86540.25314108083;96862.50859274992;108415.9709538568;121347.4948009008;135821.4510731415;152021.8163702936;170154.5114554648;190450.0186878266;213166.3116533389;238592.1342356312;267050.6708003728;298903.6541519141;334555.9634717432;374460.7706856584;419125.3006744233;469117.2785435782;525072.1459047724;587701.13789258;657800.3235824071;736260.7247225839;824079.6413975459;922373.3285811875;1032391.184709951;1155531.632626961;1293359.894754076;1447627.888434013;1620296.494325686;1813560.480908265;2029876.401899315;2271993.821195295;2542990.262224833;2846310.325953354;3185809.474764127;3565803.038745301;3991121.067296888;4467169.723268114;4999999.999999929
2;2205342205010;50;phasez;-1.55612;-1.55607;-1.55522;-1.55491;-1.55425;-1.55389;-1.55319;-1.55226;-1.55127;-1.55026;-1.54895;-1.5476;-1.5461;-1.54436;-1.54242;-1.54022;-1.53786;-1.53521;-1.53215;-1.52883;-1.52508;-1.52093;-1.51629;-1.51113;-1.50536;-1.4989;-1.49171;-1.48367;-1.47467;-1.46462;-1.45338;-1.44081;-1.42674;-1.41098;-1.39332;-1.37352;-1.35131;-1.32635;-1.29832;-1.26679;-1.23127;-1.19122;-1.14599;-1.09482;-1.03671;-0.97075;-0.895578;-0.809767;-0.711592;-0.599106
3;2205658653361;20;absz;20269.6;16525.8;13472.7;10981.3;8952.37;7298.98;5949.85;4850.8;3954.17;3223.35;2627.11;2140.55;1743.5;1419.64;1155.12;939.222;763.051;619.722;503.828;411.666
3;2205658653361;20;frequency;99999.99999990905;122862.535599424;150952.0265389597;185463.4873444638;227865.1431623047;279960.8926363817;343967.05137965;422606.6409511731;519225.2346839865;637933.2888043621;783781.0140572543;962973.2274171232;1183133.324347452;1453627.601814205;1785963.729760951;2194280.323268956;2695948.443325946;3312310.615921419;4069588.809647371;4999999.999999929
3;2205658653361;20;phasez;-1.54148;-1.5378;-1.53325;-1.52763;-1.5207;-1.51226;-1.50196;-1.48921;-1.4736;-1.45442;-1.43079;-1.40166;-1.36571;-1.32123;-1.266;-1.19716;-1.1108;-1.0018;-0.862939;-0.684704
