0;9094541409703;20;absz;1.36472e+08;9.94794e+07;7.24809e+07;5.2792e+07;3.84461e+07;2.79702e+07;2.03656e+07;1.48162e+07;1.0777e+07;7.83707e+06;5.69785e+06;4.14202e+06;3.01047e+06;2.18769e+06;1.58957e+06;1.15477e+06;838815;609189;442361;321166
0;9094541409703;20;frequency;9.999999974752427;13.86918846435492;19.23543905490988;26.67799336109056;37.00021196095804;51.31629158938722;71.17153245417285;98.70914048804025;136.9015682683994;189.8713664161278;263.3361782500288;365.2259113806622;506.5387032487934;702.5280792305466;974.3494403835484;1351.343611730726;1874.203936580443;2599.368780806799;3605.113577052066;4999.99999995282
0;9094541409703;20;phasez;-1.51117;-1.51444;-1.51739;-1.51976;-1.52193;-1.52347;-1.52518;-1.52648;-1.52759;-1.52857;-1.52935;-1.52991;-1.53025;-1.53027;-1.52993;-1.52913;-1.52767;-1.52535;-1.52185;-1.51671
1;9095311723472;50;absz;7.38123e+06;6.31955e+06;5.41734e+06;4.62462e+06;3.9662e+06;3.39082e+06;2.90195e+06;2.48246e+06;2.12462e+06;1.81776e+06;1.5555e+06;1.33054e+06;1.13831e+06;973971;833119;712678;609686;521509;446082;381561;326351;279122;238717;204163;174596;149316;127690;109192;93375.2;79846;68277.4;58384.4;49923.5;42687.6;36499.7;31207.4;26681.2;22810.5;19499.3;16667.4;14244.5;12171.6;10397.6;8879.38;7579.6;6466.3;5512.02;4693.66;3990.88;3386.43
1;9095311723472;50;frequency;199.9999999213742;234.625769479635;275.2462588517801;322.8993264769997;378.802514688914;444.3841576318164;521.3198749487447;611.5753842550475;717.456725922716;841.6691823498468;987.3863981368913;1158.33146786315;1358.872060208682;1594.132014446359;1870.122253535556;2193.894364737048;2573.720768452858;3019.306079821149;3542.035062906734;4155.263512473084;4874.659497176026;5718.603679767398;6708.658946337209;7870.121340545211;9232.666380967203;10831.10727442716;12706.28439819177;14906.10877695531;17486.78621595445;20514.25336674129;24065.86241733066;28232.35745111674;33120.19296963342;38854.25382030405;45581.04601983359;53472.44000269313;62730.06193403319;73590.44528463698;86331.07429211862;101277.4737211686;118811.5260634959;139381.228686517;163512.140226203;191820.8086789974;225030.524286467;263989.7996954232;309694.0495706946;363311.0235703185;426210.642505751;499999.9999999716
1;9095311723472;50;phasez;-1.52817;-1.53144;-1.5313;-1.53014;-1.53102;-1.53216;-1.53235;-1.53313;-1.53322;-1.5334;-1.53382;-1.53431;-1.53444;-1.53467;-1.53495;-1.53529;-1.53546;-1.53564;-1.53583;-1.53598;-1.53609;-1.53614;-1.53617;-1.53611;-1.53602;-1.53581;-1.53553;-1.53516;-1.53465;-1.53402;-1.53324;-1.5323;-1.53115;-1.52979;-1.52817;-1.52626;-1.52398;-1.52129;-1.51811;-1.51434;-1.50988;-1.5046;-1.49836;-1.49097;-1.48221;-1.47182;-1.45949;-1.44479;-1.42724;-1.40613
2;9096083811971;50;absz;82249.1;73645.9;65922.9;59038;52845.9;47307.7;42356.5;37913.6;33945.4;30387.8;27199.8;24349.8;21795.6;19511.6;17467.2;15635.8;13997.3;12529.4;11215.3;10038.9;8986.04;8043.27;7199.36;6443.92;5767.44;5162.04;4619.92;4134.73;3700.29;3311.31;2963.11;2651.33;2372.18;2122.22;1898.38;1697.94;1518.39;1357.6;1213.58;1084.57;969.031;865.53;772.821;689.811;615.582;549.245;490.076;437.492;391.001;350.256
2;9096083811971;50;frequency;20000.00000002444;22385.53853899816;25055.61678390222;28044.17375656954;31389.19662092121;35133.2035329932;39323.78408414649;44014.2042055669;49264.08322518227;55140.1516811012;61717.09952482729;69078.52549602467;77317.99973512921;86540.25314108083;96862.50859274992;108415.9709538568;121347.4948009008;135821.4510731415;152021.8163702936;170154.5114554648;190450.0186878266;213166.3116533389;238592.1342356312;267050.6708003728;298903.6541519141;334555.9634717432;374460.7706856584;419125.3006744233;469117.2785435782;525072.1459047724;587701.13789258;657800.3235824071;736260.7247225839;824079.6413975459;922373.3285811875;1032391.184709951;1155531.632626961;1293359.894754076;1447627.888434013;1620296.494325686;1813560.480908265;2029876.401899315;2271993.821195295;2542990.262224833;2846310.325953354;3185809.474764127;3565803.038745301;3991121.067296888;4467169.723268114;4999999.999999929
2;9096083811971;50;phasez;-1.53788;-1.5376;-1.53719;-1.53704;-1.53663;-1.53599;-1.5356;-1.53493;-1.53417;-1.53335;-1.53239;-1.53118;-1.52998;-1.52849;-1.52684;-1.52495;-1.52279;-1.52042;-1.51771;-1.51468;-1.51129;-1.50742;-1.50312;-1.49825;-1.49283;-1.48674;-1.47987;-1.47217;-1.46356;-1.45388;-1.44303;-1.43084;-1.41717;-1.40181;-1.38457;-1.36519;-1.34342;-1.31891;-1.29132;-1.26023;-1.22516;-1.18555;-1.14076;-1.08996;-1.0323;-0.966698;-0.891849;-0.806289;-0.708284;-0.595854
3;9096403845617;20;absz;17004.1;13892.8;11345.6;9266.98;7569.82;6181.03;5047.99;4121.63;3365.13;2746.85;2241.53;1828.31;1490.73;1214.53;988.642;803.844;652.701;529.39;429.353;349.386
3;9096403845617;20;frequency;99999.99999990905;122862.535599424;150952.0265389597;185463.4873444638;227865.1431623047;279960.8926363817;343967.05137965;422606.6409511731;519225.2346839865;637933.2888043621;783781.0140572543;962973.2274171232;1183133.324347452;1453627.601814205;1785963.729760951;2194280.323268956;2695948.443325946;3312310.615921419;4069588.809647371;4999999.999999929
3;9096403845617;20;phasez;-1.526;-1.52275;-1.51873;-1.51369;-1.50742;-1.49955;-1.48983;-1.47777;-1.46282;-1.44433;-1.42143;-1.39307;-1.35791;-1.31422;-1.25982;-1.19179;-1.10622;-0.997876;-0.859516;-0.681498
