0;7027068528446;20;absz;1.38782e+08;1.01146e+08;7.36695e+07;5.3651e+07;3.90377e+07;2.84102e+07;2.06603e+07;1.50254e+07;1.09258e+07;7.94245e+06;5.77317e+06;4.19586e+06;3.04901e+06;2.21534e+06;1.60944e+06;1.16905e+06;849056;616527;447606;324905
0;7027068528446;20;frequency;9.999999974752427;13.86918846435492;19.23543905490988;26.67799336109056;37.00021196095804;51.31629158938722;71.17153245417285;98.70914048804025;136.9015682683994;189.8713664161278;263.3361782500288;365.2259113806622;506.5387032487934;702.5280792305466;974.3494403835484;1351.343611730726;1874.203936580443;2599.368780806799;3605.113577052066;4999.99999995282
0;7027068528446;20;phasez;-1.5154;-1.51781;-1.52022;-1.52262;-1.52428;-1.5258;-1.52716;-1.52839;-1.52936;-1.53012;-1.53067;-1.53108;-1.53126;-1.53121;-1.53082;-1.53;-1.52854;-1.52625;-1.52278;-1.51766
1;7027838273437;50;absz;7.49596e+06;6.41165e+06;5.48034e+06;4.69284e+06;4.01419e+06;3.43276e+06;2.93958e+06;2.5144e+06;2.15158e+06;1.84066e+06;1.57499e+06;1.34739e+06;1.15238e+06;985787;843352;721420;617018;527762;451383;386051;330153;282342;241451;206472;176558;150977;129096;110388;94386.9;80705.2;69004.8;59000.8;50445.3;43129.1;36874.2;31524.5;26950.1;23037.5;19691.4;16829.5;14381.8;12287.4;10495.8;8962.27;7649.61;6525.38;5561.99;4735.7;4026.3;3416.24
1;7027838273437;50;frequency;199.9999999213742;234.625769479635;275.2462588517801;322.8993264769997;378.802514688914;444.3841576318164;521.3198749487447;611.5753842550475;717.456725922716;841.6691823498468;987.3863981368913;1158.33146786315;1358.872060208682;1594.132014446359;1870.122253535556;2193.894364737048;2573.720768452858;3019.306079821149;3542.035062906734;4155.263512473084;4874.659497176026;5718.603679767398;6708.658946337209;7870.121340545211;9232.666380967203;10831.10727442716;12706.28439819177;14906.10877695531;17486.78621595445;20514.25336674129;24065.86241733066;28232.35745111674;33120.19296963342;38854.25382030405;45581.04601983359;53472.44000269313;62730.06193403319;73590.44528463698;86331.07429211862;101277.4737211686;118811.5260634959;139381.228686517;163512.140226203;191820.8086789974;225030.524286467;263989.7996954232;309694.0495706946;363311.0235703185;426210.642505751;499999.9999999716
1;7027838273437;50;phasez;-1.53325;-1.53312;-1.53168;-1.53306;-1.53286;-1.5332;-1.53391;-1.53403;-1.53421;-1.53438;-1.5345;-1.53503;-1.53545;-1.53559;-1.53601;-1.53611;-1.53643;-1.53659;-1.53678;-1.53693;-1.5371;-1.53713;-1.53715;-1.53711;-1.53698;-1.53679;-1.53651;-1.53612;-1.53563;-1.53496;-1.5342;-1.53325;-1.53211;-1.53075;-1.52914;-1.52723;-1.52496;-1.52228;-1.5191;-1.51533;-1.51087;-1.5056;-1.49935;-1.49196;-1.4832;-1.47281;-1.46048;-1.44579;-1.42825;-1.40716
2;7028609220090;50;absz;83157.2;74440.7;66653.8;59643.3;53404.7;47805.5;42797;38313.1;34293.1;30697.3;27478.2;24594.6;22014.8;19704.4;17639.3;15788.5;14131.8;12649;11322.3;10133.9;9070.13;8118.11;7266.11;6503.17;5820.1;5208.79;4661.6;4171.76;3733.08;3340.49;2989.05;2674.37;2392.65;2140.39;1914.5;1712.19;1531.08;1368.86;1223.53;1093.4;976.832;872.438;778.94;695.227;620.401;553.515;493.873;440.882;394.025;352.972
2;7028609220090;50;frequency;20000.00000002444;22385.53853899816;25055.61678390222;28044.17375656954;31389.19662092121;35133.2035329932;39323.78408414649;44014.2042055669;49264.08322518227;55140.1516811012;61717.09952482729;69078.52549602467;77317.99973512921;86540.25314108083;96862.50859274992;108415.9709538568;121347.4948009008;135821.4510731415;152021.8163702936;170154.5114554648;190450.0186878266;213166.3116533389;238592.1342356312;267050.6708003728;298903.6541519141;334555.9634717432;374460.7706856584;419125.3006744233;469117.2785435782;525072.1459047724;587701.13789258;657800.3235824071;736260.7247225839;824079.6413975459;922373.3285811875;1032391.184709951;1155531.632626961;1293359.894754076;1447627.888434013;1620296.494325686;1813560.480908265;2029876.401899315;2271993.821195295;2542990.262224833;2846310.325953354;3185809.474764127;3565803.038745301;3991121.067296888;4467169.723268114;4999999.999999929
2;7028609220090;50;phasez;-1.53838;-1.53823;-1.53823;-1.53796;-1.53745;-1.53701;-1.53668;-1.53599;-1.53516;-1.53428;-1.53335;-1.53216;-1.53091;-1.52945;-1.52781;-1.526;-1.52384;-1.52141;-1.51875;-1.51566;-1.51228;-1.50839;-1.50409;-1.49922;-1.49383;-1.48773;-1.48086;-1.47318;-1.46458;-1.45491;-1.44407;-1.43191;-1.41826;-1.40292;-1.38571;-1.36636;-1.3446;-1.32012;-1.29256;-1.2615;-1.22647;-1.18689;-1.14212;-1.09137;-1.03375;-0.968193;-0.893402;-0.807905;-0.709983;-0.59764
3;7028928238846;20;absz;17173.2;14026.9;11454.2;9354.82;7639.95;6238.12;5093.79;4158.61;3394.95;2770.92;2260.83;1843.87;1503.21;1224.53;996.648;810.237;657.815;533.52;432.688;352.105
3;7028928238846;20;frequency;99999.99999990905;122862.535599424;150952.0265389597;185463.4873444638;227865.1431623047;279960.8926363817;343967.05137965;422606.6409511731;519225.2346839865;637933.2888043621;783781.0140572543;962973.2274171232;1183133.324347452;1453627.601814205;1785963.729760951;2194280.323268956;2695948.443325946;3312310.615921419;4069588.809647371;4999999.999999929
3;7028928238846;20;phasez;-1.52693;-1.52377;-1.51969;-1.51471;-1.5084;-1.50056;-1.49083;-1.47877;-1.46385;-1.44539;-1.42252;-1.3942;-1.3591;-1.31548;-1.26112;-1.19316;-1.10766;-0.999404;-0.861158;-0.68331
