0;136661245308;20;absz;3.14362e+08;2.26832e+08;1.63714e+08;1.18124e+08;8.52806e+07;6.15312e+07;4.44335e+07;3.20606e+07;2.314e+07;1.67053e+07;1.2057e+07;8.70288e+06;6.28175e+06;4.53414e+06;3.27266e+06;2.36214e+06;1.70493e+06;1.23056e+06;888158;641003
0;136661245308;20;frequency;9.999999974752427;13.86918846435492;19.23543905490988;26.67799336109056;37.00021196095804;51.31629158938722;71.17153245417285;98.70914048804025;136.9015682683994;189.8713664161278;263.3361782500288;365.2259113806622;506.5387032487934;702.5280792305466;974.3494403835484;1351.343611730726;1874.203936580443;2599.368780806799;3605.113577052066;4999.99999995282
0;136661245308;20;phasez;-1.56736;-1.5663;-1.56535;-1.56553;-1.56539;-1.56621;-1.56546;-1.56517;-1.56516;-1.56488;-1.56461;-1.56418;-1.56361;-1.56283;-1.56171;-1.56017;-1.55804;-1.55504;-1.55086;-1.54504
1;137433128034;50;absz;1.57695e+07;1.34048e+07;1.14473e+07;9.75032e+06;8.30447e+06;7.10034e+06;6.05182e+06;5.16153e+06;4.39763e+06;3.75348e+06;3.20061e+06;2.73003e+06;2.32766e+06;1.98613e+06;1.69347e+06;1.44411e+06;1.23161e+06;1.05023e+06;895820;764055;651531;555693;473888;404144;344671;293962;250712;213825;182363;155541;132664;113151;96508.4;82314.2;70208.1;59882.3;51073.4;43560;37149;31678.7;27011.6;23028.2;19628;16725.6;14246.3;12127.7;10316.5;8766.47;7438.7;6299.53
1;137433128034;50;frequency;199.9999999213742;234.625769479635;275.2462588517801;322.8993264769997;378.802514688914;444.3841576318164;521.3198749487447;611.5753842550475;717.456725922716;841.6691823498468;987.3863981368913;1158.33146786315;1358.872060208682;1594.132014446359;1870.122253535556;2193.894364737048;2573.720768452858;3019.306079821149;3542.035062906734;4155.263512473084;4874.659497176026;5718.603679767398;6708.658946337209;7870.121340545211;9232.666380967203;10831.10727442716;12706.28439819177;14906.10877695531;17486.78621595445;20514.25336674129;24065.86241733066;28232.35745111674;33120.19296963342;38854.25382030405;45581.04601983359;53472.44000269313;62730.06193403319;73590.44528463698;86331.07429211862;101277.4737211686;118811.5260634959;139381.228686517;163512.140226203;191820.8086789974;225030.524286467;263989.7996954232;309694.0495706946;363311.0235703185;426210.642505751;499999.9999999716
1;137433128034;50;phasez;-1.56683;-1.56704;-1.56815;-1.56739;-1.56661;-1.56567;-1.56563;-1.56611;-1.56563;-1.56559;-1.56582;-1.5656;-1.56564;-1.56551;-1.56518;-1.56524;-1.56515;-1.56512;-1.56497;-1.56471;-1.5645;-1.56417;-1.5639;-1.56351;-1.56309;-1.56255;-1.56197;-1.5613;-1.56051;-1.55961;-1.55853;-1.5573;-1.55589;-1.55425;-1.55235;-1.55016;-1.54761;-1.54464;-1.54118;-1.53712;-1.53238;-1.52682;-1.52029;-1.51262;-1.50359;-1.49292;-1.48032;-1.46536;-1.44753;-1.42615
2;138202616114;50;absz;160412;143322;128069;114447;102293;91389.5;81683.8;73004.6;65245.4;58296.6;52093;46560.2;41602.8;37181.8;33227.9;29693.2;26537.5;23715.3;21194.9;18942.2;16928.9;15130.5;13522.2;12085.6;10801.2;9653.03;8627.42;7710.07;6890.18;6157.66;5502.75;4917.56;4394.31;3926.5;3508.33;3134.69;2800.56;2501.9;2235.03;1996.47;1783.3;1592.83;1422.73;1270.8;1135.6;1015.19;908.304;813.923;731.148;659.475
2;138202616114;50;frequency;20000.00000002444;22385.53853899816;25055.61678390222;28044.17375656954;31389.19662092121;35133.2035329932;39323.78408414649;44014.2042055669;49264.08322518227;55140.1516811012;61717.09952482729;69078.52549602467;77317.99973512921;86540.25314108083;96862.50859274992;108415.9709538568;121347.4948009008;135821.4510731415;152021.8163702936;170154.5114554648;190450.0186878266;213166.3116533389;238592.1342356312;267050.6708003728;298903.6541519141;334555.9634717432;374460.7706856584;419125.3006744233;469117.2785435782;525072.1459047724;587701.13789258;657800.3235824071;736260.7247225839;824079.6413975459;922373.3285811875;1032391.184709951;1155531.632626961;1293359.894754076;1447627.888434013;1620296.494325686;1813560.480908265;2029876.401899315;2271993.821195295;2542990.262224833;2846310.325953354;3185809.474764127;3565803.038745301;3991121.067296888;4467169.723268114;4999999.999999929
2;138202616114;50;phasez;-1.56296;-1.56274;-1.5624;-1.56163;-1.56112;-1.56061;-1.55979;-1.55913;-1.55804;-1.55719;-1.55605;-1.5546;-1.55321;-1.55152;-1.5498;-1.5476;-1.54526;-1.54272;-1.5398;-1.53655;-1.53295;-1.52891;-1.5244;-1.51936;-1.51374;-1.50747;-1.50043;-1.49253;-1.48371;-1.47388;-1.46285;-1.45045;-1.4366;-1.42106;-1.40363;-1.38406;-1.36209;-1.33742;-1.30966;-1.27842;-1.24323;-1.20353;-1.15871;-1.10793;-1.0503;-0.984918;-0.910417;-0.825433;-0.728261;-0.617047
3;138517630453;20;absz;32341.3;26341.7;21459.7;17478.5;14236.5;11592.2;9439.53;7687.5;6259.51;5096.97;4149.4;3378;2749.29;2236.89;1819.38;1479.65;1203.28;979.403;799.492;657.907
3;138517630453;20;frequency;99999.99999990905;122862.535599424;150952.0265389597;185463.4873444638;227865.1431623047;279960.8926363817;343967.05137965;422606.6409511731;519225.2346839865;637933.2888043621;783781.0140572543;962973.2274171232;1183133.324347452;1453627.601814205;1785963.729760951;2194280.323268956;2695948.443325946;3312310.615921419;4069588.809647371;4999999.999999929
3;138517630453;20;phasez;-1.54894;-1.54514;-1.54079;-1.53539;-1.52876;-1.52055;-1.5105;-1.4981;-1.48282;-1.46396;-1.44072;-1.412;-1.37651;-1.33251;-1.27784;-1.20965;-1.12403;-1.01604;-0.878558;-0.702386
