0;3830139702704;20;absz;1.59079e+08;1.15633e+08;8.40149e+07;6.10311e+07;4.43186e+07;3.21706e+07;2.33601e+07;1.69549e+07;1.23031e+07;8.92535e+06;6.47392e+06;4.69495e+06;3.40423e+06;2.46803e+06;1.789e+06;1.29657e+06;939561;680755;493160;357224
0;3830139702704;20;frequency;9.999999974752427;13.86918846435492;19.23543905490988;26.67799336109056;37.00021196095804;51.31629158938722;71.17153245417285;98.70914048804025;136.9015682683994;189.8713664161278;263.3361782500288;365.2259113806622;506.5387032487934;702.5280792305466;974.3494403835484;1351.343611730726;1874.203936580443;2599.368780806799;3605.113577052066;4999.99999995282
0;3830139702704;20;phasez;-1.53142;-1.53325;-1.53385;-1.53544;-1.53634;-1.53694;-1.53836;-1.53915;-1.53988;-1.54059;-1.54119;-1.54155;-1.54178;-1.54173;-1.54131;-1.54042;-1.53887;-1.53643;-1.53275;-1.52737
1;3830909086062;50;absz;8.4019e+06;7.17107e+06;6.1467e+06;5.25351e+06;4.49778e+06;3.83747e+06;3.28071e+06;2.80305e+06;2.39666e+06;2.04821e+06;1.75023e+06;1.4955e+06;1.27814e+06;1.09218e+06;933069;797395;681345;582165;497357;424933;363054;310159;264979;226364;193387;165213;141143;120581;103014;88006.2;75184.5;64232.5;54875.3;46881.5;40051.3;34215.5;29228.5;24967.3;21326;18213.7;15553.5;13279.5;11335.2;9672.25;8249.71;7032.35;5989.76;5096.11;4329.35;3670.54
1;3830909086062;50;frequency;199.9999999213742;234.625769479635;275.2462588517801;322.8993264769997;378.802514688914;444.3841576318164;521.3198749487447;611.5753842550475;717.456725922716;841.6691823498468;987.3863981368913;1158.33146786315;1358.872060208682;1594.132014446359;1870.122253535556;2193.894364737048;2573.720768452858;3019.306079821149;3542.035062906734;4155.263512473084;4874.659497176026;5718.603679767398;6708.658946337209;7870.121340545211;9232.666380967203;10831.10727442716;12706.28439819177;14906.10877695531;17486.78621595445;20514.25336674129;24065.86241733066;28232.35745111674;33120.19296963342;38854.25382030405;45581.04601983359;53472.44000269313;62730.06193403319;73590.44528463698;86331.07429211862;101277.4737211686;118811.5260634959;139381.228686517;163512.140226203;191820.8086789974;225030.524286467;263989.7996954232;309694.0495706946;363311.0235703185;426210.642505751;499999.9999999716
1;3830909086062;50;phasez;-1.54146;-1.54097;-1.54299;-1.54269;-1.54311;-1.54391;-1.54419;-1.54419;-1.54488;-1.54506;-1.54538;-1.54539;-1.54584;-1.54595;-1.54622;-1.5464;-1.54656;-1.54669;-1.54672;-1.54681;-1.54682;-1.54674;-1.54659;-1.54642;-1.54615;-1.54578;-1.54533;-1.54479;-1.54413;-1.54333;-1.54242;-1.54133;-1.54007;-1.53859;-1.53687;-1.53487;-1.53252;-1.52976;-1.52653;-1.52272;-1.51824;-1.51295;-1.50672;-1.49934;-1.49062;-1.48029;-1.46802;-1.4534;-1.43592;-1.41491
2;3831681045010;50;absz;90693.1;81130.5;72599.2;64966.7;58108.5;51995.3;46521.1;41620.2;37240.8;33319.5;29805.3;26666;23855.3;21343.4;19094.8;17082.6;15283.6;13673.7;12232.7;10943.9;9789.91;8757.9;7834.44;7008.07;6268.96;5607.58;5015.81;4486.2;4012.29;3588.4;3209;2869.56;2565.78;2293.99;2050.79;1833.1;1638.32;1463.97;1307.91;1168.25;1043.25;931.393;831.285;741.717;661.75;590.337;526.713;470.236;420.371;376.758
2;3831681045010;50;frequency;20000.00000002444;22385.53853899816;25055.61678390222;28044.17375656954;31389.19662092121;35133.2035329932;39323.78408414649;44014.2042055669;49264.08322518227;55140.1516811012;61717.09952482729;69078.52549602467;77317.99973512921;86540.25314108083;96862.50859274992;108415.9709538568;121347.4948009008;135821.4510731415;152021.8163702936;170154.5114554648;190450.0186878266;213166.3116533389;238592.1342356312;267050.6708003728;298903.6541519141;334555.9634717432;374460.7706856584;419125.3006744233;469117.2785435782;525072.1459047724;587701.13789258;657800.3235824071;736260.7247225839;824079.6413975459;922373.3285811875;1032391.184709951;1155531.632626961;1293359.894754076;1447627.888434013;1620296.494325686;1813560.480908265;2029876.401899315;2271993.821195295;2542990.262224833;2846310.325953354;3185809.474764127;3565803.038745301;3991121.067296888;4467169.723268114;4999999.999999929
2;3831681045010;50;phasez;-1.54682;-1.54659;-1.54622;-1.54616;-1.54559;-1.54496;-1.54437;-1.54361;-1.54295;-1.54194;-1.54088;-1.53972;-1.53832;-1.5369;-1.53525;-1.5333;-1.53114;-1.52876;-1.5261;-1.52303;-1.51964;-1.51583;-1.51151;-1.50674;-1.50131;-1.49527;-1.48848;-1.48084;-1.47227;-1.46266;-1.45186;-1.43972;-1.42609;-1.41078;-1.39357;-1.37424;-1.35247;-1.328;-1.30043;-1.26937;-1.23432;-1.19474;-1.14998;-1.09928;-1.04165;-0.976147;-0.901442;-0.816079;-0.71833;-0.60625
3;3831997368456;20;absz;18591.6;15173.3;12379.7;10099.6;8240.67;6722.34;5483.59;4472.76;3647.33;2973.96;2423.96;1974.94;1608.43;1309.09;1064.58;864.833;701.791;569.023;461.551;375.869
3;3831997368456;20;frequency;99999.99999990905;122862.535599424;150952.0265389597;185463.4873444638;227865.1431623047;279960.8926363817;343967.05137965;422606.6409511731;519225.2346839865;637933.2888043621;783781.0140572543;962973.2274171232;1183133.324347452;1453627.601814205;1785963.729760951;2194280.323268956;2695948.443325946;3312310.615921419;4069588.809647371;4999999.999999929
3;3831997368456;20;phasez;-1.53441;-1.53109;-1.52706;-1.52205;-1.5158;-1.50804;-1.49839;-1.48644;-1.4716;-1.45318;-1.43037;-1.40208;-1.36698;-1.32334;-1.26899;-1.20102;-1.11553;-1.00738;-0.869344;-0.6919
