0;7646616932006;20;absz;1.37738e+08;1.00329e+08;7.30991e+07;5.32493e+07;3.87714e+07;2.82157e+07;2.05244e+07;1.4929e+07;1.08557e+07;7.89266e+06;5.73724e+06;4.17013e+06;3.03054e+06;2.20212e+06;1.59993e+06;1.16224e+06;844197;613076;445154;323170
0;7646616932006;20;frequency;9.999999974752427;13.86918846435492;19.23543905490988;26.67799336109056;37.00021196095804;51.31629158938722;71.17153245417285;98.70914048804025;136.9015682683994;189.8713664161278;263.3361782500288;365.2259113806622;506.5387032487934;702.5280792305466;974.3494403835484;1351.343611730726;1874.203936580443;2599.368780806799;3605.113577052066;4999.99999995282
0;7646616932006;20;phasez;-1.51243;-1.51649;-1.51898;-1.52126;-1.52317;-1.52444;-1.52642;-1.52769;-1.52869;-1.52951;-1.53016;-1.5306;-1.53079;-1.53075;-1.53035;-1.5295;-1.52804;-1.52573;-1.52224;-1.51712
1;7647382781553;50;absz;7.43962e+06;6.36505e+06;5.45498e+06;4.66235e+06;3.98769e+06;3.41395e+06;2.92113e+06;2.49936e+06;2.13818e+06;1.82997e+06;1.56563e+06;1.33922e+06;1.14575e+06;980109;838506;717321;613559;524843;448928;383939;328380;280839;240179;205402;175654;150210;128450;109838;93920.7;80309.9;68671.3;58717.7;50205.4;42926.3;36702.3;31379.3;26826.8;22933.5;19603.6;16755.4;14318.9;12234.5;10450.8;8924.28;7617.49;6498.18;5539.03;4716.35;4009.89;3402.46
1;7647382781553;50;frequency;199.9999999213742;234.625769479635;275.2462588517801;322.8993264769997;378.802514688914;444.3841576318164;521.3198749487447;611.5753842550475;717.456725922716;841.6691823498468;987.3863981368913;1158.33146786315;1358.872060208682;1594.132014446359;1870.122253535556;2193.894364737048;2573.720768452858;3019.306079821149;3542.035062906734;4155.263512473084;4874.659497176026;5718.603679767398;6708.658946337209;7870.121340545211;9232.666380967203;10831.10727442716;12706.28439819177;14906.10877695531;17486.78621595445;20514.25336674129;24065.86241733066;28232.35745111674;33120.19296963342;38854.25382030405;45581.04601983359;53472.44000269313;62730.06193403319;73590.44528463698;86331.07429211862;101277.4737211686;118811.5260634959;139381.228686517;163512.140226203;191820.8086789974;225030.524286467;263989.7996954232;309694.0495706946;363311.0235703185;426210.642505751;499999.9999999716
1;7647382781553;50;phasez;-1.53027;-1.5308;-1.53132;-1.53141;-1.53209;-1.53185;-1.53247;-1.53313;-1.53403;-1.53398;-1.53408;-1.53457;-1.53506;-1.53518;-1.53537;-1.53555;-1.53586;-1.53602;-1.53628;-1.53636;-1.53649;-1.53656;-1.53658;-1.53656;-1.53644;-1.53626;-1.53599;-1.53561;-1.53512;-1.5345;-1.5337;-1.53277;-1.53163;-1.53028;-1.52866;-1.52676;-1.52449;-1.52181;-1.51864;-1.51488;-1.51043;-1.50517;-1.49893;-1.49154;-1.48278;-1.4724;-1.46007;-1.44539;-1.42783;-1.40674
2;7648154237769;50;absz;82716.5;74075.9;66313.6;59375.1;53158.6;47586.5;42588;38131.8;34135.7;30555.2;27349;24484.7;21915;19616.8;17560.4;15719.4;14070.4;12595.2;11273.6;10091.1;9032.36;8084.35;7235.48;6476.1;5796.2;5187.6;4642.7;4154.86;3718.1;3327.16;2977.17;2663.79;2383.21;2131.99;1907.06;1705.63;1525.22;1363.66;1218.94;1089.32;973.217;869.222;776.092;692.689;618.16;551.53;492.086;439.281;392.587;351.684
2;7648154237769;50;frequency;20000.00000002444;22385.53853899816;25055.61678390222;28044.17375656954;31389.19662092121;35133.2035329932;39323.78408414649;44014.2042055669;49264.08322518227;55140.1516811012;61717.09952482729;69078.52549602467;77317.99973512921;86540.25314108083;96862.50859274992;108415.9709538568;121347.4948009008;135821.4510731415;152021.8163702936;170154.5114554648;190450.0186878266;213166.3116533389;238592.1342356312;267050.6708003728;298903.6541519141;334555.9634717432;374460.7706856584;419125.3006744233;469117.2785435782;525072.1459047724;587701.13789258;657800.3235824071;736260.7247225839;824079.6413975459;922373.3285811875;1032391.184709951;1155531.632626961;1293359.894754076;1447627.888434013;1620296.494325686;1813560.480908265;2029876.401899315;2271993.821195295;2542990.262224833;2846310.325953354;3185809.474764127;3565803.038745301;3991121.067296888;4467169.723268114;4999999.999999929
2;7648154237769;50;phasez;-1.53833;-1.53818;-1.53774;-1.53748;-1.53705;-1.5367;-1.53601;-1.53554;-1.53465;-1.53382;-1.5329;-1.53173;-1.53049;-1.52895;-1.52733;-1.52548;-1.52332;-1.52098;-1.51829;-1.51526;-1.51182;-1.50798;-1.50368;-1.49884;-1.49341;-1.48731;-1.48044;-1.47277;-1.46416;-1.45449;-1.44365;-1.43148;-1.41781;-1.40248;-1.38524;-1.36588;-1.34411;-1.31963;-1.29206;-1.26098;-1.22593;-1.18634;-1.14156;-1.09079;-1.03313;-0.967557;-0.892732;-0.807205;-0.709236;-0.596852
3;7648470466162;20;absz;17095.6;13966.5;11405.1;9314.62;7607.48;6212.05;5072.79;4141.7;3381.17;2759.83;2251.94;1836.65;1497.42;1219.85;992.886;807.213;655.398;531.552;431.098;350.805
3;7648470466162;20;frequency;99999.99999990905;122862.535599424;150952.0265389597;185463.4873444638;227865.1431623047;279960.8926363817;343967.05137965;422606.6409511731;519225.2346839865;637933.2888043621;783781.0140572543;962973.2274171232;1183133.324347452;1453627.601814205;1785963.729760951;2194280.323268956;2695948.443325946;3312310.615921419;4069588.809647371;4999999.999999929
3;7648470466162;20;phasez;-1.52647;-1.52338;-1.51931;-1.51423;-1.50794;-1.50012;-1.49042;-1.47836;-1.46343;-1.44495;-1.42206;-1.39375;-1.35861;-1.31496;-1.26059;-1.19258;-1.10703;-0.998734;-0.860423;-0.682495
