0;2326495111456;20;absz;1.83507e+08;1.3279e+08;9.61751e+07;6.96023e+07;5.03838e+07;3.64795e+07;2.63874e+07;1.90969e+07;1.38212e+07;1.00031e+07;7.23985e+06;5.23907e+06;3.79117e+06;2.74329e+06;1.98484e+06;1.436e+06;1.03881e+06;751430;543475;393020
0;2326495111456;20;frequency;9.999999974752427;13.86918846435492;19.23543905490988;26.67799336109056;37.00021196095804;51.31629158938722;71.17153245417285;98.70914048804025;136.9015682683994;189.8713664161278;263.3361782500288;365.2259113806622;506.5387032487934;702.5280792305466;974.3494403835484;1351.343611730726;1874.203936580443;2599.368780806799;3605.113577052066;4999.99999995282
0;2326495111456;20;phasez;-1.55082;-1.5512;-1.55177;-1.55206;-1.55181;-1.55192;-1.55232;-1.55232;-1.55234;-1.55226;-1.55217;-1.55203;-1.55172;-1.55121;-1.55045;-1.54926;-1.54746;-1.54487;-1.54109;-1.53572
1;2327266505274;50;absz;9.41938e+06;8.04807e+06;6.87115e+06;5.87393e+06;5.01195e+06;4.28049e+06;3.65197e+06;3.11965e+06;2.66364e+06;2.27323e+06;1.942e+06;1.65798e+06;1.41559e+06;1.20856e+06;1.03187e+06;880916;752081;642039;548141;467938;399464;340989;291078;248466;212085;181026;154514;131885;112569;96081.8;82006.4;69993;59739.7;50987.7;43517.7;37142.1;31699.9;27053.7;23087.5;19701.4;16810.1;14340.9;12232;10430.2;8890.27;7573.75;6447.3;5482.71;4655.72;3945.77
1;2327266505274;50;frequency;199.9999999213742;234.625769479635;275.2462588517801;322.8993264769997;378.802514688914;444.3841576318164;521.3198749487447;611.5753842550475;717.456725922716;841.6691823498468;987.3863981368913;1158.33146786315;1358.872060208682;1594.132014446359;1870.122253535556;2193.894364737048;2573.720768452858;3019.306079821149;3542.035062906734;4155.263512473084;4874.659497176026;5718.603679767398;6708.658946337209;7870.121340545211;9232.666380967203;10831.10727442716;12706.28439819177;14906.10877695531;17486.78621595445;20514.25336674129;24065.86241733066;28232.35745111674;33120.19296963342;38854.25382030405;45581.04601983359;53472.44000269313;62730.06193403319;73590.44528463698;86331.07429211862;101277.4737211686;118811.5260634959;139381.228686517;163512.140226203;191820.8086789974;225030.524286467;263989.7996954232;309694.0495706946;363311.0235703185;426210.642505751;499999.9999999716
1;2327266505274;50;phasez;-1.55456;-1.55456;-1.55506;-1.55329;-1.55382;-1.55471;-1.55367;-1.55433;-1.55443;-1.55417;-1.55427;-1.5545;-1.55462;-1.55476;-1.55484;-1.55493;-1.55499;-1.55506;-1.55509;-1.55512;-1.55512;-1.55506;-1.55497;-1.55482;-1.5546;-1.5543;-1.5539;-1.5534;-1.55277;-1.55201;-1.55107;-1.54996;-1.54863;-1.54707;-1.54523;-1.54308;-1.54055;-1.53757;-1.53409;-1.53;-1.5252;-1.51957;-1.51295;-1.50517;-1.49601;-1.48521;-1.47245;-1.45732;-1.43931;-1.41774
2;2328034740408;50;absz;99023.3;88545.9;79174;70779.8;63286.3;56588.4;50586.7;45238.4;40442.9;36156.3;32326;28902.4;25841.3;23105;20657.7;18470;16515.4;14767.8;13204.1;11806.2;10557.1;9439.1;8440.27;7546.86;6748.19;6034.2;5395.59;4824.47;4313.85;3857.04;3448.6;3083.35;2756.62;2464.34;2202.95;1969.09;1759.89;1572.75;1405.3;1255.47;1121.44;1001.53;894.242;798.332;712.671;636.257;568.203;507.857;454.629;408.161
2;2328034740408;50;frequency;20000.00000002444;22385.53853899816;25055.61678390222;28044.17375656954;31389.19662092121;35133.2035329932;39323.78408414649;44014.2042055669;49264.08322518227;55140.1516811012;61717.09952482729;69078.52549602467;77317.99973512921;86540.25314108083;96862.50859274992;108415.9709538568;121347.4948009008;135821.4510731415;152021.8163702936;170154.5114554648;190450.0186878266;213166.3116533389;238592.1342356312;267050.6708003728;298903.6541519141;334555.9634717432;374460.7706856584;419125.3006744233;469117.2785435782;525072.1459047724;587701.13789258;657800.3235824071;736260.7247225839;824079.6413975459;922373.3285811875;1032391.184709951;1155531.632626961;1293359.894754076;1447627.888434013;1620296.494325686;1813560.480908265;2029876.401899315;2271993.821195295;2542990.262224833;2846310.325953354;3185809.474764127;3565803.038745301;3991121.067296888;4467169.723268114;4999999.999999929
2;2328034740408;50;phasez;-1.55551;-1.55539;-1.55505;-1.55473;-1.55421;-1.55352;-1.55278;-1.55208;-1.55105;-1.5502;-1.5489;-1.5477;-1.54608;-1.54443;-1.54257;-1.54045;-1.53807;-1.53542;-1.53251;-1.52922;-1.52547;-1.52136;-1.51677;-1.51163;-1.50589;-1.49948;-1.49232;-1.48431;-1.47535;-1.46534;-1.45416;-1.4416;-1.42757;-1.41184;-1.3942;-1.37442;-1.35223;-1.32731;-1.2993;-1.26778;-1.23229;-1.19225;-1.14704;-1.09586;-1.03777;-0.971838;-0.896676;-0.810866;-0.712691;-0.600203
3;2328350350328;20;absz;20106.4;16391.6;13363.9;10891;8878.25;7237.89;5899.58;4809.45;3920.01;3195.16;2603.75;2121.28;1727.56;1406.47;1144.2;930.145;755.519;613.425;498.556;407.163
3;2328350350328;20;frequency;99999.99999990905;122862.535599424;150952.0265389597;185463.4873444638;227865.1431623047;279960.8926363817;343967.05137965;422606.6409511731;519225.2346839865;637933.2888043621;783781.0140572543;962973.2274171232;1183133.324347452;1453627.601814205;1785963.729760951;2194280.323268956;2695948.443325946;3312310.615921419;4069588.809647371;4999999.999999929
3;2328350350328;20;phasez;-1.54166;-1.53805;-1.53353;-1.52795;-1.52117;-1.51281;-1.50253;-1.48986;-1.47433;-1.45519;-1.43161;-1.40255;-1.36665;-1.3222;-1.26702;-1.19821;-1.11188;-1.0029;-0.864046;-0.685843
