0;209205460801;20;absz;2.98934e+08;2.15851e+08;1.55811e+08;1.12561e+08;8.12895e+07;5.86795e+07;4.23877e+07;3.06053e+07;2.21021e+07;1.59609e+07;1.15259e+07;8.32384e+06;6.01098e+06;4.34109e+06;3.13492e+06;2.26394e+06;1.6349e+06;1.18059e+06;852536;615627
0;209205460801;20;frequency;9.999999974752427;13.86918846435492;19.23543905490988;26.67799336109056;37.00021196095804;51.31629158938722;71.17153245417285;98.70914048804025;136.9015682683994;189.8713664161278;263.3361782500288;365.2259113806622;506.5387032487934;702.5280792305466;974.3494403835484;1351.343611730726;1874.203936580443;2599.368780806799;3605.113577052066;4999.99999995282
0;209205460801;20;phasez;-1.56189;-1.56276;-1.56313;-1.56294;-1.56333;-1.56194;-1.56291;-1.56264;-1.5626;-1.56245;-1.56211;-1.56163;-1.56106;-1.56026;-1.55916;-1.5576;-1.55545;-1.55246;-1.54828;-1.54243
1;209974187651;50;absz;1.49397e+07;1.2818e+07;1.09389e+07;9.31274e+06;7.93813e+06;6.77648e+06;5.7889e+06;4.93867e+06;4.21234e+06;3.59486e+06;3.06653e+06;2.61553e+06;2.23083e+06;1.90359e+06;1.62364e+06;1.38482e+06;1.1813e+06;1.00771e+06;859629;733366;625585;533617;455218;388344;331263;282584;241079;205661;175451;149681;127699;108949;92947.7;79298.1;67653.4;57716.9;49240.5;42006.3;35833.7;30565;26068.9;22230.3;18952.9;16154.4;13763.5;11719.7;9972.07;8476.01;7194.13;6094.01
1;209974187651;50;frequency;199.9999999213742;234.625769479635;275.2462588517801;322.8993264769997;378.802514688914;444.3841576318164;521.3198749487447;611.5753842550475;717.456725922716;841.6691823498468;987.3863981368913;1158.33146786315;1358.872060208682;1594.132014446359;1870.122253535556;2193.894364737048;2573.720768452858;3019.306079821149;3542.035062906734;4155.263512473084;4874.659497176026;5718.603679767398;6708.658946337209;7870.121340545211;9232.666380967203;10831.10727442716;12706.28439819177;14906.10877695531;17486.78621595445;20514.25336674129;24065.86241733066;28232.35745111674;33120.19296963342;38854.25382030405;45581.04601983359;53472.44000269313;62730.06193403319;73590.44528463698;86331.07429211862;101277.4737211686;118811.5260634959;139381.228686517;163512.140226203;191820.8086789974;225030.524286467;263989.7996954232;309694.0495706946;363311.0235703185;426210.642505751;499999.9999999716
1;209974187651;50;phasez;-1.56255;-1.56732;-1.56113;-1.56298;-1.5642;-1.56367;-1.56315;-1.56326;-1.56296;-1.56334;-1.56256;-1.56253;-1.56274;-1.56279;-1.56276;-1.56271;-1.56255;-1.56247;-1.56231;-1.56214;-1.56186;-1.56166;-1.56133;-1.5609;-1.56049;-1.55999;-1.5594;-1.55869;-1.55789;-1.55695;-1.5559;-1.55467;-1.55324;-1.5516;-1.5497;-1.54751;-1.54495;-1.54198;-1.53851;-1.53446;-1.52971;-1.52415;-1.51762;-1.50994;-1.5009;-1.49024;-1.47763;-1.46267;-1.44484;-1.42346
2;210745391961;50;absz;154230;137876;123262;110186;98486.1;88024.3;78676.7;70340.5;62847.8;56173.7;50209.2;44873.2;40119.5;35852.6;32044.6;28645.4;25605.7;22888.8;20458.2;18287.7;16347;14613.7;13062.8;11676.6;10437.8;9329.99;8339.85;7454.71;6663.27;5955.88;5323.48;4758.1;4252.5;3800.51;3396.49;3035.17;2712.2;2423.39;2165.21;1934.38;1728.09;1543.73;1379.02;1231.89;1100.92;984.256;880.643;789.14;708.843;639.255
2;210745391961;50;frequency;20000.00000002444;22385.53853899816;25055.61678390222;28044.17375656954;31389.19662092121;35133.2035329932;39323.78408414649;44014.2042055669;49264.08322518227;55140.1516811012;61717.09952482729;69078.52549602467;77317.99973512921;86540.25314108083;96862.50859274992;108415.9709538568;121347.4948009008;135821.4510731415;152021.8163702936;170154.5114554648;190450.0186878266;213166.3116533389;238592.1342356312;267050.6708003728;298903.6541519141;334555.9634717432;374460.7706856584;419125.3006744233;469117.2785435782;525072.1459047724;587701.13789258;657800.3235824071;736260.7247225839;824079.6413975459;922373.3285811875;1032391.184709951;1155531.632626961;1293359.894754076;1447627.888434013;1620296.494325686;1813560.480908265;2029876.401899315;2271993.821195295;2542990.262224833;2846310.325953354;3185809.474764127;3565803.038745301;3991121.067296888;4467169.723268114;4999999.999999929
2;210745391961;50;phasez;-1.56066;-1.56058;-1.55997;-1.55912;-1.55848;-1.5581;-1.55732;-1.55645;-1.55534;-1.5545;-1.55349;-1.55201;-1.55049;-1.54883;-1.54704;-1.54487;-1.54264;-1.53999;-1.53713;-1.53388;-1.53025;-1.52629;-1.52175;-1.51666;-1.51108;-1.50476;-1.49772;-1.48982;-1.48104;-1.47116;-1.46014;-1.44777;-1.4339;-1.41837;-1.40093;-1.38138;-1.35942;-1.33474;-1.30698;-1.27576;-1.24056;-1.20086;-1.15604;-1.10529;-1.04763;-0.982257;-0.907744;-0.822719;-0.725517;-0.614227
3;211061612581;20;absz;31179.3;25408.4;20704.9;16872;13746.6;11196;9121.09;7431.09;6052.54;4930.3;4015.27;3269.73;2661.91;2166.49;1762.67;1433.9;1166.27;949.374;774.989;637.608
3;211061612581;20;frequency;99999.99999990905;122862.535599424;150952.0265389597;185463.4873444638;227865.1431623047;279960.8926363817;343967.05137965;422606.6409511731;519225.2346839865;637933.2888043621;783781.0140572543;962973.2274171232;1183133.324347452;1453627.601814205;1785963.729760951;2194280.323268956;2695948.443325946;3312310.615921419;4069588.809647371;4999999.999999929
3;211061612581;20;phasez;-1.54602;-1.54248;-1.53812;-1.53278;-1.52604;-1.51786;-1.50775;-1.49539;-1.48009;-1.46122;-1.43803;-1.40932;-1.37384;-1.32983;-1.27519;-1.20701;-1.12139;-1.01341;-0.875904;-0.699674
