0;4413053856048;20;absz;1.5252e+08;1.10971e+08;8.06283e+07;5.86132e+07;4.2599e+07;3.09425e+07;2.24868e+07;1.63355e+07;1.18639e+07;8.61439e+06;6.25402e+06;4.53966e+06;3.29455e+06;2.39053e+06;1.73429e+06;1.25809e+06;912434;661652;479702;347738
0;4413053856048;20;frequency;9.999999974752427;13.86918846435492;19.23543905490988;26.67799336109056;37.00021196095804;51.31629158938722;71.17153245417285;98.70914048804025;136.9015682683994;189.8713664161278;263.3361782500288;365.2259113806622;506.5387032487934;702.5280792305466;974.3494403835484;1351.343611730726;1874.203936580443;2599.368780806799;3605.113577052066;4999.99999995282
0;4413053856048;20;phasez;-1.52788;-1.52963;-1.53093;-1.53189;-1.53266;-1.53315;-1.53414;-1.53506;-1.53585;-1.53648;-1.53705;-1.53747;-1.5377;-1.53766;-1.53728;-1.53645;-1.53498;-1.53267;-1.52914;-1.52395
1;4413823055128;50;absz;8.12356e+06;6.94355e+06;5.94182e+06;5.08395e+06;4.34216e+06;3.71079e+06;3.1745e+06;2.71502e+06;2.32113e+06;1.98366e+06;1.69689e+06;1.45092e+06;1.24008e+06;1.06011e+06;906371;774683;662185;565975;483765;413470;353376;302003;258103;220571;188497;161084;137654;117626;100517;85890.9;73393.8;62715.6;53589.8;45792.1;39129;33434.3;28567.3;24407.6;20852.9;17813.8;15216.1;12994.7;11095.2;9470.06;8079.51;6889.08;5869.28;4994.98;4244.7;3599.78
1;4413823055128;50;frequency;199.9999999213742;234.625769479635;275.2462588517801;322.8993264769997;378.802514688914;444.3841576318164;521.3198749487447;611.5753842550475;717.456725922716;841.6691823498468;987.3863981368913;1158.33146786315;1358.872060208682;1594.132014446359;1870.122253535556;2193.894364737048;2573.720768452858;3019.306079821149;3542.035062906734;4155.263512473084;4874.659497176026;5718.603679767398;6708.658946337209;7870.121340545211;9232.666380967203;10831.10727442716;12706.28439819177;14906.10877695531;17486.78621595445;20514.25336674129;24065.86241733066;28232.35745111674;33120.19296963342;38854.25382030405;45581.04601983359;53472.44000269313;62730.06193403319;73590.44528463698;86331.07429211862;101277.4737211686;118811.5260634959;139381.228686517;163512.140226203;191820.8086789974;225030.524286467;263989.7996954232;309694.0495706946;363311.0235703185;426210.642505751;499999.9999999716
1;4413823055128;50;phasez;-1.53905;-1.53826;-1.53836;-1.53943;-1.53911;-1.53933;-1.54009;-1.54006;-1.54021;-1.54075;-1.54122;-1.54148;-1.54181;-1.54209;-1.54225;-1.54254;-1.54283;-1.543;-1.54312;-1.54324;-1.54335;-1.54338;-1.54336;-1.54326;-1.54312;-1.54287;-1.54255;-1.54211;-1.54155;-1.54086;-1.53999;-1.53896;-1.53773;-1.53627;-1.53456;-1.53254;-1.53017;-1.52739;-1.52412;-1.52028;-1.51577;-1.51046;-1.5042;-1.49682;-1.48809;-1.47776;-1.4655;-1.4509;-1.43345;-1.41246
2;4414592188783;50;absz;88523.2;79195.6;70882.4;63426.2;56749.5;50775.2;45445;40665;36386.9;32556.4;29131.9;26067.7;23323.4;20871.9;18674;16710.2;14952.1;13379.3;11972.4;10712.1;9585.51;8576.22;7673.75;6865.6;6142.55;5495.58;4916.54;4398.24;3934.48;3519.4;3147.95;2815.55;2517.91;2251.58;2013.21;1799.87;1608.83;1437.85;1284.76;1147.73;1025.07;915.244;816.942;728.967;650.391;580.214;517.664;462.137;413.073;370.147
2;4414592188783;50;frequency;20000.00000002444;22385.53853899816;25055.61678390222;28044.17375656954;31389.19662092121;35133.2035329932;39323.78408414649;44014.2042055669;49264.08322518227;55140.1516811012;61717.09952482729;69078.52549602467;77317.99973512921;86540.25314108083;96862.50859274992;108415.9709538568;121347.4948009008;135821.4510731415;152021.8163702936;170154.5114554648;190450.0186878266;213166.3116533389;238592.1342356312;267050.6708003728;298903.6541519141;334555.9634717432;374460.7706856584;419125.3006744233;469117.2785435782;525072.1459047724;587701.13789258;657800.3235824071;736260.7247225839;824079.6413975459;922373.3285811875;1032391.184709951;1155531.632626961;1293359.894754076;1447627.888434013;1620296.494325686;1813560.480908265;2029876.401899315;2271993.821195295;2542990.262224833;2846310.325953354;3185809.474764127;3565803.038745301;3991121.067296888;4467169.723268114;4999999.999999929
2;4414592188783;50;phasez;-1.54431;-1.54421;-1.54397;-1.54359;-1.54315;-1.54258;-1.54211;-1.54123;-1.54049;-1.53959;-1.53858;-1.53742;-1.53603;-1.53452;-1.53278;-1.53091;-1.52869;-1.52633;-1.52356;-1.52053;-1.51713;-1.51328;-1.50901;-1.5042;-1.49884;-1.49277;-1.48597;-1.47838;-1.46982;-1.46022;-1.44945;-1.43735;-1.42376;-1.40849;-1.39134;-1.37203;-1.35034;-1.32591;-1.29841;-1.26741;-1.23244;-1.19293;-1.14825;-1.0976;-1.04007;-0.974664;-0.900037;-0.81475;-0.717076;-0.605065
3;4414910508722;20;absz;18180.6;14844.2;12114.7;9887.48;8070.58;6585.63;5374.1;4384.86;3577.06;2917.7;2378.95;1938.82;1579.53;1285.9;1045.95;849.877;689.725;559.255;453.585;369.258
3;4414910508722;20;frequency;99999.99999990905;122862.535599424;150952.0265389597;185463.4873444638;227865.1431623047;279960.8926363817;343967.05137965;422606.6409511731;519225.2346839865;637933.2888043621;783781.0140572543;962973.2274171232;1183133.324347452;1453627.601814205;1785963.729760951;2194280.323268956;2695948.443325946;3312310.615921419;4069588.809647371;4999999.999999929
3;4414910508722;20;phasez;-1.532;-1.52865;-1.5246;-1.51953;-1.51329;-1.50551;-1.4959;-1.48394;-1.46917;-1.4508;-1.42806;-1.39986;-1.36485;-1.32133;-1.26709;-1.19927;-1.11393;-1.00593;-0.868045;-0.6907
