0;959590476888;20;absz;2.1609e+08;1.56135e+08;1.12903e+08;8.15979e+07;5.89956e+07;4.26692e+07;3.08528e+07;2.23131e+07;1.61356e+07;1.16717e+07;8.4428e+06;6.10806e+06;4.41906e+06;3.19735e+06;2.31332e+06;1.67375e+06;1.21105e+06;876306;634109;458869
0;959590476888;20;frequency;9.999999974752427;13.86918846435492;19.23543905490988;26.67799336109056;37.00021196095804;51.31629158938722;71.17153245417285;98.70914048804025;136.9015682683994;189.8713664161278;263.3361782500288;365.2259113806622;506.5387032487934;702.5280792305466;974.3494403835484;1351.343611730726;1874.203936580443;2599.368780806799;3605.113577052066;4999.99999995282
0;959590476888;20;phasez;-1.55867;-1.55761;-1.55726;-1.55742;-1.55681;-1.55732;-1.55626;-1.5558;-1.55517;-1.55469;-1.55397;-1.55327;-1.5524;-1.5514;-1.55008;-1.54831;-1.5459;-1.5426;-1.53811;-1.53195
1;960360769708;50;absz;1.09977e+07;9.36795e+06;8.01821e+06;6.84037e+06;5.84313e+06;4.98885e+06;4.25675e+06;3.63463e+06;3.10452e+06;2.65033e+06;2.26287e+06;1.9324e+06;1.64951e+06;1.40852e+06;1.20291e+06;1.02691e+06;877048;748923;639511;546069;466335;398233;340087;290429;248034;211835;180919;154525;131983;112734;96292.7;82252.6;70261.2;60020.1;51271.6;43798.4;37414.5;31959.9;27299.7;23318.1;19915.2;17006.5;14520;12393.5;10574.2;9017.16;7683.57;6540.5;5559.55;4716.33
1;960360769708;50;frequency;199.9999999213742;234.625769479635;275.2462588517801;322.8993264769997;378.802514688914;444.3841576318164;521.3198749487447;611.5753842550475;717.456725922716;841.6691823498468;987.3863981368913;1158.33146786315;1358.872060208682;1594.132014446359;1870.122253535556;2193.894364737048;2573.720768452858;3019.306079821149;3542.035062906734;4155.263512473084;4874.659497176026;5718.603679767398;6708.658946337209;7870.121340545211;9232.666380967203;10831.10727442716;12706.28439819177;14906.10877695531;17486.78621595445;20514.25336674129;24065.86241733066;28232.35745111674;33120.19296963342;38854.25382030405;45581.04601983359;53472.44000269313;62730.06193403319;73590.44528463698;86331.07429211862;101277.4737211686;118811.5260634959;139381.228686517;163512.140226203;191820.8086789974;225030.524286467;263989.7996954232;309694.0495706946;363311.0235703185;426210.642505751;499999.9999999716
1;960360769708;50;phasez;-1.55767;-1.55518;-1.55402;-1.55712;-1.5547;-1.55478;-1.55424;-1.55397;-1.55413;-1.55412;-1.55402;-1.55386;-1.55375;-1.55337;-1.55316;-1.55311;-1.55275;-1.55246;-1.5522;-1.55186;-1.55144;-1.55103;-1.55057;-1.55004;-1.54941;-1.54876;-1.54802;-1.54718;-1.54622;-1.54517;-1.54394;-1.54257;-1.54099;-1.53921;-1.53715;-1.53481;-1.5321;-1.52897;-1.52535;-1.52115;-1.51625;-1.51054;-1.50387;-1.49605;-1.48687;-1.47607;-1.46332;-1.44823;-1.43028;-1.40878
2;961128938827;50;absz;116194;103942;92979.2;83195.3;74428.8;66561.5;59562.3;53290;47670.5;42644.7;38154.8;34133.8;30538.6;27324.9;24444.1;21871.1;19568.1;17509.8;15667.4;14018.2;12543.8;11223.6;10043.3;8986.45;8041.23;7195.25;6438.13;5760.72;5154.58;4612.12;4126.65;3692.14;3303.22;2955.19;2643.68;2364.8;2115.17;1891.74;1691.73;1512.7;1352.42;1208.99;1080.68;965.878;863.449;772.05;690.713;618.677;555.266;500.073
2;961128938827;50;frequency;20000.00000002444;22385.53853899816;25055.61678390222;28044.17375656954;31389.19662092121;35133.2035329932;39323.78408414649;44014.2042055669;49264.08322518227;55140.1516811012;61717.09952482729;69078.52549602467;77317.99973512921;86540.25314108083;96862.50859274992;108415.9709538568;121347.4948009008;135821.4510731415;152021.8163702936;170154.5114554648;190450.0186878266;213166.3116533389;238592.1342356312;267050.6708003728;298903.6541519141;334555.9634717432;374460.7706856584;419125.3006744233;469117.2785435782;525072.1459047724;587701.13789258;657800.3235824071;736260.7247225839;824079.6413975459;922373.3285811875;1032391.184709951;1155531.632626961;1293359.894754076;1447627.888434013;1620296.494325686;1813560.480908265;2029876.401899315;2271993.821195295;2542990.262224833;2846310.325953354;3185809.474764127;3565803.038745301;3991121.067296888;4467169.723268114;4999999.999999929
2;961128938827;50;phasez;-1.54866;-1.54826;-1.54801;-1.54719;-1.54644;-1.5456;-1.54508;-1.54402;-1.543;-1.54196;-1.54052;-1.53907;-1.53745;-1.53573;-1.53374;-1.53162;-1.52916;-1.52649;-1.52338;-1.52012;-1.51639;-1.51223;-1.50765;-1.50251;-1.49678;-1.4904;-1.48326;-1.4753;-1.46641;-1.45644;-1.44531;-1.43286;-1.41889;-1.40326;-1.38573;-1.36608;-1.34401;-1.31922;-1.29135;-1.26;-1.22467;-1.18483;-1.13983;-1.0889;-1.03102;-0.965378;-0.890556;-0.805148;-0.707445;-0.595546
3;961444967182;20;absz;23801.8;19428.1;15858.5;12943.7;10562.2;8621.69;7037.5;5743.4;4687.85;3825.29;3121.54;2546.5;2076.83;1693.12;1379.74;1123.67;914.731;744.85;607.622;498.863
3;961444967182;20;frequency;99999.99999990905;122862.535599424;150952.0265389597;185463.4873444638;227865.1431623047;279960.8926363817;343967.05137965;422606.6409511731;519225.2346839865;637933.2888043621;783781.0140572543;962973.2274171232;1183133.324347452;1453627.601814205;1785963.729760951;2194280.323268956;2695948.443325946;3312310.615921419;4069588.809647371;4999999.999999929
3;961444967182;20;phasez;-1.53284;-1.52909;-1.52447;-1.51894;-1.512;-1.50369;-1.49342;-1.48084;-1.46539;-1.4464;-1.423;-1.39411;-1.35843;-1.31424;-1.25935;-1.19089;-1.10495;-0.996489;-0.858305;-0.681028
