0;3453505449172;20;absz;1.6429e+08;1.19234e+08;8.65557e+07;6.28387e+07;4.56161e+07;3.30963e+07;2.39991e+07;1.74084e+07;1.26223e+07;9.15119e+06;6.63353e+06;4.80776e+06;3.48368e+06;2.52391e+06;1.82827e+06;1.32417e+06;958944;694407;502820;364085
0;3453505449172;20;frequency;9.999999974752427;13.86918846435492;19.23543905490988;26.67799336109056;37.00021196095804;51.31629158938722;71.17153245417285;98.70914048804025;136.9015682683994;189.8713664161278;263.3361782500288;365.2259113806622;506.5387032487934;702.5280792305466;974.3494403835484;1351.343611730726;1874.203936580443;2599.368780806799;3605.113577052066;4999.99999995282
0;3453505449172;20;phasez;-1.53625;-1.53673;-1.53785;-1.53906;-1.53986;-1.54134;-1.54164;-1.54254;-1.54318;-1.5438;-1.54433;-1.54468;-1.54486;-1.54475;-1.54426;-1.54323;-1.54149;-1.53882;-1.5349;-1.5293
1;3454276698186;50;absz;8.63168e+06;7.37095e+06;6.29674e+06;5.37999e+06;4.59387e+06;3.92562e+06;3.35799e+06;2.86809e+06;2.45121e+06;2.09452e+06;1.78849e+06;1.5277e+06;1.30523e+06;1.11499e+06;952466;813568;695048;593676;507100;433166;370003;316055;269987;230620;196994;168273;143736;122783;104882;89588.2;76528.5;65368.2;55836.3;47693.8;40738.3;34795.5;29718.3;25380.1;21673.9;18506.8;15800.6;13487.3;11510.1;9819.38;8373.35;7136.07;6076.73;5169.05;4390.5;3721.63
1;3454276698186;50;frequency;199.9999999213742;234.625769479635;275.2462588517801;322.8993264769997;378.802514688914;444.3841576318164;521.3198749487447;611.5753842550475;717.456725922716;841.6691823498468;987.3863981368913;1158.33146786315;1358.872060208682;1594.132014446359;1870.122253535556;2193.894364737048;2573.720768452858;3019.306079821149;3542.035062906734;4155.263512473084;4874.659497176026;5718.603679767398;6708.658946337209;7870.121340545211;9232.666380967203;10831.10727442716;12706.28439819177;14906.10877695531;17486.78621595445;20514.25336674129;24065.86241733066;28232.35745111674;33120.19296963342;38854.25382030405;45581.04601983359;53472.44000269313;62730.06193403319;73590.44528463698;86331.07429211862;101277.4737211686;118811.5260634959;139381.228686517;163512.140226203;191820.8086789974;225030.524286467;263989.7996954232;309694.0495706946;363311.0235703185;426210.642505751;499999.9999999716
1;3454276698186;50;phasez;-1.5426;-1.54469;-1.54509;-1.5465;-1.54576;-1.54624;-1.54824;-1.54767;-1.54776;-1.54787;-1.54806;-1.5481;-1.54846;-1.54868;-1.54883;-1.54887;-1.54897;-1.54891;-1.54894;-1.54885;-1.54871;-1.54856;-1.54835;-1.5481;-1.54776;-1.5474;-1.54692;-1.54638;-1.54574;-1.54499;-1.54409;-1.54305;-1.54182;-1.54038;-1.5387;-1.53673;-1.53441;-1.53168;-1.52846;-1.52467;-1.52019;-1.51491;-1.50866;-1.50128;-1.49254;-1.48218;-1.46987;-1.45521;-1.43768;-1.41661
2;3455044819986;50;absz;92295.6;82571.5;73870.7;66081.4;59126.2;52886.5;47322.2;42329;37859.6;33874;30300.5;27103.2;24244.8;21687.2;19397.7;17352.9;15523;13885.9;12419.9;11109.7;9937.19;8888.13;7949.93;7110.36;6359.47;5687.54;5086.79;4548.94;4068.01;3637.63;3252.69;2908.22;2600.03;2324.36;2077.66;1856.93;1659.43;1482.66;1324.53;1183;1056.35;943.04;841.658;750.978;670.011;597.731;533.34;476.195;425.771;381.685
2;3455044819986;50;frequency;20000.00000002444;22385.53853899816;25055.61678390222;28044.17375656954;31389.19662092121;35133.2035329932;39323.78408414649;44014.2042055669;49264.08322518227;55140.1516811012;61717.09952482729;69078.52549602467;77317.99973512921;86540.25314108083;96862.50859274992;108415.9709538568;121347.4948009008;135821.4510731415;152021.8163702936;170154.5114554648;190450.0186878266;213166.3116533389;238592.1342356312;267050.6708003728;298903.6541519141;334555.9634717432;374460.7706856584;419125.3006744233;469117.2785435782;525072.1459047724;587701.13789258;657800.3235824071;736260.7247225839;824079.6413975459;922373.3285811875;1032391.184709951;1155531.632626961;1293359.894754076;1447627.888434013;1620296.494325686;1813560.480908265;2029876.401899315;2271993.821195295;2542990.262224833;2846310.325953354;3185809.474764127;3565803.038745301;3991121.067296888;4467169.723268114;4999999.999999929
2;3455044819986;50;phasez;-1.54855;-1.54833;-1.54803;-1.54764;-1.54722;-1.54663;-1.54604;-1.5455;-1.54458;-1.54384;-1.54281;-1.54169;-1.54037;-1.53886;-1.53713;-1.53531;-1.53313;-1.53078;-1.52805;-1.52497;-1.52159;-1.51773;-1.51346;-1.50863;-1.50322;-1.4971;-1.49029;-1.48262;-1.47401;-1.46435;-1.45351;-1.44132;-1.42763;-1.41227;-1.395;-1.3756;-1.35377;-1.32921;-1.30157;-1.27042;-1.23529;-1.19562;-1.15076;-1.09996;-1.04223;-0.976645;-0.901841;-0.816388;-0.718549;-0.606375
3;3455361246872;20;absz;18886.5;15408.4;12569.3;10251.2;8361.61;6819.63;5561.39;4535.19;3697.24;3013.83;2455.99;2000.64;1629.03;1325.65;1077.89;875.585;710.532;576.135;467.395;380.753
3;3455361246872;20;frequency;99999.99999990905;122862.535599424;150952.0265389597;185463.4873444638;227865.1431623047;279960.8926363817;343967.05137965;422606.6409511731;519225.2346839865;637933.2888043621;783781.0140572543;962973.2274171232;1183133.324347452;1453627.601814205;1785963.729760951;2194280.323268956;2695948.443325946;3312310.615921419;4069588.809647371;4999999.999999929
3;3455361246872;20;phasez;-1.53637;-1.53297;-1.5291;-1.52401;-1.5177;-1.50989;-1.50023;-1.4882;-1.47327;-1.4548;-1.43188;-1.4035;-1.36826;-1.32448;-1.26997;-1.20183;-1.11616;-1.00785;-0.869643;-0.692044
