0;4890102888186;20;absz;1.48243e+08;1.07818e+08;7.84138e+07;5.70431e+07;4.14713e+07;3.01243e+07;2.19085e+07;1.59215e+07;1.15686e+07;8.40487e+06;6.10495e+06;4.43386e+06;3.21965e+06;2.33742e+06;1.69664e+06;1.23129e+06;893420;648147;470135;340960
0;4890102888186;20;frequency;9.999999974752427;13.86918846435492;19.23543905490988;26.67799336109056;37.00021196095804;51.31629158938722;71.17153245417285;98.70914048804025;136.9015682683994;189.8713664161278;263.3361782500288;365.2259113806622;506.5387032487934;702.5280792305466;974.3494403835484;1351.343611730726;1874.203936580443;2599.368780806799;3605.113577052066;4999.99999995282
0;4890102888186;20;phasez;-1.52651;-1.52727;-1.52826;-1.52948;-1.53042;-1.53117;-1.53208;-1.53294;-1.53358;-1.53409;-1.53462;-1.53501;-1.53523;-1.53528;-1.53496;-1.53419;-1.53281;-1.53051;-1.527;-1.52183
1;4890872940418;50;absz;7.92086e+06;6.76417e+06;5.79634e+06;4.95588e+06;4.24149e+06;3.62819e+06;3.1034e+06;2.65366e+06;2.27031e+06;1.9407e+06;1.66005e+06;1.41939e+06;1.2139e+06;1.03776e+06;887421;758758;648738;554585;474118;405312;346477;296177;253180;216408;184979;158109;135141;115506;98723;84375.9;72112.6;61629.8;52671.6;45014.1;38469.6;32875.1;28093.8;24006.6;20512.8;17525.7;14972;12787.9;10920;9322.03;7954.52;6783.56;5780.53;4920.32;4181.99;3547.2
1;4890872940418;50;frequency;199.9999999213742;234.625769479635;275.2462588517801;322.8993264769997;378.802514688914;444.3841576318164;521.3198749487447;611.5753842550475;717.456725922716;841.6691823498468;987.3863981368913;1158.33146786315;1358.872060208682;1594.132014446359;1870.122253535556;2193.894364737048;2573.720768452858;3019.306079821149;3542.035062906734;4155.263512473084;4874.659497176026;5718.603679767398;6708.658946337209;7870.121340545211;9232.666380967203;10831.10727442716;12706.28439819177;14906.10877695531;17486.78621595445;20514.25336674129;24065.86241733066;28232.35745111674;33120.19296963342;38854.25382030405;45581.04601983359;53472.44000269313;62730.06193403319;73590.44528463698;86331.07429211862;101277.4737211686;118811.5260634959;139381.228686517;163512.140226203;191820.8086789974;225030.524286467;263989.7996954232;309694.0495706946;363311.0235703185;426210.642505751;499999.9999999716
1;4890872940418;50;phasez;-1.53458;-1.53766;-1.53547;-1.5358;-1.53656;-1.53691;-1.53732;-1.53774;-1.53821;-1.53837;-1.5391;-1.53942;-1.5396;-1.53985;-1.54027;-1.54042;-1.54069;-1.5409;-1.541;-1.54112;-1.54121;-1.54128;-1.54128;-1.5412;-1.54109;-1.54088;-1.54058;-1.54017;-1.53966;-1.539;-1.53821;-1.53723;-1.53605;-1.53465;-1.53297;-1.531;-1.52865;-1.52587;-1.52262;-1.51878;-1.51426;-1.50894;-1.50266;-1.49525;-1.4865;-1.47615;-1.46387;-1.44925;-1.43179;-1.4108
2;4891642085366;50;absz;86956.8;77838;69641;62331.9;55778.1;49923.7;44668.3;39975.1;35772;32012.8;28646.8;25635.8;22941.2;20530.2;18372.1;16441.6;14712.9;13167;11782.7;10544.4;9435.63;8443.37;7555.49;6760.91;6049.66;5413.17;4843.33;4333.3;3876.86;3468.26;3102.54;2775.26;2482.24;2219.94;1985.1;1774.91;1586.72;1418.23;1267.39;1132.33;1011.39;903.106;806.197;719.417;641.911;572.672;510.939;456.128;407.691;365.291
2;4891642085366;50;frequency;20000.00000002444;22385.53853899816;25055.61678390222;28044.17375656954;31389.19662092121;35133.2035329932;39323.78408414649;44014.2042055669;49264.08322518227;55140.1516811012;61717.09952482729;69078.52549602467;77317.99973512921;86540.25314108083;96862.50859274992;108415.9709538568;121347.4948009008;135821.4510731415;152021.8163702936;170154.5114554648;190450.0186878266;213166.3116533389;238592.1342356312;267050.6708003728;298903.6541519141;334555.9634717432;374460.7706856584;419125.3006744233;469117.2785435782;525072.1459047724;587701.13789258;657800.3235824071;736260.7247225839;824079.6413975459;922373.3285811875;1032391.184709951;1155531.632626961;1293359.894754076;1447627.888434013;1620296.494325686;1813560.480908265;2029876.401899315;2271993.821195295;2542990.262224833;2846310.325953354;3185809.474764127;3565803.038745301;3991121.067296888;4467169.723268114;4999999.999999929
2;4891642085366;50;phasez;-1.54274;-1.54242;-1.54213;-1.54185;-1.54148;-1.54106;-1.54047;-1.53971;-1.53901;-1.53803;-1.53698;-1.53586;-1.53456;-1.53308;-1.53133;-1.52935;-1.52718;-1.52481;-1.52203;-1.51897;-1.51556;-1.5117;-1.50741;-1.5026;-1.49719;-1.49113;-1.48435;-1.47671;-1.46817;-1.45859;-1.44779;-1.43569;-1.42209;-1.40682;-1.38967;-1.37037;-1.34868;-1.32426;-1.29676;-1.26576;-1.23078;-1.19128;-1.1466;-1.09594;-1.03842;-0.972997;-0.898368;-0.813068;-0.715374;-0.603319
3;4891960836815;20;absz;17888.6;14607.4;11923.2;9733.3;7945.94;6485.63;5293.64;4320.1;3525.01;2875.91;2345.32;1911.84;1557.9;1268.53;1032.02;838.688;680.737;552.014;447.705;364.426
3;4891960836815;20;frequency;99999.99999990905;122862.535599424;150952.0265389597;185463.4873444638;227865.1431623047;279960.8926363817;343967.05137965;422606.6409511731;519225.2346839865;637933.2888043621;783781.0140572543;962973.2274171232;1183133.324347452;1453627.601814205;1785963.729760951;2194280.323268956;2695948.443325946;3312310.615921419;4069588.809647371;4999999.999999929
3;4891960836815;20;phasez;-1.53041;-1.52715;-1.52301;-1.51799;-1.51169;-1.5039;-1.49425;-1.4823;-1.46749;-1.44915;-1.4264;-1.3982;-1.36319;-1.31966;-1.26544;-1.19761;-1.11226;-1.00426;-0.866356;-0.688981
