0;3344703487857;20;absz;1.65823e+08;1.20371e+08;8.73465e+07;6.34057e+07;4.60192e+07;3.33778e+07;2.42002e+07;1.75486e+07;1.27217e+07;9.22197e+06;6.68345e+06;4.84259e+06;3.50824e+06;2.54117e+06;1.84037e+06;1.33271e+06;964995;698720;505891;366287
0;3344703487857;20;frequency;9.999999974752427;13.86918846435492;19.23543905490988;26.67799336109056;37.00021196095804;51.31629158938722;71.17153245417285;98.70914048804025;136.9015682683994;189.8713664161278;263.3361782500288;365.2259113806622;506.5387032487934;702.5280792305466;974.3494403835484;1351.343611730726;1874.203936580443;2599.368780806799;3605.113577052066;4999.99999995282
0;3344703487857;20;phasez;-1.53701;-1.53852;-1.53929;-1.54045;-1.54124;-1.54231;-1.54283;-1.54351;-1.54421;-1.54481;-1.54531;-1.54566;-1.5458;-1.54565;-1.54507;-1.54397;-1.54215;-1.53939;-1.53541;-1.52978
1;3345472596623;50;absz;8.6711e+06;7.42342e+06;6.34425e+06;5.41848e+06;4.63352e+06;3.95881e+06;3.38099e+06;2.88789e+06;2.4687e+06;2.10733e+06;1.8008e+06;1.53788e+06;1.31372e+06;1.12203e+06;958502;818658;699314;597308;510225;435817;372249;317966;271597;231987;198158;169259;144576;123493;105481;90100.7;76958.4;65733.9;56144.7;47954.4;40957.9;34981.2;29875.3;25512.6;21785.4;18601.3;15879.8;13554.2;11566.4;9866.75;8413.22;7169.65;6105.05;5192.79;4410.41;3738.29
1;3345472596623;50;frequency;199.9999999213742;234.625769479635;275.2462588517801;322.8993264769997;378.802514688914;444.3841576318164;521.3198749487447;611.5753842550475;717.456725922716;841.6691823498468;987.3863981368913;1158.33146786315;1358.872060208682;1594.132014446359;1870.122253535556;2193.894364737048;2573.720768452858;3019.306079821149;3542.035062906734;4155.263512473084;4874.659497176026;5718.603679767398;6708.658946337209;7870.121340545211;9232.666380967203;10831.10727442716;12706.28439819177;14906.10877695531;17486.78621595445;20514.25336674129;24065.86241733066;28232.35745111674;33120.19296963342;38854.25382030405;45581.04601983359;53472.44000269313;62730.06193403319;73590.44528463698;86331.07429211862;101277.4737211686;118811.5260634959;139381.228686517;163512.140226203;191820.8086789974;225030.524286467;263989.7996954232;309694.0495706946;363311.0235703185;426210.642505751;499999.9999999716
1;3345472596623;50;phasez;-1.54605;-1.5474;-1.54719;-1.547;-1.54758;-1.54765;-1.54828;-1.54816;-1.54843;-1.54894;-1.54898;-1.54921;-1.54932;-1.54945;-1.54956;-1.54963;-1.54941;-1.54949;-1.54945;-1.54937;-1.5492;-1.54902;-1.54879;-1.54856;-1.54824;-1.54788;-1.54742;-1.54689;-1.54625;-1.54551;-1.54461;-1.54358;-1.54236;-1.54093;-1.53925;-1.53729;-1.53498;-1.53224;-1.52903;-1.52524;-1.52076;-1.51548;-1.50923;-1.50184;-1.49309;-1.48272;-1.47041;-1.45574;-1.4382;-1.41711
2;3346240716421;50;absz;92844.7;83067.7;74304.8;66478.9;59466;53195.7;47577.4;42564;38074.2;34056.3;30464.6;27251.9;24374.5;21802;19501.9;17444.9;15602.8;13956.4;12483;11165;9986.45;8932.03;7988.52;7144.83;6389.88;5714.61;5110.59;4570.19;4086.73;3654.19;3267.31;2921.19;2611.51;2334.49;2086.63;1864.89;1666.51;1488.98;1330.12;1187.97;1060.79;946.995;845.195;754.146;672.835;600.265;535.621;478.269;427.639;383.387
2;3346240716421;50;frequency;20000.00000002444;22385.53853899816;25055.61678390222;28044.17375656954;31389.19662092121;35133.2035329932;39323.78408414649;44014.2042055669;49264.08322518227;55140.1516811012;61717.09952482729;69078.52549602467;77317.99973512921;86540.25314108083;96862.50859274992;108415.9709538568;121347.4948009008;135821.4510731415;152021.8163702936;170154.5114554648;190450.0186878266;213166.3116533389;238592.1342356312;267050.6708003728;298903.6541519141;334555.9634717432;374460.7706856584;419125.3006744233;469117.2785435782;525072.1459047724;587701.13789258;657800.3235824071;736260.7247225839;824079.6413975459;922373.3285811875;1032391.184709951;1155531.632626961;1293359.894754076;1447627.888434013;1620296.494325686;1813560.480908265;2029876.401899315;2271993.821195295;2542990.262224833;2846310.325953354;3185809.474764127;3565803.038745301;3991121.067296888;4467169.723268114;4999999.999999929
2;3346240716421;50;phasez;-1.54899;-1.54865;-1.54839;-1.54817;-1.54769;-1.54718;-1.54676;-1.54608;-1.5452;-1.54438;-1.54342;-1.54224;-1.54093;-1.53941;-1.53775;-1.53587;-1.53368;-1.53132;-1.52858;-1.52557;-1.52214;-1.5183;-1.514;-1.50915;-1.50372;-1.49764;-1.49082;-1.48313;-1.47452;-1.46483;-1.45397;-1.44176;-1.42808;-1.41268;-1.39539;-1.37594;-1.35408;-1.32949;-1.30182;-1.27062;-1.23545;-1.19574;-1.15085;-1.09999;-1.04223;-0.976613;-0.901766;-0.816276;-0.718395;-0.606194
3;3346556143694;20;absz;18982.7;15486.8;12632.3;10301.2;8402.09;6852.09;5587.34;4555.9;3713.82;3027.16;2466.59;2009.15;1635.9;1331.2;1082.36;879.221;713.471;578.565;469.415;382.451
3;3346556143694;20;frequency;99999.99999990905;122862.535599424;150952.0265389597;185463.4873444638;227865.1431623047;279960.8926363817;343967.05137965;422606.6409511731;519225.2346839865;637933.2888043621;783781.0140572543;962973.2274171232;1183133.324347452;1453627.601814205;1785963.729760951;2194280.323268956;2695948.443325946;3312310.615921419;4069588.809647371;4999999.999999929
3;3346556143694;20;phasez;-1.53689;-1.53367;-1.52963;-1.52458;-1.51828;-1.51045;-1.50077;-1.48872;-1.47377;-1.45527;-1.43229;-1.40386;-1.36857;-1.32472;-1.27014;-1.20193;-1.11618;-1.0078;-0.869521;-0.691857
