0;7894879459572;20;absz;1.37369e+08;1.00131e+08;7.2983e+07;5.31293e+07;3.8687e+07;2.81637e+07;2.04861e+07;1.49002e+07;1.08352e+07;7.87844e+06;5.72744e+06;4.16288e+06;3.02538e+06;2.19841e+06;1.5973e+06;1.16039e+06;842845;612115;444466;322667
0;7894879459572;20;frequency;9.999999974752427;13.86918846435492;19.23543905490988;26.67799336109056;37.00021196095804;51.31629158938722;71.17153245417285;98.70914048804025;136.9015682683994;189.8713664161278;263.3361782500288;365.2259113806622;506.5387032487934;702.5280792305466;974.3494403835484;1351.343611730726;1874.203936580443;2599.368780806799;3605.113577052066;4999.99999995282
0;7894879459572;20;phasez;-1.51181;-1.51574;-1.5181;-1.52072;-1.52273;-1.52415;-1.52606;-1.52733;-1.52845;-1.52929;-1.52996;-1.53042;-1.53065;-1.53061;-1.53023;-1.52939;-1.52792;-1.52562;-1.52214;-1.51702
1;7895650843265;50;absz;7.44382e+06;6.34387e+06;5.4389e+06;4.65474e+06;3.98664e+06;3.40896e+06;2.91458e+06;2.49425e+06;2.13482e+06;1.82683e+06;1.56283e+06;1.33708e+06;1.14403e+06;978583;837180;716133;612565;523992;448201;383346;327870;280417;239819;205094;175393;149990;128261;109679;93785.7;80193.6;68572.8;58633.7;50134.5;42866.4;36651.4;31336.3;26790.2;22902.4;19577.5;16733.2;14300;12218.4;10437.4;8913.08;7607.9;6490.23;5532.25;4710.58;4005.06;3398.35
1;7895650843265;50;frequency;199.9999999213742;234.625769479635;275.2462588517801;322.8993264769997;378.802514688914;444.3841576318164;521.3198749487447;611.5753842550475;717.456725922716;841.6691823498468;987.3863981368913;1158.33146786315;1358.872060208682;1594.132014446359;1870.122253535556;2193.894364737048;2573.720768452858;3019.306079821149;3542.035062906734;4155.263512473084;4874.659497176026;5718.603679767398;6708.658946337209;7870.121340545211;9232.666380967203;10831.10727442716;12706.28439819177;14906.10877695531;17486.78621595445;20514.25336674129;24065.86241733066;28232.35745111674;33120.19296963342;38854.25382030405;45581.04601983359;53472.44000269313;62730.06193403319;73590.44528463698;86331.07429211862;101277.4737211686;118811.5260634959;139381.228686517;163512.140226203;191820.8086789974;225030.524286467;263989.7996954232;309694.0495706946;363311.0235703185;426210.642505751;499999.9999999716
1;7895650843265;50;phasez;-1.52991;-1.532;-1.53123;-1.53228;-1.53174;-1.53236;-1.53278;-1.53305;-1.53387;-1.5337;-1.53426;-1.5342;-1.53479;-1.53513;-1.5353;-1.53553;-1.53569;-1.53596;-1.53619;-1.53626;-1.53639;-1.53648;-1.53651;-1.53646;-1.53635;-1.53617;-1.53588;-1.53551;-1.53502;-1.53439;-1.53363;-1.53267;-1.53154;-1.53018;-1.52856;-1.52665;-1.52438;-1.5217;-1.51852;-1.51476;-1.51031;-1.50504;-1.4988;-1.49141;-1.48266;-1.47227;-1.45994;-1.44526;-1.42771;-1.40661
2;7896420278974;50;absz;82596.9;73939.8;66203.7;59272.3;53061;47495.2;42531.9;38067.3;34082;30506.2;27307.3;24445.9;21882.3;19587.9;17534.1;15696.6;14050.2;12576.8;11256.9;10076.5;9019.16;8072.57;7225.41;6466.8;5787.87;5180.34;4636.19;4149.14;3713.05;3322.66;2973.17;2660.24;2380.08;2129.22;1904.57;1703.42;1523.25;1361.9;1217.37;1087.92;971.994;868.131;775.124;691.852;617.406;550.855;491.494;438.744;392.115;351.262
2;7896420278974;50;frequency;20000.00000002444;22385.53853899816;25055.61678390222;28044.17375656954;31389.19662092121;35133.2035329932;39323.78408414649;44014.2042055669;49264.08322518227;55140.1516811012;61717.09952482729;69078.52549602467;77317.99973512921;86540.25314108083;96862.50859274992;108415.9709538568;121347.4948009008;135821.4510731415;152021.8163702936;170154.5114554648;190450.0186878266;213166.3116533389;238592.1342356312;267050.6708003728;298903.6541519141;334555.9634717432;374460.7706856584;419125.3006744233;469117.2785435782;525072.1459047724;587701.13789258;657800.3235824071;736260.7247225839;824079.6413975459;922373.3285811875;1032391.184709951;1155531.632626961;1293359.894754076;1447627.888434013;1620296.494325686;1813560.480908265;2029876.401899315;2271993.821195295;2542990.262224833;2846310.325953354;3185809.474764127;3565803.038745301;3991121.067296888;4467169.723268114;4999999.999999929
2;7896420278974;50;phasez;-1.53801;-1.53774;-1.5377;-1.5372;-1.53688;-1.53644;-1.53598;-1.53533;-1.53474;-1.53365;-1.53272;-1.53169;-1.5304;-1.52893;-1.52724;-1.52531;-1.52325;-1.52085;-1.5182;-1.5151;-1.51171;-1.50787;-1.50355;-1.49871;-1.49326;-1.48717;-1.48033;-1.47265;-1.46403;-1.45436;-1.44351;-1.43134;-1.41768;-1.40233;-1.38509;-1.36573;-1.34396;-1.31946;-1.29188;-1.26081;-1.22575;-1.18615;-1.14136;-1.09058;-1.03292;-0.967339;-0.892503;-0.806959;-0.708972;-0.596578
3;7896738313123;20;absz;17066.5;13944.1;11387.5;9300.87;7596.62;6202.97;5065.39;4135.86;3376.47;2756.02;2248.81;1834.15;1495.44;1218.29;991.646;806.218;654.599;530.909;430.579;350.388
3;7896738313123;20;frequency;99999.99999990905;122862.535599424;150952.0265389597;185463.4873444638;227865.1431623047;279960.8926363817;343967.05137965;422606.6409511731;519225.2346839865;637933.2888043621;783781.0140572543;962973.2274171232;1183133.324347452;1453627.601814205;1785963.729760951;2194280.323268956;2695948.443325946;3312310.615921419;4069588.809647371;4999999.999999929
3;7896738313123;20;phasez;-1.52634;-1.5232;-1.5191;-1.51414;-1.50783;-1.50001;-1.4903;-1.47823;-1.4633;-1.44482;-1.42193;-1.39359;-1.35845;-1.31479;-1.2604;-1.19239;-1.10682;-0.998511;-0.860171;-0.682179
