0;4739421193244;20;absz;1.49458e+08;1.08793e+08;7.90803e+07;5.75084e+07;4.18088e+07;3.03623e+07;2.20824e+07;1.60458e+07;1.1658e+07;8.46849e+06;6.15049e+06;4.46608e+06;3.24256e+06;2.35367e+06;1.70818e+06;1.2395e+06;899227;652289;473092;343056
0;4739421193244;20;frequency;9.999999974752427;13.86918846435492;19.23543905490988;26.67799336109056;37.00021196095804;51.31629158938722;71.17153245417285;98.70914048804025;136.9015682683994;189.8713664161278;263.3361782500288;365.2259113806622;506.5387032487934;702.5280792305466;974.3494403835484;1351.343611730726;1874.203936580443;2599.368780806799;3605.113577052066;4999.99999995282
0;4739421193244;20;phasez;-1.52668;-1.52828;-1.52918;-1.53005;-1.5311;-1.53183;-1.53264;-1.53336;-1.534;-1.5347;-1.53521;-1.53566;-1.5359;-1.53596;-1.53564;-1.53483;-1.53341;-1.53109;-1.52758;-1.5224
1;4740190643191;50;absz;7.96477e+06;6.83712e+06;5.8308e+06;4.99734e+06;4.27473e+06;3.65628e+06;3.12454e+06;2.67202e+06;2.2855e+06;1.95493e+06;1.67142e+06;1.42921e+06;1.22176e+06;1.04468e+06;893155;763567;652807;558094;477090;407850;348616;297990;254711;217702;186079;159037;135925;116171;99284.5;84852.7;72516.1;61973;52960.8;45259.5;38677.4;33051.4;28242.8;24132.9;20620.1;17616.9;15049.1;12853.4;10975.6;9369.12;7994.37;6817.18;5808.9;4944.32;4202.12;3564.09
1;4740190643191;50;frequency;199.9999999213742;234.625769479635;275.2462588517801;322.8993264769997;378.802514688914;444.3841576318164;521.3198749487447;611.5753842550475;717.456725922716;841.6691823498468;987.3863981368913;1158.33146786315;1358.872060208682;1594.132014446359;1870.122253535556;2193.894364737048;2573.720768452858;3019.306079821149;3542.035062906734;4155.263512473084;4874.659497176026;5718.603679767398;6708.658946337209;7870.121340545211;9232.666380967203;10831.10727442716;12706.28439819177;14906.10877695531;17486.78621595445;20514.25336674129;24065.86241733066;28232.35745111674;33120.19296963342;38854.25382030405;45581.04601983359;53472.44000269313;62730.06193403319;73590.44528463698;86331.07429211862;101277.4737211686;118811.5260634959;139381.228686517;163512.140226203;191820.8086789974;225030.524286467;263989.7996954232;309694.0495706946;363311.0235703185;426210.642505751;499999.9999999716
1;4740190643191;50;phasez;-1.53662;-1.53521;-1.53802;-1.5358;-1.53671;-1.53815;-1.53774;-1.53822;-1.53877;-1.53924;-1.53984;-1.53971;-1.54022;-1.54061;-1.54079;-1.54107;-1.54119;-1.54143;-1.5416;-1.54171;-1.54179;-1.54186;-1.54186;-1.54179;-1.54164;-1.54143;-1.54112;-1.54071;-1.54019;-1.53954;-1.53873;-1.53773;-1.53654;-1.53512;-1.53342;-1.53143;-1.52908;-1.5263;-1.52303;-1.51918;-1.51466;-1.50934;-1.50306;-1.49565;-1.48691;-1.47655;-1.46427;-1.44965;-1.43219;-1.41119
2;4740960540916;50;absz;87423.2;78249.3;70006.3;62663.7;56081.2;50190.3;44911.1;40189.1;35962.7;32182.2;28796.5;25770.9;23061.2;20636.2;18466;16524.7;14786.9;13233.8;11842.1;10596.8;9482.12;8485.06;7592.44;6793.71;6078.69;5439.04;4866.52;4353.82;3895.15;3484.54;3117.03;2788.08;2493.63;2230.05;1994.18;1782.97;1593.89;1424.65;1273.09;1137.38;1015.91;907.124;809.768;722.615;644.77;575.219;513.217;458.166;409.538;366.964
2;4740960540916;50;frequency;20000.00000002444;22385.53853899816;25055.61678390222;28044.17375656954;31389.19662092121;35133.2035329932;39323.78408414649;44014.2042055669;49264.08322518227;55140.1516811012;61717.09952482729;69078.52549602467;77317.99973512921;86540.25314108083;96862.50859274992;108415.9709538568;121347.4948009008;135821.4510731415;152021.8163702936;170154.5114554648;190450.0186878266;213166.3116533389;238592.1342356312;267050.6708003728;298903.6541519141;334555.9634717432;374460.7706856584;419125.3006744233;469117.2785435782;525072.1459047724;587701.13789258;657800.3235824071;736260.7247225839;824079.6413975459;922373.3285811875;1032391.184709951;1155531.632626961;1293359.894754076;1447627.888434013;1620296.494325686;1813560.480908265;2029876.401899315;2271993.821195295;2542990.262224833;2846310.325953354;3185809.474764127;3565803.038745301;3991121.067296888;4467169.723268114;4999999.999999929
2;4740960540916;50;phasez;-1.54301;-1.54292;-1.54254;-1.54211;-1.54213;-1.54142;-1.54081;-1.54025;-1.53937;-1.53851;-1.53741;-1.5363;-1.53498;-1.53348;-1.53169;-1.52982;-1.52761;-1.52517;-1.52242;-1.51938;-1.51593;-1.51212;-1.50781;-1.50299;-1.4976;-1.49153;-1.48475;-1.47712;-1.46856;-1.45894;-1.44816;-1.43606;-1.42246;-1.4072;-1.39003;-1.37074;-1.34903;-1.32461;-1.2971;-1.2661;-1.23112;-1.19162;-1.14693;-1.09628;-1.03874;-0.973333;-0.8987;-0.813402;-0.71572;-0.603677
3;4741278627499;20;absz;17978.8;14680.1;11982.5;9780.84;7984.86;6516.82;5318.86;4340.62;3541.52;2889.2;2356.08;1920.51;1564.91;1274.18;1036.59;842.375;683.725;554.442;449.688;366.07
3;4741278627499;20;frequency;99999.99999990905;122862.535599424;150952.0265389597;185463.4873444638;227865.1431623047;279960.8926363817;343967.05137965;422606.6409511731;519225.2346839865;637933.2888043621;783781.0140572543;962973.2274171232;1183133.324347452;1453627.601814205;1785963.729760951;2194280.323268956;2695948.443325946;3312310.615921419;4069588.809647371;4999999.999999929
3;4741278627499;20;phasez;-1.53083;-1.52755;-1.52347;-1.51839;-1.51213;-1.50432;-1.49466;-1.4827;-1.46788;-1.44953;-1.42677;-1.39856;-1.36355;-1.32002;-1.26579;-1.19796;-1.11262;-1.00461;-0.866718;-0.68934
