0;8092961475602;20;absz;1.37037e+08;9.99598e+07;7.2847e+07;5.30619e+07;3.86319e+07;2.8124e+07;2.04589e+07;1.48812e+07;1.08227e+07;7.86884e+06;5.72051e+06;4.15815e+06;3.022e+06;2.19598e+06;1.5955e+06;1.15912e+06;841927;611445;443986;322325
0;8092961475602;20;frequency;9.999999974752427;13.86918846435492;19.23543905490988;26.67799336109056;37.00021196095804;51.31629158938722;71.17153245417285;98.70914048804025;136.9015682683994;189.8713664161278;263.3361782500288;365.2259113806622;506.5387032487934;702.5280792305466;974.3494403835484;1351.343611730726;1874.203936580443;2599.368780806799;3605.113577052066;4999.99999995282
0;8092961475602;20;phasez;-1.51207;-1.51484;-1.51795;-1.52046;-1.52238;-1.52393;-1.52581;-1.52718;-1.5282;-1.52917;-1.52983;-1.53031;-1.53054;-1.53053;-1.53016;-1.52933;-1.52785;-1.52554;-1.52207;-1.51695
1;8093731333893;50;absz;7.41645e+06;6.33691e+06;5.42796e+06;4.64326e+06;3.97964e+06;3.40383e+06;2.9153e+06;2.49291e+06;2.13248e+06;1.82423e+06;1.56088e+06;1.33558e+06;1.14272e+06;977645;836339;715336;611906;523434;447700;382932;327529;280115;239562;204879;175208;149832;128129;109567;93692.2;80117.3;68504.1;58576.5;50086.1;42825.5;36616.5;31306.6;26765.3;22881;19559;16718.2;14287.6;12207.9;10428.3;8905.25;7601.48;6484.62;5527.58;4706.68;4001.77;3395.56
1;8093731333893;50;frequency;199.9999999213742;234.625769479635;275.2462588517801;322.8993264769997;378.802514688914;444.3841576318164;521.3198749487447;611.5753842550475;717.456725922716;841.6691823498468;987.3863981368913;1158.33146786315;1358.872060208682;1594.132014446359;1870.122253535556;2193.894364737048;2573.720768452858;3019.306079821149;3542.035062906734;4155.263512473084;4874.659497176026;5718.603679767398;6708.658946337209;7870.121340545211;9232.666380967203;10831.10727442716;12706.28439819177;14906.10877695531;17486.78621595445;20514.25336674129;24065.86241733066;28232.35745111674;33120.19296963342;38854.25382030405;45581.04601983359;53472.44000269313;62730.06193403319;73590.44528463698;86331.07429211862;101277.4737211686;118811.5260634959;139381.228686517;163512.140226203;191820.8086789974;225030.524286467;263989.7996954232;309694.0495706946;363311.0235703185;426210.642505751;499999.9999999716
1;8093731333893;50;phasez;-1.52994;-1.53101;-1.53223;-1.53205;-1.53121;-1.53236;-1.53302;-1.53306;-1.53347;-1.53357;-1.53418;-1.5344;-1.53465;-1.53494;-1.53521;-1.53555;-1.5357;-1.53587;-1.53606;-1.53621;-1.53631;-1.53638;-1.53641;-1.53637;-1.53625;-1.53607;-1.5358;-1.53542;-1.53493;-1.53429;-1.53353;-1.53258;-1.53144;-1.53009;-1.52847;-1.52655;-1.52428;-1.52159;-1.51841;-1.51465;-1.5102;-1.50493;-1.49869;-1.4913;-1.48255;-1.47216;-1.45983;-1.44514;-1.42758;-1.40648
2;8094497759737;50;absz;82519.1;73879.2;66158;59228.4;53021.7;47467.6;42488.7;38038.5;34051.6;30479.4;27284.8;24426.6;21865.2;19571.3;17520.5;15683.4;14038.2;12566.2;11248.5;10068.5;9011.69;8066.2;7219.8;6461.88;5783.55;5176.33;4632.72;4146.05;3710.32;3320.26;2971.02;2658.33;2378.42;2127.7;1903.28;1702.23;1522.26;1361.04;1216.6;1087.26;971.406;867.617;774.686;691.463;617.056;550.548;491.233;438.521;391.921;351.087
2;8094497759737;50;frequency;20000.00000002444;22385.53853899816;25055.61678390222;28044.17375656954;31389.19662092121;35133.2035329932;39323.78408414649;44014.2042055669;49264.08322518227;55140.1516811012;61717.09952482729;69078.52549602467;77317.99973512921;86540.25314108083;96862.50859274992;108415.9709538568;121347.4948009008;135821.4510731415;152021.8163702936;170154.5114554648;190450.0186878266;213166.3116533389;238592.1342356312;267050.6708003728;298903.6541519141;334555.9634717432;374460.7706856584;419125.3006744233;469117.2785435782;525072.1459047724;587701.13789258;657800.3235824071;736260.7247225839;824079.6413975459;922373.3285811875;1032391.184709951;1155531.632626961;1293359.894754076;1447627.888434013;1620296.494325686;1813560.480908265;2029876.401899315;2271993.821195295;2542990.262224833;2846310.325953354;3185809.474764127;3565803.038745301;3991121.067296888;4467169.723268114;4999999.999999929
2;8094497759737;50;phasez;-1.53785;-1.53779;-1.53739;-1.53717;-1.53696;-1.53643;-1.53586;-1.53511;-1.53457;-1.53365;-1.53268;-1.5315;-1.53022;-1.52885;-1.52711;-1.52531;-1.52317;-1.52076;-1.51808;-1.51501;-1.51163;-1.50774;-1.50346;-1.49861;-1.49315;-1.48706;-1.4802;-1.47252;-1.4639;-1.45421;-1.44337;-1.43119;-1.41751;-1.40217;-1.38492;-1.36556;-1.34378;-1.31927;-1.29169;-1.2606;-1.22553;-1.18593;-1.14114;-1.09034;-1.0327;-0.967105;-0.892264;-0.806712;-0.708729;-0.596313
3;8094815739888;20;absz;17053.6;13933.2;11378.3;9293.16;7590.41;6198.29;5061.58;4132.66;3373.85;2753.95;2247.18;1832.88;1494.4;1217.48;990.986;805.704;654.191;530.6;430.343;350.206
3;8094815739888;20;frequency;99999.99999990905;122862.535599424;150952.0265389597;185463.4873444638;227865.1431623047;279960.8926363817;343967.05137965;422606.6409511731;519225.2346839865;637933.2888043621;783781.0140572543;962973.2274171232;1183133.324347452;1453627.601814205;1785963.729760951;2194280.323268956;2695948.443325946;3312310.615921419;4069588.809647371;4999999.999999929
3;8094815739888;20;phasez;-1.52624;-1.52311;-1.51903;-1.51407;-1.50769;-1.4999;-1.49016;-1.4781;-1.46314;-1.44466;-1.42177;-1.39342;-1.35825;-1.3146;-1.26019;-1.19218;-1.1066;-0.998277;-0.859938;-0.681945
