0;2597101774893;20;absz;1.78585e+08;1.29324e+08;9.36476e+07;6.78097e+07;4.90975e+07;3.55749e+07;2.57402e+07;1.86334e+07;1.34902e+07;9.76649e+06;7.07057e+06;5.11818e+06;3.70459e+06;2.6812e+06;1.94043e+06;1.40423e+06;1.01617e+06;735299;532028;384931
0;2597101774893;20;frequency;9.999999974752427;13.86918846435492;19.23543905490988;26.67799336109056;37.00021196095804;51.31629158938722;71.17153245417285;98.70914048804025;136.9015682683994;189.8713664161278;263.3361782500288;365.2259113806622;506.5387032487934;702.5280792305466;974.3494403835484;1351.343611730726;1874.203936580443;2599.368780806799;3605.113577052066;4999.99999995282
0;2597101774893;20;phasez;-1.54729;-1.54768;-1.54865;-1.54949;-1.54997;-1.54989;-1.55031;-1.55062;-1.55063;-1.55065;-1.5507;-1.55056;-1.5503;-1.5498;-1.54898;-1.54768;-1.54577;-1.54303;-1.53911;-1.5336
1;2597871329628;50;absz;9.20802e+06;7.84641e+06;6.71159e+06;5.73301e+06;4.89657e+06;4.18193e+06;3.57035e+06;3.0483e+06;2.60309e+06;2.22315e+06;1.89807e+06;1.62116e+06;1.38407e+06;1.18199e+06;1.00927e+06;861849;735872;628346;536588;458183;391206;334047;285202;243524;207923;177522;151570;129405;110481;94321.3;80525.7;68746;58686.5;50098.7;42766.5;36505.6;31160.1;26595.4;22697.9;19369.8;16527.7;14100.3;12026.6;10254.7;8740.42;7445.6;6337.7;5388.9;4575.64;3877.46
1;2597871329628;50;frequency;199.9999999213742;234.625769479635;275.2462588517801;322.8993264769997;378.802514688914;444.3841576318164;521.3198749487447;611.5753842550475;717.456725922716;841.6691823498468;987.3863981368913;1158.33146786315;1358.872060208682;1594.132014446359;1870.122253535556;2193.894364737048;2573.720768452858;3019.306079821149;3542.035062906734;4155.263512473084;4874.659497176026;5718.603679767398;6708.658946337209;7870.121340545211;9232.666380967203;10831.10727442716;12706.28439819177;14906.10877695531;17486.78621595445;20514.25336674129;24065.86241733066;28232.35745111674;33120.19296963342;38854.25382030405;45581.04601983359;53472.44000269313;62730.06193403319;73590.44528463698;86331.07429211862;101277.4737211686;118811.5260634959;139381.228686517;163512.140226203;191820.8086789974;225030.524286467;263989.7996954232;309694.0495706946;363311.0235703185;426210.642505751;499999.9999999716
1;2597871329628;50;phasez;-1.55191;-1.55008;-1.55292;-1.55308;-1.55152;-1.55242;-1.55227;-1.55293;-1.55268;-1.55284;-1.55259;-1.55324;-1.55313;-1.55312;-1.55309;-1.55319;-1.55311;-1.55314;-1.55313;-1.55304;-1.55302;-1.55292;-1.55281;-1.55261;-1.5524;-1.55211;-1.55174;-1.55129;-1.55073;-1.55006;-1.54923;-1.54823;-1.54704;-1.54562;-1.54393;-1.54194;-1.53957;-1.53678;-1.53347;-1.52955;-1.52492;-1.51946;-1.51301;-1.50539;-1.49638;-1.48573;-1.47311;-1.45811;-1.44023;-1.41878
2;2598641178428;50;absz;97225;86955.9;77759;69510.5;62152.7;55591.3;49709;44452;39742.7;35534.4;31775.9;28412.2;25403.8;22714.5;20311.4;18161.5;16238.7;14519.9;12982.5;11607.9;10379.6;9280.27;8298.21;7419.4;6633.78;5931.49;5303.36;4741.69;4239.26;3790.2;3388.42;3029.23;2707.92;2420.57;2163.56;1933.63;1727.98;1544.02;1379.4;1232.17;1100.43;982.569;877.145;782.858;698.719;623.61;556.737;497.42;445.103;399.421
2;2598641178428;50;frequency;20000.00000002444;22385.53853899816;25055.61678390222;28044.17375656954;31389.19662092121;35133.2035329932;39323.78408414649;44014.2042055669;49264.08322518227;55140.1516811012;61717.09952482729;69078.52549602467;77317.99973512921;86540.25314108083;96862.50859274992;108415.9709538568;121347.4948009008;135821.4510731415;152021.8163702936;170154.5114554648;190450.0186878266;213166.3116533389;238592.1342356312;267050.6708003728;298903.6541519141;334555.9634717432;374460.7706856584;419125.3006744233;469117.2785435782;525072.1459047724;587701.13789258;657800.3235824071;736260.7247225839;824079.6413975459;922373.3285811875;1032391.184709951;1155531.632626961;1293359.894754076;1447627.888434013;1620296.494325686;1813560.480908265;2029876.401899315;2271993.821195295;2542990.262224833;2846310.325953354;3185809.474764127;3565803.038745301;3991121.067296888;4467169.723268114;4999999.999999929
2;2598641178428;50;phasez;-1.55347;-1.55321;-1.55336;-1.5529;-1.5525;-1.55203;-1.55139;-1.55079;-1.54986;-1.54905;-1.54795;-1.54681;-1.54543;-1.54377;-1.54211;-1.54007;-1.53787;-1.53525;-1.53245;-1.52927;-1.52572;-1.52167;-1.51718;-1.51215;-1.50651;-1.50021;-1.49313;-1.48523;-1.47636;-1.46641;-1.4553;-1.44284;-1.42888;-1.41322;-1.39566;-1.37597;-1.35384;-1.32897;-1.30103;-1.26957;-1.23414;-1.19416;-1.149;-1.09788;-1.03986;-0.973967;-0.89886;-0.813092;-0.714963;-0.602513
3;2598960490837;20;absz;19767.8;16118.5;13139.8;10708;8729.41;7115.63;5799.27;4727.01;3852.26;3139.34;2557.77;2083.27;1696.27;1380.57;1122.78;912.419;740.806;601.188;488.285;398.445
3;2598960490837;20;frequency;99999.99999990905;122862.535599424;150952.0265389597;185463.4873444638;227865.1431623047;279960.8926363817;343967.05137965;422606.6409511731;519225.2346839865;637933.2888043621;783781.0140572543;962973.2274171232;1183133.324347452;1453627.601814205;1785963.729760951;2194280.323268956;2695948.443325946;3312310.615921419;4069588.809647371;4999999.999999929
3;2598960490837;20;phasez;-1.54115;-1.53777;-1.5335;-1.52821;-1.52158;-1.51337;-1.50327;-1.49076;-1.47539;-1.45641;-1.43297;-1.40403;-1.36825;-1.32393;-1.26885;-1.20016;-1.11395;-1.00505;-0.866285;-0.688139
