0;7426160792496;20;absz;1.37975e+08;1.0061e+08;7.32922e+07;5.33663e+07;3.88486e+07;2.82641e+07;2.05676e+07;1.49589e+07;1.08767e+07;7.90781e+06;5.74845e+06;4.17819e+06;3.03637e+06;2.20625e+06;1.60288e+06;1.16439e+06;845745;614184;445939;323725
0;7426160792496;20;frequency;9.999999974752427;13.86918846435492;19.23543905490988;26.67799336109056;37.00021196095804;51.31629158938722;71.17153245417285;98.70914048804025;136.9015682683994;189.8713664161278;263.3361782500288;365.2259113806622;506.5387032487934;702.5280792305466;974.3494403835484;1351.343611730726;1874.203936580443;2599.368780806799;3605.113577052066;4999.99999995282
0;7426160792496;20;phasez;-1.51362;-1.51661;-1.51935;-1.52171;-1.52354;-1.52585;-1.5267;-1.52796;-1.52894;-1.52967;-1.53033;-1.53072;-1.53093;-1.53087;-1.53046;-1.52962;-1.52815;-1.52585;-1.52239;-1.51728
1;7426930949082;50;absz;7.4593e+06;6.37789e+06;5.46734e+06;4.67413e+06;4.00077e+06;3.41982e+06;2.92547e+06;2.50388e+06;2.14205e+06;1.83326e+06;1.56803e+06;1.34153e+06;1.14789e+06;982046;840111;718559;614656;525734;449705;384628;328938;281330;240586;205745;175946;150455;128654;110013;94069.5;80434.7;68776.4;58806.4;50280.2;42989.8;36755.7;31424.1;26864.7;22965.7;19630.7;16778.3;14338.3;12250.8;10464.7;8935.8;7627.32;6506.58;5546.06;4722.24;4014.92;3406.64
1;7426930949082;50;frequency;199.9999999213742;234.625769479635;275.2462588517801;322.8993264769997;378.802514688914;444.3841576318164;521.3198749487447;611.5753842550475;717.456725922716;841.6691823498468;987.3863981368913;1158.33146786315;1358.872060208682;1594.132014446359;1870.122253535556;2193.894364737048;2573.720768452858;3019.306079821149;3542.035062906734;4155.263512473084;4874.659497176026;5718.603679767398;6708.658946337209;7870.121340545211;9232.666380967203;10831.10727442716;12706.28439819177;14906.10877695531;17486.78621595445;20514.25336674129;24065.86241733066;28232.35745111674;33120.19296963342;38854.25382030405;45581.04601983359;53472.44000269313;62730.06193403319;73590.44528463698;86331.07429211862;101277.4737211686;118811.5260634959;139381.228686517;163512.140226203;191820.8086789974;225030.524286467;263989.7996954232;309694.0495706946;363311.0235703185;426210.642505751;499999.9999999716
1;7426930949082;50;phasez;-1.53161;-1.53139;-1.53085;-1.53113;-1.53263;-1.53287;-1.53317;-1.5333;-1.53406;-1.53376;-1.53404;-1.53456;-1.53475;-1.5351;-1.53551;-1.53572;-1.53598;-1.53619;-1.5364;-1.53653;-1.53667;-1.53674;-1.53677;-1.53672;-1.53662;-1.53644;-1.53617;-1.53579;-1.5353;-1.53467;-1.53388;-1.53294;-1.53181;-1.53045;-1.52883;-1.52693;-1.52467;-1.52198;-1.5188;-1.51504;-1.51059;-1.50532;-1.49908;-1.49169;-1.48293;-1.47255;-1.46022;-1.44553;-1.42798;-1.40689
2;7427698852255;50;absz;82867;74194.5;66411.5;59454.3;53233.2;47654.9;42663.6;38187;34182.9;30601;27393.3;24517.6;21947.1;19645.7;17586.2;15741.5;14089.9;12611.9;11288.8;10104.6;9044.25;8094.98;7245.39;6484.41;5803.73;5194.18;4648.67;4160.19;3722.83;3331.42;2980.91;2667.1;2386.19;2134.59;1909.39;1707.67;1527.05;1365.29;1220.36;1090.6;974.339;870.224;776.98;693.478;618.854;552.153;492.661;439.787;393.039;352.09
2;7427698852255;50;frequency;20000.00000002444;22385.53853899816;25055.61678390222;28044.17375656954;31389.19662092121;35133.2035329932;39323.78408414649;44014.2042055669;49264.08322518227;55140.1516811012;61717.09952482729;69078.52549602467;77317.99973512921;86540.25314108083;96862.50859274992;108415.9709538568;121347.4948009008;135821.4510731415;152021.8163702936;170154.5114554648;190450.0186878266;213166.3116533389;238592.1342356312;267050.6708003728;298903.6541519141;334555.9634717432;374460.7706856584;419125.3006744233;469117.2785435782;525072.1459047724;587701.13789258;657800.3235824071;736260.7247225839;824079.6413975459;922373.3285811875;1032391.184709951;1155531.632626961;1293359.894754076;1447627.888434013;1620296.494325686;1813560.480908265;2029876.401899315;2271993.821195295;2542990.262224833;2846310.325953354;3185809.474764127;3565803.038745301;3991121.067296888;4467169.723268114;4999999.999999929
2;7427698852255;50;phasez;-1.53842;-1.53825;-1.53789;-1.53737;-1.53725;-1.53677;-1.53621;-1.53555;-1.53495;-1.53397;-1.53304;-1.53193;-1.53063;-1.52914;-1.52749;-1.52564;-1.52354;-1.52113;-1.51843;-1.51539;-1.51197;-1.50813;-1.50384;-1.49899;-1.49354;-1.48745;-1.48061;-1.47292;-1.4643;-1.45464;-1.44379;-1.43162;-1.41796;-1.40263;-1.38539;-1.36603;-1.34427;-1.31978;-1.29221;-1.26114;-1.22609;-1.1865;-1.14173;-1.09099;-1.03332;-0.967755;-0.892947;-0.80743;-0.709482;-0.597126
3;7428017277930;20;absz;17121.2;13985.6;11420.4;9327.67;7618.11;6219.96;5079.3;4147;3385.57;2763.37;2254.69;1838.9;1499.24;1221.36;994.095;808.186;656.172;532.197;431.62;351.228
3;7428017277930;20;frequency;99999.99999990905;122862.535599424;150952.0265389597;185463.4873444638;227865.1431623047;279960.8926363817;343967.05137965;422606.6409511731;519225.2346839865;637933.2888043621;783781.0140572543;962973.2274171232;1183133.324347452;1453627.601814205;1785963.729760951;2194280.323268956;2695948.443325946;3312310.615921419;4069588.809647371;4999999.999999929
3;7428017277930;20;phasez;-1.52666;-1.52344;-1.51944;-1.51444;-1.50813;-1.50026;-1.4906;-1.47851;-1.46357;-1.44511;-1.42221;-1.39389;-1.35876;-1.31512;-1.26075;-1.19276;-1.10723;-0.998951;-0.860666;-0.682768
