0;4318228155203;20;absz;1.53499e+08;1.11527e+08;8.11166e+07;5.89689e+07;4.28524e+07;3.11403e+07;2.26156e+07;1.64243e+07;1.19277e+07;8.65973e+06;6.28635e+06;4.56241e+06;3.31077e+06;2.40204e+06;1.74252e+06;1.26385e+06;916504;664508;481713;349159
0;4318228155203;20;frequency;9.999999974752427;13.86918846435492;19.23543905490988;26.67799336109056;37.00021196095804;51.31629158938722;71.17153245417285;98.70914048804025;136.9015682683994;189.8713664161278;263.3361782500288;365.2259113806622;506.5387032487934;702.5280792305466;974.3494403835484;1351.343611730726;1874.203936580443;2599.368780806799;3605.113577052066;4999.99999995282
0;4318228155203;20;phasez;-1.52866;-1.53035;-1.53079;-1.53202;-1.53289;-1.53449;-1.53476;-1.53561;-1.53636;-1.53697;-1.53755;-1.53796;-1.5382;-1.53818;-1.53784;-1.53702;-1.53559;-1.53325;-1.52971;-1.5245
1;4318999427549;50;absz;8.16105e+06;6.95698e+06;5.97019e+06;5.10853e+06;4.36507e+06;3.73158e+06;3.18821e+06;2.72678e+06;2.3325e+06;1.99458e+06;1.70439e+06;1.45752e+06;1.24573e+06;1.065e+06;910391;778151;665051;568422;485795;415175;354834;303219;259130;221440;189225;161695;138167;118062;100882;86199.8;73653.6;62935.9;53777.7;45951.6;39263.5;33548.3;28664.1;24490.1;20922.5;17873.1;15266.1;13036.9;11130.6;9500;8104.82;6910.47;5887.23;5010.17;4257.41;3610.39
1;4318999427549;50;frequency;199.9999999213742;234.625769479635;275.2462588517801;322.8993264769997;378.802514688914;444.3841576318164;521.3198749487447;611.5753842550475;717.456725922716;841.6691823498468;987.3863981368913;1158.33146786315;1358.872060208682;1594.132014446359;1870.122253535556;2193.894364737048;2573.720768452858;3019.306079821149;3542.035062906734;4155.263512473084;4874.659497176026;5718.603679767398;6708.658946337209;7870.121340545211;9232.666380967203;10831.10727442716;12706.28439819177;14906.10877695531;17486.78621595445;20514.25336674129;24065.86241733066;28232.35745111674;33120.19296963342;38854.25382030405;45581.04601983359;53472.44000269313;62730.06193403319;73590.44528463698;86331.07429211862;101277.4737211686;118811.5260634959;139381.228686517;163512.140226203;191820.8086789974;225030.524286467;263989.7996954232;309694.0495706946;363311.0235703185;426210.642505751;499999.9999999716
1;4318999427549;50;phasez;-1.53835;-1.54;-1.53995;-1.53898;-1.54055;-1.54069;-1.53983;-1.54115;-1.5412;-1.54159;-1.54197;-1.54208;-1.54252;-1.54263;-1.5429;-1.54324;-1.54337;-1.54359;-1.54376;-1.54382;-1.54393;-1.54392;-1.54388;-1.5438;-1.54362;-1.54337;-1.54302;-1.54255;-1.54197;-1.54125;-1.54038;-1.53934;-1.53809;-1.53662;-1.53489;-1.53287;-1.5305;-1.52771;-1.52444;-1.52061;-1.5161;-1.51079;-1.50453;-1.49715;-1.48842;-1.47809;-1.46582;-1.45122;-1.43376;-1.41277
2;4319768566555;50;absz;88810.9;79496.3;71140.6;63634.1;56951.2;50955.6;45599.4;40803.6;36508.2;32665.3;29231.2;26154.1;23403;20939.6;18735.6;16765.4;15001.7;13423.6;12011;10746.5;9615.77;8603.54;7697.56;6886.9;6161.53;5512.39;4931.36;4411.58;3946.36;3529.88;3157.21;2823.72;2525.21;2258.03;2018.93;1804.95;1613.34;1441.84;1288.33;1150.88;1027.86;917.736;819.174;730.963;652.181;581.812;519.103;463.43;414.249;371.221
2;4319768566555;50;frequency;20000.00000002444;22385.53853899816;25055.61678390222;28044.17375656954;31389.19662092121;35133.2035329932;39323.78408414649;44014.2042055669;49264.08322518227;55140.1516811012;61717.09952482729;69078.52549602467;77317.99973512921;86540.25314108083;96862.50859274992;108415.9709538568;121347.4948009008;135821.4510731415;152021.8163702936;170154.5114554648;190450.0186878266;213166.3116533389;238592.1342356312;267050.6708003728;298903.6541519141;334555.9634717432;374460.7706856584;419125.3006744233;469117.2785435782;525072.1459047724;587701.13789258;657800.3235824071;736260.7247225839;824079.6413975459;922373.3285811875;1032391.184709951;1155531.632626961;1293359.894754076;1447627.888434013;1620296.494325686;1813560.480908265;2029876.401899315;2271993.821195295;2542990.262224833;2846310.325953354;3185809.474764127;3565803.038745301;3991121.067296888;4467169.723268114;4999999.999999929
2;4319768566555;50;phasez;-1.54498;-1.54467;-1.54454;-1.54399;-1.54349;-1.54286;-1.54253;-1.54182;-1.54088;-1.53991;-1.53888;-1.53764;-1.53634;-1.53486;-1.53311;-1.53119;-1.52901;-1.52661;-1.52389;-1.52085;-1.51744;-1.5136;-1.50935;-1.50453;-1.49913;-1.49309;-1.48633;-1.47868;-1.47012;-1.46053;-1.44973;-1.43763;-1.42403;-1.40876;-1.39157;-1.37227;-1.35055;-1.32611;-1.29859;-1.26756;-1.23257;-1.19305;-1.14834;-1.09769;-1.04011;-0.974676;-0.900026;-0.814707;-0.717019;-0.604975
3;4320087828510;20;absz;18242.3;14892.7;12154.3;9918.74;8095.55;6606.03;5390.7;4398.24;3587.65;2926.16;2385.67;1944.24;1583.92;1289.42;1048.81;852.182;691.613;560.802;454.857;370.331
3;4320087828510;20;frequency;99999.99999990905;122862.535599424;150952.0265389597;185463.4873444638;227865.1431623047;279960.8926363817;343967.05137965;422606.6409511731;519225.2346839865;637933.2888043621;783781.0140572543;962973.2274171232;1183133.324347452;1453627.601814205;1785963.729760951;2194280.323268956;2695948.443325946;3312310.615921419;4069588.809647371;4999999.999999929
3;4320087828510;20;phasez;-1.53222;-1.52898;-1.52487;-1.51987;-1.51367;-1.50581;-1.49623;-1.48427;-1.46945;-1.45111;-1.42834;-1.40009;-1.36507;-1.32151;-1.26724;-1.19938;-1.114;-1.00595;-0.86802;-0.690671
