0;6435606339165;20;absz;1.40073e+08;1.021e+08;7.43221e+07;5.41061e+07;3.93771e+07;2.86485e+07;2.08343e+07;1.51518e+07;1.10159e+07;8.00796e+06;5.82079e+06;4.23041e+06;3.07404e+06;2.23343e+06;1.62248e+06;1.17851e+06;855871;621445;451151;327452
0;6435606339165;20;frequency;9.999999974752427;13.86918846435492;19.23543905490988;26.67799336109056;37.00021196095804;51.31629158938722;71.17153245417285;98.70914048804025;136.9015682683994;189.8713664161278;263.3361782500288;365.2259113806622;506.5387032487934;702.5280792305466;974.3494403835484;1351.343611730726;1874.203936580443;2599.368780806799;3605.113577052066;4999.99999995282
0;6435606339165;20;phasez;-1.51728;-1.51978;-1.52201;-1.5238;-1.5253;-1.52626;-1.52792;-1.52894;-1.52982;-1.53044;-1.53099;-1.53135;-1.53154;-1.53147;-1.53109;-1.53026;-1.52884;-1.52659;-1.52317;-1.51812
1;6436377498654;50;absz;7.5453e+06;6.45376e+06;5.52021e+06;4.72791e+06;4.04747e+06;3.46113e+06;2.96275e+06;2.5349e+06;2.16976e+06;1.85555e+06;1.58775e+06;1.35804e+06;1.16178e+06;993814;850161;727170;621928;531932;454935;389089;332734;284536;243313;208056;177896;152111;130059;111202;95076.1;81289.3;69499.6;59418.9;50799.9;43430.5;37128.7;31740.7;27132.8;23192.9;19823;16941.2;14476.5;12368;10563.9;9020.06;7698.65;6567.01;5597.26;4765.57;4051.43;3437.42
1;6436377498654;50;frequency;199.9999999213742;234.625769479635;275.2462588517801;322.8993264769997;378.802514688914;444.3841576318164;521.3198749487447;611.5753842550475;717.456725922716;841.6691823498468;987.3863981368913;1158.33146786315;1358.872060208682;1594.132014446359;1870.122253535556;2193.894364737048;2573.720768452858;3019.306079821149;3542.035062906734;4155.263512473084;4874.659497176026;5718.603679767398;6708.658946337209;7870.121340545211;9232.666380967203;10831.10727442716;12706.28439819177;14906.10877695531;17486.78621595445;20514.25336674129;24065.86241733066;28232.35745111674;33120.19296963342;38854.25382030405;45581.04601983359;53472.44000269313;62730.06193403319;73590.44528463698;86331.07429211862;101277.4737211686;118811.5260634959;139381.228686517;163512.140226203;191820.8086789974;225030.524286467;263989.7996954232;309694.0495706946;363311.0235703185;426210.642505751;499999.9999999716
1;6436377498654;50;phasez;-1.5328;-1.5314;-1.53159;-1.53254;-1.53347;-1.53293;-1.53367;-1.53407;-1.53452;-1.53461;-1.53477;-1.53526;-1.53557;-1.53591;-1.53628;-1.53648;-1.53676;-1.53695;-1.53721;-1.53733;-1.5375;-1.53761;-1.53768;-1.53764;-1.53754;-1.53734;-1.53708;-1.53671;-1.53621;-1.53558;-1.53479;-1.53383;-1.53269;-1.53132;-1.5297;-1.52778;-1.52551;-1.52282;-1.51963;-1.51585;-1.51138;-1.5061;-1.49985;-1.49245;-1.48368;-1.4733;-1.46097;-1.44629;-1.42876;-1.40769
2;6437145757116;50;absz;83743.4;74990.6;67110.5;60077.8;53784.1;48146;43102.3;38575.3;34532;30907.3;27666.1;24762.3;22164.6;19839;17757.3;15894.7;14226;12733;11395.7;10199.8;9129.28;8170.94;7312.73;6544.69;5857.21;5241.88;4691.07;4198.02;3756.53;3361.33;3007.52;2690.77;2407.22;2153.34;1926;1722.45;1540.17;1376.92;1230.72;1099.78;982.505;877.466;783.418;699.2;623.921;556.669;496.675;443.371;396.253;354.981
2;6437145757116;50;frequency;20000.00000002444;22385.53853899816;25055.61678390222;28044.17375656954;31389.19662092121;35133.2035329932;39323.78408414649;44014.2042055669;49264.08322518227;55140.1516811012;61717.09952482729;69078.52549602467;77317.99973512921;86540.25314108083;96862.50859274992;108415.9709538568;121347.4948009008;135821.4510731415;152021.8163702936;170154.5114554648;190450.0186878266;213166.3116533389;238592.1342356312;267050.6708003728;298903.6541519141;334555.9634717432;374460.7706856584;419125.3006744233;469117.2785435782;525072.1459047724;587701.13789258;657800.3235824071;736260.7247225839;824079.6413975459;922373.3285811875;1032391.184709951;1155531.632626961;1293359.894754076;1447627.888434013;1620296.494325686;1813560.480908265;2029876.401899315;2271993.821195295;2542990.262224833;2846310.325953354;3185809.474764127;3565803.038745301;3991121.067296888;4467169.723268114;4999999.999999929
2;6437145757116;50;phasez;-1.53894;-1.53897;-1.53882;-1.53842;-1.53814;-1.53751;-1.53708;-1.53657;-1.53577;-1.5349;-1.5338;-1.53281;-1.53151;-1.53005;-1.52843;-1.52647;-1.5243;-1.52196;-1.51921;-1.51614;-1.51273;-1.5089;-1.50459;-1.49975;-1.4943;-1.48822;-1.48137;-1.4737;-1.4651;-1.45545;-1.44461;-1.43246;-1.41882;-1.4035;-1.3863;-1.36695;-1.34521;-1.32074;-1.29319;-1.26214;-1.22712;-1.18755;-1.1428;-1.09208;-1.03445;-0.968915;-0.894142;-0.808667;-0.710769;-0.598468
3;6437464186933;20;absz;17289;14123.3;11531.5;9416.63;7689.95;6278.57;5126.46;4185.1;3416.24;2788.21;2274.8;1855.05;1512.26;1231.82;1002.51;814.942;661.609;536.567;435.165;354.132
3;6437464186933;20;frequency;99999.99999990905;122862.535599424;150952.0265389597;185463.4873444638;227865.1431623047;279960.8926363817;343967.05137965;422606.6409511731;519225.2346839865;637933.2888043621;783781.0140572543;962973.2274171232;1183133.324347452;1453627.601814205;1785963.729760951;2194280.323268956;2695948.443325946;3312310.615921419;4069588.809647371;4999999.999999929
3;6437464186933;20;phasez;-1.5275;-1.52429;-1.52025;-1.51519;-1.50886;-1.50103;-1.49132;-1.4793;-1.46438;-1.44592;-1.4231;-1.39479;-1.35971;-1.3161;-1.26178;-1.19383;-1.10834;-1.00013;-0.861922;-0.684142
