0;8090179399555;20;absz;1.37096e+08;9.99611e+07;7.28455e+07;5.3059e+07;3.86332e+07;2.81249e+07;2.04576e+07;1.48815e+07;1.0823e+07;7.86878e+06;5.72075e+06;4.15819e+06;3.02205e+06;2.19602e+06;1.59557e+06;1.15913e+06;841948;611454;443990;322326
0;8090179399555;20;frequency;9.999999974752427;13.86918846435492;19.23543905490988;26.67799336109056;37.00021196095804;51.31629158938722;71.17153245417285;98.70914048804025;136.9015682683994;189.8713664161278;263.3361782500288;365.2259113806622;506.5387032487934;702.5280792305466;974.3494403835484;1351.343611730726;1874.203936580443;2599.368780806799;3605.113577052066;4999.99999995282
0;8090179399555;20;phasez;-1.51237;-1.51481;-1.51821;-1.52033;-1.52246;-1.52385;-1.52592;-1.52726;-1.52831;-1.52916;-1.52982;-1.5303;-1.53055;-1.53052;-1.53015;-1.52931;-1.52786;-1.52555;-1.52208;-1.51695
1;8090949887632;50;absz;7.41017e+06;6.34263e+06;5.42937e+06;4.64779e+06;3.97589e+06;3.404e+06;2.91283e+06;2.49295e+06;2.13253e+06;1.82459e+06;1.56118e+06;1.33542e+06;1.14279e+06;977561;836303;715400;611916;523452;447730;382925;327530;280121;239566;204881;175209;149834;128131;109566;93691.1;80115;68504.8;58576.3;50086.6;42826.2;36616.4;31307.1;26764.9;22881.2;19559.4;16718.2;14287.5;12208;10428.4;8905.35;7601.49;6484.75;5527.71;4706.73;4001.82;3395.62
1;8090949887632;50;frequency;199.9999999213742;234.625769479635;275.2462588517801;322.8993264769997;378.802514688914;444.3841576318164;521.3198749487447;611.5753842550475;717.456725922716;841.6691823498468;987.3863981368913;1158.33146786315;1358.872060208682;1594.132014446359;1870.122253535556;2193.894364737048;2573.720768452858;3019.306079821149;3542.035062906734;4155.263512473084;4874.659497176026;5718.603679767398;6708.658946337209;7870.121340545211;9232.666380967203;10831.10727442716;12706.28439819177;14906.10877695531;17486.78621595445;20514.25336674129;24065.86241733066;28232.35745111674;33120.19296963342;38854.25382030405;45581.04601983359;53472.44000269313;62730.06193403319;73590.44528463698;86331.07429211862;101277.4737211686;118811.5260634959;139381.228686517;163512.140226203;191820.8086789974;225030.524286467;263989.7996954232;309694.0495706946;363311.0235703185;426210.642505751;499999.9999999716
1;8090949887632;50;phasez;-1.53055;-1.5313;-1.52963;-1.531;-1.53243;-1.53223;-1.53223;-1.5331;-1.53294;-1.53377;-1.53417;-1.53442;-1.53475;-1.53495;-1.53521;-1.53547;-1.5357;-1.53585;-1.53606;-1.53622;-1.53633;-1.53643;-1.53641;-1.53639;-1.53629;-1.5361;-1.53581;-1.53544;-1.53494;-1.53431;-1.53353;-1.53258;-1.53145;-1.53008;-1.52847;-1.52655;-1.52429;-1.5216;-1.51842;-1.51466;-1.5102;-1.50493;-1.49869;-1.4913;-1.48255;-1.47216;-1.45982;-1.44513;-1.42757;-1.40647
2;8091717109177;50;absz;82492.9;73894.5;66159.4;59217.1;53007.9;47460.8;42488.5;38035.6;34047.4;30481.9;27282.8;24423.9;21864;19569.4;17519.1;15682.3;14037.7;12565.3;11247.3;10068;9011.55;8066.03;7219.67;6461.76;5783.4;5176.14;4632.54;4145.91;3710.21;3320.09;2970.9;2658.24;2378.26;2127.64;1903.18;1702.19;1522.2;1360.96;1216.56;1087.21;971.341;867.57;774.645;691.418;617.022;550.52;491.208;438.503;391.902;351.067
2;8091717109177;50;frequency;20000.00000002444;22385.53853899816;25055.61678390222;28044.17375656954;31389.19662092121;35133.2035329932;39323.78408414649;44014.2042055669;49264.08322518227;55140.1516811012;61717.09952482729;69078.52549602467;77317.99973512921;86540.25314108083;96862.50859274992;108415.9709538568;121347.4948009008;135821.4510731415;152021.8163702936;170154.5114554648;190450.0186878266;213166.3116533389;238592.1342356312;267050.6708003728;298903.6541519141;334555.9634717432;374460.7706856584;419125.3006744233;469117.2785435782;525072.1459047724;587701.13789258;657800.3235824071;736260.7247225839;824079.6413975459;922373.3285811875;1032391.184709951;1155531.632626961;1293359.894754076;1447627.888434013;1620296.494325686;1813560.480908265;2029876.401899315;2271993.821195295;2542990.262224833;2846310.325953354;3185809.474764127;3565803.038745301;3991121.067296888;4467169.723268114;4999999.999999929
2;8091717109177;50;phasez;-1.53835;-1.53762;-1.53761;-1.53724;-1.53689;-1.5364;-1.53588;-1.53507;-1.53452;-1.53358;-1.5327;-1.53147;-1.53018;-1.52881;-1.52717;-1.52528;-1.52312;-1.52078;-1.51805;-1.51503;-1.5116;-1.50776;-1.50348;-1.49861;-1.49315;-1.48706;-1.48021;-1.47252;-1.46391;-1.45422;-1.44338;-1.43119;-1.41753;-1.40217;-1.38493;-1.36556;-1.34378;-1.31928;-1.2917;-1.26061;-1.22555;-1.18594;-1.14115;-1.09038;-1.0327;-0.96712;-0.892281;-0.806729;-0.708747;-0.596336
3;8092035146538;20;absz;17054.6;13933.7;11378.8;9293.55;7591.28;6198.39;5061.79;4132.91;3374.12;2754.13;2247.31;1832.99;1494.47;1217.54;991.041;805.76;654.228;530.627;430.369;350.204
3;8092035146538;20;frequency;99999.99999990905;122862.535599424;150952.0265389597;185463.4873444638;227865.1431623047;279960.8926363817;343967.05137965;422606.6409511731;519225.2346839865;637933.2888043621;783781.0140572543;962973.2274171232;1183133.324347452;1453627.601814205;1785963.729760951;2194280.323268956;2695948.443325946;3312310.615921419;4069588.809647371;4999999.999999929
3;8092035146538;20;phasez;-1.52623;-1.52308;-1.51909;-1.51401;-1.50771;-1.4999;-1.49016;-1.47809;-1.46315;-1.44466;-1.42179;-1.39342;-1.35827;-1.31459;-1.26019;-1.19217;-1.1066;-0.998275;-0.859933;-0.681923
