0;4502284836818;20;absz;1.51641e+08;1.10283e+08;8.0172e+07;5.82826e+07;4.23718e+07;3.08141e+07;2.23766e+07;1.62541e+07;1.18073e+07;8.57393e+06;6.22541e+06;4.51908e+06;3.2799e+06;2.38014e+06;1.72693e+06;1.25284e+06;908719;659012;477836;346413
0;4502284836818;20;frequency;9.999999974752427;13.86918846435492;19.23543905490988;26.67799336109056;37.00021196095804;51.31629158938722;71.17153245417285;98.70914048804025;136.9015682683994;189.8713664161278;263.3361782500288;365.2259113806622;506.5387032487934;702.5280792305466;974.3494403835484;1351.343611730726;1874.203936580443;2599.368780806799;3605.113577052066;4999.99999995282
0;4502284836818;20;phasez;-1.52791;-1.5286;-1.52966;-1.53113;-1.53213;-1.53282;-1.5337;-1.53463;-1.53528;-1.536;-1.53656;-1.53701;-1.53724;-1.53721;-1.53684;-1.53601;-1.53457;-1.53225;-1.52873;-1.52354
1;4503057340530;50;absz;8.09401e+06;6.911e+06;5.91887e+06;5.05607e+06;4.31922e+06;3.69568e+06;3.15987e+06;2.70308e+06;2.31055e+06;1.97588e+06;1.68942e+06;1.44426e+06;1.23499e+06;1.05586e+06;902595;771479;659559;563753;481886;411871;352037;300878;257144;219758;187811;160504;137164;117216;100168;85596.3;73145;62504.5;53412.1;45641.1;39001.1;33325.6;28475.6;24329.9;20786.8;17758.4;15169.1;12955.1;11061.6;9441.85;8055.74;6869.15;5852.55;4980.99;4232.89;3589.88
1;4503057340530;50;frequency;199.9999999213742;234.625769479635;275.2462588517801;322.8993264769997;378.802514688914;444.3841576318164;521.3198749487447;611.5753842550475;717.456725922716;841.6691823498468;987.3863981368913;1158.33146786315;1358.872060208682;1594.132014446359;1870.122253535556;2193.894364737048;2573.720768452858;3019.306079821149;3542.035062906734;4155.263512473084;4874.659497176026;5718.603679767398;6708.658946337209;7870.121340545211;9232.666380967203;10831.10727442716;12706.28439819177;14906.10877695531;17486.78621595445;20514.25336674129;24065.86241733066;28232.35745111674;33120.19296963342;38854.25382030405;45581.04601983359;53472.44000269313;62730.06193403319;73590.44528463698;86331.07429211862;101277.4737211686;118811.5260634959;139381.228686517;163512.140226203;191820.8086789974;225030.524286467;263989.7996954232;309694.0495706946;363311.0235703185;426210.642505751;499999.9999999716
1;4503057340530;50;phasez;-1.53766;-1.5359;-1.5372;-1.53777;-1.53947;-1.53941;-1.53933;-1.53962;-1.54039;-1.54031;-1.54066;-1.54092;-1.54133;-1.54159;-1.54197;-1.54217;-1.5424;-1.54256;-1.54272;-1.54287;-1.54294;-1.54299;-1.54296;-1.54286;-1.5427;-1.54247;-1.54215;-1.54172;-1.54117;-1.54048;-1.53962;-1.5386;-1.53739;-1.53593;-1.53422;-1.53221;-1.52983;-1.52705;-1.52378;-1.51994;-1.51543;-1.51011;-1.50385;-1.49646;-1.48773;-1.47739;-1.46513;-1.45053;-1.43308;-1.4121
2;4503828929557;50;absz;88221.7;78900.1;70622.2;63197.4;56562.4;50602.2;45294.4;40520.4;36258.2;32448.6;29035.8;25981.5;23248.3;20801.5;18614.3;16656.6;14905.3;13337.3;11934.6;10679.2;9555.74;8550.15;7650.45;6844.9;6124.51;5479.54;4902.37;4385.73;3923.42;3509.57;3139.22;2807.79;2511.09;2245.49;2007.82;1795.08;1604.62;1434.1;1281.46;1144.8;1022.45;912.935;814.898;727.149;648.772;578.779;516.385;460.982;412.045;369.207
2;4503828929557;50;frequency;20000.00000002444;22385.53853899816;25055.61678390222;28044.17375656954;31389.19662092121;35133.2035329932;39323.78408414649;44014.2042055669;49264.08322518227;55140.1516811012;61717.09952482729;69078.52549602467;77317.99973512921;86540.25314108083;96862.50859274992;108415.9709538568;121347.4948009008;135821.4510731415;152021.8163702936;170154.5114554648;190450.0186878266;213166.3116533389;238592.1342356312;267050.6708003728;298903.6541519141;334555.9634717432;374460.7706856584;419125.3006744233;469117.2785435782;525072.1459047724;587701.13789258;657800.3235824071;736260.7247225839;824079.6413975459;922373.3285811875;1032391.184709951;1155531.632626961;1293359.894754076;1447627.888434013;1620296.494325686;1813560.480908265;2029876.401899315;2271993.821195295;2542990.262224833;2846310.325953354;3185809.474764127;3565803.038745301;3991121.067296888;4467169.723268114;4999999.999999929
2;4503828929557;50;phasez;-1.54396;-1.54379;-1.54359;-1.54321;-1.54264;-1.54237;-1.54171;-1.54089;-1.5401;-1.5393;-1.53829;-1.53702;-1.53574;-1.5341;-1.53241;-1.53056;-1.52841;-1.52594;-1.52322;-1.5202;-1.51679;-1.51294;-1.50865;-1.50384;-1.49846;-1.4924;-1.48563;-1.47801;-1.46945;-1.45986;-1.44908;-1.43701;-1.4234;-1.40814;-1.39099;-1.3717;-1.35002;-1.32559;-1.29809;-1.2671;-1.23213;-1.19263;-1.14794;-1.09732;-1.03978;-0.97436;-0.899732;-0.81444;-0.716756;-0.604729
3;4504148429290;20;absz;18122.9;14796.7;12076.8;9857.12;8046.3;6566.4;5358.78;4372.57;3567.15;2909.82;2372.61;1933.74;1575.48;1282.66;1043.35;847.772;688.043;557.889;452.474;368.352
3;4504148429290;20;frequency;99999.99999990905;122862.535599424;150952.0265389597;185463.4873444638;227865.1431623047;279960.8926363817;343967.05137965;422606.6409511731;519225.2346839865;637933.2888043621;783781.0140572543;962973.2274171232;1183133.324347452;1453627.601814205;1785963.729760951;2194280.323268956;2695948.443325946;3312310.615921419;4069588.809647371;4999999.999999929
3;4504148429290;20;phasez;-1.53158;-1.52827;-1.52428;-1.51915;-1.51293;-1.50516;-1.49552;-1.4836;-1.46879;-1.45046;-1.42769;-1.39952;-1.36451;-1.32101;-1.26678;-1.19896;-1.11363;-1.00562;-0.867728;-0.690403
