0;4594341976682;20;absz;1.50881e+08;1.09653e+08;7.97468e+07;5.79919e+07;4.21521e+07;3.06456e+07;2.22589e+07;1.61723e+07;1.1748e+07;8.5319e+06;6.19537e+06;4.49811e+06;3.26514e+06;2.36969e+06;1.71952e+06;1.24752e+06;904983;656369;475971;345101
0;4594341976682;20;frequency;9.999999974752427;13.86918846435492;19.23543905490988;26.67799336109056;37.00021196095804;51.31629158938722;71.17153245417285;98.70914048804025;136.9015682683994;189.8713664161278;263.3361782500288;365.2259113806622;506.5387032487934;702.5280792305466;974.3494403835484;1351.343611730726;1874.203936580443;2599.368780806799;3605.113577052066;4999.99999995282
0;4594341976682;20;phasez;-1.52766;-1.52851;-1.5299;-1.53088;-1.53154;-1.53274;-1.53346;-1.53411;-1.53486;-1.53548;-1.536;-1.53644;-1.53669;-1.53672;-1.53636;-1.53553;-1.53409;-1.53177;-1.52825;-1.52307
1;4595112144382;50;absz;8.04567e+06;6.86946e+06;5.88264e+06;5.03691e+06;4.30518e+06;3.67864e+06;3.14667e+06;2.69204e+06;2.30166e+06;1.96733e+06;1.68251e+06;1.43852e+06;1.22999e+06;1.05135e+06;898790;768438;656848;561533;479994;410282;350683;299737;256187;218957;187131;159928;136677;116806;99819.6;85304.6;72896.6;62294.5;53233.4;45490.1;38872.6;33217;28383.6;24252.5;20721.3;17702.8;15122.2;12915.3;11027.9;9413.23;8031.52;6848.74;5835.47;4966.59;4220.84;3579.77
1;4595112144382;50;frequency;199.9999999213742;234.625769479635;275.2462588517801;322.8993264769997;378.802514688914;444.3841576318164;521.3198749487447;611.5753842550475;717.456725922716;841.6691823498468;987.3863981368913;1158.33146786315;1358.872060208682;1594.132014446359;1870.122253535556;2193.894364737048;2573.720768452858;3019.306079821149;3542.035062906734;4155.263512473084;4874.659497176026;5718.603679767398;6708.658946337209;7870.121340545211;9232.666380967203;10831.10727442716;12706.28439819177;14906.10877695531;17486.78621595445;20514.25336674129;24065.86241733066;28232.35745111674;33120.19296963342;38854.25382030405;45581.04601983359;53472.44000269313;62730.06193403319;73590.44528463698;86331.07429211862;101277.4737211686;118811.5260634959;139381.228686517;163512.140226203;191820.8086789974;225030.524286467;263989.7996954232;309694.0495706946;363311.0235703185;426210.642505751;499999.9999999716
1;4595112144382;50;phasez;-1.53868;-1.53739;-1.53791;-1.53812;-1.53822;-1.53841;-1.53927;-1.53908;-1.53931;-1.53993;-1.54025;-1.54067;-1.54091;-1.54107;-1.54138;-1.54173;-1.54183;-1.54204;-1.54225;-1.54238;-1.54247;-1.54252;-1.54251;-1.54243;-1.54227;-1.54205;-1.54174;-1.54131;-1.54078;-1.54011;-1.53927;-1.53826;-1.53705;-1.5356;-1.5339;-1.53189;-1.52952;-1.52674;-1.52347;-1.51963;-1.51511;-1.50979;-1.50352;-1.49613;-1.48739;-1.47705;-1.46477;-1.45017;-1.43271;-1.41172
2;4595880018695;50;absz;87917;78673.2;70398.8;62982.1;56376.7;50442.5;45145.6;40397.3;36146.7;32343.5;28945.2;25897.1;23176.6;20740.7;18557.9;16607.5;14860.4;13296.9;11898.8;10648.6;9528.2;8525.55;7628.53;6825.6;6107.16;5464.16;4888.7;4373.58;3912.73;3500.12;3130.86;2800.4;2504.51;2239.71;2002.68;1790.53;1600.62;1430.58;1278.33;1142.03;1020.03;910.787;812.999;725.483;647.317;577.485;515.231;459.97;411.143;368.413
2;4595880018695;50;frequency;20000.00000002444;22385.53853899816;25055.61678390222;28044.17375656954;31389.19662092121;35133.2035329932;39323.78408414649;44014.2042055669;49264.08322518227;55140.1516811012;61717.09952482729;69078.52549602467;77317.99973512921;86540.25314108083;96862.50859274992;108415.9709538568;121347.4948009008;135821.4510731415;152021.8163702936;170154.5114554648;190450.0186878266;213166.3116533389;238592.1342356312;267050.6708003728;298903.6541519141;334555.9634717432;374460.7706856584;419125.3006744233;469117.2785435782;525072.1459047724;587701.13789258;657800.3235824071;736260.7247225839;824079.6413975459;922373.3285811875;1032391.184709951;1155531.632626961;1293359.894754076;1447627.888434013;1620296.494325686;1813560.480908265;2029876.401899315;2271993.821195295;2542990.262224833;2846310.325953354;3185809.474764127;3565803.038745301;3991121.067296888;4467169.723268114;4999999.999999929
2;4595880018695;50;phasez;-1.54381;-1.54343;-1.54302;-1.54298;-1.54238;-1.54196;-1.54142;-1.54066;-1.53986;-1.53886;-1.53794;-1.53671;-1.53538;-1.53388;-1.53212;-1.53018;-1.52801;-1.52565;-1.52292;-1.51987;-1.51643;-1.5126;-1.5083;-1.50348;-1.49812;-1.49205;-1.48525;-1.47763;-1.46907;-1.45948;-1.44869;-1.43658;-1.42299;-1.40771;-1.39054;-1.37125;-1.34954;-1.32513;-1.29761;-1.26661;-1.23163;-1.19212;-1.14743;-1.09677;-1.03924;-0.973817;-0.899179;-0.81388;-0.716193;-0.604149
3;4596197635609;20;absz;18067.3;14753.7;12042;9828.39;8023.23;6547.85;5343.62;4360.54;3557.5;2902.11;2366.39;1928.77;1571.53;1279.49;1040.85;845.782;686.462;556.641;451.47;367.53
3;4596197635609;20;frequency;99999.99999990905;122862.535599424;150952.0265389597;185463.4873444638;227865.1431623047;279960.8926363817;343967.05137965;422606.6409511731;519225.2346839865;637933.2888043621;783781.0140572543;962973.2274171232;1183133.324347452;1453627.601814205;1785963.729760951;2194280.323268956;2695948.443325946;3312310.615921419;4069588.809647371;4999999.999999929
3;4596197635609;20;phasez;-1.53121;-1.52797;-1.52389;-1.51877;-1.51258;-1.5048;-1.49518;-1.4832;-1.4684;-1.45004;-1.42729;-1.39908;-1.36406;-1.32054;-1.26629;-1.19845;-1.1131;-1.00508;-0.867178;-0.689828
