0;8876890065152;20;absz;1.3653e+08;9.95678e+07;7.25566e+07;5.28586e+07;3.84881e+07;2.80138e+07;2.03861e+07;1.48299e+07;1.07861e+07;7.84339e+06;5.70214e+06;4.14493e+06;3.01253e+06;2.18916e+06;1.59058e+06;1.15549e+06;839350;609586;442642;321372
0;8876890065152;20;frequency;9.999999974752427;13.86918846435492;19.23543905490988;26.67799336109056;37.00021196095804;51.31629158938722;71.17153245417285;98.70914048804025;136.9015682683994;189.8713664161278;263.3361782500288;365.2259113806622;506.5387032487934;702.5280792305466;974.3494403835484;1351.343611730726;1874.203936580443;2599.368780806799;3605.113577052066;4999.99999995282
0;8876890065152;20;phasez;-1.5105;-1.51427;-1.51756;-1.51982;-1.52186;-1.52427;-1.52536;-1.52677;-1.52783;-1.52884;-1.52955;-1.53007;-1.53035;-1.53036;-1.53;-1.52916;-1.52769;-1.52538;-1.52187;-1.51672
1;8877658275928;50;absz;7.38888e+06;6.33386e+06;5.40928e+06;4.63562e+06;3.96215e+06;3.39187e+06;2.90243e+06;2.48448e+06;2.12575e+06;1.8193e+06;1.55635e+06;1.33146e+06;1.13902e+06;974591;833715;713180;610057;521811;446367;381791;326558;279296;238872;204289;174711;149412;127774;109265;93435.3;79898.7;68320.7;58420.9;49954.8;42714.1;36522.6;31227.4;26698.7;22825.4;19512.9;16679.4;14255.3;12181.1;10406.3;8887.14;7586.32;6472.17;5517.17;4697.94;3994.53;3389.56
1;8877658275928;50;frequency;199.9999999213742;234.625769479635;275.2462588517801;322.8993264769997;378.802514688914;444.3841576318164;521.3198749487447;611.5753842550475;717.456725922716;841.6691823498468;987.3863981368913;1158.33146786315;1358.872060208682;1594.132014446359;1870.122253535556;2193.894364737048;2573.720768452858;3019.306079821149;3542.035062906734;4155.263512473084;4874.659497176026;5718.603679767398;6708.658946337209;7870.121340545211;9232.666380967203;10831.10727442716;12706.28439819177;14906.10877695531;17486.78621595445;20514.25336674129;24065.86241733066;28232.35745111674;33120.19296963342;38854.25382030405;45581.04601983359;53472.44000269313;62730.06193403319;73590.44528463698;86331.07429211862;101277.4737211686;118811.5260634959;139381.228686517;163512.140226203;191820.8086789974;225030.524286467;263989.7996954232;309694.0495706946;363311.0235703185;426210.642505751;499999.9999999716
1;8877658275928;50;phasez;-1.52836;-1.5316;-1.53027;-1.53175;-1.53214;-1.53259;-1.53149;-1.53255;-1.53325;-1.53365;-1.53396;-1.53421;-1.53441;-1.53478;-1.53504;-1.53522;-1.53549;-1.53562;-1.53587;-1.536;-1.53609;-1.53615;-1.53616;-1.53613;-1.53601;-1.5358;-1.53552;-1.53513;-1.53464;-1.534;-1.53322;-1.53226;-1.5311;-1.52972;-1.52808;-1.52615;-1.52386;-1.52115;-1.51794;-1.51416;-1.50969;-1.50442;-1.49818;-1.4908;-1.48206;-1.47169;-1.45938;-1.4447;-1.42716;-1.40607
2;8878427607406;50;absz;82330.6;73707;65986.6;59079.3;52881.5;47341.9;42381.1;37947.5;33971;30405.7;27222.3;24368.2;21814;19527.5;17482;15649.9;14007.9;12539.9;11225.2;10048.2;8994.34;8050.96;7206.22;6450.05;5773.24;5167.26;4624.71;4138.93;3704.04;3314.72;2966.11;2654.01;2374.59;2124.34;1900.26;1699.64;1519.89;1358.96;1214.8;1085.67;969.991;866.378;773.579;690.502;616.186;549.782;490.557;437.923;391.372;350.598
2;8878427607406;50;frequency;20000.00000002444;22385.53853899816;25055.61678390222;28044.17375656954;31389.19662092121;35133.2035329932;39323.78408414649;44014.2042055669;49264.08322518227;55140.1516811012;61717.09952482729;69078.52549602467;77317.99973512921;86540.25314108083;96862.50859274992;108415.9709538568;121347.4948009008;135821.4510731415;152021.8163702936;170154.5114554648;190450.0186878266;213166.3116533389;238592.1342356312;267050.6708003728;298903.6541519141;334555.9634717432;374460.7706856584;419125.3006744233;469117.2785435782;525072.1459047724;587701.13789258;657800.3235824071;736260.7247225839;824079.6413975459;922373.3285811875;1032391.184709951;1155531.632626961;1293359.894754076;1447627.888434013;1620296.494325686;1813560.480908265;2029876.401899315;2271993.821195295;2542990.262224833;2846310.325953354;3185809.474764127;3565803.038745301;3991121.067296888;4467169.723268114;4999999.999999929
2;8878427607406;50;phasez;-1.53773;-1.53753;-1.53712;-1.53698;-1.53646;-1.53586;-1.5355;-1.53498;-1.53405;-1.53315;-1.53226;-1.53111;-1.52981;-1.52828;-1.52664;-1.52478;-1.52263;-1.52021;-1.51752;-1.5145;-1.51112;-1.50728;-1.50298;-1.49814;-1.4927;-1.48662;-1.47979;-1.47212;-1.46349;-1.45383;-1.44298;-1.43081;-1.41715;-1.40181;-1.38457;-1.36519;-1.34342;-1.31893;-1.29134;-1.26026;-1.22519;-1.1856;-1.1408;-1.09002;-1.03235;-0.966752;-0.891906;-0.806348;-0.70834;-0.595902
3;8878745838169;20;absz;17021.9;13905.8;11357.9;9276.93;7577.86;6187.97;5053.7;4126.42;3369.02;2750;2244.03;1830.37;1492.41;1215.88;989.727;804.688;653.39;529.956;429.811;349.755
3;8878745838169;20;frequency;99999.99999990905;122862.535599424;150952.0265389597;185463.4873444638;227865.1431623047;279960.8926363817;343967.05137965;422606.6409511731;519225.2346839865;637933.2888043621;783781.0140572543;962973.2274171232;1183133.324347452;1453627.601814205;1785963.729760951;2194280.323268956;2695948.443325946;3312310.615921419;4069588.809647371;4999999.999999929
3;8878745838169;20;phasez;-1.52577;-1.52261;-1.51856;-1.51352;-1.50723;-1.49946;-1.48975;-1.47768;-1.46277;-1.44428;-1.42138;-1.39305;-1.35791;-1.31423;-1.25984;-1.19181;-1.10623;-0.997892;-0.85953;-0.68148
