0;4159251626309;20;absz;1.55233e+08;1.12916e+08;8.2048e+07;5.96067e+07;4.33078e+07;3.14667e+07;2.28531e+07;1.65945e+07;1.20475e+07;8.74521e+06;6.34708e+06;4.60573e+06;3.3416e+06;2.42388e+06;1.75787e+06;1.27466e+06;924113;669875;485512;351839
0;4159251626309;20;frequency;9.999999974752427;13.86918846435492;19.23543905490988;26.67799336109056;37.00021196095804;51.31629158938722;71.17153245417285;98.70914048804025;136.9015682683994;189.8713664161278;263.3361782500288;365.2259113806622;506.5387032487934;702.5280792305466;974.3494403835484;1351.343611730726;1874.203936580443;2599.368780806799;3605.113577052066;4999.99999995282
0;4159251626309;20;phasez;-1.53062;-1.53084;-1.53203;-1.53311;-1.5342;-1.53542;-1.53569;-1.53659;-1.5373;-1.53798;-1.5385;-1.53892;-1.53922;-1.53926;-1.53893;-1.53809;-1.53662;-1.53425;-1.53066;-1.5254
1;4160021713879;50;absz;8.26239e+06;7.05188e+06;6.02503e+06;5.15131e+06;4.40538e+06;3.76975e+06;3.21817e+06;2.75273e+06;2.35365e+06;2.01113e+06;1.71974e+06;1.47017e+06;1.25655e+06;1.07402e+06;917926;784502;670410;572945;489652;418408;357546;305523;261072;223079;190612;162871;139161;118904;101593;86803.8;74166.1;63369.8;54144;46261.7;39525.9;33770.3;28852.2;24648.8;21056.8;17986.6;15362;13118.2;11199.2;9557.8;8153.52;6951.52;5921.88;5039.22;4281.75;3630.8
1;4160021713879;50;frequency;199.9999999213742;234.625769479635;275.2462588517801;322.8993264769997;378.802514688914;444.3841576318164;521.3198749487447;611.5753842550475;717.456725922716;841.6691823498468;987.3863981368913;1158.33146786315;1358.872060208682;1594.132014446359;1870.122253535556;2193.894364737048;2573.720768452858;3019.306079821149;3542.035062906734;4155.263512473084;4874.659497176026;5718.603679767398;6708.658946337209;7870.121340545211;9232.666380967203;10831.10727442716;12706.28439819177;14906.10877695531;17486.78621595445;20514.25336674129;24065.86241733066;28232.35745111674;33120.19296963342;38854.25382030405;45581.04601983359;53472.44000269313;62730.06193403319;73590.44528463698;86331.07429211862;101277.4737211686;118811.5260634959;139381.228686517;163512.140226203;191820.8086789974;225030.524286467;263989.7996954232;309694.0495706946;363311.0235703185;426210.642505751;499999.9999999716
1;4160021713879;50;phasez;-1.5398;-1.5396;-1.54045;-1.53992;-1.54075;-1.54053;-1.54228;-1.54095;-1.5418;-1.54244;-1.54302;-1.5431;-1.54347;-1.54371;-1.54387;-1.54417;-1.5443;-1.54453;-1.54459;-1.54474;-1.54482;-1.54481;-1.54474;-1.54461;-1.54443;-1.54415;-1.54377;-1.5433;-1.54269;-1.54194;-1.54106;-1.54;-1.53875;-1.53727;-1.53553;-1.53351;-1.53114;-1.52836;-1.5251;-1.52127;-1.51676;-1.51146;-1.50521;-1.49783;-1.4891;-1.47877;-1.4665;-1.45189;-1.43443;-1.41343
2;4160789831839;50;absz;89444.4;80027.1;71616.5;64082.2;57327.3;51305.7;45903.9;41072.1;36748.7;32884.1;29418.2;26324.4;23554;21074.3;18855;16871.8;15095.9;13506.8;12084.8;10812.6;9674.04;8655.22;7743.54;6927.79;6197.54;5544.34;4959.87;4436.69;3968.63;3549.56;3174.78;2839.28;2538.96;2270.29;2029.76;1814.49;1621.85;1449.37;1294.99;1156.82;1033.11;922.412;823.338;734.688;655.471;584.752;521.72;465.768;416.36;373.125
2;4160789831839;50;frequency;20000.00000002444;22385.53853899816;25055.61678390222;28044.17375656954;31389.19662092121;35133.2035329932;39323.78408414649;44014.2042055669;49264.08322518227;55140.1516811012;61717.09952482729;69078.52549602467;77317.99973512921;86540.25314108083;96862.50859274992;108415.9709538568;121347.4948009008;135821.4510731415;152021.8163702936;170154.5114554648;190450.0186878266;213166.3116533389;238592.1342356312;267050.6708003728;298903.6541519141;334555.9634717432;374460.7706856584;419125.3006744233;469117.2785435782;525072.1459047724;587701.13789258;657800.3235824071;736260.7247225839;824079.6413975459;922373.3285811875;1032391.184709951;1155531.632626961;1293359.894754076;1447627.888434013;1620296.494325686;1813560.480908265;2029876.401899315;2271993.821195295;2542990.262224833;2846310.325953354;3185809.474764127;3565803.038745301;3991121.067296888;4467169.723268114;4999999.999999929
2;4160789831839;50;phasez;-1.54595;-1.54521;-1.54502;-1.54454;-1.5439;-1.54366;-1.54294;-1.54226;-1.54145;-1.5406;-1.53962;-1.53836;-1.53693;-1.53539;-1.53379;-1.53185;-1.52972;-1.52727;-1.52458;-1.52153;-1.51813;-1.51428;-1.51003;-1.50521;-1.49982;-1.49375;-1.48697;-1.47934;-1.47079;-1.46118;-1.4504;-1.43828;-1.42467;-1.40938;-1.3922;-1.37288;-1.35116;-1.32671;-1.29917;-1.26814;-1.23313;-1.19359;-1.14887;-1.09817;-1.0406;-0.975151;-0.90049;-0.815161;-0.717451;-0.605404
3;4161106250473;20;absz;18357.7;14985.8;12229;9979;8144;6645.14;5421.6;4423.25;3607.78;2942.28;2398.65;1954.67;1592.26;1296.1;1054.18;856.514;695.099;563.615;457.15;372.231
3;4161106250473;20;frequency;99999.99999990905;122862.535599424;150952.0265389597;185463.4873444638;227865.1431623047;279960.8926363817;343967.05137965;422606.6409511731;519225.2346839865;637933.2888043621;783781.0140572543;962973.2274171232;1183133.324347452;1453627.601814205;1785963.729760951;2194280.323268956;2695948.443325946;3312310.615921419;4069588.809647371;4999999.999999929
3;4161106250473;20;phasez;-1.53288;-1.52968;-1.52559;-1.52055;-1.51427;-1.50652;-1.4969;-1.48493;-1.47011;-1.45174;-1.42897;-1.40072;-1.36567;-1.32209;-1.26779;-1.19989;-1.11448;-1.00641;-0.868448;-0.691086
