0;5542953075200;20;absz;1.43922e+08;1.04759e+08;7.62244e+07;5.54471e+07;4.03355e+07;2.93297e+07;2.13258e+07;1.55032e+07;1.12689e+07;8.18943e+06;5.95064e+06;4.32346e+06;3.14061e+06;2.2811e+06;1.65649e+06;1.20269e+06;873062;633708;459888;333702
0;5542953075200;20;frequency;9.999999974752427;13.86918846435492;19.23543905490988;26.67799336109056;37.00021196095804;51.31629158938722;71.17153245417285;98.70914048804025;136.9015682683994;189.8713664161278;263.3361782500288;365.2259113806622;506.5387032487934;702.5280792305466;974.3494403835484;1351.343611730726;1874.203936580443;2599.368780806799;3605.113577052066;4999.99999995282
0;5542953075200;20;phasez;-1.5224;-1.52408;-1.5257;-1.527;-1.52809;-1.52988;-1.53026;-1.531;-1.53163;-1.53217;-1.53267;-1.53302;-1.53322;-1.5332;-1.53284;-1.53205;-1.53058;-1.52825;-1.52473;-1.51958
1;5543722999345;50;absz;7.70709e+06;6.60625e+06;5.65167e+06;4.83085e+06;4.1393e+06;3.53423e+06;3.02751e+06;2.59009e+06;2.21477e+06;1.89466e+06;1.62093e+06;1.38655e+06;1.18562e+06;1.01403e+06;867168;741670;634281;542425;463802;396589;339088;289932;247891;211941;181203;154915;132441;113224;96792.7;82743.7;70731.8;60463.8;51685;44179.5;37763.6;32276.9;27587.2;23577.1;20148.7;17217.2;14710;12565.7;10731.6;9162.07;7819.18;6669.15;5683.75;4838.68;4113.15;3489.38
1;5543722999345;50;frequency;199.9999999213742;234.625769479635;275.2462588517801;322.8993264769997;378.802514688914;444.3841576318164;521.3198749487447;611.5753842550475;717.456725922716;841.6691823498468;987.3863981368913;1158.33146786315;1358.872060208682;1594.132014446359;1870.122253535556;2193.894364737048;2573.720768452858;3019.306079821149;3542.035062906734;4155.263512473084;4874.659497176026;5718.603679767398;6708.658946337209;7870.121340545211;9232.666380967203;10831.10727442716;12706.28439819177;14906.10877695531;17486.78621595445;20514.25336674129;24065.86241733066;28232.35745111674;33120.19296963342;38854.25382030405;45581.04601983359;53472.44000269313;62730.06193403319;73590.44528463698;86331.07429211862;101277.4737211686;118811.5260634959;139381.228686517;163512.140226203;191820.8086789974;225030.524286467;263989.7996954232;309694.0495706946;363311.0235703185;426210.642505751;499999.9999999716
1;5543722999345;50;phasez;-1.53147;-1.53415;-1.53426;-1.53397;-1.53494;-1.5358;-1.53543;-1.53539;-1.53649;-1.53623;-1.53694;-1.5372;-1.53742;-1.53771;-1.53788;-1.53806;-1.53839;-1.53861;-1.53874;-1.5389;-1.539;-1.53906;-1.5391;-1.53903;-1.53893;-1.53875;-1.53848;-1.53812;-1.53761;-1.537;-1.53626;-1.53531;-1.53418;-1.53282;-1.5312;-1.52928;-1.52699;-1.52428;-1.52106;-1.51726;-1.51277;-1.50746;-1.50118;-1.49377;-1.485;-1.47462;-1.4623;-1.44765;-1.43014;-1.40911
2;5544494349481;50;absz;85245;76303;68304.4;61145.7;54718.5;48965.9;43839.1;39235.9;35116.1;31426.9;28126.1;25173.7;22530.2;20163.3;18045.8;16150.5;14454.6;12936.9;11577.4;10361.6;9272.95;8298.65;7426.85;6646.12;5947.46;5322.42;4762.61;4261.59;3813.19;3411.74;3052.44;2730.71;2442.7;2184.86;1954.01;1747.33;1562.24;1396.52;1248.13;1115.24;996.242;889.684;794.263;708.851;632.507;564.304;503.486;449.45;401.707;359.892
2;5544494349481;50;frequency;20000.00000002444;22385.53853899816;25055.61678390222;28044.17375656954;31389.19662092121;35133.2035329932;39323.78408414649;44014.2042055669;49264.08322518227;55140.1516811012;61717.09952482729;69078.52549602467;77317.99973512921;86540.25314108083;96862.50859274992;108415.9709538568;121347.4948009008;135821.4510731415;152021.8163702936;170154.5114554648;190450.0186878266;213166.3116533389;238592.1342356312;267050.6708003728;298903.6541519141;334555.9634717432;374460.7706856584;419125.3006744233;469117.2785435782;525072.1459047724;587701.13789258;657800.3235824071;736260.7247225839;824079.6413975459;922373.3285811875;1032391.184709951;1155531.632626961;1293359.894754076;1447627.888434013;1620296.494325686;1813560.480908265;2029876.401899315;2271993.821195295;2542990.262224833;2846310.325953354;3185809.474764127;3565803.038745301;3991121.067296888;4467169.723268114;4999999.999999929
2;5544494349481;50;phasez;-1.54055;-1.54036;-1.54046;-1.54011;-1.53956;-1.53913;-1.53865;-1.53793;-1.53727;-1.53638;-1.53527;-1.53419;-1.53296;-1.53142;-1.52976;-1.52784;-1.52566;-1.52326;-1.52056;-1.5175;-1.51408;-1.5102;-1.50588;-1.50106;-1.49564;-1.48954;-1.48273;-1.47508;-1.46648;-1.45686;-1.44605;-1.43394;-1.42033;-1.40504;-1.38786;-1.36856;-1.34684;-1.32242;-1.2949;-1.26389;-1.22891;-1.1894;-1.14471;-1.09406;-1.03649;-0.97105;-0.896383;-0.811033;-0.713283;-0.601145
3;5544811955113;20;absz;17568.4;14348.7;11714.2;9563.91;7810;6375.46;5204.9;4248.59;3467.47;2829.55;2308.1;1881.93;1533.9;1249.25;1016.51;826.229;670.71;543.916;441.128;359.023
3;5544811955113;20;frequency;99999.99999990905;122862.535599424;150952.0265389597;185463.4873444638;227865.1431623047;279960.8926363817;343967.05137965;422606.6409511731;519225.2346839865;637933.2888043621;783781.0140572543;962973.2274171232;1183133.324347452;1453627.601814205;1785963.729760951;2194280.323268956;2695948.443325946;3312310.615921419;4069588.809647371;4999999.999999929
3;5544811955113;20;phasez;-1.5289;-1.52566;-1.52155;-1.51653;-1.5102;-1.50236;-1.49265;-1.48064;-1.4658;-1.4474;-1.42462;-1.39638;-1.36136;-1.31782;-1.26358;-1.19573;-1.11036;-1.00231;-0.864325;-0.686844
