0;7975798737017;20;absz;1.37309e+08;1.0011e+08;7.2935e+07;5.31234e+07;3.86706e+07;2.81493e+07;2.04764e+07;1.48935e+07;1.08309e+07;7.87472e+06;5.72459e+06;4.16099e+06;3.02406e+06;2.19745e+06;1.5966e+06;1.15986e+06;842465;611830;444268;322529
0;7975798737017;20;frequency;9.999999974752427;13.86918846435492;19.23543905490988;26.67799336109056;37.00021196095804;51.31629158938722;71.17153245417285;98.70914048804025;136.9015682683994;189.8713664161278;263.3361782500288;365.2259113806622;506.5387032487934;702.5280792305466;974.3494403835484;1351.343611730726;1874.203936580443;2599.368780806799;3605.113577052066;4999.99999995282
0;7975798737017;20;phasez;-1.51205;-1.51513;-1.51795;-1.52067;-1.52278;-1.52429;-1.52607;-1.52741;-1.52851;-1.52933;-1.52998;-1.53042;-1.53064;-1.5306;-1.5302;-1.52935;-1.5279;-1.52559;-1.52211;-1.51699
1;7976569975867;50;absz;7.43006e+06;6.36311e+06;5.4329e+06;4.65432e+06;3.97848e+06;3.40382e+06;2.91681e+06;2.49412e+06;2.13439e+06;1.82576e+06;1.56183e+06;1.33669e+06;1.14332e+06;978191;836788;715846;612315;523758;448001;383182;327739;280301;239721;205008;175320;149928;128209;109636;93748.7;80163.1;68544.6;58610.2;50114.2;42849.4;36637.3;31324.2;26779.8;22893.5;19569.8;16726.6;14294.5;12213.7;10433.4;8909.63;7605.15;6487.69;5530.21;4708.83;4003.58;3397.07
1;7976569975867;50;frequency;199.9999999213742;234.625769479635;275.2462588517801;322.8993264769997;378.802514688914;444.3841576318164;521.3198749487447;611.5753842550475;717.456725922716;841.6691823498468;987.3863981368913;1158.33146786315;1358.872060208682;1594.132014446359;1870.122253535556;2193.894364737048;2573.720768452858;3019.306079821149;3542.035062906734;4155.263512473084;4874.659497176026;5718.603679767398;6708.658946337209;7870.121340545211;9232.666380967203;10831.10727442716;12706.28439819177;14906.10877695531;17486.78621595445;20514.25336674129;24065.86241733066;28232.35745111674;33120.19296963342;38854.25382030405;45581.04601983359;53472.44000269313;62730.06193403319;73590.44528463698;86331.07429211862;101277.4737211686;118811.5260634959;139381.228686517;163512.140226203;191820.8086789974;225030.524286467;263989.7996954232;309694.0495706946;363311.0235703185;426210.642505751;499999.9999999716
1;7976569975867;50;phasez;-1.52952;-1.53174;-1.5317;-1.53224;-1.53201;-1.53257;-1.53275;-1.53336;-1.53353;-1.53383;-1.53414;-1.53457;-1.53471;-1.5349;-1.53525;-1.53546;-1.53568;-1.53596;-1.53611;-1.53625;-1.53636;-1.53644;-1.53647;-1.53642;-1.53632;-1.53613;-1.53586;-1.53548;-1.53498;-1.53436;-1.53358;-1.53265;-1.53151;-1.53015;-1.52853;-1.52662;-1.52435;-1.52167;-1.51849;-1.51473;-1.51027;-1.505;-1.49876;-1.49137;-1.48261;-1.47223;-1.4599;-1.44521;-1.42766;-1.40656
2;7977338320879;50;absz;82587.6;73915.5;66191.2;59251;53047.4;47495.6;42519;38062.9;34073.9;30500.4;27301.1;24440.6;21876;19583.9;17530.5;15691.5;14046.6;12572.7;11254.3;10073.5;9016.83;8070.64;7223.47;6465.59;5786.59;5179.09;4635.01;4148.12;3712.16;3321.88;2972.47;2659.58;2379.53;2128.74;1904.13;1703.03;1522.92;1361.61;1217.11;1087.7;971.78;867.954;774.98;691.714;617.28;550.743;491.406;438.682;392.051;351.205
2;7977338320879;50;frequency;20000.00000002444;22385.53853899816;25055.61678390222;28044.17375656954;31389.19662092121;35133.2035329932;39323.78408414649;44014.2042055669;49264.08322518227;55140.1516811012;61717.09952482729;69078.52549602467;77317.99973512921;86540.25314108083;96862.50859274992;108415.9709538568;121347.4948009008;135821.4510731415;152021.8163702936;170154.5114554648;190450.0186878266;213166.3116533389;238592.1342356312;267050.6708003728;298903.6541519141;334555.9634717432;374460.7706856584;419125.3006744233;469117.2785435782;525072.1459047724;587701.13789258;657800.3235824071;736260.7247225839;824079.6413975459;922373.3285811875;1032391.184709951;1155531.632626961;1293359.894754076;1447627.888434013;1620296.494325686;1813560.480908265;2029876.401899315;2271993.821195295;2542990.262224833;2846310.325953354;3185809.474764127;3565803.038745301;3991121.067296888;4467169.723268114;4999999.999999929
2;7977338320879;50;phasez;-1.53807;-1.53789;-1.53751;-1.53736;-1.53685;-1.53638;-1.53588;-1.53538;-1.53458;-1.53368;-1.53279;-1.53163;-1.53035;-1.52893;-1.52719;-1.52533;-1.5232;-1.52083;-1.51813;-1.51508;-1.51166;-1.50782;-1.50354;-1.49868;-1.49324;-1.48713;-1.48028;-1.47258;-1.46398;-1.4543;-1.44345;-1.43128;-1.41761;-1.40227;-1.38504;-1.36567;-1.34389;-1.31939;-1.29181;-1.26072;-1.22566;-1.18606;-1.14127;-1.09051;-1.03281;-0.96723;-0.892388;-0.806842;-0.708851;-0.596451
3;7977656078162;20;absz;17065.6;13941.7;11384.2;9298.66;7594.62;6201.61;5064.36;4134.93;3375.72;2755.48;2248.37;1833.82;1495.14;1218.06;991.444;806.061;654.473;530.821;430.508;350.326
3;7977656078162;20;frequency;99999.99999990905;122862.535599424;150952.0265389597;185463.4873444638;227865.1431623047;279960.8926363817;343967.05137965;422606.6409511731;519225.2346839865;637933.2888043621;783781.0140572543;962973.2274171232;1183133.324347452;1453627.601814205;1785963.729760951;2194280.323268956;2695948.443325946;3312310.615921419;4069588.809647371;4999999.999999929
3;7977656078162;20;phasez;-1.52638;-1.52319;-1.51918;-1.5141;-1.50783;-1.49997;-1.49023;-1.47819;-1.46324;-1.44474;-1.42186;-1.39353;-1.35838;-1.31471;-1.26032;-1.1923;-1.10675;-0.998414;-0.860069;-0.682107
