0;2181477486928;20;absz;1.86064e+08;1.348e+08;9.75544e+07;7.0591e+07;5.1064e+07;3.69403e+07;2.67495e+07;1.93562e+07;1.40061e+07;1.01345e+07;7.33402e+06;5.30711e+06;3.84e+06;2.77816e+06;2.00972e+06;1.45367e+06;1.05131e+06;760210;549649;397362
0;2181477486928;20;frequency;9.999999974752427;13.86918846435492;19.23543905490988;26.67799336109056;37.00021196095804;51.31629158938722;71.17153245417285;98.70914048804025;136.9015682683994;189.8713664161278;263.3361782500288;365.2259113806622;506.5387032487934;702.5280792305466;974.3494403835484;1351.343611730726;1874.203936580443;2599.368780806799;3605.113577052066;4999.99999995282
0;2181477486928;20;phasez;-1.55205;-1.55214;-1.55245;-1.55278;-1.55318;-1.5531;-1.55323;-1.5532;-1.55303;-1.55297;-1.55283;-1.5527;-1.55246;-1.55209;-1.55143;-1.55036;-1.54866;-1.5461;-1.54235;-1.53693
1;2182248649401;50;absz;9.53534e+06;8.16831e+06;6.97233e+06;5.94773e+06;5.07035e+06;4.33424e+06;3.69756e+06;3.15887e+06;2.69742e+06;2.30293e+06;1.96598e+06;1.67876e+06;1.43303e+06;1.22311e+06;1.04424e+06;891308;760923;649507;554359;473204;403874;344704;294195;251095;214304;182900;156099;133224;113701;97042.9;82822.3;70685.8;60328.9;51489.4;43946;37506.7;32010.7;27318.8;23313.9;19895;16975.8;14483;12353.6;10534.6;8979.78;7650.29;6513.02;5539.01;4703.98;3986.96
1;2182248649401;50;frequency;199.9999999213742;234.625769479635;275.2462588517801;322.8993264769997;378.802514688914;444.3841576318164;521.3198749487447;611.5753842550475;717.456725922716;841.6691823498468;987.3863981368913;1158.33146786315;1358.872060208682;1594.132014446359;1870.122253535556;2193.894364737048;2573.720768452858;3019.306079821149;3542.035062906734;4155.263512473084;4874.659497176026;5718.603679767398;6708.658946337209;7870.121340545211;9232.666380967203;10831.10727442716;12706.28439819177;14906.10877695531;17486.78621595445;20514.25336674129;24065.86241733066;28232.35745111674;33120.19296963342;38854.25382030405;45581.04601983359;53472.44000269313;62730.06193403319;73590.44528463698;86331.07429211862;101277.4737211686;118811.5260634959;139381.228686517;163512.140226203;191820.8086789974;225030.524286467;263989.7996954232;309694.0495706946;363311.0235703185;426210.642505751;499999.9999999716
1;2182248649401;50;phasez;-1.55461;-1.55464;-1.55382;-1.55366;-1.55405;-1.55474;-1.55454;-1.55539;-1.55525;-1.55547;-1.55531;-1.55557;-1.55569;-1.55586;-1.55604;-1.55614;-1.55631;-1.55637;-1.55634;-1.55639;-1.55634;-1.55625;-1.55614;-1.55591;-1.55561;-1.55524;-1.55476;-1.55417;-1.55346;-1.55261;-1.55158;-1.55038;-1.54897;-1.54732;-1.5454;-1.54316;-1.54055;-1.5375;-1.53395;-1.52979;-1.52492;-1.51922;-1.51253;-1.50468;-1.49546;-1.4846;-1.47177;-1.45658;-1.43852;-1.41689
2;2183021028760;50;absz;99995.6;89424.7;79939.8;71484.7;63912.5;57132.4;51077;45674.7;40834.6;36508;32646.5;29182.8;26092.3;23330.2;20860.9;18652.1;16677.6;14912.8;13334.8;11923.4;10661.8;9534.02;8524.97;7623.25;6816.65;6095.6;5450.74;4874.31;4358.61;3897.39;3484.81;3115.97;2786.03;2490.82;2226.79;1990.57;1779.28;1590.23;1421.08;1269.72;1134.29;1013.12;904.726;807.782;721.261;644.024;575.255;514.267;460.492;413.55
2;2183021028760;50;frequency;20000.00000002444;22385.53853899816;25055.61678390222;28044.17375656954;31389.19662092121;35133.2035329932;39323.78408414649;44014.2042055669;49264.08322518227;55140.1516811012;61717.09952482729;69078.52549602467;77317.99973512921;86540.25314108083;96862.50859274992;108415.9709538568;121347.4948009008;135821.4510731415;152021.8163702936;170154.5114554648;190450.0186878266;213166.3116533389;238592.1342356312;267050.6708003728;298903.6541519141;334555.9634717432;374460.7706856584;419125.3006744233;469117.2785435782;525072.1459047724;587701.13789258;657800.3235824071;736260.7247225839;824079.6413975459;922373.3285811875;1032391.184709951;1155531.632626961;1293359.894754076;1447627.888434013;1620296.494325686;1813560.480908265;2029876.401899315;2271993.821195295;2542990.262224833;2846310.325953354;3185809.474764127;3565803.038745301;3991121.067296888;4467169.723268114;4999999.999999929
2;2183021028760;50;phasez;-1.55641;-1.55593;-1.55542;-1.55503;-1.55439;-1.55383;-1.55313;-1.55224;-1.5511;-1.55012;-1.54906;-1.54759;-1.54611;-1.5443;-1.54237;-1.54023;-1.53776;-1.53512;-1.5321;-1.52875;-1.525;-1.52086;-1.51622;-1.51103;-1.50523;-1.49879;-1.49158;-1.48352;-1.47455;-1.46449;-1.45325;-1.44067;-1.4266;-1.41084;-1.39317;-1.37337;-1.35113;-1.32619;-1.29815;-1.26661;-1.23109;-1.19104;-1.1458;-1.09462;-1.03651;-0.970552;-0.895381;-0.809565;-0.71139;-0.598926
3;2183338509715;20;absz;20299.3;16552.2;13494.8;10998.8;8966.62;7310.77;5959.46;4858.81;3960.65;3228.69;2631.53;2144.19;1746.53;1422.18;1157.22;940.978;764.499;620.928;504.843;412.516
3;2183338509715;20;frequency;99999.99999990905;122862.535599424;150952.0265389597;185463.4873444638;227865.1431623047;279960.8926363817;343967.05137965;422606.6409511731;519225.2346839865;637933.2888043621;783781.0140572543;962973.2274171232;1183133.324347452;1453627.601814205;1785963.729760951;2194280.323268956;2695948.443325946;3312310.615921419;4069588.809647371;4999999.999999929
3;2183338509715;20;phasez;-1.54153;-1.53776;-1.53317;-1.52751;-1.52063;-1.51221;-1.50182;-1.4891;-1.47347;-1.45425;-1.43063;-1.40151;-1.36555;-1.32105;-1.26582;-1.19698;-1.11062;-1.00161;-0.862751;-0.684551
