0;7010306223425;20;absz;1.38804e+08;1.01114e+08;7.36858e+07;5.36511e+07;3.90485e+07;2.84176e+07;2.06673e+07;1.50289e+07;1.09282e+07;7.94467e+06;5.77455e+06;4.19687e+06;3.04972e+06;2.21585e+06;1.60979e+06;1.16932e+06;849230;616657;447698;324971
0;7010306223425;20;frequency;9.999999974752427;13.86918846435492;19.23543905490988;26.67799336109056;37.00021196095804;51.31629158938722;71.17153245417285;98.70914048804025;136.9015682683994;189.8713664161278;263.3361782500288;365.2259113806622;506.5387032487934;702.5280792305466;974.3494403835484;1351.343611730726;1874.203936580443;2599.368780806799;3605.113577052066;4999.99999995282
0;7010306223425;20;phasez;-1.51542;-1.51743;-1.52045;-1.52253;-1.52418;-1.52555;-1.52722;-1.52838;-1.52931;-1.53012;-1.53069;-1.5311;-1.53128;-1.53123;-1.53084;-1.52998;-1.52855;-1.52627;-1.5228;-1.51768
1;7011076321134;50;absz;7.48443e+06;6.41473e+06;5.4816e+06;4.69343e+06;4.01591e+06;3.43601e+06;2.93915e+06;2.51448e+06;2.15224e+06;1.84089e+06;1.57483e+06;1.34757e+06;1.15291e+06;986026;843451;721496;617132;527840;451451;386116;330218;282388;241493;206510;176590;151005;129119;110405;94402.1;80717;69014.7;59008.3;50452.2;43135.8;36879.6;31529.4;26953.8;23040.9;19694.3;16832.2;14384;12289.4;10497.6;8963.88;7650.84;6526.39;5562.92;4736.47;4026.91;3416.71
1;7011076321134;50;frequency;199.9999999213742;234.625769479635;275.2462588517801;322.8993264769997;378.802514688914;444.3841576318164;521.3198749487447;611.5753842550475;717.456725922716;841.6691823498468;987.3863981368913;1158.33146786315;1358.872060208682;1594.132014446359;1870.122253535556;2193.894364737048;2573.720768452858;3019.306079821149;3542.035062906734;4155.263512473084;4874.659497176026;5718.603679767398;6708.658946337209;7870.121340545211;9232.666380967203;10831.10727442716;12706.28439819177;14906.10877695531;17486.78621595445;20514.25336674129;24065.86241733066;28232.35745111674;33120.19296963342;38854.25382030405;45581.04601983359;53472.44000269313;62730.06193403319;73590.44528463698;86331.07429211862;101277.4737211686;118811.5260634959;139381.228686517;163512.140226203;191820.8086789974;225030.524286467;263989.7996954232;309694.0495706946;363311.0235703185;426210.642505751;499999.9999999716
1;7011076321134;50;phasez;-1.53349;-1.53113;-1.53226;-1.53217;-1.53242;-1.53376;-1.53404;-1.53364;-1.53414;-1.53433;-1.53477;-1.53491;-1.53539;-1.53554;-1.53599;-1.53622;-1.53637;-1.53658;-1.53676;-1.53697;-1.53706;-1.53716;-1.53716;-1.53713;-1.53701;-1.53681;-1.53652;-1.53614;-1.53564;-1.53499;-1.53422;-1.53327;-1.53213;-1.53076;-1.52914;-1.52723;-1.52497;-1.52228;-1.5191;-1.51534;-1.51088;-1.50561;-1.49936;-1.49196;-1.48321;-1.47282;-1.46049;-1.44581;-1.42826;-1.40718
2;7011847464396;50;absz;83162.8;74462.7;66660.2;59665.7;53418.7;47820;42803.8;38320.8;34301.9;30707.4;27483.3;24601.8;22020.1;19710.6;17643.3;15792.5;14135.8;12653.5;11325.4;10136.9;9072.81;8120.26;7267.82;6504.63;5821.71;5210.23;4662.84;4172.82;3734.15;3341.41;2989.8;2675.01;2393.24;2140.88;1914.95;1712.62;1531.41;1369.17;1223.83;1093.67;977.055;872.639;779.124;695.386;620.542;553.643;493.978;440.966;394.106;353.038
2;7011847464396;50;frequency;20000.00000002444;22385.53853899816;25055.61678390222;28044.17375656954;31389.19662092121;35133.2035329932;39323.78408414649;44014.2042055669;49264.08322518227;55140.1516811012;61717.09952482729;69078.52549602467;77317.99973512921;86540.25314108083;96862.50859274992;108415.9709538568;121347.4948009008;135821.4510731415;152021.8163702936;170154.5114554648;190450.0186878266;213166.3116533389;238592.1342356312;267050.6708003728;298903.6541519141;334555.9634717432;374460.7706856584;419125.3006744233;469117.2785435782;525072.1459047724;587701.13789258;657800.3235824071;736260.7247225839;824079.6413975459;922373.3285811875;1032391.184709951;1155531.632626961;1293359.894754076;1447627.888434013;1620296.494325686;1813560.480908265;2029876.401899315;2271993.821195295;2542990.262224833;2846310.325953354;3185809.474764127;3565803.038745301;3991121.067296888;4467169.723268114;4999999.999999929
2;7011847464396;50;phasez;-1.53861;-1.5385;-1.53797;-1.53784;-1.53748;-1.53696;-1.53668;-1.53579;-1.53522;-1.53435;-1.5333;-1.53222;-1.53095;-1.52945;-1.52777;-1.52594;-1.52379;-1.52142;-1.51872;-1.51568;-1.51225;-1.50842;-1.50412;-1.49926;-1.49383;-1.48771;-1.48089;-1.4732;-1.4646;-1.45493;-1.44409;-1.43192;-1.41827;-1.40294;-1.38573;-1.36637;-1.34462;-1.32014;-1.29258;-1.26152;-1.22649;-1.1869;-1.14214;-1.0914;-1.03374;-0.968201;-0.89341;-0.807913;-0.709979;-0.597639
3;7012165705453;20;absz;17178.6;14032.7;11459.3;9357.89;7642.59;6240.06;5095.49;4160.1;3395.97;2771.78;2261.48;1844.37;1503.65;1224.86;996.917;810.45;657.993;533.647;432.79;352.18
3;7012165705453;20;frequency;99999.99999990905;122862.535599424;150952.0265389597;185463.4873444638;227865.1431623047;279960.8926363817;343967.05137965;422606.6409511731;519225.2346839865;637933.2888043621;783781.0140572543;962973.2274171232;1183133.324347452;1453627.601814205;1785963.729760951;2194280.323268956;2695948.443325946;3312310.615921419;4069588.809647371;4999999.999999929
3;7012165705453;20;phasez;-1.52701;-1.52375;-1.51973;-1.51463;-1.50837;-1.50054;-1.49081;-1.47881;-1.46387;-1.44539;-1.42254;-1.39422;-1.35912;-1.31549;-1.26114;-1.19317;-1.10766;-0.999403;-0.861152;-0.683302
