0;10581670181498;20;absz;1.35839e+08;9.91058e+07;7.22286e+07;5.26281e+07;3.83262e+07;2.79029e+07;2.0303e+07;1.47725e+07;1.07444e+07;7.81348e+06;5.68099e+06;4.12983e+06;3.00162e+06;2.18131e+06;1.58496e+06;1.1515e+06;836438;607503;441155;320308
0;10581670181498;20;frequency;9.999999974752427;13.86918846435492;19.23543905490988;26.67799336109056;37.00021196095804;51.31629158938722;71.17153245417285;98.70914048804025;136.9015682683994;189.8713664161278;263.3361782500288;365.2259113806622;506.5387032487934;702.5280792305466;974.3494403835484;1351.343611730726;1874.203936580443;2599.368780806799;3605.113577052066;4999.99999995282
0;10581670181498;20;phasez;-1.50974;-1.51306;-1.51627;-1.51915;-1.52123;-1.52363;-1.52491;-1.52633;-1.5275;-1.52853;-1.52925;-1.52978;-1.5301;-1.53013;-1.52978;-1.52893;-1.52747;-1.52513;-1.52162;-1.51645
1;10582440437574;50;absz;7.36568e+06;6.31353e+06;5.39332e+06;4.61999e+06;3.9511e+06;3.38198e+06;2.89335e+06;2.47431e+06;2.11832e+06;1.81231e+06;1.55055e+06;1.32676e+06;1.1351e+06;971267;830881;710786;607958;520052;444869;380521;325480;278382;238097;203629;174151;148938;127369;108924;93146.9;79652.9;68114.3;58244.5;49805.2;42586.9;36414.2;31134.8;26619.7;22757.9;19454.8;16629.6;14212.7;12144.9;10375.1;8860.49;7563.68;6452.8;5500.66;4683.98;3982.68;3379.56
1;10582440437574;50;frequency;199.9999999213742;234.625769479635;275.2462588517801;322.8993264769997;378.802514688914;444.3841576318164;521.3198749487447;611.5753842550475;717.456725922716;841.6691823498468;987.3863981368913;1158.33146786315;1358.872060208682;1594.132014446359;1870.122253535556;2193.894364737048;2573.720768452858;3019.306079821149;3542.035062906734;4155.263512473084;4874.659497176026;5718.603679767398;6708.658946337209;7870.121340545211;9232.666380967203;10831.10727442716;12706.28439819177;14906.10877695531;17486.78621595445;20514.25336674129;24065.86241733066;28232.35745111674;33120.19296963342;38854.25382030405;45581.04601983359;53472.44000269313;62730.06193403319;73590.44528463698;86331.07429211862;101277.4737211686;118811.5260634959;139381.228686517;163512.140226203;191820.8086789974;225030.524286467;263989.7996954232;309694.0495706946;363311.0235703185;426210.642505751;499999.9999999716
1;10582440437574;50;phasez;-1.53095;-1.52898;-1.53112;-1.53139;-1.53157;-1.53261;-1.5323;-1.53239;-1.53353;-1.53349;-1.53362;-1.53401;-1.53436;-1.53452;-1.53491;-1.53504;-1.53522;-1.53548;-1.53565;-1.53577;-1.53587;-1.53594;-1.53594;-1.53587;-1.53577;-1.53558;-1.53529;-1.53492;-1.53442;-1.5338;-1.53303;-1.53209;-1.53096;-1.52959;-1.52797;-1.52605;-1.52378;-1.52107;-1.51788;-1.51411;-1.50964;-1.50436;-1.49812;-1.49072;-1.48197;-1.47158;-1.45925;-1.44455;-1.42699;-1.40589
2;10583207668643;50;absz;82076.9;73499.8;65771;58884.4;52728.5;47197.4;42256.1;37829.2;33866.4;30313.8;27140.9;24295.5;21748.8;19468.8;17427.7;15602;13966.8;12502.3;11191;10018;8967.08;8026.6;7184.54;6430.71;5755.88;5151.79;4610.86;4126.58;3693.01;3304.93;2957.43;2646.26;2367.65;2118.23;1894.83;1694.78;1515.63;1355.17;1211.44;1082.7;967.356;864.048;771.52;688.663;614.571;548.353;489.265;436.771;390.344;349.657
2;10583207668643;50;frequency;20000.00000002444;22385.53853899816;25055.61678390222;28044.17375656954;31389.19662092121;35133.2035329932;39323.78408414649;44014.2042055669;49264.08322518227;55140.1516811012;61717.09952482729;69078.52549602467;77317.99973512921;86540.25314108083;96862.50859274992;108415.9709538568;121347.4948009008;135821.4510731415;152021.8163702936;170154.5114554648;190450.0186878266;213166.3116533389;238592.1342356312;267050.6708003728;298903.6541519141;334555.9634717432;374460.7706856584;419125.3006744233;469117.2785435782;525072.1459047724;587701.13789258;657800.3235824071;736260.7247225839;824079.6413975459;922373.3285811875;1032391.184709951;1155531.632626961;1293359.894754076;1447627.888434013;1620296.494325686;1813560.480908265;2029876.401899315;2271993.821195295;2542990.262224833;2846310.325953354;3185809.474764127;3565803.038745301;3991121.067296888;4467169.723268114;4999999.999999929
2;10583207668643;50;phasez;-1.53752;-1.53734;-1.53701;-1.53675;-1.53652;-1.5358;-1.53537;-1.53477;-1.53393;-1.53307;-1.53222;-1.53104;-1.52972;-1.52824;-1.52662;-1.52475;-1.52257;-1.52016;-1.51749;-1.51444;-1.51104;-1.50718;-1.50285;-1.49801;-1.49258;-1.48647;-1.47964;-1.47194;-1.46332;-1.45364;-1.44279;-1.4306;-1.41691;-1.40155;-1.3843;-1.36492;-1.34312;-1.31861;-1.29102;-1.25993;-1.22485;-1.18524;-1.14045;-1.08966;-1.03199;-0.966399;-0.891554;-0.805989;-0.707979;-0.595538
3;10583527210625;20;absz;16965.9;13860.9;11320.4;9246.62;7553.24;6168.25;5037.47;4113.13;3358.38;2741.49;2237.15;1824.83;1487.96;1212.3;986.875;802.417;651.557;528.472;428.605;348.752
3;10583527210625;20;frequency;99999.99999990905;122862.535599424;150952.0265389597;185463.4873444638;227865.1431623047;279960.8926363817;343967.05137965;422606.6409511731;519225.2346839865;637933.2888043621;783781.0140572543;962973.2274171232;1183133.324347452;1453627.601814205;1785963.729760951;2194280.323268956;2695948.443325946;3312310.615921419;4069588.809647371;4999999.999999929
3;10583527210625;20;phasez;-1.5258;-1.52257;-1.51847;-1.51345;-1.50716;-1.49932;-1.48959;-1.47752;-1.46258;-1.4441;-1.42117;-1.39278;-1.35763;-1.31394;-1.25953;-1.1915;-1.10593;-0.997605;-0.859251;-0.681191
