0;504904854996;20;absz;2.4518e+08;1.77481e+08;1.28316e+08;9.28063e+07;6.71321e+07;4.85229e+07;3.51273e+07;2.54032e+07;1.83766e+07;1.32935e+07;9.61672e+06;6.9568e+06;5.03316e+06;3.64141e+06;2.63445e+06;1.9059e+06;1.37875e+06;997383;721501;521923
0;504904854996;20;frequency;9.999999974752427;13.86918846435492;19.23543905490988;26.67799336109056;37.00021196095804;51.31629158938722;71.17153245417285;98.70914048804025;136.9015682683994;189.8713664161278;263.3361782500288;365.2259113806622;506.5387032487934;702.5280792305466;974.3494403835484;1351.343611730726;1874.203936580443;2599.368780806799;3605.113577052066;4999.99999995282
0;504904854996;20;phasez;-1.55655;-1.55607;-1.55633;-1.55552;-1.55519;-1.55465;-1.55534;-1.55481;-1.55458;-1.55432;-1.55384;-1.55329;-1.55261;-1.55177;-1.55069;-1.54914;-1.547;-1.54396;-1.53972;-1.53382
1;505673053697;50;absz;1.24894e+07;1.07118e+07;9.13222e+06;7.80059e+06;6.64257e+06;5.68485e+06;4.8509e+06;4.13957e+06;3.53486e+06;3.01816e+06;2.57714e+06;2.20038e+06;1.8783e+06;1.60419e+06;1.36927e+06;1.16896e+06;998044;852205;727569;621212;530382;452833;386640;330113;281860;240659;205484;175457;149819;127932;109243;93284.7;79660.5;68026.6;58090.9;49606.5;42361;36172.6;30886.5;26371.6;22513.9;19217.7;16400.6;13992.7;11933.6;10171.8;8663.33;7371.07;6262.51;5310.09
1;505673053697;50;frequency;199.9999999213742;234.625769479635;275.2462588517801;322.8993264769997;378.802514688914;444.3841576318164;521.3198749487447;611.5753842550475;717.456725922716;841.6691823498468;987.3863981368913;1158.33146786315;1358.872060208682;1594.132014446359;1870.122253535556;2193.894364737048;2573.720768452858;3019.306079821149;3542.035062906734;4155.263512473084;4874.659497176026;5718.603679767398;6708.658946337209;7870.121340545211;9232.666380967203;10831.10727442716;12706.28439819177;14906.10877695531;17486.78621595445;20514.25336674129;24065.86241733066;28232.35745111674;33120.19296963342;38854.25382030405;45581.04601983359;53472.44000269313;62730.06193403319;73590.44528463698;86331.07429211862;101277.4737211686;118811.5260634959;139381.228686517;163512.140226203;191820.8086789974;225030.524286467;263989.7996954232;309694.0495706946;363311.0235703185;426210.642505751;499999.9999999716
1;505673053697;50;phasez;-1.55627;-1.55264;-1.55357;-1.55602;-1.55467;-1.55573;-1.55379;-1.55487;-1.55447;-1.55432;-1.55483;-1.55464;-1.55426;-1.55447;-1.55426;-1.55434;-1.55408;-1.55392;-1.5538;-1.55353;-1.55334;-1.55302;-1.55266;-1.55226;-1.55178;-1.5512;-1.55059;-1.54985;-1.54899;-1.54801;-1.54692;-1.54563;-1.54415;-1.54246;-1.5405;-1.53826;-1.53566;-1.53263;-1.52912;-1.52502;-1.52023;-1.51463;-1.50806;-1.50035;-1.49127;-1.48057;-1.46793;-1.45293;-1.43507;-1.41366
2;506441155478;50;absz;131859;117942;105488;94329.6;84354.2;75460.6;67481.7;60368.2;53998.5;48291.2;43190.4;38632.1;34556.2;30908.2;27646.7;24727.5;22118.2;19783.5;17698;15830.4;14161.3;12666.8;11330.5;10135.5;9066.51;8109.98;7254.36;6488.91;5804.13;5191.54;4643.44;4153.11;3714.41;3321.93;2970.72;2656.45;2375.31;2123.78;1898.68;1697.32;1517.17;1356.03;1211.93;1083.06;968.246;865.81;774.76;694.222;623.408;561.914
2;506441155478;50;frequency;20000.00000002444;22385.53853899816;25055.61678390222;28044.17375656954;31389.19662092121;35133.2035329932;39323.78408414649;44014.2042055669;49264.08322518227;55140.1516811012;61717.09952482729;69078.52549602467;77317.99973512921;86540.25314108083;96862.50859274992;108415.9709538568;121347.4948009008;135821.4510731415;152021.8163702936;170154.5114554648;190450.0186878266;213166.3116533389;238592.1342356312;267050.6708003728;298903.6541519141;334555.9634717432;374460.7706856584;419125.3006744233;469117.2785435782;525072.1459047724;587701.13789258;657800.3235824071;736260.7247225839;824079.6413975459;922373.3285811875;1032391.184709951;1155531.632626961;1293359.894754076;1447627.888434013;1620296.494325686;1813560.480908265;2029876.401899315;2271993.821195295;2542990.262224833;2846310.325953354;3185809.474764127;3565803.038745301;3991121.067296888;4467169.723268114;4999999.999999929
2;506441155478;50;phasez;-1.5519;-1.55131;-1.55073;-1.55028;-1.54962;-1.54875;-1.54852;-1.54727;-1.54631;-1.54519;-1.54407;-1.54256;-1.54111;-1.53956;-1.53766;-1.53544;-1.53315;-1.53057;-1.52761;-1.52434;-1.52069;-1.51662;-1.51211;-1.50703;-1.50136;-1.49502;-1.48798;-1.4801;-1.47124;-1.46136;-1.45029;-1.43789;-1.424;-1.40842;-1.39096;-1.37136;-1.34936;-1.32464;-1.29685;-1.26556;-1.23032;-1.19057;-1.14567;-1.09485;-1.03713;-0.971615;-0.896971;-0.811769;-0.714344;-0.602785
3;506760646060;20;absz;26907;21956.8;17914.3;14615.3;11919.6;9722.34;7931.21;6468.7;5276.27;4303.17;3509.09;2861.18;2332.05;1900.04;1547.74;1260.12;1025.69;835.265;681.807;560.52
3;506760646060;20;frequency;99999.99999990905;122862.535599424;150952.0265389597;185463.4873444638;227865.1431623047;279960.8926363817;343967.05137965;422606.6409511731;519225.2346839865;637933.2888043621;783781.0140572543;962973.2274171232;1183133.324347452;1453627.601814205;1785963.729760951;2194280.323268956;2695948.443325946;3312310.615921419;4069588.809647371;4999999.999999929
3;506760646060;20;phasez;-1.53664;-1.53307;-1.52859;-1.52312;-1.51644;-1.50821;-1.49807;-1.48563;-1.47028;-1.45141;-1.42811;-1.39935;-1.3638;-1.31973;-1.26499;-1.1967;-1.11099;-1.00279;-0.864985;-0.688255
