0;10355668722557;20;absz;1.35957e+08;9.91529e+07;7.22573e+07;5.26572e+07;3.83518e+07;2.79144e+07;2.03146e+07;1.47809e+07;1.07503e+07;7.81742e+06;5.68371e+06;4.13175e+06;3.00302e+06;2.18235e+06;1.58566e+06;1.152e+06;836800;607743;441337;320426
0;10355668722557;20;frequency;9.999999974752427;13.86918846435492;19.23543905490988;26.67799336109056;37.00021196095804;51.31629158938722;71.17153245417285;98.70914048804025;136.9015682683994;189.8713664161278;263.3361782500288;365.2259113806622;506.5387032487934;702.5280792305466;974.3494403835484;1351.343611730726;1874.203936580443;2599.368780806799;3605.113577052066;4999.99999995282
0;10355668722557;20;phasez;-1.51003;-1.5133;-1.51637;-1.51907;-1.52119;-1.52353;-1.52497;-1.52636;-1.52762;-1.52852;-1.5293;-1.52985;-1.53014;-1.53017;-1.52982;-1.52901;-1.52753;-1.52519;-1.52167;-1.51651
1;10356436797754;50;absz;7.37975e+06;6.30921e+06;5.39813e+06;4.61339e+06;3.95234e+06;3.38208e+06;2.89408e+06;2.47652e+06;2.11957e+06;1.81309e+06;1.55132e+06;1.32748e+06;1.13578e+06;971624;831139;711035;608197;520266;445035;380649;325588;278480;238180;203699;174212;148990;127416;108963;93179.2;79681;68137.4;58265.4;49822.3;42602;36427;31145.9;26629;22766.1;19461.9;16635.8;14217.8;12148.9;10378.7;8863.45;7566.03;6454.77;5502.36;4685.42;3983.9;3380.56
1;10356436797754;50;frequency;199.9999999213742;234.625769479635;275.2462588517801;322.8993264769997;378.802514688914;444.3841576318164;521.3198749487447;611.5753842550475;717.456725922716;841.6691823498468;987.3863981368913;1158.33146786315;1358.872060208682;1594.132014446359;1870.122253535556;2193.894364737048;2573.720768452858;3019.306079821149;3542.035062906734;4155.263512473084;4874.659497176026;5718.603679767398;6708.658946337209;7870.121340545211;9232.666380967203;10831.10727442716;12706.28439819177;14906.10877695531;17486.78621595445;20514.25336674129;24065.86241733066;28232.35745111674;33120.19296963342;38854.25382030405;45581.04601983359;53472.44000269313;62730.06193403319;73590.44528463698;86331.07429211862;101277.4737211686;118811.5260634959;139381.228686517;163512.140226203;191820.8086789974;225030.524286467;263989.7996954232;309694.0495706946;363311.0235703185;426210.642505751;499999.9999999716
1;10356436797754;50;phasez;-1.53196;-1.5312;-1.52924;-1.53124;-1.53192;-1.53191;-1.53241;-1.53262;-1.53332;-1.53363;-1.53379;-1.53394;-1.53441;-1.53467;-1.53493;-1.53508;-1.53534;-1.53553;-1.53566;-1.53583;-1.53592;-1.53596;-1.53595;-1.53593;-1.53579;-1.5356;-1.53532;-1.53493;-1.53444;-1.53381;-1.53303;-1.53209;-1.53095;-1.52959;-1.52797;-1.52605;-1.52378;-1.52109;-1.5179;-1.51414;-1.50968;-1.50441;-1.49817;-1.49078;-1.48203;-1.47164;-1.45931;-1.44462;-1.42706;-1.40595
2;10357208190923;50;absz;82079.9;73483.6;65788.1;58902.1;52741.2;47215;42272.8;37844.3;33879.3;30324.6;27147.2;24302.3;21755.4;19474.4;17434.7;15606.3;13970.3;12505.7;11194.8;10020.6;8969.69;8028.97;7186.27;6432.29;5757.37;5153;4611.99;4127.53;3693.94;3305.68;2958.03;2646.87;2368.21;2118.68;1895.24;1695.14;1515.96;1355.46;1211.68;1082.91;967.541;864.206;771.663;688.772;614.682;548.454;489.362;436.855;390.424;349.724
2;10357208190923;50;frequency;20000.00000002444;22385.53853899816;25055.61678390222;28044.17375656954;31389.19662092121;35133.2035329932;39323.78408414649;44014.2042055669;49264.08322518227;55140.1516811012;61717.09952482729;69078.52549602467;77317.99973512921;86540.25314108083;96862.50859274992;108415.9709538568;121347.4948009008;135821.4510731415;152021.8163702936;170154.5114554648;190450.0186878266;213166.3116533389;238592.1342356312;267050.6708003728;298903.6541519141;334555.9634717432;374460.7706856584;419125.3006744233;469117.2785435782;525072.1459047724;587701.13789258;657800.3235824071;736260.7247225839;824079.6413975459;922373.3285811875;1032391.184709951;1155531.632626961;1293359.894754076;1447627.888434013;1620296.494325686;1813560.480908265;2029876.401899315;2271993.821195295;2542990.262224833;2846310.325953354;3185809.474764127;3565803.038745301;3991121.067296888;4467169.723268114;4999999.999999929
2;10357208190923;50;phasez;-1.53726;-1.53697;-1.53714;-1.5367;-1.53651;-1.53595;-1.5353;-1.53463;-1.53395;-1.53322;-1.53216;-1.53112;-1.52977;-1.52832;-1.52668;-1.52475;-1.52262;-1.52023;-1.51751;-1.5145;-1.51108;-1.50725;-1.50292;-1.49809;-1.49265;-1.48654;-1.4797;-1.47201;-1.46337;-1.45369;-1.44283;-1.43066;-1.41698;-1.40162;-1.38437;-1.36497;-1.34319;-1.31867;-1.29108;-1.25998;-1.22491;-1.18531;-1.14052;-1.08973;-1.03206;-0.966464;-0.891614;-0.806055;-0.708058;-0.595611
3;10357527253751;20;absz;16971.5;13867.1;11325.1;9250.36;7555.78;6169.95;5038.98;4114.42;3359.3;2742.18;2237.75;1825.3;1488.34;1212.61;987.088;802.613;651.705;528.607;428.715;348.851
3;10357527253751;20;frequency;99999.99999990905;122862.535599424;150952.0265389597;185463.4873444638;227865.1431623047;279960.8926363817;343967.05137965;422606.6409511731;519225.2346839865;637933.2888043621;783781.0140572543;962973.2274171232;1183133.324347452;1453627.601814205;1785963.729760951;2194280.323268956;2695948.443325946;3312310.615921419;4069588.809647371;4999999.999999929
3;10357527253751;20;phasez;-1.52575;-1.52254;-1.51853;-1.51349;-1.50723;-1.4994;-1.48965;-1.47759;-1.46264;-1.44414;-1.42122;-1.39286;-1.35768;-1.314;-1.25958;-1.19156;-1.10598;-0.997654;-0.859296;-0.681278
