0;3397729696057;20;absz;1.65116e+08;1.19861e+08;8.70204e+07;6.31215e+07;4.58167e+07;3.32143e+07;2.41065e+07;1.74798e+07;1.2673e+07;9.18673e+06;6.65853e+06;4.82531e+06;3.49612e+06;2.53256e+06;1.83436e+06;1.32845e+06;961998;696575;504363;365189
0;3397729696057;20;frequency;9.999999974752427;13.86918846435492;19.23543905490988;26.67799336109056;37.00021196095804;51.31629158938722;71.17153245417285;98.70914048804025;136.9015682683994;189.8713664161278;263.3361782500288;365.2259113806622;506.5387032487934;702.5280792305466;974.3494403835484;1351.343611730726;1874.203936580443;2599.368780806799;3605.113577052066;4999.99999995282
0;3397729696057;20;phasez;-1.53636;-1.53751;-1.53863;-1.53953;-1.54064;-1.54131;-1.54244;-1.5431;-1.54377;-1.54434;-1.54483;-1.5452;-1.54533;-1.54521;-1.54468;-1.54361;-1.54184;-1.53913;-1.53517;-1.52954
1;3398499035922;50;absz;8.66616e+06;7.40389e+06;6.3218e+06;5.40777e+06;4.6136e+06;3.94554e+06;3.36982e+06;2.8777e+06;2.45916e+06;2.10102e+06;1.79476e+06;1.53296e+06;1.30967e+06;1.11866e+06;955461;816174;697225;595529;508669;434490;371132;317025;270797;231308;197575;168768;144161;123142;105186;89847.9;76745.3;65554.4;55993.6;47827;40849.8;34889.4;29797.7;25447.4;21730.8;18554.4;15840.6;13521.1;11538.6;9843.44;8393.61;7153.25;6091.3;5181.33;4400.69;3730.17
1;3398499035922;50;frequency;199.9999999213742;234.625769479635;275.2462588517801;322.8993264769997;378.802514688914;444.3841576318164;521.3198749487447;611.5753842550475;717.456725922716;841.6691823498468;987.3863981368913;1158.33146786315;1358.872060208682;1594.132014446359;1870.122253535556;2193.894364737048;2573.720768452858;3019.306079821149;3542.035062906734;4155.263512473084;4874.659497176026;5718.603679767398;6708.658946337209;7870.121340545211;9232.666380967203;10831.10727442716;12706.28439819177;14906.10877695531;17486.78621595445;20514.25336674129;24065.86241733066;28232.35745111674;33120.19296963342;38854.25382030405;45581.04601983359;53472.44000269313;62730.06193403319;73590.44528463698;86331.07429211862;101277.4737211686;118811.5260634959;139381.228686517;163512.140226203;191820.8086789974;225030.524286467;263989.7996954232;309694.0495706946;363311.0235703185;426210.642505751;499999.9999999716
1;3398499035922;50;phasez;-1.54305;-1.54693;-1.54582;-1.54629;-1.5468;-1.54823;-1.54771;-1.54808;-1.54778;-1.5485;-1.54852;-1.54892;-1.54906;-1.54914;-1.54907;-1.54921;-1.54927;-1.54929;-1.54918;-1.54908;-1.54895;-1.54879;-1.54859;-1.54831;-1.54801;-1.54762;-1.54716;-1.54662;-1.54598;-1.54523;-1.54434;-1.5433;-1.54208;-1.54065;-1.53897;-1.537;-1.53468;-1.53195;-1.52873;-1.52494;-1.52047;-1.51518;-1.50893;-1.50155;-1.4928;-1.48244;-1.47013;-1.45547;-1.43794;-1.41686
2;3399268235893;50;absz;92576.8;82845.8;74096.2;66282;59292.4;53049.5;47458;42453;37976.3;33968.1;30388.6;27177;24312.9;21747.7;19453.2;17400.7;15564.5;13922.8;12452.5;11138.6;9963.1;8911.13;7970.15;7128.43;6375.49;5701.82;5099.31;4560.19;4077.85;3646.39;3260.33;2915;2606.06;2329.67;2082.42;1861.13;1663.15;1486;1327.48;1185.62;1058.69;945.11;843.528;752.639;671.5;599.074;534.55;477.289;426.765;382.584
2;3399268235893;50;frequency;20000.00000002444;22385.53853899816;25055.61678390222;28044.17375656954;31389.19662092121;35133.2035329932;39323.78408414649;44014.2042055669;49264.08322518227;55140.1516811012;61717.09952482729;69078.52549602467;77317.99973512921;86540.25314108083;96862.50859274992;108415.9709538568;121347.4948009008;135821.4510731415;152021.8163702936;170154.5114554648;190450.0186878266;213166.3116533389;238592.1342356312;267050.6708003728;298903.6541519141;334555.9634717432;374460.7706856584;419125.3006744233;469117.2785435782;525072.1459047724;587701.13789258;657800.3235824071;736260.7247225839;824079.6413975459;922373.3285811875;1032391.184709951;1155531.632626961;1293359.894754076;1447627.888434013;1620296.494325686;1813560.480908265;2029876.401899315;2271993.821195295;2542990.262224833;2846310.325953354;3185809.474764127;3565803.038745301;3991121.067296888;4467169.723268114;4999999.999999929
2;3399268235893;50;phasez;-1.54914;-1.54859;-1.54826;-1.54787;-1.54727;-1.54689;-1.54645;-1.5458;-1.54489;-1.54404;-1.54308;-1.54189;-1.54057;-1.53912;-1.53746;-1.53553;-1.53339;-1.53103;-1.52827;-1.52528;-1.52186;-1.51799;-1.5137;-1.50889;-1.50347;-1.49737;-1.49052;-1.48286;-1.47426;-1.4646;-1.45374;-1.44154;-1.42785;-1.41248;-1.39519;-1.37576;-1.35392;-1.32935;-1.30168;-1.27051;-1.23536;-1.19567;-1.1508;-1.09996;-1.04224;-0.976619;-0.901799;-0.816324;-0.718464;-0.606276
3;3399586662208;20;absz;18937.7;15451.4;12603.7;10278.5;8383.95;6837.07;5575.32;4546.31;3706.21;3021.06;2461.75;2005.24;1632.75;1328.65;1080.31;877.566;712.123;577.451;468.48;381.666
3;3399586662208;20;frequency;99999.99999990905;122862.535599424;150952.0265389597;185463.4873444638;227865.1431623047;279960.8926363817;343967.05137965;422606.6409511731;519225.2346839865;637933.2888043621;783781.0140572543;962973.2274171232;1183133.324347452;1453627.601814205;1785963.729760951;2194280.323268956;2695948.443325946;3312310.615921419;4069588.809647371;4999999.999999929
3;3399586662208;20;phasez;-1.53657;-1.53337;-1.52929;-1.52423;-1.51798;-1.51018;-1.5005;-1.48847;-1.47353;-1.45502;-1.43211;-1.40367;-1.3684;-1.32459;-1.27004;-1.20187;-1.11617;-1.00781;-0.869563;-0.691896
