0;8277060093714;20;absz;1.36921e+08;9.98516e+07;7.2769e+07;5.30036e+07;3.85873e+07;2.80926e+07;2.04364e+07;1.48661e+07;1.08124e+07;7.86164e+06;5.71538e+06;4.15426e+06;3.0192e+06;2.19396e+06;1.59409e+06;1.15804e+06;841157;610897;443591;322042
0;8277060093714;20;frequency;9.999999974752427;13.86918846435492;19.23543905490988;26.67799336109056;37.00021196095804;51.31629158938722;71.17153245417285;98.70914048804025;136.9015682683994;189.8713664161278;263.3361782500288;365.2259113806622;506.5387032487934;702.5280792305466;974.3494403835484;1351.343611730726;1874.203936580443;2599.368780806799;3605.113577052066;4999.99999995282
0;8277060093714;20;phasez;-1.51085;-1.51447;-1.51769;-1.52004;-1.52221;-1.52465;-1.52565;-1.52703;-1.52821;-1.52913;-1.52982;-1.53029;-1.53052;-1.53049;-1.53012;-1.5293;-1.52782;-1.52551;-1.52203;-1.5169
1;8277830046319;50;absz;7.40358e+06;6.34465e+06;5.42928e+06;4.6424e+06;3.9751e+06;3.40033e+06;2.90861e+06;2.48941e+06;2.13012e+06;1.82263e+06;1.5598e+06;1.33427e+06;1.14141e+06;976560;835484;714729;611354;522946;447326;382609;327238;279882;239358;204707;175061;149706;128022;109475;93614.6;80050.6;68450;58529.3;50045.3;42791.2;36587.4;31281.9;26744.5;22863.6;19544.1;16705.2;14276.5;12198.5;10420.6;8898.87;7596.02;6479.97;5523.67;4703.34;3998.97;3393.26
1;8277830046319;50;frequency;199.9999999213742;234.625769479635;275.2462588517801;322.8993264769997;378.802514688914;444.3841576318164;521.3198749487447;611.5753842550475;717.456725922716;841.6691823498468;987.3863981368913;1158.33146786315;1358.872060208682;1594.132014446359;1870.122253535556;2193.894364737048;2573.720768452858;3019.306079821149;3542.035062906734;4155.263512473084;4874.659497176026;5718.603679767398;6708.658946337209;7870.121340545211;9232.666380967203;10831.10727442716;12706.28439819177;14906.10877695531;17486.78621595445;20514.25336674129;24065.86241733066;28232.35745111674;33120.19296963342;38854.25382030405;45581.04601983359;53472.44000269313;62730.06193403319;73590.44528463698;86331.07429211862;101277.4737211686;118811.5260634959;139381.228686517;163512.140226203;191820.8086789974;225030.524286467;263989.7996954232;309694.0495706946;363311.0235703185;426210.642505751;499999.9999999716
1;8277830046319;50;phasez;-1.52809;-1.53262;-1.52918;-1.53301;-1.53277;-1.53316;-1.53285;-1.53308;-1.53326;-1.53391;-1.53422;-1.53443;-1.53458;-1.53502;-1.53512;-1.53541;-1.53554;-1.53582;-1.53602;-1.53615;-1.53627;-1.53635;-1.53637;-1.5363;-1.53622;-1.53602;-1.53574;-1.53537;-1.53486;-1.53426;-1.53348;-1.53253;-1.53139;-1.53003;-1.52841;-1.5265;-1.52423;-1.52154;-1.51836;-1.51459;-1.51014;-1.50486;-1.49862;-1.49123;-1.48247;-1.47208;-1.45974;-1.44505;-1.42749;-1.40639
2;8278598340546;50;absz;82491.9;73838;66113.1;59196.9;52986.9;47431.9;42466.7;38014.9;34032.8;30460.6;27271.6;24413.7;21852.7;19561.4;17509.7;15674.4;14030.4;12559.2;11241.9;10062.7;9006.88;8061.81;7215.68;6458.46;5780.42;5173.6;4630.25;4143.89;3708.4;3318.57;2969.53;2657.02;2377.25;2126.66;1902.31;1701.42;1521.51;1360.36;1216.01;1086.73;970.938;867.209;774.316;691.129;616.759;550.298;491.005;438.321;391.74;350.922
2;8278598340546;50;frequency;20000.00000002444;22385.53853899816;25055.61678390222;28044.17375656954;31389.19662092121;35133.2035329932;39323.78408414649;44014.2042055669;49264.08322518227;55140.1516811012;61717.09952482729;69078.52549602467;77317.99973512921;86540.25314108083;96862.50859274992;108415.9709538568;121347.4948009008;135821.4510731415;152021.8163702936;170154.5114554648;190450.0186878266;213166.3116533389;238592.1342356312;267050.6708003728;298903.6541519141;334555.9634717432;374460.7706856584;419125.3006744233;469117.2785435782;525072.1459047724;587701.13789258;657800.3235824071;736260.7247225839;824079.6413975459;922373.3285811875;1032391.184709951;1155531.632626961;1293359.894754076;1447627.888434013;1620296.494325686;1813560.480908265;2029876.401899315;2271993.821195295;2542990.262224833;2846310.325953354;3185809.474764127;3565803.038745301;3991121.067296888;4467169.723268114;4999999.999999929
2;8278598340546;50;phasez;-1.53796;-1.53788;-1.53743;-1.53704;-1.53693;-1.53643;-1.5358;-1.53517;-1.53448;-1.53356;-1.53266;-1.53149;-1.53016;-1.52879;-1.5271;-1.52519;-1.52309;-1.52067;-1.518;-1.51493;-1.51151;-1.50766;-1.50336;-1.49851;-1.49308;-1.48696;-1.48012;-1.47243;-1.46381;-1.45413;-1.44327;-1.4311;-1.41743;-1.40207;-1.38483;-1.36546;-1.34368;-1.31917;-1.29158;-1.2605;-1.22543;-1.18582;-1.14103;-1.09025;-1.03255;-0.966971;-0.892123;-0.80657;-0.708568;-0.596145
3;8278914600317;20;absz;17050.9;13929.7;11375.4;9290.46;7588.43;6196.2;5060.21;4131.4;3373;2753.25;2246.63;1832.41;1494.03;1217.17;990.766;805.523;654.051;530.475;430.231;350.099
3;8278914600317;20;frequency;99999.99999990905;122862.535599424;150952.0265389597;185463.4873444638;227865.1431623047;279960.8926363817;343967.05137965;422606.6409511731;519225.2346839865;637933.2888043621;783781.0140572543;962973.2274171232;1183133.324347452;1453627.601814205;1785963.729760951;2194280.323268956;2695948.443325946;3312310.615921419;4069588.809647371;4999999.999999929
3;8278914600317;20;phasez;-1.52608;-1.52298;-1.51901;-1.51392;-1.50763;-1.49984;-1.49008;-1.47801;-1.46306;-1.44457;-1.42167;-1.39332;-1.35815;-1.31447;-1.26007;-1.19204;-1.10644;-0.998108;-0.859739;-0.681732
