0;4820333093479;20;absz;1.48829e+08;1.08277e+08;7.87615e+07;5.7247e+07;4.16198e+07;3.02585e+07;2.19927e+07;1.59775e+07;1.16086e+07;8.43308e+06;6.12538e+06;4.44851e+06;3.23002e+06;2.34493e+06;1.70203e+06;1.23516e+06;896168;650133;471560;341981
0;4820333093479;20;frequency;9.999999974752427;13.86918846435492;19.23543905490988;26.67799336109056;37.00021196095804;51.31629158938722;71.17153245417285;98.70914048804025;136.9015682683994;189.8713664161278;263.3361782500288;365.2259113806622;506.5387032487934;702.5280792305466;974.3494403835484;1351.343611730726;1874.203936580443;2599.368780806799;3605.113577052066;4999.99999995282
0;4820333093479;20;phasez;-1.52574;-1.52735;-1.52862;-1.52974;-1.53074;-1.53091;-1.53243;-1.53308;-1.53374;-1.53431;-1.53481;-1.53518;-1.53546;-1.53547;-1.53515;-1.53437;-1.53296;-1.53066;-1.52717;-1.52204
1;4821101297860;50;absz;7.9375e+06;6.80476e+06;5.82278e+06;4.97604e+06;4.25418e+06;3.64061e+06;3.11283e+06;2.66393e+06;2.27799e+06;1.94667e+06;1.66535e+06;1.42408e+06;1.21761e+06;1.04106e+06;890116;761015;650641;556250;475531;406535;347504;297058;253921;217040;185516;158564;135523;115831;98998.1;84608.9;72309.6;61798.6;52814.4;45135.9;38573;32962.8;28167.9;24069.5;20566;17571.2;15010.5;12820.6;10948.1;9345.64;7974.56;6800.54;5794.71;4932.35;4192.02;3555.67
1;4821101297860;50;frequency;199.9999999213742;234.625769479635;275.2462588517801;322.8993264769997;378.802514688914;444.3841576318164;521.3198749487447;611.5753842550475;717.456725922716;841.6691823498468;987.3863981368913;1158.33146786315;1358.872060208682;1594.132014446359;1870.122253535556;2193.894364737048;2573.720768452858;3019.306079821149;3542.035062906734;4155.263512473084;4874.659497176026;5718.603679767398;6708.658946337209;7870.121340545211;9232.666380967203;10831.10727442716;12706.28439819177;14906.10877695531;17486.78621595445;20514.25336674129;24065.86241733066;28232.35745111674;33120.19296963342;38854.25382030405;45581.04601983359;53472.44000269313;62730.06193403319;73590.44528463698;86331.07429211862;101277.4737211686;118811.5260634959;139381.228686517;163512.140226203;191820.8086789974;225030.524286467;263989.7996954232;309694.0495706946;363311.0235703185;426210.642505751;499999.9999999716
1;4821101297860;50;phasez;-1.53373;-1.5371;-1.53504;-1.53723;-1.53712;-1.53686;-1.53767;-1.53789;-1.53841;-1.53868;-1.5389;-1.53923;-1.53963;-1.53988;-1.54023;-1.5405;-1.5408;-1.54104;-1.54119;-1.5413;-1.54144;-1.5415;-1.54149;-1.54144;-1.54131;-1.54111;-1.5408;-1.5404;-1.53988;-1.53921;-1.53841;-1.53743;-1.53624;-1.53483;-1.53315;-1.53116;-1.52881;-1.52605;-1.52279;-1.51894;-1.51442;-1.5091;-1.50283;-1.49542;-1.48667;-1.47632;-1.46404;-1.44942;-1.43195;-1.41096
2;4821869409866;50;absz;87217.2;78021.6;69846.5;62504;55922.5;50050.2;44794;40084.2;35869.8;32096.8;28722.9;25702.6;23000;20583.3;18419.5;16484.2;14751.1;13200.2;11812.5;10571;9459.64;8464.43;7574.39;6777.56;6064.43;5426.19;4855.11;4343.69;3886.17;3476.59;3109.95;2781.83;2488.06;2225.15;1989.74;1779.09;1590.46;1421.57;1270.37;1134.98;1013.76;905.221;808.083;721.124;643.436;574.037;512.171;457.229;408.687;366.192
2;4821869409866;50;frequency;20000.00000002444;22385.53853899816;25055.61678390222;28044.17375656954;31389.19662092121;35133.2035329932;39323.78408414649;44014.2042055669;49264.08322518227;55140.1516811012;61717.09952482729;69078.52549602467;77317.99973512921;86540.25314108083;96862.50859274992;108415.9709538568;121347.4948009008;135821.4510731415;152021.8163702936;170154.5114554648;190450.0186878266;213166.3116533389;238592.1342356312;267050.6708003728;298903.6541519141;334555.9634717432;374460.7706856584;419125.3006744233;469117.2785435782;525072.1459047724;587701.13789258;657800.3235824071;736260.7247225839;824079.6413975459;922373.3285811875;1032391.184709951;1155531.632626961;1293359.894754076;1447627.888434013;1620296.494325686;1813560.480908265;2029876.401899315;2271993.821195295;2542990.262224833;2846310.325953354;3185809.474764127;3565803.038745301;3991121.067296888;4467169.723268114;4999999.999999929
2;4821869409866;50;phasez;-1.54266;-1.54247;-1.54231;-1.54185;-1.54156;-1.54119;-1.54069;-1.54003;-1.53916;-1.53819;-1.53725;-1.53607;-1.53468;-1.53318;-1.53151;-1.52955;-1.52739;-1.52495;-1.5222;-1.51915;-1.51574;-1.51186;-1.50758;-1.50276;-1.49737;-1.49131;-1.4845;-1.47688;-1.46833;-1.45872;-1.44794;-1.43582;-1.42223;-1.40695;-1.38978;-1.37049;-1.34878;-1.32435;-1.29684;-1.26584;-1.23086;-1.19136;-1.14668;-1.09601;-1.03849;-0.97308;-0.898446;-0.813153;-0.715469;-0.603419
3;4822188052218;20;absz;17933.8;14645.4;11953.3;9757.56;7965.97;6501.81;5306.77;4330.76;3533.62;2882.85;2350.96;1916.36;1561.58;1271.53;1034.46;840.663;682.359;553.33;448.784;365.334
3;4822188052218;20;frequency;99999.99999990905;122862.535599424;150952.0265389597;185463.4873444638;227865.1431623047;279960.8926363817;343967.05137965;422606.6409511731;519225.2346839865;637933.2888043621;783781.0140572543;962973.2274171232;1183133.324347452;1453627.601814205;1785963.729760951;2194280.323268956;2695948.443325946;3312310.615921419;4069588.809647371;4999999.999999929
3;4822188052218;20;phasez;-1.53058;-1.52729;-1.52319;-1.51816;-1.51188;-1.50406;-1.49442;-1.48248;-1.46766;-1.44929;-1.42654;-1.3983;-1.36329;-1.31977;-1.26553;-1.19769;-1.11236;-1.00435;-0.866446;-0.689084
