0;1168778396122;20;absz;2.08823e+08;1.51033e+08;1.09193e+08;7.89091e+07;5.70343e+07;4.12315e+07;2.98096e+07;2.15477e+07;1.55792e+07;1.12629e+07;8.14352e+06;5.88835e+06;4.25806e+06;3.07922e+06;2.22687e+06;1.6105e+06;1.16481e+06;842486;609416;440841
0;1168778396122;20;frequency;9.999999974752427;13.86918846435492;19.23543905490988;26.67799336109056;37.00021196095804;51.31629158938722;71.17153245417285;98.70914048804025;136.9015682683994;189.8713664161278;263.3361782500288;365.2259113806622;506.5387032487934;702.5280792305466;974.3494403835484;1351.343611730726;1874.203936580443;2599.368780806799;3605.113577052066;4999.99999995282
0;1168778396122;20;phasez;-1.56036;-1.55795;-1.55831;-1.55864;-1.5582;-1.55863;-1.55761;-1.55765;-1.55713;-1.55664;-1.5561;-1.55541;-1.55458;-1.5535;-1.55213;-1.55029;-1.54782;-1.54446;-1.53989;-1.53366
1;1169545432874;50;absz;1.06001e+07;9.04848e+06;7.73067e+06;6.59725e+06;5.64022e+06;4.80492e+06;4.09913e+06;3.50336e+06;2.98988e+06;2.55127e+06;2.17852e+06;1.85963e+06;1.58759e+06;1.35536e+06;1.15697e+06;987633;843224;719907;614623;524771;448044;382548;326618;278890;238140;203350;173649;148290;126640;108152;92370.3;78892;67382.3;57555;49162.1;41993.7;35870.3;30639.7;26171.2;22353.2;19090.8;16302.6;13918.6;11880.1;10136.1;8643.74;7365.5;6269.93;5329.6;4521.35
1;1169545432874;50;frequency;199.9999999213742;234.625769479635;275.2462588517801;322.8993264769997;378.802514688914;444.3841576318164;521.3198749487447;611.5753842550475;717.456725922716;841.6691823498468;987.3863981368913;1158.33146786315;1358.872060208682;1594.132014446359;1870.122253535556;2193.894364737048;2573.720768452858;3019.306079821149;3542.035062906734;4155.263512473084;4874.659497176026;5718.603679767398;6708.658946337209;7870.121340545211;9232.666380967203;10831.10727442716;12706.28439819177;14906.10877695531;17486.78621595445;20514.25336674129;24065.86241733066;28232.35745111674;33120.19296963342;38854.25382030405;45581.04601983359;53472.44000269313;62730.06193403319;73590.44528463698;86331.07429211862;101277.4737211686;118811.5260634959;139381.228686517;163512.140226203;191820.8086789974;225030.524286467;263989.7996954232;309694.0495706946;363311.0235703185;426210.642505751;499999.9999999716
1;1169545432874;50;phasez;-1.555;-1.55778;-1.55722;-1.55678;-1.55629;-1.55668;-1.55587;-1.55629;-1.55614;-1.55627;-1.55579;-1.55582;-1.55572;-1.55558;-1.55509;-1.55484;-1.55464;-1.55425;-1.55392;-1.5536;-1.55317;-1.55272;-1.55217;-1.55162;-1.55096;-1.55026;-1.54946;-1.54853;-1.54752;-1.54637;-1.54507;-1.54361;-1.54195;-1.54006;-1.53792;-1.53549;-1.5327;-1.52949;-1.52579;-1.52151;-1.51653;-1.51075;-1.50401;-1.49612;-1.48688;-1.47602;-1.46322;-1.44807;-1.43004;-1.40849
2;1170315103871;50;absz;111449;99729.2;89184.7;79762;71365.2;63849.7;57106.3;51091;45710.3;40891.7;36575.5;32723;29278.2;26190.5;23432.6;20964.7;18758.5;16783.9;15017;13436.6;12023.7;10758.8;9626.94;8614.25;7707.96;6897.21;6171.5;5522.24;4941.34;4421.31;3956.02;3539.52;3166.79;2833.11;2534.47;2267.14;2027.86;1813.66;1621.88;1450.22;1296.56;1159.05;1035.97;925.867;827.587;739.896;661.824;592.656;531.743;478.699
2;1170315103871;50;frequency;20000.00000002444;22385.53853899816;25055.61678390222;28044.17375656954;31389.19662092121;35133.2035329932;39323.78408414649;44014.2042055669;49264.08322518227;55140.1516811012;61717.09952482729;69078.52549602467;77317.99973512921;86540.25314108083;96862.50859274992;108415.9709538568;121347.4948009008;135821.4510731415;152021.8163702936;170154.5114554648;190450.0186878266;213166.3116533389;238592.1342356312;267050.6708003728;298903.6541519141;334555.9634717432;374460.7706856584;419125.3006744233;469117.2785435782;525072.1459047724;587701.13789258;657800.3235824071;736260.7247225839;824079.6413975459;922373.3285811875;1032391.184709951;1155531.632626961;1293359.894754076;1447627.888434013;1620296.494325686;1813560.480908265;2029876.401899315;2271993.821195295;2542990.262224833;2846310.325953354;3185809.474764127;3565803.038745301;3991121.067296888;4467169.723268114;4999999.999999929
2;1170315103871;50;phasez;-1.55004;-1.5495;-1.5489;-1.5482;-1.54758;-1.54664;-1.54571;-1.54485;-1.54378;-1.54243;-1.54115;-1.53967;-1.53795;-1.53621;-1.53411;-1.53193;-1.52941;-1.5267;-1.52362;-1.52022;-1.51645;-1.51229;-1.50764;-1.50244;-1.49668;-1.49024;-1.48307;-1.47509;-1.46613;-1.45614;-1.44498;-1.43248;-1.41846;-1.4028;-1.38521;-1.3655;-1.34339;-1.31855;-1.29063;-1.25922;-1.22385;-1.18393;-1.13885;-1.08784;-1.02991;-0.964168;-0.889246;-0.803709;-0.705879;-0.59382
3;1170632508067;20;absz;22812.2;18623.3;15200;12405.2;10124.2;8264.08;6745.35;5505.41;4493.61;3667.01;2992.5;2441.34;1991;1623.22;1322.74;1077.21;876.797;713.752;582.017;477.543
3;1170632508067;20;frequency;99999.99999990905;122862.535599424;150952.0265389597;185463.4873444638;227865.1431623047;279960.8926363817;343967.05137965;422606.6409511731;519225.2346839865;637933.2888043621;783781.0140572543;962973.2274171232;1183133.324347452;1453627.601814205;1785963.729760951;2194280.323268956;2695948.443325946;3312310.615921419;4069588.809647371;4999999.999999929
3;1170632508067;20;phasez;-1.53319;-1.52937;-1.52456;-1.51894;-1.51205;-1.50357;-1.49329;-1.48062;-1.4651;-1.44602;-1.42254;-1.39358;-1.35781;-1.31353;-1.25854;-1.18997;-1.1039;-0.995271;-0.856885;-0.679374
