0;5037987923396;20;absz;1.47128e+08;1.07058e+08;7.78712e+07;5.66403e+07;4.11808e+07;2.99305e+07;2.17617e+07;1.58149e+07;1.1492e+07;8.35001e+06;6.06637e+06;4.4063e+06;3.19991e+06;2.32336e+06;1.68658e+06;1.22407e+06;888265;644487;467531;339108
0;5037987923396;20;frequency;9.999999974752427;13.86918846435492;19.23543905490988;26.67799336109056;37.00021196095804;51.31629158938722;71.17153245417285;98.70914048804025;136.9015682683994;189.8713664161278;263.3361782500288;365.2259113806622;506.5387032487934;702.5280792305466;974.3494403835484;1351.343611730726;1874.203936580443;2599.368780806799;3605.113577052066;4999.99999995282
0;5037987923396;20;phasez;-1.52548;-1.52643;-1.52753;-1.52903;-1.52992;-1.53138;-1.53177;-1.53231;-1.53293;-1.53356;-1.53405;-1.53443;-1.53469;-1.53475;-1.53448;-1.53374;-1.53229;-1.52998;-1.52644;-1.52126
1;5038760948188;50;absz;7.86411e+06;6.72172e+06;5.75105e+06;4.92907e+06;4.21441e+06;3.60289e+06;3.08469e+06;2.63824e+06;2.25642e+06;1.92996e+06;1.65018e+06;1.41104e+06;1.20663e+06;1.03184e+06;882264;754363;645028;551463;471470;403085;344603;294592;251834;215277;184024;157305;134461;114932;98234.9;83964.3;71764.1;61337.4;52422.9;44804.2;38291.7;32725.4;27966.2;23898.8;20421;17448.2;14906.1;12732.1;10872.6;9281.94;7920.44;6754.79;5756.01;4899.65;4164.53;3532.48
1;5038760948188;50;frequency;199.9999999213742;234.625769479635;275.2462588517801;322.8993264769997;378.802514688914;444.3841576318164;521.3198749487447;611.5753842550475;717.456725922716;841.6691823498468;987.3863981368913;1158.33146786315;1358.872060208682;1594.132014446359;1870.122253535556;2193.894364737048;2573.720768452858;3019.306079821149;3542.035062906734;4155.263512473084;4874.659497176026;5718.603679767398;6708.658946337209;7870.121340545211;9232.666380967203;10831.10727442716;12706.28439819177;14906.10877695531;17486.78621595445;20514.25336674129;24065.86241733066;28232.35745111674;33120.19296963342;38854.25382030405;45581.04601983359;53472.44000269313;62730.06193403319;73590.44528463698;86331.07429211862;101277.4737211686;118811.5260634959;139381.228686517;163512.140226203;191820.8086789974;225030.524286467;263989.7996954232;309694.0495706946;363311.0235703185;426210.642505751;499999.9999999716
1;5038760948188;50;phasez;-1.53195;-1.53472;-1.5365;-1.53652;-1.53547;-1.53601;-1.53734;-1.53716;-1.53722;-1.53792;-1.53854;-1.5386;-1.53908;-1.53933;-1.53973;-1.53986;-1.54005;-1.54029;-1.54042;-1.5406;-1.54062;-1.54073;-1.54071;-1.54065;-1.54052;-1.54032;-1.54004;-1.53963;-1.53912;-1.53849;-1.53769;-1.53674;-1.53557;-1.53418;-1.53252;-1.53056;-1.52823;-1.52549;-1.52224;-1.51841;-1.5139;-1.50858;-1.5023;-1.49489;-1.48614;-1.47578;-1.46349;-1.44887;-1.4314;-1.4104
2;5039529641382;50;absz;86505.5;77455.2;69294.7;62029.6;55508.3;49686.1;44451.8;39788.6;35611.7;31865;28518.3;25520.8;22836.4;20438.3;18289.6;16366.4;14647.3;13107.7;11730.3;10498;9394.36;8406.96;7522.69;6731.6;6023.48;5389.9;4822.63;4314.96;3860.71;3453.88;3089.82;2763.88;2472.21;2211.01;1977.22;1767.92;1580.53;1412.76;1262.48;1127.98;1007.52;899.68;803.145;716.743;639.518;570.538;509.033;454.41;406.148;363.899
2;5039529641382;50;frequency;20000.00000002444;22385.53853899816;25055.61678390222;28044.17375656954;31389.19662092121;35133.2035329932;39323.78408414649;44014.2042055669;49264.08322518227;55140.1516811012;61717.09952482729;69078.52549602467;77317.99973512921;86540.25314108083;96862.50859274992;108415.9709538568;121347.4948009008;135821.4510731415;152021.8163702936;170154.5114554648;190450.0186878266;213166.3116533389;238592.1342356312;267050.6708003728;298903.6541519141;334555.9634717432;374460.7706856584;419125.3006744233;469117.2785435782;525072.1459047724;587701.13789258;657800.3235824071;736260.7247225839;824079.6413975459;922373.3285811875;1032391.184709951;1155531.632626961;1293359.894754076;1447627.888434013;1620296.494325686;1813560.480908265;2029876.401899315;2271993.821195295;2542990.262224833;2846310.325953354;3185809.474764127;3565803.038745301;3991121.067296888;4467169.723268114;4999999.999999929
2;5039529641382;50;phasez;-1.5423;-1.54187;-1.54159;-1.54125;-1.54101;-1.54041;-1.53988;-1.53938;-1.53855;-1.53766;-1.53663;-1.53552;-1.53416;-1.53267;-1.53091;-1.52905;-1.52683;-1.52438;-1.52167;-1.51865;-1.5152;-1.51136;-1.50705;-1.50223;-1.49679;-1.49075;-1.48394;-1.47632;-1.46776;-1.45816;-1.44738;-1.43526;-1.42167;-1.40639;-1.38923;-1.36995;-1.34824;-1.32382;-1.29633;-1.26533;-1.23036;-1.19086;-1.14618;-1.09553;-1.038;-0.972594;-0.897954;-0.812655;-0.714952;-0.602894
3;5039850684484;20;absz;17807.5;14541.5;11870.1;9690.55;7911.84;6457.93;5271.27;4302.09;3510.47;2864.18;2335.94;1904.27;1551.85;1263.65;1028.09;835.518;678.181;549.939;446.016;363.043
3;5039850684484;20;frequency;99999.99999990905;122862.535599424;150952.0265389597;185463.4873444638;227865.1431623047;279960.8926363817;343967.05137965;422606.6409511731;519225.2346839865;637933.2888043621;783781.0140572543;962973.2274171232;1183133.324347452;1453627.601814205;1785963.729760951;2194280.323268956;2695948.443325946;3312310.615921419;4069588.809647371;4999999.999999929
3;5039850684484;20;phasez;-1.53004;-1.52681;-1.5227;-1.51757;-1.51135;-1.50355;-1.49388;-1.48191;-1.46709;-1.44871;-1.42598;-1.39776;-1.36276;-1.31925;-1.26503;-1.19721;-1.11187;-1.00387;-0.86595;-0.688576
