0;7423362017348;20;absz;1.38101e+08;1.00565e+08;7.32964e+07;5.33707e+07;3.88497e+07;2.82624e+07;2.05645e+07;1.49602e+07;1.08782e+07;7.9082e+06;5.74853e+06;4.17816e+06;3.03647e+06;2.20634e+06;1.60293e+06;1.1644e+06;845760;614194;445952;323729
0;7423362017348;20;frequency;9.999999974752427;13.86918846435492;19.23543905490988;26.67799336109056;37.00021196095804;51.31629158938722;71.17153245417285;98.70914048804025;136.9015682683994;189.8713664161278;263.3361782500288;365.2259113806622;506.5387032487934;702.5280792305466;974.3494403835484;1351.343611730726;1874.203936580443;2599.368780806799;3605.113577052066;4999.99999995282
0;7423362017348;20;phasez;-1.51345;-1.51643;-1.51935;-1.52166;-1.52353;-1.52474;-1.52672;-1.52791;-1.52892;-1.52971;-1.53028;-1.53072;-1.53092;-1.53086;-1.53046;-1.52963;-1.52817;-1.52588;-1.5224;-1.5173
1;7424134915250;50;absz;7.4619e+06;6.37384e+06;5.45532e+06;4.67264e+06;3.99461e+06;3.41947e+06;2.92415e+06;2.50511e+06;2.14279e+06;1.83295e+06;1.56841e+06;1.34187e+06;1.14786e+06;982013;840043;718609;614617;525758;449717;384622;328959;281335;240596;205750;175944;150455;128659;110015;94070.7;80435.9;68778.2;58806.9;50281.3;42991.4;36756.7;31425.6;26866;22966.4;19631.2;16778.7;14338.8;12251.1;10464.8;8936.19;7627.52;6506.79;5546.19;4722.3;4014.95;3406.68
1;7424134915250;50;frequency;199.9999999213742;234.625769479635;275.2462588517801;322.8993264769997;378.802514688914;444.3841576318164;521.3198749487447;611.5753842550475;717.456725922716;841.6691823498468;987.3863981368913;1158.33146786315;1358.872060208682;1594.132014446359;1870.122253535556;2193.894364737048;2573.720768452858;3019.306079821149;3542.035062906734;4155.263512473084;4874.659497176026;5718.603679767398;6708.658946337209;7870.121340545211;9232.666380967203;10831.10727442716;12706.28439819177;14906.10877695531;17486.78621595445;20514.25336674129;24065.86241733066;28232.35745111674;33120.19296963342;38854.25382030405;45581.04601983359;53472.44000269313;62730.06193403319;73590.44528463698;86331.07429211862;101277.4737211686;118811.5260634959;139381.228686517;163512.140226203;191820.8086789974;225030.524286467;263989.7996954232;309694.0495706946;363311.0235703185;426210.642505751;499999.9999999716
1;7424134915250;50;phasez;-1.53118;-1.53176;-1.53198;-1.53186;-1.53271;-1.5327;-1.53325;-1.53357;-1.53338;-1.53418;-1.53455;-1.53458;-1.53503;-1.53533;-1.53549;-1.53569;-1.53594;-1.53624;-1.53638;-1.53653;-1.53669;-1.53675;-1.53677;-1.53675;-1.53665;-1.53645;-1.53618;-1.5358;-1.5353;-1.53469;-1.5339;-1.53295;-1.53181;-1.53045;-1.52884;-1.52693;-1.52467;-1.52199;-1.51881;-1.51505;-1.5106;-1.50532;-1.49908;-1.49169;-1.48294;-1.47255;-1.46022;-1.44553;-1.42799;-1.4069
2;7424905368602;50;absz;82856.8;74181.4;66421.4;59467.4;53229.8;47655.6;42661.1;38186.6;34183.9;30598.9;27390.2;24517.4;21947.7;19645.6;17584.7;15740.1;14090.6;12612.3;11289.5;10104.6;9043.9;8095.03;7244.88;6484.39;5803.55;5194.13;4648.45;4160.05;3722.68;3331.32;2980.79;2667.03;2386.1;2134.56;1909.36;1707.65;1527.05;1365.28;1220.36;1090.57;974.337;870.228;776.993;693.483;618.859;552.142;492.651;439.783;393.037;352.09
2;7424905368602;50;frequency;20000.00000002444;22385.53853899816;25055.61678390222;28044.17375656954;31389.19662092121;35133.2035329932;39323.78408414649;44014.2042055669;49264.08322518227;55140.1516811012;61717.09952482729;69078.52549602467;77317.99973512921;86540.25314108083;96862.50859274992;108415.9709538568;121347.4948009008;135821.4510731415;152021.8163702936;170154.5114554648;190450.0186878266;213166.3116533389;238592.1342356312;267050.6708003728;298903.6541519141;334555.9634717432;374460.7706856584;419125.3006744233;469117.2785435782;525072.1459047724;587701.13789258;657800.3235824071;736260.7247225839;824079.6413975459;922373.3285811875;1032391.184709951;1155531.632626961;1293359.894754076;1447627.888434013;1620296.494325686;1813560.480908265;2029876.401899315;2271993.821195295;2542990.262224833;2846310.325953354;3185809.474764127;3565803.038745301;3991121.067296888;4467169.723268114;4999999.999999929
2;7424905368602;50;phasez;-1.53826;-1.53821;-1.53795;-1.53766;-1.53725;-1.53685;-1.5361;-1.53563;-1.53489;-1.53412;-1.53311;-1.53201;-1.53062;-1.52916;-1.52752;-1.52566;-1.52356;-1.52113;-1.51844;-1.51542;-1.51201;-1.50816;-1.50385;-1.49902;-1.49354;-1.48744;-1.48061;-1.47293;-1.46432;-1.45464;-1.4438;-1.43163;-1.41797;-1.40261;-1.38539;-1.36604;-1.34427;-1.31979;-1.29221;-1.26114;-1.2261;-1.18651;-1.14174;-1.09099;-1.03333;-0.967764;-0.892955;-0.807442;-0.709493;-0.597124
3;7425222427033;20;absz;17120.9;13985.4;11420.5;9326.62;7617.5;6219.98;5079.49;4147.06;3385.51;2763.29;2254.68;1838.92;1499.22;1221.34;994.084;808.178;656.173;532.186;431.606;351.212
3;7425222427033;20;frequency;99999.99999990905;122862.535599424;150952.0265389597;185463.4873444638;227865.1431623047;279960.8926363817;343967.05137965;422606.6409511731;519225.2346839865;637933.2888043621;783781.0140572543;962973.2274171232;1183133.324347452;1453627.601814205;1785963.729760951;2194280.323268956;2695948.443325946;3312310.615921419;4069588.809647371;4999999.999999929
3;7425222427033;20;phasez;-1.52668;-1.52344;-1.51947;-1.51439;-1.50816;-1.50029;-1.49058;-1.47849;-1.46357;-1.44512;-1.42224;-1.39389;-1.35877;-1.31513;-1.26075;-1.19277;-1.10724;-0.998961;-0.86068;-0.682756
