0;2630587285220;20;absz;1.77746e+08;1.28891e+08;9.33377e+07;6.75813e+07;4.89561e+07;3.54236e+07;2.56525e+07;1.8575e+07;1.34491e+07;9.73679e+06;7.04888e+06;5.10281e+06;3.69358e+06;2.67338e+06;1.93483e+06;1.40024e+06;1.01332e+06;733261;530582;383900
0;2630587285220;20;frequency;9.999999974752427;13.86918846435492;19.23543905490988;26.67799336109056;37.00021196095804;51.31629158938722;71.17153245417285;98.70914048804025;136.9015682683994;189.8713664161278;263.3361782500288;365.2259113806622;506.5387032487934;702.5280792305466;974.3494403835484;1351.343611730726;1874.203936580443;2599.368780806799;3605.113577052066;4999.99999995282
0;2630587285220;20;phasez;-1.54644;-1.54749;-1.54861;-1.5492;-1.54967;-1.54998;-1.55021;-1.55019;-1.55044;-1.55045;-1.55047;-1.55038;-1.55012;-1.5496;-1.54877;-1.54746;-1.54555;-1.54279;-1.53887;-1.53334
1;2631355697426;50;absz;9.21163e+06;7.81755e+06;6.69089e+06;5.7113e+06;4.88179e+06;4.17114e+06;3.5555e+06;3.03934e+06;2.59631e+06;2.21547e+06;1.89315e+06;1.61646e+06;1.38025e+06;1.1787e+06;1.00654e+06;859489;733916;626702;535136;456924;390160;333165;284470;242895;207394;177083;151190;129091;110216;94101.8;80337.1;68585.7;58552.4;49985.5;42671.1;36425;31092.5;26538.8;22650;19329.8;16493.7;14071.6;12002.3;10234.3;8723.11;7430.81;6325.11;5378.24;4566.58;3869.78
1;2631355697426;50;frequency;199.9999999213742;234.625769479635;275.2462588517801;322.8993264769997;378.802514688914;444.3841576318164;521.3198749487447;611.5753842550475;717.456725922716;841.6691823498468;987.3863981368913;1158.33146786315;1358.872060208682;1594.132014446359;1870.122253535556;2193.894364737048;2573.720768452858;3019.306079821149;3542.035062906734;4155.263512473084;4874.659497176026;5718.603679767398;6708.658946337209;7870.121340545211;9232.666380967203;10831.10727442716;12706.28439819177;14906.10877695531;17486.78621595445;20514.25336674129;24065.86241733066;28232.35745111674;33120.19296963342;38854.25382030405;45581.04601983359;53472.44000269313;62730.06193403319;73590.44528463698;86331.07429211862;101277.4737211686;118811.5260634959;139381.228686517;163512.140226203;191820.8086789974;225030.524286467;263989.7996954232;309694.0495706946;363311.0235703185;426210.642505751;499999.9999999716
1;2631355697426;50;phasez;-1.55306;-1.55105;-1.55268;-1.55194;-1.55197;-1.55232;-1.55256;-1.55291;-1.55179;-1.55307;-1.55282;-1.55254;-1.55306;-1.55292;-1.55297;-1.55283;-1.55299;-1.55299;-1.5529;-1.55285;-1.55277;-1.55267;-1.55253;-1.55235;-1.55211;-1.55183;-1.55146;-1.55099;-1.55045;-1.54976;-1.54895;-1.54797;-1.54679;-1.54537;-1.5437;-1.54172;-1.53936;-1.53657;-1.53327;-1.52937;-1.52476;-1.51931;-1.51288;-1.50526;-1.49626;-1.48564;-1.47304;-1.45806;-1.4402;-1.41876
2;2632126696746;50;absz;96955.1;86749.4;77532.1;69364.5;62008;55459.5;49598.9;44350.8;39660.7;35462.5;31706.5;28350.5;25350.8;22668.4;20268.2;18122.4;16205;14489.6;12956.2;11584.4;10358.1;9262.04;8281.19;7404.51;6620.51;5919.44;5292.6;4732.1;4230.9;3782.72;3381.76;3023.22;2702.52;2415.73;2159.22;1929.76;1724.51;1540.89;1376.64;1229.69;1098.19;980.589;875.379;781.268;697.268;622.305;555.558;496.355;444.127;398.508
2;2632126696746;50;frequency;20000.00000002444;22385.53853899816;25055.61678390222;28044.17375656954;31389.19662092121;35133.2035329932;39323.78408414649;44014.2042055669;49264.08322518227;55140.1516811012;61717.09952482729;69078.52549602467;77317.99973512921;86540.25314108083;96862.50859274992;108415.9709538568;121347.4948009008;135821.4510731415;152021.8163702936;170154.5114554648;190450.0186878266;213166.3116533389;238592.1342356312;267050.6708003728;298903.6541519141;334555.9634717432;374460.7706856584;419125.3006744233;469117.2785435782;525072.1459047724;587701.13789258;657800.3235824071;736260.7247225839;824079.6413975459;922373.3285811875;1032391.184709951;1155531.632626961;1293359.894754076;1447627.888434013;1620296.494325686;1813560.480908265;2029876.401899315;2271993.821195295;2542990.262224833;2846310.325953354;3185809.474764127;3565803.038745301;3991121.067296888;4467169.723268114;4999999.999999929
2;2632126696746;50;phasez;-1.55353;-1.55327;-1.55271;-1.55265;-1.55201;-1.55176;-1.55123;-1.55055;-1.54974;-1.54877;-1.54774;-1.54653;-1.54518;-1.54367;-1.54191;-1.53988;-1.5377;-1.53521;-1.5324;-1.52917;-1.52562;-1.52161;-1.5171;-1.51209;-1.50646;-1.50017;-1.4931;-1.4852;-1.4763;-1.46638;-1.45528;-1.44283;-1.42889;-1.41323;-1.39568;-1.37599;-1.35388;-1.32903;-1.30109;-1.26966;-1.23424;-1.19428;-1.14914;-1.09806;-1.04004;-0.97417;-0.899089;-0.813355;-0.715246;-0.602829
3;2632444194256;20;absz;19726.2;16083.8;13111;10685.3;8710.56;7100.71;5787.22;4717.32;3844.32;3132.83;2552.44;2079;1692.8;1377.7;1120.45;910.505;739.242;599.885;487.195;397.512
3;2632444194256;20;frequency;99999.99999990905;122862.535599424;150952.0265389597;185463.4873444638;227865.1431623047;279960.8926363817;343967.05137965;422606.6409511731;519225.2346839865;637933.2888043621;783781.0140572543;962973.2274171232;1183133.324347452;1453627.601814205;1785963.729760951;2194280.323268956;2695948.443325946;3312310.615921419;4069588.809647371;4999999.999999929
3;2632444194256;20;phasez;-1.54095;-1.53762;-1.53333;-1.52806;-1.52143;-1.51329;-1.50323;-1.49076;-1.47535;-1.4564;-1.43298;-1.40407;-1.36829;-1.324;-1.26896;-1.2003;-1.11411;-1.00528;-0.86655;-0.688435
