0;390488110159;20;absz;2.58516e+08;1.86767e+08;1.35031e+08;9.76812e+07;7.06144e+07;5.10204e+07;3.69143e+07;2.66898e+07;1.93017e+07;1.39564e+07;1.00929e+07;7.29908e+06;5.2785e+06;3.81748e+06;2.76074e+06;1.9964e+06;1.44371e+06;1.04398e+06;754895;545874
0;390488110159;20;frequency;9.999999974752427;13.86918846435492;19.23543905490988;26.67799336109056;37.00021196095804;51.31629158938722;71.17153245417285;98.70914048804025;136.9015682683994;189.8713664161278;263.3361782500288;365.2259113806622;506.5387032487934;702.5280792305466;974.3494403835484;1351.343611730726;1874.203936580443;2599.368780806799;3605.113577052066;4999.99999995282
0;390488110159;20;phasez;-1.55695;-1.55757;-1.55752;-1.55658;-1.55684;-1.5563;-1.5569;-1.55645;-1.55634;-1.55595;-1.55556;-1.55502;-1.55439;-1.55358;-1.55251;-1.55099;-1.54885;-1.54583;-1.5416;-1.53573
1;391256346625;50;absz;1.30897e+07;1.11777e+07;9.55611e+06;8.18964e+06;6.9699e+06;5.96132e+06;5.08341e+06;4.34141e+06;3.70604e+06;3.16297e+06;2.70078e+06;2.3044e+06;1.96789e+06;1.67954e+06;1.43384e+06;1.22398e+06;1.04481e+06;891799;761271;649820;554709;473521;404216;345065;294565;251465;214666;183252;156445;133562;114025;97348.3;83110.3;70956.4;60581.3;51721.4;44157;37696.8;32180.7;27469.7;23445.8;20008.7;17072.3;14562.3;12416.6;10581.1;9009.69;7664.04;6509.85;5518.69
1;391256346625;50;frequency;199.9999999213742;234.625769479635;275.2462588517801;322.8993264769997;378.802514688914;444.3841576318164;521.3198749487447;611.5753842550475;717.456725922716;841.6691823498468;987.3863981368913;1158.33146786315;1358.872060208682;1594.132014446359;1870.122253535556;2193.894364737048;2573.720768452858;3019.306079821149;3542.035062906734;4155.263512473084;4874.659497176026;5718.603679767398;6708.658946337209;7870.121340545211;9232.666380967203;10831.10727442716;12706.28439819177;14906.10877695531;17486.78621595445;20514.25336674129;24065.86241733066;28232.35745111674;33120.19296963342;38854.25382030405;45581.04601983359;53472.44000269313;62730.06193403319;73590.44528463698;86331.07429211862;101277.4737211686;118811.5260634959;139381.228686517;163512.140226203;191820.8086789974;225030.524286467;263989.7996954232;309694.0495706946;363311.0235703185;426210.642505751;499999.9999999716
1;391256346625;50;phasez;-1.55651;-1.55824;-1.55547;-1.55593;-1.55705;-1.5566;-1.55712;-1.55651;-1.55631;-1.55648;-1.55624;-1.55599;-1.5563;-1.55654;-1.55632;-1.55603;-1.55604;-1.55574;-1.55569;-1.5555;-1.55525;-1.55497;-1.55462;-1.55416;-1.55373;-1.5532;-1.55257;-1.55187;-1.55104;-1.5501;-1.549;-1.54773;-1.54628;-1.54461;-1.54266;-1.54044;-1.53784;-1.53484;-1.53133;-1.52724;-1.52246;-1.51686;-1.5103;-1.50259;-1.49352;-1.48283;-1.4702;-1.45521;-1.43735;-1.41596
2;392025768971;50;absz;137692;123093;110102;98462.2;88059.4;78721.6;70400;62957.1;56307.7;50347.2;45025;40263.2;36009.6;32199.2;28800.1;25756.1;23032.7;20600.9;18423.5;16478.9;14738.5;13181.5;11788.8;10543.2;9429.73;8433.57;7542.73;6745.49;6032.94;5395.35;4824.92;4314.76;3858.48;3450.13;3084.95;2758.23;2465.9;2204.44;1970.49;1761.26;1574.1;1406.75;1257.12;1123.37;1004.18;897.948;803.525;720.019;646.67;582.978
2;392025768971;50;frequency;20000.00000002444;22385.53853899816;25055.61678390222;28044.17375656954;31389.19662092121;35133.2035329932;39323.78408414649;44014.2042055669;49264.08322518227;55140.1516811012;61717.09952482729;69078.52549602467;77317.99973512921;86540.25314108083;96862.50859274992;108415.9709538568;121347.4948009008;135821.4510731415;152021.8163702936;170154.5114554648;190450.0186878266;213166.3116533389;238592.1342356312;267050.6708003728;298903.6541519141;334555.9634717432;374460.7706856584;419125.3006744233;469117.2785435782;525072.1459047724;587701.13789258;657800.3235824071;736260.7247225839;824079.6413975459;922373.3285811875;1032391.184709951;1155531.632626961;1293359.894754076;1447627.888434013;1620296.494325686;1813560.480908265;2029876.401899315;2271993.821195295;2542990.262224833;2846310.325953354;3185809.474764127;3565803.038745301;3991121.067296888;4467169.723268114;4999999.999999929
2;392025768971;50;phasez;-1.5539;-1.55312;-1.55259;-1.55223;-1.55181;-1.55087;-1.55028;-1.54921;-1.54866;-1.54742;-1.54628;-1.54482;-1.54337;-1.54168;-1.53989;-1.53785;-1.53538;-1.53275;-1.52981;-1.52648;-1.52292;-1.51887;-1.51433;-1.50928;-1.50363;-1.49732;-1.49029;-1.48238;-1.47354;-1.46367;-1.4526;-1.44022;-1.42634;-1.41079;-1.39334;-1.37374;-1.35177;-1.32707;-1.29929;-1.26802;-1.23281;-1.19308;-1.14819;-1.09738;-1.0397;-0.974244;-0.899644;-0.814494;-0.717149;-0.605673
3;392343941525;20;absz;28032.6;22866;18647.7;15211;12402.2;10112.6;8247.5;6724.7;5483.57;4470.94;3644.67;2970.89;2420.84;1971.94;1605.84;1307.18;1063.81;866.291;707.178;581.551
3;392343941525;20;frequency;99999.99999990905;122862.535599424;150952.0265389597;185463.4873444638;227865.1431623047;279960.8926363817;343967.05137965;422606.6409511731;519225.2346839865;637933.2888043621;783781.0140572543;962973.2274171232;1183133.324347452;1453627.601814205;1785963.729760951;2194280.323268956;2695948.443325946;3312310.615921419;4069588.809647371;4999999.999999929
3;392343941525;20;phasez;-1.53885;-1.5352;-1.53076;-1.52536;-1.51877;-1.51044;-1.50032;-1.48789;-1.47259;-1.45371;-1.43045;-1.40173;-1.36619;-1.32217;-1.26747;-1.19923;-1.11354;-1.00543;-0.867729;-0.691178
