0;6418863515370;20;absz;1.40027e+08;1.02071e+08;7.43688e+07;5.41396e+07;3.93947e+07;2.86638e+07;2.08436e+07;1.51561e+07;1.1019e+07;8.01035e+06;5.82249e+06;4.2314e+06;3.07472e+06;2.23396e+06;1.62283e+06;1.1787e+06;855995;621530;451207;327500
0;6418863515370;20;frequency;9.999999974752427;13.86918846435492;19.23543905490988;26.67799336109056;37.00021196095804;51.31629158938722;71.17153245417285;98.70914048804025;136.9015682683994;189.8713664161278;263.3361782500288;365.2259113806622;506.5387032487934;702.5280792305466;974.3494403835484;1351.343611730726;1874.203936580443;2599.368780806799;3605.113577052066;4999.99999995282
0;6418863515370;20;phasez;-1.51787;-1.52022;-1.52224;-1.52397;-1.52563;-1.52658;-1.5281;-1.5291;-1.52986;-1.53051;-1.53104;-1.53141;-1.53161;-1.53154;-1.53117;-1.53035;-1.52889;-1.5266;-1.52315;-1.51807
1;6419633301775;50;absz;7.56107e+06;6.46015e+06;5.53439e+06;4.72893e+06;4.04842e+06;3.46139e+06;2.96306e+06;2.53531e+06;2.16833e+06;1.85563e+06;1.58795e+06;1.35823e+06;1.16188e+06;994061;850157;727271;622036;532045;454995;389141;332805;284608;243374;208107;177944;152150;130093;111231;95101.2;81309.2;69515.4;59433.2;50812.4;43440.6;37137.8;31747.4;27138.7;23197.7;19827.4;16944.9;14479.5;12370.6;10566.1;9022.05;7700.21;6568.46;5598.44;4766.56;4052.32;3438.14
1;6419633301775;50;frequency;199.9999999213742;234.625769479635;275.2462588517801;322.8993264769997;378.802514688914;444.3841576318164;521.3198749487447;611.5753842550475;717.456725922716;841.6691823498468;987.3863981368913;1158.33146786315;1358.872060208682;1594.132014446359;1870.122253535556;2193.894364737048;2573.720768452858;3019.306079821149;3542.035062906734;4155.263512473084;4874.659497176026;5718.603679767398;6708.658946337209;7870.121340545211;9232.666380967203;10831.10727442716;12706.28439819177;14906.10877695531;17486.78621595445;20514.25336674129;24065.86241733066;28232.35745111674;33120.19296963342;38854.25382030405;45581.04601983359;53472.44000269313;62730.06193403319;73590.44528463698;86331.07429211862;101277.4737211686;118811.5260634959;139381.228686517;163512.140226203;191820.8086789974;225030.524286467;263989.7996954232;309694.0495706946;363311.0235703185;426210.642505751;499999.9999999716
1;6419633301775;50;phasez;-1.53139;-1.5339;-1.53168;-1.53166;-1.53296;-1.53335;-1.53404;-1.53405;-1.53453;-1.53458;-1.5351;-1.5354;-1.53566;-1.53597;-1.5363;-1.53639;-1.53672;-1.53694;-1.53717;-1.53733;-1.5375;-1.53758;-1.53767;-1.53769;-1.53754;-1.53735;-1.53708;-1.5367;-1.53621;-1.53557;-1.5348;-1.53385;-1.5327;-1.53134;-1.52971;-1.5278;-1.52552;-1.52283;-1.51964;-1.51587;-1.5114;-1.50611;-1.49986;-1.49246;-1.48369;-1.47331;-1.46098;-1.44631;-1.42877;-1.4077
2;6420401478624;50;absz;83786.2;74988.7;67129.8;60092.2;53799.1;48151.7;43106.1;38591.4;34535.4;30913.3;27667.9;24768;22168.6;19842.9;17759.5;15897;14229.5;12736.2;11399;10202.5;9131.17;8172.26;7314.29;6546.07;5858.53;5243.08;4691.97;4198.81;3757.24;3361.93;3008.11;2691.3;2407.69;2153.76;1926.4;1722.8;1540.5;1377.22;1230.95;1100.02;982.705;877.648;783.584;699.343;624.059;556.769;496.768;443.463;396.339;355.063
2;6420401478624;50;frequency;20000.00000002444;22385.53853899816;25055.61678390222;28044.17375656954;31389.19662092121;35133.2035329932;39323.78408414649;44014.2042055669;49264.08322518227;55140.1516811012;61717.09952482729;69078.52549602467;77317.99973512921;86540.25314108083;96862.50859274992;108415.9709538568;121347.4948009008;135821.4510731415;152021.8163702936;170154.5114554648;190450.0186878266;213166.3116533389;238592.1342356312;267050.6708003728;298903.6541519141;334555.9634717432;374460.7706856584;419125.3006744233;469117.2785435782;525072.1459047724;587701.13789258;657800.3235824071;736260.7247225839;824079.6413975459;922373.3285811875;1032391.184709951;1155531.632626961;1293359.894754076;1447627.888434013;1620296.494325686;1813560.480908265;2029876.401899315;2271993.821195295;2542990.262224833;2846310.325953354;3185809.474764127;3565803.038745301;3991121.067296888;4467169.723268114;4999999.999999929
2;6420401478624;50;phasez;-1.53924;-1.53888;-1.53877;-1.53852;-1.53809;-1.53775;-1.53694;-1.53651;-1.53576;-1.53491;-1.53389;-1.53279;-1.53144;-1.53002;-1.52834;-1.52645;-1.52433;-1.52193;-1.51924;-1.51619;-1.51276;-1.50891;-1.50459;-1.49974;-1.49432;-1.48822;-1.48138;-1.47372;-1.46512;-1.45545;-1.44464;-1.43247;-1.41885;-1.40352;-1.38631;-1.36699;-1.34524;-1.32077;-1.29323;-1.26217;-1.22715;-1.18759;-1.14284;-1.09212;-1.03447;-0.968945;-0.894172;-0.808702;-0.710806;-0.598502
3;6420721010382;20;absz;17290.7;14124.9;11532.2;9417.61;7691.09;6279.19;5127.09;4185.53;3416.79;2788.61;2275.03;1855.3;1512.46;1231.96;1002.63;815.057;661.703;536.632;435.219;354.176
3;6420721010382;20;frequency;99999.99999990905;122862.535599424;150952.0265389597;185463.4873444638;227865.1431623047;279960.8926363817;343967.05137965;422606.6409511731;519225.2346839865;637933.2888043621;783781.0140572543;962973.2274171232;1183133.324347452;1453627.601814205;1785963.729760951;2194280.323268956;2695948.443325946;3312310.615921419;4069588.809647371;4999999.999999929
3;6420721010382;20;phasez;-1.52747;-1.52425;-1.52025;-1.51517;-1.50888;-1.50107;-1.49135;-1.47929;-1.4644;-1.44594;-1.42312;-1.39482;-1.35973;-1.31613;-1.26181;-1.19387;-1.10839;-1.00017;-0.861964;-0.684172
