0;5833095332359;20;absz;1.42418e+08;1.03732e+08;7.54963e+07;5.4935e+07;3.99657e+07;2.90726e+07;2.11371e+07;1.53669e+07;1.117e+07;8.11836e+06;5.89962e+06;4.28667e+06;3.1143e+06;2.26221e+06;1.64301e+06;1.19312e+06;866269;628856;456440;331251
0;5833095332359;20;frequency;9.999999974752427;13.86918846435492;19.23543905490988;26.67799336109056;37.00021196095804;51.31629158938722;71.17153245417285;98.70914048804025;136.9015682683994;189.8713664161278;263.3361782500288;365.2259113806622;506.5387032487934;702.5280792305466;974.3494403835484;1351.343611730726;1874.203936580443;2599.368780806799;3605.113577052066;4999.99999995282
0;5833095332359;20;phasez;-1.52126;-1.52285;-1.52443;-1.52598;-1.52721;-1.52802;-1.52931;-1.53024;-1.53103;-1.53165;-1.53213;-1.53244;-1.53261;-1.53255;-1.53216;-1.53133;-1.52985;-1.52752;-1.52401;-1.51889
1;5833866584376;50;absz;7.6694e+06;6.55176e+06;5.60204e+06;4.7954e+06;4.10192e+06;3.50544e+06;3.00089e+06;2.56829e+06;2.19679e+06;1.87848e+06;1.60753e+06;1.3751e+06;1.17629e+06;1.00608e+06;860487;735969;629433;538269;460315;393660;336623;287839;246122;210438;179930;153839;131525;112448;96134.3;82186.9;70260.1;60063.6;51346.1;43892.5;37519.8;32071.1;27412.7;23429.2;20023.3;17110.7;14619.8;12489.3;10666.8;9107.32;7772.46;6629.53;5650.15;4810.25;4089.22;3469.21
1;5833866584376;50;frequency;199.9999999213742;234.625769479635;275.2462588517801;322.8993264769997;378.802514688914;444.3841576318164;521.3198749487447;611.5753842550475;717.456725922716;841.6691823498468;987.3863981368913;1158.33146786315;1358.872060208682;1594.132014446359;1870.122253535556;2193.894364737048;2573.720768452858;3019.306079821149;3542.035062906734;4155.263512473084;4874.659497176026;5718.603679767398;6708.658946337209;7870.121340545211;9232.666380967203;10831.10727442716;12706.28439819177;14906.10877695531;17486.78621595445;20514.25336674129;24065.86241733066;28232.35745111674;33120.19296963342;38854.25382030405;45581.04601983359;53472.44000269313;62730.06193403319;73590.44528463698;86331.07429211862;101277.4737211686;118811.5260634959;139381.228686517;163512.140226203;191820.8086789974;225030.524286467;263989.7996954232;309694.0495706946;363311.0235703185;426210.642505751;499999.9999999716
1;5833866584376;50;phasez;-1.53193;-1.5324;-1.53403;-1.53411;-1.53487;-1.53458;-1.5346;-1.53495;-1.53554;-1.53565;-1.5361;-1.53635;-1.53665;-1.53675;-1.53709;-1.53738;-1.53769;-1.53787;-1.53805;-1.53821;-1.5383;-1.53841;-1.53841;-1.53839;-1.53831;-1.53813;-1.53787;-1.5375;-1.53702;-1.53642;-1.53566;-1.53473;-1.53361;-1.53226;-1.53064;-1.52873;-1.52645;-1.52374;-1.52054;-1.51675;-1.51227;-1.50696;-1.50069;-1.49327;-1.48449;-1.4741;-1.46177;-1.4471;-1.42958;-1.40853
2;5834637111842;50;absz;84664.3;75794.8;67829.7;60732.4;54349.6;48667.3;43548.6;38978.4;34892.1;31226.2;27949.7;25014.7;22388.6;20037.7;17933.8;16051;14365.4;12857.1;11507.3;10299.1;9217.33;8249.21;7382.54;6606.69;5912.32;5290.96;4734.85;4236.97;3791.11;3392.17;3034.98;2715.24;2428.94;2172.65;1943.15;1737.72;1553.7;1388.93;1241.38;1109.23;990.894;884.931;790.05;705.088;629.158;561.311;500.814;447.073;399.58;357.979
2;5834637111842;50;frequency;20000.00000002444;22385.53853899816;25055.61678390222;28044.17375656954;31389.19662092121;35133.2035329932;39323.78408414649;44014.2042055669;49264.08322518227;55140.1516811012;61717.09952482729;69078.52549602467;77317.99973512921;86540.25314108083;96862.50859274992;108415.9709538568;121347.4948009008;135821.4510731415;152021.8163702936;170154.5114554648;190450.0186878266;213166.3116533389;238592.1342356312;267050.6708003728;298903.6541519141;334555.9634717432;374460.7706856584;419125.3006744233;469117.2785435782;525072.1459047724;587701.13789258;657800.3235824071;736260.7247225839;824079.6413975459;922373.3285811875;1032391.184709951;1155531.632626961;1293359.894754076;1447627.888434013;1620296.494325686;1813560.480908265;2029876.401899315;2271993.821195295;2542990.262224833;2846310.325953354;3185809.474764127;3565803.038745301;3991121.067296888;4467169.723268114;4999999.999999929
2;5834637111842;50;phasez;-1.53953;-1.5397;-1.53971;-1.53923;-1.53905;-1.53858;-1.538;-1.53735;-1.53668;-1.53582;-1.53479;-1.53372;-1.53233;-1.5309;-1.52926;-1.52731;-1.5252;-1.52281;-1.52004;-1.51698;-1.51358;-1.5097;-1.50542;-1.50057;-1.49509;-1.48902;-1.48218;-1.47453;-1.46594;-1.45628;-1.44548;-1.43335;-1.41972;-1.40442;-1.38722;-1.36791;-1.34618;-1.32173;-1.2942;-1.26317;-1.22816;-1.18862;-1.1439;-1.09321;-1.03559;-0.970091;-0.895361;-0.809928;-0.712097;-0.599858
3;5834956885751;20;absz;17460.1;14258.2;11641.5;9505.65;7762.36;6337.09;5173.73;4223.44;3447.21;2813.21;2294.93;1871.33;1525.39;1242.36;1011.01;821.78;667.112;541.005;438.775;357.091
3;5834956885751;20;frequency;99999.99999990905;122862.535599424;150952.0265389597;185463.4873444638;227865.1431623047;279960.8926363817;343967.05137965;422606.6409511731;519225.2346839865;637933.2888043621;783781.0140572543;962973.2274171232;1183133.324347452;1453627.601814205;1785963.729760951;2194280.323268956;2695948.443325946;3312310.615921419;4069588.809647371;4999999.999999929
3;5834956885751;20;phasez;-1.52833;-1.52517;-1.52111;-1.51599;-1.50966;-1.50184;-1.49212;-1.48012;-1.46523;-1.44683;-1.42401;-1.39575;-1.36069;-1.31713;-1.26283;-1.19493;-1.10948;-1.00134;-0.863221;-0.685578
