0;973528811194;20;absz;2.15249e+08;1.55753e+08;1.12513e+08;8.14162e+07;5.88371e+07;4.25109e+07;3.0771e+07;2.22525e+07;1.60929e+07;1.16398e+07;8.42011e+06;6.09156e+06;4.40715e+06;3.18865e+06;2.30709e+06;1.66924e+06;1.20775e+06;873892;632357;457589
0;973528811194;20;frequency;9.999999974752427;13.86918846435492;19.23543905490988;26.67799336109056;37.00021196095804;51.31629158938722;71.17153245417285;98.70914048804025;136.9015682683994;189.8713664161278;263.3361782500288;365.2259113806622;506.5387032487934;702.5280792305466;974.3494403835484;1351.343611730726;1874.203936580443;2599.368780806799;3605.113577052066;4999.99999995282
0;973528811194;20;phasez;-1.55834;-1.55789;-1.55737;-1.55734;-1.55701;-1.5565;-1.55638;-1.55567;-1.55523;-1.55466;-1.55404;-1.55329;-1.55244;-1.55144;-1.55014;-1.54836;-1.54597;-1.5427;-1.53821;-1.53207
1;974296794602;50;absz;1.09547e+07;9.34725e+06;7.9751e+06;6.82802e+06;5.82488e+06;4.974e+06;4.24433e+06;3.62622e+06;3.09491e+06;2.64313e+06;2.25716e+06;1.92699e+06;1.64556e+06;1.40495e+06;1.19959e+06;1.02431e+06;874648;746830;637679;544603;465035;397122;339123;289604;247324;211228;180402;154076;131600;112403;96012;82011.6;70055;59843.8;51120.8;43669.8;37304.8;31866.7;27220.2;23250.2;19857.3;16957.2;14477.8;12357.5;10543.7;8991.04;7661.55;6521.85;5543.64;4702.93
1;974296794602;50;frequency;199.9999999213742;234.625769479635;275.2462588517801;322.8993264769997;378.802514688914;444.3841576318164;521.3198749487447;611.5753842550475;717.456725922716;841.6691823498468;987.3863981368913;1158.33146786315;1358.872060208682;1594.132014446359;1870.122253535556;2193.894364737048;2573.720768452858;3019.306079821149;3542.035062906734;4155.263512473084;4874.659497176026;5718.603679767398;6708.658946337209;7870.121340545211;9232.666380967203;10831.10727442716;12706.28439819177;14906.10877695531;17486.78621595445;20514.25336674129;24065.86241733066;28232.35745111674;33120.19296963342;38854.25382030405;45581.04601983359;53472.44000269313;62730.06193403319;73590.44528463698;86331.07429211862;101277.4737211686;118811.5260634959;139381.228686517;163512.140226203;191820.8086789974;225030.524286467;263989.7996954232;309694.0495706946;363311.0235703185;426210.642505751;499999.9999999716
1;974296794602;50;phasez;-1.5557;-1.55487;-1.55502;-1.55577;-1.55495;-1.55502;-1.55469;-1.55476;-1.55344;-1.5542;-1.55386;-1.55375;-1.55389;-1.55358;-1.55342;-1.55309;-1.5529;-1.55258;-1.55227;-1.55192;-1.55164;-1.55114;-1.55067;-1.55013;-1.54954;-1.54888;-1.54813;-1.54728;-1.5463;-1.54522;-1.544;-1.5426;-1.54102;-1.53921;-1.53715;-1.5348;-1.53209;-1.52896;-1.52533;-1.52112;-1.51622;-1.51052;-1.50383;-1.496;-1.48682;-1.47602;-1.46327;-1.44817;-1.43021;-1.4087
2;975065040877;50;absz;115919;103641;92727.2;82944.5;74178.2;66372.8;59389;53124.6;47535.2;42520.2;38048.3;34037.5;30450;27243.1;24375.6;21808.3;19512.1;17457.9;15620.9;13977.7;12507.4;11191.5;10014.4;8960.6;8018.13;7174.65;6419.92;5744.44;5140;4598.98;4114.85;3681.67;3293.93;2946.88;2636.18;2358.13;2109.25;1886.41;1686.98;1508.43;1348.63;1205.63;1077.67;963.21;861.033;769.894;688.773;616.923;553.687;498.653
2;975065040877;50;frequency;20000.00000002444;22385.53853899816;25055.61678390222;28044.17375656954;31389.19662092121;35133.2035329932;39323.78408414649;44014.2042055669;49264.08322518227;55140.1516811012;61717.09952482729;69078.52549602467;77317.99973512921;86540.25314108083;96862.50859274992;108415.9709538568;121347.4948009008;135821.4510731415;152021.8163702936;170154.5114554648;190450.0186878266;213166.3116533389;238592.1342356312;267050.6708003728;298903.6541519141;334555.9634717432;374460.7706856584;419125.3006744233;469117.2785435782;525072.1459047724;587701.13789258;657800.3235824071;736260.7247225839;824079.6413975459;922373.3285811875;1032391.184709951;1155531.632626961;1293359.894754076;1447627.888434013;1620296.494325686;1813560.480908265;2029876.401899315;2271993.821195295;2542990.262224833;2846310.325953354;3185809.474764127;3565803.038745301;3991121.067296888;4467169.723268114;4999999.999999929
2;975065040877;50;phasez;-1.54884;-1.54841;-1.54788;-1.54731;-1.54624;-1.5457;-1.54503;-1.54386;-1.54285;-1.54188;-1.54047;-1.53909;-1.53746;-1.53575;-1.53377;-1.53158;-1.52911;-1.52643;-1.52348;-1.52007;-1.51634;-1.51218;-1.5076;-1.50245;-1.49672;-1.49035;-1.48319;-1.47523;-1.46631;-1.45636;-1.44523;-1.43276;-1.41881;-1.40315;-1.38563;-1.36597;-1.34389;-1.31909;-1.29122;-1.25986;-1.22452;-1.18467;-1.13965;-1.0887;-1.03081;-0.965141;-0.890298;-0.804852;-0.707126;-0.595201
3;975381288814;20;absz;23731.6;19373.6;15813.6;12907.6;10532.4;8597.21;7017.34;5727.25;4674.56;3814.49;3112.75;2539.41;2071.03;1688.38;1375.92;1120.58;912.221;742.736;605.911;497.471
3;975381288814;20;frequency;99999.99999990905;122862.535599424;150952.0265389597;185463.4873444638;227865.1431623047;279960.8926363817;343967.05137965;422606.6409511731;519225.2346839865;637933.2888043621;783781.0140572543;962973.2274171232;1183133.324347452;1453627.601814205;1785963.729760951;2194280.323268956;2695948.443325946;3312310.615921419;4069588.809647371;4999999.999999929
3;975381288814;20;phasez;-1.5327;-1.52895;-1.52446;-1.51888;-1.51196;-1.50364;-1.49336;-1.48076;-1.46532;-1.4463;-1.42289;-1.394;-1.35831;-1.31411;-1.25919;-1.19073;-1.10475;-0.996254;-0.858028;-0.680694
