0;4348913454108;20;absz;1.52994e+08;1.11358e+08;8.09347e+07;5.88335e+07;4.27654e+07;3.10827e+07;2.25723e+07;1.63944e+07;1.19059e+07;8.64419e+06;6.27542e+06;4.55481e+06;3.3054e+06;2.39826e+06;1.7399e+06;1.26202e+06;915195;663586;481072;348702
0;4348913454108;20;frequency;9.999999974752427;13.86918846435492;19.23543905490988;26.67799336109056;37.00021196095804;51.31629158938722;71.17153245417285;98.70914048804025;136.9015682683994;189.8713664161278;263.3361782500288;365.2259113806622;506.5387032487934;702.5280792305466;974.3494403835484;1351.343611730726;1874.203936580443;2599.368780806799;3605.113577052066;4999.99999995282
0;4348913454108;20;phasez;-1.52846;-1.53043;-1.53093;-1.532;-1.53286;-1.5338;-1.53463;-1.53533;-1.5362;-1.53678;-1.53739;-1.53774;-1.53797;-1.53796;-1.53761;-1.53682;-1.53538;-1.53305;-1.52952;-1.52431
1;4349684970593;50;absz;8.16447e+06;6.97146e+06;5.96049e+06;5.09995e+06;4.36117e+06;3.72282e+06;3.18487e+06;2.72363e+06;2.32907e+06;1.99109e+06;1.70233e+06;1.45512e+06;1.24397e+06;1.06341e+06;909005;776968;664077;567612;485139;414647;354346;302836;258798;221155;188986;161498;138000;117923;100762;86101.8;73571.9;62865.4;53716.6;45899.7;39219.7;33510.7;28632.6;24463.3;20899.6;17853.7;15249.5;13023;11119;9490.33;8096.67;6903.55;5881.54;5005.36;4253.4;3607.05
1;4349684970593;50;frequency;199.9999999213742;234.625769479635;275.2462588517801;322.8993264769997;378.802514688914;444.3841576318164;521.3198749487447;611.5753842550475;717.456725922716;841.6691823498468;987.3863981368913;1158.33146786315;1358.872060208682;1594.132014446359;1870.122253535556;2193.894364737048;2573.720768452858;3019.306079821149;3542.035062906734;4155.263512473084;4874.659497176026;5718.603679767398;6708.658946337209;7870.121340545211;9232.666380967203;10831.10727442716;12706.28439819177;14906.10877695531;17486.78621595445;20514.25336674129;24065.86241733066;28232.35745111674;33120.19296963342;38854.25382030405;45581.04601983359;53472.44000269313;62730.06193403319;73590.44528463698;86331.07429211862;101277.4737211686;118811.5260634959;139381.228686517;163512.140226203;191820.8086789974;225030.524286467;263989.7996954232;309694.0495706946;363311.0235703185;426210.642505751;499999.9999999716
1;4349684970593;50;phasez;-1.53902;-1.53908;-1.53969;-1.53871;-1.53957;-1.53886;-1.53976;-1.54068;-1.54034;-1.5411;-1.54186;-1.54189;-1.54214;-1.54242;-1.54278;-1.54291;-1.54323;-1.5434;-1.5435;-1.54363;-1.5437;-1.54372;-1.5437;-1.54361;-1.54344;-1.54319;-1.54286;-1.54239;-1.54183;-1.54111;-1.54025;-1.53921;-1.53797;-1.5365;-1.53478;-1.53276;-1.53039;-1.5276;-1.52433;-1.5205;-1.51598;-1.51067;-1.50441;-1.49703;-1.48831;-1.47797;-1.4657;-1.4511;-1.43364;-1.41265
2;4350452554982;50;absz;88744.6;79398.1;71040.2;63566.7;56892.2;50900.2;45547.2;40758.9;36469.5;32635.4;29196.5;26123.7;23376.1;20916.2;18718;16747.1;14986.3;13409.6;11997.7;10735.7;9605.95;8594.55;7690.06;6880.22;6155.54;5507.06;4926.8;4407.4;3942.58;3526.58;3154.31;2821.19;2522.87;2256.02;2017.14;1803.34;1611.92;1440.6;1287.23;1149.92;1027;916.963;818.507;730.373;651.652;581.346;518.682;463.057;413.915;370.916
2;4350452554982;50;frequency;20000.00000002444;22385.53853899816;25055.61678390222;28044.17375656954;31389.19662092121;35133.2035329932;39323.78408414649;44014.2042055669;49264.08322518227;55140.1516811012;61717.09952482729;69078.52549602467;77317.99973512921;86540.25314108083;96862.50859274992;108415.9709538568;121347.4948009008;135821.4510731415;152021.8163702936;170154.5114554648;190450.0186878266;213166.3116533389;238592.1342356312;267050.6708003728;298903.6541519141;334555.9634717432;374460.7706856584;419125.3006744233;469117.2785435782;525072.1459047724;587701.13789258;657800.3235824071;736260.7247225839;824079.6413975459;922373.3285811875;1032391.184709951;1155531.632626961;1293359.894754076;1447627.888434013;1620296.494325686;1813560.480908265;2029876.401899315;2271993.821195295;2542990.262224833;2846310.325953354;3185809.474764127;3565803.038745301;3991121.067296888;4467169.723268114;4999999.999999929
2;4350452554982;50;phasez;-1.54491;-1.54451;-1.54404;-1.54382;-1.54349;-1.5429;-1.54228;-1.5416;-1.5408;-1.53982;-1.53879;-1.53755;-1.53617;-1.53472;-1.53303;-1.53112;-1.52891;-1.52652;-1.52374;-1.52072;-1.51734;-1.51352;-1.50923;-1.5044;-1.49901;-1.49298;-1.4862;-1.47856;-1.47001;-1.4604;-1.44962;-1.43752;-1.42393;-1.40863;-1.39147;-1.37217;-1.35045;-1.32601;-1.2985;-1.26748;-1.23248;-1.19296;-1.14826;-1.0976;-1.04004;-0.974604;-0.899961;-0.814651;-0.716959;-0.604927
3;4350770718511;20;absz;18224.6;14877.5;12142.2;9908.9;8088.26;6599.76;5385.55;4394.19;3584.45;2923.63;2383.71;1942.66;1582.57;1288.38;1047.97;851.504;691.054;560.354;454.483;370.025
3;4350770718511;20;frequency;99999.99999990905;122862.535599424;150952.0265389597;185463.4873444638;227865.1431623047;279960.8926363817;343967.05137965;422606.6409511731;519225.2346839865;637933.2888043621;783781.0140572543;962973.2274171232;1183133.324347452;1453627.601814205;1785963.729760951;2194280.323268956;2695948.443325946;3312310.615921419;4069588.809647371;4999999.999999929
3;4350770718511;20;phasez;-1.53206;-1.5289;-1.5248;-1.51974;-1.51349;-1.50572;-1.49609;-1.48415;-1.46934;-1.45098;-1.42821;-1.39999;-1.36496;-1.32141;-1.26715;-1.19928;-1.11389;-1.00586;-0.867936;-0.690576
