0;6318429529931;20;absz;1.40447e+08;1.02321e+08;7.45334e+07;5.42425e+07;3.94749e+07;2.87022e+07;2.08827e+07;1.51852e+07;1.10401e+07;8.02531e+06;5.8329e+06;4.239e+06;3.08021e+06;2.23792e+06;1.62571e+06;1.18076e+06;857449;622555;451933;328014
0;6318429529931;20;frequency;9.999999974752427;13.86918846435492;19.23543905490988;26.67799336109056;37.00021196095804;51.31629158938722;71.17153245417285;98.70914048804025;136.9015682683994;189.8713664161278;263.3361782500288;365.2259113806622;506.5387032487934;702.5280792305466;974.3494403835484;1351.343611730726;1874.203936580443;2599.368780806799;3605.113577052066;4999.99999995282
0;6318429529931;20;phasez;-1.51816;-1.52095;-1.52244;-1.52421;-1.52583;-1.52715;-1.52825;-1.52938;-1.53011;-1.53071;-1.5312;-1.53155;-1.5317;-1.53164;-1.53128;-1.53045;-1.52905;-1.52674;-1.52327;-1.51814
1;6319198321144;50;absz;7.56066e+06;6.47581e+06;5.53337e+06;4.73654e+06;4.05458e+06;3.46828e+06;2.96961e+06;2.54067e+06;2.17409e+06;1.85966e+06;1.59065e+06;1.36042e+06;1.16424e+06;995649;851699;728398;623110;532858;455745;389764;333310;285037;243749;208427;178224;152389;130296;111405;95251.7;81437.3;69625.7;59526.4;50890.6;43507.2;37193.8;31795.2;27179;23231.9;19856.4;16969.5;14500.3;12388.1;10581;9034.7;7710.94;6577.43;5606.08;4773.06;4057.76;3442.69
1;6319198321144;50;frequency;199.9999999213742;234.625769479635;275.2462588517801;322.8993264769997;378.802514688914;444.3841576318164;521.3198749487447;611.5753842550475;717.456725922716;841.6691823498468;987.3863981368913;1158.33146786315;1358.872060208682;1594.132014446359;1870.122253535556;2193.894364737048;2573.720768452858;3019.306079821149;3542.035062906734;4155.263512473084;4874.659497176026;5718.603679767398;6708.658946337209;7870.121340545211;9232.666380967203;10831.10727442716;12706.28439819177;14906.10877695531;17486.78621595445;20514.25336674129;24065.86241733066;28232.35745111674;33120.19296963342;38854.25382030405;45581.04601983359;53472.44000269313;62730.06193403319;73590.44528463698;86331.07429211862;101277.4737211686;118811.5260634959;139381.228686517;163512.140226203;191820.8086789974;225030.524286467;263989.7996954232;309694.0495706946;363311.0235703185;426210.642505751;499999.9999999716
1;6319198321144;50;phasez;-1.52939;-1.5323;-1.53229;-1.53278;-1.53459;-1.53311;-1.53407;-1.53426;-1.53435;-1.53481;-1.53515;-1.53555;-1.53586;-1.53611;-1.53643;-1.53659;-1.5369;-1.53709;-1.53729;-1.5374;-1.53756;-1.53761;-1.53765;-1.53762;-1.53754;-1.53737;-1.5371;-1.53675;-1.53627;-1.53564;-1.53489;-1.53395;-1.53281;-1.53146;-1.52984;-1.52793;-1.52566;-1.52296;-1.51977;-1.51599;-1.51152;-1.50623;-1.49997;-1.49256;-1.48379;-1.47341;-1.46108;-1.44641;-1.42887;-1.40781
2;6319966526848;50;absz;83902.3;75116.5;67236.6;60199.8;53876.2;48228.9;43169.5;38644.4;34588.1;30960.8;27712.7;24802.6;22200;19872.5;17785.9;15920;14248.8;12753.3;11414.9;10216.7;9143.68;8183.88;7324.35;6554.94;5866.34;5250.02;4698.29;4204.36;3762.23;3366.4;3012.06;2694.9;2410.84;2156.57;1928.88;1725;1542.41;1378.92;1232.48;1101.35;983.876;878.693;784.509;700.18;624.801;557.439;497.36;443.988;396.804;355.478
2;6319966526848;50;frequency;20000.00000002444;22385.53853899816;25055.61678390222;28044.17375656954;31389.19662092121;35133.2035329932;39323.78408414649;44014.2042055669;49264.08322518227;55140.1516811012;61717.09952482729;69078.52549602467;77317.99973512921;86540.25314108083;96862.50859274992;108415.9709538568;121347.4948009008;135821.4510731415;152021.8163702936;170154.5114554648;190450.0186878266;213166.3116533389;238592.1342356312;267050.6708003728;298903.6541519141;334555.9634717432;374460.7706856584;419125.3006744233;469117.2785435782;525072.1459047724;587701.13789258;657800.3235824071;736260.7247225839;824079.6413975459;922373.3285811875;1032391.184709951;1155531.632626961;1293359.894754076;1447627.888434013;1620296.494325686;1813560.480908265;2029876.401899315;2271993.821195295;2542990.262224833;2846310.325953354;3185809.474764127;3565803.038745301;3991121.067296888;4467169.723268114;4999999.999999929
2;6319966526848;50;phasez;-1.53949;-1.53895;-1.53876;-1.53855;-1.53818;-1.53784;-1.53725;-1.53655;-1.53592;-1.53502;-1.53402;-1.5329;-1.53162;-1.53015;-1.52852;-1.52658;-1.52443;-1.52206;-1.51933;-1.51629;-1.51287;-1.509;-1.50469;-1.49986;-1.49442;-1.48832;-1.48148;-1.47382;-1.46522;-1.45557;-1.44475;-1.43259;-1.41896;-1.40365;-1.38644;-1.36711;-1.34536;-1.3209;-1.29335;-1.2623;-1.22729;-1.18772;-1.14297;-1.09223;-1.03462;-0.969095;-0.894323;-0.808852;-0.710956;-0.598663
3;6320285741063;20;absz;17316.4;14144.6;11548.3;9430.98;7701.55;6288.21;5134.16;4191.41;3421.35;2792.35;2278.13;1857.8;1514.42;1233.56;1003.91;816.071;662.512;537.298;435.754;354.617
3;6320285741063;20;frequency;99999.99999990905;122862.535599424;150952.0265389597;185463.4873444638;227865.1431623047;279960.8926363817;343967.05137965;422606.6409511731;519225.2346839865;637933.2888043621;783781.0140572543;962973.2274171232;1183133.324347452;1453627.601814205;1785963.729760951;2194280.323268956;2695948.443325946;3312310.615921419;4069588.809647371;4999999.999999929
3;6320285741063;20;phasez;-1.52763;-1.52437;-1.52038;-1.51528;-1.509;-1.50115;-1.49144;-1.4794;-1.46451;-1.44606;-1.42323;-1.39495;-1.35987;-1.31627;-1.26195;-1.19401;-1.10853;-1.00032;-0.862123;-0.684324
