0;4647352067930;20;absz;1.50278e+08;1.09303e+08;7.95207e+07;5.78089e+07;4.20173e+07;3.05517e+07;2.21964e+07;1.6126e+07;1.17151e+07;8.50888e+06;6.17892e+06;4.4864e+06;3.25683e+06;2.36379e+06;1.71533e+06;1.24455e+06;902867;654865;474908;344347
0;4647352067930;20;frequency;9.999999974752427;13.86918846435492;19.23543905490988;26.67799336109056;37.00021196095804;51.31629158938722;71.17153245417285;98.70914048804025;136.9015682683994;189.8713664161278;263.3361782500288;365.2259113806622;506.5387032487934;702.5280792305466;974.3494403835484;1351.343611730726;1874.203936580443;2599.368780806799;3605.113577052066;4999.99999995282
0;4647352067930;20;phasez;-1.52619;-1.52849;-1.52961;-1.53035;-1.53135;-1.53209;-1.53313;-1.5338;-1.53456;-1.53518;-1.53571;-1.53615;-1.53643;-1.53645;-1.53611;-1.53531;-1.53384;-1.53151;-1.52801;-1.52283
1;4648122219734;50;absz;8.00737e+06;6.86447e+06;5.86995e+06;5.0252e+06;4.28772e+06;3.67211e+06;3.1389e+06;2.68388e+06;2.29516e+06;1.96245e+06;1.67784e+06;1.43479e+06;1.227e+06;1.04886e+06;896688;766661;655427;560286;478909;409391;349925;299090;255647;218496;186737;159598;136399;116569;99620.4;85135.3;72755;62174.3;53131.7;45403.5;38799.9;33155.6;28331.7;24208.7;20684.2;17671.6;15095.8;12893.1;11009.1;9397.47;8018.27;6837.56;5825.94;4958.62;4214.15;3574.18
1;4648122219734;50;frequency;199.9999999213742;234.625769479635;275.2462588517801;322.8993264769997;378.802514688914;444.3841576318164;521.3198749487447;611.5753842550475;717.456725922716;841.6691823498468;987.3863981368913;1158.33146786315;1358.872060208682;1594.132014446359;1870.122253535556;2193.894364737048;2573.720768452858;3019.306079821149;3542.035062906734;4155.263512473084;4874.659497176026;5718.603679767398;6708.658946337209;7870.121340545211;9232.666380967203;10831.10727442716;12706.28439819177;14906.10877695531;17486.78621595445;20514.25336674129;24065.86241733066;28232.35745111674;33120.19296963342;38854.25382030405;45581.04601983359;53472.44000269313;62730.06193403319;73590.44528463698;86331.07429211862;101277.4737211686;118811.5260634959;139381.228686517;163512.140226203;191820.8086789974;225030.524286467;263989.7996954232;309694.0495706946;363311.0235703185;426210.642505751;499999.9999999716
1;4648122219734;50;phasez;-1.53661;-1.53881;-1.53788;-1.53663;-1.53679;-1.53801;-1.5385;-1.53941;-1.53929;-1.53927;-1.54008;-1.54021;-1.54072;-1.54093;-1.54119;-1.54147;-1.54169;-1.5418;-1.54196;-1.54213;-1.54222;-1.54226;-1.54228;-1.5422;-1.54205;-1.54184;-1.54151;-1.5411;-1.54055;-1.53988;-1.53904;-1.53805;-1.53684;-1.53539;-1.53369;-1.53168;-1.52932;-1.52655;-1.52327;-1.51943;-1.51491;-1.50959;-1.50333;-1.49593;-1.4872;-1.47686;-1.46459;-1.44998;-1.43253;-1.41154
2;4648892597515;50;absz;87747.8;78543.4;70257;62873.6;56273.8;50355.8;45056.7;40324.7;36083.6;32286.9;28892.4;25853.6;23133.8;20702.9;18525.2;16578.2;14835.6;13275.9;11879.9;10630.4;9512.27;8511.26;7616.12;6814.72;6097.28;5455.51;4881.09;4366.87;3906.63;3494.74;3126.1;2796.1;2500.77;2236.35;1999.69;1787.88;1598.25;1428.49;1276.48;1140.4;1018.57;909.497;811.861;724.477;646.412;576.68;514.532;459.336;410.573;367.902
2;4648892597515;50;frequency;20000.00000002444;22385.53853899816;25055.61678390222;28044.17375656954;31389.19662092121;35133.2035329932;39323.78408414649;44014.2042055669;49264.08322518227;55140.1516811012;61717.09952482729;69078.52549602467;77317.99973512921;86540.25314108083;96862.50859274992;108415.9709538568;121347.4948009008;135821.4510731415;152021.8163702936;170154.5114554648;190450.0186878266;213166.3116533389;238592.1342356312;267050.6708003728;298903.6541519141;334555.9634717432;374460.7706856584;419125.3006744233;469117.2785435782;525072.1459047724;587701.13789258;657800.3235824071;736260.7247225839;824079.6413975459;922373.3285811875;1032391.184709951;1155531.632626961;1293359.894754076;1447627.888434013;1620296.494325686;1813560.480908265;2029876.401899315;2271993.821195295;2542990.262224833;2846310.325953354;3185809.474764127;3565803.038745301;3991121.067296888;4467169.723268114;4999999.999999929
2;4648892597515;50;phasez;-1.54329;-1.54355;-1.54322;-1.54251;-1.5421;-1.54176;-1.54114;-1.54064;-1.53964;-1.53879;-1.53771;-1.53654;-1.53517;-1.53367;-1.53194;-1.53;-1.52786;-1.52542;-1.52269;-1.51966;-1.51623;-1.5124;-1.50812;-1.50331;-1.4979;-1.49183;-1.48506;-1.47746;-1.4689;-1.45929;-1.44851;-1.43641;-1.42282;-1.40755;-1.39038;-1.37109;-1.34938;-1.32495;-1.29745;-1.26644;-1.23147;-1.19195;-1.14727;-1.0966;-1.03908;-0.973658;-0.899023;-0.813714;-0.716037;-0.603995
3;4649209565699;20;absz;18037.3;14727.1;12021.7;9812.08;8010.02;6537.01;5335.27;4353.75;3552.06;2897.55;2362.82;1925.9;1569.21;1277.65;1039.37;844.587;685.493;555.855;450.84;367.014
3;4649209565699;20;frequency;99999.99999990905;122862.535599424;150952.0265389597;185463.4873444638;227865.1431623047;279960.8926363817;343967.05137965;422606.6409511731;519225.2346839865;637933.2888043621;783781.0140572543;962973.2274171232;1183133.324347452;1453627.601814205;1785963.729760951;2194280.323268956;2695948.443325946;3312310.615921419;4069588.809647371;4999999.999999929
3;4649209565699;20;phasez;-1.53105;-1.52774;-1.52367;-1.51868;-1.51237;-1.50461;-1.49498;-1.48305;-1.46822;-1.44986;-1.42711;-1.39891;-1.3639;-1.32038;-1.26613;-1.19829;-1.11293;-1.00493;-0.867019;-0.689673
