0;7462431568483;20;absz;1.37911e+08;1.00553e+08;7.32396e+07;5.33385e+07;3.88334e+07;2.82585e+07;2.05605e+07;1.49533e+07;1.08729e+07;7.90487e+06;5.74651e+06;4.17658e+06;3.03519e+06;2.20546e+06;1.60237e+06;1.164e+06;845449;613985;445797;323621
0;7462431568483;20;frequency;9.999999974752427;13.86918846435492;19.23543905490988;26.67799336109056;37.00021196095804;51.31629158938722;71.17153245417285;98.70914048804025;136.9015682683994;189.8713664161278;263.3361782500288;365.2259113806622;506.5387032487934;702.5280792305466;974.3494403835484;1351.343611730726;1874.203936580443;2599.368780806799;3605.113577052066;4999.99999995282
0;7462431568483;20;phasez;-1.51407;-1.51624;-1.51908;-1.52125;-1.52333;-1.52552;-1.52661;-1.52785;-1.52887;-1.52964;-1.53027;-1.53069;-1.53091;-1.53082;-1.53044;-1.52959;-1.52814;-1.52584;-1.52236;-1.51726
1;7463202572317;50;absz;7.45133e+06;6.38186e+06;5.45723e+06;4.6747e+06;3.99754e+06;3.41871e+06;2.92562e+06;2.50328e+06;2.14239e+06;1.8325e+06;1.56766e+06;1.34123e+06;1.14754e+06;981634;839826;718342;614500;525603;449555;384492;328845;281235;240517;205683;175891;150414;128619;109981;94043.1;80412.8;68756.8;58788.8;50266.5;42978.2;36746.2;31416.1;26857.9;22959.7;19625.9;16774.5;14335;12247.9;10462.4;8934.02;7625.56;6505.11;5544.87;4721.22;4014.02;3405.81
1;7463202572317;50;frequency;199.9999999213742;234.625769479635;275.2462588517801;322.8993264769997;378.802514688914;444.3841576318164;521.3198749487447;611.5753842550475;717.456725922716;841.6691823498468;987.3863981368913;1158.33146786315;1358.872060208682;1594.132014446359;1870.122253535556;2193.894364737048;2573.720768452858;3019.306079821149;3542.035062906734;4155.263512473084;4874.659497176026;5718.603679767398;6708.658946337209;7870.121340545211;9232.666380967203;10831.10727442716;12706.28439819177;14906.10877695531;17486.78621595445;20514.25336674129;24065.86241733066;28232.35745111674;33120.19296963342;38854.25382030405;45581.04601983359;53472.44000269313;62730.06193403319;73590.44528463698;86331.07429211862;101277.4737211686;118811.5260634959;139381.228686517;163512.140226203;191820.8086789974;225030.524286467;263989.7996954232;309694.0495706946;363311.0235703185;426210.642505751;499999.9999999716
1;7463202572317;50;phasez;-1.53148;-1.52903;-1.53138;-1.53164;-1.53131;-1.53281;-1.53285;-1.53315;-1.53407;-1.53418;-1.53448;-1.53464;-1.53499;-1.53529;-1.53546;-1.53574;-1.53595;-1.53617;-1.53636;-1.53654;-1.53663;-1.5367;-1.53673;-1.53672;-1.53659;-1.53641;-1.53614;-1.53576;-1.53526;-1.53463;-1.53386;-1.53293;-1.53178;-1.53042;-1.52881;-1.5269;-1.52464;-1.52196;-1.51879;-1.51502;-1.51057;-1.5053;-1.49906;-1.49167;-1.48292;-1.47253;-1.4602;-1.44551;-1.42796;-1.40687
2;7463970918029;50;absz;82853.3;74157.2;66385.1;59433.8;53210;47638.6;42645.4;38175.3;34171;30585.8;27384.9;24509.8;21938.9;19638.3;17579.8;15734.5;14085.3;12607.1;11285;10100.8;9041.11;8092.1;7242.38;6482.36;5801.44;5192.41;4646.96;4158.58;3721.48;3330.13;2979.77;2666.12;2385.31;2133.86;1908.72;1707.12;1526.55;1364.82;1219.97;1090.23;974.028;869.954;776.751;693.29;618.669;551.986;492.497;439.653;392.921;351.985
2;7463970918029;50;frequency;20000.00000002444;22385.53853899816;25055.61678390222;28044.17375656954;31389.19662092121;35133.2035329932;39323.78408414649;44014.2042055669;49264.08322518227;55140.1516811012;61717.09952482729;69078.52549602467;77317.99973512921;86540.25314108083;96862.50859274992;108415.9709538568;121347.4948009008;135821.4510731415;152021.8163702936;170154.5114554648;190450.0186878266;213166.3116533389;238592.1342356312;267050.6708003728;298903.6541519141;334555.9634717432;374460.7706856584;419125.3006744233;469117.2785435782;525072.1459047724;587701.13789258;657800.3235824071;736260.7247225839;824079.6413975459;922373.3285811875;1032391.184709951;1155531.632626961;1293359.894754076;1447627.888434013;1620296.494325686;1813560.480908265;2029876.401899315;2271993.821195295;2542990.262224833;2846310.325953354;3185809.474764127;3565803.038745301;3991121.067296888;4467169.723268114;4999999.999999929
2;7463970918029;50;phasez;-1.53824;-1.53808;-1.5377;-1.53755;-1.53716;-1.53683;-1.53635;-1.53555;-1.53489;-1.53402;-1.53298;-1.53193;-1.53067;-1.52921;-1.52753;-1.52556;-1.52345;-1.52116;-1.51843;-1.5154;-1.51196;-1.50813;-1.50384;-1.49896;-1.49355;-1.48747;-1.48056;-1.4729;-1.46428;-1.45462;-1.44377;-1.4316;-1.41795;-1.4026;-1.38538;-1.36602;-1.34425;-1.31975;-1.29218;-1.26112;-1.22607;-1.18648;-1.14171;-1.09095;-1.0333;-0.967735;-0.892925;-0.807415;-0.709457;-0.597097
3;7464288543025;20;absz;17115.2;13981.7;11417.1;9324.1;7615.5;6218.34;5077.73;4145.72;3384.5;2762.48;2253.99;1838.29;1498.78;1220.97;993.786;807.939;655.979;532.037;431.487;351.122
3;7464288543025;20;frequency;99999.99999990905;122862.535599424;150952.0265389597;185463.4873444638;227865.1431623047;279960.8926363817;343967.05137965;422606.6409511731;519225.2346839865;637933.2888043621;783781.0140572543;962973.2274171232;1183133.324347452;1453627.601814205;1785963.729760951;2194280.323268956;2695948.443325946;3312310.615921419;4069588.809647371;4999999.999999929
3;7464288543025;20;phasez;-1.5266;-1.52345;-1.51952;-1.51441;-1.50806;-1.50032;-1.49054;-1.47847;-1.46356;-1.44508;-1.42219;-1.39387;-1.35874;-1.31509;-1.26073;-1.19274;-1.10719;-0.998923;-0.860638;-0.682734
