0;8729043099299;20;absz;1.36567e+08;9.96056e+07;7.2586e+07;5.28857e+07;3.85064e+07;2.80371e+07;2.0395e+07;1.4837e+07;1.07898e+07;7.84658e+06;5.70485e+06;4.14677e+06;3.01383e+06;2.19005e+06;1.59128e+06;1.15605e+06;839714;609849;442842;321512
0;8729043099299;20;frequency;9.999999974752427;13.86918846435492;19.23543905490988;26.67799336109056;37.00021196095804;51.31629158938722;71.17153245417285;98.70914048804025;136.9015682683994;189.8713664161278;263.3361782500288;365.2259113806622;506.5387032487934;702.5280792305466;974.3494403835484;1351.343611730726;1874.203936580443;2599.368780806799;3605.113577052066;4999.99999995282
0;8729043099299;20;phasez;-1.51184;-1.51461;-1.51751;-1.52007;-1.52195;-1.52414;-1.52541;-1.52678;-1.52788;-1.52886;-1.52959;-1.53009;-1.53038;-1.53037;-1.52999;-1.52915;-1.52769;-1.52536;-1.52185;-1.5167
1;8729811866066;50;absz;7.38181e+06;6.34185e+06;5.41565e+06;4.63489e+06;3.96929e+06;3.3961e+06;2.90418e+06;2.48577e+06;2.12719e+06;1.82004e+06;1.55673e+06;1.33212e+06;1.13966e+06;975021;834070;713494;610365;522066;446540;381947;326696;279410;238971;204376;174780;149475;127826;109313;93478.7;79936.1;68356.7;58453.9;49983.4;42739;36544.8;31247.1;26715.8;22840.1;19525.1;16689.5;14263.7;12187.9;10411.7;8891.21;7589.61;6474.79;5519.3;4699.71;3995.94;3390.68
1;8729811866066;50;frequency;199.9999999213742;234.625769479635;275.2462588517801;322.8993264769997;378.802514688914;444.3841576318164;521.3198749487447;611.5753842550475;717.456725922716;841.6691823498468;987.3863981368913;1158.33146786315;1358.872060208682;1594.132014446359;1870.122253535556;2193.894364737048;2573.720768452858;3019.306079821149;3542.035062906734;4155.263512473084;4874.659497176026;5718.603679767398;6708.658946337209;7870.121340545211;9232.666380967203;10831.10727442716;12706.28439819177;14906.10877695531;17486.78621595445;20514.25336674129;24065.86241733066;28232.35745111674;33120.19296963342;38854.25382030405;45581.04601983359;53472.44000269313;62730.06193403319;73590.44528463698;86331.07429211862;101277.4737211686;118811.5260634959;139381.228686517;163512.140226203;191820.8086789974;225030.524286467;263989.7996954232;309694.0495706946;363311.0235703185;426210.642505751;499999.9999999716
1;8729811866066;50;phasez;-1.53025;-1.53166;-1.53111;-1.53117;-1.53177;-1.53201;-1.53237;-1.53291;-1.53314;-1.53356;-1.53387;-1.53417;-1.53448;-1.53478;-1.53498;-1.53526;-1.53548;-1.53561;-1.53585;-1.53597;-1.53606;-1.53613;-1.53612;-1.53607;-1.53595;-1.53575;-1.53544;-1.53505;-1.53452;-1.53388;-1.53308;-1.53213;-1.53098;-1.52962;-1.52801;-1.52611;-1.52385;-1.52118;-1.51802;-1.51427;-1.50986;-1.5046;-1.49838;-1.491;-1.48226;-1.47188;-1.45955;-1.44486;-1.42731;-1.40621
2;8730580386270;50;absz;82300.8;73695;65979.7;59082.7;52899.2;47348.3;42399.7;37950.4;33975.5;30418.1;27233.1;24375.9;21822.1;19534.3;17487.4;15654.3;14013.2;12543.7;11228.4;10050;8996.07;8052.29;7207.36;6451.08;5774.02;5167.94;4625.14;4139.34;3704.37;3315.03;2966.39;2654.23;2374.75;2124.53;1900.45;1699.77;1520.03;1359.06;1214.89;1085.73;970.049;866.425;773.635;690.533;616.233;549.822;490.579;437.942;391.4;350.617
2;8730580386270;50;frequency;20000.00000002444;22385.53853899816;25055.61678390222;28044.17375656954;31389.19662092121;35133.2035329932;39323.78408414649;44014.2042055669;49264.08322518227;55140.1516811012;61717.09952482729;69078.52549602467;77317.99973512921;86540.25314108083;96862.50859274992;108415.9709538568;121347.4948009008;135821.4510731415;152021.8163702936;170154.5114554648;190450.0186878266;213166.3116533389;238592.1342356312;267050.6708003728;298903.6541519141;334555.9634717432;374460.7706856584;419125.3006744233;469117.2785435782;525072.1459047724;587701.13789258;657800.3235824071;736260.7247225839;824079.6413975459;922373.3285811875;1032391.184709951;1155531.632626961;1293359.894754076;1447627.888434013;1620296.494325686;1813560.480908265;2029876.401899315;2271993.821195295;2542990.262224833;2846310.325953354;3185809.474764127;3565803.038745301;3991121.067296888;4467169.723268114;4999999.999999929
2;8730580386270;50;phasez;-1.53759;-1.53741;-1.53697;-1.5368;-1.53625;-1.53603;-1.53538;-1.53482;-1.534;-1.53325;-1.53228;-1.53116;-1.52986;-1.52837;-1.52679;-1.52493;-1.52281;-1.52039;-1.5177;-1.51471;-1.51128;-1.50746;-1.50314;-1.49831;-1.49287;-1.48678;-1.47995;-1.47225;-1.46365;-1.45396;-1.44312;-1.43093;-1.41727;-1.40192;-1.38467;-1.36531;-1.34352;-1.31902;-1.29144;-1.26036;-1.22529;-1.18569;-1.1409;-1.09013;-1.03244;-0.966849;-0.892008;-0.806447;-0.708454;-0.596024
3;8730896639231;20;absz;17018.1;13904.7;11356.3;9275.9;7576.66;6187.15;5052.74;4125.69;3368.35;2749.55;2243.65;1830.05;1492.17;1215.69;989.574;804.593;653.29;529.879;429.757;349.715
3;8730896639231;20;frequency;99999.99999990905;122862.535599424;150952.0265389597;185463.4873444638;227865.1431623047;279960.8926363817;343967.05137965;422606.6409511731;519225.2346839865;637933.2888043621;783781.0140572543;962973.2274171232;1183133.324347452;1453627.601814205;1785963.729760951;2194280.323268956;2695948.443325946;3312310.615921419;4069588.809647371;4999999.999999929
3;8730896639231;20;phasez;-1.52586;-1.52271;-1.51878;-1.51371;-1.50743;-1.4996;-1.48991;-1.47785;-1.4629;-1.44441;-1.42151;-1.39317;-1.35802;-1.31435;-1.25996;-1.19194;-1.10638;-0.998044;-0.859703;-0.681711
