0;9739087708498;20;absz;1.3611e+08;9.93097e+07;7.2346e+07;5.27158e+07;3.83852e+07;2.79302e+07;2.03369e+07;1.47937e+07;1.07604e+07;7.82518e+06;5.68933e+06;4.1359e+06;3.00602e+06;2.18455e+06;1.58727e+06;1.15313e+06;837618;608347;441762;320738
0;9739087708498;20;frequency;9.999999974752427;13.86918846435492;19.23543905490988;26.67799336109056;37.00021196095804;51.31629158938722;71.17153245417285;98.70914048804025;136.9015682683994;189.8713664161278;263.3361782500288;365.2259113806622;506.5387032487934;702.5280792305466;974.3494403835484;1351.343611730726;1874.203936580443;2599.368780806799;3605.113577052066;4999.99999995282
0;9739087708498;20;phasez;-1.51024;-1.51387;-1.51678;-1.51942;-1.52163;-1.52386;-1.52502;-1.52644;-1.52756;-1.52855;-1.52931;-1.52982;-1.53016;-1.53018;-1.52985;-1.52898;-1.52755;-1.52524;-1.52174;-1.51659
1;9739856754539;50;absz;7.36244e+06;6.31309e+06;5.40402e+06;4.62136e+06;3.96084e+06;3.3864e+06;2.89767e+06;2.48024e+06;2.12228e+06;1.81525e+06;1.55317e+06;1.32867e+06;1.13686e+06;972485;831970;711699;608807;520812;445463;381027;325902;278747;238407;203894;174371;149126;127530;109058;93260.1;79748.3;68193.9;58312.7;49862.3;42635.6;36454.9;31169.5;26649.4;22783.4;19476.5;16647.9;14228.1;12157.6;10386.1;8869.56;7571.34;6459.32;5506.27;4688.72;3986.71;3382.87
1;9739856754539;50;frequency;199.9999999213742;234.625769479635;275.2462588517801;322.8993264769997;378.802514688914;444.3841576318164;521.3198749487447;611.5753842550475;717.456725922716;841.6691823498468;987.3863981368913;1158.33146786315;1358.872060208682;1594.132014446359;1870.122253535556;2193.894364737048;2573.720768452858;3019.306079821149;3542.035062906734;4155.263512473084;4874.659497176026;5718.603679767398;6708.658946337209;7870.121340545211;9232.666380967203;10831.10727442716;12706.28439819177;14906.10877695531;17486.78621595445;20514.25336674129;24065.86241733066;28232.35745111674;33120.19296963342;38854.25382030405;45581.04601983359;53472.44000269313;62730.06193403319;73590.44528463698;86331.07429211862;101277.4737211686;118811.5260634959;139381.228686517;163512.140226203;191820.8086789974;225030.524286467;263989.7996954232;309694.0495706946;363311.0235703185;426210.642505751;499999.9999999716
1;9739856754539;50;phasez;-1.52899;-1.53069;-1.5302;-1.5317;-1.53202;-1.53237;-1.53255;-1.53271;-1.53297;-1.5333;-1.53362;-1.53414;-1.53441;-1.53465;-1.53496;-1.53504;-1.53535;-1.53548;-1.53571;-1.53585;-1.53597;-1.53604;-1.53605;-1.536;-1.53587;-1.5357;-1.53543;-1.53505;-1.53455;-1.53392;-1.53315;-1.53221;-1.53107;-1.5297;-1.52807;-1.52616;-1.52388;-1.52118;-1.51798;-1.51421;-1.50975;-1.50447;-1.49823;-1.49084;-1.48209;-1.4717;-1.45937;-1.44468;-1.42713;-1.40602
2;9740625057714;50;absz;82151.6;73538.4;65848.3;58951.4;52779.2;47244;42307.7;37867.2;33905.9;30349;27166.5;24319.2;21771.8;19488.6;17446.3;15617.3;13980.5;12514.8;11202.4;10027.6;8975.88;8034.37;7191.6;6436.93;5761.26;5156.67;4615.18;4130.41;3696.4;3307.9;2960.04;2648.62;2369.75;2120.03;1896.48;1696.25;1516.91;1356.28;1212.38;1083.53;968.119;864.697;772.103;689.164;615.033;548.757;489.632;437.092;390.64;349.932
2;9740625057714;50;frequency;20000.00000002444;22385.53853899816;25055.61678390222;28044.17375656954;31389.19662092121;35133.2035329932;39323.78408414649;44014.2042055669;49264.08322518227;55140.1516811012;61717.09952482729;69078.52549602467;77317.99973512921;86540.25314108083;96862.50859274992;108415.9709538568;121347.4948009008;135821.4510731415;152021.8163702936;170154.5114554648;190450.0186878266;213166.3116533389;238592.1342356312;267050.6708003728;298903.6541519141;334555.9634717432;374460.7706856584;419125.3006744233;469117.2785435782;525072.1459047724;587701.13789258;657800.3235824071;736260.7247225839;824079.6413975459;922373.3285811875;1032391.184709951;1155531.632626961;1293359.894754076;1447627.888434013;1620296.494325686;1813560.480908265;2029876.401899315;2271993.821195295;2542990.262224833;2846310.325953354;3185809.474764127;3565803.038745301;3991121.067296888;4467169.723268114;4999999.999999929
2;9740625057714;50;phasez;-1.53751;-1.53737;-1.53711;-1.53667;-1.53656;-1.53611;-1.5354;-1.53486;-1.53415;-1.53327;-1.53225;-1.53111;-1.52983;-1.5284;-1.5267;-1.52482;-1.5227;-1.52027;-1.51763;-1.51456;-1.51113;-1.50729;-1.50299;-1.49814;-1.49272;-1.48663;-1.47978;-1.47208;-1.46345;-1.45379;-1.44293;-1.43074;-1.41706;-1.40171;-1.38447;-1.36508;-1.3433;-1.31879;-1.29119;-1.2601;-1.22502;-1.18541;-1.14062;-1.08983;-1.03215;-0.966563;-0.891717;-0.806159;-0.708151;-0.595713
3;9740941293187;20;absz;16983;13875.3;11332.4;9255.87;7560.67;6174.3;5042.51;4117.22;3361.53;2743.98;2239.14;1826.41;1489.24;1213.32;987.68;803.06;652.077;528.901;428.951;349.055
3;9740941293187;20;frequency;99999.99999990905;122862.535599424;150952.0265389597;185463.4873444638;227865.1431623047;279960.8926363817;343967.05137965;422606.6409511731;519225.2346839865;637933.2888043621;783781.0140572543;962973.2274171232;1183133.324347452;1453627.601814205;1785963.729760951;2194280.323268956;2695948.443325946;3312310.615921419;4069588.809647371;4999999.999999929
3;9740941293187;20;phasez;-1.52593;-1.52261;-1.5186;-1.51358;-1.50725;-1.49948;-1.48972;-1.47768;-1.46271;-1.44421;-1.4213;-1.39296;-1.35779;-1.31409;-1.25968;-1.19165;-1.10608;-0.997752;-0.859388;-0.681398
