0;5861008491186;20;absz;1.42244e+08;1.03594e+08;7.54267e+07;5.48844e+07;3.99293e+07;2.90291e+07;2.11191e+07;1.53541e+07;1.11613e+07;8.11174e+06;5.89496e+06;4.28349e+06;3.11198e+06;2.26059e+06;1.64184e+06;1.19229e+06;865704;628457;456152;331037
0;5861008491186;20;frequency;9.999999974752427;13.86918846435492;19.23543905490988;26.67799336109056;37.00021196095804;51.31629158938722;71.17153245417285;98.70914048804025;136.9015682683994;189.8713664161278;263.3361782500288;365.2259113806622;506.5387032487934;702.5280792305466;974.3494403835484;1351.343611730726;1874.203936580443;2599.368780806799;3605.113577052066;4999.99999995282
0;5861008491186;20;phasez;-1.52026;-1.52218;-1.52413;-1.52554;-1.52712;-1.52869;-1.52943;-1.53027;-1.53097;-1.53158;-1.53205;-1.53238;-1.53254;-1.53248;-1.53208;-1.53126;-1.52978;-1.52748;-1.52399;-1.51887
1;5861778633049;50;absz;7.63816e+06;6.52811e+06;5.59868e+06;4.78646e+06;4.09809e+06;3.50499e+06;2.99823e+06;2.56637e+06;2.19416e+06;1.87756e+06;1.60651e+06;1.37419e+06;1.1753e+06;1.00531e+06;859919;735434;628966;537904;459999;393381;336390;287635;245953;210300;179808;153736;131441;112375;96072.4;82134.5;70217.8;60027.6;51315.6;43866.4;37497.8;32053.2;27397.1;23416.1;20012.1;17101.2;14611.8;12482.5;10661.1;9102.43;7768.46;6626.19;5647.22;4807.82;4087.19;3467.53
1;5861778633049;50;frequency;199.9999999213742;234.625769479635;275.2462588517801;322.8993264769997;378.802514688914;444.3841576318164;521.3198749487447;611.5753842550475;717.456725922716;841.6691823498468;987.3863981368913;1158.33146786315;1358.872060208682;1594.132014446359;1870.122253535556;2193.894364737048;2573.720768452858;3019.306079821149;3542.035062906734;4155.263512473084;4874.659497176026;5718.603679767398;6708.658946337209;7870.121340545211;9232.666380967203;10831.10727442716;12706.28439819177;14906.10877695531;17486.78621595445;20514.25336674129;24065.86241733066;28232.35745111674;33120.19296963342;38854.25382030405;45581.04601983359;53472.44000269313;62730.06193403319;73590.44528463698;86331.07429211862;101277.4737211686;118811.5260634959;139381.228686517;163512.140226203;191820.8086789974;225030.524286467;263989.7996954232;309694.0495706946;363311.0235703185;426210.642505751;499999.9999999716
1;5861778633049;50;phasez;-1.53426;-1.53385;-1.53301;-1.53377;-1.53493;-1.53467;-1.53482;-1.53509;-1.53553;-1.5358;-1.53598;-1.53627;-1.53658;-1.53674;-1.53721;-1.53732;-1.53764;-1.5378;-1.53801;-1.53814;-1.53828;-1.53832;-1.53837;-1.53833;-1.53826;-1.53807;-1.53781;-1.53745;-1.53697;-1.53636;-1.5356;-1.53467;-1.53355;-1.53219;-1.53058;-1.52867;-1.52639;-1.52369;-1.52049;-1.5167;-1.51222;-1.50691;-1.50064;-1.49322;-1.48445;-1.47406;-1.46173;-1.44706;-1.42953;-1.40848
2;5862546964513;50;absz;84632.6;75752.6;67822.3;60696.6;54325.6;48632.1;43536.9;38963;34872.7;31215.9;27936.1;25001.4;22377.3;20028.4;17925.3;16043.7;14359.7;12851.5;11501.5;10293.9;9212.95;8245.35;7379.09;6603.84;5909.63;5288.77;4732.69;4234.92;3789.45;3390.69;3033.68;2714.03;2427.87;2171.7;1942.33;1736.93;1553.02;1388.34;1240.88;1108.79;990.501;884.582;789.725;704.817;628.924;561.11;500.632;446.916;399.434;357.85
2;5862546964513;50;frequency;20000.00000002444;22385.53853899816;25055.61678390222;28044.17375656954;31389.19662092121;35133.2035329932;39323.78408414649;44014.2042055669;49264.08322518227;55140.1516811012;61717.09952482729;69078.52549602467;77317.99973512921;86540.25314108083;96862.50859274992;108415.9709538568;121347.4948009008;135821.4510731415;152021.8163702936;170154.5114554648;190450.0186878266;213166.3116533389;238592.1342356312;267050.6708003728;298903.6541519141;334555.9634717432;374460.7706856584;419125.3006744233;469117.2785435782;525072.1459047724;587701.13789258;657800.3235824071;736260.7247225839;824079.6413975459;922373.3285811875;1032391.184709951;1155531.632626961;1293359.894754076;1447627.888434013;1620296.494325686;1813560.480908265;2029876.401899315;2271993.821195295;2542990.262224833;2846310.325953354;3185809.474764127;3565803.038745301;3991121.067296888;4467169.723268114;4999999.999999929
2;5862546964513;50;phasez;-1.54036;-1.53996;-1.53958;-1.53923;-1.53917;-1.53849;-1.53799;-1.5375;-1.53656;-1.53585;-1.53473;-1.53358;-1.53237;-1.53082;-1.52917;-1.52733;-1.52517;-1.52277;-1.52002;-1.51693;-1.51356;-1.50967;-1.50536;-1.5005;-1.49507;-1.48897;-1.48214;-1.47447;-1.46588;-1.45624;-1.44542;-1.43327;-1.41966;-1.40434;-1.38715;-1.36782;-1.3461;-1.32165;-1.29411;-1.26308;-1.22807;-1.18852;-1.14381;-1.09309;-1.03549;-0.969989;-0.89525;-0.809822;-0.711971;-0.599733
3;5862863322151;20;absz;17453.3;14253.7;11637.3;9502.1;7759.45;6334.75;5171.8;4221.88;3446;2812.18;2294.13;1870.7;1524.84;1241.96;1010.65;821.513;666.89;540.835;438.633;356.988
3;5862863322151;20;frequency;99999.99999990905;122862.535599424;150952.0265389597;185463.4873444638;227865.1431623047;279960.8926363817;343967.05137965;422606.6409511731;519225.2346839865;637933.2888043621;783781.0140572543;962973.2274171232;1183133.324347452;1453627.601814205;1785963.729760951;2194280.323268956;2695948.443325946;3312310.615921419;4069588.809647371;4999999.999999929
3;5862863322151;20;phasez;-1.52835;-1.52505;-1.52103;-1.51592;-1.50961;-1.50179;-1.49206;-1.48005;-1.46516;-1.44675;-1.42393;-1.39566;-1.36059;-1.31704;-1.26274;-1.19482;-1.10938;-1.00122;-0.863096;-0.685425
