0;3185670435323;20;absz;1.68441e+08;1.22203e+08;8.86449e+07;6.42692e+07;4.6623e+07;3.37866e+07;2.45045e+07;1.77665e+07;1.28743e+07;9.3298e+06;6.75893e+06;4.89552e+06;3.54536e+06;2.56726e+06;1.85882e+06;1.34579e+06;974347;705388;510674;369702
0;3185670435323;20;frequency;9.999999974752427;13.86918846435492;19.23543905490988;26.67799336109056;37.00021196095804;51.31629158938722;71.17153245417285;98.70914048804025;136.9015682683994;189.8713664161278;263.3361782500288;365.2259113806622;506.5387032487934;702.5280792305466;974.3494403835484;1351.343611730726;1874.203936580443;2599.368780806799;3605.113577052066;4999.99999995282
0;3185670435323;20;phasez;-1.54026;-1.54111;-1.54107;-1.54195;-1.54262;-1.54415;-1.54434;-1.54516;-1.54574;-1.54637;-1.54689;-1.54714;-1.54719;-1.54689;-1.54619;-1.54493;-1.54301;-1.54017;-1.53614;-1.53048
1;3186440120610;50;absz;8.77741e+06;7.50948e+06;6.41739e+06;5.47653e+06;4.68363e+06;4.00291e+06;3.41724e+06;2.91978e+06;2.49227e+06;2.12863e+06;1.81835e+06;1.55314e+06;1.32681e+06;1.13301e+06;967782;826551;705955;602966;515032;439894;375723;320907;274095;234107;199957;170785;145867;124585;106407;90882.9;77620.1;66292.7;56618;48354.3;41296.1;35267;30116.6;25717.4;21958.5;18747.3;16003.2;13658.1;11654.1;9940.55;8475.31;7221.71;6148.58;5229.35;4440.89;3763.74
1;3186440120610;50;frequency;199.9999999213742;234.625769479635;275.2462588517801;322.8993264769997;378.802514688914;444.3841576318164;521.3198749487447;611.5753842550475;717.456725922716;841.6691823498468;987.3863981368913;1158.33146786315;1358.872060208682;1594.132014446359;1870.122253535556;2193.894364737048;2573.720768452858;3019.306079821149;3542.035062906734;4155.263512473084;4874.659497176026;5718.603679767398;6708.658946337209;7870.121340545211;9232.666380967203;10831.10727442716;12706.28439819177;14906.10877695531;17486.78621595445;20514.25336674129;24065.86241733066;28232.35745111674;33120.19296963342;38854.25382030405;45581.04601983359;53472.44000269313;62730.06193403319;73590.44528463698;86331.07429211862;101277.4737211686;118811.5260634959;139381.228686517;163512.140226203;191820.8086789974;225030.524286467;263989.7996954232;309694.0495706946;363311.0235703185;426210.642505751;499999.9999999716
1;3186440120610;50;phasez;-1.5495;-1.54589;-1.54795;-1.54717;-1.54833;-1.54933;-1.55023;-1.54891;-1.54979;-1.55015;-1.55007;-1.55011;-1.55046;-1.55031;-1.55039;-1.5504;-1.55027;-1.55023;-1.55018;-1.55005;-1.54989;-1.54977;-1.54955;-1.54927;-1.54897;-1.54861;-1.54817;-1.54766;-1.54702;-1.54629;-1.5454;-1.54438;-1.54317;-1.54174;-1.54006;-1.5381;-1.53579;-1.53307;-1.52986;-1.52608;-1.52161;-1.51633;-1.5101;-1.50271;-1.49395;-1.48358;-1.47124;-1.45654;-1.43896;-1.41782
2;3187213097752;50;absz;93676.1;83762;74930;67022.7;59968.8;53633.5;47978.9;42921.1;38389.2;34333.6;30711.4;27470.6;24569.1;21974.1;19654.3;17580.3;15723.8;14064;12577.9;11249.8;10060.9;8998.19;8047.09;7196.49;6435.6;5755.15;5146.4;4601.81;4114.73;3679.14;3289.29;2940.73;2628.81;2349.81;2100.28;1877.04;1677.31;1498.59;1338.69;1195.63;1067.62;953.095;850.665;759.014;677.222;604.203;539.167;481.477;430.56;386.053
2;3187213097752;50;frequency;20000.00000002444;22385.53853899816;25055.61678390222;28044.17375656954;31389.19662092121;35133.2035329932;39323.78408414649;44014.2042055669;49264.08322518227;55140.1516811012;61717.09952482729;69078.52549602467;77317.99973512921;86540.25314108083;96862.50859274992;108415.9709538568;121347.4948009008;135821.4510731415;152021.8163702936;170154.5114554648;190450.0186878266;213166.3116533389;238592.1342356312;267050.6708003728;298903.6541519141;334555.9634717432;374460.7706856584;419125.3006744233;469117.2785435782;525072.1459047724;587701.13789258;657800.3235824071;736260.7247225839;824079.6413975459;922373.3285811875;1032391.184709951;1155531.632626961;1293359.894754076;1447627.888434013;1620296.494325686;1813560.480908265;2029876.401899315;2271993.821195295;2542990.262224833;2846310.325953354;3185809.474764127;3565803.038745301;3991121.067296888;4467169.723268114;4999999.999999929
2;3187213097752;50;phasez;-1.55007;-1.54977;-1.54942;-1.54908;-1.54856;-1.54823;-1.54755;-1.54687;-1.54619;-1.54525;-1.5441;-1.54303;-1.54169;-1.54025;-1.53858;-1.53673;-1.53453;-1.53217;-1.52946;-1.52641;-1.52299;-1.51916;-1.51484;-1.51003;-1.50457;-1.49845;-1.49158;-1.4839;-1.47524;-1.46553;-1.45462;-1.44239;-1.42864;-1.41319;-1.39584;-1.37637;-1.35444;-1.3298;-1.30206;-1.27081;-1.23559;-1.19582;-1.15087;-1.09995;-1.04214;-0.976451;-0.901548;-0.816;-0.718062;-0.605814
3;3187531414531;20;absz;19133.2;15607.6;12730;10379.2;8464.49;6901.96;5627.01;4587.76;3739.34;3047.65;2483.05;2022.41;1646.58;1339.84;1089.39;884.939;718.151;582.397;472.594;385.124
3;3187531414531;20;frequency;99999.99999990905;122862.535599424;150952.0265389597;185463.4873444638;227865.1431623047;279960.8926363817;343967.05137965;422606.6409511731;519225.2346839865;637933.2888043621;783781.0140572543;962973.2274171232;1183133.324347452;1453627.601814205;1785963.729760951;2194280.323268956;2695948.443325946;3312310.615921419;4069588.809647371;4999999.999999929
3;3187531414531;20;phasez;-1.53769;-1.53454;-1.53043;-1.52544;-1.51914;-1.51135;-1.50159;-1.48948;-1.47448;-1.45588;-1.43284;-1.4043;-1.36891;-1.32496;-1.27027;-1.20196;-1.11611;-1.00761;-0.869223;-0.691441
