0;2742170375449;20;absz;1.75857e+08;1.27477e+08;9.23364e+07;6.68937e+07;4.84449e+07;3.50646e+07;2.54099e+07;1.84009e+07;1.33225e+07;9.64675e+06;6.98447e+06;5.05632e+06;3.66034e+06;2.64953e+06;1.9178e+06;1.38803e+06;1.00462e+06;727061;526165;380754
0;2742170375449;20;frequency;9.999999974752427;13.86918846435492;19.23543905490988;26.67799336109056;37.00021196095804;51.31629158938722;71.17153245417285;98.70914048804025;136.9015682683994;189.8713664161278;263.3361782500288;365.2259113806622;506.5387032487934;702.5280792305466;974.3494403835484;1351.343611730726;1874.203936580443;2599.368780806799;3605.113577052066;4999.99999995282
0;2742170375449;20;phasez;-1.54564;-1.54658;-1.54697;-1.54766;-1.54841;-1.54922;-1.54923;-1.54945;-1.54984;-1.54985;-1.54995;-1.54986;-1.54959;-1.54906;-1.54819;-1.54689;-1.54495;-1.54218;-1.53823;-1.53268
1;2742940327160;50;absz;9.05495e+06;7.74508e+06;6.63627e+06;5.66432e+06;4.8362e+06;4.12949e+06;3.52777e+06;3.01121e+06;2.57208e+06;2.19679e+06;1.87619e+06;1.60241e+06;1.36828e+06;1.16846e+06;997910;852154;727714;621415;530659;453144;386952;330444;282170;240950;205743;175681;150013;128090;109374;93389;79737.9;68081.2;58127.9;49627.6;42370.2;36171.9;30878.4;26358.3;22497.8;19201.2;16385.3;13979.6;11924.5;10168.4;8667.05;7383.37;6284.91;5344.17;4537.65;3845.19
1;2742940327160;50;frequency;199.9999999213742;234.625769479635;275.2462588517801;322.8993264769997;378.802514688914;444.3841576318164;521.3198749487447;611.5753842550475;717.456725922716;841.6691823498468;987.3863981368913;1158.33146786315;1358.872060208682;1594.132014446359;1870.122253535556;2193.894364737048;2573.720768452858;3019.306079821149;3542.035062906734;4155.263512473084;4874.659497176026;5718.603679767398;6708.658946337209;7870.121340545211;9232.666380967203;10831.10727442716;12706.28439819177;14906.10877695531;17486.78621595445;20514.25336674129;24065.86241733066;28232.35745111674;33120.19296963342;38854.25382030405;45581.04601983359;53472.44000269313;62730.06193403319;73590.44528463698;86331.07429211862;101277.4737211686;118811.5260634959;139381.228686517;163512.140226203;191820.8086789974;225030.524286467;263989.7996954232;309694.0495706946;363311.0235703185;426210.642505751;499999.9999999716
1;2742940327160;50;phasez;-1.55046;-1.55047;-1.55126;-1.55084;-1.55252;-1.55149;-1.55139;-1.55203;-1.55213;-1.55216;-1.55217;-1.55241;-1.55232;-1.55216;-1.55226;-1.55234;-1.55236;-1.5523;-1.55228;-1.55221;-1.55214;-1.55199;-1.55185;-1.55163;-1.55138;-1.55107;-1.5507;-1.55022;-1.54965;-1.54898;-1.54816;-1.54717;-1.546;-1.5446;-1.54295;-1.541;-1.53868;-1.53593;-1.53268;-1.52883;-1.52427;-1.51889;-1.51251;-1.50497;-1.49605;-1.48549;-1.47296;-1.45805;-1.44026;-1.4189
2;2743711757785;50;absz;96265.3;86073.4;76990.7;68838.8;61563;55062.2;49238.3;44039.1;39379.5;35220.6;31490.2;28159.2;25180.5;22515.2;20132.3;18002.7;16098.1;14395.4;12871.8;11509.6;10292;9202.17;8228.35;7357.42;6578.51;5881.94;5259.2;4702.08;4204;3758.59;3360.2;3004.04;2685.29;2400.31;2145.35;1917.33;1713.31;1530.85;1367.57;1221.52;1090.84;973.948;869.388;775.893;692.412;617.92;551.577;492.732;440.818;395.478
2;2743711757785;50;frequency;20000.00000002444;22385.53853899816;25055.61678390222;28044.17375656954;31389.19662092121;35133.2035329932;39323.78408414649;44014.2042055669;49264.08322518227;55140.1516811012;61717.09952482729;69078.52549602467;77317.99973512921;86540.25314108083;96862.50859274992;108415.9709538568;121347.4948009008;135821.4510731415;152021.8163702936;170154.5114554648;190450.0186878266;213166.3116533389;238592.1342356312;267050.6708003728;298903.6541519141;334555.9634717432;374460.7706856584;419125.3006744233;469117.2785435782;525072.1459047724;587701.13789258;657800.3235824071;736260.7247225839;824079.6413975459;922373.3285811875;1032391.184709951;1155531.632626961;1293359.894754076;1447627.888434013;1620296.494325686;1813560.480908265;2029876.401899315;2271993.821195295;2542990.262224833;2846310.325953354;3185809.474764127;3565803.038745301;3991121.067296888;4467169.723268114;4999999.999999929
2;2743711757785;50;phasez;-1.55267;-1.5527;-1.55204;-1.55185;-1.55144;-1.55092;-1.55046;-1.54981;-1.54901;-1.54806;-1.5471;-1.54591;-1.54458;-1.54306;-1.54131;-1.53944;-1.53719;-1.53479;-1.53192;-1.52878;-1.52529;-1.52133;-1.51688;-1.51191;-1.50633;-1.50009;-1.49307;-1.48522;-1.47641;-1.46653;-1.45547;-1.44301;-1.42912;-1.4135;-1.39599;-1.37633;-1.35427;-1.32946;-1.30156;-1.27015;-1.23476;-1.19484;-1.14974;-1.09866;-1.04069;-0.97485;-0.899797;-0.81408;-0.716002;-0.60361
3;2744029159993;20;absz;19599.1;15980.4;13028.8;10618.8;8656.6;7056.88;5751.2;4687.96;3820.28;3113.19;2536.37;2065.77;1681.88;1368.76;1113.07;904.407;734.182;595.683;483.68;394.535
3;2744029159993;20;frequency;99999.99999990905;122862.535599424;150952.0265389597;185463.4873444638;227865.1431623047;279960.8926363817;343967.05137965;422606.6409511731;519225.2346839865;637933.2888043621;783781.0140572543;962973.2274171232;1183133.324347452;1453627.601814205;1785963.729760951;2194280.323268956;2695948.443325946;3312310.615921419;4069588.809647371;4999999.999999929
3;2744029159993;20;phasez;-1.54044;-1.53721;-1.53293;-1.52775;-1.5212;-1.51316;-1.50316;-1.49077;-1.47548;-1.45658;-1.43323;-1.4044;-1.36874;-1.32447;-1.26948;-1.20087;-1.11473;-1.00594;-0.867275;-0.689221
