0;2259560554688;20;absz;1.84755e+08;1.33686e+08;9.676e+07;7.00559e+07;5.07103e+07;3.66774e+07;2.6554e+07;1.92157e+07;1.39044e+07;1.00627e+07;7.28231e+06;5.26979e+06;3.81328e+06;2.75922e+06;1.99622e+06;1.44411e+06;1.04456e+06;755474;546317;395014
0;2259560554688;20;frequency;9.999999974752427;13.86918846435492;19.23543905490988;26.67799336109056;37.00021196095804;51.31629158938722;71.17153245417285;98.70914048804025;136.9015682683994;189.8713664161278;263.3361782500288;365.2259113806622;506.5387032487934;702.5280792305466;974.3494403835484;1351.343611730726;1874.203936580443;2599.368780806799;3605.113577052066;4999.99999995282
0;2259560554688;20;phasez;-1.55116;-1.55131;-1.55206;-1.55254;-1.55241;-1.55235;-1.55276;-1.55274;-1.55265;-1.55261;-1.5525;-1.55233;-1.55205;-1.5516;-1.55087;-1.54972;-1.548;-1.54542;-1.54168;-1.53629
1;2260328870153;50;absz;9.50056e+06;8.09423e+06;6.9095e+06;5.90879e+06;5.0451e+06;4.29727e+06;3.67799e+06;3.13651e+06;2.67925e+06;2.28681e+06;1.95296e+06;1.66701e+06;1.42349e+06;1.21527e+06;1.03746e+06;885776;756221;645534;550991;470353;401486;342699;292513;249674;213097;181883;155238;132493;113084;96514.3;82374.7;70305;60004.4;51213.3;43709.9;37305.8;31839.1;27172.3;23189.1;19788.2;16884.7;14404.5;12286.5;10476.8;8930.22;7607.91;6476.57;5507.7;4677.12;3964.02
1;2260328870153;50;frequency;199.9999999213742;234.625769479635;275.2462588517801;322.8993264769997;378.802514688914;444.3841576318164;521.3198749487447;611.5753842550475;717.456725922716;841.6691823498468;987.3863981368913;1158.33146786315;1358.872060208682;1594.132014446359;1870.122253535556;2193.894364737048;2573.720768452858;3019.306079821149;3542.035062906734;4155.263512473084;4874.659497176026;5718.603679767398;6708.658946337209;7870.121340545211;9232.666380967203;10831.10727442716;12706.28439819177;14906.10877695531;17486.78621595445;20514.25336674129;24065.86241733066;28232.35745111674;33120.19296963342;38854.25382030405;45581.04601983359;53472.44000269313;62730.06193403319;73590.44528463698;86331.07429211862;101277.4737211686;118811.5260634959;139381.228686517;163512.140226203;191820.8086789974;225030.524286467;263989.7996954232;309694.0495706946;363311.0235703185;426210.642505751;499999.9999999716
1;2260328870153;50;phasez;-1.55414;-1.5551;-1.55338;-1.55471;-1.55359;-1.55333;-1.55348;-1.55398;-1.55448;-1.55469;-1.55443;-1.55494;-1.55496;-1.55529;-1.55537;-1.55547;-1.55545;-1.55565;-1.55568;-1.55573;-1.55571;-1.55564;-1.55554;-1.55536;-1.55512;-1.5548;-1.55436;-1.55383;-1.55315;-1.55234;-1.55137;-1.55021;-1.54884;-1.54724;-1.54535;-1.54316;-1.54059;-1.53758;-1.53406;-1.52993;-1.5251;-1.51944;-1.51279;-1.50498;-1.4958;-1.48497;-1.47218;-1.45702;-1.43899;-1.41739
2;2261099417239;50;absz;99470.3;88952.3;79526.9;71092;63575.7;56826.4;50814.8;45437.3;40618.8;36316;32466.1;29027.8;25954.3;23207;20748.4;18551.9;16587.8;14832.8;13262.5;11858.3;10604;9481.59;8478.29;7581.08;6779.15;6061.65;5420.29;4846.71;4333.65;3875.02;3464.76;3097.88;2769.63;2476.09;2213.5;1978.63;1768.48;1580.49;1412.3;1261.78;1127.15;1006.66;898.893;802.525;716.492;639.701;571.33;510.714;457.25;410.574
2;2261099417239;50;frequency;20000.00000002444;22385.53853899816;25055.61678390222;28044.17375656954;31389.19662092121;35133.2035329932;39323.78408414649;44014.2042055669;49264.08322518227;55140.1516811012;61717.09952482729;69078.52549602467;77317.99973512921;86540.25314108083;96862.50859274992;108415.9709538568;121347.4948009008;135821.4510731415;152021.8163702936;170154.5114554648;190450.0186878266;213166.3116533389;238592.1342356312;267050.6708003728;298903.6541519141;334555.9634717432;374460.7706856584;419125.3006744233;469117.2785435782;525072.1459047724;587701.13789258;657800.3235824071;736260.7247225839;824079.6413975459;922373.3285811875;1032391.184709951;1155531.632626961;1293359.894754076;1447627.888434013;1620296.494325686;1813560.480908265;2029876.401899315;2271993.821195295;2542990.262224833;2846310.325953354;3185809.474764127;3565803.038745301;3991121.067296888;4467169.723268114;4999999.999999929
2;2261099417239;50;phasez;-1.55591;-1.55564;-1.5552;-1.55475;-1.55428;-1.55365;-1.55299;-1.55215;-1.5513;-1.5502;-1.54904;-1.54769;-1.54611;-1.54438;-1.54247;-1.54041;-1.53802;-1.53536;-1.53236;-1.52903;-1.52529;-1.52119;-1.51657;-1.5114;-1.50564;-1.49921;-1.49202;-1.48397;-1.47504;-1.465;-1.45377;-1.44122;-1.42716;-1.41141;-1.39375;-1.37397;-1.35175;-1.32682;-1.29879;-1.26726;-1.23175;-1.19169;-1.14647;-1.09527;-1.03718;-0.971222;-0.896056;-0.810236;-0.712057;-0.599571
3;2261418584172;20;absz;20192.3;16465;13422;10938.8;8917.58;7270.13;5926.28;4831.42;3938.05;3210.05;2616.04;2131.34;1735.89;1413.36;1149.91;934.886;759.479;616.746;501.335;409.553
3;2261418584172;20;frequency;99999.99999990905;122862.535599424;150952.0265389597;185463.4873444638;227865.1431623047;279960.8926363817;343967.05137965;422606.6409511731;519225.2346839865;637933.2888043621;783781.0140572543;962973.2274171232;1183133.324347452;1453627.601814205;1785963.729760951;2194280.323268956;2695948.443325946;3312310.615921419;4069588.809647371;4999999.999999929
3;2261418584172;20;phasez;-1.54161;-1.538;-1.53335;-1.52782;-1.52096;-1.51257;-1.50225;-1.48955;-1.47397;-1.45481;-1.4312;-1.4021;-1.36617;-1.32168;-1.26647;-1.19765;-1.11129;-1.00229;-0.863418;-0.685183
