0;7649399628828;20;absz;1.37659e+08;1.0034e+08;7.31341e+07;5.32379e+07;3.87626e+07;2.82115e+07;2.05215e+07;1.49268e+07;1.08546e+07;7.89208e+06;5.73706e+06;4.16995e+06;3.03051e+06;2.20209e+06;1.5999e+06;1.16223e+06;844185;613064;445136;323158
0;7649399628828;20;frequency;9.999999974752427;13.86918846435492;19.23543905490988;26.67799336109056;37.00021196095804;51.31629158938722;71.17153245417285;98.70914048804025;136.9015682683994;189.8713664161278;263.3361782500288;365.2259113806622;506.5387032487934;702.5280792305466;974.3494403835484;1351.343611730726;1874.203936580443;2599.368780806799;3605.113577052066;4999.99999995282
0;7649399628828;20;phasez;-1.51304;-1.51557;-1.51864;-1.52105;-1.5234;-1.52564;-1.52643;-1.52775;-1.52874;-1.52959;-1.53016;-1.5306;-1.5308;-1.53076;-1.53036;-1.5295;-1.52804;-1.52572;-1.52223;-1.51711
1;7650169456392;50;absz;7.4357e+06;6.35526e+06;5.44845e+06;4.66017e+06;3.99079e+06;3.4134e+06;2.92164e+06;2.49815e+06;2.13877e+06;1.82933e+06;1.56574e+06;1.33927e+06;1.14564e+06;980096;838439;717232;613533;524775;448891;383936;328376;280838;240187;205404;175653;150211;128449;109837;93921;80308.9;68669.2;58715.9;50205.8;42927;36702.6;31378.8;26826.7;22933.4;19603.8;16755.5;14318.9;12234.5;10451;8924.46;7617.51;6498.31;5539.05;4716.33;4009.95;3402.36
1;7650169456392;50;frequency;199.9999999213742;234.625769479635;275.2462588517801;322.8993264769997;378.802514688914;444.3841576318164;521.3198749487447;611.5753842550475;717.456725922716;841.6691823498468;987.3863981368913;1158.33146786315;1358.872060208682;1594.132014446359;1870.122253535556;2193.894364737048;2573.720768452858;3019.306079821149;3542.035062906734;4155.263512473084;4874.659497176026;5718.603679767398;6708.658946337209;7870.121340545211;9232.666380967203;10831.10727442716;12706.28439819177;14906.10877695531;17486.78621595445;20514.25336674129;24065.86241733066;28232.35745111674;33120.19296963342;38854.25382030405;45581.04601983359;53472.44000269313;62730.06193403319;73590.44528463698;86331.07429211862;101277.4737211686;118811.5260634959;139381.228686517;163512.140226203;191820.8086789974;225030.524286467;263989.7996954232;309694.0495706946;363311.0235703185;426210.642505751;499999.9999999716
1;7650169456392;50;phasez;-1.53057;-1.53016;-1.53122;-1.5311;-1.53269;-1.53283;-1.53288;-1.53317;-1.5336;-1.534;-1.53406;-1.53455;-1.53465;-1.53512;-1.53534;-1.53561;-1.53576;-1.53604;-1.53619;-1.53638;-1.53647;-1.53658;-1.5366;-1.53655;-1.53645;-1.53626;-1.53599;-1.53561;-1.53511;-1.53448;-1.53372;-1.53278;-1.53164;-1.53028;-1.52866;-1.52676;-1.52449;-1.52182;-1.51864;-1.51488;-1.51043;-1.50517;-1.49893;-1.49154;-1.48278;-1.4724;-1.46007;-1.44538;-1.42784;-1.40674
2;7650936938913;50;absz;82732.4;74069.1;66321.2;59365.3;53156;47581.5;42595.2;38130.7;34133.9;30555.9;27351.8;24484.3;21914.6;19616.9;17562.8;15719.5;14071.1;12595.5;11273.6;10090.8;9031.89;8084.14;7235.63;6476.11;5795.99;5187.57;4642.56;4154.8;3718.13;3327.09;2977.13;2663.79;2383.25;2132.01;1907.07;1705.64;1525.21;1363.65;1218.95;1089.32;973.204;869.215;776.077;692.693;618.156;551.522;492.086;439.288;392.591;351.685
2;7650936938913;50;frequency;20000.00000002444;22385.53853899816;25055.61678390222;28044.17375656954;31389.19662092121;35133.2035329932;39323.78408414649;44014.2042055669;49264.08322518227;55140.1516811012;61717.09952482729;69078.52549602467;77317.99973512921;86540.25314108083;96862.50859274992;108415.9709538568;121347.4948009008;135821.4510731415;152021.8163702936;170154.5114554648;190450.0186878266;213166.3116533389;238592.1342356312;267050.6708003728;298903.6541519141;334555.9634717432;374460.7706856584;419125.3006744233;469117.2785435782;525072.1459047724;587701.13789258;657800.3235824071;736260.7247225839;824079.6413975459;922373.3285811875;1032391.184709951;1155531.632626961;1293359.894754076;1447627.888434013;1620296.494325686;1813560.480908265;2029876.401899315;2271993.821195295;2542990.262224833;2846310.325953354;3185809.474764127;3565803.038745301;3991121.067296888;4467169.723268114;4999999.999999929
2;7650936938913;50;phasez;-1.53825;-1.53796;-1.53756;-1.53751;-1.53705;-1.53665;-1.53603;-1.53549;-1.53466;-1.53381;-1.53286;-1.53168;-1.53052;-1.52904;-1.52735;-1.5255;-1.52332;-1.52101;-1.51828;-1.51526;-1.51183;-1.50799;-1.50369;-1.49887;-1.49339;-1.48731;-1.48046;-1.47277;-1.46415;-1.45449;-1.44364;-1.43148;-1.41781;-1.40248;-1.38525;-1.36588;-1.34411;-1.31962;-1.29205;-1.26098;-1.22592;-1.18633;-1.14155;-1.09079;-1.03312;-0.967547;-0.892724;-0.807196;-0.709225;-0.596835
3;7651256432666;20;absz;17096;13965.6;11404.5;9314.59;7607.52;6211.78;5072.58;4141.51;3381.08;2759.76;2251.84;1836.59;1497.39;1219.85;992.888;807.22;655.403;531.559;431.091;350.809
3;7651256432666;20;frequency;99999.99999990905;122862.535599424;150952.0265389597;185463.4873444638;227865.1431623047;279960.8926363817;343967.05137965;422606.6409511731;519225.2346839865;637933.2888043621;783781.0140572543;962973.2274171232;1183133.324347452;1453627.601814205;1785963.729760951;2194280.323268956;2695948.443325946;3312310.615921419;4069588.809647371;4999999.999999929
3;7651256432666;20;phasez;-1.52647;-1.52334;-1.51928;-1.51425;-1.50799;-1.50016;-1.4904;-1.47836;-1.46344;-1.44494;-1.42207;-1.39374;-1.3586;-1.31496;-1.26058;-1.19258;-1.10703;-0.998737;-0.860426;-0.68248
