0;5051942491235;20;absz;1.46996e+08;1.06997e+08;7.78374e+07;5.66081e+07;4.11593e+07;2.99171e+07;2.17458e+07;1.58046e+07;1.14858e+07;8.34536e+06;6.06248e+06;4.40376e+06;3.19816e+06;2.32216e+06;1.68574e+06;1.22345e+06;887832;644168;467308;338948
0;5051942491235;20;frequency;9.999999974752427;13.86918846435492;19.23543905490988;26.67799336109056;37.00021196095804;51.31629158938722;71.17153245417285;98.70914048804025;136.9015682683994;189.8713664161278;263.3361782500288;365.2259113806622;506.5387032487934;702.5280792305466;974.3494403835484;1351.343611730726;1874.203936580443;2599.368780806799;3605.113577052066;4999.99999995282
0;5051942491235;20;phasez;-1.52465;-1.5264;-1.52799;-1.52898;-1.5297;-1.53127;-1.53166;-1.53228;-1.53288;-1.53346;-1.53396;-1.53436;-1.53464;-1.53471;-1.53442;-1.53369;-1.53224;-1.52993;-1.5264;-1.52122
1;5052712434416;50;absz;7.87481e+06;6.72929e+06;5.74842e+06;4.92533e+06;4.21129e+06;3.604e+06;3.08213e+06;2.63749e+06;2.25453e+06;1.92827e+06;1.64953e+06;1.41009e+06;1.20618e+06;1.03133e+06;881875;753946;644684;551196;471250;402885;344431;294451;251715;215175;183937;157228;134394;114876;98191;83926.7;71732.8;61310.4;52400.3;44785.3;38275.9;32711.7;27954.8;23888.4;20412.8;17440.9;14900;12726.8;10868.2;9277.97;7917.27;6752.11;5753.89;4897.9;4163.04;3531.27
1;5052712434416;50;frequency;199.9999999213742;234.625769479635;275.2462588517801;322.8993264769997;378.802514688914;444.3841576318164;521.3198749487447;611.5753842550475;717.456725922716;841.6691823498468;987.3863981368913;1158.33146786315;1358.872060208682;1594.132014446359;1870.122253535556;2193.894364737048;2573.720768452858;3019.306079821149;3542.035062906734;4155.263512473084;4874.659497176026;5718.603679767398;6708.658946337209;7870.121340545211;9232.666380967203;10831.10727442716;12706.28439819177;14906.10877695531;17486.78621595445;20514.25336674129;24065.86241733066;28232.35745111674;33120.19296963342;38854.25382030405;45581.04601983359;53472.44000269313;62730.06193403319;73590.44528463698;86331.07429211862;101277.4737211686;118811.5260634959;139381.228686517;163512.140226203;191820.8086789974;225030.524286467;263989.7996954232;309694.0495706946;363311.0235703185;426210.642505751;499999.9999999716
1;5052712434416;50;phasez;-1.53442;-1.53467;-1.5359;-1.53583;-1.53567;-1.5363;-1.53668;-1.53721;-1.53762;-1.53786;-1.53818;-1.53883;-1.53908;-1.53926;-1.53953;-1.53989;-1.54002;-1.5402;-1.5404;-1.54052;-1.54063;-1.54066;-1.54066;-1.54061;-1.54048;-1.54027;-1.53999;-1.5396;-1.53909;-1.53844;-1.53766;-1.5367;-1.53554;-1.53414;-1.53249;-1.53053;-1.5282;-1.52546;-1.52221;-1.51838;-1.51387;-1.50854;-1.50227;-1.49486;-1.4861;-1.47574;-1.46345;-1.44883;-1.43135;-1.41035
2;5053483523796;50;absz;86485.4;77404.5;69290.7;61995.4;55486.7;49660.1;44446.1;39778.6;35597.5;31854.9;28505.6;25510.6;22828.3;20429.4;18282.6;16361.2;14642.6;13103.7;11726.2;10493.9;9390.76;8403.63;7520.14;6729.22;6021.41;5387.99;4820.96;4313.52;3859.31;3452.69;3088.84;2763;2471.32;2210.28;1976.55;1767.33;1579.97;1412.26;1262.09;1127.61;1007.19;899.407;802.896;716.505;639.312;570.354;508.873;454.27;406.028;363.78
2;5053483523796;50;frequency;20000.00000002444;22385.53853899816;25055.61678390222;28044.17375656954;31389.19662092121;35133.2035329932;39323.78408414649;44014.2042055669;49264.08322518227;55140.1516811012;61717.09952482729;69078.52549602467;77317.99973512921;86540.25314108083;96862.50859274992;108415.9709538568;121347.4948009008;135821.4510731415;152021.8163702936;170154.5114554648;190450.0186878266;213166.3116533389;238592.1342356312;267050.6708003728;298903.6541519141;334555.9634717432;374460.7706856584;419125.3006744233;469117.2785435782;525072.1459047724;587701.13789258;657800.3235824071;736260.7247225839;824079.6413975459;922373.3285811875;1032391.184709951;1155531.632626961;1293359.894754076;1447627.888434013;1620296.494325686;1813560.480908265;2029876.401899315;2271993.821195295;2542990.262224833;2846310.325953354;3185809.474764127;3565803.038745301;3991121.067296888;4467169.723268114;4999999.999999929
2;5053483523796;50;phasez;-1.54216;-1.54186;-1.54153;-1.54139;-1.54101;-1.54041;-1.53996;-1.53925;-1.53849;-1.53766;-1.53669;-1.5354;-1.53407;-1.53255;-1.53089;-1.52897;-1.52681;-1.52437;-1.52169;-1.5186;-1.51515;-1.51135;-1.50702;-1.5022;-1.49678;-1.49072;-1.48391;-1.47628;-1.46771;-1.45811;-1.44734;-1.43522;-1.42162;-1.40635;-1.3892;-1.3699;-1.3482;-1.32379;-1.29629;-1.26529;-1.23033;-1.19082;-1.14615;-1.09548;-1.03797;-0.97254;-0.897904;-0.812601;-0.7149;-0.602823
3;5053802307667;20;absz;17800.5;14535.2;11864.8;9686.31;7908.84;6455.55;5269.07;4300.43;3509.26;2863.17;2335.1;1903.62;1551.31;1263.23;1027.76;835.244;677.964;549.768;445.869;362.921
3;5053802307667;20;frequency;99999.99999990905;122862.535599424;150952.0265389597;185463.4873444638;227865.1431623047;279960.8926363817;343967.05137965;422606.6409511731;519225.2346839865;637933.2888043621;783781.0140572543;962973.2274171232;1183133.324347452;1453627.601814205;1785963.729760951;2194280.323268956;2695948.443325946;3312310.615921419;4069588.809647371;4999999.999999929
3;5053802307667;20;phasez;-1.52999;-1.52674;-1.52267;-1.51758;-1.51127;-1.50351;-1.49383;-1.48185;-1.46703;-1.44868;-1.42592;-1.39772;-1.36271;-1.31921;-1.26498;-1.19716;-1.11182;-1.00382;-0.865904;-0.688509
