0;800567338242;20;absz;2.23393e+08;1.61529e+08;1.16812e+08;8.44486e+07;6.11129e+07;4.42296e+07;3.19743e+07;2.31288e+07;1.67353e+07;1.21068e+07;8.7601e+06;6.33902e+06;4.58718e+06;3.31961e+06;2.4022e+06;1.73835e+06;1.25796e+06;910340;658796;476786
0;800567338242;20;frequency;9.999999974752427;13.86918846435492;19.23543905490988;26.67799336109056;37.00021196095804;51.31629158938722;71.17153245417285;98.70914048804025;136.9015682683994;189.8713664161278;263.3361782500288;365.2259113806622;506.5387032487934;702.5280792305466;974.3494403835484;1351.343611730726;1874.203936580443;2599.368780806799;3605.113577052066;4999.99999995282
0;800567338242;20;phasez;-1.55598;-1.55733;-1.55566;-1.55587;-1.55549;-1.55478;-1.55471;-1.55422;-1.5538;-1.55339;-1.55285;-1.5522;-1.55146;-1.55051;-1.54928;-1.5476;-1.5453;-1.54211;-1.53769;-1.53164
1;801338817604;50;absz;1.1366e+07;9.74707e+06;8.3054e+06;7.09081e+06;6.06214e+06;5.18044e+06;4.41867e+06;3.77845e+06;3.22494e+06;2.75329e+06;2.35027e+06;2.00704e+06;1.71366e+06;1.46335e+06;1.2496e+06;1.06686e+06;911114;778013;664399;567338;484529;413788;353370;301779;257739;220127;188003;160574;137150;117143;100061;85470.3;73008.8;62363.8;53272.5;45506.1;38871.5;33202.9;28360;24222.3;20686.1;17663.9;15080;12870.5;10980.4;9362.7;7977.39;6789.99;5770.98;4895.29
1;801338817604;50;frequency;199.9999999213742;234.625769479635;275.2462588517801;322.8993264769997;378.802514688914;444.3841576318164;521.3198749487447;611.5753842550475;717.456725922716;841.6691823498468;987.3863981368913;1158.33146786315;1358.872060208682;1594.132014446359;1870.122253535556;2193.894364737048;2573.720768452858;3019.306079821149;3542.035062906734;4155.263512473084;4874.659497176026;5718.603679767398;6708.658946337209;7870.121340545211;9232.666380967203;10831.10727442716;12706.28439819177;14906.10877695531;17486.78621595445;20514.25336674129;24065.86241733066;28232.35745111674;33120.19296963342;38854.25382030405;45581.04601983359;53472.44000269313;62730.06193403319;73590.44528463698;86331.07429211862;101277.4737211686;118811.5260634959;139381.228686517;163512.140226203;191820.8086789974;225030.524286467;263989.7996954232;309694.0495706946;363311.0235703185;426210.642505751;499999.9999999716
1;801338817604;50;phasez;-1.55161;-1.55383;-1.55303;-1.55168;-1.55322;-1.55454;-1.55376;-1.55299;-1.55318;-1.55267;-1.55328;-1.55303;-1.55311;-1.55274;-1.55268;-1.5525;-1.55227;-1.55214;-1.55186;-1.55148;-1.55111;-1.55074;-1.55029;-1.54983;-1.54927;-1.54868;-1.54796;-1.54717;-1.54628;-1.54525;-1.54407;-1.54275;-1.54123;-1.53948;-1.53748;-1.53519;-1.53254;-1.52946;-1.52588;-1.52172;-1.51688;-1.51121;-1.50458;-1.4968;-1.48766;-1.4769;-1.4642;-1.44915;-1.43124;-1.40978
2;802111261716;50;absz;120744;108023;96608.1;86451.7;77331.6;69179.2;61884.2;55362.6;49529;44314.1;39640.3;35460.1;31726;28383.3;25392.2;22719.3;20324.9;18184.6;16270.9;14558.7;13025.4;11654.8;10427.6;9330.55;8348.72;7469.62;6683.43;5979.81;5350.29;4786.96;4282.8;3831.59;3427.75;3066.35;2742.85;2453.35;2194.26;1962.35;1754.75;1568.98;1402.71;1253.91;1120.8;1001.76;895.545;800.774;716.483;641.855;576.207;519.087
2;802111261716;50;frequency;20000.00000002444;22385.53853899816;25055.61678390222;28044.17375656954;31389.19662092121;35133.2035329932;39323.78408414649;44014.2042055669;49264.08322518227;55140.1516811012;61717.09952482729;69078.52549602467;77317.99973512921;86540.25314108083;96862.50859274992;108415.9709538568;121347.4948009008;135821.4510731415;152021.8163702936;170154.5114554648;190450.0186878266;213166.3116533389;238592.1342356312;267050.6708003728;298903.6541519141;334555.9634717432;374460.7706856584;419125.3006744233;469117.2785435782;525072.1459047724;587701.13789258;657800.3235824071;736260.7247225839;824079.6413975459;922373.3285811875;1032391.184709951;1155531.632626961;1293359.894754076;1447627.888434013;1620296.494325686;1813560.480908265;2029876.401899315;2271993.821195295;2542990.262224833;2846310.325953354;3185809.474764127;3565803.038745301;3991121.067296888;4467169.723268114;4999999.999999929
2;802111261716;50;phasez;-1.54889;-1.5484;-1.54798;-1.54735;-1.54646;-1.54614;-1.54529;-1.54435;-1.54317;-1.54234;-1.54112;-1.53947;-1.53799;-1.53626;-1.5344;-1.53221;-1.52976;-1.52708;-1.52415;-1.52079;-1.51716;-1.51301;-1.50843;-1.50338;-1.49764;-1.49127;-1.48417;-1.47626;-1.46738;-1.45748;-1.44636;-1.43392;-1.42001;-1.40441;-1.38692;-1.36727;-1.34526;-1.32049;-1.29266;-1.26134;-1.22605;-1.18625;-1.14129;-1.0904;-1.03259;-0.966979;-0.892225;-0.806886;-0.709281;-0.597488
3;802431358288;20;absz;24724.3;20180;16469.6;13442.7;10967.8;8951.97;7306.09;5961.72;4865.47;3969.67;3238.92;2641.97;2154.37;1756.12;1430.99;1165.37;948.711;772.564;630.395;517.826
3;802431358288;20;frequency;99999.99999990905;122862.535599424;150952.0265389597;185463.4873444638;227865.1431623047;279960.8926363817;343967.05137965;422606.6409511731;519225.2346839865;637933.2888043621;783781.0140572543;962973.2274171232;1183133.324347452;1453627.601814205;1785963.729760951;2194280.323268956;2695948.443325946;3312310.615921419;4069588.809647371;4999999.999999929
3;802431358288;20;phasez;-1.53337;-1.52964;-1.52518;-1.51958;-1.51279;-1.50452;-1.49435;-1.4818;-1.46643;-1.44747;-1.42411;-1.3953;-1.35969;-1.31555;-1.26073;-1.19234;-1.10646;-0.998123;-0.860073;-0.682985
