0;3484179892098;20;absz;1.63918e+08;1.19056e+08;8.64263e+07;6.27465e+07;4.55229e+07;3.3033e+07;2.39571e+07;1.73732e+07;1.25973e+07;9.13246e+06;6.61984e+06;4.79781e+06;3.47678e+06;2.51902e+06;1.8248e+06;1.32177e+06;957258;693205;501969;363476
0;3484179892098;20;frequency;9.999999974752427;13.86918846435492;19.23543905490988;26.67799336109056;37.00021196095804;51.31629158938722;71.17153245417285;98.70914048804025;136.9015682683994;189.8713664161278;263.3361782500288;365.2259113806622;506.5387032487934;702.5280792305466;974.3494403835484;1351.343611730726;1874.203936580443;2599.368780806799;3605.113577052066;4999.99999995282
0;3484179892098;20;phasez;-1.53509;-1.53645;-1.53773;-1.53867;-1.53989;-1.5406;-1.54181;-1.54264;-1.54326;-1.54389;-1.54426;-1.54457;-1.54471;-1.54456;-1.54407;-1.54304;-1.54133;-1.53868;-1.53477;-1.52919
1;3484950599892;50;absz;8.62299e+06;7.34132e+06;6.28998e+06;5.36631e+06;4.58827e+06;3.92031e+06;3.35065e+06;2.86186e+06;2.4461e+06;2.09001e+06;1.78528e+06;1.52474e+06;1.30308e+06;1.11296e+06;950800;812231;693782;592649;506251;432419;369406;315538;269529;230230;196671;167997;143504;122585;104711;89445;76406.5;65265.2;55751;47621.2;40676.7;34743.5;29674.5;25343.1;21642.8;18480.7;15778.4;13468.9;11494.4;9806.37;8362.28;7126.89;6069.17;5162.73;4385.1;3717.14
1;3484950599892;50;frequency;199.9999999213742;234.625769479635;275.2462588517801;322.8993264769997;378.802514688914;444.3841576318164;521.3198749487447;611.5753842550475;717.456725922716;841.6691823498468;987.3863981368913;1158.33146786315;1358.872060208682;1594.132014446359;1870.122253535556;2193.894364737048;2573.720768452858;3019.306079821149;3542.035062906734;4155.263512473084;4874.659497176026;5718.603679767398;6708.658946337209;7870.121340545211;9232.666380967203;10831.10727442716;12706.28439819177;14906.10877695531;17486.78621595445;20514.25336674129;24065.86241733066;28232.35745111674;33120.19296963342;38854.25382030405;45581.04601983359;53472.44000269313;62730.06193403319;73590.44528463698;86331.07429211862;101277.4737211686;118811.5260634959;139381.228686517;163512.140226203;191820.8086789974;225030.524286467;263989.7996954232;309694.0495706946;363311.0235703185;426210.642505751;499999.9999999716
1;3484950599892;50;phasez;-1.5443;-1.54759;-1.54797;-1.546;-1.54582;-1.54695;-1.5467;-1.54697;-1.54759;-1.54776;-1.54792;-1.54828;-1.54843;-1.54848;-1.54861;-1.54876;-1.54874;-1.54885;-1.54886;-1.54873;-1.54864;-1.54844;-1.54825;-1.548;-1.54766;-1.54728;-1.5468;-1.54625;-1.54561;-1.54484;-1.54394;-1.54289;-1.54166;-1.54021;-1.53852;-1.53655;-1.53423;-1.53149;-1.52827;-1.52448;-1.52;-1.51472;-1.50848;-1.5011;-1.49236;-1.48201;-1.46971;-1.45506;-1.43755;-1.41649
2;3485719530522;50;absz;92202;82431.9;73754.1;65981.2;59036.9;52808.6;47246.9;42266.8;37804.1;33822;30256.4;27066.8;24210.3;21657.1;19373.3;17330.3;15502.1;13867.4;12404.1;11095.6;9924.79;8877.08;7940.37;7101.72;6351.88;5680.96;5080.68;4543.73;4063.3;3633.43;3248.91;2904.86;2597.05;2321.67;2075.27;1854.79;1657.53;1480.99;1323.02;1181.67;1055.19;941.99;840.731;750.131;669.255;597.051;532.737;475.66;425.276;381.226
2;3485719530522;50;frequency;20000.00000002444;22385.53853899816;25055.61678390222;28044.17375656954;31389.19662092121;35133.2035329932;39323.78408414649;44014.2042055669;49264.08322518227;55140.1516811012;61717.09952482729;69078.52549602467;77317.99973512921;86540.25314108083;96862.50859274992;108415.9709538568;121347.4948009008;135821.4510731415;152021.8163702936;170154.5114554648;190450.0186878266;213166.3116533389;238592.1342356312;267050.6708003728;298903.6541519141;334555.9634717432;374460.7706856584;419125.3006744233;469117.2785435782;525072.1459047724;587701.13789258;657800.3235824071;736260.7247225839;824079.6413975459;922373.3285811875;1032391.184709951;1155531.632626961;1293359.894754076;1447627.888434013;1620296.494325686;1813560.480908265;2029876.401899315;2271993.821195295;2542990.262224833;2846310.325953354;3185809.474764127;3565803.038745301;3991121.067296888;4467169.723268114;4999999.999999929
2;3485719530522;50;phasez;-1.54821;-1.54803;-1.5477;-1.54748;-1.54716;-1.54669;-1.54603;-1.54525;-1.54454;-1.54364;-1.5427;-1.54143;-1.5402;-1.53865;-1.53694;-1.53512;-1.53293;-1.53058;-1.5278;-1.52481;-1.52138;-1.51756;-1.51328;-1.50846;-1.50305;-1.49695;-1.49014;-1.48247;-1.47388;-1.46423;-1.4534;-1.44122;-1.42755;-1.41218;-1.39493;-1.37552;-1.35371;-1.32916;-1.30151;-1.27037;-1.23525;-1.19559;-1.15075;-1.09992;-1.04222;-0.976638;-0.901843;-0.816383;-0.718562;-0.606403
3;3486038743126;20;absz;18859.5;15388.2;12552.9;10237.5;8351.31;6811.05;5554.72;4529.82;3692.81;3010.43;2453.24;1998.34;1627.22;1324.15;1076.68;874.625;709.719;575.482;466.863;380.3
3;3486038743126;20;frequency;99999.99999990905;122862.535599424;150952.0265389597;185463.4873444638;227865.1431623047;279960.8926363817;343967.05137965;422606.6409511731;519225.2346839865;637933.2888043621;783781.0140572543;962973.2274171232;1183133.324347452;1453627.601814205;1785963.729760951;2194280.323268956;2695948.443325946;3312310.615921419;4069588.809647371;4999999.999999929
3;3486038743126;20;phasez;-1.53611;-1.53291;-1.52883;-1.52386;-1.51756;-1.50973;-1.5001;-1.48806;-1.47317;-1.45469;-1.43181;-1.40342;-1.36819;-1.32443;-1.26992;-1.2018;-1.11616;-1.00784;-0.869644;-0.69205
