0;2379490256338;20;absz;1.8254e+08;1.32107e+08;9.5677e+07;6.9252e+07;5.01225e+07;3.62588e+07;2.62575e+07;1.90059e+07;1.37562e+07;9.95679e+06;7.20645e+06;5.21522e+06;3.77405e+06;2.73086e+06;1.97596e+06;1.42969e+06;1.03433e+06;748240;541235;391450
0;2379490256338;20;frequency;9.999999974752427;13.86918846435492;19.23543905490988;26.67799336109056;37.00021196095804;51.31629158938722;71.17153245417285;98.70914048804025;136.9015682683994;189.8713664161278;263.3361782500288;365.2259113806622;506.5387032487934;702.5280792305466;974.3494403835484;1351.343611730726;1874.203936580443;2599.368780806799;3605.113577052066;4999.99999995282
0;2379490256338;20;phasez;-1.55111;-1.55109;-1.55141;-1.55151;-1.55172;-1.55188;-1.55196;-1.55204;-1.55207;-1.55202;-1.55195;-1.55177;-1.55147;-1.55097;-1.55015;-1.54893;-1.54708;-1.54445;-1.54067;-1.53528
1;2380258732393;50;absz;9.38107e+06;8.00625e+06;6.84319e+06;5.83167e+06;4.98645e+06;4.25884e+06;3.63617e+06;3.10403e+06;2.65142e+06;2.26381e+06;1.93378e+06;1.65059e+06;1.40932e+06;1.20328e+06;1.02744e+06;877145;748948;639369;545868;466047;397839;339634;289930;247507;211275;180344;153941;131401;112161;95736.3;81716.4;69746.4;59531.8;50810.9;43368.5;37014.8;31591;26960.3;23007.7;19633.2;16751.7;14290.8;12189.3;10393.5;8858.9;7546.76;6424.32;5462.95;4638.97;3931.36
1;2380258732393;50;frequency;199.9999999213742;234.625769479635;275.2462588517801;322.8993264769997;378.802514688914;444.3841576318164;521.3198749487447;611.5753842550475;717.456725922716;841.6691823498468;987.3863981368913;1158.33146786315;1358.872060208682;1594.132014446359;1870.122253535556;2193.894364737048;2573.720768452858;3019.306079821149;3542.035062906734;4155.263512473084;4874.659497176026;5718.603679767398;6708.658946337209;7870.121340545211;9232.666380967203;10831.10727442716;12706.28439819177;14906.10877695531;17486.78621595445;20514.25336674129;24065.86241733066;28232.35745111674;33120.19296963342;38854.25382030405;45581.04601983359;53472.44000269313;62730.06193403319;73590.44528463698;86331.07429211862;101277.4737211686;118811.5260634959;139381.228686517;163512.140226203;191820.8086789974;225030.524286467;263989.7996954232;309694.0495706946;363311.0235703185;426210.642505751;499999.9999999716
1;2380258732393;50;phasez;-1.55466;-1.55238;-1.55267;-1.55398;-1.55339;-1.55381;-1.55376;-1.55387;-1.55376;-1.5538;-1.55417;-1.55401;-1.5542;-1.55434;-1.55433;-1.55447;-1.55464;-1.55464;-1.55473;-1.55469;-1.5547;-1.55464;-1.55454;-1.55439;-1.55419;-1.5539;-1.55352;-1.55304;-1.55243;-1.55168;-1.55081;-1.54972;-1.54844;-1.54691;-1.54511;-1.54299;-1.54049;-1.53755;-1.53409;-1.53004;-1.52527;-1.51966;-1.51306;-1.5053;-1.49616;-1.48538;-1.47263;-1.45752;-1.43952;-1.41796
2;2381029277246;50;absz;98692.7;88226.7;78890.5;70528.7;63061.2;56389.9;50426;45076;40311.6;36041;32217.8;28806.3;25755.3;23026.8;20586.9;18408.7;16459.1;14716.6;13158.4;11766.2;10520.5;9406.94;8411.26;7520.89;6724.66;6012.9;5376.66;4807.42;4298.4;3843.35;3436.28;3072.21;2746.58;2455.34;2194.87;1961.79;1753.35;1566.84;1399.98;1250.7;1117.15;997.649;890.763;795.167;709.825;633.672;565.856;505.725;452.688;406.381
2;2381029277246;50;frequency;20000.00000002444;22385.53853899816;25055.61678390222;28044.17375656954;31389.19662092121;35133.2035329932;39323.78408414649;44014.2042055669;49264.08322518227;55140.1516811012;61717.09952482729;69078.52549602467;77317.99973512921;86540.25314108083;96862.50859274992;108415.9709538568;121347.4948009008;135821.4510731415;152021.8163702936;170154.5114554648;190450.0186878266;213166.3116533389;238592.1342356312;267050.6708003728;298903.6541519141;334555.9634717432;374460.7706856584;419125.3006744233;469117.2785435782;525072.1459047724;587701.13789258;657800.3235824071;736260.7247225839;824079.6413975459;922373.3285811875;1032391.184709951;1155531.632626961;1293359.894754076;1447627.888434013;1620296.494325686;1813560.480908265;2029876.401899315;2271993.821195295;2542990.262224833;2846310.325953354;3185809.474764127;3565803.038745301;3991121.067296888;4467169.723268114;4999999.999999929
2;2381029277246;50;phasez;-1.55519;-1.55521;-1.55489;-1.55422;-1.55384;-1.55332;-1.55264;-1.55196;-1.55095;-1.55006;-1.54888;-1.54763;-1.54614;-1.54445;-1.54263;-1.54057;-1.53819;-1.53557;-1.53259;-1.52929;-1.52562;-1.52154;-1.51692;-1.51179;-1.50609;-1.49968;-1.4925;-1.48452;-1.47558;-1.46557;-1.45438;-1.44186;-1.42783;-1.41211;-1.39448;-1.37472;-1.35254;-1.32763;-1.29963;-1.26813;-1.23264;-1.19262;-1.14742;-1.09625;-1.03818;-0.972242;-0.897092;-0.811303;-0.713119;-0.600641
3;2381349187080;20;absz;20044.1;16339.4;13320.2;10855.1;8848.07;7213.84;5879.53;4793.06;3906.41;3183.97;2594.54;2113.65;1721.31;1401.3;1139.89;926.607;752.572;610.98;496.489;405.404
3;2381349187080;20;frequency;99999.99999990905;122862.535599424;150952.0265389597;185463.4873444638;227865.1431623047;279960.8926363817;343967.05137965;422606.6409511731;519225.2346839865;637933.2888043621;783781.0140572543;962973.2274171232;1183133.324347452;1453627.601814205;1785963.729760951;2194280.323268956;2695948.443325946;3312310.615921419;4069588.809647371;4999999.999999929
3;2381349187080;20;phasez;-1.54165;-1.53807;-1.53361;-1.52811;-1.5213;-1.51301;-1.5027;-1.49008;-1.47456;-1.45543;-1.43186;-1.40283;-1.36694;-1.32252;-1.26735;-1.19857;-1.11226;-1.00329;-0.864443;-0.686232
