0;354231125014;20;absz;2.63885e+08;1.90839e+08;1.37905e+08;9.96916e+07;7.20653e+07;5.21441e+07;3.76796e+07;2.72346e+07;1.96925e+07;1.42366e+07;1.02935e+07;7.44277e+06;5.38163e+06;3.89143e+06;2.81382e+06;2.03451e+06;1.47099e+06;1.06355e+06;768939;555941
0;354231125014;20;frequency;9.999999974752427;13.86918846435492;19.23543905490988;26.67799336109056;37.00021196095804;51.31629158938722;71.17153245417285;98.70914048804025;136.9015682683994;189.8713664161278;263.3361782500288;365.2259113806622;506.5387032487934;702.5280792305466;974.3494403835484;1351.343611730726;1874.203936580443;2599.368780806799;3605.113577052066;4999.99999995282
0;354231125014;20;phasez;-1.55826;-1.55724;-1.55735;-1.55753;-1.55756;-1.5582;-1.55741;-1.55719;-1.55711;-1.55675;-1.55633;-1.55583;-1.55517;-1.55437;-1.55329;-1.55179;-1.54961;-1.54659;-1.54237;-1.53651
1;355002273967;50;absz;1.34552e+07;1.144e+07;9.76318e+06;8.32939e+06;7.1218e+06;6.0719e+06;5.18663e+06;4.42604e+06;3.77912e+06;3.22616e+06;2.75279e+06;2.34913e+06;2.00549e+06;1.71137e+06;1.46091e+06;1.24694e+06;1.06431e+06;908483;775407;661834;564897;482174;411588;351309;299884;255970;218501;186517;159219;135913;116026;99047.4;84554.8;72182;61621.7;52604.3;44906.7;38334;32721.5;27928.8;23835.6;20339.1;17351.9;14799.3;12617;10750.7;9153.48;7785.38;6612.29;5604.78
1;355002273967;50;frequency;199.9999999213742;234.625769479635;275.2462588517801;322.8993264769997;378.802514688914;444.3841576318164;521.3198749487447;611.5753842550475;717.456725922716;841.6691823498468;987.3863981368913;1158.33146786315;1358.872060208682;1594.132014446359;1870.122253535556;2193.894364737048;2573.720768452858;3019.306079821149;3542.035062906734;4155.263512473084;4874.659497176026;5718.603679767398;6708.658946337209;7870.121340545211;9232.666380967203;10831.10727442716;12706.28439819177;14906.10877695531;17486.78621595445;20514.25336674129;24065.86241733066;28232.35745111674;33120.19296963342;38854.25382030405;45581.04601983359;53472.44000269313;62730.06193403319;73590.44528463698;86331.07429211862;101277.4737211686;118811.5260634959;139381.228686517;163512.140226203;191820.8086789974;225030.524286467;263989.7996954232;309694.0495706946;363311.0235703185;426210.642505751;499999.9999999716
1;355002273967;50;phasez;-1.55545;-1.56133;-1.556;-1.55853;-1.55668;-1.55816;-1.55737;-1.55722;-1.55735;-1.55722;-1.55718;-1.55678;-1.55714;-1.55709;-1.55703;-1.55695;-1.5568;-1.55664;-1.5565;-1.55624;-1.556;-1.55573;-1.55535;-1.55496;-1.55453;-1.55399;-1.55338;-1.55267;-1.55185;-1.55093;-1.54983;-1.54859;-1.54715;-1.54549;-1.54357;-1.54136;-1.53878;-1.53579;-1.5323;-1.52822;-1.52345;-1.51787;-1.51132;-1.50362;-1.49456;-1.48388;-1.47126;-1.45628;-1.43844;-1.41705
2;355770437058;50;absz;140121;125229;112027;100203;89573.7;80097.8;71631.2;64046.1;57258.5;51215.9;45799.6;40950.7;36618;32743.5;29278.3;26183;23414.5;20939.4;18727;16747.2;14977.8;13394;11978.2;10713.1;9579.95;8567.35;7661.82;6851.46;6127.15;5479.09;4899.58;4381.04;3917.35;3502.53;3131.55;2799.7;2502.77;2237.23;1999.71;1787.23;1597.21;1427.31;1275.44;1139.68;1018.75;910.918;815.123;730.415;656.019;591.449
2;355770437058;50;frequency;20000.00000002444;22385.53853899816;25055.61678390222;28044.17375656954;31389.19662092121;35133.2035329932;39323.78408414649;44014.2042055669;49264.08322518227;55140.1516811012;61717.09952482729;69078.52549602467;77317.99973512921;86540.25314108083;96862.50859274992;108415.9709538568;121347.4948009008;135821.4510731415;152021.8163702936;170154.5114554648;190450.0186878266;213166.3116533389;238592.1342356312;267050.6708003728;298903.6541519141;334555.9634717432;374460.7706856584;419125.3006744233;469117.2785435782;525072.1459047724;587701.13789258;657800.3235824071;736260.7247225839;824079.6413975459;922373.3285811875;1032391.184709951;1155531.632626961;1293359.894754076;1447627.888434013;1620296.494325686;1813560.480908265;2029876.401899315;2271993.821195295;2542990.262224833;2846310.325953354;3185809.474764127;3565803.038745301;3991121.067296888;4467169.723268114;4999999.999999929
2;355770437058;50;phasez;-1.55493;-1.55459;-1.554;-1.55285;-1.55254;-1.55188;-1.55098;-1.5503;-1.54933;-1.54847;-1.54729;-1.54587;-1.5444;-1.54263;-1.54081;-1.53886;-1.53638;-1.53371;-1.53087;-1.52755;-1.52397;-1.5199;-1.51536;-1.51036;-1.50469;-1.49839;-1.49133;-1.48344;-1.47462;-1.46476;-1.45374;-1.44133;-1.42746;-1.41192;-1.39447;-1.3749;-1.3529;-1.32822;-1.30044;-1.26919;-1.23398;-1.19425;-1.14938;-1.09857;-1.04091;-0.975452;-0.900864;-0.815734;-0.718407;-0.606962
3;356086802658;20;absz;28494.4;23240.1;18956.8;15458.9;12602.3;10274.2;8377.88;6830.3;5568.35;4539.5;3699.89;3015.56;2456.89;2001.09;1629.35;1326.18;1079.22;878.767;717.375;589.974
3;356086802658;20;frequency;99999.99999990905;122862.535599424;150952.0265389597;185463.4873444638;227865.1431623047;279960.8926363817;343967.05137965;422606.6409511731;519225.2346839865;637933.2888043621;783781.0140572543;962973.2274171232;1183133.324347452;1453627.601814205;1785963.729760951;2194280.323268956;2695948.443325946;3312310.615921419;4069588.809647371;4999999.999999929
3;356086802658;20;phasez;-1.5399;-1.5362;-1.53184;-1.52634;-1.51973;-1.51149;-1.5014;-1.48898;-1.47368;-1.45483;-1.43159;-1.40287;-1.36734;-1.32332;-1.26863;-1.2004;-1.11471;-1.00664;-0.868957;-0.692432
