0;4839862289737;20;absz;1.48638e+08;1.08112e+08;7.86715e+07;5.71962e+07;4.15795e+07;3.02092e+07;2.19656e+07;1.59616e+07;1.1598e+07;8.42556e+06;6.12017e+06;4.44489e+06;3.22759e+06;2.3431e+06;1.70072e+06;1.23424e+06;895525;649643;471207;341723
0;4839862289737;20;frequency;9.999999974752427;13.86918846435492;19.23543905490988;26.67799336109056;37.00021196095804;51.31629158938722;71.17153245417285;98.70914048804025;136.9015682683994;189.8713664161278;263.3361782500288;365.2259113806622;506.5387032487934;702.5280792305466;974.3494403835484;1351.343611730726;1874.203936580443;2599.368780806799;3605.113577052066;4999.99999995282
0;4839862289737;20;phasez;-1.52648;-1.52779;-1.52878;-1.52954;-1.53049;-1.53169;-1.53244;-1.53305;-1.53364;-1.53414;-1.53466;-1.53508;-1.53532;-1.53537;-1.5351;-1.53434;-1.53294;-1.53065;-1.52715;-1.522
1;4840632179291;50;absz;7.95353e+06;6.79003e+06;5.8131e+06;4.97768e+06;4.25024e+06;3.63755e+06;3.1119e+06;2.66077e+06;2.2751e+06;1.94471e+06;1.66377e+06;1.42293e+06;1.21665e+06;1.04023e+06;889328;760397;650185;555816;475178;406212;347245;296837;253735;216884;185377;158451;135429;115750;98930.3;84552.3;72260.9;61757;52779.4;45105.5;38547.1;32940.7;28148.9;24053.6;20552.5;17559.8;15000.8;12812.5;10940.9;9339.9;7969.59;6796.27;5791.14;4929.34;4189.51;3553.48
1;4840632179291;50;frequency;199.9999999213742;234.625769479635;275.2462588517801;322.8993264769997;378.802514688914;444.3841576318164;521.3198749487447;611.5753842550475;717.456725922716;841.6691823498468;987.3863981368913;1158.33146786315;1358.872060208682;1594.132014446359;1870.122253535556;2193.894364737048;2573.720768452858;3019.306079821149;3542.035062906734;4155.263512473084;4874.659497176026;5718.603679767398;6708.658946337209;7870.121340545211;9232.666380967203;10831.10727442716;12706.28439819177;14906.10877695531;17486.78621595445;20514.25336674129;24065.86241733066;28232.35745111674;33120.19296963342;38854.25382030405;45581.04601983359;53472.44000269313;62730.06193403319;73590.44528463698;86331.07429211862;101277.4737211686;118811.5260634959;139381.228686517;163512.140226203;191820.8086789974;225030.524286467;263989.7996954232;309694.0495706946;363311.0235703185;426210.642505751;499999.9999999716
1;4840632179291;50;phasez;-1.53291;-1.5364;-1.53686;-1.53546;-1.53648;-1.53722;-1.53723;-1.53793;-1.53794;-1.53892;-1.53899;-1.53922;-1.53965;-1.54001;-1.54026;-1.54059;-1.54075;-1.54097;-1.54113;-1.54126;-1.54136;-1.54144;-1.54145;-1.54136;-1.54126;-1.54104;-1.54075;-1.54033;-1.53982;-1.53917;-1.53835;-1.53737;-1.5362;-1.53478;-1.5331;-1.53112;-1.52877;-1.526;-1.52275;-1.51891;-1.51439;-1.50906;-1.50279;-1.49538;-1.48664;-1.47628;-1.464;-1.44939;-1.43193;-1.41093
2;4841403335018;50;absz;87122.4;77985.9;69777.3;62444.8;55883.8;50016.4;44756.2;40053.4;35844.4;32073.5;28703;25684.2;22985.2;20568.6;18406.5;16471.6;14741;13190.9;11804.3;10563.3;9452.84;8458.81;7569.02;6772.85;6060.34;5422.6;4851.76;4340.78;3883.65;3474.29;3107.95;2780.02;2486.45;2223.7;1988.46;1777.91;1589.4;1420.63;1269.5;1134.2;1013.07;904.617;807.515;720.629;642.998;573.642;511.806;456.907;408.4;365.936
2;4841403335018;50;frequency;20000.00000002444;22385.53853899816;25055.61678390222;28044.17375656954;31389.19662092121;35133.2035329932;39323.78408414649;44014.2042055669;49264.08322518227;55140.1516811012;61717.09952482729;69078.52549602467;77317.99973512921;86540.25314108083;96862.50859274992;108415.9709538568;121347.4948009008;135821.4510731415;152021.8163702936;170154.5114554648;190450.0186878266;213166.3116533389;238592.1342356312;267050.6708003728;298903.6541519141;334555.9634717432;374460.7706856584;419125.3006744233;469117.2785435782;525072.1459047724;587701.13789258;657800.3235824071;736260.7247225839;824079.6413975459;922373.3285811875;1032391.184709951;1155531.632626961;1293359.894754076;1447627.888434013;1620296.494325686;1813560.480908265;2029876.401899315;2271993.821195295;2542990.262224833;2846310.325953354;3185809.474764127;3565803.038745301;3991121.067296888;4467169.723268114;4999999.999999929
2;4841403335018;50;phasez;-1.54281;-1.54289;-1.54242;-1.54197;-1.5415;-1.54107;-1.54067;-1.53994;-1.53923;-1.53825;-1.53716;-1.53601;-1.53475;-1.53312;-1.53147;-1.52957;-1.52735;-1.52492;-1.52217;-1.51909;-1.51569;-1.51185;-1.50754;-1.50272;-1.49733;-1.49128;-1.48447;-1.47683;-1.46828;-1.45869;-1.44791;-1.43581;-1.42221;-1.40693;-1.38978;-1.37047;-1.34876;-1.32435;-1.29684;-1.26583;-1.23085;-1.19135;-1.14666;-1.09601;-1.03847;-0.973049;-0.898409;-0.813111;-0.715409;-0.603355
3;4841722274971;20;absz;17921.9;14632.6;11944.7;9750.88;7960.57;6497.3;5303.19;4327.91;3531.25;2880.88;2349.43;1915.13;1560.59;1270.69;1033.76;840.099;681.875;552.949;448.471;365.077
3;4841722274971;20;frequency;99999.99999990905;122862.535599424;150952.0265389597;185463.4873444638;227865.1431623047;279960.8926363817;343967.05137965;422606.6409511731;519225.2346839865;637933.2888043621;783781.0140572543;962973.2274171232;1183133.324347452;1453627.601814205;1785963.729760951;2194280.323268956;2695948.443325946;3312310.615921419;4069588.809647371;4999999.999999929
3;4841722274971;20;phasez;-1.53058;-1.52722;-1.52313;-1.51806;-1.51184;-1.50403;-1.49442;-1.48242;-1.46764;-1.44926;-1.4265;-1.39831;-1.36329;-1.31975;-1.26552;-1.19768;-1.11234;-1.00431;-0.866399;-0.689025
