0;5308618610147;20;absz;1.45381e+08;1.05693e+08;7.69082e+07;5.59834e+07;4.0692e+07;2.96002e+07;2.15148e+07;1.56375e+07;1.13642e+07;8.25826e+06;6.00013e+06;4.35875e+06;3.16591e+06;2.29913e+06;1.66942e+06;1.212e+06;879689;638401;463223;336053
0;5308618610147;20;frequency;9.999999974752427;13.86918846435492;19.23543905490988;26.67799336109056;37.00021196095804;51.31629158938722;71.17153245417285;98.70914048804025;136.9015682683994;189.8713664161278;263.3361782500288;365.2259113806622;506.5387032487934;702.5280792305466;974.3494403835484;1351.343611730726;1874.203936580443;2599.368780806799;3605.113577052066;4999.99999995282
0;5308618610147;20;phasez;-1.52342;-1.52491;-1.52637;-1.52799;-1.5288;-1.52934;-1.53078;-1.53149;-1.5322;-1.53274;-1.53327;-1.53359;-1.53382;-1.53379;-1.53345;-1.53266;-1.53124;-1.52895;-1.52545;-1.5203
1;5309386814219;50;absz;7.76514e+06;6.66063e+06;5.69615e+06;4.86997e+06;4.17337e+06;3.57189e+06;3.0515e+06;2.61052e+06;2.23293e+06;1.90942e+06;1.63312e+06;1.39725e+06;1.19489e+06;1.02183e+06;873752;747171;638901;546324;467106;399396;341486;291954;249613;213395;182428;155956;133318;113970;97422.9;83278.8;71184.9;60847.2;52010;44454.4;37996.4;32474.6;27754.7;23718.7;20268.9;17319.1;14796.5;12639.1;10794;9215.14;7863.86;6706.93;5715.67;4865.68;4135.91;3508.55
1;5309386814219;50;frequency;199.9999999213742;234.625769479635;275.2462588517801;322.8993264769997;378.802514688914;444.3841576318164;521.3198749487447;611.5753842550475;717.456725922716;841.6691823498468;987.3863981368913;1158.33146786315;1358.872060208682;1594.132014446359;1870.122253535556;2193.894364737048;2573.720768452858;3019.306079821149;3542.035062906734;4155.263512473084;4874.659497176026;5718.603679767398;6708.658946337209;7870.121340545211;9232.666380967203;10831.10727442716;12706.28439819177;14906.10877695531;17486.78621595445;20514.25336674129;24065.86241733066;28232.35745111674;33120.19296963342;38854.25382030405;45581.04601983359;53472.44000269313;62730.06193403319;73590.44528463698;86331.07429211862;101277.4737211686;118811.5260634959;139381.228686517;163512.140226203;191820.8086789974;225030.524286467;263989.7996954232;309694.0495706946;363311.0235703185;426210.642505751;499999.9999999716
1;5309386814219;50;phasez;-1.53327;-1.53523;-1.53312;-1.535;-1.53485;-1.53541;-1.53623;-1.53607;-1.53667;-1.53717;-1.53756;-1.53778;-1.53799;-1.53825;-1.53859;-1.53888;-1.5391;-1.5393;-1.53947;-1.53958;-1.53968;-1.53973;-1.53973;-1.53969;-1.53957;-1.53938;-1.53909;-1.53872;-1.53822;-1.53759;-1.53683;-1.53589;-1.53475;-1.53338;-1.53175;-1.52981;-1.52751;-1.52478;-1.52156;-1.51775;-1.51325;-1.50793;-1.50165;-1.49424;-1.48548;-1.4751;-1.4628;-1.44816;-1.43067;-1.40965
2;5310156680809;50;absz;85818.1;76809.4;68746.8;61551.1;55067.8;49294.7;44112.8;39482.2;35339.3;31619.2;28300.8;25330.7;22667.1;20285.4;18153.1;16247.7;14539.9;13012.6;11645.5;10422.3;9327.05;8346.57;7469.6;6684.25;5981.4;5352.53;4789.65;4285.57;3834.39;3430.55;3069.15;2745.6;2455.93;2196.58;1964.44;1756.58;1570.47;1403.83;1254.62;1120.99;1001.35;894.196;798.28;712.423;635.689;567.126;505.992;451.703;403.723;361.713
2;5310156680809;50;frequency;20000.00000002444;22385.53853899816;25055.61678390222;28044.17375656954;31389.19662092121;35133.2035329932;39323.78408414649;44014.2042055669;49264.08322518227;55140.1516811012;61717.09952482729;69078.52549602467;77317.99973512921;86540.25314108083;96862.50859274992;108415.9709538568;121347.4948009008;135821.4510731415;152021.8163702936;170154.5114554648;190450.0186878266;213166.3116533389;238592.1342356312;267050.6708003728;298903.6541519141;334555.9634717432;374460.7706856584;419125.3006744233;469117.2785435782;525072.1459047724;587701.13789258;657800.3235824071;736260.7247225839;824079.6413975459;922373.3285811875;1032391.184709951;1155531.632626961;1293359.894754076;1447627.888434013;1620296.494325686;1813560.480908265;2029876.401899315;2271993.821195295;2542990.262224833;2846310.325953354;3185809.474764127;3565803.038745301;3991121.067296888;4467169.723268114;4999999.999999929
2;5310156680809;50;phasez;-1.54119;-1.54108;-1.54072;-1.54044;-1.54031;-1.5396;-1.53922;-1.53855;-1.53764;-1.53691;-1.53585;-1.53467;-1.53349;-1.532;-1.53018;-1.52834;-1.5262;-1.52381;-1.52103;-1.51798;-1.51452;-1.51067;-1.50637;-1.50154;-1.49612;-1.49004;-1.48324;-1.47559;-1.46702;-1.45741;-1.4466;-1.4345;-1.42089;-1.40561;-1.38844;-1.36914;-1.34743;-1.32301;-1.29551;-1.26451;-1.22954;-1.19003;-1.14535;-1.0947;-1.03716;-0.971736;-0.897088;-0.811766;-0.714045;-0.601954
3;5310473054867;20;absz;17674.4;14434.6;11782.7;9620.2;7854.91;6411.9;5234.16;4272.23;3486.5;2844.94;2320.45;1891.87;1541.89;1255.69;1021.71;830.404;674.068;546.625;443.331;360.824
3;5310473054867;20;frequency;99999.99999990905;122862.535599424;150952.0265389597;185463.4873444638;227865.1431623047;279960.8926363817;343967.05137965;422606.6409511731;519225.2346839865;637933.2888043621;783781.0140572543;962973.2274171232;1183133.324347452;1453627.601814205;1785963.729760951;2194280.323268956;2695948.443325946;3312310.615921419;4069588.809647371;4999999.999999929
3;5310473054867;20;phasez;-1.52939;-1.52611;-1.52207;-1.51693;-1.51069;-1.50285;-1.49319;-1.48118;-1.46635;-1.44795;-1.4252;-1.39696;-1.36196;-1.31843;-1.2642;-1.19637;-1.11102;-1.003;-0.865068;-0.68764
