0;8935496579176;20;absz;1.36482e+08;9.95518e+07;7.25352e+07;5.28407e+07;3.84745e+07;2.80212e+07;2.03806e+07;1.48274e+07;1.07834e+07;7.84147e+06;5.70092e+06;4.14412e+06;3.01184e+06;2.18865e+06;1.59022e+06;1.15528e+06;839139;609438;442544;321297
0;8935496579176;20;frequency;9.999999974752427;13.86918846435492;19.23543905490988;26.67799336109056;37.00021196095804;51.31629158938722;71.17153245417285;98.70914048804025;136.9015682683994;189.8713664161278;263.3361782500288;365.2259113806622;506.5387032487934;702.5280792305466;974.3494403835484;1351.343611730726;1874.203936580443;2599.368780806799;3605.113577052066;4999.99999995282
0;8935496579176;20;phasez;-1.51127;-1.5144;-1.51743;-1.51966;-1.52186;-1.52359;-1.52538;-1.52662;-1.52789;-1.52879;-1.52953;-1.53007;-1.53036;-1.53037;-1.53;-1.52919;-1.5277;-1.52537;-1.52187;-1.51672
1;8936267644007;50;absz;7.37638e+06;6.31936e+06;5.41343e+06;4.63202e+06;3.96508e+06;3.39353e+06;2.90388e+06;2.48525e+06;2.1254e+06;1.81855e+06;1.55621e+06;1.33118e+06;1.13894e+06;974455;833555;713025;609881;521730;446245;381714;326476;279231;238815;204241;174665;149374;127739;109237;93412.9;79879.4;68304.9;58406.4;49942.7;42703.6;36512.9;31218.6;26690.8;22818.4;19505.9;16672.9;14249.4;12175.9;10401.5;8882.74;7582.73;6469.12;5514.66;4695.99;3992.98;3388.24
1;8936267644007;50;frequency;199.9999999213742;234.625769479635;275.2462588517801;322.8993264769997;378.802514688914;444.3841576318164;521.3198749487447;611.5753842550475;717.456725922716;841.6691823498468;987.3863981368913;1158.33146786315;1358.872060208682;1594.132014446359;1870.122253535556;2193.894364737048;2573.720768452858;3019.306079821149;3542.035062906734;4155.263512473084;4874.659497176026;5718.603679767398;6708.658946337209;7870.121340545211;9232.666380967203;10831.10727442716;12706.28439819177;14906.10877695531;17486.78621595445;20514.25336674129;24065.86241733066;28232.35745111674;33120.19296963342;38854.25382030405;45581.04601983359;53472.44000269313;62730.06193403319;73590.44528463698;86331.07429211862;101277.4737211686;118811.5260634959;139381.228686517;163512.140226203;191820.8086789974;225030.524286467;263989.7996954232;309694.0495706946;363311.0235703185;426210.642505751;499999.9999999716
1;8936267644007;50;phasez;-1.53023;-1.53058;-1.53109;-1.53217;-1.53095;-1.53243;-1.53317;-1.53325;-1.53323;-1.53365;-1.53383;-1.53433;-1.53454;-1.53479;-1.53509;-1.53534;-1.53543;-1.53566;-1.53582;-1.53601;-1.5361;-1.53619;-1.53617;-1.5361;-1.536;-1.53582;-1.53553;-1.53515;-1.53466;-1.53402;-1.53325;-1.53231;-1.53117;-1.5298;-1.52817;-1.52625;-1.52397;-1.52126;-1.51807;-1.51428;-1.5098;-1.50451;-1.49824;-1.49083;-1.48205;-1.47165;-1.4593;-1.44459;-1.42702;-1.40592
2;8937032882690;50;absz;82265.7;73659;65946.3;59024;52857.9;47317.1;42364.5;37922.9;33951.3;30394.1;27207;24356.5;21801.4;19516.8;17469.7;15639.6;13999.5;12532.1;11217.7;10041.4;8988.42;8045.08;7201.3;6445.78;5769.15;5163.79;4621.69;4136.36;3701.88;3312.93;2964.59;2652.66;2373.44;2123.4;1899.47;1698.89;1519.29;1358.43;1214.34;1085.24;969.64;866.073;773.315;690.246;615.994;549.615;490.397;437.784;391.257;350.494
2;8937032882690;50;frequency;20000.00000002444;22385.53853899816;25055.61678390222;28044.17375656954;31389.19662092121;35133.2035329932;39323.78408414649;44014.2042055669;49264.08322518227;55140.1516811012;61717.09952482729;69078.52549602467;77317.99973512921;86540.25314108083;96862.50859274992;108415.9709538568;121347.4948009008;135821.4510731415;152021.8163702936;170154.5114554648;190450.0186878266;213166.3116533389;238592.1342356312;267050.6708003728;298903.6541519141;334555.9634717432;374460.7706856584;419125.3006744233;469117.2785435782;525072.1459047724;587701.13789258;657800.3235824071;736260.7247225839;824079.6413975459;922373.3285811875;1032391.184709951;1155531.632626961;1293359.894754076;1447627.888434013;1620296.494325686;1813560.480908265;2029876.401899315;2271993.821195295;2542990.262224833;2846310.325953354;3185809.474764127;3565803.038745301;3991121.067296888;4467169.723268114;4999999.999999929
2;8937032882690;50;phasez;-1.53736;-1.53742;-1.53734;-1.53708;-1.53665;-1.53602;-1.53568;-1.535;-1.53421;-1.53335;-1.53234;-1.53122;-1.52994;-1.52849;-1.5268;-1.5249;-1.52275;-1.52034;-1.51764;-1.51459;-1.51112;-1.50726;-1.50295;-1.4981;-1.49265;-1.48652;-1.47967;-1.47196;-1.46335;-1.45368;-1.44282;-1.43065;-1.41699;-1.40164;-1.38441;-1.36506;-1.34329;-1.3188;-1.29122;-1.26015;-1.22509;-1.18551;-1.14072;-1.08996;-1.0323;-0.966709;-0.891872;-0.806326;-0.708324;-0.595901
3;8937349061546;20;absz;17005;13891.7;11346.4;9268.26;7570.76;6182.49;5049.19;4122.86;3366.37;2748.02;2242.55;1829.22;1491.57;1215.22;989.219;804.29;653.063;529.701;429.613;349.594
3;8937349061546;20;frequency;99999.99999990905;122862.535599424;150952.0265389597;185463.4873444638;227865.1431623047;279960.8926363817;343967.05137965;422606.6409511731;519225.2346839865;637933.2888043621;783781.0140572543;962973.2274171232;1183133.324347452;1453627.601814205;1785963.729760951;2194280.323268956;2695948.443325946;3312310.615921419;4069588.809647371;4999999.999999929
3;8937349061546;20;phasez;-1.5259;-1.5227;-1.51864;-1.51356;-1.50724;-1.49935;-1.48962;-1.47758;-1.4626;-1.44412;-1.42124;-1.39291;-1.35778;-1.31413;-1.25976;-1.19176;-1.10621;-0.997893;-0.85955;-0.681531
