0;889872297035;20;absz;2.19121e+08;1.58353e+08;1.14437e+08;8.27459e+07;5.98275e+07;4.33262e+07;3.13024e+07;2.26403e+07;1.63745e+07;1.18465e+07;8.57063e+06;6.20139e+06;4.48727e+06;3.24709e+06;2.34958e+06;1.70017e+06;1.2303e+06;890274;644251;466238
0;889872297035;20;frequency;9.999999974752427;13.86918846435492;19.23543905490988;26.67799336109056;37.00021196095804;51.31629158938722;71.17153245417285;98.70914048804025;136.9015682683994;189.8713664161278;263.3361782500288;365.2259113806622;506.5387032487934;702.5280792305466;974.3494403835484;1351.343611730726;1874.203936580443;2599.368780806799;3605.113577052066;4999.99999995282
0;889872297035;20;phasez;-1.55639;-1.55759;-1.55729;-1.55623;-1.55636;-1.55585;-1.55548;-1.55506;-1.55458;-1.55402;-1.55332;-1.55262;-1.55183;-1.55084;-1.54957;-1.54786;-1.54551;-1.54228;-1.53786;-1.53178
1;890642179457;50;absz;1.1189e+07;9.53664e+06;8.13163e+06;6.9411e+06;5.93006e+06;5.06397e+06;4.32234e+06;3.69079e+06;3.15235e+06;2.69197e+06;2.29895e+06;1.96282e+06;1.67602e+06;1.43133e+06;1.22206e+06;1.04341e+06;891020;760853;649697;554804;473803;404635;345537;295102;252025;215242;183828;157011;134108;114544;97841.3;83573.5;71390.2;60983;52094.4;44501.3;38014.1;32472.7;27737.9;23691.8;20234;17278.7;14752.1;12591.4;10743.1;9161;7806.12;6644.84;5648.02;4791.28
1;890642179457;50;frequency;199.9999999213742;234.625769479635;275.2462588517801;322.8993264769997;378.802514688914;444.3841576318164;521.3198749487447;611.5753842550475;717.456725922716;841.6691823498468;987.3863981368913;1158.33146786315;1358.872060208682;1594.132014446359;1870.122253535556;2193.894364737048;2573.720768452858;3019.306079821149;3542.035062906734;4155.263512473084;4874.659497176026;5718.603679767398;6708.658946337209;7870.121340545211;9232.666380967203;10831.10727442716;12706.28439819177;14906.10877695531;17486.78621595445;20514.25336674129;24065.86241733066;28232.35745111674;33120.19296963342;38854.25382030405;45581.04601983359;53472.44000269313;62730.06193403319;73590.44528463698;86331.07429211862;101277.4737211686;118811.5260634959;139381.228686517;163512.140226203;191820.8086789974;225030.524286467;263989.7996954232;309694.0495706946;363311.0235703185;426210.642505751;499999.9999999716
1;890642179457;50;phasez;-1.55494;-1.55459;-1.5525;-1.55531;-1.55265;-1.55491;-1.55347;-1.5533;-1.55379;-1.55402;-1.55323;-1.55341;-1.5532;-1.553;-1.55284;-1.55274;-1.55237;-1.55216;-1.552;-1.5517;-1.55129;-1.55088;-1.55041;-1.54992;-1.54937;-1.54872;-1.54798;-1.54715;-1.54622;-1.54516;-1.54397;-1.54259;-1.54103;-1.53924;-1.5372;-1.53487;-1.53217;-1.52905;-1.52544;-1.52125;-1.51637;-1.51067;-1.50402;-1.49621;-1.48705;-1.47627;-1.46355;-1.44848;-1.43056;-1.40908
2;891410316059;50;absz;118026;105588;94493.2;84533.7;75606.9;67648.4;60514.9;54142.7;48440;43330.7;38764.1;34681.4;31028.7;27761.3;24834.4;22222.8;19882.3;17789.4;15917.6;14241.9;12744.3;11403.2;10203.5;9129.99;8169.1;7309.76;6540.65;5852.17;5236.42;4685.31;4192.01;3750.53;3355.45;3001.78;2685.23;2401.94;2148.35;1921.36;1718.18;1536.33;1373.57;1227.89;1097.56;981.002;876.949;784.167;701.59;628.471;564.102;508.107
2;891410316059;50;frequency;20000.00000002444;22385.53853899816;25055.61678390222;28044.17375656954;31389.19662092121;35133.2035329932;39323.78408414649;44014.2042055669;49264.08322518227;55140.1516811012;61717.09952482729;69078.52549602467;77317.99973512921;86540.25314108083;96862.50859274992;108415.9709538568;121347.4948009008;135821.4510731415;152021.8163702936;170154.5114554648;190450.0186878266;213166.3116533389;238592.1342356312;267050.6708003728;298903.6541519141;334555.9634717432;374460.7706856584;419125.3006744233;469117.2785435782;525072.1459047724;587701.13789258;657800.3235824071;736260.7247225839;824079.6413975459;922373.3285811875;1032391.184709951;1155531.632626961;1293359.894754076;1447627.888434013;1620296.494325686;1813560.480908265;2029876.401899315;2271993.821195295;2542990.262224833;2846310.325953354;3185809.474764127;3565803.038745301;3991121.067296888;4467169.723268114;4999999.999999929
2;891410316059;50;phasez;-1.54834;-1.54842;-1.54794;-1.54712;-1.54657;-1.5457;-1.54499;-1.54398;-1.54299;-1.54182;-1.54065;-1.53921;-1.53762;-1.53583;-1.53379;-1.5317;-1.52929;-1.52659;-1.52362;-1.52025;-1.51654;-1.51245;-1.50785;-1.50272;-1.49703;-1.49064;-1.48352;-1.47556;-1.46667;-1.45676;-1.44564;-1.43319;-1.41924;-1.40363;-1.38613;-1.36648;-1.34443;-1.31965;-1.29181;-1.26047;-1.22517;-1.18534;-1.14036;-1.08942;-1.03161;-0.965987;-0.891193;-0.805824;-0.708162;-0.59633
3;891726870996;20;absz;24181.6;19741.2;16112.9;13150.6;10731.1;8759.14;7149.26;5834.59;4761.99;3885.74;3170.75;2586.62;2109.4;1719.6;1401.31;1141.24;929.092;756.542;617.243;506.9
3;891726870996;20;frequency;99999.99999990905;122862.535599424;150952.0265389597;185463.4873444638;227865.1431623047;279960.8926363817;343967.05137965;422606.6409511731;519225.2346839865;637933.2888043621;783781.0140572543;962973.2274171232;1183133.324347452;1453627.601814205;1785963.729760951;2194280.323268956;2695948.443325946;3312310.615921419;4069588.809647371;4999999.999999929
3;891726870996;20;phasez;-1.53295;-1.52922;-1.52454;-1.51907;-1.51224;-1.50394;-1.49366;-1.48112;-1.4657;-1.44672;-1.42333;-1.39448;-1.35883;-1.31467;-1.2598;-1.19137;-1.10545;-0.997034;-0.858895;-0.681683
