0;7359158362201;20;absz;1.38171e+08;1.00675e+08;7.33559e+07;5.34133e+07;3.88785e+07;2.82782e+07;2.05806e+07;1.49677e+07;1.08847e+07;7.91313e+06;5.75193e+06;4.18069e+06;3.03815e+06;2.2076e+06;1.60389e+06;1.16513e+06;846231;614551;446199;323907
0;7359158362201;20;frequency;9.999999974752427;13.86918846435492;19.23543905490988;26.67799336109056;37.00021196095804;51.31629158938722;71.17153245417285;98.70914048804025;136.9015682683994;189.8713664161278;263.3361782500288;365.2259113806622;506.5387032487934;702.5280792305466;974.3494403835484;1351.343611730726;1874.203936580443;2599.368780806799;3605.113577052066;4999.99999995282
0;7359158362201;20;phasez;-1.51348;-1.51687;-1.51921;-1.52188;-1.52352;-1.52536;-1.52683;-1.528;-1.529;-1.52978;-1.53039;-1.53077;-1.53098;-1.53092;-1.5305;-1.52966;-1.5282;-1.5259;-1.52245;-1.51734
1;7359929769941;50;absz;7.45593e+06;6.38229e+06;5.46013e+06;4.66733e+06;4.00024e+06;3.4229e+06;2.92939e+06;2.5055e+06;2.14393e+06;1.83431e+06;1.56916e+06;1.34262e+06;1.14862e+06;982482;840511;718978;615008;526060;449960;384855;329136;281481;240718;205857;176036;150536;128726;110070;94117.8;80475.1;68809.7;58833.8;50304.9;43010.8;36773.5;31439.3;26877.5;22976.3;19639.8;16786;14344.7;12256.3;10469.5;8940.12;7630.93;6509.54;5548.63;4724.41;4016.73;3408.17
1;7359929769941;50;frequency;199.9999999213742;234.625769479635;275.2462588517801;322.8993264769997;378.802514688914;444.3841576318164;521.3198749487447;611.5753842550475;717.456725922716;841.6691823498468;987.3863981368913;1158.33146786315;1358.872060208682;1594.132014446359;1870.122253535556;2193.894364737048;2573.720768452858;3019.306079821149;3542.035062906734;4155.263512473084;4874.659497176026;5718.603679767398;6708.658946337209;7870.121340545211;9232.666380967203;10831.10727442716;12706.28439819177;14906.10877695531;17486.78621595445;20514.25336674129;24065.86241733066;28232.35745111674;33120.19296963342;38854.25382030405;45581.04601983359;53472.44000269313;62730.06193403319;73590.44528463698;86331.07429211862;101277.4737211686;118811.5260634959;139381.228686517;163512.140226203;191820.8086789974;225030.524286467;263989.7996954232;309694.0495706946;363311.0235703185;426210.642505751;499999.9999999716
1;7359929769941;50;phasez;-1.53287;-1.53055;-1.53058;-1.53089;-1.53264;-1.5326;-1.53336;-1.53365;-1.53373;-1.53391;-1.53428;-1.53476;-1.53493;-1.53527;-1.53541;-1.53573;-1.53603;-1.53625;-1.53641;-1.53664;-1.53671;-1.53679;-1.53682;-1.53679;-1.53669;-1.5365;-1.53622;-1.53585;-1.53536;-1.53473;-1.53394;-1.53301;-1.53187;-1.5305;-1.52888;-1.52697;-1.52471;-1.52202;-1.51884;-1.51508;-1.51062;-1.50535;-1.49911;-1.49172;-1.48296;-1.47258;-1.46024;-1.44556;-1.42801;-1.40692
2;7360701154490;50;absz;82892.7;74213.5;66438.4;59486.6;53241.9;47667.5;42673.4;38201.8;34192.4;30607.2;27400.5;24525.5;21953.7;19652.2;17591;15745.7;14094.3;12615.4;11292.5;10107.3;9046.56;8097.25;7247.22;6486.33;5805.23;5195.7;4649.94;4161.25;3723.9;3332.32;2981.68;2667.82;2386.85;2135.24;1909.92;1708.18;1527.47;1365.65;1220.71;1090.89;974.596;870.465;777.183;693.671;619.017;552.299;492.778;439.898;393.148;352.181
2;7360701154490;50;frequency;20000.00000002444;22385.53853899816;25055.61678390222;28044.17375656954;31389.19662092121;35133.2035329932;39323.78408414649;44014.2042055669;49264.08322518227;55140.1516811012;61717.09952482729;69078.52549602467;77317.99973512921;86540.25314108083;96862.50859274992;108415.9709538568;121347.4948009008;135821.4510731415;152021.8163702936;170154.5114554648;190450.0186878266;213166.3116533389;238592.1342356312;267050.6708003728;298903.6541519141;334555.9634717432;374460.7706856584;419125.3006744233;469117.2785435782;525072.1459047724;587701.13789258;657800.3235824071;736260.7247225839;824079.6413975459;922373.3285811875;1032391.184709951;1155531.632626961;1293359.894754076;1447627.888434013;1620296.494325686;1813560.480908265;2029876.401899315;2271993.821195295;2542990.262224833;2846310.325953354;3185809.474764127;3565803.038745301;3991121.067296888;4467169.723268114;4999999.999999929
2;7360701154490;50;phasez;-1.5382;-1.5379;-1.538;-1.53776;-1.53726;-1.5368;-1.53621;-1.53577;-1.53492;-1.53407;-1.53304;-1.53189;-1.53065;-1.52929;-1.52756;-1.52564;-1.52352;-1.52114;-1.51847;-1.51541;-1.512;-1.50816;-1.50386;-1.49901;-1.49359;-1.48749;-1.48063;-1.47295;-1.46434;-1.45467;-1.44382;-1.43166;-1.41801;-1.40267;-1.38544;-1.36609;-1.34432;-1.31984;-1.29227;-1.26121;-1.22616;-1.18658;-1.14181;-1.09105;-1.03341;-0.967853;-0.893046;-0.807542;-0.709598;-0.597229
3;7361019552343;20;absz;17124.6;13991.2;11424.3;9329.94;7620.22;6222.19;5081;4148.31;3386.61;2764.18;2255.39;1839.43;1499.67;1221.68;994.359;808.401;656.356;532.335;431.731;351.319
3;7361019552343;20;frequency;99999.99999990905;122862.535599424;150952.0265389597;185463.4873444638;227865.1431623047;279960.8926363817;343967.05137965;422606.6409511731;519225.2346839865;637933.2888043621;783781.0140572543;962973.2274171232;1183133.324347452;1453627.601814205;1785963.729760951;2194280.323268956;2695948.443325946;3312310.615921419;4069588.809647371;4999999.999999929
3;7361019552343;20;phasez;-1.52674;-1.52349;-1.51951;-1.51439;-1.50812;-1.50034;-1.49059;-1.47853;-1.46362;-1.44514;-1.42227;-1.39394;-1.35882;-1.31519;-1.26083;-1.19285;-1.10733;-0.999054;-0.860789;-0.682922
