0;9616322037906;20;absz;1.36219e+08;9.93647e+07;7.23664e+07;5.2734e+07;3.83927e+07;2.79372e+07;2.03366e+07;1.47948e+07;1.07633e+07;7.82684e+06;5.69081e+06;4.13687e+06;3.0068e+06;2.18501e+06;1.58766e+06;1.15343e+06;837816;608504;441874;320812
0;9616322037906;20;frequency;9.999999974752427;13.86918846435492;19.23543905490988;26.67799336109056;37.00021196095804;51.31629158938722;71.17153245417285;98.70914048804025;136.9015682683994;189.8713664161278;263.3361782500288;365.2259113806622;506.5387032487934;702.5280792305466;974.3494403835484;1351.343611730726;1874.203936580443;2599.368780806799;3605.113577052066;4999.99999995282
0;9616322037906;20;phasez;-1.51015;-1.51418;-1.51682;-1.51946;-1.52173;-1.52348;-1.52516;-1.52648;-1.52757;-1.52854;-1.52928;-1.52982;-1.53013;-1.53015;-1.52984;-1.529;-1.52757;-1.52524;-1.52175;-1.5166
1;9617091956209;50;absz;7.38105e+06;6.31838e+06;5.39707e+06;4.62548e+06;3.95604e+06;3.38743e+06;2.8975e+06;2.4805e+06;2.12277e+06;1.81623e+06;1.5535e+06;1.32921e+06;1.13704e+06;972683;832153;711935;608940;520919;445599;381144;325985;278820;238456;203938;174413;149158;127559;109083;93280.3;79766.1;68208.7;58324.1;49872.3;42644;36462;31175.9;26654.3;22787.5;19480.2;16651.1;14231.1;12160.2;10388.2;8871.36;7572.87;6460.57;5507.26;4689.62;3987.39;3383.57
1;9617091956209;50;frequency;199.9999999213742;234.625769479635;275.2462588517801;322.8993264769997;378.802514688914;444.3841576318164;521.3198749487447;611.5753842550475;717.456725922716;841.6691823498468;987.3863981368913;1158.33146786315;1358.872060208682;1594.132014446359;1870.122253535556;2193.894364737048;2573.720768452858;3019.306079821149;3542.035062906734;4155.263512473084;4874.659497176026;5718.603679767398;6708.658946337209;7870.121340545211;9232.666380967203;10831.10727442716;12706.28439819177;14906.10877695531;17486.78621595445;20514.25336674129;24065.86241733066;28232.35745111674;33120.19296963342;38854.25382030405;45581.04601983359;53472.44000269313;62730.06193403319;73590.44528463698;86331.07429211862;101277.4737211686;118811.5260634959;139381.228686517;163512.140226203;191820.8086789974;225030.524286467;263989.7996954232;309694.0495706946;363311.0235703185;426210.642505751;499999.9999999716
1;9617091956209;50;phasez;-1.52864;-1.53134;-1.53094;-1.5307;-1.53213;-1.53176;-1.53244;-1.53268;-1.53322;-1.53361;-1.53356;-1.53414;-1.53439;-1.53471;-1.53493;-1.53517;-1.53542;-1.53558;-1.53577;-1.53587;-1.53597;-1.53606;-1.53607;-1.53602;-1.53592;-1.53572;-1.53545;-1.53507;-1.53457;-1.53396;-1.53318;-1.53222;-1.53108;-1.52972;-1.52809;-1.52617;-1.52389;-1.52119;-1.518;-1.51423;-1.50976;-1.50449;-1.49824;-1.49086;-1.4821;-1.47171;-1.45938;-1.44469;-1.42713;-1.40603
2;9617861468244;50;absz;82157.7;73573.6;65868.3;58976.4;52801.1;47266.9;42311.8;37882.1;33912.3;30359.2;27174.9;24326.9;21777.5;19494.7;17450.6;15622.4;13984.3;12518.6;11205.4;10030.7;8978.76;8036.47;7193.44;6438.55;5762.89;5157.95;4616.37;4131.43;3697.37;3308.79;2960.84;2649.34;2370.37;2120.62;1896.95;1696.68;1517.3;1356.62;1212.74;1083.84;968.379;864.937;772.313;689.36;615.198;548.899;489.755;437.204;390.749;350.027
2;9617861468244;50;frequency;20000.00000002444;22385.53853899816;25055.61678390222;28044.17375656954;31389.19662092121;35133.2035329932;39323.78408414649;44014.2042055669;49264.08322518227;55140.1516811012;61717.09952482729;69078.52549602467;77317.99973512921;86540.25314108083;96862.50859274992;108415.9709538568;121347.4948009008;135821.4510731415;152021.8163702936;170154.5114554648;190450.0186878266;213166.3116533389;238592.1342356312;267050.6708003728;298903.6541519141;334555.9634717432;374460.7706856584;419125.3006744233;469117.2785435782;525072.1459047724;587701.13789258;657800.3235824071;736260.7247225839;824079.6413975459;922373.3285811875;1032391.184709951;1155531.632626961;1293359.894754076;1447627.888434013;1620296.494325686;1813560.480908265;2029876.401899315;2271993.821195295;2542990.262224833;2846310.325953354;3185809.474764127;3565803.038745301;3991121.067296888;4467169.723268114;4999999.999999929
2;9617861468244;50;phasez;-1.53775;-1.53734;-1.53728;-1.53696;-1.5364;-1.53599;-1.53555;-1.53491;-1.53418;-1.53337;-1.53234;-1.53113;-1.52988;-1.52844;-1.52672;-1.52482;-1.52276;-1.52034;-1.51756;-1.51457;-1.51112;-1.50732;-1.503;-1.49815;-1.49273;-1.48662;-1.47978;-1.47208;-1.46346;-1.45377;-1.44294;-1.43075;-1.41707;-1.4017;-1.38446;-1.36509;-1.3433;-1.31879;-1.2912;-1.26011;-1.22503;-1.18542;-1.14063;-1.08985;-1.03216;-0.96657;-0.891725;-0.806162;-0.708162;-0.595722
3;9618182567470;20;absz;16991.4;13881.4;11337.3;9260.33;7563.86;6176.66;5044.29;4118.74;3362.72;2745.03;2239.97;1827.09;1489.78;1213.78;988.042;803.341;652.303;529.067;429.105;349.167
3;9618182567470;20;frequency;99999.99999990905;122862.535599424;150952.0265389597;185463.4873444638;227865.1431623047;279960.8926363817;343967.05137965;422606.6409511731;519225.2346839865;637933.2888043621;783781.0140572543;962973.2274171232;1183133.324347452;1453627.601814205;1785963.729760951;2194280.323268956;2695948.443325946;3312310.615921419;4069588.809647371;4999999.999999929
3;9618182567470;20;phasez;-1.52591;-1.52262;-1.51866;-1.51354;-1.50727;-1.49944;-1.48974;-1.47766;-1.46271;-1.44421;-1.42133;-1.39294;-1.35778;-1.31409;-1.25968;-1.19166;-1.10607;-0.99774;-0.859379;-0.681351
