0;5261185828846;20;absz;1.45608e+08;1.0598e+08;7.70871e+07;5.60511e+07;4.07763e+07;2.96451e+07;2.15547e+07;1.56661e+07;1.13856e+07;8.27322e+06;6.0106e+06;4.36662e+06;3.17166e+06;2.30332e+06;1.67235e+06;1.21406e+06;881145;639401;463917;336540
0;5261185828846;20;frequency;9.999999974752427;13.86918846435492;19.23543905490988;26.67799336109056;37.00021196095804;51.31629158938722;71.17153245417285;98.70914048804025;136.9015682683994;189.8713664161278;263.3361782500288;365.2259113806622;506.5387032487934;702.5280792305466;974.3494403835484;1351.343611730726;1874.203936580443;2599.368780806799;3605.113577052066;4999.99999995282
0;5261185828846;20;phasez;-1.5239;-1.52489;-1.52715;-1.52807;-1.52926;-1.52961;-1.53094;-1.53169;-1.53232;-1.53281;-1.53336;-1.5337;-1.53392;-1.53393;-1.53362;-1.53287;-1.53146;-1.52917;-1.52566;-1.52049
1;5261954574420;50;absz;7.79376e+06;6.67261e+06;5.71309e+06;4.88724e+06;4.17837e+06;3.57273e+06;3.0555e+06;2.61426e+06;2.23701e+06;1.91246e+06;1.63645e+06;1.39945e+06;1.19679e+06;1.02336e+06;875184;748416;639891;547157;467805;399996;341994;292389;249962;213693;182685;156172;133503;114124;97552.8;83387.2;71277.7;60925.2;52075.4;44510.2;38043.2;32514.6;27788.3;23747.7;20293.5;17340.1;14814.5;12654.4;10806.8;9226.1;7873.24;6714.89;5722.4;4871.3;4140.67;3512.51
1;5261954574420;50;frequency;199.9999999213742;234.625769479635;275.2462588517801;322.8993264769997;378.802514688914;444.3841576318164;521.3198749487447;611.5753842550475;717.456725922716;841.6691823498468;987.3863981368913;1158.33146786315;1358.872060208682;1594.132014446359;1870.122253535556;2193.894364737048;2573.720768452858;3019.306079821149;3542.035062906734;4155.263512473084;4874.659497176026;5718.603679767398;6708.658946337209;7870.121340545211;9232.666380967203;10831.10727442716;12706.28439819177;14906.10877695531;17486.78621595445;20514.25336674129;24065.86241733066;28232.35745111674;33120.19296963342;38854.25382030405;45581.04601983359;53472.44000269313;62730.06193403319;73590.44528463698;86331.07429211862;101277.4737211686;118811.5260634959;139381.228686517;163512.140226203;191820.8086789974;225030.524286467;263989.7996954232;309694.0495706946;363311.0235703185;426210.642505751;499999.9999999716
1;5261954574420;50;phasez;-1.53396;-1.53424;-1.53526;-1.53601;-1.53568;-1.53602;-1.53677;-1.53594;-1.53713;-1.53691;-1.53774;-1.53798;-1.53815;-1.53859;-1.53888;-1.53902;-1.53931;-1.53947;-1.5397;-1.53978;-1.53991;-1.53992;-1.53994;-1.53988;-1.53974;-1.53954;-1.53926;-1.53887;-1.53838;-1.53775;-1.53697;-1.53602;-1.53487;-1.5335;-1.53186;-1.52992;-1.52761;-1.52488;-1.52165;-1.51784;-1.51334;-1.50802;-1.50175;-1.49434;-1.48557;-1.4752;-1.4629;-1.44826;-1.43078;-1.40975
2;5262725312605;50;absz;85897.3;76922.7;68828.4;61619.2;55145.8;49360.4;44168.3;39528.8;35383.6;31663.3;28337.2;25358.2;22695.6;20308.2;18177;16267.6;14558.3;13028.7;11660.2;10434.8;9338.1;8356.8;7478.38;6691.93;5988.62;5358.73;4795.07;4290.43;3838.73;3434.48;3072.62;2748.66;2458.6;2199;1966.57;1758.49;1572.16;1405.32;1255.93;1122.16;1002.36;895.121;799.096;713.146;636.345;567.706;506.52;452.176;404.142;362.095
2;5262725312605;50;frequency;20000.00000002444;22385.53853899816;25055.61678390222;28044.17375656954;31389.19662092121;35133.2035329932;39323.78408414649;44014.2042055669;49264.08322518227;55140.1516811012;61717.09952482729;69078.52549602467;77317.99973512921;86540.25314108083;96862.50859274992;108415.9709538568;121347.4948009008;135821.4510731415;152021.8163702936;170154.5114554648;190450.0186878266;213166.3116533389;238592.1342356312;267050.6708003728;298903.6541519141;334555.9634717432;374460.7706856584;419125.3006744233;469117.2785435782;525072.1459047724;587701.13789258;657800.3235824071;736260.7247225839;824079.6413975459;922373.3285811875;1032391.184709951;1155531.632626961;1293359.894754076;1447627.888434013;1620296.494325686;1813560.480908265;2029876.401899315;2271993.821195295;2542990.262224833;2846310.325953354;3185809.474764127;3565803.038745301;3991121.067296888;4467169.723268114;4999999.999999929
2;5262725312605;50;phasez;-1.54127;-1.54114;-1.54089;-1.54057;-1.54033;-1.53966;-1.53922;-1.53862;-1.53778;-1.53698;-1.53603;-1.53486;-1.53358;-1.53205;-1.5303;-1.5284;-1.52626;-1.52385;-1.52113;-1.51807;-1.51464;-1.51079;-1.50649;-1.50167;-1.49623;-1.49015;-1.48333;-1.47569;-1.46712;-1.45751;-1.44672;-1.4346;-1.421;-1.40572;-1.38856;-1.36925;-1.34755;-1.32312;-1.29563;-1.26463;-1.22965;-1.19015;-1.14548;-1.09484;-1.0373;-0.97187;-0.897226;-0.811913;-0.714201;-0.602114
3;5263042159147;20;absz;17698.2;14452.9;11798.1;9632.34;7864.94;6419.69;5240.56;4277.4;3490.72;2848.28;2323.16;1894.03;1543.63;1257.07;1022.82;831.298;674.797;547.218;443.81;361.232
3;5263042159147;20;frequency;99999.99999990905;122862.535599424;150952.0265389597;185463.4873444638;227865.1431623047;279960.8926363817;343967.05137965;422606.6409511731;519225.2346839865;637933.2888043621;783781.0140572543;962973.2274171232;1183133.324347452;1453627.601814205;1785963.729760951;2194280.323268956;2695948.443325946;3312310.615921419;4069588.809647371;4999999.999999929
3;5263042159147;20;phasez;-1.52939;-1.5262;-1.5221;-1.5171;-1.51074;-1.50292;-1.49329;-1.48128;-1.46644;-1.44807;-1.4253;-1.39708;-1.36206;-1.31855;-1.26432;-1.19648;-1.11115;-1.00314;-0.865206;-0.687789
