0;4162032399108;20;absz;1.5511e+08;1.12871e+08;8.20142e+07;5.96204e+07;4.33153e+07;3.14492e+07;2.28486e+07;1.65912e+07;1.20457e+07;8.74383e+06;6.34631e+06;4.60502e+06;3.34118e+06;2.4236e+06;1.75767e+06;1.2745e+06;924001;669791;485457;351804
0;4162032399108;20;frequency;9.999999974752427;13.86918846435492;19.23543905490988;26.67799336109056;37.00021196095804;51.31629158938722;71.17153245417285;98.70914048804025;136.9015682683994;189.8713664161278;263.3361782500288;365.2259113806622;506.5387032487934;702.5280792305466;974.3494403835484;1351.343611730726;1874.203936580443;2599.368780806799;3605.113577052066;4999.99999995282
0;4162032399108;20;phasez;-1.53073;-1.53078;-1.53207;-1.53309;-1.53401;-1.53469;-1.5358;-1.53659;-1.53727;-1.53793;-1.53847;-1.53893;-1.53919;-1.53923;-1.53891;-1.5381;-1.53661;-1.53424;-1.53064;-1.52538
1;4162802381805;50;absz;8.23265e+06;7.03789e+06;6.02941e+06;5.14768e+06;4.4098e+06;3.76604e+06;3.21666e+06;2.75389e+06;2.35447e+06;2.01103e+06;1.71955e+06;1.46985e+06;1.25655e+06;1.07398e+06;917760;784400;670393;572883;489572;418373;357514;305503;261047;223058;190589;162851;139146;118892;101584;86794.8;74157.8;63361.8;54137.4;46256.7;39522;33767.4;28849.2;24646.9;21055.1;17985.3;15360.8;13116.9;11198.3;9556.99;8152.92;6950.82;5921.4;5038.79;4281.41;3630.48
1;4162802381805;50;frequency;199.9999999213742;234.625769479635;275.2462588517801;322.8993264769997;378.802514688914;444.3841576318164;521.3198749487447;611.5753842550475;717.456725922716;841.6691823498468;987.3863981368913;1158.33146786315;1358.872060208682;1594.132014446359;1870.122253535556;2193.894364737048;2573.720768452858;3019.306079821149;3542.035062906734;4155.263512473084;4874.659497176026;5718.603679767398;6708.658946337209;7870.121340545211;9232.666380967203;10831.10727442716;12706.28439819177;14906.10877695531;17486.78621595445;20514.25336674129;24065.86241733066;28232.35745111674;33120.19296963342;38854.25382030405;45581.04601983359;53472.44000269313;62730.06193403319;73590.44528463698;86331.07429211862;101277.4737211686;118811.5260634959;139381.228686517;163512.140226203;191820.8086789974;225030.524286467;263989.7996954232;309694.0495706946;363311.0235703185;426210.642505751;499999.9999999716
1;4162802381805;50;phasez;-1.53901;-1.54048;-1.54215;-1.54116;-1.5399;-1.54153;-1.5414;-1.54162;-1.54227;-1.54237;-1.5432;-1.54307;-1.5434;-1.54372;-1.54395;-1.54414;-1.54436;-1.54452;-1.54469;-1.54476;-1.5448;-1.54477;-1.54473;-1.54461;-1.54441;-1.54413;-1.54377;-1.54328;-1.54268;-1.54194;-1.54104;-1.54;-1.53874;-1.53726;-1.53553;-1.5335;-1.53113;-1.52835;-1.52508;-1.52126;-1.51675;-1.51145;-1.50519;-1.49782;-1.48909;-1.47875;-1.46649;-1.45188;-1.43442;-1.41342
2;4163570624159;50;absz;89445.6;80042.7;71610.1;64088.5;57330.5;51301;45894;41066.4;36748.5;32877.8;29416.7;26321.3;23551.1;21070.5;18853.5;16869.5;15094.3;13505.4;12083.5;10811.1;9673.25;8654.78;7742.79;6927.12;6197.09;5543.91;4959.4;4436.45;3968.29;3549.37;3174.53;2839.05;2538.76;2270.07;2029.59;1814.36;1621.71;1449.28;1294.91;1156.73;1033.04;922.346;823.262;734.608;655.422;584.706;521.676;465.733;416.323;373.103
2;4163570624159;50;frequency;20000.00000002444;22385.53853899816;25055.61678390222;28044.17375656954;31389.19662092121;35133.2035329932;39323.78408414649;44014.2042055669;49264.08322518227;55140.1516811012;61717.09952482729;69078.52549602467;77317.99973512921;86540.25314108083;96862.50859274992;108415.9709538568;121347.4948009008;135821.4510731415;152021.8163702936;170154.5114554648;190450.0186878266;213166.3116533389;238592.1342356312;267050.6708003728;298903.6541519141;334555.9634717432;374460.7706856584;419125.3006744233;469117.2785435782;525072.1459047724;587701.13789258;657800.3235824071;736260.7247225839;824079.6413975459;922373.3285811875;1032391.184709951;1155531.632626961;1293359.894754076;1447627.888434013;1620296.494325686;1813560.480908265;2029876.401899315;2271993.821195295;2542990.262224833;2846310.325953354;3185809.474764127;3565803.038745301;3991121.067296888;4467169.723268114;4999999.999999929
2;4163570624159;50;phasez;-1.54549;-1.54531;-1.54483;-1.54456;-1.54415;-1.54368;-1.5431;-1.54228;-1.5415;-1.54061;-1.53946;-1.53832;-1.53695;-1.5355;-1.53376;-1.53181;-1.5297;-1.52728;-1.52456;-1.52152;-1.51815;-1.51429;-1.51001;-1.50517;-1.4998;-1.49377;-1.48695;-1.47934;-1.47078;-1.46117;-1.45037;-1.43827;-1.42466;-1.40937;-1.3922;-1.37287;-1.35115;-1.3267;-1.29916;-1.26814;-1.23313;-1.19358;-1.14886;-1.09816;-1.04061;-0.975149;-0.900482;-0.815149;-0.717444;-0.605395
3;4163886771330;20;absz;18355.6;14984.3;12226.7;9977.75;8143.01;6644.4;5421.14;4422.69;3607.32;2942.02;2398.47;1954.52;1592.14;1296.01;1054.1;856.427;695.028;563.572;457.117;372.201
3;4163886771330;20;frequency;99999.99999990905;122862.535599424;150952.0265389597;185463.4873444638;227865.1431623047;279960.8926363817;343967.05137965;422606.6409511731;519225.2346839865;637933.2888043621;783781.0140572543;962973.2274171232;1183133.324347452;1453627.601814205;1785963.729760951;2194280.323268956;2695948.443325946;3312310.615921419;4069588.809647371;4999999.999999929
3;4163886771330;20;phasez;-1.53289;-1.52961;-1.52554;-1.52054;-1.51432;-1.50652;-1.49685;-1.48493;-1.4701;-1.45173;-1.42895;-1.40071;-1.36566;-1.32209;-1.26779;-1.1999;-1.11448;-1.00641;-0.868452;-0.691057
