0;2758906415592;20;absz;1.75566e+08;1.27205e+08;9.2171e+07;6.67906e+07;4.83721e+07;3.50583e+07;2.53732e+07;1.83762e+07;1.33048e+07;9.63442e+06;6.97518e+06;5.04948e+06;3.6555e+06;2.64609e+06;1.9153e+06;1.38627e+06;1.00334e+06;726162;525517;380293
0;2758906415592;20;frequency;9.999999974752427;13.86918846435492;19.23543905490988;26.67799336109056;37.00021196095804;51.31629158938722;71.17153245417285;98.70914048804025;136.9015682683994;189.8713664161278;263.3361782500288;365.2259113806622;506.5387032487934;702.5280792305466;974.3494403835484;1351.343611730726;1874.203936580443;2599.368780806799;3605.113577052066;4999.99999995282
0;2758906415592;20;phasez;-1.54455;-1.54608;-1.5467;-1.54747;-1.5481;-1.54882;-1.54899;-1.54935;-1.54962;-1.54979;-1.54986;-1.54979;-1.54949;-1.54898;-1.54813;-1.54681;-1.54488;-1.54209;-1.53814;-1.53259
1;2759677533901;50;absz;9.07108e+06;7.75539e+06;6.60372e+06;5.65678e+06;4.8285e+06;4.12632e+06;3.52394e+06;3.00789e+06;2.56916e+06;2.19327e+06;1.87326e+06;1.60033e+06;1.36643e+06;1.16681e+06;996619;850978;726788;620635;530018;452592;386499;330045;281833;240664;205507;175485;149844;127952;109254;93287.9;79654.1;68009.8;58066.6;49576.2;42326.8;36135.2;30847.4;26332;22476;19182.3;16369.5;13966.5;11913.6;10159.1;8659.21;7376.6;6279.2;5339.29;4533.5;3841.7
1;2759677533901;50;frequency;199.9999999213742;234.625769479635;275.2462588517801;322.8993264769997;378.802514688914;444.3841576318164;521.3198749487447;611.5753842550475;717.456725922716;841.6691823498468;987.3863981368913;1158.33146786315;1358.872060208682;1594.132014446359;1870.122253535556;2193.894364737048;2573.720768452858;3019.306079821149;3542.035062906734;4155.263512473084;4874.659497176026;5718.603679767398;6708.658946337209;7870.121340545211;9232.666380967203;10831.10727442716;12706.28439819177;14906.10877695531;17486.78621595445;20514.25336674129;24065.86241733066;28232.35745111674;33120.19296963342;38854.25382030405;45581.04601983359;53472.44000269313;62730.06193403319;73590.44528463698;86331.07429211862;101277.4737211686;118811.5260634959;139381.228686517;163512.140226203;191820.8086789974;225030.524286467;263989.7996954232;309694.0495706946;363311.0235703185;426210.642505751;499999.9999999716
1;2759677533901;50;phasez;-1.54884;-1.54935;-1.55046;-1.5513;-1.55019;-1.55198;-1.55087;-1.5518;-1.55163;-1.55201;-1.55179;-1.55215;-1.55204;-1.55212;-1.5522;-1.55219;-1.5523;-1.55222;-1.55218;-1.55208;-1.55201;-1.55187;-1.55175;-1.55153;-1.55128;-1.55098;-1.5506;-1.55013;-1.54955;-1.54887;-1.54805;-1.54705;-1.54588;-1.54449;-1.54283;-1.54089;-1.53857;-1.53583;-1.53258;-1.52874;-1.52419;-1.51881;-1.51244;-1.50491;-1.496;-1.48544;-1.47292;-1.45802;-1.44024;-1.41888
2;2760446589830;50;absz;96109.9;86000.4;76898.3;68769.2;61508.3;55007.3;49194.3;43987.4;39332.2;35177.2;31457.6;28129.4;25154.7;22494.4;20113;17986.7;16082.7;14382;12859.8;11499.1;10282.6;9194.24;8220.95;7350.63;6572.56;5876.47;5254.32;4697.9;4200.21;3755.19;3357.12;3001.18;2682.74;2397.95;2143.25;1915.44;1711.65;1529.31;1366.22;1220.28;1089.73;972.944;868.485;775.064;691.656;617.233;550.946;492.16;440.304;394.994
2;2760446589830;50;frequency;20000.00000002444;22385.53853899816;25055.61678390222;28044.17375656954;31389.19662092121;35133.2035329932;39323.78408414649;44014.2042055669;49264.08322518227;55140.1516811012;61717.09952482729;69078.52549602467;77317.99973512921;86540.25314108083;96862.50859274992;108415.9709538568;121347.4948009008;135821.4510731415;152021.8163702936;170154.5114554648;190450.0186878266;213166.3116533389;238592.1342356312;267050.6708003728;298903.6541519141;334555.9634717432;374460.7706856584;419125.3006744233;469117.2785435782;525072.1459047724;587701.13789258;657800.3235824071;736260.7247225839;824079.6413975459;922373.3285811875;1032391.184709951;1155531.632626961;1293359.894754076;1447627.888434013;1620296.494325686;1813560.480908265;2029876.401899315;2271993.821195295;2542990.262224833;2846310.325953354;3185809.474764127;3565803.038745301;3991121.067296888;4467169.723268114;4999999.999999929
2;2760446589830;50;phasez;-1.55257;-1.55221;-1.55192;-1.55166;-1.55121;-1.55066;-1.55024;-1.54958;-1.54878;-1.54798;-1.54688;-1.54575;-1.54448;-1.54302;-1.54132;-1.5393;-1.53717;-1.53468;-1.53188;-1.52878;-1.52523;-1.52128;-1.51685;-1.51187;-1.50629;-1.50007;-1.49305;-1.48519;-1.4764;-1.46655;-1.45549;-1.44309;-1.42919;-1.4136;-1.39609;-1.37644;-1.35437;-1.32956;-1.30168;-1.27028;-1.2349;-1.19498;-1.14987;-1.0988;-1.04083;-0.975;-0.89995;-0.814245;-0.716163;-0.603757
3;2760765781643;20;absz;19576.7;15965.1;13014.7;10607.2;8647.6;7049.71;5745.7;4683.44;3816.66;3110.23;2533.88;2063.75;1680.25;1367.37;1111.92;903.443;733.372;594.999;483.101;394.033
3;2760765781643;20;frequency;99999.99999990905;122862.535599424;150952.0265389597;185463.4873444638;227865.1431623047;279960.8926363817;343967.05137965;422606.6409511731;519225.2346839865;637933.2888043621;783781.0140572543;962973.2274171232;1183133.324347452;1453627.601814205;1785963.729760951;2194280.323268956;2695948.443325946;3312310.615921419;4069588.809647371;4999999.999999929
3;2760765781643;20;phasez;-1.54038;-1.53708;-1.53292;-1.52764;-1.52121;-1.51311;-1.50316;-1.49075;-1.4755;-1.45663;-1.4333;-1.40447;-1.3688;-1.32458;-1.26961;-1.20101;-1.11489;-1.00611;-0.86744;-0.689381
