0;10615122596159;20;absz;1.35911e+08;9.91214e+07;7.22275e+07;5.26341e+07;3.83247e+07;2.79066e+07;2.03039e+07;1.47726e+07;1.07441e+07;7.81371e+06;5.68101e+06;4.12976e+06;3.00157e+06;2.18127e+06;1.5849e+06;1.15144e+06;836396;607483;441139;320290
0;10615122596159;20;frequency;9.999999974752427;13.86918846435492;19.23543905490988;26.67799336109056;37.00021196095804;51.31629158938722;71.17153245417285;98.70914048804025;136.9015682683994;189.8713664161278;263.3361782500288;365.2259113806622;506.5387032487934;702.5280792305466;974.3494403835484;1351.343611730726;1874.203936580443;2599.368780806799;3605.113577052066;4999.99999995282
0;10615122596159;20;phasez;-1.51045;-1.5128;-1.51644;-1.51904;-1.52122;-1.52362;-1.52489;-1.52645;-1.52752;-1.52848;-1.52927;-1.5298;-1.53013;-1.53015;-1.52979;-1.52896;-1.52748;-1.52513;-1.5216;-1.51643
1;10615890417776;50;absz;7.36311e+06;6.29867e+06;5.40152e+06;4.61931e+06;3.95329e+06;3.38272e+06;2.89185e+06;2.47588e+06;2.11854e+06;1.81277e+06;1.55037e+06;1.3266e+06;1.13509e+06;971122;830739;710662;607971;520026;444825;380496;325456;278363;238082;203618;174145;148933;127367;108921;93143.2;79650.3;68111.9;58242.2;49802.5;42585.4;36412.5;31133.5;26618.3;22756.9;19454.3;16629.1;14212.1;12144.2;10374.6;8860.1;7563.27;6452.52;5500.47;4683.89;3982.66;3379.49
1;10615890417776;50;frequency;199.9999999213742;234.625769479635;275.2462588517801;322.8993264769997;378.802514688914;444.3841576318164;521.3198749487447;611.5753842550475;717.456725922716;841.6691823498468;987.3863981368913;1158.33146786315;1358.872060208682;1594.132014446359;1870.122253535556;2193.894364737048;2573.720768452858;3019.306079821149;3542.035062906734;4155.263512473084;4874.659497176026;5718.603679767398;6708.658946337209;7870.121340545211;9232.666380967203;10831.10727442716;12706.28439819177;14906.10877695531;17486.78621595445;20514.25336674129;24065.86241733066;28232.35745111674;33120.19296963342;38854.25382030405;45581.04601983359;53472.44000269313;62730.06193403319;73590.44528463698;86331.07429211862;101277.4737211686;118811.5260634959;139381.228686517;163512.140226203;191820.8086789974;225030.524286467;263989.7996954232;309694.0495706946;363311.0235703185;426210.642505751;499999.9999999716
1;10615890417776;50;phasez;-1.52939;-1.52812;-1.52887;-1.53237;-1.53058;-1.53207;-1.53244;-1.53292;-1.53304;-1.53323;-1.53362;-1.53425;-1.53449;-1.53442;-1.53478;-1.53509;-1.53524;-1.53538;-1.53564;-1.53576;-1.53583;-1.53589;-1.53589;-1.53585;-1.53573;-1.53555;-1.53527;-1.5349;-1.5344;-1.53379;-1.53302;-1.53208;-1.53095;-1.52958;-1.52796;-1.52605;-1.52377;-1.52107;-1.51788;-1.5141;-1.50963;-1.50435;-1.4981;-1.49071;-1.48195;-1.47157;-1.45923;-1.44454;-1.42698;-1.40587
2;10616661919813;50;absz;82077.2;73486.7;65782.6;58889.7;52739.6;47206.3;42262.4;37833.5;33873.3;30320.2;27141.2;24296.3;21751.7;19470.8;17429.9;15603.3;13967.3;12503.2;11192;10018.7;8967.91;8027.42;7184.99;6431.48;5756.33;5152.13;4611.08;4126.95;3693.34;3305.19;2957.66;2646.45;2367.85;2118.39;1894.98;1694.95;1515.81;1355.31;1211.56;1082.8;967.431;864.13;771.589;688.725;614.628;548.401;489.31;436.811;390.382;349.7
2;10616661919813;50;frequency;20000.00000002444;22385.53853899816;25055.61678390222;28044.17375656954;31389.19662092121;35133.2035329932;39323.78408414649;44014.2042055669;49264.08322518227;55140.1516811012;61717.09952482729;69078.52549602467;77317.99973512921;86540.25314108083;96862.50859274992;108415.9709538568;121347.4948009008;135821.4510731415;152021.8163702936;170154.5114554648;190450.0186878266;213166.3116533389;238592.1342356312;267050.6708003728;298903.6541519141;334555.9634717432;374460.7706856584;419125.3006744233;469117.2785435782;525072.1459047724;587701.13789258;657800.3235824071;736260.7247225839;824079.6413975459;922373.3285811875;1032391.184709951;1155531.632626961;1293359.894754076;1447627.888434013;1620296.494325686;1813560.480908265;2029876.401899315;2271993.821195295;2542990.262224833;2846310.325953354;3185809.474764127;3565803.038745301;3991121.067296888;4467169.723268114;4999999.999999929
2;10616661919813;50;phasez;-1.53755;-1.53736;-1.53699;-1.53672;-1.53628;-1.53592;-1.53539;-1.53476;-1.53405;-1.53316;-1.5322;-1.53108;-1.52978;-1.52829;-1.5266;-1.52469;-1.52263;-1.52021;-1.51748;-1.51443;-1.51101;-1.50714;-1.50287;-1.49801;-1.49258;-1.48647;-1.47962;-1.47192;-1.4633;-1.45362;-1.44277;-1.43059;-1.41689;-1.40153;-1.38428;-1.36489;-1.3431;-1.31859;-1.29099;-1.2599;-1.22482;-1.18521;-1.14042;-1.08965;-1.03196;-0.966363;-0.891519;-0.805948;-0.707938;-0.595486
3;10616980591029;20;absz;16973.8;13867.2;11325.2;9250.11;7555.75;6170.48;5039.19;4114.73;3359.48;2742.35;2237.85;1825.39;1488.42;1212.69;987.168;802.66;651.747;528.636;428.741;348.874
3;10616980591029;20;frequency;99999.99999990905;122862.535599424;150952.0265389597;185463.4873444638;227865.1431623047;279960.8926363817;343967.05137965;422606.6409511731;519225.2346839865;637933.2888043621;783781.0140572543;962973.2274171232;1183133.324347452;1453627.601814205;1785963.729760951;2194280.323268956;2695948.443325946;3312310.615921419;4069588.809647371;4999999.999999929
3;10616980591029;20;phasez;-1.52576;-1.52253;-1.51846;-1.51346;-1.50709;-1.49932;-1.48956;-1.47753;-1.46257;-1.44406;-1.42113;-1.39277;-1.35758;-1.31389;-1.25948;-1.19145;-1.10588;-0.99754;-0.859171;-0.681115
