0;4131348745163;20;absz;1.55468e+08;1.13082e+08;8.22071e+07;5.97142e+07;4.33899e+07;3.15152e+07;2.28942e+07;1.66241e+07;1.20681e+07;8.75948e+06;6.35712e+06;4.6129e+06;3.34657e+06;2.42743e+06;1.76035e+06;1.27642e+06;925334;670740;486120;352271
0;4131348745163;20;frequency;9.999999974752427;13.86918846435492;19.23543905490988;26.67799336109056;37.00021196095804;51.31629158938722;71.17153245417285;98.70914048804025;136.9015682683994;189.8713664161278;263.3361782500288;365.2259113806622;506.5387032487934;702.5280792305466;974.3494403835484;1351.343611730726;1874.203936580443;2599.368780806799;3605.113577052066;4999.99999995282
0;4131348745163;20;phasez;-1.52947;-1.53168;-1.53193;-1.53337;-1.5342;-1.53458;-1.53602;-1.53685;-1.53752;-1.53819;-1.5387;-1.53915;-1.53943;-1.53945;-1.53912;-1.53828;-1.53679;-1.53442;-1.53082;-1.52556
1;4132118135061;50;absz;8.24535e+06;7.0879e+06;6.0315e+06;5.161e+06;4.41143e+06;3.7704e+06;3.22634e+06;2.75828e+06;2.35685e+06;2.01496e+06;1.72201e+06;1.47223e+06;1.2583e+06;1.07543e+06;919134;785541;671334;573707;490249;418947;357983;305900;261382;223340;190835;163054;139316;119036;101706;86896.8;74246.3;63435.6;54200.5;46309.5;39567.1;33805.4;28881.8;24674.4;21078.5;18004.8;15377.6;13131.3;11210.3;9567.15;8161.3;6958.05;5927.38;5043.85;4285.64;3634.04
1;4132118135061;50;frequency;199.9999999213742;234.625769479635;275.2462588517801;322.8993264769997;378.802514688914;444.3841576318164;521.3198749487447;611.5753842550475;717.456725922716;841.6691823498468;987.3863981368913;1158.33146786315;1358.872060208682;1594.132014446359;1870.122253535556;2193.894364737048;2573.720768452858;3019.306079821149;3542.035062906734;4155.263512473084;4874.659497176026;5718.603679767398;6708.658946337209;7870.121340545211;9232.666380967203;10831.10727442716;12706.28439819177;14906.10877695531;17486.78621595445;20514.25336674129;24065.86241733066;28232.35745111674;33120.19296963342;38854.25382030405;45581.04601983359;53472.44000269313;62730.06193403319;73590.44528463698;86331.07429211862;101277.4737211686;118811.5260634959;139381.228686517;163512.140226203;191820.8086789974;225030.524286467;263989.7996954232;309694.0495706946;363311.0235703185;426210.642505751;499999.9999999716
1;4132118135061;50;phasez;-1.53761;-1.53907;-1.54069;-1.53993;-1.542;-1.54078;-1.54157;-1.54235;-1.54214;-1.54294;-1.54323;-1.54329;-1.54374;-1.5438;-1.54416;-1.54441;-1.54461;-1.54473;-1.5448;-1.54494;-1.54497;-1.54499;-1.5449;-1.54478;-1.54457;-1.54429;-1.5439;-1.54342;-1.5428;-1.54207;-1.54118;-1.5401;-1.53885;-1.53736;-1.53563;-1.53361;-1.53123;-1.52845;-1.52519;-1.52136;-1.51686;-1.51156;-1.50531;-1.49793;-1.48921;-1.47887;-1.46661;-1.452;-1.43454;-1.41354
2;4132886837606;50;absz;89566;80121.4;71712;64149;57399.5;51365.8;45956.8;41121.6;36791.3;32920.1;29453.1;26350.2;23578.6;21095.5;18876.1;16889;15111.5;13520.3;12096.9;10823.7;9683.98;8663.84;7751.08;6934.29;6203.69;5549.83;4964.47;4440.83;3972.23;3552.97;3177.67;2841.8;2541.23;2272.22;2031.5;1816.05;1623.2;1450.61;1296.08;1157.78;1033.96;923.15;823.994;735.245;655.999;585.214;522.14;466.148;416.706;373.442
2;4132886837606;50;frequency;20000.00000002444;22385.53853899816;25055.61678390222;28044.17375656954;31389.19662092121;35133.2035329932;39323.78408414649;44014.2042055669;49264.08322518227;55140.1516811012;61717.09952482729;69078.52549602467;77317.99973512921;86540.25314108083;96862.50859274992;108415.9709538568;121347.4948009008;135821.4510731415;152021.8163702936;170154.5114554648;190450.0186878266;213166.3116533389;238592.1342356312;267050.6708003728;298903.6541519141;334555.9634717432;374460.7706856584;419125.3006744233;469117.2785435782;525072.1459047724;587701.13789258;657800.3235824071;736260.7247225839;824079.6413975459;922373.3285811875;1032391.184709951;1155531.632626961;1293359.894754076;1447627.888434013;1620296.494325686;1813560.480908265;2029876.401899315;2271993.821195295;2542990.262224833;2846310.325953354;3185809.474764127;3565803.038745301;3991121.067296888;4467169.723268114;4999999.999999929
2;4132886837606;50;phasez;-1.54597;-1.54556;-1.54511;-1.54486;-1.5443;-1.54385;-1.5432;-1.54229;-1.54152;-1.54062;-1.53971;-1.53841;-1.53709;-1.53552;-1.53388;-1.5319;-1.52978;-1.52737;-1.52467;-1.52162;-1.51823;-1.51438;-1.51013;-1.50532;-1.49993;-1.49387;-1.48708;-1.47946;-1.47091;-1.46129;-1.45051;-1.43839;-1.42478;-1.40949;-1.39231;-1.37299;-1.35125;-1.3268;-1.29927;-1.26823;-1.23322;-1.19367;-1.14894;-1.09826;-1.04068;-0.975219;-0.900551;-0.815212;-0.717506;-0.60547
3;4133203156164;20;absz;18377.8;15001.8;12242;9988.99;8152.01;6651.84;5427.13;4427.43;3611.21;2945.09;2400.84;1956.44;1593.67;1297.25;1055.08;857.217;695.675;564.086;457.534;372.541
3;4133203156164;20;frequency;99999.99999990905;122862.535599424;150952.0265389597;185463.4873444638;227865.1431623047;279960.8926363817;343967.05137965;422606.6409511731;519225.2346839865;637933.2888043621;783781.0140572543;962973.2274171232;1183133.324347452;1453627.601814205;1785963.729760951;2194280.323268956;2695948.443325946;3312310.615921419;4069588.809647371;4999999.999999929
3;4133203156164;20;phasez;-1.53294;-1.52969;-1.52567;-1.52066;-1.51434;-1.50664;-1.49701;-1.48504;-1.47023;-1.45184;-1.42907;-1.40082;-1.36576;-1.32218;-1.26788;-1.19997;-1.11456;-1.00647;-0.868503;-0.691106
