0;10408687177022;20;absz;1.35951e+08;9.9168e+07;7.22716e+07;5.2652e+07;3.83413e+07;2.79117e+07;2.03124e+07;1.47778e+07;1.07485e+07;7.81643e+06;5.68316e+06;4.13134e+06;3.00274e+06;2.18213e+06;1.58554e+06;1.15187e+06;836698;607680;441282;320395
0;10408687177022;20;frequency;9.999999974752427;13.86918846435492;19.23543905490988;26.67799336109056;37.00021196095804;51.31629158938722;71.17153245417285;98.70914048804025;136.9015682683994;189.8713664161278;263.3361782500288;365.2259113806622;506.5387032487934;702.5280792305466;974.3494403835484;1351.343611730726;1874.203936580443;2599.368780806799;3605.113577052066;4999.99999995282
0;10408687177022;20;phasez;-1.50975;-1.51307;-1.51641;-1.51929;-1.52133;-1.52378;-1.52495;-1.52632;-1.52747;-1.52848;-1.52921;-1.52982;-1.53013;-1.53017;-1.52982;-1.529;-1.52753;-1.52519;-1.52166;-1.5165
1;10409459336305;50;absz;7.36212e+06;6.30565e+06;5.39086e+06;4.61687e+06;3.95116e+06;3.38749e+06;2.89392e+06;2.47719e+06;2.11893e+06;1.8132e+06;1.55123e+06;1.32712e+06;1.13541e+06;971430;831025;710902;608133;520237;444993;380627;325569;278449;238160;203683;174200;148978;127401;108951;93169.6;79673.4;68131.1;58258.2;49816.7;42597;36422.7;31142.8;26626.2;22763.7;19460.1;16633.9;14216;12147.8;10377.6;8862.51;7565.29;6454.27;5501.96;4685.07;3983.6;3380.26
1;10409459336305;50;frequency;199.9999999213742;234.625769479635;275.2462588517801;322.8993264769997;378.802514688914;444.3841576318164;521.3198749487447;611.5753842550475;717.456725922716;841.6691823498468;987.3863981368913;1158.33146786315;1358.872060208682;1594.132014446359;1870.122253535556;2193.894364737048;2573.720768452858;3019.306079821149;3542.035062906734;4155.263512473084;4874.659497176026;5718.603679767398;6708.658946337209;7870.121340545211;9232.666380967203;10831.10727442716;12706.28439819177;14906.10877695531;17486.78621595445;20514.25336674129;24065.86241733066;28232.35745111674;33120.19296963342;38854.25382030405;45581.04601983359;53472.44000269313;62730.06193403319;73590.44528463698;86331.07429211862;101277.4737211686;118811.5260634959;139381.228686517;163512.140226203;191820.8086789974;225030.524286467;263989.7996954232;309694.0495706946;363311.0235703185;426210.642505751;499999.9999999716
1;10409459336305;50;phasez;-1.53113;-1.53061;-1.53099;-1.53101;-1.53063;-1.53194;-1.53255;-1.5332;-1.53305;-1.53333;-1.534;-1.53394;-1.53434;-1.53462;-1.53489;-1.53506;-1.53529;-1.53548;-1.53567;-1.53581;-1.53591;-1.53595;-1.53597;-1.53591;-1.53582;-1.5356;-1.53532;-1.53494;-1.53444;-1.53383;-1.53305;-1.5321;-1.53096;-1.52959;-1.52798;-1.52606;-1.52378;-1.52109;-1.5179;-1.51413;-1.50966;-1.50439;-1.49815;-1.49076;-1.48201;-1.47162;-1.45929;-1.4446;-1.42704;-1.40593
2;10410230346209;50;absz;82068.9;73468.8;65779.3;58895.7;52722.6;47196.9;42261.8;37838.1;33872.7;30319.7;27144.2;24299.2;21751.2;19471.7;17430.3;15603.8;13968.8;12504.2;11193.4;10019.2;8968.84;8027.64;7185.51;6431.47;5756.51;5152.38;4611.37;4127.02;3693.44;3305.29;2957.74;2646.51;2367.92;2118.4;1895;1694.94;1515.73;1355.27;1211.52;1082.77;967.426;864.101;771.555;688.674;614.611;548.373;489.299;436.801;390.366;349.68
2;10410230346209;50;frequency;20000.00000002444;22385.53853899816;25055.61678390222;28044.17375656954;31389.19662092121;35133.2035329932;39323.78408414649;44014.2042055669;49264.08322518227;55140.1516811012;61717.09952482729;69078.52549602467;77317.99973512921;86540.25314108083;96862.50859274992;108415.9709538568;121347.4948009008;135821.4510731415;152021.8163702936;170154.5114554648;190450.0186878266;213166.3116533389;238592.1342356312;267050.6708003728;298903.6541519141;334555.9634717432;374460.7706856584;419125.3006744233;469117.2785435782;525072.1459047724;587701.13789258;657800.3235824071;736260.7247225839;824079.6413975459;922373.3285811875;1032391.184709951;1155531.632626961;1293359.894754076;1447627.888434013;1620296.494325686;1813560.480908265;2029876.401899315;2271993.821195295;2542990.262224833;2846310.325953354;3185809.474764127;3565803.038745301;3991121.067296888;4467169.723268114;4999999.999999929
2;10410230346209;50;phasez;-1.53753;-1.53709;-1.5369;-1.53659;-1.53614;-1.53602;-1.53544;-1.53471;-1.53393;-1.53323;-1.53212;-1.53098;-1.52973;-1.52828;-1.52666;-1.52474;-1.52256;-1.52022;-1.51753;-1.51446;-1.51106;-1.50724;-1.50292;-1.49807;-1.49263;-1.48652;-1.47968;-1.47197;-1.46337;-1.45368;-1.44283;-1.43063;-1.41696;-1.4016;-1.38436;-1.36496;-1.34317;-1.31866;-1.29107;-1.25997;-1.2249;-1.1853;-1.1405;-1.08973;-1.03204;-0.966453;-0.891611;-0.806053;-0.708042;-0.595595
3;10410549594794;20;absz;16967.8;13863.1;11322.6;9248.35;7554.36;6168.86;5038.01;4113.72;3358.74;2741.73;2237.39;1824.99;1488.09;1212.43;986.976;802.497;651.617;528.539;428.662;348.81
3;10410549594794;20;frequency;99999.99999990905;122862.535599424;150952.0265389597;185463.4873444638;227865.1431623047;279960.8926363817;343967.05137965;422606.6409511731;519225.2346839865;637933.2888043621;783781.0140572543;962973.2274171232;1183133.324347452;1453627.601814205;1785963.729760951;2194280.323268956;2695948.443325946;3312310.615921419;4069588.809647371;4999999.999999929
3;10410549594794;20;phasez;-1.52574;-1.5226;-1.51851;-1.51348;-1.50722;-1.49937;-1.48964;-1.47758;-1.46263;-1.44412;-1.4212;-1.39285;-1.35767;-1.31398;-1.25957;-1.19156;-1.10597;-0.99766;-0.859307;-0.681276
