0;9088959727592;20;absz;1.36393e+08;9.94959e+07;7.24835e+07;5.28039e+07;3.84472e+07;2.79736e+07;2.03693e+07;1.48187e+07;1.07768e+07;7.83744e+06;5.69832e+06;4.14225e+06;3.01056e+06;2.18774e+06;1.58955e+06;1.1548e+06;838806;609199;442368;321166
0;9088959727592;20;frequency;9.999999974752427;13.86918846435492;19.23543905490988;26.67799336109056;37.00021196095804;51.31629158938722;71.17153245417285;98.70914048804025;136.9015682683994;189.8713664161278;263.3361782500288;365.2259113806622;506.5387032487934;702.5280792305466;974.3494403835484;1351.343611730726;1874.203936580443;2599.368780806799;3605.113577052066;4999.99999995282
0;9088959727592;20;phasez;-1.51044;-1.51435;-1.51708;-1.51973;-1.52171;-1.52343;-1.52513;-1.52651;-1.52773;-1.52866;-1.52941;-1.52994;-1.53027;-1.5303;-1.52996;-1.52912;-1.52768;-1.52536;-1.52186;-1.51671
1;9089727961178;50;absz;7.38955e+06;6.32856e+06;5.41892e+06;4.63046e+06;3.96343e+06;3.38911e+06;2.90239e+06;2.48095e+06;2.12529e+06;1.81717e+06;1.55542e+06;1.33062e+06;1.13835e+06;973917;833097;712721;609690;521511;446098;381551;326351;279120;238718;204162;174604;149319;127692;109193;93374.8;79846.4;68276.6;58383.4;49922.7;42686.7;36498.8;31206.8;26680.6;22809.6;19499;16666.7;14244;12171.1;10397.4;8879.19;7579.49;6466.22;5512.07;4693.58;3990.79;3386.32
1;9089727961178;50;frequency;199.9999999213742;234.625769479635;275.2462588517801;322.8993264769997;378.802514688914;444.3841576318164;521.3198749487447;611.5753842550475;717.456725922716;841.6691823498468;987.3863981368913;1158.33146786315;1358.872060208682;1594.132014446359;1870.122253535556;2193.894364737048;2573.720768452858;3019.306079821149;3542.035062906734;4155.263512473084;4874.659497176026;5718.603679767398;6708.658946337209;7870.121340545211;9232.666380967203;10831.10727442716;12706.28439819177;14906.10877695531;17486.78621595445;20514.25336674129;24065.86241733066;28232.35745111674;33120.19296963342;38854.25382030405;45581.04601983359;53472.44000269313;62730.06193403319;73590.44528463698;86331.07429211862;101277.4737211686;118811.5260634959;139381.228686517;163512.140226203;191820.8086789974;225030.524286467;263989.7996954232;309694.0495706946;363311.0235703185;426210.642505751;499999.9999999716
1;9089727961178;50;phasez;-1.53044;-1.53094;-1.53109;-1.53133;-1.53146;-1.53204;-1.53252;-1.53291;-1.53313;-1.53365;-1.5343;-1.53413;-1.53451;-1.53484;-1.53504;-1.53531;-1.53546;-1.53565;-1.53579;-1.53598;-1.5361;-1.53615;-1.53617;-1.53613;-1.53603;-1.53582;-1.53553;-1.53515;-1.53466;-1.53404;-1.53325;-1.5323;-1.53116;-1.52979;-1.52817;-1.52625;-1.52398;-1.52128;-1.51809;-1.51433;-1.50987;-1.50459;-1.49834;-1.49095;-1.4822;-1.47181;-1.45948;-1.44479;-1.42723;-1.40613
2;9090496196630;50;absz;82230.1;73622.6;65923.2;59011.2;52840.5;47299.8;42343.6;37910.1;33940.8;30383.9;27195.3;24346.5;21794.1;19509.1;17464.5;15633.9;13994.8;12527.1;11213.8;10037.9;8984.93;8042.22;7198.41;6442.94;5766.93;5161.46;4619.53;4134.3;3699.9;3310.96;2962.82;2651.01;2371.93;2122.01;1898.18;1697.77;1518.27;1357.51;1213.5;1084.49;968.955;865.455;772.771;689.757;615.543;549.222;490.046;437.46;390.965;350.225
2;9090496196630;50;frequency;20000.00000002444;22385.53853899816;25055.61678390222;28044.17375656954;31389.19662092121;35133.2035329932;39323.78408414649;44014.2042055669;49264.08322518227;55140.1516811012;61717.09952482729;69078.52549602467;77317.99973512921;86540.25314108083;96862.50859274992;108415.9709538568;121347.4948009008;135821.4510731415;152021.8163702936;170154.5114554648;190450.0186878266;213166.3116533389;238592.1342356312;267050.6708003728;298903.6541519141;334555.9634717432;374460.7706856584;419125.3006744233;469117.2785435782;525072.1459047724;587701.13789258;657800.3235824071;736260.7247225839;824079.6413975459;922373.3285811875;1032391.184709951;1155531.632626961;1293359.894754076;1447627.888434013;1620296.494325686;1813560.480908265;2029876.401899315;2271993.821195295;2542990.262224833;2846310.325953354;3185809.474764127;3565803.038745301;3991121.067296888;4467169.723268114;4999999.999999929
2;9090496196630;50;phasez;-1.53766;-1.53752;-1.53717;-1.53708;-1.53643;-1.5361;-1.53558;-1.53483;-1.53416;-1.53327;-1.53241;-1.53117;-1.5299;-1.52846;-1.52687;-1.52499;-1.52284;-1.52042;-1.51771;-1.51465;-1.51127;-1.50744;-1.5031;-1.49827;-1.49282;-1.48672;-1.47988;-1.47218;-1.46356;-1.45387;-1.44304;-1.43084;-1.41717;-1.40182;-1.38457;-1.3652;-1.34342;-1.31891;-1.29132;-1.26024;-1.22517;-1.18556;-1.14077;-1.08999;-1.03231;-0.966717;-0.891874;-0.806306;-0.708313;-0.595883
3;9090814903530;20;absz;17000.5;13890.4;11343.8;9265.26;7568.39;6180.18;5047.31;4121.09;3364.71;2746.59;2241.26;1828.13;1490.59;1214.43;988.553;803.74;652.618;529.338;429.316;349.343
3;9090814903530;20;frequency;99999.99999990905;122862.535599424;150952.0265389597;185463.4873444638;227865.1431623047;279960.8926363817;343967.05137965;422606.6409511731;519225.2346839865;637933.2888043621;783781.0140572543;962973.2274171232;1183133.324347452;1453627.601814205;1785963.729760951;2194280.323268956;2695948.443325946;3312310.615921419;4069588.809647371;4999999.999999929
3;9090814903530;20;phasez;-1.52602;-1.52278;-1.51872;-1.51368;-1.50737;-1.49955;-1.48985;-1.47777;-1.46283;-1.44433;-1.42144;-1.39308;-1.35792;-1.31424;-1.25984;-1.19181;-1.10623;-0.997897;-0.859532;-0.681501
