0;1361272388148;20;absz;2.04175e+08;1.47574e+08;1.06622e+08;7.70341e+07;5.56843e+07;4.02117e+07;2.90764e+07;2.10167e+07;1.5189e+07;1.09801e+07;7.93733e+06;5.73825e+06;4.14869e+06;2.99942e+06;2.16848e+06;1.56773e+06;1.13349e+06;819522;592541;428457
0;1361272388148;20;frequency;9.999999974752427;13.86918846435492;19.23543905490988;26.67799336109056;37.00021196095804;51.31629158938722;71.17153245417285;98.70914048804025;136.9015682683994;189.8713664161278;263.3361782500288;365.2259113806622;506.5387032487934;702.5280792305466;974.3494403835484;1351.343611730726;1874.203936580443;2599.368780806799;3605.113577052066;4999.99999995282
0;1361272388148;20;phasez;-1.56007;-1.55989;-1.55954;-1.5594;-1.55935;-1.55876;-1.55899;-1.55867;-1.55827;-1.55781;-1.55724;-1.55661;-1.55585;-1.55491;-1.55364;-1.5519;-1.54954;-1.54627;-1.54176;-1.53559
1;1362042749077;50;absz;1.03327e+07;8.81374e+06;7.5415e+06;6.43291e+06;5.49219e+06;4.67926e+06;3.99261e+06;3.4135e+06;2.91153e+06;2.48515e+06;2.12196e+06;1.81046e+06;1.54519e+06;1.31908e+06;1.12577e+06;960983;820186;700145;597638;510087;435437;371718;317309;270878;231252;197431;168561;143911;122878;104918;89588.6;76500.6;65327.6;55787.1;47642.3;40686.9;34747.2;29674.4;25341.4;21640.3;18478.2;15776.3;13467;11492.7;9804.24;8359.32;7122.29;6062.09;5152.42;4370.73
1;1362042749077;50;frequency;199.9999999213742;234.625769479635;275.2462588517801;322.8993264769997;378.802514688914;444.3841576318164;521.3198749487447;611.5753842550475;717.456725922716;841.6691823498468;987.3863981368913;1158.33146786315;1358.872060208682;1594.132014446359;1870.122253535556;2193.894364737048;2573.720768452858;3019.306079821149;3542.035062906734;4155.263512473084;4874.659497176026;5718.603679767398;6708.658946337209;7870.121340545211;9232.666380967203;10831.10727442716;12706.28439819177;14906.10877695531;17486.78621595445;20514.25336674129;24065.86241733066;28232.35745111674;33120.19296963342;38854.25382030405;45581.04601983359;53472.44000269313;62730.06193403319;73590.44528463698;86331.07429211862;101277.4737211686;118811.5260634959;139381.228686517;163512.140226203;191820.8086789974;225030.524286467;263989.7996954232;309694.0495706946;363311.0235703185;426210.642505751;499999.9999999716
1;1362042749077;50;phasez;-1.55582;-1.55715;-1.5574;-1.55869;-1.55899;-1.55733;-1.55916;-1.5577;-1.55834;-1.55767;-1.55749;-1.55756;-1.55733;-1.55717;-1.557;-1.55673;-1.5564;-1.55614;-1.5559;-1.55549;-1.55511;-1.55462;-1.55414;-1.55358;-1.55294;-1.55222;-1.55142;-1.5505;-1.54947;-1.54832;-1.54702;-1.54554;-1.54387;-1.54197;-1.53981;-1.53735;-1.53452;-1.53127;-1.52753;-1.52319;-1.51816;-1.51231;-1.5055;-1.49753;-1.4882;-1.47725;-1.46436;-1.44911;-1.431;-1.40935
2;1362811698395;50;absz;108174;96687.4;86509.6;77367.2;69196.5;61891.7;55355.1;49518;44287.6;39616.9;35433.9;31696.9;28350.9;25361.7;22687.1;20296;18156.7;16245;14532.6;13001.6;11632.3;10406.9;9311.52;8330.91;7453.87;6669.16;5967.12;5339.09;4776.93;4274.02;3823.9;3421.16;3060.69;2738.09;2449.37;2190.94;1959.59;1752.53;1567.12;1401.19;1252.64;1119.7;1000.73;894.276;799.271;714.452;638.948;572.028;513.061;461.684
2;1362811698395;50;frequency;20000.00000002444;22385.53853899816;25055.61678390222;28044.17375656954;31389.19662092121;35133.2035329932;39323.78408414649;44014.2042055669;49264.08322518227;55140.1516811012;61717.09952482729;69078.52549602467;77317.99973512921;86540.25314108083;96862.50859274992;108415.9709538568;121347.4948009008;135821.4510731415;152021.8163702936;170154.5114554648;190450.0186878266;213166.3116533389;238592.1342356312;267050.6708003728;298903.6541519141;334555.9634717432;374460.7706856584;419125.3006744233;469117.2785435782;525072.1459047724;587701.13789258;657800.3235824071;736260.7247225839;824079.6413975459;922373.3285811875;1032391.184709951;1155531.632626961;1293359.894754076;1447627.888434013;1620296.494325686;1813560.480908265;2029876.401899315;2271993.821195295;2542990.262224833;2846310.325953354;3185809.474764127;3565803.038745301;3991121.067296888;4467169.723268114;4999999.999999929
2;1362811698395;50;phasez;-1.55207;-1.55144;-1.55088;-1.55014;-1.5493;-1.54847;-1.54768;-1.54679;-1.5456;-1.54445;-1.54294;-1.54151;-1.53988;-1.53794;-1.53583;-1.53353;-1.53113;-1.5282;-1.52517;-1.52175;-1.51791;-1.51367;-1.50891;-1.50369;-1.49784;-1.49136;-1.48411;-1.47604;-1.467;-1.45696;-1.44571;-1.43314;-1.41907;-1.40333;-1.38568;-1.36591;-1.34374;-1.31883;-1.29084;-1.25936;-1.22392;-1.18395;-1.13881;-1.08774;-1.02973;-0.963913;-0.88891;-0.803298;-0.705356;-0.593189
3;1363129442281;20;absz;22090.7;18027;14710.4;12001.8;9793.69;7992.81;6522.32;5322.97;4343.89;3544.7;2892.33;2359.37;1923.96;1568.54;1278;1040.68;846.867;689.188;561.75;460.573
3;1363129442281;20;frequency;99999.99999990905;122862.535599424;150952.0265389597;185463.4873444638;227865.1431623047;279960.8926363817;343967.05137965;422606.6409511731;519225.2346839865;637933.2888043621;783781.0140572543;962973.2274171232;1183133.324347452;1453627.601814205;1785963.729760951;2194280.323268956;2695948.443325946;3312310.615921419;4069588.809647371;4999999.999999929
3;1363129442281;20;phasez;-1.53489;-1.53093;-1.52619;-1.52038;-1.51337;-1.50483;-1.49441;-1.4816;-1.46593;-1.44672;-1.42311;-1.39401;-1.35813;-1.31372;-1.25862;-1.18993;-1.10377;-0.994995;-0.856459;-0.678726
