0;4145297266822;20;absz;1.55407e+08;1.12949e+08;8.21368e+07;5.9661e+07;4.33609e+07;3.15073e+07;2.28731e+07;1.66086e+07;1.20574e+07;8.75245e+06;6.35217e+06;4.60938e+06;3.3441e+06;2.42563e+06;1.75912e+06;1.27552e+06;924721;670309;485813;352054
0;4145297266822;20;frequency;9.999999974752427;13.86918846435492;19.23543905490988;26.67799336109056;37.00021196095804;51.31629158938722;71.17153245417285;98.70914048804025;136.9015682683994;189.8713664161278;263.3361782500288;365.2259113806622;506.5387032487934;702.5280792305466;974.3494403835484;1351.343611730726;1874.203936580443;2599.368780806799;3605.113577052066;4999.99999995282
0;4145297266822;20;phasez;-1.53004;-1.53105;-1.53206;-1.53324;-1.53426;-1.53524;-1.53582;-1.53675;-1.53739;-1.5381;-1.53864;-1.53903;-1.53931;-1.53934;-1.53901;-1.53818;-1.53671;-1.53433;-1.53074;-1.52547
1;4146069433990;50;absz;8.23413e+06;7.03823e+06;6.0284e+06;5.14876e+06;4.40968e+06;3.76631e+06;3.22314e+06;2.75558e+06;2.35528e+06;2.01377e+06;1.72111e+06;1.47103e+06;1.25736e+06;1.07474e+06;918494;785000;670875;573335;489956;418674;357772;305722;261235;223215;190726;162965;139241;118970;101650;86849.2;74204.9;63401.1;54171.1;46284.6;39546.4;33787.5;28866.8;24661.2;21067.5;17995.8;15369.8;13124.6;11204.7;9562.53;8157.5;6954.66;5924.54;5041.49;4283.63;3632.37
1;4146069433990;50;frequency;199.9999999213742;234.625769479635;275.2462588517801;322.8993264769997;378.802514688914;444.3841576318164;521.3198749487447;611.5753842550475;717.456725922716;841.6691823498468;987.3863981368913;1158.33146786315;1358.872060208682;1594.132014446359;1870.122253535556;2193.894364737048;2573.720768452858;3019.306079821149;3542.035062906734;4155.263512473084;4874.659497176026;5718.603679767398;6708.658946337209;7870.121340545211;9232.666380967203;10831.10727442716;12706.28439819177;14906.10877695531;17486.78621595445;20514.25336674129;24065.86241733066;28232.35745111674;33120.19296963342;38854.25382030405;45581.04601983359;53472.44000269313;62730.06193403319;73590.44528463698;86331.07429211862;101277.4737211686;118811.5260634959;139381.228686517;163512.140226203;191820.8086789974;225030.524286467;263989.7996954232;309694.0495706946;363311.0235703185;426210.642505751;499999.9999999716
1;4146069433990;50;phasez;-1.53803;-1.54023;-1.53991;-1.54002;-1.54106;-1.54174;-1.54157;-1.54184;-1.54208;-1.54261;-1.54332;-1.5431;-1.54336;-1.54381;-1.54404;-1.5443;-1.54456;-1.54466;-1.54482;-1.54488;-1.54491;-1.54491;-1.54485;-1.54471;-1.54451;-1.54422;-1.54385;-1.54337;-1.54275;-1.54203;-1.54112;-1.54006;-1.5388;-1.53732;-1.53559;-1.53356;-1.53119;-1.5284;-1.52514;-1.52131;-1.51681;-1.51151;-1.50526;-1.49788;-1.48916;-1.47882;-1.46655;-1.45195;-1.43448;-1.41349
2;4146837668614;50;absz;89523.5;80101.7;71650.6;64104.7;57367.8;51336.3;45933;41095.1;36770.6;32899.8;29436.8;26337.1;23563.8;21085.4;18866.1;16881.2;15103.6;13513.5;12091.1;10818.4;9679.05;8659.55;7747.34;6931.02;6200.54;5547;4962.26;4438.8;3970.45;3551.2;3176.16;2840.49;2540.08;2271.25;2030.62;1815.26;1622.53;1449.97;1295.54;1157.28;1033.54;922.792;823.673;734.971;655.731;584.975;521.929;465.959;416.532;373.276
2;4146837668614;50;frequency;20000.00000002444;22385.53853899816;25055.61678390222;28044.17375656954;31389.19662092121;35133.2035329932;39323.78408414649;44014.2042055669;49264.08322518227;55140.1516811012;61717.09952482729;69078.52549602467;77317.99973512921;86540.25314108083;96862.50859274992;108415.9709538568;121347.4948009008;135821.4510731415;152021.8163702936;170154.5114554648;190450.0186878266;213166.3116533389;238592.1342356312;267050.6708003728;298903.6541519141;334555.9634717432;374460.7706856584;419125.3006744233;469117.2785435782;525072.1459047724;587701.13789258;657800.3235824071;736260.7247225839;824079.6413975459;922373.3285811875;1032391.184709951;1155531.632626961;1293359.894754076;1447627.888434013;1620296.494325686;1813560.480908265;2029876.401899315;2271993.821195295;2542990.262224833;2846310.325953354;3185809.474764127;3565803.038745301;3991121.067296888;4467169.723268114;4999999.999999929
2;4146837668614;50;phasez;-1.54555;-1.54531;-1.54514;-1.54479;-1.54427;-1.54357;-1.54317;-1.54242;-1.54151;-1.54051;-1.53961;-1.53835;-1.53708;-1.53553;-1.53382;-1.5319;-1.52978;-1.52735;-1.52463;-1.52158;-1.51822;-1.51434;-1.51008;-1.50528;-1.49988;-1.4938;-1.48702;-1.4794;-1.47084;-1.46124;-1.45045;-1.43834;-1.42472;-1.40944;-1.39225;-1.37293;-1.35121;-1.32676;-1.29922;-1.26819;-1.23317;-1.19362;-1.14891;-1.09821;-1.04063;-0.975182;-0.900513;-0.815193;-0.717473;-0.605414
3;4147160020712;20;absz;18367.7;14992.5;12234.9;9984.57;8147.82;6648.16;5424.5;4425.22;3609.41;2943.69;2399.73;1955.54;1592.96;1296.68;1054.63;856.847;695.371;563.839;457.337;372.383
3;4147160020712;20;frequency;99999.99999990905;122862.535599424;150952.0265389597;185463.4873444638;227865.1431623047;279960.8926363817;343967.05137965;422606.6409511731;519225.2346839865;637933.2888043621;783781.0140572543;962973.2274171232;1183133.324347452;1453627.601814205;1785963.729760951;2194280.323268956;2695948.443325946;3312310.615921419;4069588.809647371;4999999.999999929
3;4147160020712;20;phasez;-1.53287;-1.52975;-1.52566;-1.52059;-1.51437;-1.50662;-1.49695;-1.485;-1.47018;-1.45181;-1.42902;-1.40077;-1.36572;-1.32214;-1.26784;-1.19994;-1.11451;-1.00644;-0.868487;-0.691074
