0;4496710294669;20;absz;1.51683e+08;1.10315e+08;8.023e+07;5.83132e+07;4.23893e+07;3.08236e+07;2.23825e+07;1.62591e+07;1.18099e+07;8.57668e+06;6.22711e+06;4.52026e+06;3.28076e+06;2.38076e+06;1.72739e+06;1.25313e+06;908932;659165;477950;346499
0;4496710294669;20;frequency;9.999999974752427;13.86918846435492;19.23543905490988;26.67799336109056;37.00021196095804;51.31629158938722;71.17153245417285;98.70914048804025;136.9015682683994;189.8713664161278;263.3361782500288;365.2259113806622;506.5387032487934;702.5280792305466;974.3494403835484;1351.343611730726;1874.203936580443;2599.368780806799;3605.113577052066;4999.99999995282
0;4496710294669;20;phasez;-1.5283;-1.52906;-1.53011;-1.53125;-1.53232;-1.5332;-1.5338;-1.5345;-1.53535;-1.53602;-1.53656;-1.53698;-1.53724;-1.53723;-1.53687;-1.53603;-1.53458;-1.53227;-1.52875;-1.52357
1;4497483267811;50;absz;8.08653e+06;6.90801e+06;5.91699e+06;5.05263e+06;4.32671e+06;3.69678e+06;3.16188e+06;2.70499e+06;2.31125e+06;1.97637e+06;1.69032e+06;1.44513e+06;1.23529e+06;1.05605e+06;902759;771815;659725;563894;481998;411978;352107;300935;257200;219809;187852;160537;137192;117240;100188;85614.8;73161.5;62517.1;53422.5;45649.8;39008.6;33332.2;28481.8;24335.4;20791.5;17762.4;15172.6;12957.9;11064;9443.79;8057.33;6870.46;5853.66;4981.94;4233.68;3590.52
1;4497483267811;50;frequency;199.9999999213742;234.625769479635;275.2462588517801;322.8993264769997;378.802514688914;444.3841576318164;521.3198749487447;611.5753842550475;717.456725922716;841.6691823498468;987.3863981368913;1158.33146786315;1358.872060208682;1594.132014446359;1870.122253535556;2193.894364737048;2573.720768452858;3019.306079821149;3542.035062906734;4155.263512473084;4874.659497176026;5718.603679767398;6708.658946337209;7870.121340545211;9232.666380967203;10831.10727442716;12706.28439819177;14906.10877695531;17486.78621595445;20514.25336674129;24065.86241733066;28232.35745111674;33120.19296963342;38854.25382030405;45581.04601983359;53472.44000269313;62730.06193403319;73590.44528463698;86331.07429211862;101277.4737211686;118811.5260634959;139381.228686517;163512.140226203;191820.8086789974;225030.524286467;263989.7996954232;309694.0495706946;363311.0235703185;426210.642505751;499999.9999999716
1;4497483267811;50;phasez;-1.5365;-1.53787;-1.53649;-1.53847;-1.53959;-1.53859;-1.53944;-1.54007;-1.54016;-1.54044;-1.54061;-1.54109;-1.54134;-1.54177;-1.54194;-1.54221;-1.54242;-1.54263;-1.54276;-1.5429;-1.54297;-1.543;-1.543;-1.54291;-1.54278;-1.54251;-1.54217;-1.54175;-1.54119;-1.54049;-1.53965;-1.53862;-1.5374;-1.53594;-1.53423;-1.53222;-1.52985;-1.52707;-1.5238;-1.51996;-1.51545;-1.51013;-1.50387;-1.49648;-1.48775;-1.47742;-1.46516;-1.45056;-1.43311;-1.41213
2;4498253987371;50;absz;88205.9;78951.5;70641.8;63217;56556.5;50628.9;45296.3;40536.7;36272.4;32455.7;29039.9;25987.8;23252;20807.2;18619.1;16661.9;14909.4;13341.5;11938;10682;9558.29;8552.36;7652.17;6846.69;6125.97;5480.84;4903.47;4386.66;3924.26;3510.38;3139.96;2808.41;2511.64;2246.03;2008.3;1795.47;1604.96;1434.43;1281.75;1145.04;1022.65;913.112;815.053;727.298;648.912;578.9;516.494;461.081;412.125;369.284
2;4498253987371;50;frequency;20000.00000002444;22385.53853899816;25055.61678390222;28044.17375656954;31389.19662092121;35133.2035329932;39323.78408414649;44014.2042055669;49264.08322518227;55140.1516811012;61717.09952482729;69078.52549602467;77317.99973512921;86540.25314108083;96862.50859274992;108415.9709538568;121347.4948009008;135821.4510731415;152021.8163702936;170154.5114554648;190450.0186878266;213166.3116533389;238592.1342356312;267050.6708003728;298903.6541519141;334555.9634717432;374460.7706856584;419125.3006744233;469117.2785435782;525072.1459047724;587701.13789258;657800.3235824071;736260.7247225839;824079.6413975459;922373.3285811875;1032391.184709951;1155531.632626961;1293359.894754076;1447627.888434013;1620296.494325686;1813560.480908265;2029876.401899315;2271993.821195295;2542990.262224833;2846310.325953354;3185809.474764127;3565803.038745301;3991121.067296888;4467169.723268114;4999999.999999929
2;4498253987371;50;phasez;-1.54402;-1.54387;-1.54341;-1.54328;-1.54295;-1.54222;-1.54179;-1.54101;-1.5401;-1.53937;-1.5383;-1.53712;-1.53574;-1.53416;-1.53244;-1.53053;-1.52842;-1.52597;-1.52327;-1.5202;-1.5168;-1.51296;-1.50866;-1.50384;-1.49848;-1.49243;-1.48564;-1.47804;-1.46949;-1.45989;-1.44912;-1.43703;-1.42344;-1.40817;-1.39101;-1.37172;-1.35003;-1.32561;-1.29811;-1.26712;-1.23214;-1.19264;-1.14797;-1.0973;-1.03978;-0.974376;-0.899749;-0.814449;-0.716774;-0.604763
3;4498571909575;20;absz;18127.1;14800.4;12079.9;9859.26;8048.32;6567.81;5359.64;4373.28;3567.76;2910.25;2372.99;1934.01;1575.72;1282.83;1043.52;847.901;688.131;557.971;452.536;368.396
3;4498571909575;20;frequency;99999.99999990905;122862.535599424;150952.0265389597;185463.4873444638;227865.1431623047;279960.8926363817;343967.05137965;422606.6409511731;519225.2346839865;637933.2888043621;783781.0140572543;962973.2274171232;1183133.324347452;1453627.601814205;1785963.729760951;2194280.323268956;2695948.443325946;3312310.615921419;4069588.809647371;4999999.999999929
3;4498571909575;20;phasez;-1.5317;-1.52837;-1.52425;-1.51922;-1.51293;-1.50518;-1.49556;-1.48363;-1.46884;-1.45047;-1.42773;-1.39954;-1.36454;-1.32103;-1.26681;-1.19899;-1.11366;-1.00566;-0.867769;-0.690411
