0;9181060284180;20;absz;1.36403e+08;9.9481e+07;7.24788e+07;5.27793e+07;3.84337e+07;2.79934e+07;2.03618e+07;1.48132e+07;1.07745e+07;7.83547e+06;5.69695e+06;4.14131e+06;3.00987e+06;2.18729e+06;1.58924e+06;1.15451e+06;838616;609059;442267;321097
0;9181060284180;20;frequency;9.999999974752427;13.86918846435492;19.23543905490988;26.67799336109056;37.00021196095804;51.31629158938722;71.17153245417285;98.70914048804025;136.9015682683994;189.8713664161278;263.3361782500288;365.2259113806622;506.5387032487934;702.5280792305466;974.3494403835484;1351.343611730726;1874.203936580443;2599.368780806799;3605.113577052066;4999.99999995282
0;9181060284180;20;phasez;-1.51113;-1.51397;-1.51714;-1.51961;-1.52198;-1.52387;-1.52524;-1.52662;-1.52762;-1.52866;-1.5294;-1.52995;-1.53025;-1.53028;-1.52995;-1.52914;-1.52767;-1.52535;-1.52184;-1.5167
1;9181830224380;50;absz;7.38202e+06;6.31924e+06;5.40873e+06;4.62907e+06;3.96402e+06;3.3924e+06;2.90125e+06;2.48182e+06;2.12403e+06;1.81728e+06;1.55463e+06;1.33004e+06;1.13815e+06;973739;832909;712606;609558;521414;445992;381475;326271;279058;238663;204114;174558;149279;127662;109171;93356.3;79831.2;68263.5;58372.3;49913.8;42679.3;36492.5;31201.6;26676;22805.7;19495.5;16663.9;14241.7;12169.2;10395.9;8877.93;7578.27;6465.16;5511.14;4692.92;3990.24;3385.86
1;9181830224380;50;frequency;199.9999999213742;234.625769479635;275.2462588517801;322.8993264769997;378.802514688914;444.3841576318164;521.3198749487447;611.5753842550475;717.456725922716;841.6691823498468;987.3863981368913;1158.33146786315;1358.872060208682;1594.132014446359;1870.122253535556;2193.894364737048;2573.720768452858;3019.306079821149;3542.035062906734;4155.263512473084;4874.659497176026;5718.603679767398;6708.658946337209;7870.121340545211;9232.666380967203;10831.10727442716;12706.28439819177;14906.10877695531;17486.78621595445;20514.25336674129;24065.86241733066;28232.35745111674;33120.19296963342;38854.25382030405;45581.04601983359;53472.44000269313;62730.06193403319;73590.44528463698;86331.07429211862;101277.4737211686;118811.5260634959;139381.228686517;163512.140226203;191820.8086789974;225030.524286467;263989.7996954232;309694.0495706946;363311.0235703185;426210.642505751;499999.9999999716
1;9181830224380;50;phasez;-1.52831;-1.52871;-1.53072;-1.53142;-1.531;-1.53205;-1.5317;-1.53272;-1.53298;-1.53361;-1.53375;-1.53405;-1.53444;-1.53463;-1.53501;-1.53525;-1.53541;-1.53564;-1.53583;-1.53596;-1.53609;-1.53612;-1.53615;-1.5361;-1.53599;-1.5358;-1.53553;-1.53513;-1.53463;-1.534;-1.53322;-1.53227;-1.53114;-1.52977;-1.52815;-1.52623;-1.52396;-1.52127;-1.51808;-1.51431;-1.50985;-1.50458;-1.49833;-1.49094;-1.48218;-1.4718;-1.45946;-1.44478;-1.42721;-1.40611
2;9182600629108;50;absz;82227.3;73628.8;65908.8;59013.8;52828.3;47301.5;42344.3;37904.8;33931.6;30374.7;27192.1;24346;21791.7;19506.8;17462.2;15631.7;13992.5;12526.1;11212.5;10036.6;8983.77;8041.32;7197.63;6442.34;5766.15;5160.92;4619.05;4133.79;3699.46;3310.56;2962.45;2650.74;2371.69;2121.78;1897.98;1697.6;1518.09;1357.33;1213.37;1084.38;968.847;865.366;772.699;689.68;615.477;549.152;489.988;437.403;390.912;350.187
2;9182600629108;50;frequency;20000.00000002444;22385.53853899816;25055.61678390222;28044.17375656954;31389.19662092121;35133.2035329932;39323.78408414649;44014.2042055669;49264.08322518227;55140.1516811012;61717.09952482729;69078.52549602467;77317.99973512921;86540.25314108083;96862.50859274992;108415.9709538568;121347.4948009008;135821.4510731415;152021.8163702936;170154.5114554648;190450.0186878266;213166.3116533389;238592.1342356312;267050.6708003728;298903.6541519141;334555.9634717432;374460.7706856584;419125.3006744233;469117.2785435782;525072.1459047724;587701.13789258;657800.3235824071;736260.7247225839;824079.6413975459;922373.3285811875;1032391.184709951;1155531.632626961;1293359.894754076;1447627.888434013;1620296.494325686;1813560.480908265;2029876.401899315;2271993.821195295;2542990.262224833;2846310.325953354;3185809.474764127;3565803.038745301;3991121.067296888;4467169.723268114;4999999.999999929
2;9182600629108;50;phasez;-1.5376;-1.53743;-1.53711;-1.5369;-1.53631;-1.53606;-1.53554;-1.53488;-1.53423;-1.53331;-1.53242;-1.53127;-1.52991;-1.52848;-1.52677;-1.52489;-1.52279;-1.52039;-1.51771;-1.51464;-1.51123;-1.50738;-1.50307;-1.49826;-1.49279;-1.48668;-1.47987;-1.47217;-1.46354;-1.45387;-1.443;-1.43083;-1.41715;-1.4018;-1.38456;-1.36519;-1.3434;-1.31889;-1.2913;-1.26021;-1.22515;-1.18553;-1.14075;-1.08998;-1.03229;-0.966694;-0.891846;-0.80629;-0.708284;-0.595846
3;9182920984514;20;absz;16995.3;13887.1;11340.3;9263.7;7566.5;6178.79;5046;4120.2;3363.94;2745.94;2240.72;1827.73;1490.27;1214.15;988.333;803.585;652.493;529.235;429.222;349.27
3;9182920984514;20;frequency;99999.99999990905;122862.535599424;150952.0265389597;185463.4873444638;227865.1431623047;279960.8926363817;343967.05137965;422606.6409511731;519225.2346839865;637933.2888043621;783781.0140572543;962973.2274171232;1183133.324347452;1453627.601814205;1785963.729760951;2194280.323268956;2695948.443325946;3312310.615921419;4069588.809647371;4999999.999999929
3;9182920984514;20;phasez;-1.52602;-1.52274;-1.51867;-1.51364;-1.50741;-1.49957;-1.48981;-1.47775;-1.46279;-1.44431;-1.42142;-1.39306;-1.3579;-1.31423;-1.25982;-1.1918;-1.10622;-0.997893;-0.859538;-0.681511
