0;6424450586442;20;absz;1.40135e+08;1.02112e+08;7.43684e+07;5.41369e+07;3.93876e+07;2.86403e+07;2.08439e+07;1.51543e+07;1.10176e+07;8.00984e+06;5.82207e+06;4.23127e+06;3.07467e+06;2.23385e+06;1.62278e+06;1.17873e+06;856023;621560;451229;327504
0;6424450586442;20;frequency;9.999999974752427;13.86918846435492;19.23543905490988;26.67799336109056;37.00021196095804;51.31629158938722;71.17153245417285;98.70914048804025;136.9015682683994;189.8713664161278;263.3361782500288;365.2259113806622;506.5387032487934;702.5280792305466;974.3494403835484;1351.343611730726;1874.203936580443;2599.368780806799;3605.113577052066;4999.99999995282
0;6424450586442;20;phasez;-1.51765;-1.52008;-1.52188;-1.52385;-1.52536;-1.52686;-1.52801;-1.52901;-1.52984;-1.53049;-1.53101;-1.53138;-1.53154;-1.5315;-1.53112;-1.53029;-1.52886;-1.5266;-1.52318;-1.51811
1;6425220122622;50;absz;7.55045e+06;6.46074e+06;5.52696e+06;4.73426e+06;4.04761e+06;3.46197e+06;2.96319e+06;2.53671e+06;2.16885e+06;1.85565e+06;1.58802e+06;1.35823e+06;1.16191e+06;993980;850320;727324;622067;532027;455033;389142;332793;284584;243346;208083;177925;152132;130077;111219;95090.4;81300.1;69508.8;59426.7;50807;43436.6;37135;31745.6;27137.1;23196.4;19826.2;16943.6;14478.2;12369.6;10565.3;9021.31;7699.59;6567.81;5597.99;4766.22;4052.04;3437.89
1;6425220122622;50;frequency;199.9999999213742;234.625769479635;275.2462588517801;322.8993264769997;378.802514688914;444.3841576318164;521.3198749487447;611.5753842550475;717.456725922716;841.6691823498468;987.3863981368913;1158.33146786315;1358.872060208682;1594.132014446359;1870.122253535556;2193.894364737048;2573.720768452858;3019.306079821149;3542.035062906734;4155.263512473084;4874.659497176026;5718.603679767398;6708.658946337209;7870.121340545211;9232.666380967203;10831.10727442716;12706.28439819177;14906.10877695531;17486.78621595445;20514.25336674129;24065.86241733066;28232.35745111674;33120.19296963342;38854.25382030405;45581.04601983359;53472.44000269313;62730.06193403319;73590.44528463698;86331.07429211862;101277.4737211686;118811.5260634959;139381.228686517;163512.140226203;191820.8086789974;225030.524286467;263989.7996954232;309694.0495706946;363311.0235703185;426210.642505751;499999.9999999716
1;6425220122622;50;phasez;-1.53243;-1.52954;-1.5322;-1.53167;-1.5331;-1.53379;-1.53349;-1.53392;-1.53389;-1.5348;-1.5353;-1.53562;-1.53553;-1.53585;-1.5363;-1.5365;-1.53666;-1.53696;-1.53719;-1.53739;-1.53752;-1.53764;-1.53767;-1.53763;-1.53755;-1.53736;-1.5371;-1.53672;-1.53621;-1.53558;-1.53479;-1.53384;-1.5327;-1.53133;-1.52971;-1.52779;-1.52552;-1.52283;-1.51964;-1.51586;-1.5114;-1.50611;-1.49986;-1.49246;-1.48369;-1.47331;-1.46097;-1.4463;-1.42877;-1.4077
2;6425990023883;50;absz;83764.5;74984.4;67122.3;60092.2;53795.2;48149;43109.4;38583.6;34538.2;30913.5;27668.7;24765.6;22166.5;19841.6;17759.2;15896.1;14228.2;12734.3;11397.8;10201.5;9130.5;8171.79;7313.62;6545.62;5858.05;5242.5;4691.54;4198.43;3756.91;3361.68;3007.89;2691.1;2407.5;2153.6;1926.23;1722.67;1540.38;1377.1;1230.89;1099.93;982.616;877.573;783.507;699.294;623.999;556.725;496.723;443.422;396.308;355.028
2;6425990023883;50;frequency;20000.00000002444;22385.53853899816;25055.61678390222;28044.17375656954;31389.19662092121;35133.2035329932;39323.78408414649;44014.2042055669;49264.08322518227;55140.1516811012;61717.09952482729;69078.52549602467;77317.99973512921;86540.25314108083;96862.50859274992;108415.9709538568;121347.4948009008;135821.4510731415;152021.8163702936;170154.5114554648;190450.0186878266;213166.3116533389;238592.1342356312;267050.6708003728;298903.6541519141;334555.9634717432;374460.7706856584;419125.3006744233;469117.2785435782;525072.1459047724;587701.13789258;657800.3235824071;736260.7247225839;824079.6413975459;922373.3285811875;1032391.184709951;1155531.632626961;1293359.894754076;1447627.888434013;1620296.494325686;1813560.480908265;2029876.401899315;2271993.821195295;2542990.262224833;2846310.325953354;3185809.474764127;3565803.038745301;3991121.067296888;4467169.723268114;4999999.999999929
2;6425990023883;50;phasez;-1.5394;-1.53908;-1.53871;-1.53843;-1.5382;-1.53764;-1.53708;-1.53652;-1.5358;-1.53485;-1.53389;-1.53282;-1.53152;-1.53;-1.52845;-1.52645;-1.52437;-1.52189;-1.51926;-1.51619;-1.51275;-1.50889;-1.50461;-1.49975;-1.49433;-1.48822;-1.48138;-1.4737;-1.4651;-1.45545;-1.44463;-1.43247;-1.41883;-1.40352;-1.3863;-1.36697;-1.34522;-1.32075;-1.29321;-1.26217;-1.22713;-1.18757;-1.14282;-1.09211;-1.03446;-0.968927;-0.894158;-0.808684;-0.710784;-0.598471
3;6426306395886;20;absz;17289.9;14124.2;11531.4;9416.98;7691.13;6279.55;5127.05;4185.51;3416.64;2788.53;2275.04;1855.25;1512.4;1231.93;1002.6;815.01;661.673;536.613;435.199;354.167
3;6426306395886;20;frequency;99999.99999990905;122862.535599424;150952.0265389597;185463.4873444638;227865.1431623047;279960.8926363817;343967.05137965;422606.6409511731;519225.2346839865;637933.2888043621;783781.0140572543;962973.2274171232;1183133.324347452;1453627.601814205;1785963.729760951;2194280.323268956;2695948.443325946;3312310.615921419;4069588.809647371;4999999.999999929
3;6426306395886;20;phasez;-1.52744;-1.52425;-1.52026;-1.5152;-1.50892;-1.50104;-1.49134;-1.4793;-1.46439;-1.44594;-1.42311;-1.39481;-1.35972;-1.31612;-1.26179;-1.19385;-1.10836;-1.00015;-0.861941;-0.684133
