0;10369616996802;20;absz;1.3594e+08;9.91551e+07;7.22633e+07;5.26567e+07;3.8345e+07;2.79237e+07;2.03136e+07;1.4779e+07;1.07499e+07;7.81681e+06;5.68329e+06;4.13147e+06;3.0029e+06;2.18225e+06;1.58559e+06;1.15192e+06;836751;607719;441312;320414
0;10369616996802;20;frequency;9.999999974752427;13.86918846435492;19.23543905490988;26.67799336109056;37.00021196095804;51.31629158938722;71.17153245417285;98.70914048804025;136.9015682683994;189.8713664161278;263.3361782500288;365.2259113806622;506.5387032487934;702.5280792305466;974.3494403835484;1351.343611730726;1874.203936580443;2599.368780806799;3605.113577052066;4999.99999995282
0;10369616996802;20;phasez;-1.50997;-1.51341;-1.51651;-1.51919;-1.52135;-1.52309;-1.52491;-1.52634;-1.52755;-1.52853;-1.5293;-1.52984;-1.53016;-1.53018;-1.52983;-1.52899;-1.52751;-1.52518;-1.52166;-1.5165
1;10370385257171;50;absz;7.38364e+06;6.3002e+06;5.39716e+06;4.61676e+06;3.94949e+06;3.38169e+06;2.8945e+06;2.47611e+06;2.11937e+06;1.81297e+06;1.55144e+06;1.32747e+06;1.1356e+06;971495;831215;711013;608165;520298;445032;380657;325588;278489;238180;203700;174208;148989;127411;108958;93175.5;79679.1;68134.8;58262.7;49820.3;42600.2;36425.5;31145;26628.6;22765.3;19461.5;16635.3;14217.3;12148.7;10378.5;8863.29;7565.92;6454.68;5502.34;4685.39;3983.8;3380.45
1;10370385257171;50;frequency;199.9999999213742;234.625769479635;275.2462588517801;322.8993264769997;378.802514688914;444.3841576318164;521.3198749487447;611.5753842550475;717.456725922716;841.6691823498468;987.3863981368913;1158.33146786315;1358.872060208682;1594.132014446359;1870.122253535556;2193.894364737048;2573.720768452858;3019.306079821149;3542.035062906734;4155.263512473084;4874.659497176026;5718.603679767398;6708.658946337209;7870.121340545211;9232.666380967203;10831.10727442716;12706.28439819177;14906.10877695531;17486.78621595445;20514.25336674129;24065.86241733066;28232.35745111674;33120.19296963342;38854.25382030405;45581.04601983359;53472.44000269313;62730.06193403319;73590.44528463698;86331.07429211862;101277.4737211686;118811.5260634959;139381.228686517;163512.140226203;191820.8086789974;225030.524286467;263989.7996954232;309694.0495706946;363311.0235703185;426210.642505751;499999.9999999716
1;10370385257171;50;phasez;-1.53151;-1.52995;-1.53058;-1.53107;-1.53209;-1.53164;-1.53262;-1.53261;-1.53346;-1.53346;-1.53374;-1.53411;-1.53445;-1.53455;-1.53494;-1.5351;-1.53533;-1.53555;-1.53566;-1.53578;-1.53591;-1.53595;-1.53595;-1.53591;-1.53579;-1.5356;-1.53531;-1.53493;-1.53443;-1.53381;-1.53304;-1.53209;-1.53096;-1.5296;-1.52797;-1.52606;-1.52378;-1.52109;-1.5179;-1.51413;-1.50968;-1.5044;-1.49816;-1.49078;-1.48202;-1.47164;-1.4593;-1.44461;-1.42705;-1.40594
2;10371153687750;50;absz;82088.3;73471.1;65789;58900;52734.9;47211.7;42270.2;37841.9;33875.1;30322.8;27145.3;24301.3;21753.6;19474.1;17432.8;15604.8;13970.1;12505.6;11193.7;10020.4;8969.6;8028.36;7186.08;6432.09;5757;5152.85;4611.77;4127.43;3693.81;3305.55;2957.95;2646.73;2368.09;2118.59;1895.15;1695.09;1515.89;1355.39;1211.63;1082.85;967.506;864.18;771.635;688.749;614.654;548.415;489.327;436.829;390.397;349.707
2;10371153687750;50;frequency;20000.00000002444;22385.53853899816;25055.61678390222;28044.17375656954;31389.19662092121;35133.2035329932;39323.78408414649;44014.2042055669;49264.08322518227;55140.1516811012;61717.09952482729;69078.52549602467;77317.99973512921;86540.25314108083;96862.50859274992;108415.9709538568;121347.4948009008;135821.4510731415;152021.8163702936;170154.5114554648;190450.0186878266;213166.3116533389;238592.1342356312;267050.6708003728;298903.6541519141;334555.9634717432;374460.7706856584;419125.3006744233;469117.2785435782;525072.1459047724;587701.13789258;657800.3235824071;736260.7247225839;824079.6413975459;922373.3285811875;1032391.184709951;1155531.632626961;1293359.894754076;1447627.888434013;1620296.494325686;1813560.480908265;2029876.401899315;2271993.821195295;2542990.262224833;2846310.325953354;3185809.474764127;3565803.038745301;3991121.067296888;4467169.723268114;4999999.999999929
2;10371153687750;50;phasez;-1.53754;-1.53739;-1.53704;-1.5367;-1.53625;-1.53585;-1.53542;-1.53475;-1.534;-1.53324;-1.5321;-1.53105;-1.52972;-1.52826;-1.52661;-1.52475;-1.52262;-1.52023;-1.5175;-1.51448;-1.51109;-1.50723;-1.50292;-1.49808;-1.49266;-1.48655;-1.47969;-1.472;-1.46338;-1.4537;-1.44284;-1.43065;-1.41698;-1.40162;-1.38437;-1.36497;-1.34319;-1.31868;-1.29108;-1.25999;-1.22492;-1.18531;-1.14051;-1.08973;-1.03205;-0.966462;-0.891615;-0.806051;-0.708048;-0.59561
3;10371468857272;20;absz;16970.1;13865.1;11323.6;9249.59;7555.11;6169.68;5038.61;4114.24;3359.05;2742.04;2237.59;1825.14;1488.24;1212.55;987.071;802.559;651.669;528.569;428.69;348.829
3;10371468857272;20;frequency;99999.99999990905;122862.535599424;150952.0265389597;185463.4873444638;227865.1431623047;279960.8926363817;343967.05137965;422606.6409511731;519225.2346839865;637933.2888043621;783781.0140572543;962973.2274171232;1183133.324347452;1453627.601814205;1785963.729760951;2194280.323268956;2695948.443325946;3312310.615921419;4069588.809647371;4999999.999999929
3;10371468857272;20;phasez;-1.52574;-1.52254;-1.5185;-1.51349;-1.50723;-1.49941;-1.48966;-1.47759;-1.46265;-1.44413;-1.42122;-1.39285;-1.35768;-1.31399;-1.25958;-1.19156;-1.10599;-0.997657;-0.859302;-0.681267
