0;7186105096153;20;absz;1.38467e+08;1.00924e+08;7.35045e+07;5.35247e+07;3.89543e+07;2.83351e+07;2.06202e+07;1.49979e+07;1.09057e+07;7.92792e+06;5.76277e+06;4.18835e+06;3.04368e+06;2.21152e+06;1.60663e+06;1.16706e+06;847601;615507;446874;324386
0;7186105096153;20;frequency;9.999999974752427;13.86918846435492;19.23543905490988;26.67799336109056;37.00021196095804;51.31629158938722;71.17153245417285;98.70914048804025;136.9015682683994;189.8713664161278;263.3361782500288;365.2259113806622;506.5387032487934;702.5280792305466;974.3494403835484;1351.343611730726;1874.203936580443;2599.368780806799;3605.113577052066;4999.99999995282
0;7186105096153;20;phasez;-1.51435;-1.51775;-1.5198;-1.5222;-1.52397;-1.52565;-1.52703;-1.52818;-1.52917;-1.5299;-1.53055;-1.53094;-1.53116;-1.5311;-1.53071;-1.52986;-1.5284;-1.52608;-1.5226;-1.51746
1;7186876285717;50;absz;7.46855e+06;6.39217e+06;5.46753e+06;4.67908e+06;4.00811e+06;3.42495e+06;2.93227e+06;2.51006e+06;2.14764e+06;1.8379e+06;1.57172e+06;1.3449e+06;1.15031e+06;984271;841979;720177;615989;526857;450643;385410;329622;281905;241079;206159;176294;150752;128908;110228;94254.5;80592.4;68910.7;58920.5;50377.2;43072.3;36825.7;31483.9;26915.4;23008.5;19666.8;16809;14364.4;12272.9;10483.2;8951.79;7640.75;6517.85;5555.66;4730.48;4021.79;3412.47
1;7186876285717;50;frequency;199.9999999213742;234.625769479635;275.2462588517801;322.8993264769997;378.802514688914;444.3841576318164;521.3198749487447;611.5753842550475;717.456725922716;841.6691823498468;987.3863981368913;1158.33146786315;1358.872060208682;1594.132014446359;1870.122253535556;2193.894364737048;2573.720768452858;3019.306079821149;3542.035062906734;4155.263512473084;4874.659497176026;5718.603679767398;6708.658946337209;7870.121340545211;9232.666380967203;10831.10727442716;12706.28439819177;14906.10877695531;17486.78621595445;20514.25336674129;24065.86241733066;28232.35745111674;33120.19296963342;38854.25382030405;45581.04601983359;53472.44000269313;62730.06193403319;73590.44528463698;86331.07429211862;101277.4737211686;118811.5260634959;139381.228686517;163512.140226203;191820.8086789974;225030.524286467;263989.7996954232;309694.0495706946;363311.0235703185;426210.642505751;499999.9999999716
1;7186876285717;50;phasez;-1.53028;-1.52957;-1.53408;-1.53314;-1.53326;-1.53288;-1.53414;-1.53422;-1.5338;-1.53446;-1.53474;-1.53493;-1.53521;-1.53543;-1.53566;-1.53601;-1.53623;-1.5364;-1.53659;-1.53677;-1.53688;-1.5369;-1.53693;-1.53687;-1.53677;-1.53658;-1.53629;-1.53592;-1.53541;-1.53477;-1.53402;-1.53307;-1.53193;-1.53057;-1.52897;-1.52706;-1.5248;-1.52212;-1.51894;-1.51518;-1.51072;-1.50545;-1.49921;-1.49183;-1.48307;-1.47269;-1.46035;-1.44567;-1.42813;-1.40704
2;7187644693393;50;absz;83017.2;74337.2;66544.2;59573.8;53332;47748.4;42738;38260.6;34247.7;30654.7;27439.9;24562.2;21987.8;19680.2;17617.3;15770.1;14114.9;12634.1;11308;10122;9059.5;8108.58;7257.41;6495.43;5813.49;5202.88;4656.29;4166.93;3728.9;3336.75;2985.74;2671.42;2389.97;2138.03;1912.43;1710.4;1529.47;1367.41;1222.28;1092.29;975.843;871.561;778.163;694.534;619.776;552.971;493.387;440.441;393.629;352.615
2;7187644693393;50;frequency;20000.00000002444;22385.53853899816;25055.61678390222;28044.17375656954;31389.19662092121;35133.2035329932;39323.78408414649;44014.2042055669;49264.08322518227;55140.1516811012;61717.09952482729;69078.52549602467;77317.99973512921;86540.25314108083;96862.50859274992;108415.9709538568;121347.4948009008;135821.4510731415;152021.8163702936;170154.5114554648;190450.0186878266;213166.3116533389;238592.1342356312;267050.6708003728;298903.6541519141;334555.9634717432;374460.7706856584;419125.3006744233;469117.2785435782;525072.1459047724;587701.13789258;657800.3235824071;736260.7247225839;824079.6413975459;922373.3285811875;1032391.184709951;1155531.632626961;1293359.894754076;1447627.888434013;1620296.494325686;1813560.480908265;2029876.401899315;2271993.821195295;2542990.262224833;2846310.325953354;3185809.474764127;3565803.038745301;3991121.067296888;4467169.723268114;4999999.999999929
2;7187644693393;50;phasez;-1.53821;-1.53816;-1.5378;-1.53771;-1.53724;-1.53683;-1.53628;-1.5357;-1.53515;-1.53413;-1.53317;-1.53199;-1.53067;-1.52939;-1.52766;-1.52574;-1.52365;-1.5213;-1.5186;-1.51555;-1.51212;-1.50827;-1.504;-1.49912;-1.49369;-1.48759;-1.48076;-1.47306;-1.46445;-1.45479;-1.44394;-1.43178;-1.41813;-1.40279;-1.38557;-1.36622;-1.34446;-1.31998;-1.29241;-1.26136;-1.22631;-1.18673;-1.14196;-1.09122;-1.03358;-0.968026;-0.893227;-0.807732;-0.709803;-0.597466
3;7187962606264;20;absz;17149.2;14009.6;11439.9;9342.75;7630.21;6230.2;5087.66;4153.68;3390.88;2767.65;2258.19;1841.71;1501.5;1223.16;995.579;809.365;657.117;532.957;432.231;351.729
3;7187962606264;20;frequency;99999.99999990905;122862.535599424;150952.0265389597;185463.4873444638;227865.1431623047;279960.8926363817;343967.05137965;422606.6409511731;519225.2346839865;637933.2888043621;783781.0140572543;962973.2274171232;1183133.324347452;1453627.601814205;1785963.729760951;2194280.323268956;2695948.443325946;3312310.615921419;4069588.809647371;4999999.999999929
3;7187962606264;20;phasez;-1.52682;-1.52366;-1.51959;-1.51459;-1.50828;-1.50042;-1.49071;-1.47865;-1.46372;-1.44527;-1.42239;-1.39408;-1.35896;-1.31533;-1.26099;-1.19302;-1.1075;-0.999257;-0.861007;-0.683143
