0;5347679059458;20;absz;1.44906e+08;1.05541e+08;7.67892e+07;5.58774e+07;4.06364e+07;2.95534e+07;2.14787e+07;1.56128e+07;1.13469e+07;8.24625e+06;5.9916e+06;4.35273e+06;3.16189e+06;2.2963e+06;1.66738e+06;1.21047e+06;878605;637615;462652;335654
0;5347679059458;20;frequency;9.999999974752427;13.86918846435492;19.23543905490988;26.67799336109056;37.00021196095804;51.31629158938722;71.17153245417285;98.70914048804025;136.9015682683994;189.8713664161278;263.3361782500288;365.2259113806622;506.5387032487934;702.5280792305466;974.3494403835484;1351.343611730726;1874.203936580443;2599.368780806799;3605.113577052066;4999.99999995282
0;5347679059458;20;phasez;-1.52319;-1.5244;-1.52655;-1.52766;-1.5287;-1.5301;-1.5306;-1.53136;-1.53207;-1.53263;-1.53307;-1.53343;-1.53363;-1.53363;-1.53332;-1.53257;-1.53116;-1.52886;-1.52536;-1.52019
1;5348447361131;50;absz;7.76676e+06;6.65865e+06;5.69293e+06;4.87062e+06;4.16225e+06;3.56246e+06;3.04656e+06;2.60749e+06;2.22951e+06;1.90664e+06;1.63187e+06;1.39515e+06;1.19328e+06;1.02051e+06;872664;746285;638125;545643;466563;398949;341082;291617;249325;213154;182223;155782;133174;113846;97319;83189.1;71110.7;60782.4;51955.8;44409.1;37957.3;32441.6;27726.3;23694.9;20248.3;17301.5;14781.9;12626.9;10783.6;9206.27;7856.46;6700.49;5710.42;4861.17;4132.13;3505.34
1;5348447361131;50;frequency;199.9999999213742;234.625769479635;275.2462588517801;322.8993264769997;378.802514688914;444.3841576318164;521.3198749487447;611.5753842550475;717.456725922716;841.6691823498468;987.3863981368913;1158.33146786315;1358.872060208682;1594.132014446359;1870.122253535556;2193.894364737048;2573.720768452858;3019.306079821149;3542.035062906734;4155.263512473084;4874.659497176026;5718.603679767398;6708.658946337209;7870.121340545211;9232.666380967203;10831.10727442716;12706.28439819177;14906.10877695531;17486.78621595445;20514.25336674129;24065.86241733066;28232.35745111674;33120.19296963342;38854.25382030405;45581.04601983359;53472.44000269313;62730.06193403319;73590.44528463698;86331.07429211862;101277.4737211686;118811.5260634959;139381.228686517;163512.140226203;191820.8086789974;225030.524286467;263989.7996954232;309694.0495706946;363311.0235703185;426210.642505751;499999.9999999716
1;5348447361131;50;phasez;-1.53229;-1.53472;-1.53378;-1.53399;-1.53453;-1.53544;-1.53597;-1.53665;-1.53646;-1.53712;-1.53747;-1.53755;-1.53794;-1.53816;-1.53845;-1.53874;-1.53898;-1.5392;-1.53935;-1.53952;-1.53955;-1.53965;-1.53963;-1.53958;-1.53949;-1.53929;-1.539;-1.53862;-1.53814;-1.53752;-1.53674;-1.53579;-1.53466;-1.53329;-1.53166;-1.52972;-1.52742;-1.5247;-1.52147;-1.51767;-1.51316;-1.50785;-1.50157;-1.49415;-1.48539;-1.47501;-1.4627;-1.44806;-1.43057;-1.40955
2;5349215333330;50;absz;85696.1;76719.4;68668.9;61464.6;55006.3;49243.1;44074.3;39439.7;35299.9;31590.9;28270.2;25300.9;22641.9;20264.6;18136.3;16230.4;14526.4;13000.1;11634.2;10412.4;9318.22;8338.98;7462.34;6677.88;5975.82;5347.56;4785.04;4281.54;3830.83;3427.41;3066.31;2743.09;2453.68;2194.62;1962.69;1755.04;1569.12;1402.61;1253.54;1120.03;1000.48;893.449;797.623;711.832;635.155;566.654;505.581;451.338;403.4;361.417
2;5349215333330;50;frequency;20000.00000002444;22385.53853899816;25055.61678390222;28044.17375656954;31389.19662092121;35133.2035329932;39323.78408414649;44014.2042055669;49264.08322518227;55140.1516811012;61717.09952482729;69078.52549602467;77317.99973512921;86540.25314108083;96862.50859274992;108415.9709538568;121347.4948009008;135821.4510731415;152021.8163702936;170154.5114554648;190450.0186878266;213166.3116533389;238592.1342356312;267050.6708003728;298903.6541519141;334555.9634717432;374460.7706856584;419125.3006744233;469117.2785435782;525072.1459047724;587701.13789258;657800.3235824071;736260.7247225839;824079.6413975459;922373.3285811875;1032391.184709951;1155531.632626961;1293359.894754076;1447627.888434013;1620296.494325686;1813560.480908265;2029876.401899315;2271993.821195295;2542990.262224833;2846310.325953354;3185809.474764127;3565803.038745301;3991121.067296888;4467169.723268114;4999999.999999929
2;5349215333330;50;phasez;-1.54144;-1.54079;-1.54068;-1.54032;-1.54004;-1.53955;-1.5391;-1.53845;-1.53764;-1.53681;-1.53587;-1.53462;-1.53337;-1.53185;-1.53012;-1.52825;-1.52607;-1.52365;-1.52095;-1.51786;-1.51445;-1.51059;-1.50629;-1.50145;-1.49602;-1.48993;-1.48313;-1.47548;-1.46692;-1.45731;-1.44651;-1.43438;-1.42078;-1.4055;-1.38832;-1.36902;-1.34732;-1.3229;-1.2954;-1.2644;-1.22943;-1.18992;-1.14524;-1.09461;-1.03706;-0.971623;-0.896973;-0.811644;-0.713924;-0.601827
3;5349534798347;20;absz;17658.7;14421.1;11771.6;9610.85;7847.52;6405.98;5229.48;4268.42;3483.5;2842.44;2318.47;1890.27;1540.61;1254.63;1020.88;829.737;673.534;546.183;442.972;360.548
3;5349534798347;20;frequency;99999.99999990905;122862.535599424;150952.0265389597;185463.4873444638;227865.1431623047;279960.8926363817;343967.05137965;422606.6409511731;519225.2346839865;637933.2888043621;783781.0140572543;962973.2274171232;1183133.324347452;1453627.601814205;1785963.729760951;2194280.323268956;2695948.443325946;3312310.615921419;4069588.809647371;4999999.999999929
3;5349534798347;20;phasez;-1.52925;-1.52602;-1.52192;-1.51689;-1.5106;-1.50274;-1.49306;-1.48107;-1.46623;-1.44785;-1.42508;-1.39686;-1.36183;-1.31832;-1.26409;-1.19626;-1.11092;-1.00289;-0.864944;-0.687501
