0;3696251322443;20;absz;1.60873e+08;1.16893e+08;8.49391e+07;6.16611e+07;4.47738e+07;3.24838e+07;2.35882e+07;1.71137e+07;1.24142e+07;9.00297e+06;6.52866e+06;4.73337e+06;3.43131e+06;2.4871e+06;1.80242e+06;1.30599e+06;946177;685402;496432;359540
0;3696251322443;20;frequency;9.999999974752427;13.86918846435492;19.23543905490988;26.67799336109056;37.00021196095804;51.31629158938722;71.17153245417285;98.70914048804025;136.9015682683994;189.8713664161278;263.3361782500288;365.2259113806622;506.5387032487934;702.5280792305466;974.3494403835484;1351.343611730726;1874.203936580443;2599.368780806799;3605.113577052066;4999.99999995282
0;3696251322443;20;phasez;-1.53294;-1.53432;-1.5352;-1.53642;-1.53758;-1.53824;-1.53964;-1.54042;-1.54126;-1.54183;-1.54241;-1.54273;-1.5429;-1.54281;-1.54236;-1.54142;-1.53983;-1.53733;-1.53356;-1.52811
1;3697021591458;50;absz;8.4796e+06;7.24728e+06;6.20266e+06;5.29266e+06;4.52728e+06;3.86707e+06;3.30894e+06;2.82407e+06;2.41516e+06;2.06374e+06;1.76292e+06;1.50683e+06;1.28724e+06;1.10006e+06;939744;802955;685979;586061;500686;427727;365388;312147;266656;227796;194602;166240;142014;121320;103642;88538.5;75635.6;64615;55198.8;47154.8;40282.6;34410.6;29393.5;25106.2;21442.6;18312.1;15636.3;13348.8;11393.5;9721.01;8290.79;7066.62;6018.43;5120.13;4349.4;3687.25
1;3697021591458;50;frequency;199.9999999213742;234.625769479635;275.2462588517801;322.8993264769997;378.802514688914;444.3841576318164;521.3198749487447;611.5753842550475;717.456725922716;841.6691823498468;987.3863981368913;1158.33146786315;1358.872060208682;1594.132014446359;1870.122253535556;2193.894364737048;2573.720768452858;3019.306079821149;3542.035062906734;4155.263512473084;4874.659497176026;5718.603679767398;6708.658946337209;7870.121340545211;9232.666380967203;10831.10727442716;12706.28439819177;14906.10877695531;17486.78621595445;20514.25336674129;24065.86241733066;28232.35745111674;33120.19296963342;38854.25382030405;45581.04601983359;53472.44000269313;62730.06193403319;73590.44528463698;86331.07429211862;101277.4737211686;118811.5260634959;139381.228686517;163512.140226203;191820.8086789974;225030.524286467;263989.7996954232;309694.0495706946;363311.0235703185;426210.642505751;499999.9999999716
1;3697021591458;50;phasez;-1.54301;-1.54189;-1.54428;-1.54407;-1.5435;-1.54559;-1.54473;-1.54575;-1.54556;-1.5459;-1.54641;-1.54655;-1.54673;-1.54707;-1.54719;-1.54731;-1.54738;-1.54754;-1.54754;-1.54759;-1.54753;-1.54743;-1.54727;-1.54704;-1.54675;-1.54637;-1.54592;-1.54536;-1.5447;-1.54392;-1.543;-1.54194;-1.54069;-1.53922;-1.53752;-1.53553;-1.5332;-1.53046;-1.52724;-1.52344;-1.51897;-1.51369;-1.50745;-1.50008;-1.49136;-1.48102;-1.46873;-1.4541;-1.4366;-1.41557
2;3697793512411;50;absz;91266.7;81618.4;73010;65340.9;58448.5;52297.7;46787.3;41856.7;37455.5;33502.9;29972.4;26811.8;23985.6;21459;19196.6;17173.4;15362.9;13743.9;12295;10999.1;9838.91;8801.04;7872.77;7041.91;6298.7;5633.88;5039.01;4506.69;4030.57;3604.48;3223.27;2882.12;2576.91;2303.8;2059.39;1840.74;1645.06;1469.96;1313.24;1172.98;1047.46;935.141;834.623;744.683;664.402;592.713;528.836;472.15;422.111;378.348
2;3697793512411;50;frequency;20000.00000002444;22385.53853899816;25055.61678390222;28044.17375656954;31389.19662092121;35133.2035329932;39323.78408414649;44014.2042055669;49264.08322518227;55140.1516811012;61717.09952482729;69078.52549602467;77317.99973512921;86540.25314108083;96862.50859274992;108415.9709538568;121347.4948009008;135821.4510731415;152021.8163702936;170154.5114554648;190450.0186878266;213166.3116533389;238592.1342356312;267050.6708003728;298903.6541519141;334555.9634717432;374460.7706856584;419125.3006744233;469117.2785435782;525072.1459047724;587701.13789258;657800.3235824071;736260.7247225839;824079.6413975459;922373.3285811875;1032391.184709951;1155531.632626961;1293359.894754076;1447627.888434013;1620296.494325686;1813560.480908265;2029876.401899315;2271993.821195295;2542990.262224833;2846310.325953354;3185809.474764127;3565803.038745301;3991121.067296888;4467169.723268114;4999999.999999929
2;3697793512411;50;phasez;-1.54772;-1.54721;-1.54676;-1.54662;-1.54601;-1.54551;-1.54485;-1.54435;-1.54352;-1.54255;-1.54158;-1.54037;-1.53913;-1.53758;-1.53593;-1.53394;-1.53196;-1.52956;-1.52683;-1.5238;-1.52037;-1.51658;-1.51227;-1.50745;-1.50204;-1.49598;-1.48917;-1.48153;-1.47294;-1.46328;-1.45249;-1.44034;-1.42668;-1.41134;-1.39411;-1.37474;-1.35296;-1.32845;-1.30085;-1.26975;-1.23467;-1.19505;-1.15026;-1.09951;-1.04185;-0.976322;-0.901587;-0.816193;-0.71842;-0.606312
3;3698109896672;20;absz;18687.7;15251.8;12442.2;10149.4;8280.53;6754.41;5508.94;4492.92;3663.45;2986.81;2434.28;1983.18;1615.05;1314.37;1068.81;868.273;704.576;571.301;463.417;377.433
3;3698109896672;20;frequency;99999.99999990905;122862.535599424;150952.0265389597;185463.4873444638;227865.1431623047;279960.8926363817;343967.05137965;422606.6409511731;519225.2346839865;637933.2888043621;783781.0140572543;962973.2274171232;1183133.324347452;1453627.601814205;1785963.729760951;2194280.323268956;2695948.443325946;3312310.615921419;4069588.809647371;4999999.999999929
3;3698109896672;20;phasez;-1.53498;-1.53192;-1.52785;-1.52275;-1.51654;-1.50877;-1.4991;-1.48712;-1.47225;-1.45381;-1.43097;-1.40261;-1.36746;-1.32376;-1.26934;-1.2013;-1.11575;-1.00755;-0.869471;-0.69199
