0;10453322881673;20;absz;1.36001e+08;9.91146e+07;7.22519e+07;5.26387e+07;3.83323e+07;2.78974e+07;2.03095e+07;1.47751e+07;1.07474e+07;7.81535e+06;5.68273e+06;4.13104e+06;3.00251e+06;2.1819e+06;1.5854e+06;1.15178e+06;836651;607646;441253;320376
0;10453322881673;20;frequency;9.999999974752427;13.86918846435492;19.23543905490988;26.67799336109056;37.00021196095804;51.31629158938722;71.17153245417285;98.70914048804025;136.9015682683994;189.8713664161278;263.3361782500288;365.2259113806622;506.5387032487934;702.5280792305466;974.3494403835484;1351.343611730726;1874.203936580443;2599.368780806799;3605.113577052066;4999.99999995282
0;10453322881673;20;phasez;-1.50953;-1.51282;-1.51671;-1.51894;-1.52137;-1.52291;-1.52489;-1.52628;-1.52743;-1.52845;-1.52921;-1.52977;-1.53011;-1.53014;-1.5298;-1.52899;-1.52752;-1.52517;-1.52165;-1.51649
1;10454091652319;50;absz;7.38746e+06;6.30348e+06;5.39904e+06;4.6179e+06;3.95065e+06;3.38246e+06;2.89465e+06;2.47592e+06;2.11879e+06;1.8129e+06;1.55106e+06;1.32737e+06;1.13557e+06;971631;830966;710837;608134;520186;444977;380607;325542;278439;238136;203673;174185;148968;127398;108946;93164.7;79668.4;68125.8;58255.3;49814.1;42595.1;36421;31140.8;26624.3;22762;19458.6;16632.6;14215.4;12147.1;10377.2;8862.07;7564.98;6453.89;5501.65;4684.78;3983.4;3380.16
1;10454091652319;50;frequency;199.9999999213742;234.625769479635;275.2462588517801;322.8993264769997;378.802514688914;444.3841576318164;521.3198749487447;611.5753842550475;717.456725922716;841.6691823498468;987.3863981368913;1158.33146786315;1358.872060208682;1594.132014446359;1870.122253535556;2193.894364737048;2573.720768452858;3019.306079821149;3542.035062906734;4155.263512473084;4874.659497176026;5718.603679767398;6708.658946337209;7870.121340545211;9232.666380967203;10831.10727442716;12706.28439819177;14906.10877695531;17486.78621595445;20514.25336674129;24065.86241733066;28232.35745111674;33120.19296963342;38854.25382030405;45581.04601983359;53472.44000269313;62730.06193403319;73590.44528463698;86331.07429211862;101277.4737211686;118811.5260634959;139381.228686517;163512.140226203;191820.8086789974;225030.524286467;263989.7996954232;309694.0495706946;363311.0235703185;426210.642505751;499999.9999999716
1;10454091652319;50;phasez;-1.53003;-1.53065;-1.52998;-1.53021;-1.53095;-1.53179;-1.53272;-1.53235;-1.53313;-1.53333;-1.53377;-1.53393;-1.53424;-1.53452;-1.53477;-1.53507;-1.53527;-1.53549;-1.53561;-1.53579;-1.5359;-1.53591;-1.53594;-1.53589;-1.53578;-1.53559;-1.53532;-1.53493;-1.53444;-1.53382;-1.53303;-1.5321;-1.53096;-1.52959;-1.52797;-1.52605;-1.52378;-1.52108;-1.51789;-1.51412;-1.50966;-1.50438;-1.49814;-1.49075;-1.482;-1.47161;-1.45928;-1.44459;-1.42702;-1.40592
2;10454861682775;50;absz;82060.1;73468.3;65775.8;58884;52733;47210.7;42249.8;37831.3;33866.9;30322.5;27141.8;24296;21751.7;19470.9;17429.9;15603.5;13967.4;12503.7;11192.4;10018.7;8967.74;8027.44;7185.05;6431.3;5756.26;5152.16;4611.12;4126.87;3693.41;3305.13;2957.66;2646.46;2367.83;2118.38;1894.97;1694.89;1515.73;1355.25;1211.5;1082.75;967.4;864.075;771.553;688.68;614.598;548.365;489.282;436.782;390.359;349.672
2;10454861682775;50;frequency;20000.00000002444;22385.53853899816;25055.61678390222;28044.17375656954;31389.19662092121;35133.2035329932;39323.78408414649;44014.2042055669;49264.08322518227;55140.1516811012;61717.09952482729;69078.52549602467;77317.99973512921;86540.25314108083;96862.50859274992;108415.9709538568;121347.4948009008;135821.4510731415;152021.8163702936;170154.5114554648;190450.0186878266;213166.3116533389;238592.1342356312;267050.6708003728;298903.6541519141;334555.9634717432;374460.7706856584;419125.3006744233;469117.2785435782;525072.1459047724;587701.13789258;657800.3235824071;736260.7247225839;824079.6413975459;922373.3285811875;1032391.184709951;1155531.632626961;1293359.894754076;1447627.888434013;1620296.494325686;1813560.480908265;2029876.401899315;2271993.821195295;2542990.262224833;2846310.325953354;3185809.474764127;3565803.038745301;3991121.067296888;4467169.723268114;4999999.999999929
2;10454861682775;50;phasez;-1.53747;-1.53699;-1.53708;-1.5367;-1.53627;-1.53588;-1.53527;-1.53471;-1.53407;-1.53316;-1.53219;-1.53101;-1.52972;-1.52828;-1.52661;-1.52474;-1.52262;-1.52021;-1.51746;-1.51447;-1.51108;-1.50722;-1.50292;-1.49806;-1.49261;-1.48653;-1.47966;-1.47198;-1.46336;-1.45367;-1.44281;-1.43062;-1.41695;-1.40159;-1.38433;-1.36495;-1.34317;-1.31865;-1.29106;-1.25996;-1.22489;-1.18529;-1.14049;-1.08971;-1.03204;-0.966444;-0.891599;-0.806039;-0.708034;-0.595593
3;10455178976794;20;absz;16968.5;13863.7;11321.9;9248.21;7554.1;6168.87;5037.96;4113.58;3358.81;2741.74;2237.32;1825.01;1488.11;1212.44;986.978;802.494;651.619;528.531;428.654;348.805
3;10455178976794;20;frequency;99999.99999990905;122862.535599424;150952.0265389597;185463.4873444638;227865.1431623047;279960.8926363817;343967.05137965;422606.6409511731;519225.2346839865;637933.2888043621;783781.0140572543;962973.2274171232;1183133.324347452;1453627.601814205;1785963.729760951;2194280.323268956;2695948.443325946;3312310.615921419;4069588.809647371;4999999.999999929
3;10455178976794;20;phasez;-1.52574;-1.52251;-1.51851;-1.51351;-1.50719;-1.49937;-1.48964;-1.47756;-1.46261;-1.4441;-1.4212;-1.39282;-1.35766;-1.31397;-1.25956;-1.19153;-1.10597;-0.997643;-0.859286;-0.681281
