0;9479595565482;20;absz;1.36216e+08;9.93655e+07;7.24237e+07;5.27539e+07;3.84127e+07;2.79486e+07;2.03432e+07;1.48012e+07;1.07656e+07;7.82923e+06;5.6926e+06;4.13813e+06;3.00767e+06;2.18566e+06;1.5881e+06;1.15373e+06;838061;608662;441987;320894
0;9479595565482;20;frequency;9.999999974752427;13.86918846435492;19.23543905490988;26.67799336109056;37.00021196095804;51.31629158938722;71.17153245417285;98.70914048804025;136.9015682683994;189.8713664161278;263.3361782500288;365.2259113806622;506.5387032487934;702.5280792305466;974.3494403835484;1351.343611730726;1874.203936580443;2599.368780806799;3605.113577052066;4999.99999995282
0;9479595565482;20;phasez;-1.51045;-1.51418;-1.51737;-1.51963;-1.52171;-1.52402;-1.52511;-1.52647;-1.52761;-1.52854;-1.52929;-1.52985;-1.53018;-1.53021;-1.52986;-1.52902;-1.52759;-1.52527;-1.52177;-1.51663
1;9480366121352;50;absz;7.37937e+06;6.30844e+06;5.40372e+06;4.62828e+06;3.96017e+06;3.38574e+06;2.89968e+06;2.48122e+06;2.12204e+06;1.81618e+06;1.55366e+06;1.32951e+06;1.13744e+06;973150;832391;712041;609161;521074;445685;381217;326064;278878;238513;203992;174457;149193;127590;109110;93303.3;79785.1;68225.9;58338.8;49884.8;42654.3;36471.1;31182.9;26660.4;22792.3;19484.1;16654.3;14233.6;12162.2;10389.9;8872.88;7574.14;6461.74;5508.27;4690.5;3988.14;3384.15
1;9480366121352;50;frequency;199.9999999213742;234.625769479635;275.2462588517801;322.8993264769997;378.802514688914;444.3841576318164;521.3198749487447;611.5753842550475;717.456725922716;841.6691823498468;987.3863981368913;1158.33146786315;1358.872060208682;1594.132014446359;1870.122253535556;2193.894364737048;2573.720768452858;3019.306079821149;3542.035062906734;4155.263512473084;4874.659497176026;5718.603679767398;6708.658946337209;7870.121340545211;9232.666380967203;10831.10727442716;12706.28439819177;14906.10877695531;17486.78621595445;20514.25336674129;24065.86241733066;28232.35745111674;33120.19296963342;38854.25382030405;45581.04601983359;53472.44000269313;62730.06193403319;73590.44528463698;86331.07429211862;101277.4737211686;118811.5260634959;139381.228686517;163512.140226203;191820.8086789974;225030.524286467;263989.7996954232;309694.0495706946;363311.0235703185;426210.642505751;499999.9999999716
1;9480366121352;50;phasez;-1.53194;-1.53021;-1.53058;-1.53048;-1.53239;-1.53151;-1.53198;-1.53276;-1.53351;-1.53316;-1.53394;-1.53416;-1.53444;-1.53462;-1.53491;-1.53515;-1.53543;-1.53556;-1.53577;-1.53593;-1.53601;-1.53609;-1.5361;-1.53606;-1.53594;-1.53575;-1.53548;-1.53509;-1.5346;-1.53397;-1.53321;-1.53225;-1.53112;-1.52975;-1.52813;-1.52621;-1.52393;-1.52124;-1.51804;-1.51427;-1.50981;-1.50453;-1.49828;-1.49088;-1.48212;-1.47173;-1.45939;-1.4447;-1.42714;-1.40604
2;9481137371076;50;absz;82188.4;73601.2;65887;58990.9;52808.2;47277.3;42323.2;37892.8;33915.1;30363.4;27181.5;24332.4;21782.2;19499.2;17456.1;15625.5;13987;12520.9;11207.2;10032.6;8980.07;8037.78;7194.49;6439.84;5763.69;5158.72;4617.07;4132.09;3697.91;3309.35;2961.33;2649.73;2370.8;2120.98;1897.26;1696.98;1517.55;1356.86;1212.94;1083.99;968.523;865.068;772.44;689.46;615.278;548.979;489.824;437.274;390.799;350.073
2;9481137371076;50;frequency;20000.00000002444;22385.53853899816;25055.61678390222;28044.17375656954;31389.19662092121;35133.2035329932;39323.78408414649;44014.2042055669;49264.08322518227;55140.1516811012;61717.09952482729;69078.52549602467;77317.99973512921;86540.25314108083;96862.50859274992;108415.9709538568;121347.4948009008;135821.4510731415;152021.8163702936;170154.5114554648;190450.0186878266;213166.3116533389;238592.1342356312;267050.6708003728;298903.6541519141;334555.9634717432;374460.7706856584;419125.3006744233;469117.2785435782;525072.1459047724;587701.13789258;657800.3235824071;736260.7247225839;824079.6413975459;922373.3285811875;1032391.184709951;1155531.632626961;1293359.894754076;1447627.888434013;1620296.494325686;1813560.480908265;2029876.401899315;2271993.821195295;2542990.262224833;2846310.325953354;3185809.474764127;3565803.038745301;3991121.067296888;4467169.723268114;4999999.999999929
2;9481137371076;50;phasez;-1.53783;-1.53757;-1.53728;-1.53689;-1.53638;-1.5361;-1.53537;-1.53495;-1.53423;-1.53331;-1.53235;-1.53117;-1.52997;-1.52847;-1.52674;-1.52487;-1.52274;-1.52033;-1.51766;-1.51461;-1.51124;-1.50733;-1.50303;-1.49816;-1.49274;-1.48663;-1.47977;-1.47209;-1.46346;-1.4538;-1.44294;-1.43075;-1.41708;-1.40172;-1.38448;-1.3651;-1.34332;-1.31881;-1.29122;-1.26012;-1.22505;-1.18545;-1.14065;-1.08987;-1.0322;-0.966598;-0.89175;-0.8062;-0.708191;-0.595754
3;9481454439275;20;absz;16995.3;13883.4;11339.9;9261.69;7565.22;6177.79;5045.29;4119.57;3363.43;2745.49;2240.41;1827.45;1490.07;1213.99;988.209;803.475;652.402;529.164;429.168;349.231
3;9481454439275;20;frequency;99999.99999990905;122862.535599424;150952.0265389597;185463.4873444638;227865.1431623047;279960.8926363817;343967.05137965;422606.6409511731;519225.2346839865;637933.2888043621;783781.0140572543;962973.2274171232;1183133.324347452;1453627.601814205;1785963.729760951;2194280.323268956;2695948.443325946;3312310.615921419;4069588.809647371;4999999.999999929
3;9481454439275;20;phasez;-1.52593;-1.52273;-1.51864;-1.51365;-1.5073;-1.49946;-1.48976;-1.47767;-1.46273;-1.44422;-1.42131;-1.39297;-1.35779;-1.31411;-1.2597;-1.19167;-1.1061;-0.997762;-0.859399;-0.681348
