0;5367207014843;20;absz;1.44884e+08;1.05474e+08;7.67479e+07;5.58213e+07;4.05965e+07;2.9512e+07;2.14661e+07;1.56001e+07;1.13391e+07;8.23995e+06;5.98695e+06;4.34949e+06;3.15936e+06;2.29453e+06;1.66611e+06;1.20959e+06;878009;637204;462367;335437
0;5367207014843;20;frequency;9.999999974752427;13.86918846435492;19.23543905490988;26.67799336109056;37.00021196095804;51.31629158938722;71.17153245417285;98.70914048804025;136.9015682683994;189.8713664161278;263.3361782500288;365.2259113806622;506.5387032487934;702.5280792305466;974.3494403835484;1351.343611730726;1874.203936580443;2599.368780806799;3605.113577052066;4999.99999995282
0;5367207014843;20;phasez;-1.52274;-1.52488;-1.52598;-1.52771;-1.52873;-1.53026;-1.5306;-1.53134;-1.53198;-1.53259;-1.53302;-1.53343;-1.53362;-1.53359;-1.53326;-1.53247;-1.53108;-1.52881;-1.52532;-1.52018
1;5367977402644;50;absz;7.78625e+06;6.65034e+06;5.69622e+06;4.86577e+06;4.15886e+06;3.55566e+06;3.0443e+06;2.60479e+06;2.22803e+06;1.90639e+06;1.63034e+06;1.39389e+06;1.19254e+06;1.01967e+06;872018;745744;637725;545295;466250;398666;340860;291417;249158;213012;182105;155680;133088;113770;97254;83135.2;71063.4;60745.3;51923.5;44381.4;37933.8;32422.4;27710.1;23681.6;20237;17292;14774;12620;10777.7;9201.53;7852.31;6697.19;5707.44;4858.72;4129.97;3503.53
1;5367977402644;50;frequency;199.9999999213742;234.625769479635;275.2462588517801;322.8993264769997;378.802514688914;444.3841576318164;521.3198749487447;611.5753842550475;717.456725922716;841.6691823498468;987.3863981368913;1158.33146786315;1358.872060208682;1594.132014446359;1870.122253535556;2193.894364737048;2573.720768452858;3019.306079821149;3542.035062906734;4155.263512473084;4874.659497176026;5718.603679767398;6708.658946337209;7870.121340545211;9232.666380967203;10831.10727442716;12706.28439819177;14906.10877695531;17486.78621595445;20514.25336674129;24065.86241733066;28232.35745111674;33120.19296963342;38854.25382030405;45581.04601983359;53472.44000269313;62730.06193403319;73590.44528463698;86331.07429211862;101277.4737211686;118811.5260634959;139381.228686517;163512.140226203;191820.8086789974;225030.524286467;263989.7996954232;309694.0495706946;363311.0235703185;426210.642505751;499999.9999999716
1;5367977402644;50;phasez;-1.53437;-1.53369;-1.53401;-1.53557;-1.53476;-1.53565;-1.53596;-1.53624;-1.5365;-1.53701;-1.53716;-1.53777;-1.53785;-1.53818;-1.53831;-1.53863;-1.53887;-1.53923;-1.53932;-1.53946;-1.53959;-1.53962;-1.53965;-1.53958;-1.53944;-1.53926;-1.53897;-1.53859;-1.53809;-1.53746;-1.53668;-1.53573;-1.53459;-1.53322;-1.53158;-1.52965;-1.52734;-1.52462;-1.52139;-1.51758;-1.51308;-1.50777;-1.50149;-1.49408;-1.48532;-1.47494;-1.46264;-1.448;-1.43051;-1.40949
2;5368748777052;50;absz;85659.7;76689.7;68639.2;61431.9;54987.4;49222.9;44047.8;39418.1;35281.1;31576.3;28256.6;25291.3;22632.3;20254.8;18127.2;16224;14519.6;12994.3;11629.2;10407.4;9313.75;8335.27;7459.12;6675.16;5973.25;5345.26;4783;4279.72;3829.33;3426.03;3065.13;2741.99;2452.69;2193.73;1961.94;1754.37;1568.52;1402.07;1253.05;1119.63;1000.12;893.121;797.327;711.564;634.933;566.459;505.402;451.178;403.246;361.273
2;5368748777052;50;frequency;20000.00000002444;22385.53853899816;25055.61678390222;28044.17375656954;31389.19662092121;35133.2035329932;39323.78408414649;44014.2042055669;49264.08322518227;55140.1516811012;61717.09952482729;69078.52549602467;77317.99973512921;86540.25314108083;96862.50859274992;108415.9709538568;121347.4948009008;135821.4510731415;152021.8163702936;170154.5114554648;190450.0186878266;213166.3116533389;238592.1342356312;267050.6708003728;298903.6541519141;334555.9634717432;374460.7706856584;419125.3006744233;469117.2785435782;525072.1459047724;587701.13789258;657800.3235824071;736260.7247225839;824079.6413975459;922373.3285811875;1032391.184709951;1155531.632626961;1293359.894754076;1447627.888434013;1620296.494325686;1813560.480908265;2029876.401899315;2271993.821195295;2542990.262224833;2846310.325953354;3185809.474764127;3565803.038745301;3991121.067296888;4467169.723268114;4999999.999999929
2;5368748777052;50;phasez;-1.54102;-1.54088;-1.54069;-1.54017;-1.53987;-1.53951;-1.53902;-1.53838;-1.53748;-1.53672;-1.53571;-1.5346;-1.5333;-1.53175;-1.53008;-1.52823;-1.52607;-1.52364;-1.52088;-1.5178;-1.51438;-1.51055;-1.50621;-1.50136;-1.49598;-1.48988;-1.48308;-1.47545;-1.46687;-1.45725;-1.44645;-1.43434;-1.42073;-1.40546;-1.38828;-1.36898;-1.34728;-1.32285;-1.29534;-1.26434;-1.22936;-1.18986;-1.14517;-1.09452;-1.03698;-0.97156;-0.896894;-0.811563;-0.71384;-0.601733
3;5369066032567;20;absz;17651.4;14414.9;11767.5;9607.95;7844.64;6403.63;5227.84;4266.96;3482.33;2841.49;2317.69;1889.63;1540.11;1254.25;1020.55;829.454;673.313;546.028;442.836;360.428
3;5369066032567;20;frequency;99999.99999990905;122862.535599424;150952.0265389597;185463.4873444638;227865.1431623047;279960.8926363817;343967.05137965;422606.6409511731;519225.2346839865;637933.2888043621;783781.0140572543;962973.2274171232;1183133.324347452;1453627.601814205;1785963.729760951;2194280.323268956;2695948.443325946;3312310.615921419;4069588.809647371;4999999.999999929
3;5369066032567;20;phasez;-1.52922;-1.52602;-1.52187;-1.51683;-1.51049;-1.50268;-1.49302;-1.48102;-1.46617;-1.44779;-1.42501;-1.39681;-1.36178;-1.31826;-1.26403;-1.19619;-1.11084;-1.00281;-0.864855;-0.68739
