0;4030949638127;20;absz;1.56717e+08;1.13907e+08;8.27719e+07;6.0131e+07;4.36869e+07;3.17509e+07;2.3044e+07;1.67288e+07;1.21441e+07;8.81418e+06;6.39556e+06;4.64009e+06;3.36563e+06;2.44076e+06;1.76978e+06;1.28304e+06;929995;674019;488423;353890
0;4030949638127;20;frequency;9.999999974752427;13.86918846435492;19.23543905490988;26.67799336109056;37.00021196095804;51.31629158938722;71.17153245417285;98.70914048804025;136.9015682683994;189.8713664161278;263.3361782500288;365.2259113806622;506.5387032487934;702.5280792305466;974.3494403835484;1351.343611730726;1874.203936580443;2599.368780806799;3605.113577052066;4999.99999995282
0;4030949638127;20;phasez;-1.53155;-1.53156;-1.53261;-1.53365;-1.53482;-1.53579;-1.5365;-1.53748;-1.53819;-1.53889;-1.53946;-1.53994;-1.5402;-1.54023;-1.53987;-1.53904;-1.53752;-1.53512;-1.53148;-1.52619
1;4031719903091;50;absz;8.33198e+06;7.0972e+06;6.07714e+06;5.19188e+06;4.44317e+06;3.79505e+06;3.24106e+06;2.77201e+06;2.36939e+06;2.02554e+06;1.7316e+06;1.47992e+06;1.26476e+06;1.08088e+06;923726;789371;674622;576414;492578;420888;359637;307293;262550;224323;191663;163756;139909;119535;102127;87255.1;74547.5;63692.4;54417.5;46493;39722.4;33936.9;28993.6;24768.6;21157.7;18072.2;15434.2;13178.8;11250.5;9600.98;8189.83;6982.09;5947.56;5060.83;4299.82;3645.83
1;4031719903091;50;frequency;199.9999999213742;234.625769479635;275.2462588517801;322.8993264769997;378.802514688914;444.3841576318164;521.3198749487447;611.5753842550475;717.456725922716;841.6691823498468;987.3863981368913;1158.33146786315;1358.872060208682;1594.132014446359;1870.122253535556;2193.894364737048;2573.720768452858;3019.306079821149;3542.035062906734;4155.263512473084;4874.659497176026;5718.603679767398;6708.658946337209;7870.121340545211;9232.666380967203;10831.10727442716;12706.28439819177;14906.10877695531;17486.78621595445;20514.25336674129;24065.86241733066;28232.35745111674;33120.19296963342;38854.25382030405;45581.04601983359;53472.44000269313;62730.06193403319;73590.44528463698;86331.07429211862;101277.4737211686;118811.5260634959;139381.228686517;163512.140226203;191820.8086789974;225030.524286467;263989.7996954232;309694.0495706946;363311.0235703185;426210.642505751;499999.9999999716
1;4031719903091;50;phasez;-1.54015;-1.54113;-1.54137;-1.54098;-1.54167;-1.54115;-1.54251;-1.54272;-1.54292;-1.54343;-1.5439;-1.5442;-1.54454;-1.54458;-1.54474;-1.54508;-1.5453;-1.54539;-1.54547;-1.54555;-1.54559;-1.54557;-1.54548;-1.54534;-1.54513;-1.54482;-1.54441;-1.5439;-1.54328;-1.5425;-1.54161;-1.54053;-1.53926;-1.53778;-1.53604;-1.53402;-1.53165;-1.52888;-1.52562;-1.5218;-1.51731;-1.51201;-1.50577;-1.4984;-1.48968;-1.47935;-1.46709;-1.45249;-1.43503;-1.41403
2;4032490945092;50;absz;89909.2;80447.8;72005.9;64411.9;57635.5;51572.5;46136.9;41280.7;36937.6;33045.3;29565.6;26453.2;23667.6;21177.5;18946.2;16952.5;15166.5;13570.2;12141.6;10862.3;9717.85;8694.72;7778.16;6958.44;6224.77;5568.44;4981.18;4455.57;3985.34;3564.45;3187.88;2850.87;2549.24;2279.27;2037.73;1821.56;1628.07;1454.9;1299.91;1161.13;1036.94;925.791;826.305;737.294;657.801;586.817;523.564;467.418;417.825;374.434
2;4032490945092;50;frequency;20000.00000002444;22385.53853899816;25055.61678390222;28044.17375656954;31389.19662092121;35133.2035329932;39323.78408414649;44014.2042055669;49264.08322518227;55140.1516811012;61717.09952482729;69078.52549602467;77317.99973512921;86540.25314108083;96862.50859274992;108415.9709538568;121347.4948009008;135821.4510731415;152021.8163702936;170154.5114554648;190450.0186878266;213166.3116533389;238592.1342356312;267050.6708003728;298903.6541519141;334555.9634717432;374460.7706856584;419125.3006744233;469117.2785435782;525072.1459047724;587701.13789258;657800.3235824071;736260.7247225839;824079.6413975459;922373.3285811875;1032391.184709951;1155531.632626961;1293359.894754076;1447627.888434013;1620296.494325686;1813560.480908265;2029876.401899315;2271993.821195295;2542990.262224833;2846310.325953354;3185809.474764127;3565803.038745301;3991121.067296888;4467169.723268114;4999999.999999929
2;4032490945092;50;phasez;-1.54617;-1.54597;-1.54563;-1.54527;-1.54464;-1.5443;-1.54352;-1.54289;-1.54213;-1.54111;-1.54009;-1.53881;-1.53757;-1.53607;-1.53431;-1.5324;-1.53025;-1.52786;-1.52512;-1.52209;-1.5187;-1.51487;-1.5106;-1.50577;-1.5004;-1.49437;-1.48755;-1.47994;-1.47139;-1.46179;-1.451;-1.43887;-1.42527;-1.40998;-1.39279;-1.37347;-1.35174;-1.3273;-1.29976;-1.26872;-1.23371;-1.19416;-1.14943;-1.09874;-1.04116;-0.975703;-0.901032;-0.815699;-0.717988;-0.605943
3;4032807152001;20;absz;18447.5;15057.2;12287.1;10025.3;8181.12;6674.86;5445.39;4442.14;3622.85;2954.43;2408.35;1962.43;1598.42;1301.05;1058.11;859.638;697.622;565.638;458.782;373.561
3;4032807152001;20;frequency;99999.99999990905;122862.535599424;150952.0265389597;185463.4873444638;227865.1431623047;279960.8926363817;343967.05137965;422606.6409511731;519225.2346839865;637933.2888043621;783781.0140572543;962973.2274171232;1183133.324347452;1453627.601814205;1785963.729760951;2194280.323268956;2695948.443325946;3312310.615921419;4069588.809647371;4999999.999999929
3;4032807152001;20;phasez;-1.53335;-1.53024;-1.52611;-1.52112;-1.51488;-1.50712;-1.4975;-1.48553;-1.47071;-1.45234;-1.42958;-1.4013;-1.36625;-1.32267;-1.26836;-1.20045;-1.11503;-1.00695;-0.86898;-0.691592
