0;3495349108048;20;absz;1.63783e+08;1.18902e+08;8.63264e+07;6.26733e+07;4.54813e+07;3.29807e+07;2.39382e+07;1.73586e+07;1.25868e+07;9.12525e+06;6.61484e+06;4.79436e+06;3.4743e+06;2.51732e+06;1.82361e+06;1.32091e+06;956654;692779;501660;363246
0;3495349108048;20;frequency;9.999999974752427;13.86918846435492;19.23543905490988;26.67799336109056;37.00021196095804;51.31629158938722;71.17153245417285;98.70914048804025;136.9015682683994;189.8713664161278;263.3361782500288;365.2259113806622;506.5387032487934;702.5280792305466;974.3494403835484;1351.343611730726;1874.203936580443;2599.368780806799;3605.113577052066;4999.99999995282
0;3495349108048;20;phasez;-1.53594;-1.53644;-1.53739;-1.53847;-1.53971;-1.54033;-1.54142;-1.54241;-1.54312;-1.5437;-1.54413;-1.54447;-1.5446;-1.54446;-1.54397;-1.54296;-1.54125;-1.53861;-1.53472;-1.52914
1;3496119037582;50;absz;8.61028e+06;7.3411e+06;6.28019e+06;5.36716e+06;4.58112e+06;3.92006e+06;3.34673e+06;2.86141e+06;2.44424e+06;2.08719e+06;1.78373e+06;1.52439e+06;1.30232e+06;1.11237e+06;950253;811739;693375;592299;505931;432171;369170;315355;269370;230099;196549;167896;143421;122512;104652;89393.9;76361;65229.7;55719.8;47595.3;40654.7;34724.8;29658.8;25329.7;21631.7;18471.3;15770.4;13462.1;11488.8;9801.55;8358.38;7123.53;6066.28;5160.3;4383.09;3715.44
1;3496119037582;50;frequency;199.9999999213742;234.625769479635;275.2462588517801;322.8993264769997;378.802514688914;444.3841576318164;521.3198749487447;611.5753842550475;717.456725922716;841.6691823498468;987.3863981368913;1158.33146786315;1358.872060208682;1594.132014446359;1870.122253535556;2193.894364737048;2573.720768452858;3019.306079821149;3542.035062906734;4155.263512473084;4874.659497176026;5718.603679767398;6708.658946337209;7870.121340545211;9232.666380967203;10831.10727442716;12706.28439819177;14906.10877695531;17486.78621595445;20514.25336674129;24065.86241733066;28232.35745111674;33120.19296963342;38854.25382030405;45581.04601983359;53472.44000269313;62730.06193403319;73590.44528463698;86331.07429211862;101277.4737211686;118811.5260634959;139381.228686517;163512.140226203;191820.8086789974;225030.524286467;263989.7996954232;309694.0495706946;363311.0235703185;426210.642505751;499999.9999999716
1;3496119037582;50;phasez;-1.54622;-1.5451;-1.54699;-1.54572;-1.5472;-1.54583;-1.54713;-1.54693;-1.54721;-1.54752;-1.54807;-1.5482;-1.54816;-1.54853;-1.54856;-1.54871;-1.54876;-1.54874;-1.54873;-1.54867;-1.54857;-1.54839;-1.54821;-1.54793;-1.54762;-1.54724;-1.54677;-1.54622;-1.54556;-1.5448;-1.54388;-1.54285;-1.54161;-1.54016;-1.53847;-1.5365;-1.53418;-1.53144;-1.52822;-1.52443;-1.51996;-1.51467;-1.50843;-1.50105;-1.49231;-1.48195;-1.46965;-1.45501;-1.4375;-1.41644
2;3496890576145;50;absz;92130.3;82422.5;73741.3;65954.1;59006.5;52787;47224.8;42244;37793.6;33806.3;30243;27052.8;24199;21646.9;19364.4;17322.5;15495.8;13860.5;12398.7;11090.7;9920.3;8873.33;7936.51;7098.38;6348.91;5678.28;5078.62;4541.76;4061.49;3631.85;3247.57;2903.68;2595.98;2320.8;2074.5;1854.09;1656.91;1480.45;1322.52;1181.22;1054.78;941.648;840.414;749.853;669.01;596.832;532.534;475.478;425.114;381.074
2;3496890576145;50;frequency;20000.00000002444;22385.53853899816;25055.61678390222;28044.17375656954;31389.19662092121;35133.2035329932;39323.78408414649;44014.2042055669;49264.08322518227;55140.1516811012;61717.09952482729;69078.52549602467;77317.99973512921;86540.25314108083;96862.50859274992;108415.9709538568;121347.4948009008;135821.4510731415;152021.8163702936;170154.5114554648;190450.0186878266;213166.3116533389;238592.1342356312;267050.6708003728;298903.6541519141;334555.9634717432;374460.7706856584;419125.3006744233;469117.2785435782;525072.1459047724;587701.13789258;657800.3235824071;736260.7247225839;824079.6413975459;922373.3285811875;1032391.184709951;1155531.632626961;1293359.894754076;1447627.888434013;1620296.494325686;1813560.480908265;2029876.401899315;2271993.821195295;2542990.262224833;2846310.325953354;3185809.474764127;3565803.038745301;3991121.067296888;4467169.723268114;4999999.999999929
2;3496890576145;50;phasez;-1.54835;-1.54777;-1.54762;-1.54746;-1.54701;-1.54648;-1.54614;-1.54522;-1.54449;-1.54353;-1.54255;-1.5414;-1.54009;-1.53865;-1.53695;-1.53507;-1.5329;-1.53049;-1.52781;-1.52478;-1.52135;-1.51752;-1.51325;-1.50839;-1.50295;-1.49691;-1.49009;-1.48242;-1.47383;-1.46418;-1.45332;-1.44115;-1.42749;-1.41213;-1.39488;-1.37547;-1.35365;-1.32911;-1.30147;-1.27033;-1.23521;-1.19556;-1.15071;-1.09989;-1.04219;-0.976622;-0.901827;-0.816378;-0.718552;-0.606394
3;3497205017936;20;absz;18852.9;15382;12546.9;10233.5;8347.42;6808.41;5552.12;4527.86;3691.32;3009.29;2452.22;1997.57;1626.62;1323.68;1076.29;874.289;709.455;575.267;466.678;380.15
3;3497205017936;20;frequency;99999.99999990905;122862.535599424;150952.0265389597;185463.4873444638;227865.1431623047;279960.8926363817;343967.05137965;422606.6409511731;519225.2346839865;637933.2888043621;783781.0140572543;962973.2274171232;1183133.324347452;1453627.601814205;1785963.729760951;2194280.323268956;2695948.443325946;3312310.615921419;4069588.809647371;4999999.999999929
3;3497205017936;20;phasez;-1.53609;-1.53284;-1.52882;-1.52383;-1.51751;-1.50967;-1.50002;-1.488;-1.4731;-1.45462;-1.43174;-1.40336;-1.36814;-1.32439;-1.26989;-1.20177;-1.11613;-1.00783;-0.869637;-0.692058
