0;5579211704027;20;absz;1.43714e+08;1.0462e+08;7.61338e+07;5.53947e+07;4.02907e+07;2.92858e+07;2.12994e+07;1.54841e+07;1.12556e+07;8.1795e+06;5.94377e+06;4.31842e+06;3.13708e+06;2.27856e+06;1.65469e+06;1.2014e+06;872163;633057;459416;333350
0;5579211704027;20;frequency;9.999999974752427;13.86918846435492;19.23543905490988;26.67799336109056;37.00021196095804;51.31629158938722;71.17153245417285;98.70914048804025;136.9015682683994;189.8713664161278;263.3361782500288;365.2259113806622;506.5387032487934;702.5280792305466;974.3494403835484;1351.343611730726;1874.203936580443;2599.368780806799;3605.113577052066;4999.99999995282
0;5579211704027;20;phasez;-1.52174;-1.52361;-1.52524;-1.52701;-1.52785;-1.52852;-1.53003;-1.53078;-1.53155;-1.53211;-1.53258;-1.53294;-1.53313;-1.53309;-1.53274;-1.53191;-1.53048;-1.52818;-1.52468;-1.51954
1;5579981461702;50;absz;7.71294e+06;6.59539e+06;5.64647e+06;4.82696e+06;4.12978e+06;3.53429e+06;3.02355e+06;2.58559e+06;2.21259e+06;1.89218e+06;1.619e+06;1.38456e+06;1.18435e+06;1.01307e+06;866267;740846;633558;541809;463291;396166;338742;289647;247647;211732;181025;154766;132313;113116;96701.1;82665.1;70667.2;60408.9;51639.1;44140.4;37729.9;32249.4;27563.4;23557.3;20131.7;17202.6;14697.6;12555.2;10722.7;9154.79;7812.66;6663.67;5679.03;4834.75;4109.79;3486.63
1;5579981461702;50;frequency;199.9999999213742;234.625769479635;275.2462588517801;322.8993264769997;378.802514688914;444.3841576318164;521.3198749487447;611.5753842550475;717.456725922716;841.6691823498468;987.3863981368913;1158.33146786315;1358.872060208682;1594.132014446359;1870.122253535556;2193.894364737048;2573.720768452858;3019.306079821149;3542.035062906734;4155.263512473084;4874.659497176026;5718.603679767398;6708.658946337209;7870.121340545211;9232.666380967203;10831.10727442716;12706.28439819177;14906.10877695531;17486.78621595445;20514.25336674129;24065.86241733066;28232.35745111674;33120.19296963342;38854.25382030405;45581.04601983359;53472.44000269313;62730.06193403319;73590.44528463698;86331.07429211862;101277.4737211686;118811.5260634959;139381.228686517;163512.140226203;191820.8086789974;225030.524286467;263989.7996954232;309694.0495706946;363311.0235703185;426210.642505751;499999.9999999716
1;5579981461702;50;phasez;-1.5321;-1.5327;-1.53501;-1.53425;-1.53383;-1.53518;-1.53473;-1.53576;-1.53657;-1.53628;-1.53668;-1.53697;-1.5374;-1.53762;-1.53783;-1.53804;-1.5382;-1.53847;-1.53867;-1.5388;-1.53894;-1.53899;-1.539;-1.53894;-1.53885;-1.53866;-1.53839;-1.53801;-1.53752;-1.5369;-1.53614;-1.53522;-1.53409;-1.53274;-1.53112;-1.5292;-1.52692;-1.5242;-1.52099;-1.51719;-1.5127;-1.50739;-1.50113;-1.4937;-1.48493;-1.47455;-1.46223;-1.44758;-1.43008;-1.40904
2;5580751419204;50;absz;85196.7;76240.8;68239.9;61094.8;54680.6;48948.1;43799.3;39205.8;35091.5;31405.4;28108;25156.6;22512.7;20148.6;18032;16139.1;14443.6;12927.1;11569.2;10353.5;9266.03;8292.44;7421.3;6641.25;5943.26;5318.5;4759.32;4258.65;3810.56;3409.38;3050.22;2728.76;2440.96;2183.36;1952.64;1746.09;1561.18;1395.58;1247.29;1114.49;995.567;889.07;793.72;708.346;632.059;563.905;503.132;449.142;401.431;359.647
2;5580751419204;50;frequency;20000.00000002444;22385.53853899816;25055.61678390222;28044.17375656954;31389.19662092121;35133.2035329932;39323.78408414649;44014.2042055669;49264.08322518227;55140.1516811012;61717.09952482729;69078.52549602467;77317.99973512921;86540.25314108083;96862.50859274992;108415.9709538568;121347.4948009008;135821.4510731415;152021.8163702936;170154.5114554648;190450.0186878266;213166.3116533389;238592.1342356312;267050.6708003728;298903.6541519141;334555.9634717432;374460.7706856584;419125.3006744233;469117.2785435782;525072.1459047724;587701.13789258;657800.3235824071;736260.7247225839;824079.6413975459;922373.3285811875;1032391.184709951;1155531.632626961;1293359.894754076;1447627.888434013;1620296.494325686;1813560.480908265;2029876.401899315;2271993.821195295;2542990.262224833;2846310.325953354;3185809.474764127;3565803.038745301;3991121.067296888;4467169.723268114;4999999.999999929
2;5580751419204;50;phasez;-1.54055;-1.54004;-1.54001;-1.54003;-1.53942;-1.53899;-1.53865;-1.53789;-1.53721;-1.53634;-1.53525;-1.5341;-1.53291;-1.53141;-1.52969;-1.52774;-1.52567;-1.52321;-1.52052;-1.51744;-1.51399;-1.51015;-1.50584;-1.501;-1.49557;-1.48946;-1.48263;-1.47501;-1.46642;-1.45679;-1.44599;-1.43386;-1.42025;-1.40496;-1.38779;-1.36848;-1.34676;-1.32233;-1.29482;-1.26381;-1.22883;-1.1893;-1.14461;-1.09394;-1.03638;-0.970937;-0.89626;-0.810894;-0.713135;-0.600991
3;5581069046336;20;absz;17557.9;14339.2;11706.5;9557.79;7804.23;6371.14;5201.39;4245.66;3465.14;2827.65;2306.58;1880.69;1532.9;1248.44;1015.85;825.69;670.271;543.559;440.836;358.782
3;5581069046336;20;frequency;99999.99999990905;122862.535599424;150952.0265389597;185463.4873444638;227865.1431623047;279960.8926363817;343967.05137965;422606.6409511731;519225.2346839865;637933.2888043621;783781.0140572543;962973.2274171232;1183133.324347452;1453627.601814205;1785963.729760951;2194280.323268956;2695948.443325946;3312310.615921419;4069588.809647371;4999999.999999929
3;5581069046336;20;phasez;-1.52872;-1.52561;-1.5215;-1.51644;-1.51013;-1.50229;-1.49259;-1.4806;-1.46571;-1.44733;-1.42455;-1.39631;-1.36129;-1.31774;-1.26349;-1.19564;-1.11026;-1.0022;-0.864195;-0.686651
