0;5715955382425;20;absz;1.42934e+08;1.04137e+08;7.58047e+07;5.51333e+07;4.01044e+07;2.91781e+07;2.12069e+07;1.54171e+07;1.1207e+07;8.14462e+06;5.919e+06;4.30048e+06;3.12418e+06;2.26928e+06;1.64805e+06;1.19669e+06;868792;630633;457696;332129
0;5715955382425;20;frequency;9.999999974752427;13.86918846435492;19.23543905490988;26.67799336109056;37.00021196095804;51.31629158938722;71.17153245417285;98.70914048804025;136.9015682683994;189.8713664161278;263.3361782500288;365.2259113806622;506.5387032487934;702.5280792305466;974.3494403835484;1351.343611730726;1874.203936580443;2599.368780806799;3605.113577052066;4999.99999995282
0;5715955382425;20;phasez;-1.52141;-1.52304;-1.52493;-1.52629;-1.52768;-1.52849;-1.52974;-1.53058;-1.53122;-1.53184;-1.53232;-1.53267;-1.53286;-1.53282;-1.53246;-1.53167;-1.5302;-1.52786;-1.52434;-1.51917
1;5716726209055;50;absz;7.67766e+06;6.56602e+06;5.62367e+06;4.80578e+06;4.10901e+06;3.51704e+06;3.01038e+06;2.57602e+06;2.20335e+06;1.88594e+06;1.6122e+06;1.37905e+06;1.17974e+06;1.00892e+06;862963;738032;631128;539747;461549;394684;337506;288583;246749;210975;180381;154225;131860;112732;96375.1;82394;70437.1;60214;51473.9;44000.6;37611.8;32149.5;27478.9;23485.5;20070.9;17151.1;14654.4;12518.7;10691.7;9128.41;7790.38;6644.67;5662.98;4821.11;4098.3;3476.81
1;5716726209055;50;frequency;199.9999999213742;234.625769479635;275.2462588517801;322.8993264769997;378.802514688914;444.3841576318164;521.3198749487447;611.5753842550475;717.456725922716;841.6691823498468;987.3863981368913;1158.33146786315;1358.872060208682;1594.132014446359;1870.122253535556;2193.894364737048;2573.720768452858;3019.306079821149;3542.035062906734;4155.263512473084;4874.659497176026;5718.603679767398;6708.658946337209;7870.121340545211;9232.666380967203;10831.10727442716;12706.28439819177;14906.10877695531;17486.78621595445;20514.25336674129;24065.86241733066;28232.35745111674;33120.19296963342;38854.25382030405;45581.04601983359;53472.44000269313;62730.06193403319;73590.44528463698;86331.07429211862;101277.4737211686;118811.5260634959;139381.228686517;163512.140226203;191820.8086789974;225030.524286467;263989.7996954232;309694.0495706946;363311.0235703185;426210.642505751;499999.9999999716
1;5716726209055;50;phasez;-1.53169;-1.53283;-1.53484;-1.53469;-1.5345;-1.53576;-1.53528;-1.53574;-1.53589;-1.53568;-1.53632;-1.53666;-1.53702;-1.53731;-1.53754;-1.53775;-1.53793;-1.53817;-1.53834;-1.53849;-1.53856;-1.53863;-1.53861;-1.53856;-1.53847;-1.53828;-1.53804;-1.53765;-1.53718;-1.53656;-1.5358;-1.53487;-1.53376;-1.5324;-1.5308;-1.52888;-1.52661;-1.5239;-1.52069;-1.5169;-1.51241;-1.50711;-1.50084;-1.49344;-1.48467;-1.47429;-1.46197;-1.44731;-1.4298;-1.40876
2;5717494419294;50;absz;84907.1;75987.3;68024.7;60881.5;54499.6;48775.6;43667.9;39073.2;34977;31304.6;28015.8;25073.8;22441.6;20086.7;17976;16089.5;14399.9;12887.7;11534.1;10323.1;9238.54;8267.72;7399.15;6621.7;5925.68;5302.84;4745.18;4246.15;3799.5;3399.5;3041.57;2721.03;2434.1;2177.18;1947.19;1741.29;1556.88;1391.75;1243.9;1111.49;992.881;886.694;791.607;706.486;630.418;562.437;501.808;447.971;400.38;358.697
2;5717494419294;50;frequency;20000.00000002444;22385.53853899816;25055.61678390222;28044.17375656954;31389.19662092121;35133.2035329932;39323.78408414649;44014.2042055669;49264.08322518227;55140.1516811012;61717.09952482729;69078.52549602467;77317.99973512921;86540.25314108083;96862.50859274992;108415.9709538568;121347.4948009008;135821.4510731415;152021.8163702936;170154.5114554648;190450.0186878266;213166.3116533389;238592.1342356312;267050.6708003728;298903.6541519141;334555.9634717432;374460.7706856584;419125.3006744233;469117.2785435782;525072.1459047724;587701.13789258;657800.3235824071;736260.7247225839;824079.6413975459;922373.3285811875;1032391.184709951;1155531.632626961;1293359.894754076;1447627.888434013;1620296.494325686;1813560.480908265;2029876.401899315;2271993.821195295;2542990.262224833;2846310.325953354;3185809.474764127;3565803.038745301;3991121.067296888;4467169.723268114;4999999.999999929
2;5717494419294;50;phasez;-1.54033;-1.54016;-1.53956;-1.53936;-1.53912;-1.53876;-1.53813;-1.53758;-1.53694;-1.53594;-1.53503;-1.53398;-1.53254;-1.53106;-1.52944;-1.52749;-1.52538;-1.52293;-1.52029;-1.51719;-1.51375;-1.50993;-1.50559;-1.50073;-1.49534;-1.48923;-1.4824;-1.47475;-1.46615;-1.45652;-1.44572;-1.43357;-1.41994;-1.40465;-1.38746;-1.36813;-1.34642;-1.32197;-1.29444;-1.26341;-1.22841;-1.18887;-1.14415;-1.09344;-1.03586;-0.97037;-0.895654;-0.810236;-0.712415;-0.600191
3;5717811004578;20;absz;17500;14292.4;11668.8;9527.86;7780.71;6351.71;5185.7;4233.01;3454.92;2819.44;2299.95;1875.33;1528.56;1244.94;1013.07;823.452;668.47;542.087;439.659;357.816
3;5717811004578;20;frequency;99999.99999990905;122862.535599424;150952.0265389597;185463.4873444638;227865.1431623047;279960.8926363817;343967.05137965;422606.6409511731;519225.2346839865;637933.2888043621;783781.0140572543;962973.2274171232;1183133.324347452;1453627.601814205;1785963.729760951;2194280.323268956;2695948.443325946;3312310.615921419;4069588.809647371;4999999.999999929
3;5717811004578;20;phasez;-1.52842;-1.52527;-1.52126;-1.51621;-1.50988;-1.50202;-1.49235;-1.48031;-1.46547;-1.44704;-1.42425;-1.39598;-1.36094;-1.31737;-1.26308;-1.19518;-1.10976;-1.00162;-0.863529;-0.685897
