0;10104563848844;20;absz;1.36027e+08;9.9165e+07;7.23168e+07;5.26806e+07;3.83656e+07;2.79115e+07;2.03221e+07;1.47871e+07;1.07544e+07;7.82052e+06;5.68615e+06;4.13341e+06;3.00418e+06;2.1831e+06;1.58625e+06;1.15238e+06;837093;607970;441497;320547
0;10104563848844;20;frequency;9.999999974752427;13.86918846435492;19.23543905490988;26.67799336109056;37.00021196095804;51.31629158938722;71.17153245417285;98.70914048804025;136.9015682683994;189.8713664161278;263.3361782500288;365.2259113806622;506.5387032487934;702.5280792305466;974.3494403835484;1351.343611730726;1874.203936580443;2599.368780806799;3605.113577052066;4999.99999995282
0;10104563848844;20;phasez;-1.51036;-1.51324;-1.51673;-1.5193;-1.52149;-1.52335;-1.52498;-1.52636;-1.5275;-1.52851;-1.52931;-1.52985;-1.53018;-1.5302;-1.52985;-1.52903;-1.52754;-1.52521;-1.52169;-1.51654
1;10105334151683;50;absz;7.3906e+06;6.32092e+06;5.40267e+06;4.62437e+06;3.9553e+06;3.3855e+06;2.89582e+06;2.47705e+06;2.12025e+06;1.81388e+06;1.5519e+06;1.32777e+06;1.13586e+06;971797;831527;711282;608485;520481;445176;380811;325713;278585;238258;203773;174277;149041;127455;108996;93207.2;79704.3;68157.8;58281.2;49836;42613.4;36438;31154.7;26637;22772.7;19467.7;16640.2;14221.6;12152.6;10381.5;8865.98;7568.07;6456.61;5503.97;4686.8;3985.06;3381.54
1;10105334151683;50;frequency;199.9999999213742;234.625769479635;275.2462588517801;322.8993264769997;378.802514688914;444.3841576318164;521.3198749487447;611.5753842550475;717.456725922716;841.6691823498468;987.3863981368913;1158.33146786315;1358.872060208682;1594.132014446359;1870.122253535556;2193.894364737048;2573.720768452858;3019.306079821149;3542.035062906734;4155.263512473084;4874.659497176026;5718.603679767398;6708.658946337209;7870.121340545211;9232.666380967203;10831.10727442716;12706.28439819177;14906.10877695531;17486.78621595445;20514.25336674129;24065.86241733066;28232.35745111674;33120.19296963342;38854.25382030405;45581.04601983359;53472.44000269313;62730.06193403319;73590.44528463698;86331.07429211862;101277.4737211686;118811.5260634959;139381.228686517;163512.140226203;191820.8086789974;225030.524286467;263989.7996954232;309694.0495706946;363311.0235703185;426210.642505751;499999.9999999716
1;10105334151683;50;phasez;-1.53186;-1.52964;-1.52966;-1.53094;-1.53143;-1.53237;-1.53233;-1.53312;-1.53319;-1.53338;-1.53359;-1.53393;-1.53427;-1.53452;-1.5349;-1.53509;-1.53527;-1.53549;-1.53568;-1.53582;-1.53592;-1.53599;-1.536;-1.53594;-1.53585;-1.53565;-1.53537;-1.53499;-1.5345;-1.53388;-1.53309;-1.53214;-1.531;-1.52963;-1.52801;-1.52609;-1.52381;-1.52111;-1.51792;-1.51415;-1.5097;-1.50442;-1.49818;-1.49079;-1.48204;-1.47165;-1.45932;-1.44463;-1.42708;-1.40597
2;10106105278655;50;absz;82131.5;73530.5;65838.4;58925.4;52761.8;47232.7;42288.4;37856.4;33892.4;30337.7;27159.3;24311.3;21764;19483.4;17439.3;15612.4;13975.7;12510.1;11198.8;10024;8973;8031.78;7188.94;6434.79;5759.26;5154.91;4613.62;4129.11;3695.28;3306.91;2959.17;2647.81;2369.01;2119.44;1895.89;1695.75;1516.47;1355.88;1212.09;1083.27;967.846;864.482;771.908;689;614.874;548.617;489.516;436.986;390.532;349.835
2;10106105278655;50;frequency;20000.00000002444;22385.53853899816;25055.61678390222;28044.17375656954;31389.19662092121;35133.2035329932;39323.78408414649;44014.2042055669;49264.08322518227;55140.1516811012;61717.09952482729;69078.52549602467;77317.99973512921;86540.25314108083;96862.50859274992;108415.9709538568;121347.4948009008;135821.4510731415;152021.8163702936;170154.5114554648;190450.0186878266;213166.3116533389;238592.1342356312;267050.6708003728;298903.6541519141;334555.9634717432;374460.7706856584;419125.3006744233;469117.2785435782;525072.1459047724;587701.13789258;657800.3235824071;736260.7247225839;824079.6413975459;922373.3285811875;1032391.184709951;1155531.632626961;1293359.894754076;1447627.888434013;1620296.494325686;1813560.480908265;2029876.401899315;2271993.821195295;2542990.262224833;2846310.325953354;3185809.474764127;3565803.038745301;3991121.067296888;4467169.723268114;4999999.999999929
2;10106105278655;50;phasez;-1.53765;-1.53736;-1.53685;-1.53662;-1.53637;-1.53605;-1.53548;-1.53478;-1.53407;-1.53313;-1.53213;-1.5311;-1.52971;-1.52832;-1.52665;-1.52474;-1.52262;-1.52023;-1.51758;-1.51449;-1.5111;-1.5073;-1.50295;-1.49811;-1.49263;-1.48656;-1.4797;-1.47203;-1.46339;-1.45372;-1.44285;-1.43067;-1.41698;-1.40162;-1.38437;-1.36499;-1.3432;-1.3187;-1.2911;-1.26001;-1.22495;-1.18534;-1.14054;-1.08974;-1.03208;-0.966495;-0.891646;-0.806087;-0.708085;-0.595646
3;10106421693385;20;absz;16980.1;13873.1;11330.4;9254.75;7559.35;6172.94;5041.47;4116.33;3360.95;2743.5;2238.74;1826.13;1488.99;1213.13;987.553;802.948;651.993;528.825;428.888;348.991
3;10106421693385;20;frequency;99999.99999990905;122862.535599424;150952.0265389597;185463.4873444638;227865.1431623047;279960.8926363817;343967.05137965;422606.6409511731;519225.2346839865;637933.2888043621;783781.0140572543;962973.2274171232;1183133.324347452;1453627.601814205;1785963.729760951;2194280.323268956;2695948.443325946;3312310.615921419;4069588.809647371;4999999.999999929
3;10106421693385;20;phasez;-1.52576;-1.52256;-1.51864;-1.51354;-1.50721;-1.49941;-1.48966;-1.47761;-1.46265;-1.44416;-1.42125;-1.39287;-1.3577;-1.31401;-1.2596;-1.19157;-1.10599;-0.997656;-0.859291;-0.681228
