0;9250811609519;20;absz;1.36493e+08;9.94508e+07;7.24519e+07;5.27691e+07;3.84374e+07;2.79684e+07;2.0358e+07;1.48101e+07;1.07727e+07;7.83422e+06;5.69595e+06;4.14059e+06;3.00937e+06;2.1869e+06;1.58896e+06;1.1543e+06;838464;608947;442185;321037
0;9250811609519;20;frequency;9.999999974752427;13.86918846435492;19.23543905490988;26.67799336109056;37.00021196095804;51.31629158938722;71.17153245417285;98.70914048804025;136.9015682683994;189.8713664161278;263.3361782500288;365.2259113806622;506.5387032487934;702.5280792305466;974.3494403835484;1351.343611730726;1874.203936580443;2599.368780806799;3605.113577052066;4999.99999995282
0;9250811609519;20;phasez;-1.51088;-1.51451;-1.5175;-1.51985;-1.52186;-1.52386;-1.5252;-1.52654;-1.52772;-1.52865;-1.52941;-1.52993;-1.53024;-1.53029;-1.52994;-1.52913;-1.52766;-1.52534;-1.52184;-1.51669
1;9251580902558;50;absz;7.39854e+06;6.32543e+06;5.40903e+06;4.6331e+06;3.96113e+06;3.38733e+06;2.90065e+06;2.48257e+06;2.12443e+06;1.81663e+06;1.55473e+06;1.3301e+06;1.13792e+06;973427;832764;712413;609406;521306;445901;381389;326217;279010;238626;204083;174529;149258;127643;109152;93338.3;79815.7;68252.4;58361.9;49904.5;42670.8;36485.3;31195.4;26671.4;22801.4;19492.5;16661.4;14239.5;12167.5;10394.4;8876.73;7577.2;6464.4;5510.5;4692.19;3989.64;3385.4
1;9251580902558;50;frequency;199.9999999213742;234.625769479635;275.2462588517801;322.8993264769997;378.802514688914;444.3841576318164;521.3198749487447;611.5753842550475;717.456725922716;841.6691823498468;987.3863981368913;1158.33146786315;1358.872060208682;1594.132014446359;1870.122253535556;2193.894364737048;2573.720768452858;3019.306079821149;3542.035062906734;4155.263512473084;4874.659497176026;5718.603679767398;6708.658946337209;7870.121340545211;9232.666380967203;10831.10727442716;12706.28439819177;14906.10877695531;17486.78621595445;20514.25336674129;24065.86241733066;28232.35745111674;33120.19296963342;38854.25382030405;45581.04601983359;53472.44000269313;62730.06193403319;73590.44528463698;86331.07429211862;101277.4737211686;118811.5260634959;139381.228686517;163512.140226203;191820.8086789974;225030.524286467;263989.7996954232;309694.0495706946;363311.0235703185;426210.642505751;499999.9999999716
1;9251580902558;50;phasez;-1.53157;-1.52857;-1.53075;-1.53171;-1.53171;-1.53306;-1.53242;-1.53271;-1.53324;-1.53363;-1.53388;-1.53412;-1.53444;-1.53478;-1.53488;-1.53517;-1.53546;-1.53565;-1.53578;-1.53599;-1.53605;-1.53611;-1.53614;-1.5361;-1.53598;-1.53579;-1.53551;-1.53513;-1.53463;-1.53399;-1.53321;-1.53227;-1.53112;-1.52975;-1.52813;-1.52621;-1.52394;-1.52124;-1.51805;-1.51428;-1.50982;-1.50455;-1.4983;-1.49091;-1.48216;-1.47177;-1.45944;-1.44475;-1.42719;-1.40609
2;9252352838412;50;absz;82210;73591.8;65902.7;58997.9;52809.3;47292.5;42336.5;37896.8;33928.3;30374.5;27186.2;24339.3;21786.9;19503.5;17458.2;15627.9;13990.2;12523.7;11210.1;10035.1;8982.5;8039.99;7196.25;6441.26;5765.33;5159.97;4618.32;4133.28;3698.92;3310.14;2962.06;2650.41;2371.35;2121.48;1897.73;1697.37;1517.9;1357.18;1213.18;1084.25;968.712;865.246;772.575;689.58;615.398;549.078;489.921;437.361;390.877;350.147
2;9252352838412;50;frequency;20000.00000002444;22385.53853899816;25055.61678390222;28044.17375656954;31389.19662092121;35133.2035329932;39323.78408414649;44014.2042055669;49264.08322518227;55140.1516811012;61717.09952482729;69078.52549602467;77317.99973512921;86540.25314108083;96862.50859274992;108415.9709538568;121347.4948009008;135821.4510731415;152021.8163702936;170154.5114554648;190450.0186878266;213166.3116533389;238592.1342356312;267050.6708003728;298903.6541519141;334555.9634717432;374460.7706856584;419125.3006744233;469117.2785435782;525072.1459047724;587701.13789258;657800.3235824071;736260.7247225839;824079.6413975459;922373.3285811875;1032391.184709951;1155531.632626961;1293359.894754076;1447627.888434013;1620296.494325686;1813560.480908265;2029876.401899315;2271993.821195295;2542990.262224833;2846310.325953354;3185809.474764127;3565803.038745301;3991121.067296888;4467169.723268114;4999999.999999929
2;9252352838412;50;phasez;-1.53751;-1.53749;-1.53709;-1.53687;-1.53656;-1.53601;-1.53551;-1.53485;-1.53421;-1.53336;-1.53239;-1.53122;-1.52988;-1.52844;-1.52676;-1.52482;-1.52273;-1.52037;-1.51768;-1.51465;-1.51121;-1.50737;-1.50305;-1.49822;-1.49278;-1.48666;-1.47983;-1.47214;-1.46351;-1.45386;-1.44299;-1.43081;-1.41713;-1.40179;-1.38453;-1.36516;-1.34338;-1.31888;-1.29129;-1.2602;-1.22513;-1.18552;-1.14073;-1.08994;-1.03228;-0.966682;-0.891839;-0.806282;-0.708283;-0.595853
3;9252669123272;20;absz;16992.1;13883.9;11338.9;9261.79;7565.27;6178.04;5045.44;4119.74;3363.49;2745.62;2240.45;1827.47;1490.11;1214.02;988.241;803.518;652.432;529.188;429.185;349.245
3;9252669123272;20;frequency;99999.99999990905;122862.535599424;150952.0265389597;185463.4873444638;227865.1431623047;279960.8926363817;343967.05137965;422606.6409511731;519225.2346839865;637933.2888043621;783781.0140572543;962973.2274171232;1183133.324347452;1453627.601814205;1785963.729760951;2194280.323268956;2695948.443325946;3312310.615921419;4069588.809647371;4999999.999999929
3;9252669123272;20;phasez;-1.52593;-1.52273;-1.5187;-1.51362;-1.50735;-1.49949;-1.48979;-1.47771;-1.46279;-1.44428;-1.42139;-1.39303;-1.35787;-1.3142;-1.2598;-1.19178;-1.1062;-0.99788;-0.859527;-0.681506
