0;998621092115;20;absz;2.14654e+08;1.55139e+08;1.12216e+08;8.10544e+07;5.86169e+07;4.2378e+07;3.06392e+07;2.21592e+07;1.60223e+07;1.15878e+07;8.38133e+06;6.06225e+06;4.3854e+06;3.17252e+06;2.2952e+06;1.66056e+06;1.20149e+06;869354;629061;455207
0;998621092115;20;frequency;9.999999974752427;13.86918846435492;19.23543905490988;26.67799336109056;37.00021196095804;51.31629158938722;71.17153245417285;98.70914048804025;136.9015682683994;189.8713664161278;263.3361782500288;365.2259113806622;506.5387032487934;702.5280792305466;974.3494403835484;1351.343611730726;1874.203936580443;2599.368780806799;3605.113577052066;4999.99999995282
0;998621092115;20;phasez;-1.55856;-1.55689;-1.55721;-1.55725;-1.55718;-1.55592;-1.55627;-1.55613;-1.5558;-1.55521;-1.55456;-1.55384;-1.55294;-1.55184;-1.55044;-1.54859;-1.54614;-1.54281;-1.53831;-1.53216
1;999392082438;50;absz;1.08471e+07;9.31224e+06;7.96649e+06;6.78057e+06;5.79768e+06;4.95345e+06;4.22849e+06;3.61069e+06;3.07943e+06;2.62971e+06;2.24533e+06;1.91728e+06;1.6371e+06;1.39783e+06;1.19316e+06;1.01904e+06;870107;742945;634415;541726;462591;395046;337365;288097;246037;210121;179452;153269;130909;111814;95504.8;81577.2;69683.3;59524.7;50848.3;43435.7;37104.4;31695.8;27073.3;23124.3;19749.7;16865.4;14399.8;12290.8;10486.5;8942.59;7620.05;6486.49;5513.74;4677.55
1;999392082438;50;frequency;199.9999999213742;234.625769479635;275.2462588517801;322.8993264769997;378.802514688914;444.3841576318164;521.3198749487447;611.5753842550475;717.456725922716;841.6691823498468;987.3863981368913;1158.33146786315;1358.872060208682;1594.132014446359;1870.122253535556;2193.894364737048;2573.720768452858;3019.306079821149;3542.035062906734;4155.263512473084;4874.659497176026;5718.603679767398;6708.658946337209;7870.121340545211;9232.666380967203;10831.10727442716;12706.28439819177;14906.10877695531;17486.78621595445;20514.25336674129;24065.86241733066;28232.35745111674;33120.19296963342;38854.25382030405;45581.04601983359;53472.44000269313;62730.06193403319;73590.44528463698;86331.07429211862;101277.4737211686;118811.5260634959;139381.228686517;163512.140226203;191820.8086789974;225030.524286467;263989.7996954232;309694.0495706946;363311.0235703185;426210.642505751;499999.9999999716
1;999392082438;50;phasez;-1.55615;-1.55639;-1.55621;-1.55575;-1.55621;-1.5561;-1.55455;-1.55495;-1.5546;-1.55443;-1.5542;-1.55398;-1.55368;-1.55381;-1.55345;-1.55326;-1.55292;-1.55279;-1.55237;-1.55205;-1.55165;-1.55122;-1.55074;-1.55024;-1.54965;-1.54897;-1.54823;-1.54736;-1.54642;-1.54533;-1.5441;-1.54271;-1.54113;-1.53932;-1.53726;-1.5349;-1.53217;-1.52903;-1.5254;-1.52118;-1.51627;-1.51054;-1.50385;-1.49601;-1.48682;-1.476;-1.46325;-1.44814;-1.43017;-1.40866
2;1000163226637;50;absz;115234;103095;92254.5;82498.1;73817;66013.6;59071.5;52846.2;47279.9;42291.2;37837.2;33851;30287.5;27094.3;24241.7;21690.2;19406.8;17364.7;15537.2;13902.7;12439.7;11130.8;9960.06;8912.15;7974.43;7135.91;6385.09;5713.34;5112.14;4574.2;4092.72;3661.86;3276.17;2930.97;2621.98;2345.42;2097.84;1876.25;1677.9;1500.31;1341.38;1199.14;1071.86;958.002;856.382;765.715;685.027;613.557;550.643;495.863
2;1000163226637;50;frequency;20000.00000002444;22385.53853899816;25055.61678390222;28044.17375656954;31389.19662092121;35133.2035329932;39323.78408414649;44014.2042055669;49264.08322518227;55140.1516811012;61717.09952482729;69078.52549602467;77317.99973512921;86540.25314108083;96862.50859274992;108415.9709538568;121347.4948009008;135821.4510731415;152021.8163702936;170154.5114554648;190450.0186878266;213166.3116533389;238592.1342356312;267050.6708003728;298903.6541519141;334555.9634717432;374460.7706856584;419125.3006744233;469117.2785435782;525072.1459047724;587701.13789258;657800.3235824071;736260.7247225839;824079.6413975459;922373.3285811875;1032391.184709951;1155531.632626961;1293359.894754076;1447627.888434013;1620296.494325686;1813560.480908265;2029876.401899315;2271993.821195295;2542990.262224833;2846310.325953354;3185809.474764127;3565803.038745301;3991121.067296888;4467169.723268114;4999999.999999929
2;1000163226637;50;phasez;-1.54919;-1.54846;-1.54816;-1.54726;-1.54669;-1.54583;-1.54492;-1.54391;-1.54291;-1.542;-1.54067;-1.5392;-1.53764;-1.53579;-1.53389;-1.53164;-1.52922;-1.52647;-1.5234;-1.52007;-1.51632;-1.5122;-1.50759;-1.50244;-1.49668;-1.49031;-1.48313;-1.47517;-1.46627;-1.45632;-1.44517;-1.4327;-1.41874;-1.4031;-1.38555;-1.36588;-1.3438;-1.31901;-1.29112;-1.25977;-1.22443;-1.18457;-1.13956;-1.08859;-1.03072;-0.965054;-0.890207;-0.804765;-0.707036;-0.595114
3;1000481898283;20;absz;23603.8;19266.9;15727.2;12836.1;10474.9;8550.18;6978.54;5695.71;4648.96;3793.78;3095.9;2525.62;2059.76;1679.24;1368.45;1114.5;907.261;738.696;602.565;494.667
3;1000481898283;20;frequency;99999.99999990905;122862.535599424;150952.0265389597;185463.4873444638;227865.1431623047;279960.8926363817;343967.05137965;422606.6409511731;519225.2346839865;637933.2888043621;783781.0140572543;962973.2274171232;1183133.324347452;1453627.601814205;1785963.729760951;2194280.323268956;2695948.443325946;3312310.615921419;4069588.809647371;4999999.999999929
3;1000481898283;20;phasez;-1.53289;-1.52906;-1.52448;-1.51882;-1.51202;-1.50363;-1.49334;-1.48077;-1.46527;-1.44626;-1.42283;-1.39392;-1.35823;-1.31402;-1.25911;-1.19063;-1.10467;-0.996175;-0.857943;-0.680604
