0;298456461774;20;absz;2.74821e+08;1.9848e+08;1.4344e+08;1.03698e+08;7.4951e+07;5.41505e+07;3.91555e+07;2.82951e+07;2.04476e+07;1.47778e+07;1.06821e+07;7.721e+06;5.58092e+06;4.03406e+06;2.91584e+06;2.10751e+06;1.52326e+06;1.10093e+06;795673;575063
0;298456461774;20;frequency;9.999999974752427;13.86918846435492;19.23543905490988;26.67799336109056;37.00021196095804;51.31629158938722;71.17153245417285;98.70914048804025;136.9015682683994;189.8713664161278;263.3361782500288;365.2259113806622;506.5387032487934;702.5280792305466;974.3494403835484;1351.343611730726;1874.203936580443;2599.368780806799;3605.113577052066;4999.99999995282
0;298456461774;20;phasez;-1.55906;-1.55975;-1.55925;-1.55904;-1.5589;-1.55917;-1.55909;-1.55876;-1.55877;-1.55838;-1.55798;-1.55751;-1.55688;-1.55607;-1.55499;-1.55347;-1.55135;-1.54834;-1.54414;-1.53827
1;299227900682;50;absz;1.38916e+07;1.19018e+07;1.01247e+07;8.65249e+06;7.3806e+06;6.29953e+06;5.37668e+06;4.59007e+06;3.91369e+06;3.34316e+06;2.85057e+06;2.43425e+06;2.07747e+06;1.77284e+06;1.51282e+06;1.29126e+06;1.10184e+06;940328;802356;684744;584356;498681;425589;363215;309985;264550;225785;192690;164457;140364;119800;102251;87270.1;74487.6;63575.7;54263;46312.7;39526.3;33732.6;28786.6;24562.7;20955.8;17874.6;15241.8;12991.8;11067.7;9421.45;8011.68;6803.02;5765.23
1;299227900682;50;frequency;199.9999999213742;234.625769479635;275.2462588517801;322.8993264769997;378.802514688914;444.3841576318164;521.3198749487447;611.5753842550475;717.456725922716;841.6691823498468;987.3863981368913;1158.33146786315;1358.872060208682;1594.132014446359;1870.122253535556;2193.894364737048;2573.720768452858;3019.306079821149;3542.035062906734;4155.263512473084;4874.659497176026;5718.603679767398;6708.658946337209;7870.121340545211;9232.666380967203;10831.10727442716;12706.28439819177;14906.10877695531;17486.78621595445;20514.25336674129;24065.86241733066;28232.35745111674;33120.19296963342;38854.25382030405;45581.04601983359;53472.44000269313;62730.06193403319;73590.44528463698;86331.07429211862;101277.4737211686;118811.5260634959;139381.228686517;163512.140226203;191820.8086789974;225030.524286467;263989.7996954232;309694.0495706946;363311.0235703185;426210.642505751;499999.9999999716
1;299227900682;50;phasez;-1.55304;-1.55869;-1.55638;-1.56281;-1.55913;-1.55894;-1.5585;-1.55951;-1.55889;-1.55936;-1.55882;-1.55886;-1.55899;-1.55858;-1.55854;-1.55859;-1.55848;-1.5583;-1.5582;-1.55799;-1.55777;-1.55749;-1.55719;-1.55678;-1.55634;-1.55582;-1.55522;-1.55451;-1.55373;-1.55278;-1.55171;-1.55047;-1.54904;-1.54738;-1.54547;-1.54326;-1.54069;-1.5377;-1.53422;-1.53015;-1.5254;-1.51982;-1.51328;-1.5056;-1.49655;-1.48588;-1.47327;-1.4583;-1.44047;-1.4191
2;299997641035;50;absz;144657;129371;115686;103397;92450;82668.6;73899.2;66080.7;59083;52829.5;47222.7;42218.3;37756.4;33755.5;30180.4;26986.5;24128.5;21575;19291.7;17250.5;15425.1;13792.3;12332.6;11027.8;9860.94;8817;7883.74;7049.22;6302.8;5635.49;5038.71;4504.92;4027.56;3600.62;3218.73;2877.19;2571.75;2298.56;2054.23;1835.74;1640.41;1465.73;1309.62;1170.12;1045.87;935.138;836.774;749.828;673.473;607.244
2;299997641035;50;frequency;20000.00000002444;22385.53853899816;25055.61678390222;28044.17375656954;31389.19662092121;35133.2035329932;39323.78408414649;44014.2042055669;49264.08322518227;55140.1516811012;61717.09952482729;69078.52549602467;77317.99973512921;86540.25314108083;96862.50859274992;108415.9709538568;121347.4948009008;135821.4510731415;152021.8163702936;170154.5114554648;190450.0186878266;213166.3116533389;238592.1342356312;267050.6708003728;298903.6541519141;334555.9634717432;374460.7706856584;419125.3006744233;469117.2785435782;525072.1459047724;587701.13789258;657800.3235824071;736260.7247225839;824079.6413975459;922373.3285811875;1032391.184709951;1155531.632626961;1293359.894754076;1447627.888434013;1620296.494325686;1813560.480908265;2029876.401899315;2271993.821195295;2542990.262224833;2846310.325953354;3185809.474764127;3565803.038745301;3991121.067296888;4467169.723268114;4999999.999999929
2;299997641035;50;phasez;-1.55636;-1.55606;-1.55541;-1.55489;-1.55437;-1.55345;-1.55292;-1.55251;-1.55114;-1.55022;-1.54899;-1.54774;-1.54626;-1.54451;-1.54277;-1.54063;-1.53835;-1.53571;-1.53283;-1.52952;-1.52591;-1.52192;-1.51734;-1.51233;-1.5067;-1.5004;-1.49337;-1.48549;-1.47667;-1.46681;-1.45577;-1.44339;-1.42952;-1.41401;-1.39656;-1.377;-1.35502;-1.33033;-1.30257;-1.27133;-1.23614;-1.19642;-1.15157;-1.10076;-1.04313;-0.977703;-0.903151;-0.818077;-0.720792;-0.609414
3;300314049755;20;absz;29377.2;23949;19527.2;15920.5;12976.4;10576;8621.53;7027.39;5727.49;4668;3803.63;3099.18;2524.43;2055.66;1673.36;1361.78;1107.98;902.132;736.43;605.726
3;300314049755;20;frequency;99999.99999990905;122862.535599424;150952.0265389597;185463.4873444638;227865.1431623047;279960.8926363817;343967.05137965;422606.6409511731;519225.2346839865;637933.2888043621;783781.0140572543;962973.2274171232;1183133.324347452;1453627.601814205;1785963.729760951;2194280.323268956;2695948.443325946;3312310.615921419;4069588.809647371;4999999.999999929
3;300314049755;20;phasez;-1.54162;-1.53832;-1.53373;-1.52839;-1.52176;-1.51353;-1.50342;-1.49102;-1.47574;-1.4569;-1.43366;-1.40496;-1.36945;-1.32546;-1.27077;-1.20257;-1.11693;-1.00889;-0.871286;-0.694898
