0;331925727058;20;absz;2.68466e+08;1.93701e+08;1.40104e+08;1.01306e+08;7.32082e+07;5.29182e+07;3.82609e+07;2.76556e+07;1.99918e+07;1.44507e+07;1.04473e+07;7.55333e+06;5.46094e+06;3.9483e+06;2.8546e+06;2.06378e+06;1.49196e+06;1.07854e+06;779654;563598
0;331925727058;20;frequency;9.999999974752427;13.86918846435492;19.23543905490988;26.67799336109056;37.00021196095804;51.31629158938722;71.17153245417285;98.70914048804025;136.9015682683994;189.8713664161278;263.3361782500288;365.2259113806622;506.5387032487934;702.5280792305466;974.3494403835484;1351.343611730726;1874.203936580443;2599.368780806799;3605.113577052066;4999.99999995282
0;331925727058;20;phasez;-1.55899;-1.55799;-1.55753;-1.55813;-1.55787;-1.55746;-1.55802;-1.55781;-1.55755;-1.5573;-1.55691;-1.55641;-1.55576;-1.55497;-1.55387;-1.5524;-1.55027;-1.54728;-1.54309;-1.53724
1;332693859554;50;absz;1.36083e+07;1.16201e+07;9.93916e+06;8.43906e+06;7.22641e+06;6.16969e+06;5.25613e+06;4.49254e+06;3.83568e+06;3.27318e+06;2.79294e+06;2.38331e+06;2.03392e+06;1.73592e+06;1.48154e+06;1.26451e+06;1.07928e+06;921123;786235;671042;572739;488799;417211;356082;303914;259406;221413;188981;161311;137695;117534;100327;85639.7;73103.4;62402.4;53268;45469.5;38810.6;33126.1;28271.9;24126.4;20586;17561.1;14976.6;12767.1;10877.8;9260.92;7876.11;6688.73;5669.15
1;332693859554;50;frequency;199.9999999213742;234.625769479635;275.2462588517801;322.8993264769997;378.802514688914;444.3841576318164;521.3198749487447;611.5753842550475;717.456725922716;841.6691823498468;987.3863981368913;1158.33146786315;1358.872060208682;1594.132014446359;1870.122253535556;2193.894364737048;2573.720768452858;3019.306079821149;3542.035062906734;4155.263512473084;4874.659497176026;5718.603679767398;6708.658946337209;7870.121340545211;9232.666380967203;10831.10727442716;12706.28439819177;14906.10877695531;17486.78621595445;20514.25336674129;24065.86241733066;28232.35745111674;33120.19296963342;38854.25382030405;45581.04601983359;53472.44000269313;62730.06193403319;73590.44528463698;86331.07429211862;101277.4737211686;118811.5260634959;139381.228686517;163512.140226203;191820.8086789974;225030.524286467;263989.7996954232;309694.0495706946;363311.0235703185;426210.642505751;499999.9999999716
1;332693859554;50;phasez;-1.55753;-1.55965;-1.55825;-1.55846;-1.5571;-1.55684;-1.55813;-1.55838;-1.55732;-1.55737;-1.55798;-1.55807;-1.55779;-1.55768;-1.55751;-1.55754;-1.55744;-1.55739;-1.55718;-1.55696;-1.55673;-1.55645;-1.55613;-1.55573;-1.55525;-1.55476;-1.55414;-1.55345;-1.55263;-1.55167;-1.55059;-1.54936;-1.54791;-1.54624;-1.54432;-1.5421;-1.53953;-1.53653;-1.53304;-1.52897;-1.52421;-1.51862;-1.51208;-1.50438;-1.49533;-1.48465;-1.47203;-1.45706;-1.43922;-1.41784
2;333464978392;50;absz;141935;126883;113463;101455;90740.2;81100.3;72543.8;64857.4;57988.1;51850.4;46369;41457.6;37069.7;33153.8;29639.5;26504;23700.2;21193.2;18952;16948.8;15156;13553.1;12119.9;10838.4;9692.09;8667.2;7750.55;6930.53;6197.45;5541.69;4955.27;4430.63;3961.52;3541.85;3166.48;2830.71;2530.43;2261.77;2021.5;1806.68;1614.53;1442.72;1289.15;1151.89;1029.63;920.657;823.821;738.21;663.025;597.793
2;333464978392;50;frequency;20000.00000002444;22385.53853899816;25055.61678390222;28044.17375656954;31389.19662092121;35133.2035329932;39323.78408414649;44014.2042055669;49264.08322518227;55140.1516811012;61717.09952482729;69078.52549602467;77317.99973512921;86540.25314108083;96862.50859274992;108415.9709538568;121347.4948009008;135821.4510731415;152021.8163702936;170154.5114554648;190450.0186878266;213166.3116533389;238592.1342356312;267050.6708003728;298903.6541519141;334555.9634717432;374460.7706856584;419125.3006744233;469117.2785435782;525072.1459047724;587701.13789258;657800.3235824071;736260.7247225839;824079.6413975459;922373.3285811875;1032391.184709951;1155531.632626961;1293359.894754076;1447627.888434013;1620296.494325686;1813560.480908265;2029876.401899315;2271993.821195295;2542990.262224833;2846310.325953354;3185809.474764127;3565803.038745301;3991121.067296888;4467169.723268114;4999999.999999929
2;333464978392;50;phasez;-1.55555;-1.55465;-1.55461;-1.55381;-1.55333;-1.5525;-1.55191;-1.55101;-1.55016;-1.5492;-1.54792;-1.54662;-1.54507;-1.54356;-1.54155;-1.53943;-1.53713;-1.53448;-1.53161;-1.52838;-1.52473;-1.52067;-1.51612;-1.51111;-1.50549;-1.49917;-1.4921;-1.48425;-1.47542;-1.46557;-1.45451;-1.44212;-1.42826;-1.41271;-1.39527;-1.37571;-1.35374;-1.32904;-1.30127;-1.27003;-1.23482;-1.1951;-1.15026;-1.09947;-1.04179;-0.976343;-0.901777;-0.816672;-0.719365;-0.607945
3;333782500870;20;absz;28848.3;23522.2;19182.3;15640.7;12751;10393.7;8474.4;6908.7;5631.48;4590.8;3741.32;3048.86;2483.87;2022.85;1646.9;1340.41;1090.68;888.087;724.98;596.287
3;333782500870;20;frequency;99999.99999990905;122862.535599424;150952.0265389597;185463.4873444638;227865.1431623047;279960.8926363817;343967.05137965;422606.6409511731;519225.2346839865;637933.2888043621;783781.0140572543;962973.2274171232;1183133.324347452;1453627.601814205;1785963.729760951;2194280.323268956;2695948.443325946;3312310.615921419;4069588.809647371;4999999.999999929
3;333782500870;20;phasez;-1.54056;-1.53685;-1.53257;-1.52714;-1.52046;-1.51235;-1.50218;-1.48978;-1.47449;-1.45564;-1.43239;-1.40368;-1.36815;-1.32416;-1.26946;-1.20125;-1.11559;-1.00752;-0.869885;-0.693415
