0;6025621964977;20;absz;1.41627e+08;1.03133e+08;7.50714e+07;5.46279e+07;3.97508e+07;2.89221e+07;2.10291e+07;1.52874e+07;1.11131e+07;8.07753e+06;5.87009e+06;4.26583e+06;3.09943e+06;2.25168e+06;1.63559e+06;1.18786e+06;862520;626183;454516;329862
0;6025621964977;20;frequency;9.999999974752427;13.86918846435492;19.23543905490988;26.67799336109056;37.00021196095804;51.31629158938722;71.17153245417285;98.70914048804025;136.9015682683994;189.8713664161278;263.3361782500288;365.2259113806622;506.5387032487934;702.5280792305466;974.3494403835484;1351.343611730726;1874.203936580443;2599.368780806799;3605.113577052066;4999.99999995282
0;6025621964977;20;phasez;-1.51993;-1.52146;-1.52357;-1.52524;-1.52654;-1.52792;-1.52891;-1.52984;-1.53058;-1.53125;-1.53168;-1.53202;-1.53215;-1.53208;-1.53171;-1.5309;-1.52948;-1.52721;-1.52374;-1.51861
1;6026389998488;50;absz;7.62292e+06;6.5023e+06;5.56934e+06;4.76522e+06;4.08339e+06;3.49051e+06;2.98857e+06;2.55741e+06;2.18679e+06;1.87018e+06;1.60032e+06;1.36885e+06;1.17116e+06;1.00162e+06;856758;732707;626662;535949;458360;391974;335191;286626;245091;209576;179192;153211;130995;111997;95753.5;81863.2;69986.3;59831.2;51149.4;43726.6;37379.1;31951.9;27311.6;23343.7;19951;17049.4;14567.8;12445.2;10629.4;9075.64;7745.76;6606.85;5630.94;4793.99;4075.52;3457.71
1;6026389998488;50;frequency;199.9999999213742;234.625769479635;275.2462588517801;322.8993264769997;378.802514688914;444.3841576318164;521.3198749487447;611.5753842550475;717.456725922716;841.6691823498468;987.3863981368913;1158.33146786315;1358.872060208682;1594.132014446359;1870.122253535556;2193.894364737048;2573.720768452858;3019.306079821149;3542.035062906734;4155.263512473084;4874.659497176026;5718.603679767398;6708.658946337209;7870.121340545211;9232.666380967203;10831.10727442716;12706.28439819177;14906.10877695531;17486.78621595445;20514.25336674129;24065.86241733066;28232.35745111674;33120.19296963342;38854.25382030405;45581.04601983359;53472.44000269313;62730.06193403319;73590.44528463698;86331.07429211862;101277.4737211686;118811.5260634959;139381.228686517;163512.140226203;191820.8086789974;225030.524286467;263989.7996954232;309694.0495706946;363311.0235703185;426210.642505751;499999.9999999716
1;6026389998488;50;phasez;-1.5342;-1.53214;-1.53342;-1.533;-1.53383;-1.5339;-1.53418;-1.53408;-1.53474;-1.53511;-1.53576;-1.53588;-1.53615;-1.53653;-1.53693;-1.5371;-1.53728;-1.53753;-1.5377;-1.53789;-1.53802;-1.53808;-1.53811;-1.53808;-1.53798;-1.53781;-1.53754;-1.53718;-1.53669;-1.53609;-1.53533;-1.5344;-1.53328;-1.53192;-1.53031;-1.5284;-1.52613;-1.52343;-1.52023;-1.51644;-1.51196;-1.50666;-1.50039;-1.49298;-1.4842;-1.47381;-1.46147;-1.4468;-1.42927;-1.4082
2;6027159801208;50;absz;84366.7;75518.8;67582.6;60495.2;54146.3;48459.8;43378.4;38827.2;34756.4;31108.8;27846.3;24922;22306.2;19963.5;17868.4;15993;14314.3;12811.4;11466.3;10262.7;9184.61;8220.1;7356.7;6583.77;5892.06;5272.87;4718.62;4222.47;3778.28;3380.74;3024.87;2706.21;2420.92;2165.51;1936.83;1732.09;1548.73;1384.55;1237.49;1105.79;987.819;882.2;787.626;702.946;627.265;559.632;499.324;445.746;398.383;356.903
2;6027159801208;50;frequency;20000.00000002444;22385.53853899816;25055.61678390222;28044.17375656954;31389.19662092121;35133.2035329932;39323.78408414649;44014.2042055669;49264.08322518227;55140.1516811012;61717.09952482729;69078.52549602467;77317.99973512921;86540.25314108083;96862.50859274992;108415.9709538568;121347.4948009008;135821.4510731415;152021.8163702936;170154.5114554648;190450.0186878266;213166.3116533389;238592.1342356312;267050.6708003728;298903.6541519141;334555.9634717432;374460.7706856584;419125.3006744233;469117.2785435782;525072.1459047724;587701.13789258;657800.3235824071;736260.7247225839;824079.6413975459;922373.3285811875;1032391.184709951;1155531.632626961;1293359.894754076;1447627.888434013;1620296.494325686;1813560.480908265;2029876.401899315;2271993.821195295;2542990.262224833;2846310.325953354;3185809.474764127;3565803.038745301;3991121.067296888;4467169.723268114;4999999.999999929
2;6027159801208;50;phasez;-1.53975;-1.53947;-1.53918;-1.53907;-1.53867;-1.53818;-1.53777;-1.53713;-1.53644;-1.53552;-1.53453;-1.53337;-1.53208;-1.53064;-1.52895;-1.52706;-1.5249;-1.52247;-1.51979;-1.51673;-1.5133;-1.50943;-1.5051;-1.50028;-1.49482;-1.48871;-1.48188;-1.47421;-1.46559;-1.45597;-1.44514;-1.43299;-1.41936;-1.40406;-1.38685;-1.36752;-1.34579;-1.32133;-1.29379;-1.26275;-1.22774;-1.18819;-1.14346;-1.09274;-1.03514;-0.96963;-0.89488;-0.809441;-0.711584;-0.599319
3;6027476248835;20;absz;17391.9;14207.7;11600.6;9472.5;7735.17;6315.25;5156.31;4209.16;3435.76;2803.98;2287.54;1865.34;1520.55;1238.5;1007.89;819.288;665.113;539.397;437.466;356.023
3;6027476248835;20;frequency;99999.99999990905;122862.535599424;150952.0265389597;185463.4873444638;227865.1431623047;279960.8926363817;343967.05137965;422606.6409511731;519225.2346839865;637933.2888043621;783781.0140572543;962973.2274171232;1183133.324347452;1453627.601814205;1785963.729760951;2194280.323268956;2695948.443325946;3312310.615921419;4069588.809647371;4999999.999999929
3;6027476248835;20;phasez;-1.52811;-1.52492;-1.52077;-1.51566;-1.50941;-1.50153;-1.49183;-1.47979;-1.46489;-1.44645;-1.42364;-1.39536;-1.36029;-1.3167;-1.2624;-1.19449;-1.10904;-1.00086;-0.862721;-0.684984
