0;4404685884673;20;absz;1.52542e+08;1.10943e+08;8.06251e+07;5.86501e+07;4.26231e+07;3.09614e+07;2.25013e+07;1.6344e+07;1.18705e+07;8.6188e+06;6.25724e+06;4.5416e+06;3.29582e+06;2.39144e+06;1.73496e+06;1.25851e+06;912744;661882;479870;347861
0;4404685884673;20;frequency;9.999999974752427;13.86918846435492;19.23543905490988;26.67799336109056;37.00021196095804;51.31629158938722;71.17153245417285;98.70914048804025;136.9015682683994;189.8713664161278;263.3361782500288;365.2259113806622;506.5387032487934;702.5280792305466;974.3494403835484;1351.343611730726;1874.203936580443;2599.368780806799;3605.113577052066;4999.99999995282
0;4404685884673;20;phasez;-1.52839;-1.52953;-1.52957;-1.53129;-1.53239;-1.53355;-1.53414;-1.53503;-1.53597;-1.53657;-1.53714;-1.53755;-1.53779;-1.53775;-1.53736;-1.5365;-1.53504;-1.53272;-1.52919;-1.52399
1;4405453823409;50;absz;8.09615e+06;6.94662e+06;5.94632e+06;5.08105e+06;4.34815e+06;3.71789e+06;3.17598e+06;2.71717e+06;2.32218e+06;1.98493e+06;1.69793e+06;1.45118e+06;1.24058e+06;1.06053e+06;906620;774931;662407;566193;483943;413611;353513;302122;258188;220651;188560;161137;137698;117666;100548;85919.1;73416.5;62733.3;53606.8;45805.9;39140.3;33444.4;28575.9;24415;20858.8;17819.2;15220.4;12998.4;11098.2;9472.62;8081.48;6890.71;5870.67;4996.28;4245.74;3600.64
1;4405453823409;50;frequency;199.9999999213742;234.625769479635;275.2462588517801;322.8993264769997;378.802514688914;444.3841576318164;521.3198749487447;611.5753842550475;717.456725922716;841.6691823498468;987.3863981368913;1158.33146786315;1358.872060208682;1594.132014446359;1870.122253535556;2193.894364737048;2573.720768452858;3019.306079821149;3542.035062906734;4155.263512473084;4874.659497176026;5718.603679767398;6708.658946337209;7870.121340545211;9232.666380967203;10831.10727442716;12706.28439819177;14906.10877695531;17486.78621595445;20514.25336674129;24065.86241733066;28232.35745111674;33120.19296963342;38854.25382030405;45581.04601983359;53472.44000269313;62730.06193403319;73590.44528463698;86331.07429211862;101277.4737211686;118811.5260634959;139381.228686517;163512.140226203;191820.8086789974;225030.524286467;263989.7996954232;309694.0495706946;363311.0235703185;426210.642505751;499999.9999999716
1;4405453823409;50;phasez;-1.538;-1.5382;-1.537;-1.53929;-1.53933;-1.53964;-1.54005;-1.54067;-1.54072;-1.54093;-1.54111;-1.5418;-1.54169;-1.54198;-1.54237;-1.5426;-1.54282;-1.54304;-1.54324;-1.54332;-1.5434;-1.54341;-1.54339;-1.54331;-1.54315;-1.54291;-1.54258;-1.54214;-1.54157;-1.54087;-1.54003;-1.539;-1.53776;-1.5363;-1.53458;-1.53257;-1.5302;-1.52742;-1.52415;-1.52032;-1.51581;-1.51049;-1.50424;-1.49686;-1.48813;-1.47779;-1.46553;-1.45093;-1.43348;-1.4125
2;4406225931606;50;absz;88544.9;79235.7;70894.7;63452.2;56768.4;50796.2;45451.7;40674.5;36394.4;32563;29136.4;26072.6;23331.2;20876.1;18679.9;16714.9;14956.7;13383.2;11974.8;10715.6;9587.86;8578.89;7675.42;6867.27;6144.17;5496.99;4917.74;4399.45;3935.46;3520.3;3148.7;2816.19;2518.54;2252.17;2013.74;1800.31;1609.21;1438.18;1285.08;1147.99;1025.28;915.451;817.147;729.141;650.562;580.351;517.78;462.248;413.176;370.238
2;4406225931606;50;frequency;20000.00000002444;22385.53853899816;25055.61678390222;28044.17375656954;31389.19662092121;35133.2035329932;39323.78408414649;44014.2042055669;49264.08322518227;55140.1516811012;61717.09952482729;69078.52549602467;77317.99973512921;86540.25314108083;96862.50859274992;108415.9709538568;121347.4948009008;135821.4510731415;152021.8163702936;170154.5114554648;190450.0186878266;213166.3116533389;238592.1342356312;267050.6708003728;298903.6541519141;334555.9634717432;374460.7706856584;419125.3006744233;469117.2785435782;525072.1459047724;587701.13789258;657800.3235824071;736260.7247225839;824079.6413975459;922373.3285811875;1032391.184709951;1155531.632626961;1293359.894754076;1447627.888434013;1620296.494325686;1813560.480908265;2029876.401899315;2271993.821195295;2542990.262224833;2846310.325953354;3185809.474764127;3565803.038745301;3991121.067296888;4467169.723268114;4999999.999999929
2;4406225931606;50;phasez;-1.54441;-1.5445;-1.54406;-1.54383;-1.54317;-1.54261;-1.54209;-1.54131;-1.54044;-1.53956;-1.53858;-1.53736;-1.53601;-1.53461;-1.53281;-1.53093;-1.52879;-1.5263;-1.52363;-1.52056;-1.51712;-1.51334;-1.50906;-1.50425;-1.49884;-1.49281;-1.48601;-1.47839;-1.46985;-1.46025;-1.44948;-1.43739;-1.42378;-1.40852;-1.39136;-1.37206;-1.35036;-1.32594;-1.29843;-1.26743;-1.23246;-1.19295;-1.14827;-1.09761;-1.04009;-0.97467;-0.900044;-0.814757;-0.717087;-0.60507
3;4406542271153;20;absz;18186.4;14847.4;12118.5;9889.49;8072.56;6587.5;5375.75;4386.09;3577.99;2918.42;2379.51;1939.32;1579.95;1286.23;1046.22;850.082;689.91;559.406;453.701;369.366
3;4406542271153;20;frequency;99999.99999990905;122862.535599424;150952.0265389597;185463.4873444638;227865.1431623047;279960.8926363817;343967.05137965;422606.6409511731;519225.2346839865;637933.2888043621;783781.0140572543;962973.2274171232;1183133.324347452;1453627.601814205;1785963.729760951;2194280.323268956;2695948.443325946;3312310.615921419;4069588.809647371;4999999.999999929
3;4406542271153;20;phasez;-1.53194;-1.52867;-1.52463;-1.51957;-1.51332;-1.50554;-1.49592;-1.484;-1.46919;-1.45085;-1.42809;-1.39988;-1.36488;-1.32135;-1.26711;-1.19929;-1.11395;-1.00594;-0.868053;-0.690746
