0;4100684314777;20;absz;1.55892e+08;1.13338e+08;8.23663e+07;5.9843e+07;4.34879e+07;3.15759e+07;2.29381e+07;1.66568e+07;1.20909e+07;8.77612e+06;6.36891e+06;4.62124e+06;3.35243e+06;2.43153e+06;1.76326e+06;1.27844e+06;926776;671744;486828;352768
0;4100684314777;20;frequency;9.999999974752427;13.86918846435492;19.23543905490988;26.67799336109056;37.00021196095804;51.31629158938722;71.17153245417285;98.70914048804025;136.9015682683994;189.8713664161278;263.3361782500288;365.2259113806622;506.5387032487934;702.5280792305466;974.3494403835484;1351.343611730726;1874.203936580443;2599.368780806799;3605.113577052066;4999.99999995282
0;4100684314777;20;phasez;-1.53089;-1.53165;-1.53233;-1.53334;-1.53431;-1.53524;-1.53619;-1.53696;-1.53775;-1.53836;-1.5389;-1.53936;-1.53965;-1.53966;-1.53933;-1.5385;-1.53701;-1.53463;-1.53103;-1.52575
1;4101455418731;50;absz;8.27036e+06;7.06512e+06;6.05072e+06;5.16857e+06;4.41889e+06;3.7785e+06;3.23189e+06;2.76268e+06;2.36153e+06;2.01817e+06;1.7251e+06;1.47458e+06;1.26028e+06;1.07694e+06;920528;786675;672339;574514;490979;419539;358502;306344;261756;223653;191095;163275;139502;119190;101833;87006.9;74338.8;63514.8;54266.6;46364.9;39614.4;33845.9;28916.4;24703.4;21102.9;18025.8;15395;13146;11222.8;9577.71;8170.19;6965.46;5933.64;5049.1;4290.05;3637.75
1;4101455418731;50;frequency;199.9999999213742;234.625769479635;275.2462588517801;322.8993264769997;378.802514688914;444.3841576318164;521.3198749487447;611.5753842550475;717.456725922716;841.6691823498468;987.3863981368913;1158.33146786315;1358.872060208682;1594.132014446359;1870.122253535556;2193.894364737048;2573.720768452858;3019.306079821149;3542.035062906734;4155.263512473084;4874.659497176026;5718.603679767398;6708.658946337209;7870.121340545211;9232.666380967203;10831.10727442716;12706.28439819177;14906.10877695531;17486.78621595445;20514.25336674129;24065.86241733066;28232.35745111674;33120.19296963342;38854.25382030405;45581.04601983359;53472.44000269313;62730.06193403319;73590.44528463698;86331.07429211862;101277.4737211686;118811.5260634959;139381.228686517;163512.140226203;191820.8086789974;225030.524286467;263989.7996954232;309694.0495706946;363311.0235703185;426210.642505751;499999.9999999716
1;4101455418731;50;phasez;-1.54275;-1.53816;-1.53969;-1.53911;-1.54183;-1.54189;-1.54129;-1.5425;-1.54236;-1.54287;-1.54337;-1.54352;-1.54374;-1.54411;-1.54426;-1.54461;-1.5448;-1.54491;-1.54504;-1.5451;-1.54515;-1.54512;-1.5451;-1.54495;-1.54476;-1.54445;-1.54406;-1.54358;-1.54297;-1.54221;-1.54132;-1.54025;-1.53898;-1.53749;-1.53576;-1.53373;-1.53136;-1.52858;-1.52532;-1.52149;-1.51699;-1.51169;-1.50544;-1.49807;-1.48935;-1.47902;-1.46675;-1.45215;-1.43469;-1.4137
2;4102222568675;50;absz;89682;80239.4;71790.1;64234.1;57473.8;51429.5;46009.3;41170.9;36836.8;32958.8;29486;26382.7;23605.6;21121.7;18897.4;16906.9;15127.8;13535.8;12110.2;10835.3;9694.09;8673.16;7759.48;6941.66;6210.15;5555.39;4969.71;4445.36;3976.25;3556.37;3180.74;2844.48;2543.67;2274.39;2033.37;1817.7;1624.69;1451.9;1297.23;1158.8;1034.88;923.949;824.702;735.891;656.544;585.699;522.565;466.526;417.043;373.743
2;4102222568675;50;frequency;20000.00000002444;22385.53853899816;25055.61678390222;28044.17375656954;31389.19662092121;35133.2035329932;39323.78408414649;44014.2042055669;49264.08322518227;55140.1516811012;61717.09952482729;69078.52549602467;77317.99973512921;86540.25314108083;96862.50859274992;108415.9709538568;121347.4948009008;135821.4510731415;152021.8163702936;170154.5114554648;190450.0186878266;213166.3116533389;238592.1342356312;267050.6708003728;298903.6541519141;334555.9634717432;374460.7706856584;419125.3006744233;469117.2785435782;525072.1459047724;587701.13789258;657800.3235824071;736260.7247225839;824079.6413975459;922373.3285811875;1032391.184709951;1155531.632626961;1293359.894754076;1447627.888434013;1620296.494325686;1813560.480908265;2029876.401899315;2271993.821195295;2542990.262224833;2846310.325953354;3185809.474764127;3565803.038745301;3991121.067296888;4467169.723268114;4999999.999999929
2;4102222568675;50;phasez;-1.54603;-1.54584;-1.54539;-1.54484;-1.54444;-1.54398;-1.54337;-1.5425;-1.54173;-1.54081;-1.53977;-1.53857;-1.53728;-1.53572;-1.53397;-1.53205;-1.52993;-1.52753;-1.52483;-1.52177;-1.51836;-1.51459;-1.51024;-1.50545;-1.50007;-1.49402;-1.48721;-1.47961;-1.47105;-1.46144;-1.45065;-1.43855;-1.42494;-1.40964;-1.39246;-1.37313;-1.3514;-1.32695;-1.29941;-1.26837;-1.23336;-1.19381;-1.14907;-1.09838;-1.04079;-0.975324;-0.900649;-0.81531;-0.717588;-0.605531
3;4102540592743;20;absz;18397.3;15018.4;12255.8;9999.57;8160.84;6658.45;5432.5;4431.89;3614.69;2947.86;2403.06;1958.2;1595.11;1298.39;1056;857.946;696.256;564.554;457.915;372.845
3;4102540592743;20;frequency;99999.99999990905;122862.535599424;150952.0265389597;185463.4873444638;227865.1431623047;279960.8926363817;343967.05137965;422606.6409511731;519225.2346839865;637933.2888043621;783781.0140572543;962973.2274171232;1183133.324347452;1453627.601814205;1785963.729760951;2194280.323268956;2695948.443325946;3312310.615921419;4069588.809647371;4999999.999999929
3;4102540592743;20;phasez;-1.53304;-1.5299;-1.52578;-1.52077;-1.51453;-1.50679;-1.4971;-1.48518;-1.47038;-1.452;-1.42923;-1.40098;-1.36592;-1.32233;-1.26803;-1.20011;-1.11468;-1.00659;-0.868608;-0.691191
