0;3018324638653;20;absz;1.71101e+08;1.24084e+08;8.9994e+07;6.52369e+07;4.7285e+07;3.42945e+07;2.48383e+07;1.79996e+07;1.30397e+07;9.44538e+06;6.84068e+06;4.95321e+06;3.58615e+06;2.59631e+06;1.87955e+06;1.36066e+06;984993;713041;516146;373615
0;3018324638653;20;frequency;9.999999974752427;13.86918846435492;19.23543905490988;26.67799336109056;37.00021196095804;51.31629158938722;71.17153245417285;98.70914048804025;136.9015682683994;189.8713664161278;263.3361782500288;365.2259113806622;506.5387032487934;702.5280792305466;974.3494403835484;1351.343611730726;1874.203936580443;2599.368780806799;3605.113577052066;4999.99999995282
0;3018324638653;20;phasez;-1.54156;-1.5429;-1.54287;-1.54406;-1.54498;-1.54545;-1.54624;-1.54675;-1.54746;-1.54799;-1.54833;-1.54847;-1.54833;-1.54789;-1.54706;-1.54571;-1.54372;-1.54088;-1.53687;-1.53127
1;3019093031359;50;absz;8.94008e+06;7.58764e+06;6.49677e+06;5.54896e+06;4.7345e+06;4.04549e+06;3.4544e+06;2.95111e+06;2.52114e+06;2.1529e+06;1.83906e+06;1.57074e+06;1.34136e+06;1.14551e+06;978291;835632;713632;609466;520530;444606;379705;324292;276958;236537;202013;172524;147341;125834;107462;91774;78374.4;66931.6;57157.6;48810.9;41680.9;35591.4;30390.7;25947.5;22152.3;18910.1;16140.5;13773.4;11750.8;10021.9;8543.76;7279.21;6197.17;5270.07;4475.15;3792.52
1;3019093031359;50;frequency;199.9999999213742;234.625769479635;275.2462588517801;322.8993264769997;378.802514688914;444.3841576318164;521.3198749487447;611.5753842550475;717.456725922716;841.6691823498468;987.3863981368913;1158.33146786315;1358.872060208682;1594.132014446359;1870.122253535556;2193.894364737048;2573.720768452858;3019.306079821149;3542.035062906734;4155.263512473084;4874.659497176026;5718.603679767398;6708.658946337209;7870.121340545211;9232.666380967203;10831.10727442716;12706.28439819177;14906.10877695531;17486.78621595445;20514.25336674129;24065.86241733066;28232.35745111674;33120.19296963342;38854.25382030405;45581.04601983359;53472.44000269313;62730.06193403319;73590.44528463698;86331.07429211862;101277.4737211686;118811.5260634959;139381.228686517;163512.140226203;191820.8086789974;225030.524286467;263989.7996954232;309694.0495706946;363311.0235703185;426210.642505751;499999.9999999716
1;3019093031359;50;phasez;-1.54855;-1.54901;-1.55058;-1.54879;-1.54985;-1.55046;-1.55045;-1.55054;-1.5506;-1.5506;-1.55083;-1.55063;-1.55106;-1.55112;-1.55111;-1.55109;-1.55114;-1.55095;-1.55087;-1.55079;-1.55064;-1.55052;-1.55036;-1.55011;-1.54982;-1.54948;-1.54906;-1.54854;-1.54792;-1.54721;-1.54634;-1.54534;-1.54414;-1.54273;-1.54107;-1.53913;-1.53683;-1.53412;-1.53091;-1.52711;-1.52263;-1.51732;-1.51104;-1.5036;-1.4948;-1.48436;-1.47196;-1.4572;-1.43955;-1.41834
2;3019862623393;50;absz;94577.7;84605.8;75661.4;67677.5;60538.5;54142.9;48430.6;43321.4;38748.1;34652.4;30990;27719.4;24788.9;22169.3;19826.7;17731.9;15858;14182.3;12683.6;11342.6;10143.9;9070.96;8111.77;7253.76;6486.51;5800.28;5186.31;4637.44;4146.36;3707.22;3314.43;2963.04;2648.66;2367.57;2116.05;1891.15;1689.88;1509.85;1348.77;1204.63;1075.7;960.321;857.166;764.905;682.5;608.964;543.482;485.381;434.123;389.323
2;3019862623393;50;frequency;20000.00000002444;22385.53853899816;25055.61678390222;28044.17375656954;31389.19662092121;35133.2035329932;39323.78408414649;44014.2042055669;49264.08322518227;55140.1516811012;61717.09952482729;69078.52549602467;77317.99973512921;86540.25314108083;96862.50859274992;108415.9709538568;121347.4948009008;135821.4510731415;152021.8163702936;170154.5114554648;190450.0186878266;213166.3116533389;238592.1342356312;267050.6708003728;298903.6541519141;334555.9634717432;374460.7706856584;419125.3006744233;469117.2785435782;525072.1459047724;587701.13789258;657800.3235824071;736260.7247225839;824079.6413975459;922373.3285811875;1032391.184709951;1155531.632626961;1293359.894754076;1447627.888434013;1620296.494325686;1813560.480908265;2029876.401899315;2271993.821195295;2542990.262224833;2846310.325953354;3185809.474764127;3565803.038745301;3991121.067296888;4467169.723268114;4999999.999999929
2;3019862623393;50;phasez;-1.55089;-1.55053;-1.55052;-1.54984;-1.54953;-1.54894;-1.54849;-1.54797;-1.54709;-1.54621;-1.54526;-1.54412;-1.54277;-1.54123;-1.53961;-1.53772;-1.53562;-1.53315;-1.53044;-1.52735;-1.52391;-1.52002;-1.5157;-1.5108;-1.50532;-1.49916;-1.49223;-1.48448;-1.47578;-1.46602;-1.45505;-1.44275;-1.42895;-1.41344;-1.39603;-1.37648;-1.35452;-1.3298;-1.30201;-1.2707;-1.23542;-1.19558;-1.15056;-1.0996;-1.04171;-0.97597;-0.901015;-0.815404;-0.717418;-0.605113
3;3020180718804;20;absz;19300.9;15743.3;12837.1;10464.9;8533.25;6957.4;5671.55;4623.5;3768.21;3071.01;2502;2037.78;1659.08;1350.04;1097.73;891.781;723.784;587.055;476.465;388.415
3;3020180718804;20;frequency;99999.99999990905;122862.535599424;150952.0265389597;185463.4873444638;227865.1431623047;279960.8926363817;343967.05137965;422606.6409511731;519225.2346839865;637933.2888043621;783781.0140572543;962973.2274171232;1183133.324347452;1453627.601814205;1785963.729760951;2194280.323268956;2695948.443325946;3312310.615921419;4069588.809647371;4999999.999999929
3;3020180718804;20;phasez;-1.53872;-1.53551;-1.5314;-1.52636;-1.51995;-1.51204;-1.50218;-1.49002;-1.47489;-1.4562;-1.43309;-1.40443;-1.36894;-1.32489;-1.27009;-1.20167;-1.11571;-1.00712;-0.868631;-0.690739
