0;214777720142;20;absz;2.96986e+08;2.14561e+08;1.5494e+08;1.11807e+08;8.07528e+07;5.832e+07;4.21185e+07;3.04196e+07;2.19722e+07;1.58666e+07;1.14589e+07;8.27605e+06;5.9769e+06;4.31664e+06;3.11755e+06;2.25146e+06;1.626e+06;1.17428e+06;848024;612410
0;214777720142;20;frequency;9.999999974752427;13.86918846435492;19.23543905490988;26.67799336109056;37.00021196095804;51.31629158938722;71.17153245417285;98.70914048804025;136.9015682683994;189.8713664161278;263.3361782500288;365.2259113806622;506.5387032487934;702.5280792305466;974.3494403835484;1351.343611730726;1874.203936580443;2599.368780806799;3605.113577052066;4999.99999995282
0;214777720142;20;phasez;-1.56335;-1.56315;-1.56284;-1.56221;-1.56287;-1.56334;-1.56266;-1.56251;-1.56238;-1.56214;-1.56176;-1.56132;-1.56072;-1.55993;-1.55883;-1.55727;-1.55513;-1.55212;-1.54794;-1.54211
1;215547429115;50;absz;1.50123e+07;1.2784e+07;1.0884e+07;9.27168e+06;7.92879e+06;6.75382e+06;5.75895e+06;4.91415e+06;4.19097e+06;3.5733e+06;3.04861e+06;2.60101e+06;2.21893e+06;1.89302e+06;1.61475e+06;1.37719e+06;1.17497e+06;1.0024e+06;855166;729445;622241;530856;452854;386318;329569;281160;239860;204632;174580;148941;127074;108414;92496.3;78915.8;67328.4;57443.9;49008.8;41810.9;35667.8;30425.2;25950.1;22129.9;18868.1;16082.6;13702.8;11668.7;9928.89;8439.76;7163.46;6068.19
1;215547429115;50;frequency;199.9999999213742;234.625769479635;275.2462588517801;322.8993264769997;378.802514688914;444.3841576318164;521.3198749487447;611.5753842550475;717.456725922716;841.6691823498468;987.3863981368913;1158.33146786315;1358.872060208682;1594.132014446359;1870.122253535556;2193.894364737048;2573.720768452858;3019.306079821149;3542.035062906734;4155.263512473084;4874.659497176026;5718.603679767398;6708.658946337209;7870.121340545211;9232.666380967203;10831.10727442716;12706.28439819177;14906.10877695531;17486.78621595445;20514.25336674129;24065.86241733066;28232.35745111674;33120.19296963342;38854.25382030405;45581.04601983359;53472.44000269313;62730.06193403319;73590.44528463698;86331.07429211862;101277.4737211686;118811.5260634959;139381.228686517;163512.140226203;191820.8086789974;225030.524286467;263989.7996954232;309694.0495706946;363311.0235703185;426210.642505751;499999.9999999716
1;215547429115;50;phasez;-1.56307;-1.56535;-1.5644;-1.56254;-1.56361;-1.56328;-1.56257;-1.56331;-1.56271;-1.56237;-1.56278;-1.56266;-1.56261;-1.56261;-1.5625;-1.56239;-1.56232;-1.56211;-1.56206;-1.56176;-1.5616;-1.56123;-1.561;-1.56057;-1.56014;-1.55963;-1.55903;-1.55834;-1.55755;-1.55662;-1.55556;-1.55433;-1.5529;-1.55126;-1.54936;-1.54717;-1.54461;-1.54163;-1.53816;-1.53411;-1.52936;-1.5238;-1.51727;-1.50959;-1.50056;-1.48989;-1.47728;-1.46232;-1.44449;-1.42311
2;216318660373;50;absz;153562;137270;122651;109685;98005.1;87587.8;78289.1;69970.9;62539.8;55919.4;49974.1;44663.6;39922.8;35687.1;31901.9;28512.8;25488.8;22785.9;20366.3;18206.2;16275.3;14548.4;13004.9;11625.3;10392.5;9289.45;8304.08;7422.62;6634.82;5930.67;5301.18;4738.23;4234.87;3784.84;3382.55;3022.79;2701.17;2413.57;2156.45;1926.59;1721.2;1537.58;1373.57;1227.01;1096.55;980.351;877.18;786.021;706.042;636.726
2;216318660373;50;frequency;20000.00000002444;22385.53853899816;25055.61678390222;28044.17375656954;31389.19662092121;35133.2035329932;39323.78408414649;44014.2042055669;49264.08322518227;55140.1516811012;61717.09952482729;69078.52549602467;77317.99973512921;86540.25314108083;96862.50859274992;108415.9709538568;121347.4948009008;135821.4510731415;152021.8163702936;170154.5114554648;190450.0186878266;213166.3116533389;238592.1342356312;267050.6708003728;298903.6541519141;334555.9634717432;374460.7706856584;419125.3006744233;469117.2785435782;525072.1459047724;587701.13789258;657800.3235824071;736260.7247225839;824079.6413975459;922373.3285811875;1032391.184709951;1155531.632626961;1293359.894754076;1447627.888434013;1620296.494325686;1813560.480908265;2029876.401899315;2271993.821195295;2542990.262224833;2846310.325953354;3185809.474764127;3565803.038745301;3991121.067296888;4467169.723268114;4999999.999999929
2;216318660373;50;phasez;-1.55993;-1.56009;-1.55982;-1.55908;-1.55825;-1.55768;-1.55688;-1.55592;-1.55545;-1.55409;-1.55302;-1.55166;-1.55007;-1.54854;-1.5467;-1.54459;-1.54221;-1.53962;-1.53682;-1.5335;-1.5299;-1.52591;-1.5214;-1.51634;-1.51072;-1.5044;-1.4974;-1.48948;-1.48069;-1.47084;-1.4598;-1.4474;-1.43355;-1.41802;-1.4006;-1.38103;-1.35906;-1.33439;-1.30664;-1.2754;-1.24022;-1.20052;-1.1557;-1.10491;-1.04729;-0.981896;-0.907388;-0.822377;-0.725151;-0.613857
3;216638240898;20;absz;31035.8;25295.2;20612.7;16795.4;13684.4;11146.5;9081.26;7399.01;6026.68;4909.47;3998.31;3256.15;2651.01;2157.68;1755.61;1428.22;1161.62;945.636;771.929;635.11
3;216638240898;20;frequency;99999.99999990905;122862.535599424;150952.0265389597;185463.4873444638;227865.1431623047;279960.8926363817;343967.05137965;422606.6409511731;519225.2346839865;637933.2888043621;783781.0140572543;962973.2274171232;1183133.324347452;1453627.601814205;1785963.729760951;2194280.323268956;2695948.443325946;3312310.615921419;4069588.809647371;4999999.999999929
3;216638240898;20;phasez;-1.54574;-1.54223;-1.5377;-1.53235;-1.52571;-1.51751;-1.50745;-1.49503;-1.47976;-1.46091;-1.43767;-1.40897;-1.37347;-1.3295;-1.27484;-1.20668;-1.12103;-1.01307;-0.875557;-0.699309
