0;6011670368386;20;absz;1.41572e+08;1.03073e+08;7.51075e+07;5.46595e+07;3.97701e+07;2.89409e+07;2.10347e+07;1.52937e+07;1.1117e+07;8.08048e+06;5.87245e+06;4.26737e+06;3.10052e+06;2.25238e+06;1.63609e+06;1.18822e+06;862803;626390;454669;329966
0;6011670368386;20;frequency;9.999999974752427;13.86918846435492;19.23543905490988;26.67799336109056;37.00021196095804;51.31629158938722;71.17153245417285;98.70914048804025;136.9015682683994;189.8713664161278;263.3361782500288;365.2259113806622;506.5387032487934;702.5280792305466;974.3494403835484;1351.343611730726;1874.203936580443;2599.368780806799;3605.113577052066;4999.99999995282
0;6011670368386;20;phasez;-1.51964;-1.52133;-1.52348;-1.52508;-1.52652;-1.52809;-1.52904;-1.52981;-1.53064;-1.5313;-1.5317;-1.53203;-1.53219;-1.53211;-1.53171;-1.53089;-1.52949;-1.52721;-1.52375;-1.51864
1;6012440201339;50;absz;7.62181e+06;6.51724e+06;5.57314e+06;4.77191e+06;4.08453e+06;3.49472e+06;2.98853e+06;2.55601e+06;2.18727e+06;1.87127e+06;1.60048e+06;1.36943e+06;1.17125e+06;1.00196e+06;857009;732948;626895;536135;458502;392101;335298;286717;245170;209635;179243;153257;131035;112030;95782.6;81888.3;70007.4;59848.4;51163.9;43738.3;37389.4;31960.3;27318.5;23349.9;19955.8;17054;14571.6;12448.3;10632;9077.92;7747.59;6608.4;5632.37;4795.29;4076.51;3458.54
1;6012440201339;50;frequency;199.9999999213742;234.625769479635;275.2462588517801;322.8993264769997;378.802514688914;444.3841576318164;521.3198749487447;611.5753842550475;717.456725922716;841.6691823498468;987.3863981368913;1158.33146786315;1358.872060208682;1594.132014446359;1870.122253535556;2193.894364737048;2573.720768452858;3019.306079821149;3542.035062906734;4155.263512473084;4874.659497176026;5718.603679767398;6708.658946337209;7870.121340545211;9232.666380967203;10831.10727442716;12706.28439819177;14906.10877695531;17486.78621595445;20514.25336674129;24065.86241733066;28232.35745111674;33120.19296963342;38854.25382030405;45581.04601983359;53472.44000269313;62730.06193403319;73590.44528463698;86331.07429211862;101277.4737211686;118811.5260634959;139381.228686517;163512.140226203;191820.8086789974;225030.524286467;263989.7996954232;309694.0495706946;363311.0235703185;426210.642505751;499999.9999999716
1;6012440201339;50;phasez;-1.53114;-1.53443;-1.53262;-1.53301;-1.53427;-1.53439;-1.53417;-1.53468;-1.53504;-1.53529;-1.53561;-1.53602;-1.53629;-1.5366;-1.53674;-1.53712;-1.53732;-1.53754;-1.53775;-1.53789;-1.53804;-1.5381;-1.53815;-1.53812;-1.53802;-1.53783;-1.53758;-1.53721;-1.53674;-1.53613;-1.53537;-1.53443;-1.53331;-1.53195;-1.53034;-1.52843;-1.52615;-1.52345;-1.52025;-1.51646;-1.51198;-1.50667;-1.50041;-1.49299;-1.48422;-1.47382;-1.46149;-1.44682;-1.42929;-1.40823
2;6013208454428;50;absz;84356.8;75520.6;67612.8;60518.9;54165.5;48492.8;43400.7;38850.4;34769;31118.5;27852.1;24931.4;22312.6;19970.4;17873.7;15997.2;14318.9;12815.2;11469.8;10265.4;9187.18;8222.29;7358.75;6585.72;5893.76;5274.32;4720.02;4223.65;3779.44;3381.7;3025.71;2706.97;2421.68;2166.17;1937.43;1732.58;1549.15;1384.93;1237.82;1106.09;988.116;882.434;787.835;703.141;627.438;559.775;499.456;445.864;398.492;357.004
2;6013208454428;50;frequency;20000.00000002444;22385.53853899816;25055.61678390222;28044.17375656954;31389.19662092121;35133.2035329932;39323.78408414649;44014.2042055669;49264.08322518227;55140.1516811012;61717.09952482729;69078.52549602467;77317.99973512921;86540.25314108083;96862.50859274992;108415.9709538568;121347.4948009008;135821.4510731415;152021.8163702936;170154.5114554648;190450.0186878266;213166.3116533389;238592.1342356312;267050.6708003728;298903.6541519141;334555.9634717432;374460.7706856584;419125.3006744233;469117.2785435782;525072.1459047724;587701.13789258;657800.3235824071;736260.7247225839;824079.6413975459;922373.3285811875;1032391.184709951;1155531.632626961;1293359.894754076;1447627.888434013;1620296.494325686;1813560.480908265;2029876.401899315;2271993.821195295;2542990.262224833;2846310.325953354;3185809.474764127;3565803.038745301;3991121.067296888;4467169.723268114;4999999.999999929
2;6013208454428;50;phasez;-1.53975;-1.53949;-1.53924;-1.53892;-1.53875;-1.53826;-1.53772;-1.53714;-1.53641;-1.53554;-1.53456;-1.53339;-1.53212;-1.53066;-1.52899;-1.5271;-1.5249;-1.52252;-1.51977;-1.51672;-1.5133;-1.50946;-1.50512;-1.50026;-1.49484;-1.4887;-1.48188;-1.47423;-1.46562;-1.45597;-1.44516;-1.43302;-1.41938;-1.40407;-1.38686;-1.36754;-1.34581;-1.32135;-1.2938;-1.26277;-1.22776;-1.1882;-1.14347;-1.09276;-1.03516;-0.96964;-0.894892;-0.809455;-0.711591;-0.599334
3;6013527805619;20;absz;17400.2;14212.4;11602.8;9474.87;7737.6;6316.85;5157.54;4210.41;3436.68;2804.71;2288.11;1865.83;1520.92;1238.79;1008.11;819.476;665.257;539.517;437.565;356.106
3;6013527805619;20;frequency;99999.99999990905;122862.535599424;150952.0265389597;185463.4873444638;227865.1431623047;279960.8926363817;343967.05137965;422606.6409511731;519225.2346839865;637933.2888043621;783781.0140572543;962973.2274171232;1183133.324347452;1453627.601814205;1785963.729760951;2194280.323268956;2695948.443325946;3312310.615921419;4069588.809647371;4999999.999999929
3;6013527805619;20;phasez;-1.52815;-1.52491;-1.52085;-1.5157;-1.50945;-1.50155;-1.49187;-1.47981;-1.46492;-1.44649;-1.42365;-1.39539;-1.36032;-1.31673;-1.26243;-1.19451;-1.10906;-1.00088;-0.862735;-0.685032
