0;7897669255122;20;absz;1.37304e+08;1.00137e+08;7.29711e+07;5.31426e+07;3.86802e+07;2.81558e+07;2.04865e+07;1.49001e+07;1.08357e+07;7.87867e+06;5.72761e+06;4.16303e+06;3.02538e+06;2.19844e+06;1.5973e+06;1.1604e+06;842851;612105;444455;322669
0;7897669255122;20;frequency;9.999999974752427;13.86918846435492;19.23543905490988;26.67799336109056;37.00021196095804;51.31629158938722;71.17153245417285;98.70914048804025;136.9015682683994;189.8713664161278;263.3361782500288;365.2259113806622;506.5387032487934;702.5280792305466;974.3494403835484;1351.343611730726;1874.203936580443;2599.368780806799;3605.113577052066;4999.99999995282
0;7897669255122;20;phasez;-1.51207;-1.51546;-1.51841;-1.52054;-1.5226;-1.52399;-1.526;-1.52741;-1.52843;-1.52931;-1.53;-1.53042;-1.53065;-1.53062;-1.53023;-1.52939;-1.52793;-1.52563;-1.52214;-1.51702
1;7898439651325;50;absz;7.41812e+06;6.34585e+06;5.43963e+06;4.6509e+06;3.98147e+06;3.40618e+06;2.91551e+06;2.49556e+06;2.13476e+06;1.82702e+06;1.56299e+06;1.33708e+06;1.14387e+06;978509;837240;716200;612576;523990;448201;383349;327880;280411;239814;205093;175390;149985;128258;109675;93783.3;80192.3;68571.6;58632.1;50134.1;42865.6;36650.8;31335.5;26789.6;22902.1;19576.7;16732.9;14300;12218.6;10437.3;8912.95;7607.83;6490.06;5532.04;4710.47;4004.92;3398.24
1;7898439651325;50;frequency;199.9999999213742;234.625769479635;275.2462588517801;322.8993264769997;378.802514688914;444.3841576318164;521.3198749487447;611.5753842550475;717.456725922716;841.6691823498468;987.3863981368913;1158.33146786315;1358.872060208682;1594.132014446359;1870.122253535556;2193.894364737048;2573.720768452858;3019.306079821149;3542.035062906734;4155.263512473084;4874.659497176026;5718.603679767398;6708.658946337209;7870.121340545211;9232.666380967203;10831.10727442716;12706.28439819177;14906.10877695531;17486.78621595445;20514.25336674129;24065.86241733066;28232.35745111674;33120.19296963342;38854.25382030405;45581.04601983359;53472.44000269313;62730.06193403319;73590.44528463698;86331.07429211862;101277.4737211686;118811.5260634959;139381.228686517;163512.140226203;191820.8086789974;225030.524286467;263989.7996954232;309694.0495706946;363311.0235703185;426210.642505751;499999.9999999716
1;7898439651325;50;phasez;-1.53087;-1.53051;-1.53194;-1.53143;-1.53262;-1.53256;-1.53262;-1.53265;-1.53352;-1.53392;-1.53386;-1.53453;-1.53464;-1.53511;-1.53529;-1.53558;-1.53574;-1.53592;-1.53613;-1.53627;-1.53638;-1.53646;-1.5365;-1.53646;-1.53635;-1.53617;-1.53589;-1.53551;-1.53501;-1.53439;-1.53361;-1.53266;-1.53152;-1.53016;-1.52854;-1.52663;-1.52436;-1.52169;-1.51851;-1.51475;-1.5103;-1.50503;-1.49879;-1.4914;-1.48265;-1.47227;-1.45994;-1.44525;-1.4277;-1.40661
2;7899209918674;50;absz;82590.4;73935.7;66207.1;59276.7;53058.9;47511.6;42529.3;38070.8;34081.7;30507.3;27309.7;24447.8;21883.4;19587.5;17535.9;15697.4;14051.3;12577;11257.9;10077.2;9019.66;8072.96;7225.76;6467.06;5788.23;5180.45;4636.34;4149.31;3713.18;3322.81;2973.26;2660.33;2380.18;2129.31;1904.66;1703.47;1523.33;1361.96;1217.45;1087.99;972.03;868.178;775.169;691.887;617.431;550.875;491.516;438.773;392.142;351.277
2;7899209918674;50;frequency;20000.00000002444;22385.53853899816;25055.61678390222;28044.17375656954;31389.19662092121;35133.2035329932;39323.78408414649;44014.2042055669;49264.08322518227;55140.1516811012;61717.09952482729;69078.52549602467;77317.99973512921;86540.25314108083;96862.50859274992;108415.9709538568;121347.4948009008;135821.4510731415;152021.8163702936;170154.5114554648;190450.0186878266;213166.3116533389;238592.1342356312;267050.6708003728;298903.6541519141;334555.9634717432;374460.7706856584;419125.3006744233;469117.2785435782;525072.1459047724;587701.13789258;657800.3235824071;736260.7247225839;824079.6413975459;922373.3285811875;1032391.184709951;1155531.632626961;1293359.894754076;1447627.888434013;1620296.494325686;1813560.480908265;2029876.401899315;2271993.821195295;2542990.262224833;2846310.325953354;3185809.474764127;3565803.038745301;3991121.067296888;4467169.723268114;4999999.999999929
2;7899209918674;50;phasez;-1.53809;-1.53787;-1.53758;-1.53726;-1.53712;-1.53634;-1.536;-1.53533;-1.53463;-1.53367;-1.53274;-1.53165;-1.53031;-1.52886;-1.52726;-1.52537;-1.52332;-1.52087;-1.51816;-1.51513;-1.51172;-1.50785;-1.50353;-1.49871;-1.49326;-1.48717;-1.48033;-1.47265;-1.46402;-1.45435;-1.44351;-1.43133;-1.41767;-1.40232;-1.38508;-1.36571;-1.34394;-1.31945;-1.29187;-1.26079;-1.22573;-1.18613;-1.14135;-1.09057;-1.0329;-0.967312;-0.892483;-0.806937;-0.70895;-0.596548
3;7899530958860;20;absz;17064.7;13942.4;11386.6;9299.67;7596.02;6202.7;5065.19;4135.64;3376.31;2755.93;2248.76;1834.15;1495.39;1218.25;991.622;806.203;654.601;530.904;430.572;350.384
3;7899530958860;20;frequency;99999.99999990905;122862.535599424;150952.0265389597;185463.4873444638;227865.1431623047;279960.8926363817;343967.05137965;422606.6409511731;519225.2346839865;637933.2888043621;783781.0140572543;962973.2274171232;1183133.324347452;1453627.601814205;1785963.729760951;2194280.323268956;2695948.443325946;3312310.615921419;4069588.809647371;4999999.999999929
3;7899530958860;20;phasez;-1.5264;-1.52317;-1.51913;-1.5141;-1.50788;-1.50001;-1.49028;-1.47822;-1.4633;-1.44481;-1.42193;-1.39358;-1.35844;-1.31479;-1.2604;-1.19239;-1.10683;-0.998513;-0.860182;-0.682225
