0;5004487498093;20;absz;1.47324e+08;1.07215e+08;7.80027e+07;5.6712e+07;4.12453e+07;2.99652e+07;2.17929e+07;1.5837e+07;1.15088e+07;8.36157e+06;6.07432e+06;4.41187e+06;3.20402e+06;2.32636e+06;1.68877e+06;1.22567e+06;889370;645266;468078;339503
0;5004487498093;20;frequency;9.999999974752427;13.86918846435492;19.23543905490988;26.67799336109056;37.00021196095804;51.31629158938722;71.17153245417285;98.70914048804025;136.9015682683994;189.8713664161278;263.3361782500288;365.2259113806622;506.5387032487934;702.5280792305466;974.3494403835484;1351.343611730726;1874.203936580443;2599.368780806799;3605.113577052066;4999.99999995282
0;5004487498093;20;phasez;-1.5248;-1.52644;-1.52783;-1.52923;-1.52991;-1.53103;-1.53173;-1.53249;-1.53313;-1.53369;-1.53415;-1.53453;-1.53478;-1.53485;-1.53457;-1.53384;-1.5324;-1.53009;-1.52655;-1.52138
1;5005259668480;50;absz;7.86247e+06;6.73568e+06;5.76859e+06;4.9365e+06;4.21783e+06;3.61063e+06;3.08935e+06;2.64088e+06;2.25942e+06;1.93191e+06;1.65239e+06;1.41333e+06;1.20824e+06;1.03318e+06;883449;755321;645798;552151;472055;403556;345019;294931;252122;215533;184234;157479;134609;115057;98344.8;84055.1;71841.8;61403;52478.9;44850.7;38331.2;32758.2;27994.2;23922.1;20441;17465.2;14920.7;12744.5;10883.2;9290.72;7927.86;6761.11;5761.51;4904.25;4168.39;3535.75
1;5005259668480;50;frequency;199.9999999213742;234.625769479635;275.2462588517801;322.8993264769997;378.802514688914;444.3841576318164;521.3198749487447;611.5753842550475;717.456725922716;841.6691823498468;987.3863981368913;1158.33146786315;1358.872060208682;1594.132014446359;1870.122253535556;2193.894364737048;2573.720768452858;3019.306079821149;3542.035062906734;4155.263512473084;4874.659497176026;5718.603679767398;6708.658946337209;7870.121340545211;9232.666380967203;10831.10727442716;12706.28439819177;14906.10877695531;17486.78621595445;20514.25336674129;24065.86241733066;28232.35745111674;33120.19296963342;38854.25382030405;45581.04601983359;53472.44000269313;62730.06193403319;73590.44528463698;86331.07429211862;101277.4737211686;118811.5260634959;139381.228686517;163512.140226203;191820.8086789974;225030.524286467;263989.7996954232;309694.0495706946;363311.0235703185;426210.642505751;499999.9999999716
1;5005259668480;50;phasez;-1.53418;-1.53584;-1.53663;-1.53512;-1.53677;-1.53604;-1.53726;-1.53742;-1.53815;-1.53817;-1.53835;-1.53889;-1.53914;-1.53952;-1.53979;-1.54001;-1.5402;-1.54042;-1.54059;-1.5407;-1.54079;-1.54081;-1.5408;-1.54075;-1.54063;-1.54042;-1.54014;-1.53974;-1.53923;-1.53859;-1.5378;-1.53684;-1.53568;-1.53428;-1.53262;-1.53066;-1.52833;-1.52558;-1.52233;-1.51849;-1.51398;-1.50866;-1.50238;-1.49497;-1.48622;-1.47586;-1.46357;-1.44896;-1.43148;-1.41049
2;5006028659714;50;absz;86638.5;77534.4;69383.7;62091.3;55576.3;49732.2;44506.3;39834.6;35649.4;31900.7;28548.5;25546.9;22861;20458;18309.1;16385.7;14662.9;13121.9;11742.5;10508.8;9403.71;8415.18;7530.23;6738.31;6029.75;5395.38;4827.65;4319.28;3864.35;3457.19;3092.76;2766.54;2474.56;2213.1;1979.06;1769.58;1581.98;1414.03;1263.67;1129.01;1008.44;900.485;803.844;717.366;640.079;571.04;509.488;454.831;406.519;364.231
2;5006028659714;50;frequency;20000.00000002444;22385.53853899816;25055.61678390222;28044.17375656954;31389.19662092121;35133.2035329932;39323.78408414649;44014.2042055669;49264.08322518227;55140.1516811012;61717.09952482729;69078.52549602467;77317.99973512921;86540.25314108083;96862.50859274992;108415.9709538568;121347.4948009008;135821.4510731415;152021.8163702936;170154.5114554648;190450.0186878266;213166.3116533389;238592.1342356312;267050.6708003728;298903.6541519141;334555.9634717432;374460.7706856584;419125.3006744233;469117.2785435782;525072.1459047724;587701.13789258;657800.3235824071;736260.7247225839;824079.6413975459;922373.3285811875;1032391.184709951;1155531.632626961;1293359.894754076;1447627.888434013;1620296.494325686;1813560.480908265;2029876.401899315;2271993.821195295;2542990.262224833;2846310.325953354;3185809.474764127;3565803.038745301;3991121.067296888;4467169.723268114;4999999.999999929
2;5006028659714;50;phasez;-1.5423;-1.54208;-1.54174;-1.54142;-1.54104;-1.54064;-1.53999;-1.53929;-1.53871;-1.53776;-1.53678;-1.53553;-1.5342;-1.53268;-1.53103;-1.5291;-1.52696;-1.52448;-1.52179;-1.51873;-1.51528;-1.51143;-1.50713;-1.50231;-1.49692;-1.49084;-1.48403;-1.4764;-1.46785;-1.45824;-1.44747;-1.43535;-1.42176;-1.40648;-1.38932;-1.37004;-1.34835;-1.32392;-1.29642;-1.26542;-1.23046;-1.19095;-1.14627;-1.09564;-1.0381;-0.972677;-0.898045;-0.812747;-0.715044;-0.602975
3;5006347348485;20;absz;17827.4;14557;11882.1;9699.4;7919.1;6464.11;5276.34;4306.24;3513.85;2866.93;2338.11;1906.03;1553.24;1264.78;1029;836.251;678.765;550.413;446.402;363.357
3;5006347348485;20;frequency;99999.99999990905;122862.535599424;150952.0265389597;185463.4873444638;227865.1431623047;279960.8926363817;343967.05137965;422606.6409511731;519225.2346839865;637933.2888043621;783781.0140572543;962973.2274171232;1183133.324347452;1453627.601814205;1785963.729760951;2194280.323268956;2695948.443325946;3312310.615921419;4069588.809647371;4999999.999999929
3;5006347348485;20;phasez;-1.53012;-1.52689;-1.52274;-1.51765;-1.51142;-1.5036;-1.49395;-1.48198;-1.46717;-1.44882;-1.42607;-1.39786;-1.36286;-1.31934;-1.26512;-1.19729;-1.11196;-1.00396;-0.866045;-0.688644
