0;287313770714;20;absz;2.77152e+08;2.00263e+08;1.44729e+08;1.04607e+08;7.55597e+07;5.46143e+07;3.94596e+07;2.85119e+07;2.06062e+07;1.48918e+07;1.07627e+07;7.77889e+06;5.62255e+06;4.06392e+06;2.93723e+06;2.12281e+06;1.5342e+06;1.10874e+06;801255;579032
0;287313770714;20;frequency;9.999999974752427;13.86918846435492;19.23543905490988;26.67799336109056;37.00021196095804;51.31629158938722;71.17153245417285;98.70914048804025;136.9015682683994;189.8713664161278;263.3361782500288;365.2259113806622;506.5387032487934;702.5280792305466;974.3494403835484;1351.343611730726;1874.203936580443;2599.368780806799;3605.113577052066;4999.99999995282
0;287313770714;20;phasez;-1.55943;-1.5597;-1.56042;-1.55928;-1.55961;-1.56014;-1.55956;-1.55932;-1.55899;-1.55871;-1.55829;-1.55779;-1.55716;-1.55637;-1.55531;-1.55383;-1.55171;-1.54872;-1.54454;-1.53868
1;288082785570;50;absz;1.39947e+07;1.20168e+07;1.02239e+07;8.69835e+06;7.4432e+06;6.34792e+06;5.41699e+06;4.61967e+06;3.94544e+06;3.36887e+06;2.87266e+06;2.4519e+06;2.09248e+06;1.78557e+06;1.52364e+06;1.30034e+06;1.10949e+06;946891;808031;689539;588399;502136;428512;365681;312062;266318;227280;193964;165537;141275;120573;102905;87826.9;74959.5;63977.2;54603;46601.6;39771.5;33940.9;28961.9;24711.2;21081.4;17980.9;15332.1;13067.9;11132.2;9475.69;8057.44;6841.7;5797.9
1;288082785570;50;frequency;199.9999999213742;234.625769479635;275.2462588517801;322.8993264769997;378.802514688914;444.3841576318164;521.3198749487447;611.5753842550475;717.456725922716;841.6691823498468;987.3863981368913;1158.33146786315;1358.872060208682;1594.132014446359;1870.122253535556;2193.894364737048;2573.720768452858;3019.306079821149;3542.035062906734;4155.263512473084;4874.659497176026;5718.603679767398;6708.658946337209;7870.121340545211;9232.666380967203;10831.10727442716;12706.28439819177;14906.10877695531;17486.78621595445;20514.25336674129;24065.86241733066;28232.35745111674;33120.19296963342;38854.25382030405;45581.04601983359;53472.44000269313;62730.06193403319;73590.44528463698;86331.07429211862;101277.4737211686;118811.5260634959;139381.228686517;163512.140226203;191820.8086789974;225030.524286467;263989.7996954232;309694.0495706946;363311.0235703185;426210.642505751;499999.9999999716
1;288082785570;50;phasez;-1.55862;-1.56227;-1.56136;-1.56114;-1.55868;-1.5589;-1.55864;-1.55905;-1.5595;-1.55951;-1.55885;-1.55933;-1.55918;-1.55903;-1.55915;-1.55892;-1.55893;-1.55883;-1.55857;-1.5584;-1.5582;-1.55789;-1.55756;-1.55716;-1.55678;-1.55625;-1.55564;-1.55495;-1.55414;-1.55323;-1.55213;-1.55089;-1.54946;-1.5478;-1.54589;-1.54368;-1.54111;-1.53813;-1.53464;-1.53058;-1.52582;-1.52025;-1.51372;-1.50603;-1.49699;-1.48632;-1.47371;-1.45874;-1.44091;-1.41954
2;288850927850;50;absz;145617;130204;116450;104093;93039.2;83185.3;74372.2;66496.4;59444.1;53147.3;47519;42484;37990.6;33959.7;30368.1;27151.9;24274.7;21707;19408.5;17354.1;15516.6;13874.7;12405.9;11092.9;9918.41;8867.99;7929.31;7089.65;6338.94;5667.74;5067.2;4530.24;4049.94;3620.6;3236.45;2892.96;2585.81;2311.04;2065.33;1845.63;1649.19;1473.55;1316.59;1176.33;1051.42;940.07;841.191;753.785;677.024;610.47
2;288850927850;50;frequency;20000.00000002444;22385.53853899816;25055.61678390222;28044.17375656954;31389.19662092121;35133.2035329932;39323.78408414649;44014.2042055669;49264.08322518227;55140.1516811012;61717.09952482729;69078.52549602467;77317.99973512921;86540.25314108083;96862.50859274992;108415.9709538568;121347.4948009008;135821.4510731415;152021.8163702936;170154.5114554648;190450.0186878266;213166.3116533389;238592.1342356312;267050.6708003728;298903.6541519141;334555.9634717432;374460.7706856584;419125.3006744233;469117.2785435782;525072.1459047724;587701.13789258;657800.3235824071;736260.7247225839;824079.6413975459;922373.3285811875;1032391.184709951;1155531.632626961;1293359.894754076;1447627.888434013;1620296.494325686;1813560.480908265;2029876.401899315;2271993.821195295;2542990.262224833;2846310.325953354;3185809.474764127;3565803.038745301;3991121.067296888;4467169.723268114;4999999.999999929
2;288850927850;50;phasez;-1.55679;-1.55603;-1.55606;-1.55546;-1.55474;-1.5545;-1.55338;-1.55277;-1.55168;-1.55054;-1.54952;-1.54818;-1.54666;-1.54508;-1.54314;-1.54103;-1.53874;-1.53618;-1.53321;-1.52998;-1.52636;-1.5223;-1.51783;-1.51279;-1.50714;-1.50084;-1.49376;-1.48593;-1.47712;-1.46727;-1.45621;-1.44385;-1.42998;-1.41443;-1.397;-1.37743;-1.35547;-1.33079;-1.30302;-1.27178;-1.23657;-1.19688;-1.15202;-1.10127;-1.04358;-0.978174;-0.903622;-0.818548;-0.721279;-0.609913
3;289168552727;20;absz;29558.5;24098.3;19644.6;16015.8;13054.4;10638;8671.44;7067.87;5759.97;4694.41;3824.96;3116.44;2538.26;2066.75;1682.33;1369.06;1113.85;906.884;740.326;608.958
3;289168552727;20;frequency;99999.99999990905;122862.535599424;150952.0265389597;185463.4873444638;227865.1431623047;279960.8926363817;343967.05137965;422606.6409511731;519225.2346839865;637933.2888043621;783781.0140572543;962973.2274171232;1183133.324347452;1453627.601814205;1785963.729760951;2194280.323268956;2695948.443325946;3312310.615921419;4069588.809647371;4999999.999999929
3;289168552727;20;phasez;-1.54233;-1.53857;-1.53429;-1.52881;-1.52216;-1.51397;-1.50386;-1.49147;-1.47617;-1.45734;-1.43412;-1.40539;-1.3699;-1.32589;-1.27122;-1.20302;-1.1174;-1.00935;-0.871746;-0.695357
