0;10643039802685;20;absz;1.35799e+08;9.91011e+07;7.22369e+07;5.26148e+07;3.83232e+07;2.78909e+07;2.03012e+07;1.4773e+07;1.07441e+07;7.81322e+06;5.68075e+06;4.12949e+06;3.00138e+06;2.18111e+06;1.58478e+06;1.15134e+06;836318;607416;441091;320271
0;10643039802685;20;frequency;9.999999974752427;13.86918846435492;19.23543905490988;26.67799336109056;37.00021196095804;51.31629158938722;71.17153245417285;98.70914048804025;136.9015682683994;189.8713664161278;263.3361782500288;365.2259113806622;506.5387032487934;702.5280792305466;974.3494403835484;1351.343611730726;1874.203936580443;2599.368780806799;3605.113577052066;4999.99999995282
0;10643039802685;20;phasez;-1.50971;-1.51307;-1.51673;-1.51902;-1.52119;-1.52274;-1.52487;-1.52641;-1.52755;-1.5285;-1.52928;-1.52983;-1.53015;-1.53017;-1.52981;-1.52897;-1.52749;-1.52514;-1.5216;-1.51643
1;10643808590879;50;absz;7.35656e+06;6.30487e+06;5.38961e+06;4.61735e+06;3.95159e+06;3.37946e+06;2.89085e+06;2.47603e+06;2.11871e+06;1.8125e+06;1.55055e+06;1.32679e+06;1.13496e+06;971023;830731;710627;607895;520018;444816;380479;325449;278345;238072;203610;174135;148923;127358;108915;93138.8;79648;68108.6;58240.2;49800.4;42583.3;36411;31132.2;26617.4;22755.9;19453.3;16628.3;14211.5;12143.7;10374.3;8859.67;7563.11;6452.34;5500.37;4683.77;3982.45;3379.32
1;10643808590879;50;frequency;199.9999999213742;234.625769479635;275.2462588517801;322.8993264769997;378.802514688914;444.3841576318164;521.3198749487447;611.5753842550475;717.456725922716;841.6691823498468;987.3863981368913;1158.33146786315;1358.872060208682;1594.132014446359;1870.122253535556;2193.894364737048;2573.720768452858;3019.306079821149;3542.035062906734;4155.263512473084;4874.659497176026;5718.603679767398;6708.658946337209;7870.121340545211;9232.666380967203;10831.10727442716;12706.28439819177;14906.10877695531;17486.78621595445;20514.25336674129;24065.86241733066;28232.35745111674;33120.19296963342;38854.25382030405;45581.04601983359;53472.44000269313;62730.06193403319;73590.44528463698;86331.07429211862;101277.4737211686;118811.5260634959;139381.228686517;163512.140226203;191820.8086789974;225030.524286467;263989.7996954232;309694.0495706946;363311.0235703185;426210.642505751;499999.9999999716
1;10643808590879;50;phasez;-1.53168;-1.53083;-1.53108;-1.53084;-1.53267;-1.53124;-1.53213;-1.53307;-1.5335;-1.53317;-1.53338;-1.53407;-1.53416;-1.5346;-1.53484;-1.53502;-1.53526;-1.53546;-1.53557;-1.53573;-1.53582;-1.53591;-1.53589;-1.53585;-1.53572;-1.53553;-1.53526;-1.53487;-1.53439;-1.53377;-1.533;-1.53206;-1.53093;-1.52958;-1.52795;-1.52603;-1.52376;-1.52106;-1.51787;-1.51409;-1.50963;-1.50435;-1.4981;-1.49071;-1.48195;-1.47157;-1.45923;-1.44454;-1.42698;-1.40587
2;10644579137625;50;absz;82054.8;73483.8;65787.6;58894.4;52723.8;47201.9;42262.3;37832.8;33866.4;30322.3;27139.7;24295.1;21747.3;19470.9;17428;15602.4;13966.6;12502.8;11191.4;10018.3;8967.07;8026.41;7184.68;6430.73;5755.96;5151.73;4610.85;4126.53;3693.04;3304.87;2957.36;2646.26;2367.66;2118.17;1894.79;1694.75;1515.62;1355.16;1211.44;1082.67;967.364;864.051;771.527;688.646;614.573;548.358;489.283;436.78;390.355;349.672
2;10644579137625;50;frequency;20000.00000002444;22385.53853899816;25055.61678390222;28044.17375656954;31389.19662092121;35133.2035329932;39323.78408414649;44014.2042055669;49264.08322518227;55140.1516811012;61717.09952482729;69078.52549602467;77317.99973512921;86540.25314108083;96862.50859274992;108415.9709538568;121347.4948009008;135821.4510731415;152021.8163702936;170154.5114554648;190450.0186878266;213166.3116533389;238592.1342356312;267050.6708003728;298903.6541519141;334555.9634717432;374460.7706856584;419125.3006744233;469117.2785435782;525072.1459047724;587701.13789258;657800.3235824071;736260.7247225839;824079.6413975459;922373.3285811875;1032391.184709951;1155531.632626961;1293359.894754076;1447627.888434013;1620296.494325686;1813560.480908265;2029876.401899315;2271993.821195295;2542990.262224833;2846310.325953354;3185809.474764127;3565803.038745301;3991121.067296888;4467169.723268114;4999999.999999929
2;10644579137625;50;phasez;-1.53738;-1.53723;-1.537;-1.5368;-1.53634;-1.5357;-1.53531;-1.53474;-1.53412;-1.53316;-1.5321;-1.53098;-1.52973;-1.52827;-1.52659;-1.52471;-1.52258;-1.52012;-1.51746;-1.51447;-1.51101;-1.50716;-1.50285;-1.49802;-1.49259;-1.48647;-1.47962;-1.47193;-1.4633;-1.45363;-1.44275;-1.43057;-1.4169;-1.40153;-1.38427;-1.36488;-1.34309;-1.31858;-1.29099;-1.2599;-1.22483;-1.18521;-1.14042;-1.08963;-1.03196;-0.966365;-0.891516;-0.805955;-0.707941;-0.595499
3;10644893398137;20;absz;16972.7;13866.6;11324.9;9249.81;7555.39;6169.74;5038.65;4114.18;3359.2;2742.1;2237.68;1825.24;1488.3;1212.61;987.109;802.598;651.702;528.596;428.706;348.84
3;10644893398137;20;frequency;99999.99999990905;122862.535599424;150952.0265389597;185463.4873444638;227865.1431623047;279960.8926363817;343967.05137965;422606.6409511731;519225.2346839865;637933.2888043621;783781.0140572543;962973.2274171232;1183133.324347452;1453627.601814205;1785963.729760951;2194280.323268956;2695948.443325946;3312310.615921419;4069588.809647371;4999999.999999929
3;10644893398137;20;phasez;-1.52578;-1.52243;-1.5185;-1.51346;-1.50718;-1.4993;-1.48957;-1.47751;-1.46255;-1.44404;-1.42114;-1.39275;-1.35758;-1.31389;-1.25948;-1.19145;-1.10588;-0.997541;-0.859174;-0.681149
