0;4122982638090;20;absz;1.55619e+08;1.13127e+08;8.22021e+07;5.97523e+07;4.34183e+07;3.15542e+07;2.29035e+07;1.6633e+07;1.20738e+07;8.76431e+06;6.3605e+06;4.61528e+06;3.34831e+06;2.4286e+06;1.76118e+06;1.27697e+06;925732;671022;486324;352412
0;4122982638090;20;frequency;9.999999974752427;13.86918846435492;19.23543905490988;26.67799336109056;37.00021196095804;51.31629158938722;71.17153245417285;98.70914048804025;136.9015682683994;189.8713664161278;263.3361782500288;365.2259113806622;506.5387032487934;702.5280792305466;974.3494403835484;1351.343611730726;1874.203936580443;2599.368780806799;3605.113577052066;4999.99999995282
0;4122982638090;20;phasez;-1.52971;-1.53067;-1.53225;-1.53323;-1.53421;-1.53543;-1.53602;-1.53681;-1.53755;-1.5382;-1.53874;-1.53922;-1.53949;-1.53949;-1.53917;-1.53836;-1.53685;-1.53447;-1.53088;-1.52561
1;4123752951850;50;absz;8.25402e+06;7.07031e+06;6.04346e+06;5.16258e+06;4.41712e+06;3.77628e+06;3.22654e+06;2.7591e+06;2.35801e+06;2.01604e+06;1.72277e+06;1.47308e+06;1.25886e+06;1.07611e+06;919547;785862;671570;573927;490444;419128;358140;306020;261489;223432;190906;163118;139371;119079;101743;86930.2;74273.5;63459.5;54220.4;46325.3;39580.6;33817.4;28892.2;24683;21085.5;18010.7;15382.4;13135.4;11213.7;9570.18;8163.98;6960.12;5929.12;5045.33;4286.86;3635.05
1;4123752951850;50;frequency;199.9999999213742;234.625769479635;275.2462588517801;322.8993264769997;378.802514688914;444.3841576318164;521.3198749487447;611.5753842550475;717.456725922716;841.6691823498468;987.3863981368913;1158.33146786315;1358.872060208682;1594.132014446359;1870.122253535556;2193.894364737048;2573.720768452858;3019.306079821149;3542.035062906734;4155.263512473084;4874.659497176026;5718.603679767398;6708.658946337209;7870.121340545211;9232.666380967203;10831.10727442716;12706.28439819177;14906.10877695531;17486.78621595445;20514.25336674129;24065.86241733066;28232.35745111674;33120.19296963342;38854.25382030405;45581.04601983359;53472.44000269313;62730.06193403319;73590.44528463698;86331.07429211862;101277.4737211686;118811.5260634959;139381.228686517;163512.140226203;191820.8086789974;225030.524286467;263989.7996954232;309694.0495706946;363311.0235703185;426210.642505751;499999.9999999716
1;4123752951850;50;phasez;-1.54159;-1.54121;-1.53955;-1.53953;-1.5407;-1.54152;-1.54138;-1.54223;-1.54246;-1.5429;-1.543;-1.54329;-1.5438;-1.54399;-1.54428;-1.54435;-1.54462;-1.54475;-1.54493;-1.54497;-1.545;-1.54501;-1.54495;-1.54483;-1.54462;-1.54433;-1.54395;-1.54346;-1.54285;-1.54209;-1.54122;-1.54014;-1.53888;-1.5374;-1.53567;-1.53364;-1.53127;-1.52849;-1.52523;-1.5214;-1.5169;-1.5116;-1.50535;-1.49797;-1.48924;-1.47891;-1.46665;-1.45204;-1.43458;-1.41358
2;4124521985114;50;absz;89603.8;80166.5;71728.5;64175.4;57435.4;51386.3;45974.2;41136.2;36800.3;32929.4;29465;26360;23588.4;21103.6;18883.2;16895.2;15116.9;13526.3;12101.1;10827.3;9686.98;8666.54;7753.54;6936.66;6205.7;5551.33;4966.15;4442.32;3973.52;3553.89;3178.57;2842.66;2542;2272.95;2032.18;1816.63;1623.69;1451.01;1296.46;1158.11;1034.27;923.424;824.228;735.461;656.187;585.386;522.289;466.286;416.818;373.543
2;4124521985114;50;frequency;20000.00000002444;22385.53853899816;25055.61678390222;28044.17375656954;31389.19662092121;35133.2035329932;39323.78408414649;44014.2042055669;49264.08322518227;55140.1516811012;61717.09952482729;69078.52549602467;77317.99973512921;86540.25314108083;96862.50859274992;108415.9709538568;121347.4948009008;135821.4510731415;152021.8163702936;170154.5114554648;190450.0186878266;213166.3116533389;238592.1342356312;267050.6708003728;298903.6541519141;334555.9634717432;374460.7706856584;419125.3006744233;469117.2785435782;525072.1459047724;587701.13789258;657800.3235824071;736260.7247225839;824079.6413975459;922373.3285811875;1032391.184709951;1155531.632626961;1293359.894754076;1447627.888434013;1620296.494325686;1813560.480908265;2029876.401899315;2271993.821195295;2542990.262224833;2846310.325953354;3185809.474764127;3565803.038745301;3991121.067296888;4467169.723268114;4999999.999999929
2;4124521985114;50;phasez;-1.54588;-1.5455;-1.54496;-1.54469;-1.54424;-1.54392;-1.54312;-1.54244;-1.54166;-1.54075;-1.53955;-1.53852;-1.53717;-1.53565;-1.53392;-1.53199;-1.52985;-1.52739;-1.52473;-1.52168;-1.51827;-1.51446;-1.51017;-1.50537;-1.49997;-1.49392;-1.48712;-1.47949;-1.47094;-1.46133;-1.45054;-1.43843;-1.42482;-1.40953;-1.39233;-1.37302;-1.35129;-1.32682;-1.29929;-1.26825;-1.23324;-1.19369;-1.14896;-1.09827;-1.04068;-0.975225;-0.900553;-0.815225;-0.717504;-0.605446
3;4124840362572;20;absz;18382.9;15007.5;12245.7;9993.47;8155.38;6654.03;5428.92;4428.96;3612.33;2946.01;2401.6;1957.06;1594.14;1297.65;1055.41;857.469;695.87;564.253;457.674;372.656
3;4124840362572;20;frequency;99999.99999990905;122862.535599424;150952.0265389597;185463.4873444638;227865.1431623047;279960.8926363817;343967.05137965;422606.6409511731;519225.2346839865;637933.2888043621;783781.0140572543;962973.2274171232;1183133.324347452;1453627.601814205;1785963.729760951;2194280.323268956;2695948.443325946;3312310.615921419;4069588.809647371;4999999.999999929
3;4124840362572;20;phasez;-1.53298;-1.52968;-1.52575;-1.52072;-1.51441;-1.50669;-1.49704;-1.48509;-1.47026;-1.45189;-1.4291;-1.40086;-1.36579;-1.32221;-1.2679;-1.2;-1.11457;-1.00648;-0.868513;-0.691117
