0;708478563391;20;absz;2.28979e+08;1.65543e+08;1.19691e+08;8.6623e+07;6.26514e+07;4.53414e+07;3.2785e+07;2.37254e+07;1.71622e+07;1.24166e+07;8.98472e+06;6.50179e+06;4.70514e+06;3.40493e+06;2.464e+06;1.78304e+06;1.29025e+06;933674;675657;488948
0;708478563391;20;frequency;9.999999974752427;13.86918846435492;19.23543905490988;26.67799336109056;37.00021196095804;51.31629158938722;71.17153245417285;98.70914048804025;136.9015682683994;189.8713664161278;263.3361782500288;365.2259113806622;506.5387032487934;702.5280792305466;974.3494403835484;1351.343611730726;1874.203936580443;2599.368780806799;3605.113577052066;4999.99999995282
0;708478563391;20;phasez;-1.55622;-1.5562;-1.5556;-1.555;-1.55495;-1.5553;-1.55446;-1.55395;-1.55369;-1.55323;-1.55268;-1.55207;-1.55139;-1.55049;-1.54931;-1.54769;-1.54542;-1.54228;-1.53795;-1.53193
1;709248716126;50;absz;1.16683e+07;9.99485e+06;8.53329e+06;7.28374e+06;6.22546e+06;5.31353e+06;4.53167e+06;3.87355e+06;3.30629e+06;2.82314e+06;2.41091e+06;2.05851e+06;1.75764e+06;1.50071e+06;1.28152e+06;1.0942e+06;934421;797986;681375;581836;496899;424293;362363;309443;264265;225690;192745;164620;140599;120088;102568;87605.8;74827.6;63915.1;54595.4;46634.3;39832.8;34022.6;29058.4;24816.8;21192.5;18095;15446.7;13182.5;11245.8;9588.32;8168.91;6952.48;5908.7;5011.67
1;709248716126;50;frequency;199.9999999213742;234.625769479635;275.2462588517801;322.8993264769997;378.802514688914;444.3841576318164;521.3198749487447;611.5753842550475;717.456725922716;841.6691823498468;987.3863981368913;1158.33146786315;1358.872060208682;1594.132014446359;1870.122253535556;2193.894364737048;2573.720768452858;3019.306079821149;3542.035062906734;4155.263512473084;4874.659497176026;5718.603679767398;6708.658946337209;7870.121340545211;9232.666380967203;10831.10727442716;12706.28439819177;14906.10877695531;17486.78621595445;20514.25336674129;24065.86241733066;28232.35745111674;33120.19296963342;38854.25382030405;45581.04601983359;53472.44000269313;62730.06193403319;73590.44528463698;86331.07429211862;101277.4737211686;118811.5260634959;139381.228686517;163512.140226203;191820.8086789974;225030.524286467;263989.7996954232;309694.0495706946;363311.0235703185;426210.642505751;499999.9999999716
1;709248716126;50;phasez;-1.5542;-1.5526;-1.55308;-1.55431;-1.55323;-1.55331;-1.5533;-1.5538;-1.55358;-1.55292;-1.55331;-1.55329;-1.55297;-1.55288;-1.55278;-1.55265;-1.55245;-1.55219;-1.55197;-1.55176;-1.55145;-1.55108;-1.55067;-1.55022;-1.54969;-1.54909;-1.5484;-1.54762;-1.54673;-1.54573;-1.54457;-1.54325;-1.54174;-1.54001;-1.53803;-1.53575;-1.5331;-1.53005;-1.5265;-1.52236;-1.51753;-1.51189;-1.50528;-1.49752;-1.4884;-1.47767;-1.46499;-1.44996;-1.43207;-1.41064
2;710017959061;50;absz;123757;110682;99064.4;88604.5;79243.6;70910.2;63424.2;56723.8;50747.7;45402.9;40612.1;36339.9;32504.4;29078.5;26013.2;23273.5;20821.2;18628.1;16666;14911.6;13341.3;11936.4;10679.4;9554.76;8548.78;7648.41;6843.13;6122.49;5477.41;4900.55;4384;3921.93;3508.34;3138.28;2807.04;2510.65;2245.4;2007.96;1795.46;1605.31;1435.1;1282.83;1146.62;1024.81;916.18;819.263;733.07;656.754;589.633;531.285
2;710017959061;50;frequency;20000.00000002444;22385.53853899816;25055.61678390222;28044.17375656954;31389.19662092121;35133.2035329932;39323.78408414649;44014.2042055669;49264.08322518227;55140.1516811012;61717.09952482729;69078.52549602467;77317.99973512921;86540.25314108083;96862.50859274992;108415.9709538568;121347.4948009008;135821.4510731415;152021.8163702936;170154.5114554648;190450.0186878266;213166.3116533389;238592.1342356312;267050.6708003728;298903.6541519141;334555.9634717432;374460.7706856584;419125.3006744233;469117.2785435782;525072.1459047724;587701.13789258;657800.3235824071;736260.7247225839;824079.6413975459;922373.3285811875;1032391.184709951;1155531.632626961;1293359.894754076;1447627.888434013;1620296.494325686;1813560.480908265;2029876.401899315;2271993.821195295;2542990.262224833;2846310.325953354;3185809.474764127;3565803.038745301;3991121.067296888;4467169.723268114;4999999.999999929
2;710017959061;50;phasez;-1.54918;-1.54894;-1.54813;-1.54769;-1.54725;-1.54648;-1.54559;-1.54476;-1.54393;-1.54269;-1.54163;-1.54018;-1.53866;-1.53679;-1.53494;-1.53281;-1.53043;-1.52773;-1.52481;-1.52155;-1.51787;-1.5138;-1.50914;-1.50409;-1.49843;-1.49208;-1.485;-1.47707;-1.46822;-1.45832;-1.44722;-1.43483;-1.42092;-1.40532;-1.38784;-1.36823;-1.34621;-1.32147;-1.29366;-1.26236;-1.2271;-1.18732;-1.14238;-1.09152;-1.03376;-0.968181;-0.893468;-0.808167;-0.710636;-0.59893
3;710335160732;20;absz;25324.8;20671.3;16869.8;13767.6;11232.1;9166;7480.38;6103.2;4980.36;4063.05;3314.78;2703.65;2204.42;1796.76;1464.01;1192.18;970.525;790.364;644.994;529.967
3;710335160732;20;frequency;99999.99999990905;122862.535599424;150952.0265389597;185463.4873444638;227865.1431623047;279960.8926363817;343967.05137965;422606.6409511731;519225.2346839865;637933.2888043621;783781.0140572543;962973.2274171232;1183133.324347452;1453627.601814205;1785963.729760951;2194280.323268956;2695948.443325946;3312310.615921419;4069588.809647371;4999999.999999929
3;710335160732;20;phasez;-1.53396;-1.53043;-1.52586;-1.5203;-1.51354;-1.50531;-1.49514;-1.48259;-1.46726;-1.44835;-1.42503;-1.39624;-1.36064;-1.31655;-1.26176;-1.19343;-1.10762;-0.999336;-0.861383;-0.684423
