0;7551695750545;20;absz;1.37794e+08;1.00518e+08;7.31657e+07;5.33094e+07;3.88018e+07;2.82231e+07;2.05412e+07;1.49406e+07;1.08645e+07;7.89892e+06;5.74211e+06;4.17348e+06;3.03297e+06;2.20386e+06;1.60119e+06;1.16318e+06;844862;613558;445500;323420
0;7551695750545;20;frequency;9.999999974752427;13.86918846435492;19.23543905490988;26.67799336109056;37.00021196095804;51.31629158938722;71.17153245417285;98.70914048804025;136.9015682683994;189.8713664161278;263.3361782500288;365.2259113806622;506.5387032487934;702.5280792305466;974.3494403835484;1351.343611730726;1874.203936580443;2599.368780806799;3605.113577052066;4999.99999995282
0;7551695750545;20;phasez;-1.51316;-1.5162;-1.51893;-1.52166;-1.52316;-1.52477;-1.52643;-1.5277;-1.52874;-1.52958;-1.53021;-1.53064;-1.53084;-1.53079;-1.53037;-1.52952;-1.52805;-1.52575;-1.52227;-1.51716
1;7552466990712;50;absz;7.45869e+06;6.37901e+06;5.45266e+06;4.6688e+06;3.99698e+06;3.41545e+06;2.9231e+06;2.50074e+06;2.14033e+06;1.83063e+06;1.56675e+06;1.3402e+06;1.14656e+06;981026;839108;717836;614053;525214;449245;384250;328639;281060;240366;205562;175786;150325;128546;109919;93991.7;80368.3;68721.1;58758.9;50240.8;42956.3;36727.6;31400.5;26844.8;22948.2;19616.1;16766;14327.7;12242;10457.3;8929.6;7621.93;6502.09;5542.19;4719.01;4012.22;3404.27
1;7552466990712;50;frequency;199.9999999213742;234.625769479635;275.2462588517801;322.8993264769997;378.802514688914;444.3841576318164;521.3198749487447;611.5753842550475;717.456725922716;841.6691823498468;987.3863981368913;1158.33146786315;1358.872060208682;1594.132014446359;1870.122253535556;2193.894364737048;2573.720768452858;3019.306079821149;3542.035062906734;4155.263512473084;4874.659497176026;5718.603679767398;6708.658946337209;7870.121340545211;9232.666380967203;10831.10727442716;12706.28439819177;14906.10877695531;17486.78621595445;20514.25336674129;24065.86241733066;28232.35745111674;33120.19296963342;38854.25382030405;45581.04601983359;53472.44000269313;62730.06193403319;73590.44528463698;86331.07429211862;101277.4737211686;118811.5260634959;139381.228686517;163512.140226203;191820.8086789974;225030.524286467;263989.7996954232;309694.0495706946;363311.0235703185;426210.642505751;499999.9999999716
1;7552466990712;50;phasez;-1.53416;-1.53114;-1.53013;-1.53263;-1.53218;-1.53303;-1.53279;-1.53319;-1.53391;-1.53406;-1.53426;-1.53459;-1.53493;-1.53521;-1.53537;-1.53568;-1.53592;-1.53609;-1.53627;-1.53643;-1.53653;-1.53662;-1.53665;-1.53663;-1.53651;-1.53635;-1.53607;-1.53568;-1.5352;-1.53458;-1.5338;-1.53285;-1.53171;-1.53036;-1.52875;-1.52684;-1.52458;-1.5219;-1.51872;-1.51496;-1.51051;-1.50524;-1.499;-1.4916;-1.48285;-1.47246;-1.46013;-1.44544;-1.42789;-1.4068
2;7553233445089;50;absz;82787.4;74127.1;66343.7;59393.7;53182.1;47608.9;42619.8;38150.6;34152.3;30571.4;27366.2;24499.3;21929.2;19628.6;17570.9;15728.3;14078.4;12601.8;11279.6;10095.9;9036.61;8088.5;7239.34;6479.36;5799.08;5190.1;4644.93;4156.99;3719.97;3328.81;2978.65;2665.1;2384.42;2133.08;1907.98;1706.47;1525.96;1364.32;1219.53;1089.85;973.675;869.631;776.474;693.03;618.444;551.782;492.325;439.494;392.786;351.863
2;7553233445089;50;frequency;20000.00000002444;22385.53853899816;25055.61678390222;28044.17375656954;31389.19662092121;35133.2035329932;39323.78408414649;44014.2042055669;49264.08322518227;55140.1516811012;61717.09952482729;69078.52549602467;77317.99973512921;86540.25314108083;96862.50859274992;108415.9709538568;121347.4948009008;135821.4510731415;152021.8163702936;170154.5114554648;190450.0186878266;213166.3116533389;238592.1342356312;267050.6708003728;298903.6541519141;334555.9634717432;374460.7706856584;419125.3006744233;469117.2785435782;525072.1459047724;587701.13789258;657800.3235824071;736260.7247225839;824079.6413975459;922373.3285811875;1032391.184709951;1155531.632626961;1293359.894754076;1447627.888434013;1620296.494325686;1813560.480908265;2029876.401899315;2271993.821195295;2542990.262224833;2846310.325953354;3185809.474764127;3565803.038745301;3991121.067296888;4467169.723268114;4999999.999999929
2;7553233445089;50;phasez;-1.5384;-1.53777;-1.53782;-1.5373;-1.5371;-1.53678;-1.53607;-1.53553;-1.53476;-1.53393;-1.53294;-1.53179;-1.53065;-1.52916;-1.52745;-1.5255;-1.52341;-1.5211;-1.51835;-1.51534;-1.51187;-1.50807;-1.50377;-1.4989;-1.49344;-1.48734;-1.48051;-1.47282;-1.46421;-1.45454;-1.44369;-1.43153;-1.41786;-1.40253;-1.3853;-1.36594;-1.34417;-1.31969;-1.29211;-1.26105;-1.226;-1.18641;-1.14164;-1.09089;-1.03323;-0.967658;-0.892848;-0.807328;-0.709373;-0.596998
3;7553552662723;20;absz;17103.3;13972.5;11410.5;9318.44;7611.09;6214.73;5075.12;4143.42;3382.66;2761.13;2252.87;1837.43;1498.06;1220.41;993.347;807.585;655.695;531.803;431.303;350.975
3;7553552662723;20;frequency;99999.99999990905;122862.535599424;150952.0265389597;185463.4873444638;227865.1431623047;279960.8926363817;343967.05137965;422606.6409511731;519225.2346839865;637933.2888043621;783781.0140572543;962973.2274171232;1183133.324347452;1453627.601814205;1785963.729760951;2194280.323268956;2695948.443325946;3312310.615921419;4069588.809647371;4999999.999999929
3;7553552662723;20;phasez;-1.52656;-1.5234;-1.51938;-1.51433;-1.50802;-1.50019;-1.49046;-1.47841;-1.46349;-1.44499;-1.42213;-1.3938;-1.35867;-1.31502;-1.26066;-1.19267;-1.10714;-0.998859;-0.86057;-0.68268
