0;10743435542747;20;absz;1.35801e+08;9.91213e+07;7.22507e+07;5.26241e+07;3.83199e+07;2.78929e+07;2.02995e+07;1.47697e+07;1.07424e+07;7.81208e+06;5.67976e+06;4.12885e+06;3.00096e+06;2.18079e+06;1.58454e+06;1.15116e+06;836195;607330;441031;320216
0;10743435542747;20;frequency;9.999999974752427;13.86918846435492;19.23543905490988;26.67799336109056;37.00021196095804;51.31629158938722;71.17153245417285;98.70914048804025;136.9015682683994;189.8713664161278;263.3361782500288;365.2259113806622;506.5387032487934;702.5280792305466;974.3494403835484;1351.343611730726;1874.203936580443;2599.368780806799;3605.113577052066;4999.99999995282
0;10743435542747;20;phasez;-1.50984;-1.51345;-1.51611;-1.51883;-1.52114;-1.52301;-1.52494;-1.52638;-1.52754;-1.52853;-1.5293;-1.52983;-1.53015;-1.53018;-1.52981;-1.52897;-1.52748;-1.52513;-1.52161;-1.51643
1;10744204373752;50;absz;7.36468e+06;6.30614e+06;5.39266e+06;4.61447e+06;3.95001e+06;3.38177e+06;2.89377e+06;2.47575e+06;2.11736e+06;1.81186e+06;1.5502e+06;1.3265e+06;1.13488e+06;970855;830586;710570;607828;519924;444721;380394;325373;278295;238025;203572;174103;148896;127337;108896;93123.1;79634.1;68097.8;58231.6;49794.2;42577.6;36406.5;31128.6;26614.2;22753.2;19451.3;16626.5;14210.2;12142.6;10373.3;8858.76;7562.19;6451.59;5499.77;4683.24;3982.05;3378.99
1;10744204373752;50;frequency;199.9999999213742;234.625769479635;275.2462588517801;322.8993264769997;378.802514688914;444.3841576318164;521.3198749487447;611.5753842550475;717.456725922716;841.6691823498468;987.3863981368913;1158.33146786315;1358.872060208682;1594.132014446359;1870.122253535556;2193.894364737048;2573.720768452858;3019.306079821149;3542.035062906734;4155.263512473084;4874.659497176026;5718.603679767398;6708.658946337209;7870.121340545211;9232.666380967203;10831.10727442716;12706.28439819177;14906.10877695531;17486.78621595445;20514.25336674129;24065.86241733066;28232.35745111674;33120.19296963342;38854.25382030405;45581.04601983359;53472.44000269313;62730.06193403319;73590.44528463698;86331.07429211862;101277.4737211686;118811.5260634959;139381.228686517;163512.140226203;191820.8086789974;225030.524286467;263989.7996954232;309694.0495706946;363311.0235703185;426210.642505751;499999.9999999716
1;10744204373752;50;phasez;-1.5312;-1.52923;-1.53034;-1.53033;-1.5325;-1.53117;-1.53214;-1.53233;-1.53321;-1.5331;-1.5336;-1.53407;-1.53435;-1.53457;-1.5348;-1.53504;-1.53533;-1.53541;-1.53556;-1.53577;-1.53585;-1.53588;-1.53589;-1.53583;-1.5357;-1.53552;-1.53524;-1.53485;-1.53435;-1.53374;-1.53298;-1.53204;-1.53091;-1.52954;-1.52792;-1.52601;-1.52373;-1.52103;-1.51784;-1.51407;-1.50961;-1.50433;-1.49809;-1.4907;-1.48194;-1.47155;-1.45921;-1.44452;-1.42696;-1.40585
2;10744972620398;50;absz;82047;73465.6;65771.8;58888.6;52728.6;47195.8;42256.4;37828.4;33864.6;30315.5;27136.8;24293.5;21746;19467.6;17427.7;15600.4;13965.6;12501.3;11190.5;10017.1;8966.73;8026.13;7183.99;6430.2;5755.33;5151.4;4610.42;4126.24;3692.78;3304.7;2957.21;2646.06;2367.5;2118.06;1894.72;1694.68;1515.53;1355.1;1211.38;1082.64;967.314;864.018;771.498;688.642;614.551;548.33;489.257;436.762;390.337;349.66
2;10744972620398;50;frequency;20000.00000002444;22385.53853899816;25055.61678390222;28044.17375656954;31389.19662092121;35133.2035329932;39323.78408414649;44014.2042055669;49264.08322518227;55140.1516811012;61717.09952482729;69078.52549602467;77317.99973512921;86540.25314108083;96862.50859274992;108415.9709538568;121347.4948009008;135821.4510731415;152021.8163702936;170154.5114554648;190450.0186878266;213166.3116533389;238592.1342356312;267050.6708003728;298903.6541519141;334555.9634717432;374460.7706856584;419125.3006744233;469117.2785435782;525072.1459047724;587701.13789258;657800.3235824071;736260.7247225839;824079.6413975459;922373.3285811875;1032391.184709951;1155531.632626961;1293359.894754076;1447627.888434013;1620296.494325686;1813560.480908265;2029876.401899315;2271993.821195295;2542990.262224833;2846310.325953354;3185809.474764127;3565803.038745301;3991121.067296888;4467169.723268114;4999999.999999929
2;10744972620398;50;phasez;-1.53761;-1.53745;-1.53703;-1.53657;-1.53629;-1.53583;-1.5354;-1.5347;-1.53391;-1.53309;-1.53207;-1.53095;-1.52978;-1.5282;-1.52654;-1.52467;-1.52257;-1.52015;-1.51745;-1.5144;-1.511;-1.50716;-1.50284;-1.49799;-1.49256;-1.48646;-1.4796;-1.47192;-1.46328;-1.45361;-1.44274;-1.43054;-1.41686;-1.4015;-1.38425;-1.36485;-1.34307;-1.31856;-1.29096;-1.25987;-1.2248;-1.18518;-1.14039;-1.08961;-1.03193;-0.966336;-0.89149;-0.805929;-0.707916;-0.595467
3;10745291252982;20;absz;16969.5;13863.4;11322.3;9247.15;7554.11;6168.69;5037.96;4113.59;3358.64;2741.67;2237.32;1824.97;1488.08;1212.43;986.96;802.487;651.615;528.535;428.663;348.814
3;10745291252982;20;frequency;99999.99999990905;122862.535599424;150952.0265389597;185463.4873444638;227865.1431623047;279960.8926363817;343967.05137965;422606.6409511731;519225.2346839865;637933.2888043621;783781.0140572543;962973.2274171232;1183133.324347452;1453627.601814205;1785963.729760951;2194280.323268956;2695948.443325946;3312310.615921419;4069588.809647371;4999999.999999929
3;10745291252982;20;phasez;-1.5257;-1.52247;-1.51844;-1.51344;-1.50713;-1.49932;-1.48957;-1.47751;-1.46255;-1.44404;-1.42111;-1.39275;-1.35756;-1.31387;-1.25946;-1.19143;-1.10587;-0.997528;-0.85917;-0.681113
