0;4323800328313;20;absz;1.53298e+08;1.11521e+08;8.10656e+07;5.89525e+07;4.28316e+07;3.11099e+07;2.26058e+07;1.64193e+07;1.19243e+07;8.65722e+06;6.28458e+06;4.56102e+06;3.30976e+06;2.40137e+06;1.74203e+06;1.26346e+06;916253;664342;481599;349076
0;4323800328313;20;frequency;9.999999974752427;13.86918846435492;19.23543905490988;26.67799336109056;37.00021196095804;51.31629158938722;71.17153245417285;98.70914048804025;136.9015682683994;189.8713664161278;263.3361782500288;365.2259113806622;506.5387032487934;702.5280792305466;974.3494403835484;1351.343611730726;1874.203936580443;2599.368780806799;3605.113577052066;4999.99999995282
0;4323800328313;20;phasez;-1.52812;-1.53048;-1.53098;-1.53198;-1.53298;-1.53426;-1.5348;-1.53551;-1.53633;-1.53699;-1.53755;-1.53794;-1.53817;-1.53814;-1.53779;-1.53701;-1.53555;-1.53322;-1.52968;-1.52448
1;4324571409059;50;absz;8.16024e+06;6.97461e+06;5.96437e+06;5.09779e+06;4.36839e+06;3.73107e+06;3.18765e+06;2.72819e+06;2.33182e+06;1.99325e+06;1.70409e+06;1.45683e+06;1.24547e+06;1.06474e+06;910058;777871;664893;568296;485681;415071;354740;303155;259069;221386;189180;161659;138140;118037;100860;86182.9;73640.3;62923.4;53766.2;45941.2;39255.2;33541.3;28658.1;24484.9;20918.1;17869.4;15263.1;13034.3;11128.4;9498.1;8103.33;6909.1;5886.1;5009.2;4256.64;3609.77
1;4324571409059;50;frequency;199.9999999213742;234.625769479635;275.2462588517801;322.8993264769997;378.802514688914;444.3841576318164;521.3198749487447;611.5753842550475;717.456725922716;841.6691823498468;987.3863981368913;1158.33146786315;1358.872060208682;1594.132014446359;1870.122253535556;2193.894364737048;2573.720768452858;3019.306079821149;3542.035062906734;4155.263512473084;4874.659497176026;5718.603679767398;6708.658946337209;7870.121340545211;9232.666380967203;10831.10727442716;12706.28439819177;14906.10877695531;17486.78621595445;20514.25336674129;24065.86241733066;28232.35745111674;33120.19296963342;38854.25382030405;45581.04601983359;53472.44000269313;62730.06193403319;73590.44528463698;86331.07429211862;101277.4737211686;118811.5260634959;139381.228686517;163512.140226203;191820.8086789974;225030.524286467;263989.7996954232;309694.0495706946;363311.0235703185;426210.642505751;499999.9999999716
1;4324571409059;50;phasez;-1.53892;-1.53944;-1.53949;-1.53872;-1.53995;-1.53925;-1.54061;-1.54056;-1.54088;-1.54116;-1.54187;-1.54193;-1.54237;-1.54263;-1.54294;-1.54319;-1.54325;-1.54358;-1.54369;-1.54384;-1.54391;-1.54392;-1.54385;-1.54378;-1.5436;-1.54335;-1.54299;-1.54253;-1.54195;-1.54123;-1.54036;-1.53931;-1.53807;-1.5366;-1.53487;-1.53285;-1.53048;-1.52769;-1.52442;-1.52059;-1.51608;-1.51077;-1.50451;-1.49713;-1.4884;-1.47807;-1.4658;-1.4512;-1.43374;-1.41275
2;4325339645713;50;absz;88828.9;79480.1;71114.1;63648.8;56942.4;50953.5;45590.5;40799;36505.6;32662.2;29225.3;26148.9;23397.6;20935.3;18733.1;16762.7;14998.7;13420.8;12008.5;10744.9;9614.09;8602.11;7696.27;6885.83;6160.49;5511.57;4930.6;4410.77;3945.56;3529.11;3156.76;2823.2;2524.7;2257.63;2018.61;1804.6;1613.05;1441.63;1288.13;1150.71;1027.71;917.602;819.053;730.872;652.092;581.735;519.033;463.361;414.202;371.177
2;4325339645713;50;frequency;20000.00000002444;22385.53853899816;25055.61678390222;28044.17375656954;31389.19662092121;35133.2035329932;39323.78408414649;44014.2042055669;49264.08322518227;55140.1516811012;61717.09952482729;69078.52549602467;77317.99973512921;86540.25314108083;96862.50859274992;108415.9709538568;121347.4948009008;135821.4510731415;152021.8163702936;170154.5114554648;190450.0186878266;213166.3116533389;238592.1342356312;267050.6708003728;298903.6541519141;334555.9634717432;374460.7706856584;419125.3006744233;469117.2785435782;525072.1459047724;587701.13789258;657800.3235824071;736260.7247225839;824079.6413975459;922373.3285811875;1032391.184709951;1155531.632626961;1293359.894754076;1447627.888434013;1620296.494325686;1813560.480908265;2029876.401899315;2271993.821195295;2542990.262224833;2846310.325953354;3185809.474764127;3565803.038745301;3991121.067296888;4467169.723268114;4999999.999999929
2;4325339645713;50;phasez;-1.54481;-1.54462;-1.54425;-1.544;-1.54363;-1.54308;-1.54232;-1.54165;-1.5408;-1.54008;-1.5389;-1.53761;-1.53633;-1.53482;-1.53304;-1.53121;-1.52901;-1.52662;-1.52391;-1.52085;-1.51749;-1.5136;-1.50933;-1.50452;-1.49912;-1.49307;-1.48629;-1.47867;-1.4701;-1.46049;-1.44972;-1.4376;-1.424;-1.40873;-1.39155;-1.37225;-1.35052;-1.32609;-1.29857;-1.26755;-1.23256;-1.19303;-1.14833;-1.09764;-1.04009;-0.974662;-0.90001;-0.814712;-0.717007;-0.604966
3;4325658347724;20;absz;18237.7;14889.5;12151.7;9917.26;8094.23;6605.21;5389.66;4397.36;3587.11;2925.74;2385.37;1944.03;1583.73;1289.24;1048.67;852.054;691.517;560.732;454.793;370.282
3;4325658347724;20;frequency;99999.99999990905;122862.535599424;150952.0265389597;185463.4873444638;227865.1431623047;279960.8926363817;343967.05137965;422606.6409511731;519225.2346839865;637933.2888043621;783781.0140572543;962973.2274171232;1183133.324347452;1453627.601814205;1785963.729760951;2194280.323268956;2695948.443325946;3312310.615921419;4069588.809647371;4999999.999999929
3;4325658347724;20;phasez;-1.53218;-1.52899;-1.52497;-1.51989;-1.5136;-1.50586;-1.49618;-1.48426;-1.46943;-1.45106;-1.42829;-1.40008;-1.36504;-1.32149;-1.26722;-1.19935;-1.11396;-1.00593;-0.867997;-0.690629
