0;2175896832139;20;absz;1.86326e+08;1.34828e+08;9.75828e+07;7.06118e+07;5.11053e+07;3.6975e+07;2.67567e+07;1.93645e+07;1.40109e+07;1.014e+07;7.33759e+06;5.3096e+06;3.84178e+06;2.77946e+06;2.01062e+06;1.4543e+06;1.05177e+06;760518;549876;397517
0;2175896832139;20;frequency;9.999999974752427;13.86918846435492;19.23543905490988;26.67799336109056;37.00021196095804;51.31629158938722;71.17153245417285;98.70914048804025;136.9015682683994;189.8713664161278;263.3361782500288;365.2259113806622;506.5387032487934;702.5280792305466;974.3494403835484;1351.343611730726;1874.203936580443;2599.368780806799;3605.113577052066;4999.99999995282
0;2175896832139;20;phasez;-1.5523;-1.5524;-1.55277;-1.55306;-1.55314;-1.55263;-1.55336;-1.55309;-1.55311;-1.55295;-1.55283;-1.55272;-1.55251;-1.55214;-1.55148;-1.55039;-1.54871;-1.54615;-1.54239;-1.53696
1;2176665543938;50;absz;9.54409e+06;8.1756e+06;6.9684e+06;5.95216e+06;5.07244e+06;4.33313e+06;3.70389e+06;3.1615e+06;2.69909e+06;2.30441e+06;1.96723e+06;1.67934e+06;1.43351e+06;1.22384e+06;1.04464e+06;891692;761214;649764;554605;473358;404047;344841;294317;251191;214388;182967;156157;133274;113744;97075.6;82850.7;70711.6;60350.3;51508;43961.5;37520;32022.2;27329.3;23323;19902.6;16982.4;14488.4;12358.3;10538.7;8983.24;7653.37;6515.6;5541.3;4705.88;3988.61
1;2176665543938;50;frequency;199.9999999213742;234.625769479635;275.2462588517801;322.8993264769997;378.802514688914;444.3841576318164;521.3198749487447;611.5753842550475;717.456725922716;841.6691823498468;987.3863981368913;1158.33146786315;1358.872060208682;1594.132014446359;1870.122253535556;2193.894364737048;2573.720768452858;3019.306079821149;3542.035062906734;4155.263512473084;4874.659497176026;5718.603679767398;6708.658946337209;7870.121340545211;9232.666380967203;10831.10727442716;12706.28439819177;14906.10877695531;17486.78621595445;20514.25336674129;24065.86241733066;28232.35745111674;33120.19296963342;38854.25382030405;45581.04601983359;53472.44000269313;62730.06193403319;73590.44528463698;86331.07429211862;101277.4737211686;118811.5260634959;139381.228686517;163512.140226203;191820.8086789974;225030.524286467;263989.7996954232;309694.0495706946;363311.0235703185;426210.642505751;499999.9999999716
1;2176665543938;50;phasez;-1.55665;-1.55501;-1.55447;-1.55489;-1.55523;-1.55471;-1.55468;-1.55474;-1.55461;-1.55524;-1.55514;-1.55553;-1.55575;-1.55592;-1.55609;-1.55616;-1.55622;-1.55638;-1.55639;-1.55646;-1.55641;-1.55628;-1.55617;-1.55593;-1.55566;-1.55528;-1.55479;-1.55419;-1.55348;-1.55262;-1.55159;-1.55038;-1.54898;-1.54732;-1.5454;-1.54316;-1.54054;-1.53749;-1.53393;-1.52977;-1.5249;-1.51919;-1.51251;-1.50466;-1.49543;-1.48457;-1.47174;-1.45655;-1.43848;-1.41685
2;2177435605910;50;absz;100055;89448.9;79979.5;71485.3;63918.2;57150.7;51099.4;45688.5;40841.7;36516.6;32649.5;29194.4;26100;23337.1;20865.1;18658.5;16683.6;14917.7;13338.7;11927.3;10665.3;9536.91;8527.86;7625.79;6819.18;6097.91;5452.78;4876.11;4360.17;3898.76;3486.12;3117.16;2787.05;2491.78;2227.67;1991.38;1780.01;1590.87;1421.66;1270.24;1134.75;1013.55;905.123;808.16;721.565;644.302;575.508;514.504;460.704;413.738
2;2177435605910;50;frequency;20000.00000002444;22385.53853899816;25055.61678390222;28044.17375656954;31389.19662092121;35133.2035329932;39323.78408414649;44014.2042055669;49264.08322518227;55140.1516811012;61717.09952482729;69078.52549602467;77317.99973512921;86540.25314108083;96862.50859274992;108415.9709538568;121347.4948009008;135821.4510731415;152021.8163702936;170154.5114554648;190450.0186878266;213166.3116533389;238592.1342356312;267050.6708003728;298903.6541519141;334555.9634717432;374460.7706856584;419125.3006744233;469117.2785435782;525072.1459047724;587701.13789258;657800.3235824071;736260.7247225839;824079.6413975459;922373.3285811875;1032391.184709951;1155531.632626961;1293359.894754076;1447627.888434013;1620296.494325686;1813560.480908265;2029876.401899315;2271993.821195295;2542990.262224833;2846310.325953354;3185809.474764127;3565803.038745301;3991121.067296888;4467169.723268114;4999999.999999929
2;2177435605910;50;phasez;-1.55621;-1.55613;-1.55559;-1.55489;-1.55433;-1.55375;-1.55319;-1.55223;-1.55127;-1.55013;-1.54881;-1.54755;-1.54598;-1.54437;-1.54235;-1.54024;-1.5378;-1.53508;-1.53207;-1.52873;-1.52504;-1.52087;-1.5162;-1.51098;-1.50521;-1.49874;-1.49155;-1.48349;-1.47449;-1.46446;-1.45321;-1.44063;-1.42655;-1.41079;-1.39312;-1.37332;-1.3511;-1.32615;-1.29811;-1.26657;-1.23105;-1.191;-1.14576;-1.09457;-1.03647;-0.970512;-0.895347;-0.809533;-0.711352;-0.598892
3;2177752527314;20;absz;20305.9;16557.7;13498.7;11002.5;8969.49;7313.18;5961.52;4860.59;3962.24;3230;2632.54;2145.06;1747.25;1422.75;1157.71;941.364;764.822;621.19;505.062;412.703
3;2177752527314;20;frequency;99999.99999990905;122862.535599424;150952.0265389597;185463.4873444638;227865.1431623047;279960.8926363817;343967.05137965;422606.6409511731;519225.2346839865;637933.2888043621;783781.0140572543;962973.2274171232;1183133.324347452;1453627.601814205;1785963.729760951;2194280.323268956;2695948.443325946;3312310.615921419;4069588.809647371;4999999.999999929
3;2177752527314;20;phasez;-1.54152;-1.53766;-1.53315;-1.52747;-1.5206;-1.51216;-1.50181;-1.48908;-1.47343;-1.45423;-1.4306;-1.40147;-1.3655;-1.32101;-1.26578;-1.19694;-1.11058;-1.00158;-0.862708;-0.684487
