0;4853818434950;20;absz;1.4862e+08;1.0804e+08;7.86529e+07;5.71482e+07;4.15523e+07;3.0218e+07;2.19519e+07;1.59514e+07;1.15909e+07;8.42019e+06;6.11625e+06;4.44222e+06;3.22564e+06;2.3418e+06;1.69982e+06;1.23355e+06;895041;649302;470961;341548
0;4853818434950;20;frequency;9.999999974752427;13.86918846435492;19.23543905490988;26.67799336109056;37.00021196095804;51.31629158938722;71.17153245417285;98.70914048804025;136.9015682683994;189.8713664161278;263.3361782500288;365.2259113806622;506.5387032487934;702.5280792305466;974.3494403835484;1351.343611730726;1874.203936580443;2599.368780806799;3605.113577052066;4999.99999995282
0;4853818434950;20;phasez;-1.52603;-1.52744;-1.52869;-1.5298;-1.53072;-1.53177;-1.53218;-1.53298;-1.53357;-1.53413;-1.53459;-1.53499;-1.53527;-1.53534;-1.53505;-1.53432;-1.53288;-1.53059;-1.52709;-1.52193
1;4854588969934;50;absz;7.92984e+06;6.78684e+06;5.79671e+06;4.97236e+06;4.25293e+06;3.63477e+06;3.10901e+06;2.65924e+06;2.2739e+06;1.94479e+06;1.66331e+06;1.42211e+06;1.21601e+06;1.03977e+06;889054;760076;649850;555503;474923;406011;347080;296685;253601;216775;185289;158375;135365;115695;98881.7;84510.7;72226.9;61727.2;52753.5;45083.6;38528.9;32925.7;28136.5;24043.1;20543.8;17551.9;14994.1;12807;10936.3;9335.77;7966.09;6793.44;5788.77;4927.28;4187.76;3552.04
1;4854588969934;50;frequency;199.9999999213742;234.625769479635;275.2462588517801;322.8993264769997;378.802514688914;444.3841576318164;521.3198749487447;611.5753842550475;717.456725922716;841.6691823498468;987.3863981368913;1158.33146786315;1358.872060208682;1594.132014446359;1870.122253535556;2193.894364737048;2573.720768452858;3019.306079821149;3542.035062906734;4155.263512473084;4874.659497176026;5718.603679767398;6708.658946337209;7870.121340545211;9232.666380967203;10831.10727442716;12706.28439819177;14906.10877695531;17486.78621595445;20514.25336674129;24065.86241733066;28232.35745111674;33120.19296963342;38854.25382030405;45581.04601983359;53472.44000269313;62730.06193403319;73590.44528463698;86331.07429211862;101277.4737211686;118811.5260634959;139381.228686517;163512.140226203;191820.8086789974;225030.524286467;263989.7996954232;309694.0495706946;363311.0235703185;426210.642505751;499999.9999999716
1;4854588969934;50;phasez;-1.53823;-1.53483;-1.53497;-1.5359;-1.53728;-1.53704;-1.53723;-1.53782;-1.538;-1.53856;-1.5388;-1.53942;-1.53962;-1.53996;-1.54026;-1.54044;-1.54071;-1.54086;-1.54103;-1.54122;-1.54132;-1.5414;-1.54138;-1.54132;-1.5412;-1.54098;-1.5407;-1.54029;-1.53977;-1.53912;-1.53832;-1.53735;-1.53617;-1.53475;-1.53307;-1.53109;-1.52874;-1.52598;-1.52271;-1.51887;-1.51436;-1.50903;-1.50275;-1.49536;-1.4866;-1.47625;-1.46397;-1.44936;-1.4319;-1.4109
2;4855358299705;50;absz;87092.1;77937.9;69747.4;62425;55876.1;49993.1;44745.1;40039.3;35830.4;32060.6;28691.1;25675;22975;20561.9;18399.1;16466;14735.7;13186.7;11800.4;10559.9;9449.66;8455.98;7566.61;6770.61;6058.25;5420.69;4850.17;4339.43;3882.35;3473.1;3106.89;2779.09;2485.64;2222.96;1987.79;1777.31;1588.88;1420.15;1269.1;1133.84;1012.74;904.322;807.266;720.41;642.78;573.45;511.639;456.751;408.254;365.796
2;4855358299705;50;frequency;20000.00000002444;22385.53853899816;25055.61678390222;28044.17375656954;31389.19662092121;35133.2035329932;39323.78408414649;44014.2042055669;49264.08322518227;55140.1516811012;61717.09952482729;69078.52549602467;77317.99973512921;86540.25314108083;96862.50859274992;108415.9709538568;121347.4948009008;135821.4510731415;152021.8163702936;170154.5114554648;190450.0186878266;213166.3116533389;238592.1342356312;267050.6708003728;298903.6541519141;334555.9634717432;374460.7706856584;419125.3006744233;469117.2785435782;525072.1459047724;587701.13789258;657800.3235824071;736260.7247225839;824079.6413975459;922373.3285811875;1032391.184709951;1155531.632626961;1293359.894754076;1447627.888434013;1620296.494325686;1813560.480908265;2029876.401899315;2271993.821195295;2542990.262224833;2846310.325953354;3185809.474764127;3565803.038745301;3991121.067296888;4467169.723268114;4999999.999999929
2;4855358299705;50;phasez;-1.54263;-1.54276;-1.54232;-1.542;-1.54136;-1.54104;-1.54043;-1.53985;-1.53915;-1.53827;-1.53716;-1.536;-1.5346;-1.53315;-1.53136;-1.52943;-1.52726;-1.52483;-1.52212;-1.51904;-1.51565;-1.51179;-1.5075;-1.50269;-1.49728;-1.49122;-1.48444;-1.4768;-1.46827;-1.45865;-1.44788;-1.43577;-1.42218;-1.4069;-1.38974;-1.37045;-1.34875;-1.32432;-1.29682;-1.26582;-1.23083;-1.19133;-1.14665;-1.096;-1.03847;-0.973041;-0.898406;-0.813113;-0.715416;-0.603354
3;4855675578509;20;absz;17915.8;14628.1;11940.3;9747.44;7957.62;6495.05;5301.3;4326.23;3530.07;2879.92;2348.6;1914.48;1560.02;1270.24;1033.4;839.801;681.655;552.749;448.306;364.921
3;4855675578509;20;frequency;99999.99999990905;122862.535599424;150952.0265389597;185463.4873444638;227865.1431623047;279960.8926363817;343967.05137965;422606.6409511731;519225.2346839865;637933.2888043621;783781.0140572543;962973.2274171232;1183133.324347452;1453627.601814205;1785963.729760951;2194280.323268956;2695948.443325946;3312310.615921419;4069588.809647371;4999999.999999929
3;4855675578509;20;phasez;-1.53061;-1.52725;-1.52315;-1.51807;-1.51176;-1.504;-1.49435;-1.48241;-1.4676;-1.44924;-1.42649;-1.39828;-1.36327;-1.31974;-1.26552;-1.19768;-1.11234;-1.00433;-0.866423;-0.689042
