0;4650141968299;20;absz;1.50274e+08;1.09312e+08;7.95202e+07;5.77938e+07;4.20085e+07;3.05403e+07;2.2193e+07;1.61244e+07;1.17127e+07;8.50705e+06;6.178e+06;4.48562e+06;3.25642e+06;2.3635e+06;1.71511e+06;1.2444e+06;902743;654783;474857;344309
0;4650141968299;20;frequency;9.999999974752427;13.86918846435492;19.23543905490988;26.67799336109056;37.00021196095804;51.31629158938722;71.17153245417285;98.70914048804025;136.9015682683994;189.8713664161278;263.3361782500288;365.2259113806622;506.5387032487934;702.5280792305466;974.3494403835484;1351.343611730726;1874.203936580443;2599.368780806799;3605.113577052066;4999.99999995282
0;4650141968299;20;phasez;-1.52621;-1.52813;-1.52901;-1.53042;-1.53139;-1.5317;-1.53308;-1.53385;-1.53459;-1.53518;-1.53569;-1.53614;-1.53641;-1.53642;-1.53607;-1.53527;-1.53382;-1.53149;-1.52798;-1.5228
1;4650910137462;50;absz;8.02442e+06;6.87195e+06;5.86167e+06;5.01859e+06;4.29009e+06;3.66885e+06;3.13936e+06;2.68525e+06;2.29464e+06;1.96267e+06;1.6782e+06;1.435e+06;1.22664e+06;1.04878e+06;896685;766568;655356;560206;478884;409332;349895;299071;255609;218471;186723;159584;136387;116560;99613.7;85126.4;72749.1;62169.8;53128.5;45401.1;38797.6;33153.6;28329.9;24206.7;20682.8;17669.7;15094.5;12892;11008.2;9396.67;8017.69;6836.89;5825.53;4958.27;4213.83;3573.95
1;4650910137462;50;frequency;199.9999999213742;234.625769479635;275.2462588517801;322.8993264769997;378.802514688914;444.3841576318164;521.3198749487447;611.5753842550475;717.456725922716;841.6691823498468;987.3863981368913;1158.33146786315;1358.872060208682;1594.132014446359;1870.122253535556;2193.894364737048;2573.720768452858;3019.306079821149;3542.035062906734;4155.263512473084;4874.659497176026;5718.603679767398;6708.658946337209;7870.121340545211;9232.666380967203;10831.10727442716;12706.28439819177;14906.10877695531;17486.78621595445;20514.25336674129;24065.86241733066;28232.35745111674;33120.19296963342;38854.25382030405;45581.04601983359;53472.44000269313;62730.06193403319;73590.44528463698;86331.07429211862;101277.4737211686;118811.5260634959;139381.228686517;163512.140226203;191820.8086789974;225030.524286467;263989.7996954232;309694.0495706946;363311.0235703185;426210.642505751;499999.9999999716
1;4650910137462;50;phasez;-1.53596;-1.53559;-1.53487;-1.53816;-1.53781;-1.53824;-1.5389;-1.5391;-1.53926;-1.53969;-1.53992;-1.54018;-1.54052;-1.54082;-1.54118;-1.54146;-1.54167;-1.5418;-1.54196;-1.54211;-1.54225;-1.54224;-1.54226;-1.54218;-1.54204;-1.54182;-1.54151;-1.54109;-1.54055;-1.53988;-1.53905;-1.53805;-1.53684;-1.5354;-1.53369;-1.53169;-1.52932;-1.52654;-1.52327;-1.51943;-1.51491;-1.50959;-1.50332;-1.49593;-1.48719;-1.47685;-1.46458;-1.44997;-1.43252;-1.41153
2;4651680254178;50;absz;87720.5;78490;70249.5;62862.9;56269.6;50346.8;45055.4;40314.5;36080.5;32284.4;28886.5;25853.1;23132.9;20700.7;18524.8;16575.5;14834.2;13274.2;11878.5;10629.2;9511.57;8510.64;7615.35;6813.98;6096.9;5455.04;4880.53;4366.46;3906.34;3494.43;3125.79;2795.85;2500.53;2236.19;1999.53;1787.76;1598.13;1428.38;1276.39;1140.31;1018.47;909.399;811.795;724.407;646.356;576.642;514.487;459.298;410.547;367.874
2;4651680254178;50;frequency;20000.00000002444;22385.53853899816;25055.61678390222;28044.17375656954;31389.19662092121;35133.2035329932;39323.78408414649;44014.2042055669;49264.08322518227;55140.1516811012;61717.09952482729;69078.52549602467;77317.99973512921;86540.25314108083;96862.50859274992;108415.9709538568;121347.4948009008;135821.4510731415;152021.8163702936;170154.5114554648;190450.0186878266;213166.3116533389;238592.1342356312;267050.6708003728;298903.6541519141;334555.9634717432;374460.7706856584;419125.3006744233;469117.2785435782;525072.1459047724;587701.13789258;657800.3235824071;736260.7247225839;824079.6413975459;922373.3285811875;1032391.184709951;1155531.632626961;1293359.894754076;1447627.888434013;1620296.494325686;1813560.480908265;2029876.401899315;2271993.821195295;2542990.262224833;2846310.325953354;3185809.474764127;3565803.038745301;3991121.067296888;4467169.723268114;4999999.999999929
2;4651680254178;50;phasez;-1.54363;-1.54324;-1.54296;-1.54256;-1.54221;-1.54166;-1.54123;-1.54057;-1.5396;-1.53876;-1.53771;-1.53654;-1.53516;-1.53368;-1.53196;-1.53002;-1.52786;-1.5254;-1.52274;-1.51967;-1.51623;-1.51239;-1.50812;-1.5033;-1.49791;-1.49184;-1.48506;-1.47744;-1.46889;-1.4593;-1.44851;-1.4364;-1.42281;-1.40754;-1.39038;-1.37108;-1.34937;-1.32495;-1.29744;-1.26644;-1.23146;-1.19195;-1.14727;-1.09661;-1.03907;-0.973648;-0.899016;-0.813718;-0.716025;-0.603984
3;4651998749786;20;absz;18037.1;14725.4;12019.9;9811;8008.94;6536.56;5334.72;4353.25;3551.75;2897.29;2362.53;1925.72;1569.08;1277.52;1039.25;844.514;685.455;555.828;450.808;366.989
3;4651998749786;20;frequency;99999.99999990905;122862.535599424;150952.0265389597;185463.4873444638;227865.1431623047;279960.8926363817;343967.05137965;422606.6409511731;519225.2346839865;637933.2888043621;783781.0140572543;962973.2274171232;1183133.324347452;1453627.601814205;1785963.729760951;2194280.323268956;2695948.443325946;3312310.615921419;4069588.809647371;4999999.999999929
3;4651998749786;20;phasez;-1.53097;-1.52786;-1.52367;-1.51862;-1.5124;-1.50465;-1.49498;-1.48303;-1.46824;-1.44986;-1.42712;-1.3989;-1.36389;-1.32036;-1.26612;-1.19828;-1.11293;-1.00492;-0.867011;-0.689634
