0;7819539606397;20;absz;1.37408e+08;1.00193e+08;7.30188e+07;5.31678e+07;3.87059e+07;2.81779e+07;2.0497e+07;1.4909e+07;1.08415e+07;7.88238e+06;5.73038e+06;4.16507e+06;3.02698e+06;2.1996e+06;1.59812e+06;1.16095e+06;843261;612413;444675;322822
0;7819539606397;20;frequency;9.999999974752427;13.86918846435492;19.23543905490988;26.67799336109056;37.00021196095804;51.31629158938722;71.17153245417285;98.70914048804025;136.9015682683994;189.8713664161278;263.3361782500288;365.2259113806622;506.5387032487934;702.5280792305466;974.3494403835484;1351.343611730726;1874.203936580443;2599.368780806799;3605.113577052066;4999.99999995282
0;7819539606397;20;phasez;-1.51225;-1.51558;-1.51855;-1.52073;-1.52301;-1.52522;-1.5263;-1.52756;-1.52849;-1.52934;-1.53005;-1.53045;-1.53068;-1.53064;-1.53025;-1.52941;-1.52795;-1.52564;-1.52217;-1.51705
1;7820310755171;50;absz;7.43429e+06;6.35357e+06;5.44353e+06;4.65883e+06;3.98411e+06;3.40834e+06;2.9174e+06;2.49702e+06;2.13551e+06;1.82765e+06;1.56331e+06;1.33761e+06;1.14447e+06;979135;837650;716507;612892;524279;448432;383530;328036;280557;239936;205188;175470;150056;128318;109727;93826.5;80229.6;68602.8;58658.9;50155;42884.8;36666;31348.5;26801.3;22911.7;19585.6;16739.8;14305.7;12223.5;10441.6;8916.5;7610.8;6492.66;5534.28;4712.3;4006.55;3399.6
1;7820310755171;50;frequency;199.9999999213742;234.625769479635;275.2462588517801;322.8993264769997;378.802514688914;444.3841576318164;521.3198749487447;611.5753842550475;717.456725922716;841.6691823498468;987.3863981368913;1158.33146786315;1358.872060208682;1594.132014446359;1870.122253535556;2193.894364737048;2573.720768452858;3019.306079821149;3542.035062906734;4155.263512473084;4874.659497176026;5718.603679767398;6708.658946337209;7870.121340545211;9232.666380967203;10831.10727442716;12706.28439819177;14906.10877695531;17486.78621595445;20514.25336674129;24065.86241733066;28232.35745111674;33120.19296963342;38854.25382030405;45581.04601983359;53472.44000269313;62730.06193403319;73590.44528463698;86331.07429211862;101277.4737211686;118811.5260634959;139381.228686517;163512.140226203;191820.8086789974;225030.524286467;263989.7996954232;309694.0495706946;363311.0235703185;426210.642505751;499999.9999999716
1;7820310755171;50;phasez;-1.53031;-1.5306;-1.5314;-1.53268;-1.5322;-1.53219;-1.53222;-1.53315;-1.53404;-1.5341;-1.53401;-1.53423;-1.5347;-1.53503;-1.53531;-1.53557;-1.53575;-1.53597;-1.53614;-1.53634;-1.53642;-1.53651;-1.53652;-1.53649;-1.53639;-1.53621;-1.53592;-1.53555;-1.53505;-1.53442;-1.53364;-1.5327;-1.53156;-1.5302;-1.52858;-1.52668;-1.52442;-1.52173;-1.51856;-1.5148;-1.51035;-1.50508;-1.49884;-1.49145;-1.4827;-1.47231;-1.45998;-1.4453;-1.42775;-1.40666
2;7821078999602;50;absz;82635.8;73972.2;66263.9;59301.9;53089.3;47535;42546;38097.4;34101.5;30524.3;27324.1;24459.7;21895.5;19598.5;17544.3;15704.7;14057.4;12582.4;11263;10081.3;9023.79;8076.67;7228.9;6470.16;5790.92;5183.03;4638.53;4151.21;3714.81;3324.21;2974.62;2661.56;2381.23;2130.23;1905.47;1704.23;1523.96;1362.52;1217.93;1088.43;972.421;868.522;775.466;692.147;617.653;551.08;491.696;438.934;392.28;351.412
2;7821078999602;50;frequency;20000.00000002444;22385.53853899816;25055.61678390222;28044.17375656954;31389.19662092121;35133.2035329932;39323.78408414649;44014.2042055669;49264.08322518227;55140.1516811012;61717.09952482729;69078.52549602467;77317.99973512921;86540.25314108083;96862.50859274992;108415.9709538568;121347.4948009008;135821.4510731415;152021.8163702936;170154.5114554648;190450.0186878266;213166.3116533389;238592.1342356312;267050.6708003728;298903.6541519141;334555.9634717432;374460.7706856584;419125.3006744233;469117.2785435782;525072.1459047724;587701.13789258;657800.3235824071;736260.7247225839;824079.6413975459;922373.3285811875;1032391.184709951;1155531.632626961;1293359.894754076;1447627.888434013;1620296.494325686;1813560.480908265;2029876.401899315;2271993.821195295;2542990.262224833;2846310.325953354;3185809.474764127;3565803.038745301;3991121.067296888;4467169.723268114;4999999.999999929
2;7821078999602;50;phasez;-1.53827;-1.53772;-1.53765;-1.5374;-1.53689;-1.53661;-1.53602;-1.53541;-1.53463;-1.5338;-1.53281;-1.53165;-1.53034;-1.52892;-1.52729;-1.52543;-1.52333;-1.52092;-1.51823;-1.51516;-1.51176;-1.5079;-1.50363;-1.49876;-1.49331;-1.48721;-1.48037;-1.47269;-1.46409;-1.45441;-1.44356;-1.43139;-1.41772;-1.40238;-1.38515;-1.36579;-1.34401;-1.31952;-1.29195;-1.26087;-1.22581;-1.18621;-1.14143;-1.09066;-1.03298;-0.967412;-0.892578;-0.807034;-0.709056;-0.596653
3;7821396713882;20;absz;17075.6;13950;11392.7;9304.26;7599.36;6205.29;5067.54;4137.44;3377.76;2757.14;2249.69;1834.88;1496;1218.73;992.009;806.511;654.821;531.092;430.727;350.495
3;7821396713882;20;frequency;99999.99999990905;122862.535599424;150952.0265389597;185463.4873444638;227865.1431623047;279960.8926363817;343967.05137965;422606.6409511731;519225.2346839865;637933.2888043621;783781.0140572543;962973.2274171232;1183133.324347452;1453627.601814205;1785963.729760951;2194280.323268956;2695948.443325946;3312310.615921419;4069588.809647371;4999999.999999929
3;7821396713882;20;phasez;-1.52643;-1.5232;-1.51926;-1.51416;-1.50792;-1.50006;-1.49031;-1.47825;-1.46335;-1.44486;-1.42199;-1.39364;-1.35851;-1.31486;-1.26048;-1.19247;-1.10692;-0.998609;-0.860282;-0.682302
