0;410028127257;20;absz;2.55828e+08;1.84921e+08;1.33641e+08;9.66435e+07;6.99018e+07;5.05645e+07;3.65563e+07;2.64323e+07;1.91142e+07;1.38228e+07;9.99704e+06;7.23036e+06;5.22903e+06;3.78204e+06;2.73537e+06;1.97823e+06;1.43066e+06;1.03463e+06;748215;541092
0;410028127257;20;frequency;9.999999974752427;13.86918846435492;19.23543905490988;26.67799336109056;37.00021196095804;51.31629158938722;71.17153245417285;98.70914048804025;136.9015682683994;189.8713664161278;263.3361782500288;365.2259113806622;506.5387032487934;702.5280792305466;974.3494403835484;1351.343611730726;1874.203936580443;2599.368780806799;3605.113577052066;4999.99999995282
0;410028127257;20;phasez;-1.5569;-1.55692;-1.5567;-1.55653;-1.55669;-1.55693;-1.55622;-1.55619;-1.55595;-1.55559;-1.5552;-1.55464;-1.554;-1.55321;-1.55212;-1.55058;-1.54844;-1.54541;-1.54119;-1.5353
1;410799286277;50;absz;1.29935e+07;1.11239e+07;9.487e+06;8.09579e+06;6.91297e+06;5.89799e+06;5.03436e+06;4.29703e+06;3.67081e+06;3.13501e+06;2.67436e+06;2.28393e+06;1.94947e+06;1.66447e+06;1.42065e+06;1.21282e+06;1.03536e+06;883890;754547;644129;549865;469371;400704;342070;292029;249300;212831;181700;155130;132443;113075;96543.7;82426.7;70378.6;60090.1;51305.3;43803.8;37398;31927;27255.1;23264.2;19854.7;16941.5;14451.4;12322.5;10501.4;8942.33;7607.22;6461.93;5478.22
1;410799286277;50;frequency;199.9999999213742;234.625769479635;275.2462588517801;322.8993264769997;378.802514688914;444.3841576318164;521.3198749487447;611.5753842550475;717.456725922716;841.6691823498468;987.3863981368913;1158.33146786315;1358.872060208682;1594.132014446359;1870.122253535556;2193.894364737048;2573.720768452858;3019.306079821149;3542.035062906734;4155.263512473084;4874.659497176026;5718.603679767398;6708.658946337209;7870.121340545211;9232.666380967203;10831.10727442716;12706.28439819177;14906.10877695531;17486.78621595445;20514.25336674129;24065.86241733066;28232.35745111674;33120.19296963342;38854.25382030405;45581.04601983359;53472.44000269313;62730.06193403319;73590.44528463698;86331.07429211862;101277.4737211686;118811.5260634959;139381.228686517;163512.140226203;191820.8086789974;225030.524286467;263989.7996954232;309694.0495706946;363311.0235703185;426210.642505751;499999.9999999716
1;410799286277;50;phasez;-1.55637;-1.55769;-1.55492;-1.55661;-1.55564;-1.55628;-1.55616;-1.55662;-1.55622;-1.55569;-1.55566;-1.55592;-1.55588;-1.55598;-1.55578;-1.55575;-1.55557;-1.55538;-1.55526;-1.55508;-1.55479;-1.5545;-1.55415;-1.55374;-1.55327;-1.55275;-1.55212;-1.55141;-1.55056;-1.54963;-1.54851;-1.54725;-1.54578;-1.54411;-1.54217;-1.53993;-1.53734;-1.53432;-1.53082;-1.52673;-1.52195;-1.51636;-1.5098;-1.50209;-1.49302;-1.48233;-1.46969;-1.45471;-1.43686;-1.41547
2;411570753642;50;absz;136476;122023;109170;97660;87310;78080.8;69838.9;62450.4;55847.3;49942.6;44668.8;39946.4;35718.8;31947.6;28572.8;25554.3;22854.3;20440.5;18281.1;16352.4;14625.2;13080.9;11699.4;10464.7;9359.41;8371.07;7487.02;6696.18;5988.82;5356.09;4790.13;4283.72;3830.77;3425.47;3062.98;2738.62;2448.51;2188.89;1956.69;1748.96;1563.14;1396.97;1248.42;1115.61;997.259;891.752;797.976;715.039;642.169;578.904
2;411570753642;50;frequency;20000.00000002444;22385.53853899816;25055.61678390222;28044.17375656954;31389.19662092121;35133.2035329932;39323.78408414649;44014.2042055669;49264.08322518227;55140.1516811012;61717.09952482729;69078.52549602467;77317.99973512921;86540.25314108083;96862.50859274992;108415.9709538568;121347.4948009008;135821.4510731415;152021.8163702936;170154.5114554648;190450.0186878266;213166.3116533389;238592.1342356312;267050.6708003728;298903.6541519141;334555.9634717432;374460.7706856584;419125.3006744233;469117.2785435782;525072.1459047724;587701.13789258;657800.3235824071;736260.7247225839;824079.6413975459;922373.3285811875;1032391.184709951;1155531.632626961;1293359.894754076;1447627.888434013;1620296.494325686;1813560.480908265;2029876.401899315;2271993.821195295;2542990.262224833;2846310.325953354;3185809.474764127;3565803.038745301;3991121.067296888;4467169.723268114;4999999.999999929
2;411570753642;50;phasez;-1.55395;-1.55295;-1.55243;-1.55192;-1.5514;-1.55075;-1.54981;-1.54887;-1.54807;-1.54688;-1.54576;-1.54449;-1.543;-1.5412;-1.5393;-1.53724;-1.53484;-1.53224;-1.52932;-1.52604;-1.52231;-1.51833;-1.51379;-1.50876;-1.50309;-1.4968;-1.48974;-1.48185;-1.47305;-1.46315;-1.45211;-1.43972;-1.42586;-1.4103;-1.39286;-1.37328;-1.3513;-1.3266;-1.29883;-1.26757;-1.23235;-1.19262;-1.14774;-1.09694;-1.03924;-0.973778;-0.899176;-0.814022;-0.71666;-0.605156
3;411886809829;20;absz;27813.6;22688.5;18505.9;15093.8;12310;10037.4;8186.29;6675.53;5443.24;4438.64;3618.6;2949.74;2403.8;1958.14;1594.69;1298.14;1056.49;860.314;702.297;577.491
3;411886809829;20;frequency;99999.99999990905;122862.535599424;150952.0265389597;185463.4873444638;227865.1431623047;279960.8926363817;343967.05137965;422606.6409511731;519225.2346839865;637933.2888043621;783781.0140572543;962973.2274171232;1183133.324347452;1453627.601814205;1785963.729760951;2194280.323268956;2695948.443325946;3312310.615921419;4069588.809647371;4999999.999999929
3;411886809829;20;phasez;-1.53834;-1.53476;-1.53027;-1.52479;-1.51821;-1.5099;-1.49982;-1.4874;-1.4721;-1.45324;-1.42996;-1.40124;-1.36573;-1.3217;-1.267;-1.19876;-1.11307;-1.00496;-0.867233;-0.690641
