0;6881942586020;20;absz;1.39082e+08;1.01365e+08;7.38474e+07;5.37624e+07;3.91152e+07;2.84515e+07;2.07032e+07;1.50558e+07;1.0947e+07;7.95768e+06;5.78431e+06;4.20377e+06;3.05471e+06;2.21944e+06;1.61235e+06;1.17115e+06;850531;617578;448357;325435
0;6881942586020;20;frequency;9.999999974752427;13.86918846435492;19.23543905490988;26.67799336109056;37.00021196095804;51.31629158938722;71.17153245417285;98.70914048804025;136.9015682683994;189.8713664161278;263.3361782500288;365.2259113806622;506.5387032487934;702.5280792305466;974.3494403835484;1351.343611730726;1874.203936580443;2599.368780806799;3605.113577052066;4999.99999995282
0;6881942586020;20;phasez;-1.51511;-1.51842;-1.52082;-1.52268;-1.5246;-1.52645;-1.52747;-1.52856;-1.52953;-1.53023;-1.53084;-1.53123;-1.53142;-1.53135;-1.53097;-1.53016;-1.5287;-1.52641;-1.52295;-1.51784
1;6882711177829;50;absz;7.49494e+06;6.42419e+06;5.49771e+06;4.70697e+06;4.02145e+06;3.43756e+06;2.94189e+06;2.52018e+06;2.15522e+06;1.84434e+06;1.57712e+06;1.34956e+06;1.15471e+06;987580;844850;722628;618051;528646;452139;386692;330697;282807;241843;206799;176832;151208;129296;110553;94527.2;80822.1;69105;59084.5;50516.1;43190.1;36925.5;31568.5;26987.3;23069.2;19718.5;16852.3;14401.1;12303.9;10509.7;8974.22;7659.71;6534.04;5569.29;4741.97;4031.52;3420.62
1;6882711177829;50;frequency;199.9999999213742;234.625769479635;275.2462588517801;322.8993264769997;378.802514688914;444.3841576318164;521.3198749487447;611.5753842550475;717.456725922716;841.6691823498468;987.3863981368913;1158.33146786315;1358.872060208682;1594.132014446359;1870.122253535556;2193.894364737048;2573.720768452858;3019.306079821149;3542.035062906734;4155.263512473084;4874.659497176026;5718.603679767398;6708.658946337209;7870.121340545211;9232.666380967203;10831.10727442716;12706.28439819177;14906.10877695531;17486.78621595445;20514.25336674129;24065.86241733066;28232.35745111674;33120.19296963342;38854.25382030405;45581.04601983359;53472.44000269313;62730.06193403319;73590.44528463698;86331.07429211862;101277.4737211686;118811.5260634959;139381.228686517;163512.140226203;191820.8086789974;225030.524286467;263989.7996954232;309694.0495706946;363311.0235703185;426210.642505751;499999.9999999716
1;6882711177829;50;phasez;-1.53245;-1.5305;-1.53118;-1.5324;-1.53364;-1.53372;-1.53353;-1.53401;-1.53465;-1.53495;-1.53498;-1.5352;-1.53554;-1.53572;-1.53611;-1.53631;-1.53651;-1.53677;-1.53694;-1.53706;-1.53722;-1.53731;-1.5373;-1.53727;-1.53715;-1.53696;-1.53666;-1.53626;-1.53576;-1.53511;-1.53432;-1.53337;-1.53222;-1.53086;-1.52924;-1.52733;-1.52506;-1.52237;-1.51919;-1.51542;-1.51097;-1.50569;-1.49944;-1.49204;-1.48328;-1.4729;-1.46057;-1.44588;-1.42834;-1.40726
2;6883481998120;50;absz;83269.9;74551.4;66729.5;59743.2;53478.3;47867.4;42858.7;38362.6;34340.1;30737.9;27516.8;24629.6;22045.2;19732.9;17662.6;15810.1;14152;12666.3;11337.3;10147.7;9082.56;8129.03;7275.6;6511.61;5827.71;5215.71;4667.65;4177.06;3738.03;3344.83;2992.94;2677.77;2395.69;2143.07;1916.86;1714.32;1532.95;1370.52;1225.03;1094.72;978.01;873.475;779.873;696.064;621.124;554.172;494.456;441.394;394.481;353.389
2;6883481998120;50;frequency;20000.00000002444;22385.53853899816;25055.61678390222;28044.17375656954;31389.19662092121;35133.2035329932;39323.78408414649;44014.2042055669;49264.08322518227;55140.1516811012;61717.09952482729;69078.52549602467;77317.99973512921;86540.25314108083;96862.50859274992;108415.9709538568;121347.4948009008;135821.4510731415;152021.8163702936;170154.5114554648;190450.0186878266;213166.3116533389;238592.1342356312;267050.6708003728;298903.6541519141;334555.9634717432;374460.7706856584;419125.3006744233;469117.2785435782;525072.1459047724;587701.13789258;657800.3235824071;736260.7247225839;824079.6413975459;922373.3285811875;1032391.184709951;1155531.632626961;1293359.894754076;1447627.888434013;1620296.494325686;1813560.480908265;2029876.401899315;2271993.821195295;2542990.262224833;2846310.325953354;3185809.474764127;3565803.038745301;3991121.067296888;4467169.723268114;4999999.999999929
2;6883481998120;50;phasez;-1.53876;-1.53857;-1.53849;-1.53796;-1.53771;-1.53719;-1.53668;-1.53586;-1.53528;-1.53445;-1.53346;-1.53233;-1.53104;-1.52952;-1.52799;-1.52607;-1.5239;-1.52151;-1.51882;-1.51577;-1.51235;-1.5085;-1.50419;-1.49934;-1.4939;-1.4878;-1.48097;-1.47328;-1.46467;-1.45501;-1.44418;-1.43201;-1.41837;-1.40303;-1.38583;-1.36648;-1.34472;-1.32026;-1.2927;-1.26164;-1.22661;-1.18704;-1.14228;-1.09155;-1.03392;-0.968367;-0.893589;-0.808101;-0.710182;-0.59787
3;6883798401007;20;absz;17194.1;14046;11469;9366.07;7649.47;6245.83;5100.12;4163.75;3399.06;2774.22;2263.53;1846.02;1504.97;1225.96;997.801;811.168;658.57;534.105;433.163;352.489
3;6883798401007;20;frequency;99999.99999990905;122862.535599424;150952.0265389597;185463.4873444638;227865.1431623047;279960.8926363817;343967.05137965;422606.6409511731;519225.2346839865;637933.2888043621;783781.0140572543;962973.2274171232;1183133.324347452;1453627.601814205;1785963.729760951;2194280.323268956;2695948.443325946;3312310.615921419;4069588.809647371;4999999.999999929
3;6883798401007;20;phasez;-1.52706;-1.52381;-1.51981;-1.51476;-1.50848;-1.50063;-1.49093;-1.47886;-1.46397;-1.4455;-1.42265;-1.39433;-1.35923;-1.31562;-1.26128;-1.19332;-1.10782;-0.999591;-0.861359;-0.68351
