0;2585950332146;20;absz;1.78759e+08;1.29434e+08;9.37629e+07;6.78872e+07;4.91432e+07;3.558e+07;2.57653e+07;1.86541e+07;1.35042e+07;9.7763e+06;7.07711e+06;5.1232e+06;3.70811e+06;2.68372e+06;1.94218e+06;1.4055e+06;1.01706e+06;735933;532490;385260
0;2585950332146;20;frequency;9.999999974752427;13.86918846435492;19.23543905490988;26.67799336109056;37.00021196095804;51.31629158938722;71.17153245417285;98.70914048804025;136.9015682683994;189.8713664161278;263.3361782500288;365.2259113806622;506.5387032487934;702.5280792305466;974.3494403835484;1351.343611730726;1874.203936580443;2599.368780806799;3605.113577052066;4999.99999995282
0;2585950332146;20;phasez;-1.54778;-1.54885;-1.54885;-1.5496;-1.55017;-1.54965;-1.55056;-1.55058;-1.55067;-1.55072;-1.55074;-1.55065;-1.55035;-1.54986;-1.54902;-1.54774;-1.54582;-1.54309;-1.53918;-1.53368
1;2586720383843;50;absz;9.22019e+06;7.87612e+06;6.7144e+06;5.74457e+06;4.8959e+06;4.17985e+06;3.57248e+06;3.05046e+06;2.60566e+06;2.22402e+06;1.89998e+06;1.62275e+06;1.38538e+06;1.18314e+06;1.01012e+06;862666;736611;628965;537066;458588;391557;334330;285468;243725;208098;177674;151691;129511;110567;94393.5;80584.4;68795.6;58729.3;50134.7;42796.5;36531.4;31181.7;26614;22714.1;19383.4;16539.3;14110.1;12035;10261.9;8746.47;7450.66;6341.96;5392.63;4578.81;3880.16
1;2586720383843;50;frequency;199.9999999213742;234.625769479635;275.2462588517801;322.8993264769997;378.802514688914;444.3841576318164;521.3198749487447;611.5753842550475;717.456725922716;841.6691823498468;987.3863981368913;1158.33146786315;1358.872060208682;1594.132014446359;1870.122253535556;2193.894364737048;2573.720768452858;3019.306079821149;3542.035062906734;4155.263512473084;4874.659497176026;5718.603679767398;6708.658946337209;7870.121340545211;9232.666380967203;10831.10727442716;12706.28439819177;14906.10877695531;17486.78621595445;20514.25336674129;24065.86241733066;28232.35745111674;33120.19296963342;38854.25382030405;45581.04601983359;53472.44000269313;62730.06193403319;73590.44528463698;86331.07429211862;101277.4737211686;118811.5260634959;139381.228686517;163512.140226203;191820.8086789974;225030.524286467;263989.7996954232;309694.0495706946;363311.0235703185;426210.642505751;499999.9999999716
1;2586720383843;50;phasez;-1.55206;-1.55159;-1.55174;-1.55169;-1.55075;-1.55172;-1.55229;-1.55283;-1.55257;-1.55241;-1.55292;-1.55296;-1.55306;-1.55328;-1.55321;-1.55319;-1.55321;-1.5533;-1.55323;-1.55314;-1.5531;-1.55301;-1.55288;-1.55272;-1.55249;-1.55222;-1.55184;-1.55139;-1.55083;-1.55013;-1.54931;-1.54831;-1.54712;-1.54569;-1.544;-1.542;-1.53963;-1.53682;-1.5335;-1.52958;-1.52495;-1.51948;-1.51302;-1.50539;-1.49638;-1.48572;-1.47309;-1.45809;-1.4402;-1.41875
2;2587488401315;50;absz;97304.9;87026.9;77798.4;69570.1;62216.8;55622.7;49739.9;44482.9;39775.9;35563.9;31799.5;28431.8;25424.1;22730.8;20325.8;18173.5;16249.9;14529.6;12992.2;11616.4;10386.6;9287.19;8304.22;7424.81;6638.62;5935.67;5307.13;4745.11;4242.38;3792.87;3390.89;3031.39;2709.94;2422.35;2165.15;1935.08;1729.28;1545.17;1380.48;1233.11;1101.27;983.331;877.835;783.481;699.273;624.114;557.193;497.833;445.476;399.757
2;2587488401315;50;frequency;20000.00000002444;22385.53853899816;25055.61678390222;28044.17375656954;31389.19662092121;35133.2035329932;39323.78408414649;44014.2042055669;49264.08322518227;55140.1516811012;61717.09952482729;69078.52549602467;77317.99973512921;86540.25314108083;96862.50859274992;108415.9709538568;121347.4948009008;135821.4510731415;152021.8163702936;170154.5114554648;190450.0186878266;213166.3116533389;238592.1342356312;267050.6708003728;298903.6541519141;334555.9634717432;374460.7706856584;419125.3006744233;469117.2785435782;525072.1459047724;587701.13789258;657800.3235824071;736260.7247225839;824079.6413975459;922373.3285811875;1032391.184709951;1155531.632626961;1293359.894754076;1447627.888434013;1620296.494325686;1813560.480908265;2029876.401899315;2271993.821195295;2542990.262224833;2846310.325953354;3185809.474764127;3565803.038745301;3991121.067296888;4467169.723268114;4999999.999999929
2;2587488401315;50;phasez;-1.55394;-1.5535;-1.55299;-1.5531;-1.55266;-1.55221;-1.55143;-1.55084;-1.54993;-1.54905;-1.54809;-1.54682;-1.54542;-1.54387;-1.54208;-1.54011;-1.53785;-1.53538;-1.53246;-1.52929;-1.52574;-1.52168;-1.5172;-1.51215;-1.50651;-1.50019;-1.49311;-1.48519;-1.47632;-1.46638;-1.45526;-1.44279;-1.42883;-1.41317;-1.3956;-1.3759;-1.35377;-1.32891;-1.30096;-1.26951;-1.23407;-1.19409;-1.14892;-1.09779;-1.03978;-0.973873;-0.89876;-0.812989;-0.714855;-0.602399
3;2587807170455;20;absz;19785.4;16130.9;13149;10715.7;8735.57;7120.52;5803.62;4730.6;3855.08;3141.7;2559.67;2084.92;1697.61;1381.67;1123.68;913.156;741.407;601.689;488.697;398.793
3;2587807170455;20;frequency;99999.99999990905;122862.535599424;150952.0265389597;185463.4873444638;227865.1431623047;279960.8926363817;343967.05137965;422606.6409511731;519225.2346839865;637933.2888043621;783781.0140572543;962973.2274171232;1183133.324347452;1453627.601814205;1785963.729760951;2194280.323268956;2695948.443325946;3312310.615921419;4069588.809647371;4999999.999999929
3;2587807170455;20;phasez;-1.54118;-1.53782;-1.53346;-1.52821;-1.52157;-1.51336;-1.50326;-1.49078;-1.47535;-1.45635;-1.43292;-1.40397;-1.36819;-1.32386;-1.26877;-1.20008;-1.11384;-1.00496;-0.866178;-0.688033
