0;8653747501375;20;absz;1.36659e+08;9.964e+07;7.2618e+07;5.29016e+07;3.85141e+07;2.80238e+07;2.03983e+07;1.48414e+07;1.07945e+07;7.84898e+06;5.7064e+06;4.14798e+06;3.01468e+06;2.19071e+06;1.59171e+06;1.15631e+06;839917;610002;442952;321587
0;8653747501375;20;frequency;9.999999974752427;13.86918846435492;19.23543905490988;26.67799336109056;37.00021196095804;51.31629158938722;71.17153245417285;98.70914048804025;136.9015682683994;189.8713664161278;263.3361782500288;365.2259113806622;506.5387032487934;702.5280792305466;974.3494403835484;1351.343611730726;1874.203936580443;2599.368780806799;3605.113577052066;4999.99999995282
0;8653747501375;20;phasez;-1.51129;-1.51423;-1.51758;-1.5201;-1.52218;-1.52361;-1.52543;-1.52683;-1.52789;-1.52888;-1.5296;-1.53008;-1.53038;-1.53039;-1.53003;-1.52917;-1.52772;-1.52539;-1.52188;-1.51673
1;8654517379699;50;absz;7.38994e+06;6.33167e+06;5.42226e+06;4.63727e+06;3.96678e+06;3.39605e+06;2.90607e+06;2.48603e+06;2.12736e+06;1.82028e+06;1.55701e+06;1.33231e+06;1.13994e+06;975199;834206;713624;610431;522176;446653;382060;326774;279479;239028;204420;174826;149507;127854;109336;93496.7;79951.8;68367.9;58463.1;49991.1;42747.6;36552;31253.1;26721.1;22844.8;19529.2;16692.9;14266.4;12190.4;10414;8893.42;7591.47;6476.44;5520.74;4700.87;3996.96;3391.51
1;8654517379699;50;frequency;199.9999999213742;234.625769479635;275.2462588517801;322.8993264769997;378.802514688914;444.3841576318164;521.3198749487447;611.5753842550475;717.456725922716;841.6691823498468;987.3863981368913;1158.33146786315;1358.872060208682;1594.132014446359;1870.122253535556;2193.894364737048;2573.720768452858;3019.306079821149;3542.035062906734;4155.263512473084;4874.659497176026;5718.603679767398;6708.658946337209;7870.121340545211;9232.666380967203;10831.10727442716;12706.28439819177;14906.10877695531;17486.78621595445;20514.25336674129;24065.86241733066;28232.35745111674;33120.19296963342;38854.25382030405;45581.04601983359;53472.44000269313;62730.06193403319;73590.44528463698;86331.07429211862;101277.4737211686;118811.5260634959;139381.228686517;163512.140226203;191820.8086789974;225030.524286467;263989.7996954232;309694.0495706946;363311.0235703185;426210.642505751;499999.9999999716
1;8654517379699;50;phasez;-1.52911;-1.53025;-1.53115;-1.53157;-1.53181;-1.53318;-1.53216;-1.5332;-1.53317;-1.53352;-1.53389;-1.53406;-1.53439;-1.53476;-1.53503;-1.53539;-1.53553;-1.53571;-1.53592;-1.536;-1.5361;-1.53614;-1.53616;-1.5361;-1.53597;-1.53577;-1.53548;-1.53508;-1.53456;-1.53391;-1.53312;-1.53216;-1.53101;-1.52964;-1.52801;-1.5261;-1.52384;-1.52116;-1.518;-1.51425;-1.50982;-1.50457;-1.49834;-1.49098;-1.48223;-1.47187;-1.45954;-1.44486;-1.42731;-1.40622
2;8655288844448;50;absz;82341;73717.5;66009.6;59089.1;52902.9;47361.5;42400.8;37961.1;33984.3;30424;27233.6;24380.8;21825.3;19538.1;17489.9;15657.4;14015.8;12546.2;11230.6;10053;8998.37;8054.17;7209.36;6452.73;5775.29;5169.07;4626.31;4140.35;3705.25;3315.74;2967.09;2654.89;2375.38;2125.07;1900.91;1700.16;1520.4;1359.39;1215.18;1085.98;970.268;866.636;773.802;690.672;616.371;549.945;490.694;438.048;391.491;350.702
2;8655288844448;50;frequency;20000.00000002444;22385.53853899816;25055.61678390222;28044.17375656954;31389.19662092121;35133.2035329932;39323.78408414649;44014.2042055669;49264.08322518227;55140.1516811012;61717.09952482729;69078.52549602467;77317.99973512921;86540.25314108083;96862.50859274992;108415.9709538568;121347.4948009008;135821.4510731415;152021.8163702936;170154.5114554648;190450.0186878266;213166.3116533389;238592.1342356312;267050.6708003728;298903.6541519141;334555.9634717432;374460.7706856584;419125.3006744233;469117.2785435782;525072.1459047724;587701.13789258;657800.3235824071;736260.7247225839;824079.6413975459;922373.3285811875;1032391.184709951;1155531.632626961;1293359.894754076;1447627.888434013;1620296.494325686;1813560.480908265;2029876.401899315;2271993.821195295;2542990.262224833;2846310.325953354;3185809.474764127;3565803.038745301;3991121.067296888;4467169.723268114;4999999.999999929
2;8655288844448;50;phasez;-1.53765;-1.53731;-1.53711;-1.53676;-1.53638;-1.53587;-1.53543;-1.53483;-1.53405;-1.53325;-1.53225;-1.53104;-1.52987;-1.52836;-1.52669;-1.52487;-1.52269;-1.52037;-1.51772;-1.51469;-1.51126;-1.50743;-1.50312;-1.49829;-1.49285;-1.48678;-1.47993;-1.47224;-1.46363;-1.45397;-1.44312;-1.43094;-1.41726;-1.40192;-1.38469;-1.36532;-1.34353;-1.31904;-1.29145;-1.26037;-1.22531;-1.18571;-1.14092;-1.09015;-1.03247;-0.96688;-0.892037;-0.806483;-0.708493;-0.596064
3;8655607116934;20;absz;17024.9;13910.7;11361.7;9279.26;7579.35;6189.33;5054.61;4127.08;3369.54;2750.53;2244.45;1830.68;1492.65;1216.09;989.893;804.829;653.483;530.041;429.887;349.835
3;8655607116934;20;frequency;99999.99999990905;122862.535599424;150952.0265389597;185463.4873444638;227865.1431623047;279960.8926363817;343967.05137965;422606.6409511731;519225.2346839865;637933.2888043621;783781.0140572543;962973.2274171232;1183133.324347452;1453627.601814205;1785963.729760951;2194280.323268956;2695948.443325946;3312310.615921419;4069588.809647371;4999999.999999929
3;8655607116934;20;phasez;-1.52591;-1.52279;-1.51868;-1.51372;-1.50743;-1.49959;-1.48991;-1.47784;-1.4629;-1.44441;-1.42153;-1.39318;-1.35804;-1.31436;-1.25997;-1.19195;-1.10638;-0.99806;-0.859712;-0.681705
