0;848002767862;20;absz;2.21136e+08;1.59799e+08;1.15423e+08;8.35199e+07;6.04164e+07;4.36573e+07;3.16067e+07;2.28582e+07;1.65356e+07;1.19628e+07;8.65547e+06;6.26283e+06;4.53184e+06;3.27935e+06;2.37303e+06;1.71726e+06;1.24265e+06;899263;650778;470978
0;848002767862;20;frequency;9.999999974752427;13.86918846435492;19.23543905490988;26.67799336109056;37.00021196095804;51.31629158938722;71.17153245417285;98.70914048804025;136.9015682683994;189.8713664161278;263.3361782500288;365.2259113806622;506.5387032487934;702.5280792305466;974.3494403835484;1351.343611730726;1874.203936580443;2599.368780806799;3605.113577052066;4999.99999995282
0;848002767862;20;phasez;-1.55689;-1.55675;-1.55635;-1.55629;-1.55575;-1.5556;-1.55492;-1.55469;-1.55422;-1.55371;-1.55313;-1.5524;-1.55163;-1.55067;-1.5494;-1.54771;-1.54535;-1.54214;-1.53771;-1.53163
1;848772855938;50;absz;1.13134e+07;9.61766e+06;8.22737e+06;7.01343e+06;5.97783e+06;5.11703e+06;4.36744e+06;3.73118e+06;3.18353e+06;2.71907e+06;2.32144e+06;1.98285e+06;1.6923e+06;1.44533e+06;1.23423e+06;1.05385e+06;899903;768567;656321;560456;478602;408735;349059;298106;254592;217440;185711;158618;135479;115716;98842.1;84431.1;72121;61605.8;52625.8;44954.2;38401.6;32802.8;28019.4;23931.8;20438.9;17453.5;14900.8;12718.2;10851;9252.69;7884.14;6711.08;5704.28;4838.92
1;848772855938;50;frequency;199.9999999213742;234.625769479635;275.2462588517801;322.8993264769997;378.802514688914;444.3841576318164;521.3198749487447;611.5753842550475;717.456725922716;841.6691823498468;987.3863981368913;1158.33146786315;1358.872060208682;1594.132014446359;1870.122253535556;2193.894364737048;2573.720768452858;3019.306079821149;3542.035062906734;4155.263512473084;4874.659497176026;5718.603679767398;6708.658946337209;7870.121340545211;9232.666380967203;10831.10727442716;12706.28439819177;14906.10877695531;17486.78621595445;20514.25336674129;24065.86241733066;28232.35745111674;33120.19296963342;38854.25382030405;45581.04601983359;53472.44000269313;62730.06193403319;73590.44528463698;86331.07429211862;101277.4737211686;118811.5260634959;139381.228686517;163512.140226203;191820.8086789974;225030.524286467;263989.7996954232;309694.0495706946;363311.0235703185;426210.642505751;499999.9999999716
1;848772855938;50;phasez;-1.55354;-1.5538;-1.55513;-1.55404;-1.55353;-1.55384;-1.5546;-1.55301;-1.55362;-1.55362;-1.55316;-1.55314;-1.55301;-1.55289;-1.55273;-1.55254;-1.55225;-1.5521;-1.55184;-1.5515;-1.55113;-1.55075;-1.55032;-1.5498;-1.54925;-1.54863;-1.54792;-1.54712;-1.5462;-1.54516;-1.54398;-1.54263;-1.54108;-1.53931;-1.53729;-1.53496;-1.53228;-1.52918;-1.52558;-1.5214;-1.51653;-1.51084;-1.50419;-1.49639;-1.48724;-1.47647;-1.46375;-1.44869;-1.43077;-1.40931
2;849540727643;50;absz;119305;106704;95455.8;85402.3;76400.9;68336.9;61135.4;54686.3;48930.4;43776.6;39163.1;35036.8;31344.5;28042.2;25089.8;22447.5;20084.2;17969.3;16077.7;14386.6;12872.1;11517.4;10305.9;9221.03;8250.88;7382.62;6605.84;5910.63;5288.45;4731.9;4233.57;3787.62;3388.57;3031.39;2711.73;2425.53;2169.47;1940.26;1735.04;1551.36;1387;1239.9;1108.31;990.569;885.553;791.857;708.499;634.679;569.714;513.195
2;849540727643;50;frequency;20000.00000002444;22385.53853899816;25055.61678390222;28044.17375656954;31389.19662092121;35133.2035329932;39323.78408414649;44014.2042055669;49264.08322518227;55140.1516811012;61717.09952482729;69078.52549602467;77317.99973512921;86540.25314108083;96862.50859274992;108415.9709538568;121347.4948009008;135821.4510731415;152021.8163702936;170154.5114554648;190450.0186878266;213166.3116533389;238592.1342356312;267050.6708003728;298903.6541519141;334555.9634717432;374460.7706856584;419125.3006744233;469117.2785435782;525072.1459047724;587701.13789258;657800.3235824071;736260.7247225839;824079.6413975459;922373.3285811875;1032391.184709951;1155531.632626961;1293359.894754076;1447627.888434013;1620296.494325686;1813560.480908265;2029876.401899315;2271993.821195295;2542990.262224833;2846310.325953354;3185809.474764127;3565803.038745301;3991121.067296888;4467169.723268114;4999999.999999929
2;849540727643;50;phasez;-1.54866;-1.54801;-1.54789;-1.54691;-1.54651;-1.54586;-1.54505;-1.54424;-1.54315;-1.54184;-1.54065;-1.53925;-1.53781;-1.536;-1.53404;-1.53184;-1.52947;-1.5268;-1.52375;-1.52044;-1.51675;-1.51268;-1.50806;-1.50289;-1.49722;-1.49086;-1.48374;-1.47581;-1.46693;-1.45699;-1.44587;-1.43344;-1.4195;-1.4039;-1.3864;-1.36676;-1.34473;-1.31997;-1.29213;-1.26079;-1.2255;-1.18568;-1.14071;-1.08979;-1.03199;-0.966386;-0.891606;-0.806252;-0.708627;-0.596821
3;849858551929;20;absz;24425.9;19940.9;16276.4;13283.3;10839.6;8846.58;7220.94;5892.83;4809.45;3924.25;3202.01;2612.04;2130.09;1736.43;1415.02;1152.42;938.168;763.964;623.346;511.957
3;849858551929;20;frequency;99999.99999990905;122862.535599424;150952.0265389597;185463.4873444638;227865.1431623047;279960.8926363817;343967.05137965;422606.6409511731;519225.2346839865;637933.2888043621;783781.0140572543;962973.2274171232;1183133.324347452;1453627.601814205;1785963.729760951;2194280.323268956;2695948.443325946;3312310.615921419;4069588.809647371;4999999.999999929
3;849858551929;20;phasez;-1.53301;-1.52935;-1.52484;-1.51923;-1.5124;-1.50413;-1.4939;-1.48135;-1.46594;-1.447;-1.42361;-1.39478;-1.35915;-1.31501;-1.26017;-1.19177;-1.10587;-0.997512;-0.859429;-0.682332
