0;10391928410446;20;absz;1.35989e+08;9.91804e+07;7.2262e+07;5.26491e+07;3.83422e+07;2.79056e+07;2.03142e+07;1.4779e+07;1.07494e+07;7.81708e+06;5.68347e+06;4.13147e+06;3.00285e+06;2.18219e+06;1.58555e+06;1.15188e+06;836712;607700;441296;320406
0;10391928410446;20;frequency;9.999999974752427;13.86918846435492;19.23543905490988;26.67799336109056;37.00021196095804;51.31629158938722;71.17153245417285;98.70914048804025;136.9015682683994;189.8713664161278;263.3361782500288;365.2259113806622;506.5387032487934;702.5280792305466;974.3494403835484;1351.343611730726;1874.203936580443;2599.368780806799;3605.113577052066;4999.99999995282
0;10391928410446;20;phasez;-1.50986;-1.51328;-1.51673;-1.51903;-1.52126;-1.52294;-1.52484;-1.52638;-1.5276;-1.52849;-1.52931;-1.52984;-1.53014;-1.53018;-1.52983;-1.529;-1.52752;-1.52518;-1.52167;-1.51651
1;10392696699205;50;absz;7.3674e+06;6.30005e+06;5.38731e+06;4.61549e+06;3.95315e+06;3.38293e+06;2.89423e+06;2.4768e+06;2.11964e+06;1.81333e+06;1.55121e+06;1.32742e+06;1.1354e+06;971662;831055;710961;608178;520292;445008;380633;325571;278461;238157;203684;174198;148975;127402;108949;93168.2;79672.1;68129.3;58258;49816.7;42596.6;36422.9;31142.3;26626;22763.8;19459.8;16633.8;14216.3;12147.7;10377.8;8862.49;7565.38;6454.21;5501.9;4685.07;3983.57;3380.32
1;10392696699205;50;frequency;199.9999999213742;234.625769479635;275.2462588517801;322.8993264769997;378.802514688914;444.3841576318164;521.3198749487447;611.5753842550475;717.456725922716;841.6691823498468;987.3863981368913;1158.33146786315;1358.872060208682;1594.132014446359;1870.122253535556;2193.894364737048;2573.720768452858;3019.306079821149;3542.035062906734;4155.263512473084;4874.659497176026;5718.603679767398;6708.658946337209;7870.121340545211;9232.666380967203;10831.10727442716;12706.28439819177;14906.10877695531;17486.78621595445;20514.25336674129;24065.86241733066;28232.35745111674;33120.19296963342;38854.25382030405;45581.04601983359;53472.44000269313;62730.06193403319;73590.44528463698;86331.07429211862;101277.4737211686;118811.5260634959;139381.228686517;163512.140226203;191820.8086789974;225030.524286467;263989.7996954232;309694.0495706946;363311.0235703185;426210.642505751;499999.9999999716
1;10392696699205;50;phasez;-1.52954;-1.52984;-1.52942;-1.53008;-1.53208;-1.53227;-1.53293;-1.53289;-1.53316;-1.53356;-1.53376;-1.53419;-1.53437;-1.53468;-1.53484;-1.53512;-1.53529;-1.53552;-1.53564;-1.53579;-1.5359;-1.53594;-1.53596;-1.53592;-1.53579;-1.53562;-1.53534;-1.53495;-1.53445;-1.53383;-1.53305;-1.53211;-1.53097;-1.5296;-1.52798;-1.52606;-1.52379;-1.52109;-1.5179;-1.51412;-1.50967;-1.50439;-1.49815;-1.49076;-1.482;-1.47162;-1.45929;-1.44459;-1.42703;-1.40593
2;10393464975839;50;absz;82080.2;73483;65787.5;58903;52739.6;47217.4;42267.2;37841.8;33877.3;30322.6;27148.5;24302.1;21754.6;19472.5;17433.4;15605.4;13969.5;12504.9;11194.1;10020.3;8969.25;8028.31;7186;6431.97;5756.98;5152.87;4611.8;4127.35;3693.75;3305.56;2957.97;2646.7;2368.05;2118.58;1895.16;1695.09;1515.87;1355.4;1211.63;1082.86;967.503;864.157;771.62;688.743;614.648;548.415;489.335;436.824;390.401;349.721
2;10393464975839;50;frequency;20000.00000002444;22385.53853899816;25055.61678390222;28044.17375656954;31389.19662092121;35133.2035329932;39323.78408414649;44014.2042055669;49264.08322518227;55140.1516811012;61717.09952482729;69078.52549602467;77317.99973512921;86540.25314108083;96862.50859274992;108415.9709538568;121347.4948009008;135821.4510731415;152021.8163702936;170154.5114554648;190450.0186878266;213166.3116533389;238592.1342356312;267050.6708003728;298903.6541519141;334555.9634717432;374460.7706856584;419125.3006744233;469117.2785435782;525072.1459047724;587701.13789258;657800.3235824071;736260.7247225839;824079.6413975459;922373.3285811875;1032391.184709951;1155531.632626961;1293359.894754076;1447627.888434013;1620296.494325686;1813560.480908265;2029876.401899315;2271993.821195295;2542990.262224833;2846310.325953354;3185809.474764127;3565803.038745301;3991121.067296888;4467169.723268114;4999999.999999929
2;10393464975839;50;phasez;-1.53742;-1.53729;-1.53714;-1.53669;-1.5365;-1.53585;-1.53528;-1.53466;-1.53401;-1.53311;-1.53226;-1.53105;-1.5298;-1.52831;-1.52663;-1.52471;-1.52259;-1.52021;-1.51753;-1.51449;-1.51104;-1.50723;-1.50289;-1.49807;-1.49262;-1.48653;-1.47967;-1.47198;-1.46337;-1.45368;-1.44284;-1.43064;-1.41696;-1.4016;-1.38434;-1.36496;-1.34317;-1.31866;-1.29106;-1.25997;-1.2249;-1.18529;-1.1405;-1.08972;-1.03204;-0.966441;-0.891599;-0.806042;-0.708035;-0.595605
3;10393783556594;20;absz;16973.6;13867.1;11325.6;9250.45;7556.01;6170.38;5039.3;4114.71;3359.46;2742.3;2237.81;1825.37;1488.41;1212.67;987.163;802.662;651.757;528.636;428.74;348.873
3;10393783556594;20;frequency;99999.99999990905;122862.535599424;150952.0265389597;185463.4873444638;227865.1431623047;279960.8926363817;343967.05137965;422606.6409511731;519225.2346839865;637933.2888043621;783781.0140572543;962973.2274171232;1183133.324347452;1453627.601814205;1785963.729760951;2194280.323268956;2695948.443325946;3312310.615921419;4069588.809647371;4999999.999999929
3;10393783556594;20;phasez;-1.5257;-1.52255;-1.51851;-1.51353;-1.50717;-1.49936;-1.48961;-1.47756;-1.46261;-1.44413;-1.42121;-1.39283;-1.35766;-1.31396;-1.25955;-1.19152;-1.10595;-0.997621;-0.859259;-0.681226
