0;10687652852747;20;absz;1.35882e+08;9.90985e+07;7.21991e+07;5.26138e+07;3.83187e+07;2.79048e+07;2.03031e+07;1.47706e+07;1.07431e+07;7.81284e+06;5.68025e+06;4.12927e+06;3.00125e+06;2.18099e+06;1.58469e+06;1.15126e+06;836269;607375;441068;320242
0;10687652852747;20;frequency;9.999999974752427;13.86918846435492;19.23543905490988;26.67799336109056;37.00021196095804;51.31629158938722;71.17153245417285;98.70914048804025;136.9015682683994;189.8713664161278;263.3361782500288;365.2259113806622;506.5387032487934;702.5280792305466;974.3494403835484;1351.343611730726;1874.203936580443;2599.368780806799;3605.113577052066;4999.99999995282
0;10687652852747;20;phasez;-1.50887;-1.51363;-1.51656;-1.51881;-1.52116;-1.52349;-1.52491;-1.52635;-1.52753;-1.52845;-1.52926;-1.5298;-1.53014;-1.53015;-1.52981;-1.52897;-1.52748;-1.52514;-1.5216;-1.51642
1;10688422628359;50;absz;7.35109e+06;6.30835e+06;5.39972e+06;4.61591e+06;3.95258e+06;3.38051e+06;2.89406e+06;2.47528e+06;2.11864e+06;1.81247e+06;1.55021e+06;1.32645e+06;1.13482e+06;970826;830600;710635;607865;519973;444754;380450;325408;278327;238049;203590;174120;148913;127351;108908;93132.6;79641.6;68104.1;58236;49798.4;42581.4;36409.2;31131.2;26616.3;22755.2;19452.7;16627.6;14210.9;12143.3;10373.8;8859.35;7562.71;6452.04;5500.04;4683.5;3982.25;3379.17
1;10688422628359;50;frequency;199.9999999213742;234.625769479635;275.2462588517801;322.8993264769997;378.802514688914;444.3841576318164;521.3198749487447;611.5753842550475;717.456725922716;841.6691823498468;987.3863981368913;1158.33146786315;1358.872060208682;1594.132014446359;1870.122253535556;2193.894364737048;2573.720768452858;3019.306079821149;3542.035062906734;4155.263512473084;4874.659497176026;5718.603679767398;6708.658946337209;7870.121340545211;9232.666380967203;10831.10727442716;12706.28439819177;14906.10877695531;17486.78621595445;20514.25336674129;24065.86241733066;28232.35745111674;33120.19296963342;38854.25382030405;45581.04601983359;53472.44000269313;62730.06193403319;73590.44528463698;86331.07429211862;101277.4737211686;118811.5260634959;139381.228686517;163512.140226203;191820.8086789974;225030.524286467;263989.7996954232;309694.0495706946;363311.0235703185;426210.642505751;499999.9999999716
1;10688422628359;50;phasez;-1.52934;-1.53005;-1.53119;-1.53004;-1.53189;-1.53151;-1.53195;-1.5328;-1.53294;-1.53351;-1.53367;-1.53383;-1.53416;-1.53457;-1.5349;-1.53505;-1.53533;-1.53543;-1.5356;-1.53572;-1.53581;-1.53591;-1.53588;-1.53582;-1.53572;-1.53553;-1.53524;-1.53486;-1.53438;-1.53375;-1.53299;-1.53205;-1.53092;-1.52957;-1.52795;-1.52603;-1.52375;-1.52105;-1.51786;-1.51408;-1.50962;-1.50434;-1.4981;-1.49071;-1.48195;-1.47156;-1.45923;-1.44454;-1.42698;-1.40587
2;10689194206190;50;absz;82065.9;73489.8;65795.9;58889.9;52728.7;47201;42262.6;37833.9;33871.9;30319.4;27142.9;24296.7;21751.3;19469.6;17428.4;15602;13967;12502.6;11192;10018.3;8967.35;8026.67;7184.49;6430.78;5755.89;5151.68;4610.88;4126.6;3693.08;3304.91;2957.48;2646.31;2367.72;2118.26;1894.86;1694.86;1515.68;1355.21;1211.48;1082.73;967.402;864.083;771.548;688.678;614.606;548.372;489.282;436.783;390.359;349.678
2;10689194206190;50;frequency;20000.00000002444;22385.53853899816;25055.61678390222;28044.17375656954;31389.19662092121;35133.2035329932;39323.78408414649;44014.2042055669;49264.08322518227;55140.1516811012;61717.09952482729;69078.52549602467;77317.99973512921;86540.25314108083;96862.50859274992;108415.9709538568;121347.4948009008;135821.4510731415;152021.8163702936;170154.5114554648;190450.0186878266;213166.3116533389;238592.1342356312;267050.6708003728;298903.6541519141;334555.9634717432;374460.7706856584;419125.3006744233;469117.2785435782;525072.1459047724;587701.13789258;657800.3235824071;736260.7247225839;824079.6413975459;922373.3285811875;1032391.184709951;1155531.632626961;1293359.894754076;1447627.888434013;1620296.494325686;1813560.480908265;2029876.401899315;2271993.821195295;2542990.262224833;2846310.325953354;3185809.474764127;3565803.038745301;3991121.067296888;4467169.723268114;4999999.999999929
2;10689194206190;50;phasez;-1.53728;-1.53731;-1.537;-1.53673;-1.53641;-1.53592;-1.53529;-1.5346;-1.53398;-1.53305;-1.5321;-1.53103;-1.52969;-1.52825;-1.52663;-1.52474;-1.52258;-1.52019;-1.51747;-1.51442;-1.51103;-1.50717;-1.50286;-1.49799;-1.49256;-1.48645;-1.4796;-1.47192;-1.46329;-1.45362;-1.44275;-1.43057;-1.41688;-1.40152;-1.38426;-1.36489;-1.34309;-1.31857;-1.29098;-1.25988;-1.2248;-1.18519;-1.1404;-1.08964;-1.03194;-0.966345;-0.891496;-0.805929;-0.707915;-0.595461
3;10689510155143;20;absz;16973.9;13866.6;11325.2;9249.96;7555.53;6170.13;5039.04;4114.46;3359.44;2742.3;2237.77;1825.31;1488.34;1212.64;987.149;802.639;651.735;528.619;428.715;348.86
3;10689510155143;20;frequency;99999.99999990905;122862.535599424;150952.0265389597;185463.4873444638;227865.1431623047;279960.8926363817;343967.05137965;422606.6409511731;519225.2346839865;637933.2888043621;783781.0140572543;962973.2274171232;1183133.324347452;1453627.601814205;1785963.729760951;2194280.323268956;2695948.443325946;3312310.615921419;4069588.809647371;4999999.999999929
3;10689510155143;20;phasez;-1.52572;-1.52253;-1.5185;-1.51345;-1.5071;-1.4993;-1.48957;-1.4775;-1.46255;-1.44403;-1.42113;-1.39275;-1.35757;-1.31388;-1.25947;-1.19143;-1.10584;-0.99752;-0.859145;-0.681098
