0;5481576590869;20;absz;1.44259e+08;1.04942e+08;7.63973e+07;5.55861e+07;4.04243e+07;2.9383e+07;2.13742e+07;1.55361e+07;1.12917e+07;8.20655e+06;5.96303e+06;4.33227e+06;3.14693e+06;2.28554e+06;1.65966e+06;1.205e+06;874722;634882;460717;334275
0;5481576590869;20;frequency;9.999999974752427;13.86918846435492;19.23543905490988;26.67799336109056;37.00021196095804;51.31629158938722;71.17153245417285;98.70914048804025;136.9015682683994;189.8713664161278;263.3361782500288;365.2259113806622;506.5387032487934;702.5280792305466;974.3494403835484;1351.343611730726;1874.203936580443;2599.368780806799;3605.113577052066;4999.99999995282
0;5481576590869;20;phasez;-1.52315;-1.52458;-1.52565;-1.52736;-1.52831;-1.52949;-1.53028;-1.53106;-1.53177;-1.53235;-1.53284;-1.53317;-1.53338;-1.53334;-1.53298;-1.5322;-1.53072;-1.52841;-1.52491;-1.51978
1;5482349656404;50;absz;7.73179e+06;6.63059e+06;5.65722e+06;4.84279e+06;4.14355e+06;3.54629e+06;3.03342e+06;2.59546e+06;2.22034e+06;1.89864e+06;1.62364e+06;1.38882e+06;1.18783e+06;1.01582e+06;868791;742972;635395;543324;464605;397262;339686;290433;248318;212300;181508;155169;132658;113407;96947.6;82875.2;70845.2;60558.4;51765.9;44247.3;37820.7;32326.3;27628.3;23612;20178.3;17242.4;14731.5;12584.1;10747.4;9175.67;7830.47;6678.75;5691.8;4845.45;4118.9;3494.2
1;5482349656404;50;frequency;199.9999999213742;234.625769479635;275.2462588517801;322.8993264769997;378.802514688914;444.3841576318164;521.3198749487447;611.5753842550475;717.456725922716;841.6691823498468;987.3863981368913;1158.33146786315;1358.872060208682;1594.132014446359;1870.122253535556;2193.894364737048;2573.720768452858;3019.306079821149;3542.035062906734;4155.263512473084;4874.659497176026;5718.603679767398;6708.658946337209;7870.121340545211;9232.666380967203;10831.10727442716;12706.28439819177;14906.10877695531;17486.78621595445;20514.25336674129;24065.86241733066;28232.35745111674;33120.19296963342;38854.25382030405;45581.04601983359;53472.44000269313;62730.06193403319;73590.44528463698;86331.07429211862;101277.4737211686;118811.5260634959;139381.228686517;163512.140226203;191820.8086789974;225030.524286467;263989.7996954232;309694.0495706946;363311.0235703185;426210.642505751;499999.9999999716
1;5482349656404;50;phasez;-1.53312;-1.53338;-1.53424;-1.53505;-1.53512;-1.5359;-1.5359;-1.53569;-1.5364;-1.53674;-1.53684;-1.53724;-1.53762;-1.53777;-1.53801;-1.53833;-1.53855;-1.53878;-1.53891;-1.53904;-1.53916;-1.53924;-1.53925;-1.5392;-1.53909;-1.5389;-1.53863;-1.53825;-1.53775;-1.53715;-1.53638;-1.53544;-1.53432;-1.53296;-1.53133;-1.52941;-1.52712;-1.5244;-1.52118;-1.51738;-1.51288;-1.50757;-1.5013;-1.49388;-1.48512;-1.47474;-1.46244;-1.44779;-1.4303;-1.40927
2;5483121090984;50;absz;85411.5;76452.2;68415.8;61244.1;54817.5;49050.9;43903.8;39305.5;35175.2;31483.9;28171.3;25214.8;22566.4;20195;18074.4;16175.3;14476.6;12956.9;11594.9;10377;9286.92;8311.29;7437.64;6655.99;5956.37;5330.23;4769.59;4267.74;3818.68;3416.54;3056.62;2734.47;2446.05;2187.79;1956.61;1749.66;1564.33;1398.39;1249.77;1116.69;997.523;890.797;795.273;709.729;633.286;564.992;504.09;450.002;402.192;360.326
2;5483121090984;50;frequency;20000.00000002444;22385.53853899816;25055.61678390222;28044.17375656954;31389.19662092121;35133.2035329932;39323.78408414649;44014.2042055669;49264.08322518227;55140.1516811012;61717.09952482729;69078.52549602467;77317.99973512921;86540.25314108083;96862.50859274992;108415.9709538568;121347.4948009008;135821.4510731415;152021.8163702936;170154.5114554648;190450.0186878266;213166.3116533389;238592.1342356312;267050.6708003728;298903.6541519141;334555.9634717432;374460.7706856584;419125.3006744233;469117.2785435782;525072.1459047724;587701.13789258;657800.3235824071;736260.7247225839;824079.6413975459;922373.3285811875;1032391.184709951;1155531.632626961;1293359.894754076;1447627.888434013;1620296.494325686;1813560.480908265;2029876.401899315;2271993.821195295;2542990.262224833;2846310.325953354;3185809.474764127;3565803.038745301;3991121.067296888;4467169.723268114;4999999.999999929
2;5483121090984;50;phasez;-1.54058;-1.54075;-1.54041;-1.53993;-1.53963;-1.53926;-1.53868;-1.53805;-1.5373;-1.53662;-1.53555;-1.53436;-1.53307;-1.53155;-1.52983;-1.52795;-1.52577;-1.52341;-1.52068;-1.5176;-1.51422;-1.51035;-1.50602;-1.50117;-1.49576;-1.48968;-1.48286;-1.47523;-1.46665;-1.45703;-1.44622;-1.43411;-1.4205;-1.40522;-1.38805;-1.36875;-1.34703;-1.32261;-1.2951;-1.26409;-1.22911;-1.18961;-1.14491;-1.09427;-1.0367;-0.971267;-0.896602;-0.811264;-0.713522;-0.6014
3;5483437248644;20;absz;17596.8;14370.2;11731.5;9578.81;7821.21;6384.63;5212.38;4254.53;3472.32;2833.53;2311.23;1884.42;1535.9;1250.82;1017.8;827.247;671.532;544.569;441.661;359.457
3;5483437248644;20;frequency;99999.99999990905;122862.535599424;150952.0265389597;185463.4873444638;227865.1431623047;279960.8926363817;343967.05137965;422606.6409511731;519225.2346839865;637933.2888043621;783781.0140572543;962973.2274171232;1183133.324347452;1453627.601814205;1785963.729760951;2194280.323268956;2695948.443325946;3312310.615921419;4069588.809647371;4999999.999999929
3;5483437248644;20;phasez;-1.52903;-1.52577;-1.52168;-1.51662;-1.51029;-1.5025;-1.49279;-1.48081;-1.46596;-1.44758;-1.4248;-1.39658;-1.36155;-1.31802;-1.26378;-1.19593;-1.11058;-1.00254;-0.864565;-0.687112
