0;6862422128663;20;absz;1.3911e+08;1.01353e+08;7.38116e+07;5.37686e+07;3.91308e+07;2.84611e+07;2.07078e+07;1.50591e+07;1.09494e+07;7.9599e+06;5.78597e+06;4.20489e+06;3.05553e+06;2.22002e+06;1.61276e+06;1.17145e+06;850735;617742;448471;325519
0;6862422128663;20;frequency;9.999999974752427;13.86918846435492;19.23543905490988;26.67799336109056;37.00021196095804;51.31629158938722;71.17153245417285;98.70914048804025;136.9015682683994;189.8713664161278;263.3361782500288;365.2259113806622;506.5387032487934;702.5280792305466;974.3494403835484;1351.343611730726;1874.203936580443;2599.368780806799;3605.113577052066;4999.99999995282
0;6862422128663;20;phasez;-1.51524;-1.51835;-1.52059;-1.52262;-1.5247;-1.52567;-1.5274;-1.52857;-1.5295;-1.53022;-1.53082;-1.53121;-1.5314;-1.53136;-1.53098;-1.53014;-1.5287;-1.52643;-1.52296;-1.51785
1;6863192069970;50;absz;7.48315e+06;6.42396e+06;5.49763e+06;4.70016e+06;4.02156e+06;3.44101e+06;2.94658e+06;2.5206e+06;2.15568e+06;1.84463e+06;1.5781e+06;1.35011e+06;1.15494e+06;987893;845074;722758;618242;528798;452231;386767;330771;282867;241896;206849;176879;151246;129325;110582;94547.9;80839.8;69118.5;59096.5;50526.8;43199.7;36933.4;31575;26992.6;23074.2;19722.6;16856.2;14404.2;12306.5;10512;8976.18;7661.33;6535.34;5570.47;4742.88;4032.28;3421.28
1;6863192069970;50;frequency;199.9999999213742;234.625769479635;275.2462588517801;322.8993264769997;378.802514688914;444.3841576318164;521.3198749487447;611.5753842550475;717.456725922716;841.6691823498468;987.3863981368913;1158.33146786315;1358.872060208682;1594.132014446359;1870.122253535556;2193.894364737048;2573.720768452858;3019.306079821149;3542.035062906734;4155.263512473084;4874.659497176026;5718.603679767398;6708.658946337209;7870.121340545211;9232.666380967203;10831.10727442716;12706.28439819177;14906.10877695531;17486.78621595445;20514.25336674129;24065.86241733066;28232.35745111674;33120.19296963342;38854.25382030405;45581.04601983359;53472.44000269313;62730.06193403319;73590.44528463698;86331.07429211862;101277.4737211686;118811.5260634959;139381.228686517;163512.140226203;191820.8086789974;225030.524286467;263989.7996954232;309694.0495706946;363311.0235703185;426210.642505751;499999.9999999716
1;6863192069970;50;phasez;-1.53281;-1.53008;-1.53279;-1.53229;-1.53361;-1.53274;-1.53402;-1.53391;-1.53442;-1.53458;-1.53487;-1.53502;-1.53544;-1.53567;-1.53619;-1.53627;-1.53647;-1.53679;-1.53696;-1.53711;-1.53724;-1.53728;-1.53734;-1.5373;-1.53716;-1.53698;-1.53668;-1.53628;-1.53577;-1.53513;-1.53434;-1.53339;-1.53225;-1.53087;-1.52925;-1.52734;-1.52507;-1.52239;-1.51921;-1.51544;-1.51099;-1.50571;-1.49946;-1.49206;-1.4833;-1.47292;-1.46059;-1.44591;-1.42837;-1.40728
2;6863959572439;50;absz;83248.8;74559.1;66726.6;59724.7;53471.8;47875.9;42850.8;38363.8;34341.3;30739.8;27515.3;24629.4;22045.6;19732.1;17663.6;15810.5;14152;12666.9;11337.6;10147.9;9082.61;8129.51;7275.86;6511.8;5827.95;5215.89;4667.74;4177.19;3738.14;3344.97;2993;2677.88;2395.73;2143.13;1916.95;1714.42;1533.04;1370.59;1225.1;1094.77;978.063;873.504;779.911;696.099;621.158;554.199;494.471;441.413;394.491;353.395
2;6863959572439;50;frequency;20000.00000002444;22385.53853899816;25055.61678390222;28044.17375656954;31389.19662092121;35133.2035329932;39323.78408414649;44014.2042055669;49264.08322518227;55140.1516811012;61717.09952482729;69078.52549602467;77317.99973512921;86540.25314108083;96862.50859274992;108415.9709538568;121347.4948009008;135821.4510731415;152021.8163702936;170154.5114554648;190450.0186878266;213166.3116533389;238592.1342356312;267050.6708003728;298903.6541519141;334555.9634717432;374460.7706856584;419125.3006744233;469117.2785435782;525072.1459047724;587701.13789258;657800.3235824071;736260.7247225839;824079.6413975459;922373.3285811875;1032391.184709951;1155531.632626961;1293359.894754076;1447627.888434013;1620296.494325686;1813560.480908265;2029876.401899315;2271993.821195295;2542990.262224833;2846310.325953354;3185809.474764127;3565803.038745301;3991121.067296888;4467169.723268114;4999999.999999929
2;6863959572439;50;phasez;-1.53868;-1.53867;-1.53831;-1.53807;-1.53763;-1.53714;-1.53649;-1.53605;-1.53521;-1.53439;-1.53352;-1.53238;-1.53106;-1.5296;-1.52794;-1.52606;-1.52394;-1.52155;-1.51881;-1.51583;-1.51236;-1.50851;-1.5042;-1.49938;-1.49392;-1.48781;-1.48097;-1.47331;-1.46471;-1.45502;-1.44421;-1.43204;-1.41839;-1.40307;-1.38586;-1.36651;-1.34476;-1.32029;-1.29273;-1.26168;-1.22664;-1.18708;-1.14231;-1.09158;-1.03396;-0.968419;-0.893637;-0.808151;-0.710242;-0.597924
3;6864276621360;20;absz;17192.7;14045.4;11468.9;9366.59;7649.84;6245.79;5100.39;4163.92;3399.22;2774.39;2263.65;1846.1;1505.06;1226.02;997.833;811.199;658.596;534.138;433.189;352.514
3;6864276621360;20;frequency;99999.99999990905;122862.535599424;150952.0265389597;185463.4873444638;227865.1431623047;279960.8926363817;343967.05137965;422606.6409511731;519225.2346839865;637933.2888043621;783781.0140572543;962973.2274171232;1183133.324347452;1453627.601814205;1785963.729760951;2194280.323268956;2695948.443325946;3312310.615921419;4069588.809647371;4999999.999999929
3;6864276621360;20;phasez;-1.52701;-1.52382;-1.51983;-1.51481;-1.5085;-1.50067;-1.49094;-1.47888;-1.46397;-1.44551;-1.42266;-1.39437;-1.35926;-1.31566;-1.26132;-1.19336;-1.10787;-0.99964;-0.861423;-0.683586
