0;5144020663355;20;absz;1.46365e+08;1.06456e+08;7.74961e+07;5.63692e+07;4.09874e+07;2.98032e+07;2.1656e+07;1.57425e+07;1.14399e+07;8.31263e+06;6.03918e+06;4.38677e+06;3.18606e+06;2.31355e+06;1.67965e+06;1.21921e+06;884792;642001;465758;337851
0;5144020663355;20;frequency;9.999999974752427;13.86918846435492;19.23543905490988;26.67799336109056;37.00021196095804;51.31629158938722;71.17153245417285;98.70914048804025;136.9015682683994;189.8713664161278;263.3361782500288;365.2259113806622;506.5387032487934;702.5280792305466;974.3494403835484;1351.343611730726;1874.203936580443;2599.368780806799;3605.113577052066;4999.99999995282
0;5144020663355;20;phasez;-1.52517;-1.52555;-1.5273;-1.52864;-1.52956;-1.52987;-1.53128;-1.5321;-1.53264;-1.53323;-1.53369;-1.53406;-1.53431;-1.53434;-1.53406;-1.53328;-1.5319;-1.52959;-1.52607;-1.5209
1;5144789704856;50;absz;7.83127e+06;6.70209e+06;5.7341e+06;4.90424e+06;4.19489e+06;3.58817e+06;3.07054e+06;2.62675e+06;2.24747e+06;1.92196e+06;1.64362e+06;1.40553e+06;1.20193e+06;1.02789e+06;878837;751428;642533;549272;469687;401565;343312;293504;250913;214496;183368;156747;133990;114535;97900.6;83682.9;71525.8;61136.6;52254.2;44661.4;38170.7;32622.1;27879.5;23824.8;20358.4;17395;14860.7;12693.5;10840.1;9254.3;7897.25;6735.18;5739.48;4885.81;4152.82;3522.74
1;5144789704856;50;frequency;199.9999999213742;234.625769479635;275.2462588517801;322.8993264769997;378.802514688914;444.3841576318164;521.3198749487447;611.5753842550475;717.456725922716;841.6691823498468;987.3863981368913;1158.33146786315;1358.872060208682;1594.132014446359;1870.122253535556;2193.894364737048;2573.720768452858;3019.306079821149;3542.035062906734;4155.263512473084;4874.659497176026;5718.603679767398;6708.658946337209;7870.121340545211;9232.666380967203;10831.10727442716;12706.28439819177;14906.10877695531;17486.78621595445;20514.25336674129;24065.86241733066;28232.35745111674;33120.19296963342;38854.25382030405;45581.04601983359;53472.44000269313;62730.06193403319;73590.44528463698;86331.07429211862;101277.4737211686;118811.5260634959;139381.228686517;163512.140226203;191820.8086789974;225030.524286467;263989.7996954232;309694.0495706946;363311.0235703185;426210.642505751;499999.9999999716
1;5144789704856;50;phasez;-1.53366;-1.53407;-1.53462;-1.53503;-1.53605;-1.53651;-1.53663;-1.53689;-1.53763;-1.53788;-1.53778;-1.53831;-1.53864;-1.53911;-1.5392;-1.53948;-1.53974;-1.53988;-1.54009;-1.54022;-1.54029;-1.54035;-1.54031;-1.54027;-1.54016;-1.53994;-1.53965;-1.53926;-1.53876;-1.53814;-1.53734;-1.5364;-1.53524;-1.53386;-1.53221;-1.53026;-1.52795;-1.5252;-1.52197;-1.51814;-1.51363;-1.50831;-1.50202;-1.49461;-1.48585;-1.47548;-1.46318;-1.44855;-1.43108;-1.41007
2;5145558657522;50;absz;86234.2;77177;69075.8;61814.7;55324.2;49510.9;44320.3;39666.2;35495.8;31766.6;28427.4;25441.5;22767.8;20376.3;18234.4;16317.8;14604.8;13069.2;11695.4;10466.6;9366.67;8382.11;7500.75;6712.01;6006.19;5374.53;4809.1;4302.97;3849.91;3444.35;3081.4;2756.39;2465.5;2205.07;1971.95;1763.27;1576.39;1409.08;1259.27;1125.12;1004.97;897.435;801.138;714.962;637.944;569.134;507.794;453.308;405.16;363.006
2;5145558657522;50;frequency;20000.00000002444;22385.53853899816;25055.61678390222;28044.17375656954;31389.19662092121;35133.2035329932;39323.78408414649;44014.2042055669;49264.08322518227;55140.1516811012;61717.09952482729;69078.52549602467;77317.99973512921;86540.25314108083;96862.50859274992;108415.9709538568;121347.4948009008;135821.4510731415;152021.8163702936;170154.5114554648;190450.0186878266;213166.3116533389;238592.1342356312;267050.6708003728;298903.6541519141;334555.9634717432;374460.7706856584;419125.3006744233;469117.2785435782;525072.1459047724;587701.13789258;657800.3235824071;736260.7247225839;824079.6413975459;922373.3285811875;1032391.184709951;1155531.632626961;1293359.894754076;1447627.888434013;1620296.494325686;1813560.480908265;2029876.401899315;2271993.821195295;2542990.262224833;2846310.325953354;3185809.474764127;3565803.038745301;3991121.067296888;4467169.723268114;4999999.999999929
2;5145558657522;50;phasez;-1.54177;-1.54139;-1.54128;-1.54117;-1.54078;-1.54027;-1.53976;-1.53903;-1.53821;-1.53741;-1.53639;-1.53516;-1.53387;-1.53233;-1.53068;-1.52878;-1.52657;-1.52415;-1.52141;-1.51837;-1.51492;-1.51107;-1.50676;-1.5019;-1.49654;-1.49043;-1.48363;-1.476;-1.46744;-1.45782;-1.44705;-1.43493;-1.42133;-1.40606;-1.3889;-1.36961;-1.34791;-1.32349;-1.29598;-1.26499;-1.23002;-1.19052;-1.14584;-1.09518;-1.03766;-0.972246;-0.897606;-0.812297;-0.714593;-0.602512
3;5145873349438;20;absz;17751.6;14496.5;11833.6;9660.44;7887.56;6438.36;5255.63;4289.53;3500.55;2856.16;2329.46;1899.14;1547.73;1260.34;1025.45;833.393;676.477;548.569;444.905;362.129
3;5145873349438;20;frequency;99999.99999990905;122862.535599424;150952.0265389597;185463.4873444638;227865.1431623047;279960.8926363817;343967.05137965;422606.6409511731;519225.2346839865;637933.2888043621;783781.0140572543;962973.2274171232;1183133.324347452;1453627.601814205;1785963.729760951;2194280.323268956;2695948.443325946;3312310.615921419;4069588.809647371;4999999.999999929
3;5145873349438;20;phasez;-1.52981;-1.52652;-1.52245;-1.51735;-1.51107;-1.50324;-1.49356;-1.48159;-1.46678;-1.4484;-1.42564;-1.39744;-1.36243;-1.31892;-1.26469;-1.19687;-1.11154;-1.00352;-0.865606;-0.68823
