0;5796841277051;20;absz;1.42475e+08;1.03773e+08;7.55743e+07;5.49922e+07;4.00067e+07;2.91076e+07;2.11602e+07;1.53821e+07;1.1181e+07;8.12625e+06;5.90535e+06;4.29079e+06;3.11722e+06;2.26431e+06;1.64448e+06;1.19412e+06;866959;629334;456776;331480
0;5796841277051;20;frequency;9.999999974752427;13.86918846435492;19.23543905490988;26.67799336109056;37.00021196095804;51.31629158938722;71.17153245417285;98.70914048804025;136.9015682683994;189.8713664161278;263.3361782500288;365.2259113806622;506.5387032487934;702.5280792305466;974.3494403835484;1351.343611730726;1874.203936580443;2599.368780806799;3605.113577052066;4999.99999995282
0;5796841277051;20;phasez;-1.52067;-1.52246;-1.52458;-1.52603;-1.52722;-1.52888;-1.52949;-1.53036;-1.53116;-1.53174;-1.53222;-1.53255;-1.53272;-1.53266;-1.5323;-1.53145;-1.53;-1.52766;-1.52411;-1.51895
1;5797609546520;50;absz;7.64969e+06;6.5646e+06;5.60878e+06;4.79438e+06;4.10146e+06;3.51496e+06;3.00434e+06;2.57061e+06;2.19909e+06;1.88129e+06;1.60863e+06;1.37637e+06;1.17705e+06;1.00683e+06;861111;736464;629827;538644;460601;393893;336848;288022;246282;210584;180053;153947;131623;112530;96205.5;82246.2;70312;60107.4;51383.4;43925.1;37547.2;32094.6;27432.4;23446.1;20037.5;17122.7;14629.9;12497.6;10673.8;9113.35;7777.59;6633.86;5653.9;4813.48;4091.92;3471.46
1;5797609546520;50;frequency;199.9999999213742;234.625769479635;275.2462588517801;322.8993264769997;378.802514688914;444.3841576318164;521.3198749487447;611.5753842550475;717.456725922716;841.6691823498468;987.3863981368913;1158.33146786315;1358.872060208682;1594.132014446359;1870.122253535556;2193.894364737048;2573.720768452858;3019.306079821149;3542.035062906734;4155.263512473084;4874.659497176026;5718.603679767398;6708.658946337209;7870.121340545211;9232.666380967203;10831.10727442716;12706.28439819177;14906.10877695531;17486.78621595445;20514.25336674129;24065.86241733066;28232.35745111674;33120.19296963342;38854.25382030405;45581.04601983359;53472.44000269313;62730.06193403319;73590.44528463698;86331.07429211862;101277.4737211686;118811.5260634959;139381.228686517;163512.140226203;191820.8086789974;225030.524286467;263989.7996954232;309694.0495706946;363311.0235703185;426210.642505751;499999.9999999716
1;5797609546520;50;phasez;-1.53367;-1.53367;-1.53475;-1.53441;-1.53368;-1.53534;-1.53566;-1.53573;-1.5354;-1.53577;-1.53622;-1.53647;-1.53694;-1.53707;-1.53732;-1.53752;-1.53774;-1.53794;-1.53809;-1.53823;-1.53834;-1.53842;-1.5384;-1.53836;-1.53829;-1.53812;-1.53785;-1.53748;-1.53702;-1.53642;-1.53566;-1.53475;-1.53363;-1.5323;-1.53069;-1.52877;-1.5265;-1.5238;-1.52059;-1.5168;-1.51232;-1.50701;-1.50075;-1.49333;-1.48455;-1.47416;-1.46183;-1.44717;-1.42965;-1.40859
2;5798377914485;50;absz;84748.3;75850.8;67911.9;60772.6;54405.4;48701.1;43584.2;39016.2;34918.4;31253;27970.6;25034.4;22404.3;20053.8;17948.3;16063.1;14376.5;12867.2;11516;10306.6;9223.88;8255;7387.83;6611.56;5916.65;5294.83;4738.14;4239.75;3793.74;3394.47;3037.11;2717.03;2430.56;2174.05;1944.43;1738.86;1554.73;1389.86;1242.22;1109.98;991.562;885.5;790.561;705.542;629.585;561.702;501.155;447.389;399.851;358.226
2;5798377914485;50;frequency;20000.00000002444;22385.53853899816;25055.61678390222;28044.17375656954;31389.19662092121;35133.2035329932;39323.78408414649;44014.2042055669;49264.08322518227;55140.1516811012;61717.09952482729;69078.52549602467;77317.99973512921;86540.25314108083;96862.50859274992;108415.9709538568;121347.4948009008;135821.4510731415;152021.8163702936;170154.5114554648;190450.0186878266;213166.3116533389;238592.1342356312;267050.6708003728;298903.6541519141;334555.9634717432;374460.7706856584;419125.3006744233;469117.2785435782;525072.1459047724;587701.13789258;657800.3235824071;736260.7247225839;824079.6413975459;922373.3285811875;1032391.184709951;1155531.632626961;1293359.894754076;1447627.888434013;1620296.494325686;1813560.480908265;2029876.401899315;2271993.821195295;2542990.262224833;2846310.325953354;3185809.474764127;3565803.038745301;3991121.067296888;4467169.723268114;4999999.999999929
2;5798377914485;50;phasez;-1.54022;-1.53998;-1.53957;-1.5394;-1.53898;-1.53864;-1.53793;-1.53749;-1.5368;-1.53582;-1.53479;-1.53378;-1.5325;-1.53095;-1.52932;-1.52738;-1.52524;-1.52283;-1.5201;-1.51704;-1.51363;-1.50977;-1.50545;-1.50062;-1.49517;-1.48908;-1.48224;-1.47458;-1.466;-1.45634;-1.44553;-1.43339;-1.41977;-1.40447;-1.38727;-1.36795;-1.34622;-1.32178;-1.29424;-1.26322;-1.22821;-1.18867;-1.14394;-1.09323;-1.03564;-0.970156;-0.895428;-0.810011;-0.712174;-0.599937
3;5798696397326;20;absz;17474.4;14271.8;11651.5;9513.08;7768.67;6342.01;5177.83;4226.71;3449.84;2815.28;2296.59;1872.68;1526.43;1243.24;1011.7;822.333;667.58;541.39;439.075;357.347
3;5798696397326;20;frequency;99999.99999990905;122862.535599424;150952.0265389597;185463.4873444638;227865.1431623047;279960.8926363817;343967.05137965;422606.6409511731;519225.2346839865;637933.2888043621;783781.0140572543;962973.2274171232;1183133.324347452;1453627.601814205;1785963.729760951;2194280.323268956;2695948.443325946;3312310.615921419;4069588.809647371;4999999.999999929
3;5798696397326;20;phasez;-1.52846;-1.52522;-1.52114;-1.51601;-1.50979;-1.5019;-1.49219;-1.48018;-1.46529;-1.44687;-1.42406;-1.39579;-1.36073;-1.31716;-1.26287;-1.19497;-1.10954;-1.00139;-0.863284;-0.685598
