0;9965026725520;20;absz;1.36094e+08;9.92541e+07;7.23237e+07;5.26878e+07;3.83737e+07;2.79276e+07;2.03258e+07;1.47886e+07;1.07567e+07;7.82189e+06;5.68727e+06;4.13435e+06;3.00481e+06;2.18362e+06;1.58657e+06;1.15262e+06;837265;608081;441576;320608
0;9965026725520;20;frequency;9.999999974752427;13.86918846435492;19.23543905490988;26.67799336109056;37.00021196095804;51.31629158938722;71.17153245417285;98.70914048804025;136.9015682683994;189.8713664161278;263.3361782500288;365.2259113806622;506.5387032487934;702.5280792305466;974.3494403835484;1351.343611730726;1874.203936580443;2599.368780806799;3605.113577052066;4999.99999995282
0;9965026725520;20;phasez;-1.50967;-1.51337;-1.51659;-1.51916;-1.52145;-1.52375;-1.52491;-1.52643;-1.52753;-1.52853;-1.52928;-1.52987;-1.53018;-1.53021;-1.52986;-1.52904;-1.52755;-1.52522;-1.52171;-1.51656
1;9965798025241;50;absz;7.35388e+06;6.31572e+06;5.40031e+06;4.61935e+06;3.95581e+06;3.38503e+06;2.8955e+06;2.47765e+06;2.12055e+06;1.81441e+06;1.55202e+06;1.32807e+06;1.13618e+06;972128;831639;711448;608548;520563;445305;380898;325775;278634;238304;203816;174306;149066;127478;109015;93223.9;79719.2;68168;58290.7;49842.5;42618.9;36441.6;31158.3;26639.3;22774.8;19469.3;16642.1;14223.1;12153.7;10382.5;8866.74;7568.83;6457.31;5504.41;4687.17;3985.41;3381.79
1;9965798025241;50;frequency;199.9999999213742;234.625769479635;275.2462588517801;322.8993264769997;378.802514688914;444.3841576318164;521.3198749487447;611.5753842550475;717.456725922716;841.6691823498468;987.3863981368913;1158.33146786315;1358.872060208682;1594.132014446359;1870.122253535556;2193.894364737048;2573.720768452858;3019.306079821149;3542.035062906734;4155.263512473084;4874.659497176026;5718.603679767398;6708.658946337209;7870.121340545211;9232.666380967203;10831.10727442716;12706.28439819177;14906.10877695531;17486.78621595445;20514.25336674129;24065.86241733066;28232.35745111674;33120.19296963342;38854.25382030405;45581.04601983359;53472.44000269313;62730.06193403319;73590.44528463698;86331.07429211862;101277.4737211686;118811.5260634959;139381.228686517;163512.140226203;191820.8086789974;225030.524286467;263989.7996954232;309694.0495706946;363311.0235703185;426210.642505751;499999.9999999716
1;9965798025241;50;phasez;-1.53018;-1.53018;-1.52988;-1.53118;-1.53083;-1.53249;-1.53249;-1.53309;-1.53338;-1.53336;-1.53362;-1.53415;-1.53421;-1.53464;-1.53488;-1.53518;-1.53543;-1.53562;-1.53567;-1.53586;-1.53593;-1.53601;-1.53602;-1.53597;-1.53587;-1.53568;-1.5354;-1.53502;-1.53452;-1.53391;-1.53313;-1.53218;-1.53104;-1.52967;-1.52805;-1.52612;-1.52384;-1.52114;-1.51794;-1.51417;-1.50971;-1.50443;-1.49819;-1.49081;-1.48205;-1.47167;-1.45934;-1.44465;-1.42709;-1.40599
2;9966567480761;50;absz;82137;73539.8;65836.2;58939.9;52765.1;47237.1;42286.7;37861.2;33890.7;30340.6;27159.6;24313.2;21764;19483.2;17441.6;15614;13977.1;12511.6;11199.7;10025;8973.73;8032.25;7189.34;6435.35;5760;5155.34;4613.92;4129.39;3695.45;3307.04;2959.33;2648.02;2369.18;2119.59;1896.05;1695.87;1516.56;1355.98;1212.15;1083.32;967.916;864.525;771.954;689.045;614.912;548.643;489.535;437.008;390.561;349.865
2;9966567480761;50;frequency;20000.00000002444;22385.53853899816;25055.61678390222;28044.17375656954;31389.19662092121;35133.2035329932;39323.78408414649;44014.2042055669;49264.08322518227;55140.1516811012;61717.09952482729;69078.52549602467;77317.99973512921;86540.25314108083;96862.50859274992;108415.9709538568;121347.4948009008;135821.4510731415;152021.8163702936;170154.5114554648;190450.0186878266;213166.3116533389;238592.1342356312;267050.6708003728;298903.6541519141;334555.9634717432;374460.7706856584;419125.3006744233;469117.2785435782;525072.1459047724;587701.13789258;657800.3235824071;736260.7247225839;824079.6413975459;922373.3285811875;1032391.184709951;1155531.632626961;1293359.894754076;1447627.888434013;1620296.494325686;1813560.480908265;2029876.401899315;2271993.821195295;2542990.262224833;2846310.325953354;3185809.474764127;3565803.038745301;3991121.067296888;4467169.723268114;4999999.999999929
2;9966567480761;50;phasez;-1.53758;-1.5374;-1.53727;-1.53674;-1.53649;-1.53595;-1.53546;-1.5348;-1.53396;-1.53319;-1.53238;-1.53103;-1.52979;-1.52835;-1.52665;-1.52476;-1.52267;-1.52026;-1.51753;-1.51448;-1.51111;-1.50726;-1.50294;-1.49811;-1.49267;-1.48657;-1.47972;-1.47203;-1.46342;-1.45375;-1.44289;-1.4307;-1.41702;-1.40166;-1.3844;-1.36503;-1.34324;-1.31873;-1.29113;-1.26004;-1.22497;-1.18535;-1.14056;-1.08978;-1.0321;-0.966503;-0.891658;-0.806097;-0.708091;-0.595646
3;9966887941736;20;absz;16982.5;13875.4;11331.9;9255.31;7560.2;6173.73;5041.96;4116.72;3361.15;2743.72;2238.93;1826.21;1489.08;1213.21;987.592;802.991;652.009;528.838;428.903;349.012
3;9966887941736;20;frequency;99999.99999990905;122862.535599424;150952.0265389597;185463.4873444638;227865.1431623047;279960.8926363817;343967.05137965;422606.6409511731;519225.2346839865;637933.2888043621;783781.0140572543;962973.2274171232;1183133.324347452;1453627.601814205;1785963.729760951;2194280.323268956;2695948.443325946;3312310.615921419;4069588.809647371;4999999.999999929
3;9966887941736;20;phasez;-1.52577;-1.52261;-1.51856;-1.51354;-1.50725;-1.49942;-1.48966;-1.4776;-1.46267;-1.44417;-1.42126;-1.39289;-1.35771;-1.31403;-1.25961;-1.19158;-1.10599;-0.997663;-0.859297;-0.681241
