0;3707413048089;20;absz;1.60752e+08;1.1681e+08;8.48723e+07;6.16143e+07;4.47425e+07;3.24889e+07;2.35698e+07;1.71022e+07;1.2404e+07;8.99677e+06;6.5242e+06;4.73033e+06;3.42916e+06;2.48549e+06;1.80128e+06;1.30522e+06;945624;685008;496166;359346
0;3707413048089;20;frequency;9.999999974752427;13.86918846435492;19.23543905490988;26.67799336109056;37.00021196095804;51.31629158938722;71.17153245417285;98.70914048804025;136.9015682683994;189.8713664161278;263.3361782500288;365.2259113806622;506.5387032487934;702.5280792305466;974.3494403835484;1351.343611730726;1874.203936580443;2599.368780806799;3605.113577052066;4999.99999995282
0;3707413048089;20;phasez;-1.53286;-1.53414;-1.53555;-1.5366;-1.53748;-1.53893;-1.53951;-1.54036;-1.54121;-1.54184;-1.54235;-1.54266;-1.54283;-1.54275;-1.54229;-1.54138;-1.53977;-1.53725;-1.53351;-1.52806
1;3708181296025;50;absz;8.47541e+06;7.24718e+06;6.19185e+06;5.29675e+06;4.52385e+06;3.86446e+06;3.30576e+06;2.82367e+06;2.41273e+06;2.06195e+06;1.76223e+06;1.50577e+06;1.2867e+06;1.09933e+06;939314;802442;685638;585733;500399;427482;365183;311969;266509;227676;194495;166150;141941;121258;103588;88494.6;75599.3;64582;55172;47131.9;40262.5;34394.1;29379;25094.2;21432.6;18303.2;15629;13342.9;11388.3;9716.72;8287;7063.39;6015.71;5117.86;4347.53;3685.69
1;3708181296025;50;frequency;199.9999999213742;234.625769479635;275.2462588517801;322.8993264769997;378.802514688914;444.3841576318164;521.3198749487447;611.5753842550475;717.456725922716;841.6691823498468;987.3863981368913;1158.33146786315;1358.872060208682;1594.132014446359;1870.122253535556;2193.894364737048;2573.720768452858;3019.306079821149;3542.035062906734;4155.263512473084;4874.659497176026;5718.603679767398;6708.658946337209;7870.121340545211;9232.666380967203;10831.10727442716;12706.28439819177;14906.10877695531;17486.78621595445;20514.25336674129;24065.86241733066;28232.35745111674;33120.19296963342;38854.25382030405;45581.04601983359;53472.44000269313;62730.06193403319;73590.44528463698;86331.07429211862;101277.4737211686;118811.5260634959;139381.228686517;163512.140226203;191820.8086789974;225030.524286467;263989.7996954232;309694.0495706946;363311.0235703185;426210.642505751;499999.9999999716
1;3708181296025;50;phasez;-1.54164;-1.54326;-1.54155;-1.54328;-1.54466;-1.54445;-1.54475;-1.54585;-1.54578;-1.54579;-1.54641;-1.54652;-1.54669;-1.54696;-1.54711;-1.54727;-1.54738;-1.54745;-1.54757;-1.54753;-1.54746;-1.54736;-1.54721;-1.54699;-1.5467;-1.54634;-1.54588;-1.54533;-1.54465;-1.54389;-1.54297;-1.5419;-1.54065;-1.53918;-1.53748;-1.5355;-1.53316;-1.53042;-1.5272;-1.52341;-1.51893;-1.51366;-1.50742;-1.50005;-1.49133;-1.48099;-1.46872;-1.45409;-1.4366;-1.41557
2;3708949383685;50;absz;91186.8;81589.3;72991.3;65300.4;58418.4;52273.9;46764.8;41838.4;37434.9;33486.8;29956.7;26797.1;23975.1;21448.7;19187.8;17165.7;15356.6;13737.4;12289.8;10994.2;9834.72;8797.09;7869.55;7038.89;6296.07;5631.4;5036.86;4504.75;4028.84;3602.93;3221.92;2880.95;2575.87;2302.85;2058.58;1840.01;1644.42;1469.37;1312.68;1172.5;1047.01;934.72;834.234;744.36;664.094;592.426;528.57;471.903;421.879;378.126
2;3708949383685;50;frequency;20000.00000002444;22385.53853899816;25055.61678390222;28044.17375656954;31389.19662092121;35133.2035329932;39323.78408414649;44014.2042055669;49264.08322518227;55140.1516811012;61717.09952482729;69078.52549602467;77317.99973512921;86540.25314108083;96862.50859274992;108415.9709538568;121347.4948009008;135821.4510731415;152021.8163702936;170154.5114554648;190450.0186878266;213166.3116533389;238592.1342356312;267050.6708003728;298903.6541519141;334555.9634717432;374460.7706856584;419125.3006744233;469117.2785435782;525072.1459047724;587701.13789258;657800.3235824071;736260.7247225839;824079.6413975459;922373.3285811875;1032391.184709951;1155531.632626961;1293359.894754076;1447627.888434013;1620296.494325686;1813560.480908265;2029876.401899315;2271993.821195295;2542990.262224833;2846310.325953354;3185809.474764127;3565803.038745301;3991121.067296888;4467169.723268114;4999999.999999929
2;3708949383685;50;phasez;-1.54754;-1.54738;-1.54713;-1.54646;-1.54608;-1.5456;-1.54491;-1.54436;-1.54351;-1.54259;-1.54159;-1.54049;-1.53905;-1.5376;-1.53584;-1.53396;-1.53186;-1.52948;-1.52684;-1.52373;-1.52034;-1.51654;-1.51224;-1.50745;-1.50204;-1.49597;-1.48917;-1.48152;-1.47296;-1.46331;-1.45248;-1.44034;-1.4267;-1.41138;-1.39414;-1.37478;-1.353;-1.32849;-1.30091;-1.26981;-1.23473;-1.19512;-1.15033;-1.09958;-1.04193;-0.976408;-0.901668;-0.816263;-0.718496;-0.606382
3;3709266982077;20;absz;18677.5;15242.8;12435.6;10144.3;8276.26;6751.2;5506.28;4490.95;3661.77;2985.43;2433.18;1982.27;1614.31;1313.77;1068.34;867.853;704.24;571.01;463.175;377.218
3;3709266982077;20;frequency;99999.99999990905;122862.535599424;150952.0265389597;185463.4873444638;227865.1431623047;279960.8926363817;343967.05137965;422606.6409511731;519225.2346839865;637933.2888043621;783781.0140572543;962973.2274171232;1183133.324347452;1453627.601814205;1785963.729760951;2194280.323268956;2695948.443325946;3312310.615921419;4069588.809647371;4999999.999999929
3;3709266982077;20;phasez;-1.53489;-1.53182;-1.52782;-1.52283;-1.51652;-1.50874;-1.4991;-1.48711;-1.47227;-1.45382;-1.43098;-1.40264;-1.3675;-1.32382;-1.26941;-1.20139;-1.11585;-1.00765;-0.869558;-0.692066
