0;3216364466749;20;absz;1.6779e+08;1.21785e+08;8.8382e+07;6.41183e+07;4.64913e+07;3.37034e+07;2.44413e+07;1.7721e+07;1.28438e+07;9.30792e+06;6.74367e+06;4.88504e+06;3.53806e+06;2.56211e+06;1.85518e+06;1.34322e+06;972501;704071;509733;369031
0;3216364466749;20;frequency;9.999999974752427;13.86918846435492;19.23543905490988;26.67799336109056;37.00021196095804;51.31629158938722;71.17153245417285;98.70914048804025;136.9015682683994;189.8713664161278;263.3361782500288;365.2259113806622;506.5387032487934;702.5280792305466;974.3494403835484;1351.343611730726;1874.203936580443;2599.368780806799;3605.113577052066;4999.99999995282
0;3216364466749;20;phasez;-1.53869;-1.54011;-1.54069;-1.5417;-1.54249;-1.543;-1.54394;-1.54485;-1.54549;-1.54604;-1.54651;-1.54679;-1.54687;-1.54661;-1.54597;-1.54474;-1.54282;-1.54;-1.53598;-1.53035
1;3217135675097;50;absz;8.74927e+06;7.47701e+06;6.39798e+06;5.47651e+06;4.67081e+06;3.98953e+06;3.40886e+06;2.91094e+06;2.48728e+06;2.12502e+06;1.81495e+06;1.55021e+06;1.32396e+06;1.13087e+06;965996;825040;704711;601884;514079;439101;375039;320327;273615;233695;199603;170484;145613;124371;106225;90725.3;77488.8;66182.4;56525.5;48276.1;41230.2;35210.2;30068.7;25676.3;21923.4;18717.4;15978.3;13637.3;11636.4;9925.59;8462.73;7211.11;6139.83;5221.92;4434.64;3758.52
1;3217135675097;50;frequency;199.9999999213742;234.625769479635;275.2462588517801;322.8993264769997;378.802514688914;444.3841576318164;521.3198749487447;611.5753842550475;717.456725922716;841.6691823498468;987.3863981368913;1158.33146786315;1358.872060208682;1594.132014446359;1870.122253535556;2193.894364737048;2573.720768452858;3019.306079821149;3542.035062906734;4155.263512473084;4874.659497176026;5718.603679767398;6708.658946337209;7870.121340545211;9232.666380967203;10831.10727442716;12706.28439819177;14906.10877695531;17486.78621595445;20514.25336674129;24065.86241733066;28232.35745111674;33120.19296963342;38854.25382030405;45581.04601983359;53472.44000269313;62730.06193403319;73590.44528463698;86331.07429211862;101277.4737211686;118811.5260634959;139381.228686517;163512.140226203;191820.8086789974;225030.524286467;263989.7996954232;309694.0495706946;363311.0235703185;426210.642505751;499999.9999999716
1;3217135675097;50;phasez;-1.5485;-1.54743;-1.54722;-1.54944;-1.54963;-1.5489;-1.54929;-1.54916;-1.5493;-1.54982;-1.54983;-1.54989;-1.55005;-1.55015;-1.55013;-1.55011;-1.55014;-1.55005;-1.54999;-1.54991;-1.54977;-1.54962;-1.54939;-1.54915;-1.54884;-1.54848;-1.54804;-1.54752;-1.54689;-1.54614;-1.54526;-1.54423;-1.54302;-1.54159;-1.53991;-1.53795;-1.53563;-1.53291;-1.5297;-1.52592;-1.52145;-1.51617;-1.50993;-1.50255;-1.4938;-1.48343;-1.4711;-1.45641;-1.43884;-1.41772
2;3217905514608;50;absz;93497.7;83641.9;74812.9;66925.5;59859.3;53548.3;47895.1;42848;38330.7;34278.8;30663.5;27425.1;24528.6;21941.3;19624.6;17553;15698.8;14042.3;12559.9;11233;10046.6;8985.09;8035.51;7186.15;6426.57;5746.89;5139.33;4595.5;4109.15;3674.03;3284.94;2936.77;2625.35;2346.74;2097.5;1874.55;1675.08;1496.62;1336.93;1194.05;1066.22;951.841;849.533;758.02;676.332;603.402;538.442;480.819;429.963;385.507
2;3217905514608;50;frequency;20000.00000002444;22385.53853899816;25055.61678390222;28044.17375656954;31389.19662092121;35133.2035329932;39323.78408414649;44014.2042055669;49264.08322518227;55140.1516811012;61717.09952482729;69078.52549602467;77317.99973512921;86540.25314108083;96862.50859274992;108415.9709538568;121347.4948009008;135821.4510731415;152021.8163702936;170154.5114554648;190450.0186878266;213166.3116533389;238592.1342356312;267050.6708003728;298903.6541519141;334555.9634717432;374460.7706856584;419125.3006744233;469117.2785435782;525072.1459047724;587701.13789258;657800.3235824071;736260.7247225839;824079.6413975459;922373.3285811875;1032391.184709951;1155531.632626961;1293359.894754076;1447627.888434013;1620296.494325686;1813560.480908265;2029876.401899315;2271993.821195295;2542990.262224833;2846310.325953354;3185809.474764127;3565803.038745301;3991121.067296888;4467169.723268114;4999999.999999929
2;3217905514608;50;phasez;-1.5496;-1.5494;-1.54911;-1.54878;-1.54844;-1.54794;-1.54729;-1.54672;-1.54591;-1.54511;-1.54413;-1.54282;-1.54162;-1.54009;-1.53839;-1.53655;-1.53438;-1.53197;-1.52934;-1.52627;-1.52286;-1.519;-1.51472;-1.50987;-1.50443;-1.49834;-1.49147;-1.48377;-1.47514;-1.46542;-1.45453;-1.4423;-1.42856;-1.41312;-1.39578;-1.3763;-1.3544;-1.32976;-1.30203;-1.2708;-1.23558;-1.19582;-1.15089;-1.09997;-1.04217;-0.976507;-0.901616;-0.816077;-0.718149;-0.605907
3;3218222021459;20;absz;19103.4;15582.5;12709;10364.1;8451.83;6891.79;5618.9;4581.18;3734.01;3043.37;2479.62;2019.62;1644.33;1338.01;1087.89;883.75;717.165;581.59;471.924;384.562
3;3218222021459;20;frequency;99999.99999990905;122862.535599424;150952.0265389597;185463.4873444638;227865.1431623047;279960.8926363817;343967.05137965;422606.6409511731;519225.2346839865;637933.2888043621;783781.0140572543;962973.2274171232;1183133.324347452;1453627.601814205;1785963.729760951;2194280.323268956;2695948.443325946;3312310.615921419;4069588.809647371;4999999.999999929
3;3218222021459;20;phasez;-1.5376;-1.5343;-1.53028;-1.52526;-1.51896;-1.51115;-1.50144;-1.48934;-1.47439;-1.4558;-1.43277;-1.40423;-1.36887;-1.32494;-1.27028;-1.20198;-1.11617;-1.00768;-0.86931;-0.691559
