0;4703150591410;20;absz;1.49686e+08;1.08962e+08;7.92358e+07;5.76238e+07;4.1881e+07;3.04473e+07;2.21273e+07;1.60773e+07;1.16802e+07;8.48378e+06;6.16117e+06;4.47421e+06;3.24822e+06;2.35772e+06;1.71103e+06;1.24152e+06;900669;653300;473796;343561
0;4703150591410;20;frequency;9.999999974752427;13.86918846435492;19.23543905490988;26.67799336109056;37.00021196095804;51.31629158938722;71.17153245417285;98.70914048804025;136.9015682683994;189.8713664161278;263.3361782500288;365.2259113806622;506.5387032487934;702.5280792305466;974.3494403835484;1351.343611730726;1874.203936580443;2599.368780806799;3605.113577052066;4999.99999995282
0;4703150591410;20;phasez;-1.52657;-1.52801;-1.52949;-1.53005;-1.53107;-1.53131;-1.53294;-1.53358;-1.53441;-1.53494;-1.53549;-1.53585;-1.53613;-1.53616;-1.53585;-1.53503;-1.53361;-1.53129;-1.52777;-1.5226
1;4703918942546;50;absz;7.99544e+06;6.82759e+06;5.84962e+06;5.00272e+06;4.27867e+06;3.65895e+06;3.1303e+06;2.67871e+06;2.28995e+06;1.95769e+06;1.67446e+06;1.43131e+06;1.22391e+06;1.04641e+06;894629;764728;653788;558950;477796;408431;349129;298421;255070;218004;186327;159254;136107;116323;99413;84960.7;72606.3;62048.4;53026.2;45314.8;38723.6;33090.8;28276.3;24161.2;20644.1;17637.5;15066.6;12868.3;10988.4;9379.91;8003.47;6825.06;5815.3;4949.7;4206.69;3567.93
1;4703918942546;50;frequency;199.9999999213742;234.625769479635;275.2462588517801;322.8993264769997;378.802514688914;444.3841576318164;521.3198749487447;611.5753842550475;717.456725922716;841.6691823498468;987.3863981368913;1158.33146786315;1358.872060208682;1594.132014446359;1870.122253535556;2193.894364737048;2573.720768452858;3019.306079821149;3542.035062906734;4155.263512473084;4874.659497176026;5718.603679767398;6708.658946337209;7870.121340545211;9232.666380967203;10831.10727442716;12706.28439819177;14906.10877695531;17486.78621595445;20514.25336674129;24065.86241733066;28232.35745111674;33120.19296963342;38854.25382030405;45581.04601983359;53472.44000269313;62730.06193403319;73590.44528463698;86331.07429211862;101277.4737211686;118811.5260634959;139381.228686517;163512.140226203;191820.8086789974;225030.524286467;263989.7996954232;309694.0495706946;363311.0235703185;426210.642505751;499999.9999999716
1;4703918942546;50;phasez;-1.53642;-1.53679;-1.5352;-1.53813;-1.53767;-1.53773;-1.53783;-1.53873;-1.53893;-1.53948;-1.53972;-1.54007;-1.54031;-1.54065;-1.54099;-1.54118;-1.54143;-1.54158;-1.54176;-1.54185;-1.54204;-1.54201;-1.54205;-1.54195;-1.54182;-1.54159;-1.54128;-1.54089;-1.54035;-1.53968;-1.53886;-1.53787;-1.53667;-1.53524;-1.53354;-1.53154;-1.52918;-1.5264;-1.52313;-1.51928;-1.51476;-1.50944;-1.50316;-1.49576;-1.48702;-1.47667;-1.46439;-1.44978;-1.43232;-1.41133
2;4704687106810;50;absz;87577.5;78353.1;70128.3;62761.7;56146.3;50243;44964.4;40240.4;36012;32226.8;28834.7;25801.3;23089.4;20662;18490.3;16546.1;14806.4;13250.2;11856.4;10610.2;9494.14;8495.69;7601.91;6802.06;6086.12;5445.45;4872.28;4359.08;3899.72;3488.64;3120.71;2791.32;2496.51;2232.59;1996.38;1784.98;1595.68;1426.19;1274.44;1138.57;1016.96;908.074;810.61;723.371;645.408;575.789;513.734;458.624;409.943;367.332
2;4704687106810;50;frequency;20000.00000002444;22385.53853899816;25055.61678390222;28044.17375656954;31389.19662092121;35133.2035329932;39323.78408414649;44014.2042055669;49264.08322518227;55140.1516811012;61717.09952482729;69078.52549602467;77317.99973512921;86540.25314108083;96862.50859274992;108415.9709538568;121347.4948009008;135821.4510731415;152021.8163702936;170154.5114554648;190450.0186878266;213166.3116533389;238592.1342356312;267050.6708003728;298903.6541519141;334555.9634717432;374460.7706856584;419125.3006744233;469117.2785435782;525072.1459047724;587701.13789258;657800.3235824071;736260.7247225839;824079.6413975459;922373.3285811875;1032391.184709951;1155531.632626961;1293359.894754076;1447627.888434013;1620296.494325686;1813560.480908265;2029876.401899315;2271993.821195295;2542990.262224833;2846310.325953354;3185809.474764127;3565803.038745301;3991121.067296888;4467169.723268114;4999999.999999929
2;4704687106810;50;phasez;-1.54323;-1.54316;-1.5428;-1.54258;-1.54201;-1.54144;-1.54094;-1.5402;-1.53956;-1.53863;-1.53762;-1.5364;-1.53511;-1.53352;-1.53181;-1.52984;-1.52771;-1.52528;-1.52255;-1.5195;-1.51605;-1.51221;-1.50794;-1.5031;-1.49772;-1.49164;-1.48486;-1.47723;-1.46868;-1.45908;-1.4483;-1.4362;-1.4226;-1.40733;-1.39017;-1.37086;-1.34917;-1.32474;-1.29723;-1.26623;-1.23126;-1.19174;-1.14706;-1.0964;-1.03887;-0.973455;-0.898818;-0.813517;-0.715835;-0.603806
3;4705005915498;20;absz;18000.3;14698.9;11999.2;9792.89;7995.16;6525.09;5325.47;4345.84;3545.78;2892.62;2358.82;1922.71;1566.68;1275.61;1037.72;843.287;684.442;555.015;450.154;366.446
3;4705005915498;20;frequency;99999.99999990905;122862.535599424;150952.0265389597;185463.4873444638;227865.1431623047;279960.8926363817;343967.05137965;422606.6409511731;519225.2346839865;637933.2888043621;783781.0140572543;962973.2274171232;1183133.324347452;1453627.601814205;1785963.729760951;2194280.323268956;2695948.443325946;3312310.615921419;4069588.809647371;4999999.999999929
3;4705005915498;20;phasez;-1.53084;-1.52757;-1.52354;-1.5185;-1.51222;-1.50443;-1.49478;-1.48282;-1.46801;-1.44966;-1.42689;-1.39869;-1.36367;-1.32015;-1.26592;-1.19808;-1.11274;-1.00473;-0.866824;-0.689471
