0;2368334615993;20;absz;1.82767e+08;1.32262e+08;9.57311e+07;6.93118e+07;5.01768e+07;3.63264e+07;2.62836e+07;1.90245e+07;1.37699e+07;9.96624e+06;7.21302e+06;5.22024e+06;3.77761e+06;2.73355e+06;1.97789e+06;1.43107e+06;1.03532e+06;748946;541732;391793
0;2368334615993;20;frequency;9.999999974752427;13.86918846435492;19.23543905490988;26.67799336109056;37.00021196095804;51.31629158938722;71.17153245417285;98.70914048804025;136.9015682683994;189.8713664161278;263.3361782500288;365.2259113806622;506.5387032487934;702.5280792305466;974.3494403835484;1351.343611730726;1874.203936580443;2599.368780806799;3605.113577052066;4999.99999995282
0;2368334615993;20;phasez;-1.55062;-1.55159;-1.55121;-1.55177;-1.55211;-1.55155;-1.55203;-1.55209;-1.55208;-1.55204;-1.552;-1.55182;-1.5515;-1.55102;-1.55021;-1.54895;-1.54716;-1.54453;-1.54075;-1.53535
1;2369102887513;50;absz;9.38092e+06;8.01779e+06;6.84555e+06;5.84757e+06;4.99441e+06;4.26229e+06;3.64034e+06;3.10833e+06;2.65322e+06;2.26663e+06;1.93478e+06;1.65195e+06;1.41051e+06;1.20448e+06;1.02824e+06;877916;749597;639972;546366;466417;398189;339934;290175;247708;211451;180495;154069;131509;112251;95813.3;81780;69800.9;59577.1;50850.6;43401.8;37042.6;31614.8;26981.5;23025.7;19648.8;16764.9;14302.4;12198.6;10401.7;8865.86;7552.79;6429.29;5467.29;4642.58;3934.55
1;2369102887513;50;frequency;199.9999999213742;234.625769479635;275.2462588517801;322.8993264769997;378.802514688914;444.3841576318164;521.3198749487447;611.5753842550475;717.456725922716;841.6691823498468;987.3863981368913;1158.33146786315;1358.872060208682;1594.132014446359;1870.122253535556;2193.894364737048;2573.720768452858;3019.306079821149;3542.035062906734;4155.263512473084;4874.659497176026;5718.603679767398;6708.658946337209;7870.121340545211;9232.666380967203;10831.10727442716;12706.28439819177;14906.10877695531;17486.78621595445;20514.25336674129;24065.86241733066;28232.35745111674;33120.19296963342;38854.25382030405;45581.04601983359;53472.44000269313;62730.06193403319;73590.44528463698;86331.07429211862;101277.4737211686;118811.5260634959;139381.228686517;163512.140226203;191820.8086789974;225030.524286467;263989.7996954232;309694.0495706946;363311.0235703185;426210.642505751;499999.9999999716
1;2369102887513;50;phasez;-1.55223;-1.55513;-1.55438;-1.55403;-1.55322;-1.55269;-1.55328;-1.5535;-1.55377;-1.55367;-1.55397;-1.55438;-1.5543;-1.5545;-1.55453;-1.55455;-1.55466;-1.55473;-1.55477;-1.55476;-1.55477;-1.55472;-1.55462;-1.55447;-1.55427;-1.55397;-1.55358;-1.5531;-1.5525;-1.55174;-1.55086;-1.54977;-1.54847;-1.54693;-1.54512;-1.543;-1.5405;-1.53754;-1.53409;-1.53002;-1.52525;-1.51963;-1.51304;-1.50527;-1.49613;-1.48535;-1.4726;-1.45748;-1.43948;-1.41793
2;2369870894836;50;absz;98747.2;88319.7;78953.8;70591.1;63117.8;56430.8;50458.5;45113.8;40336.2;36063.8;32240.7;28826.2;25773.4;23044;20604.8;18423;16471;14727.6;13168.5;11774.5;10528.4;9413.65;8417.33;7526.24;6729.88;6017.5;5380.65;4811.2;4301.74;3846.24;3438.81;3074.52;2748.69;2457.23;2196.53;1963.36;1754.74;1568.12;1401.13;1251.7;1118.03;998.447;891.486;795.827;710.423;634.205;566.34;506.169;453.093;406.755
2;2369870894836;50;frequency;20000.00000002444;22385.53853899816;25055.61678390222;28044.17375656954;31389.19662092121;35133.2035329932;39323.78408414649;44014.2042055669;49264.08322518227;55140.1516811012;61717.09952482729;69078.52549602467;77317.99973512921;86540.25314108083;96862.50859274992;108415.9709538568;121347.4948009008;135821.4510731415;152021.8163702936;170154.5114554648;190450.0186878266;213166.3116533389;238592.1342356312;267050.6708003728;298903.6541519141;334555.9634717432;374460.7706856584;419125.3006744233;469117.2785435782;525072.1459047724;587701.13789258;657800.3235824071;736260.7247225839;824079.6413975459;922373.3285811875;1032391.184709951;1155531.632626961;1293359.894754076;1447627.888434013;1620296.494325686;1813560.480908265;2029876.401899315;2271993.821195295;2542990.262224833;2846310.325953354;3185809.474764127;3565803.038745301;3991121.067296888;4467169.723268114;4999999.999999929
2;2369870894836;50;phasez;-1.5556;-1.55532;-1.55482;-1.55435;-1.55394;-1.55323;-1.55269;-1.55175;-1.5511;-1.55009;-1.549;-1.54756;-1.54605;-1.54449;-1.54263;-1.54051;-1.53816;-1.53547;-1.53258;-1.52928;-1.52563;-1.52145;-1.51689;-1.51179;-1.50603;-1.49963;-1.49249;-1.48449;-1.47554;-1.46555;-1.45435;-1.44182;-1.42779;-1.41207;-1.39445;-1.37468;-1.35249;-1.32758;-1.29958;-1.26807;-1.23259;-1.19256;-1.14735;-1.09621;-1.03811;-0.97217;-0.89702;-0.811218;-0.713044;-0.600564
3;2370190393150;20;absz;20056.3;16351.4;13329;10862.5;8855.11;7218.88;5883.88;4796.53;3909.39;3186.42;2596.52;2115.26;1722.65;1402.38;1140.8;927.341;753.202;611.488;496.927;405.782
3;2370190393150;20;frequency;99999.99999990905;122862.535599424;150952.0265389597;185463.4873444638;227865.1431623047;279960.8926363817;343967.05137965;422606.6409511731;519225.2346839865;637933.2888043621;783781.0140572543;962973.2274171232;1183133.324347452;1453627.601814205;1785963.729760951;2194280.323268956;2695948.443325946;3312310.615921419;4069588.809647371;4999999.999999929
3;2370190393150;20;phasez;-1.54169;-1.53816;-1.53362;-1.52811;-1.52129;-1.51294;-1.50266;-1.49004;-1.4745;-1.45539;-1.43183;-1.40279;-1.3669;-1.32248;-1.2673;-1.19851;-1.11218;-1.00323;-0.864383;-0.686175
