0;7660558554061;20;absz;1.37635e+08;1.00343e+08;7.31198e+07;5.32467e+07;3.87598e+07;2.82018e+07;2.05183e+07;1.49256e+07;1.08542e+07;7.89139e+06;5.73662e+06;4.16961e+06;3.03026e+06;2.2019e+06;1.59975e+06;1.16213e+06;844099;613025;445120;323144
0;7660558554061;20;frequency;9.999999974752427;13.86918846435492;19.23543905490988;26.67799336109056;37.00021196095804;51.31629158938722;71.17153245417285;98.70914048804025;136.9015682683994;189.8713664161278;263.3361782500288;365.2259113806622;506.5387032487934;702.5280792305466;974.3494403835484;1351.343611730726;1874.203936580443;2599.368780806799;3605.113577052066;4999.99999995282
0;7660558554061;20;phasez;-1.51295;-1.51618;-1.51876;-1.52083;-1.5232;-1.52449;-1.52643;-1.52764;-1.52867;-1.52952;-1.53013;-1.53056;-1.53078;-1.53073;-1.53034;-1.52948;-1.52801;-1.52571;-1.52222;-1.51709
1;7661330608229;50;absz;7.44921e+06;6.37367e+06;5.44815e+06;4.65962e+06;3.98657e+06;3.41419e+06;2.92254e+06;2.49935e+06;2.1384e+06;1.82985e+06;1.56534e+06;1.33914e+06;1.14564e+06;980094;838404;717248;613531;524774;448904;383938;328366;280825;240170;205391;175644;150202;128441;109831;93916.1;80305.6;68665.7;58713.3;50202;42925.4;36700.9;31377.1;26825.8;22932.5;19602.8;16754.9;14318.3;12233.9;10450.2;8923.93;7617.25;6498.03;5538.89;4716.15;4009.77;3402.33
1;7661330608229;50;frequency;199.9999999213742;234.625769479635;275.2462588517801;322.8993264769997;378.802514688914;444.3841576318164;521.3198749487447;611.5753842550475;717.456725922716;841.6691823498468;987.3863981368913;1158.33146786315;1358.872060208682;1594.132014446359;1870.122253535556;2193.894364737048;2573.720768452858;3019.306079821149;3542.035062906734;4155.263512473084;4874.659497176026;5718.603679767398;6708.658946337209;7870.121340545211;9232.666380967203;10831.10727442716;12706.28439819177;14906.10877695531;17486.78621595445;20514.25336674129;24065.86241733066;28232.35745111674;33120.19296963342;38854.25382030405;45581.04601983359;53472.44000269313;62730.06193403319;73590.44528463698;86331.07429211862;101277.4737211686;118811.5260634959;139381.228686517;163512.140226203;191820.8086789974;225030.524286467;263989.7996954232;309694.0495706946;363311.0235703185;426210.642505751;499999.9999999716
1;7661330608229;50;phasez;-1.53085;-1.53104;-1.53215;-1.53134;-1.53196;-1.53303;-1.53265;-1.53299;-1.53379;-1.53393;-1.53424;-1.53453;-1.53483;-1.53497;-1.53549;-1.53555;-1.53584;-1.53596;-1.53618;-1.53637;-1.53646;-1.53654;-1.53659;-1.53654;-1.53643;-1.53625;-1.53597;-1.53559;-1.5351;-1.53449;-1.5337;-1.53275;-1.53163;-1.53027;-1.52866;-1.52675;-1.52449;-1.52181;-1.51864;-1.51488;-1.51043;-1.50516;-1.49892;-1.49154;-1.48278;-1.4724;-1.46007;-1.44539;-1.42784;-1.40675
2;7662102622091;50;absz;82743.4;74072;66319.5;59366.5;53145.1;47583.4;42592.9;38126.8;34135.6;30555.3;27348.7;24484.2;21916.7;19618.6;17561.2;15720.5;14071.4;12595.5;11273.4;10091.1;9032;8084.33;7235.84;6476.06;5795.98;5187.52;4642.58;4154.69;3718.11;3327.15;2977.12;2663.75;2383.19;2131.96;1907.05;1705.58;1525.21;1363.61;1218.93;1089.3;973.187;869.205;776.071;692.682;618.131;551.498;492.069;439.267;392.579;351.667
2;7662102622091;50;frequency;20000.00000002444;22385.53853899816;25055.61678390222;28044.17375656954;31389.19662092121;35133.2035329932;39323.78408414649;44014.2042055669;49264.08322518227;55140.1516811012;61717.09952482729;69078.52549602467;77317.99973512921;86540.25314108083;96862.50859274992;108415.9709538568;121347.4948009008;135821.4510731415;152021.8163702936;170154.5114554648;190450.0186878266;213166.3116533389;238592.1342356312;267050.6708003728;298903.6541519141;334555.9634717432;374460.7706856584;419125.3006744233;469117.2785435782;525072.1459047724;587701.13789258;657800.3235824071;736260.7247225839;824079.6413975459;922373.3285811875;1032391.184709951;1155531.632626961;1293359.894754076;1447627.888434013;1620296.494325686;1813560.480908265;2029876.401899315;2271993.821195295;2542990.262224833;2846310.325953354;3185809.474764127;3565803.038745301;3991121.067296888;4467169.723268114;4999999.999999929
2;7662102622091;50;phasez;-1.53805;-1.53792;-1.53768;-1.53729;-1.53717;-1.53655;-1.53599;-1.53547;-1.5347;-1.53392;-1.53289;-1.53172;-1.53054;-1.52899;-1.52738;-1.52547;-1.52332;-1.521;-1.51825;-1.51524;-1.51186;-1.50799;-1.50368;-1.49884;-1.4934;-1.4873;-1.48046;-1.47277;-1.46415;-1.45449;-1.44365;-1.43147;-1.41781;-1.40247;-1.38525;-1.36589;-1.34412;-1.31962;-1.29205;-1.26098;-1.22592;-1.18633;-1.14154;-1.09078;-1.03312;-0.967539;-0.892718;-0.807183;-0.709213;-0.596819
3;7662418980275;20;absz;17095.7;13965.6;11404.9;9314.38;7607.68;6211.66;5072.68;4141.46;3381.14;2759.83;2251.84;1836.62;1497.36;1219.86;992.885;807.219;655.388;531.559;431.098;350.807
3;7662418980275;20;frequency;99999.99999990905;122862.535599424;150952.0265389597;185463.4873444638;227865.1431623047;279960.8926363817;343967.05137965;422606.6409511731;519225.2346839865;637933.2888043621;783781.0140572543;962973.2274171232;1183133.324347452;1453627.601814205;1785963.729760951;2194280.323268956;2695948.443325946;3312310.615921419;4069588.809647371;4999999.999999929
3;7662418980275;20;phasez;-1.52654;-1.52336;-1.5193;-1.51429;-1.50795;-1.50017;-1.49043;-1.47837;-1.46342;-1.44495;-1.42208;-1.39374;-1.35861;-1.31496;-1.26058;-1.19258;-1.10703;-0.99873;-0.860418;-0.682493
