0;5855415840551;20;absz;1.4232e+08;1.03665e+08;7.54342e+07;5.49043e+07;3.99405e+07;2.90536e+07;2.11234e+07;1.53582e+07;1.1162e+07;8.11361e+06;5.89613e+06;4.2842e+06;3.11249e+06;2.26093e+06;1.64211e+06;1.1925e+06;865804;628539;456216;331085
0;5855415840551;20;frequency;9.999999974752427;13.86918846435492;19.23543905490988;26.67799336109056;37.00021196095804;51.31629158938722;71.17153245417285;98.70914048804025;136.9015682683994;189.8713664161278;263.3361782500288;365.2259113806622;506.5387032487934;702.5280792305466;974.3494403835484;1351.343611730726;1874.203936580443;2599.368780806799;3605.113577052066;4999.99999995282
0;5855415840551;20;phasez;-1.51958;-1.52249;-1.52409;-1.52565;-1.5272;-1.52778;-1.52936;-1.53028;-1.531;-1.53157;-1.53209;-1.53241;-1.53255;-1.53248;-1.5321;-1.53125;-1.5298;-1.52749;-1.52399;-1.51888
1;5856187152325;50;absz;7.65528e+06;6.54381e+06;5.59682e+06;4.79259e+06;4.09838e+06;3.50729e+06;3.00153e+06;2.56552e+06;2.19572e+06;1.87843e+06;1.60652e+06;1.37413e+06;1.17561e+06;1.00548e+06;860053;735509;628996;537950;460047;393417;336423;287684;245991;210328;179833;153754;131457;112391;96085.6;82145.6;70225;60033.8;51320.7;43871.5;37502.2;32056.3;27399.8;23418.6;20014;17102.8;14613.1;12483.7;10662;9103.29;7769.11;6626.63;5647.75;4808.3;4087.49;3467.76
1;5856187152325;50;frequency;199.9999999213742;234.625769479635;275.2462588517801;322.8993264769997;378.802514688914;444.3841576318164;521.3198749487447;611.5753842550475;717.456725922716;841.6691823498468;987.3863981368913;1158.33146786315;1358.872060208682;1594.132014446359;1870.122253535556;2193.894364737048;2573.720768452858;3019.306079821149;3542.035062906734;4155.263512473084;4874.659497176026;5718.603679767398;6708.658946337209;7870.121340545211;9232.666380967203;10831.10727442716;12706.28439819177;14906.10877695531;17486.78621595445;20514.25336674129;24065.86241733066;28232.35745111674;33120.19296963342;38854.25382030405;45581.04601983359;53472.44000269313;62730.06193403319;73590.44528463698;86331.07429211862;101277.4737211686;118811.5260634959;139381.228686517;163512.140226203;191820.8086789974;225030.524286467;263989.7996954232;309694.0495706946;363311.0235703185;426210.642505751;499999.9999999716
1;5856187152325;50;phasez;-1.53365;-1.53261;-1.53518;-1.53345;-1.53443;-1.53496;-1.53456;-1.53524;-1.53515;-1.53556;-1.53623;-1.53638;-1.53685;-1.53697;-1.53712;-1.53733;-1.53766;-1.53776;-1.53801;-1.53815;-1.53828;-1.53837;-1.53837;-1.53832;-1.53826;-1.53809;-1.53783;-1.53745;-1.53698;-1.53635;-1.5356;-1.53468;-1.53356;-1.5322;-1.5306;-1.52868;-1.52641;-1.5237;-1.5205;-1.5167;-1.51222;-1.50692;-1.50065;-1.49323;-1.48446;-1.47407;-1.46174;-1.44707;-1.42955;-1.40849
2;5856958223683;50;absz;84631.3;75751.6;67820.9;60695.5;54340.5;48643.1;43536.9;38964.8;34878.5;31214.5;27939.1;25003.3;22379.1;20031.2;17925.9;16044.4;14360.5;12852.3;11503.1;10295.1;9213.83;8246.18;7379.61;6604.29;5910.23;5289.1;4733.09;4235.36;3789.84;3390.96;3033.89;2714.29;2428.1;2171.85;1942.46;1737.11;1553.19;1388.49;1240.98;1108.88;990.589;884.653;789.796;704.876;628.97;561.147;500.665;446.939;399.46;357.867
2;5856958223683;50;frequency;20000.00000002444;22385.53853899816;25055.61678390222;28044.17375656954;31389.19662092121;35133.2035329932;39323.78408414649;44014.2042055669;49264.08322518227;55140.1516811012;61717.09952482729;69078.52549602467;77317.99973512921;86540.25314108083;96862.50859274992;108415.9709538568;121347.4948009008;135821.4510731415;152021.8163702936;170154.5114554648;190450.0186878266;213166.3116533389;238592.1342356312;267050.6708003728;298903.6541519141;334555.9634717432;374460.7706856584;419125.3006744233;469117.2785435782;525072.1459047724;587701.13789258;657800.3235824071;736260.7247225839;824079.6413975459;922373.3285811875;1032391.184709951;1155531.632626961;1293359.894754076;1447627.888434013;1620296.494325686;1813560.480908265;2029876.401899315;2271993.821195295;2542990.262224833;2846310.325953354;3185809.474764127;3565803.038745301;3991121.067296888;4467169.723268114;4999999.999999929
2;5856958223683;50;phasez;-1.54022;-1.53996;-1.53937;-1.53948;-1.53894;-1.53847;-1.53805;-1.53739;-1.53665;-1.53584;-1.53475;-1.53356;-1.53228;-1.53084;-1.52918;-1.52726;-1.52516;-1.52278;-1.52005;-1.51696;-1.51351;-1.50967;-1.50535;-1.50053;-1.49508;-1.48898;-1.48215;-1.47448;-1.46588;-1.45625;-1.44543;-1.43328;-1.41966;-1.40436;-1.38716;-1.36784;-1.34611;-1.32166;-1.29413;-1.2631;-1.22809;-1.18854;-1.14382;-1.09311;-1.03551;-0.970004;-0.895262;-0.809838;-0.711994;-0.599751
3;5857277579188;20;absz;17452.8;14254.4;11637.2;9502.42;7759.63;6334.91;5172.18;4222.04;3446.14;2812.36;2294.22;1870.73;1524.9;1242.01;1010.68;821.521;666.922;540.853;438.641;356.993
3;5857277579188;20;frequency;99999.99999990905;122862.535599424;150952.0265389597;185463.4873444638;227865.1431623047;279960.8926363817;343967.05137965;422606.6409511731;519225.2346839865;637933.2888043621;783781.0140572543;962973.2274171232;1183133.324347452;1453627.601814205;1785963.729760951;2194280.323268956;2695948.443325946;3312310.615921419;4069588.809647371;4999999.999999929
3;5857277579188;20;phasez;-1.52824;-1.52513;-1.52102;-1.51593;-1.50964;-1.50182;-1.49208;-1.48006;-1.4652;-1.44674;-1.42394;-1.39568;-1.36062;-1.31705;-1.26276;-1.19485;-1.10941;-1.00126;-0.863127;-0.685446
