0;10804824756442;20;absz;1.35901e+08;9.90819e+07;7.21998e+07;5.26389e+07;3.83171e+07;2.78829e+07;2.02987e+07;1.47693e+07;1.07421e+07;7.81143e+06;5.67932e+06;4.12852e+06;3.00066e+06;2.1806e+06;1.58441e+06;1.15109e+06;836138;607280;440992;320191
0;10804824756442;20;frequency;9.999999974752427;13.86918846435492;19.23543905490988;26.67799336109056;37.00021196095804;51.31629158938722;71.17153245417285;98.70914048804025;136.9015682683994;189.8713664161278;263.3361782500288;365.2259113806622;506.5387032487934;702.5280792305466;974.3494403835484;1351.343611730726;1874.203936580443;2599.368780806799;3605.113577052066;4999.99999995282
0;10804824756442;20;phasez;-1.51002;-1.51308;-1.51634;-1.5191;-1.52135;-1.52331;-1.52488;-1.52632;-1.52759;-1.52856;-1.52928;-1.52982;-1.53016;-1.53017;-1.52981;-1.52896;-1.52749;-1.52514;-1.5216;-1.51643
1;10805592911416;50;absz;7.36649e+06;6.2876e+06;5.38723e+06;4.61197e+06;3.95415e+06;3.37958e+06;2.89207e+06;2.47492e+06;2.11702e+06;1.8122e+06;1.5504e+06;1.32637e+06;1.13467e+06;970857;830619;710521;607755;519893;444687;380375;325354;278282;238003;203557;174089;148885;127327;108889;93117.9;79630.3;68092.9;58228.2;49790.5;42575.2;36404.5;31127.1;26613.2;22752.2;19450.3;16625.6;14209.3;12142;10372.9;8858.45;7561.89;6451.42;5499.59;4683.09;3981.91;3378.93
1;10805592911416;50;frequency;199.9999999213742;234.625769479635;275.2462588517801;322.8993264769997;378.802514688914;444.3841576318164;521.3198749487447;611.5753842550475;717.456725922716;841.6691823498468;987.3863981368913;1158.33146786315;1358.872060208682;1594.132014446359;1870.122253535556;2193.894364737048;2573.720768452858;3019.306079821149;3542.035062906734;4155.263512473084;4874.659497176026;5718.603679767398;6708.658946337209;7870.121340545211;9232.666380967203;10831.10727442716;12706.28439819177;14906.10877695531;17486.78621595445;20514.25336674129;24065.86241733066;28232.35745111674;33120.19296963342;38854.25382030405;45581.04601983359;53472.44000269313;62730.06193403319;73590.44528463698;86331.07429211862;101277.4737211686;118811.5260634959;139381.228686517;163512.140226203;191820.8086789974;225030.524286467;263989.7996954232;309694.0495706946;363311.0235703185;426210.642505751;499999.9999999716
1;10805592911416;50;phasez;-1.52841;-1.5294;-1.53029;-1.53136;-1.53111;-1.53215;-1.53239;-1.53286;-1.53306;-1.53347;-1.53367;-1.5343;-1.53442;-1.53462;-1.53481;-1.53511;-1.53532;-1.53543;-1.53561;-1.53576;-1.53583;-1.53588;-1.53587;-1.53582;-1.5357;-1.53549;-1.53522;-1.53483;-1.53434;-1.53372;-1.53295;-1.53201;-1.53088;-1.52952;-1.5279;-1.52599;-1.52371;-1.52101;-1.51782;-1.51405;-1.50959;-1.50431;-1.49807;-1.49068;-1.48192;-1.47154;-1.4592;-1.44451;-1.42694;-1.40583
2;10806361210318;50;absz;82049.3;73446.6;65775.8;58884.2;52709.5;47198.7;42256.7;37825.5;33863;30316.3;27136.3;24292.6;21748.1;19466.9;17426.5;15600.5;13965.8;12501.4;11190.1;10017.3;8966.61;8025.96;7183.89;6430.11;5755.32;5151.28;4610.46;4126.16;3692.67;3304.55;2957.14;2646.02;2367.46;2118.05;1894.72;1694.69;1515.55;1355.11;1211.37;1082.63;967.316;864.013;771.492;688.62;614.538;548.315;489.246;436.747;390.324;349.644
2;10806361210318;50;frequency;20000.00000002444;22385.53853899816;25055.61678390222;28044.17375656954;31389.19662092121;35133.2035329932;39323.78408414649;44014.2042055669;49264.08322518227;55140.1516811012;61717.09952482729;69078.52549602467;77317.99973512921;86540.25314108083;96862.50859274992;108415.9709538568;121347.4948009008;135821.4510731415;152021.8163702936;170154.5114554648;190450.0186878266;213166.3116533389;238592.1342356312;267050.6708003728;298903.6541519141;334555.9634717432;374460.7706856584;419125.3006744233;469117.2785435782;525072.1459047724;587701.13789258;657800.3235824071;736260.7247225839;824079.6413975459;922373.3285811875;1032391.184709951;1155531.632626961;1293359.894754076;1447627.888434013;1620296.494325686;1813560.480908265;2029876.401899315;2271993.821195295;2542990.262224833;2846310.325953354;3185809.474764127;3565803.038745301;3991121.067296888;4467169.723268114;4999999.999999929
2;10806361210318;50;phasez;-1.53718;-1.53735;-1.53687;-1.53663;-1.53645;-1.53575;-1.53526;-1.53469;-1.53389;-1.53301;-1.53211;-1.53098;-1.52965;-1.52821;-1.52658;-1.52468;-1.52249;-1.52016;-1.51745;-1.5144;-1.51099;-1.50715;-1.50283;-1.49798;-1.49255;-1.48643;-1.47958;-1.4719;-1.46329;-1.45358;-1.44272;-1.43054;-1.41685;-1.40149;-1.38423;-1.36485;-1.34305;-1.31854;-1.29094;-1.25985;-1.22477;-1.18516;-1.14037;-1.0896;-1.03191;-0.966315;-0.891467;-0.805901;-0.707885;-0.59542
3;10806678722078;20;absz;16969.7;13862.9;11321.8;9247.71;7554;6168.52;5038.04;4113.68;3358.55;2741.65;2237.3;1824.97;1488.11;1212.41;986.977;802.508;651.629;528.536;428.661;348.805
3;10806678722078;20;frequency;99999.99999990905;122862.535599424;150952.0265389597;185463.4873444638;227865.1431623047;279960.8926363817;343967.05137965;422606.6409511731;519225.2346839865;637933.2888043621;783781.0140572543;962973.2274171232;1183133.324347452;1453627.601814205;1785963.729760951;2194280.323268956;2695948.443325946;3312310.615921419;4069588.809647371;4999999.999999929
3;10806678722078;20;phasez;-1.52557;-1.52248;-1.51844;-1.51339;-1.50712;-1.49927;-1.48956;-1.47749;-1.46253;-1.44401;-1.42111;-1.39273;-1.35755;-1.31386;-1.25945;-1.19142;-1.10584;-0.997508;-0.859142;-0.681105
