0;3961228395139;20;absz;1.57512e+08;1.14502e+08;8.3187e+07;6.04387e+07;4.39051e+07;3.18917e+07;2.31459e+07;1.68025e+07;1.21964e+07;8.85026e+06;6.42123e+06;4.65821e+06;3.37853e+06;2.44997e+06;1.77629e+06;1.28765e+06;933257;676311;490048;355030
0;3961228395139;20;frequency;9.999999974752427;13.86918846435492;19.23543905490988;26.67799336109056;37.00021196095804;51.31629158938722;71.17153245417285;98.70914048804025;136.9015682683994;189.8713664161278;263.3361782500288;365.2259113806622;506.5387032487934;702.5280792305466;974.3494403835484;1351.343611730726;1874.203936580443;2599.368780806799;3605.113577052066;4999.99999995282
0;3961228395139;20;phasez;-1.53047;-1.5322;-1.53337;-1.53456;-1.53531;-1.53694;-1.53731;-1.53814;-1.53883;-1.53942;-1.53995;-1.54039;-1.54065;-1.54066;-1.5403;-1.53946;-1.53794;-1.53553;-1.5319;-1.52658
1;3961998414614;50;absz;8.34762e+06;7.12706e+06;6.09823e+06;5.20858e+06;4.45576e+06;3.80931e+06;3.2551e+06;2.78394e+06;2.37982e+06;2.033e+06;1.73798e+06;1.48507e+06;1.26935e+06;1.08476e+06;926833;792103;676910;578381;494216;422287;360788;308269;263377;225026;192254;164251;140330;119891;102429;87509.5;74764.3;63876.2;54573.4;46626;39835.3;34032;29074.1;24836.7;21215.6;18120.9;15475.5;13213.6;11279.6;9625.61;8210.6;6999.29;5961.98;5072.9;4309.96;3654.33
1;3961998414614;50;frequency;199.9999999213742;234.625769479635;275.2462588517801;322.8993264769997;378.802514688914;444.3841576318164;521.3198749487447;611.5753842550475;717.456725922716;841.6691823498468;987.3863981368913;1158.33146786315;1358.872060208682;1594.132014446359;1870.122253535556;2193.894364737048;2573.720768452858;3019.306079821149;3542.035062906734;4155.263512473084;4874.659497176026;5718.603679767398;6708.658946337209;7870.121340545211;9232.666380967203;10831.10727442716;12706.28439819177;14906.10877695531;17486.78621595445;20514.25336674129;24065.86241733066;28232.35745111674;33120.19296963342;38854.25382030405;45581.04601983359;53472.44000269313;62730.06193403319;73590.44528463698;86331.07429211862;101277.4737211686;118811.5260634959;139381.228686517;163512.140226203;191820.8086789974;225030.524286467;263989.7996954232;309694.0495706946;363311.0235703185;426210.642505751;499999.9999999716
1;3961998414614;50;phasez;-1.542;-1.54006;-1.5396;-1.54207;-1.54305;-1.5416;-1.54276;-1.54302;-1.54371;-1.54386;-1.54414;-1.54445;-1.5449;-1.54507;-1.54524;-1.54549;-1.54574;-1.54576;-1.54592;-1.54592;-1.54596;-1.54596;-1.54587;-1.5457;-1.54548;-1.54516;-1.54474;-1.54422;-1.54359;-1.54281;-1.54189;-1.5408;-1.53953;-1.53805;-1.53631;-1.53429;-1.53193;-1.52916;-1.52592;-1.5221;-1.51762;-1.51233;-1.50609;-1.49872;-1.49001;-1.47968;-1.46742;-1.45282;-1.43535;-1.41435
2;3962766540412;50;absz;90174.6;80693.8;72202.7;64595.1;57794.9;51707.9;46259.1;41396.7;37035.6;33137.5;29645.2;26528.2;23730.6;21232.8;18997.5;16997.1;15207;13605.1;12172.2;10890.5;9742.86;8716.32;7797.49;6975.4;6239.95;5581.85;4992.98;4466.06;3994.54;3572.57;3195.06;2857.13;2554.8;2284.26;2042.12;1825.47;1631.51;1457.94;1302.56;1163.51;1039.04;927.653;827.977;738.77;659.126;588.002;524.611;468.353;418.674;375.216
2;3962766540412;50;frequency;20000.00000002444;22385.53853899816;25055.61678390222;28044.17375656954;31389.19662092121;35133.2035329932;39323.78408414649;44014.2042055669;49264.08322518227;55140.1516811012;61717.09952482729;69078.52549602467;77317.99973512921;86540.25314108083;96862.50859274992;108415.9709538568;121347.4948009008;135821.4510731415;152021.8163702936;170154.5114554648;190450.0186878266;213166.3116533389;238592.1342356312;267050.6708003728;298903.6541519141;334555.9634717432;374460.7706856584;419125.3006744233;469117.2785435782;525072.1459047724;587701.13789258;657800.3235824071;736260.7247225839;824079.6413975459;922373.3285811875;1032391.184709951;1155531.632626961;1293359.894754076;1447627.888434013;1620296.494325686;1813560.480908265;2029876.401899315;2271993.821195295;2542990.262224833;2846310.325953354;3185809.474764127;3565803.038745301;3991121.067296888;4467169.723268114;4999999.999999929
2;3962766540412;50;phasez;-1.54647;-1.54619;-1.54582;-1.5454;-1.54488;-1.54447;-1.54397;-1.54298;-1.5422;-1.54142;-1.54036;-1.53909;-1.53783;-1.53629;-1.53467;-1.5327;-1.53055;-1.52809;-1.52544;-1.52243;-1.51904;-1.51522;-1.51092;-1.50614;-1.50073;-1.49468;-1.48789;-1.48028;-1.47171;-1.46211;-1.45131;-1.43919;-1.42557;-1.41028;-1.39308;-1.37376;-1.35202;-1.32756;-1.30001;-1.26896;-1.23394;-1.19438;-1.14964;-1.09893;-1.04135;-0.975881;-0.901198;-0.815854;-0.71813;-0.60607
3;3963085101972;20;absz;18494.9;15095.7;12317.2;10050.1;8200.92;6690.6;5458.19;4452.36;3630.88;2960.86;2413.53;1966.51;1601.74;1303.71;1060.24;861.347;698.976;566.738;459.673;374.309
3;3963085101972;20;frequency;99999.99999990905;122862.535599424;150952.0265389597;185463.4873444638;227865.1431623047;279960.8926363817;343967.05137965;422606.6409511731;519225.2346839865;637933.2888043621;783781.0140572543;962973.2274171232;1183133.324347452;1453627.601814205;1785963.729760951;2194280.323268956;2695948.443325946;3312310.615921419;4069588.809647371;4999999.999999929
3;3963085101972;20;phasez;-1.53384;-1.53046;-1.52646;-1.52143;-1.5152;-1.50745;-1.4978;-1.48585;-1.47103;-1.45266;-1.42985;-1.4016;-1.36653;-1.32293;-1.26861;-1.20068;-1.11523;-1.00714;-0.869151;-0.691731
