0;9136401008306;20;absz;1.3637e+08;9.94835e+07;7.24606e+07;5.27926e+07;3.84406e+07;2.79759e+07;2.03648e+07;1.48157e+07;1.07771e+07;7.83631e+06;5.69736e+06;4.14175e+06;3.0102e+06;2.1875e+06;1.5894e+06;1.15463e+06;838715;609125;442312;321130
0;9136401008306;20;frequency;9.999999974752427;13.86918846435492;19.23543905490988;26.67799336109056;37.00021196095804;51.31629158938722;71.17153245417285;98.70914048804025;136.9015682683994;189.8713664161278;263.3361782500288;365.2259113806622;506.5387032487934;702.5280792305466;974.3494403835484;1351.343611730726;1874.203936580443;2599.368780806799;3605.113577052066;4999.99999995282
0;9136401008306;20;phasez;-1.51129;-1.51424;-1.51694;-1.51961;-1.52182;-1.52413;-1.52519;-1.52656;-1.52764;-1.52867;-1.52938;-1.52995;-1.53028;-1.5303;-1.52996;-1.52912;-1.52768;-1.52535;-1.52185;-1.51671
1;9137173210806;50;absz;7.40034e+06;6.31296e+06;5.41395e+06;4.62619e+06;3.95933e+06;3.39355e+06;2.90215e+06;2.48271e+06;2.12455e+06;1.81738e+06;1.55542e+06;1.33038e+06;1.13812e+06;973737;833128;712636;609605;521453;446036;381506;326302;279083;238695;204139;174580;149299;127673;109182;93363.8;79838.8;68270.7;58377.4;49917.6;42682.1;36494.9;31203.6;26678.1;22807.7;19497;16665.2;14242.7;12170.2;10396.6;8878.65;7578.89;6465.65;5511.54;4693.2;3990.45;3386.05
1;9137173210806;50;frequency;199.9999999213742;234.625769479635;275.2462588517801;322.8993264769997;378.802514688914;444.3841576318164;521.3198749487447;611.5753842550475;717.456725922716;841.6691823498468;987.3863981368913;1158.33146786315;1358.872060208682;1594.132014446359;1870.122253535556;2193.894364737048;2573.720768452858;3019.306079821149;3542.035062906734;4155.263512473084;4874.659497176026;5718.603679767398;6708.658946337209;7870.121340545211;9232.666380967203;10831.10727442716;12706.28439819177;14906.10877695531;17486.78621595445;20514.25336674129;24065.86241733066;28232.35745111674;33120.19296963342;38854.25382030405;45581.04601983359;53472.44000269313;62730.06193403319;73590.44528463698;86331.07429211862;101277.4737211686;118811.5260634959;139381.228686517;163512.140226203;191820.8086789974;225030.524286467;263989.7996954232;309694.0495706946;363311.0235703185;426210.642505751;499999.9999999716
1;9137173210806;50;phasez;-1.53121;-1.52905;-1.53079;-1.53067;-1.53199;-1.53129;-1.53252;-1.53272;-1.5333;-1.53385;-1.53387;-1.53406;-1.53437;-1.53485;-1.53488;-1.53521;-1.53547;-1.53568;-1.53585;-1.53595;-1.53609;-1.53614;-1.53616;-1.53612;-1.536;-1.5358;-1.53553;-1.53515;-1.53464;-1.53402;-1.53324;-1.53229;-1.53115;-1.52978;-1.52816;-1.52624;-1.52397;-1.52127;-1.51808;-1.51431;-1.50985;-1.50458;-1.49834;-1.49095;-1.48219;-1.47181;-1.45947;-1.44478;-1.42722;-1.40612
2;9137942004434;50;absz;82227.7;73623.7;65920.4;59011.5;52828.8;47307.3;42341.6;37912;33938.2;30380.3;27195.2;24343.2;21793.4;19507.8;17463.3;15632.8;13994.7;12527.2;11213.4;10037.6;8984.75;8042.07;7198.34;6442.88;5766.49;5161.28;4619.43;4134.22;3699.86;3310.92;2962.7;2651.02;2371.83;2121.94;1898.13;1697.71;1518.24;1357.44;1213.47;1084.45;968.906;865.405;772.722;689.716;615.52;549.17;490.004;437.436;390.945;350.204
2;9137942004434;50;frequency;20000.00000002444;22385.53853899816;25055.61678390222;28044.17375656954;31389.19662092121;35133.2035329932;39323.78408414649;44014.2042055669;49264.08322518227;55140.1516811012;61717.09952482729;69078.52549602467;77317.99973512921;86540.25314108083;96862.50859274992;108415.9709538568;121347.4948009008;135821.4510731415;152021.8163702936;170154.5114554648;190450.0186878266;213166.3116533389;238592.1342356312;267050.6708003728;298903.6541519141;334555.9634717432;374460.7706856584;419125.3006744233;469117.2785435782;525072.1459047724;587701.13789258;657800.3235824071;736260.7247225839;824079.6413975459;922373.3285811875;1032391.184709951;1155531.632626961;1293359.894754076;1447627.888434013;1620296.494325686;1813560.480908265;2029876.401899315;2271993.821195295;2542990.262224833;2846310.325953354;3185809.474764127;3565803.038745301;3991121.067296888;4467169.723268114;4999999.999999929
2;9137942004434;50;phasez;-1.53786;-1.53743;-1.53724;-1.53694;-1.53651;-1.53609;-1.53564;-1.53495;-1.53426;-1.53339;-1.53233;-1.53122;-1.52992;-1.52848;-1.5268;-1.52487;-1.52279;-1.52039;-1.51769;-1.51468;-1.51121;-1.5074;-1.50309;-1.49826;-1.4928;-1.48669;-1.47986;-1.47216;-1.46355;-1.45387;-1.44302;-1.43084;-1.41716;-1.40182;-1.38456;-1.36518;-1.34341;-1.3189;-1.29131;-1.26022;-1.22515;-1.18555;-1.14075;-1.08998;-1.03228;-0.966695;-0.891847;-0.806283;-0.708281;-0.595832
3;9138257719586;20;absz;16998.3;13888.7;11342.7;9265.05;7567.77;6179.71;5046.89;4120.91;3364.54;2746.43;2241.12;1828.02;1490.5;1214.34;988.485;803.699;652.585;529.311;429.284;349.311
3;9138257719586;20;frequency;99999.99999990905;122862.535599424;150952.0265389597;185463.4873444638;227865.1431623047;279960.8926363817;343967.05137965;422606.6409511731;519225.2346839865;637933.2888043621;783781.0140572543;962973.2274171232;1183133.324347452;1453627.601814205;1785963.729760951;2194280.323268956;2695948.443325946;3312310.615921419;4069588.809647371;4999999.999999929
3;9138257719586;20;phasez;-1.52594;-1.52277;-1.51879;-1.51366;-1.50739;-1.49957;-1.48982;-1.47776;-1.46281;-1.44432;-1.42141;-1.39306;-1.3579;-1.31423;-1.25982;-1.19179;-1.10622;-0.997883;-0.859522;-0.681473
