0;2000110003822;20;absz;1.89765e+08;1.37375e+08;9.93745e+07;7.18803e+07;5.20266e+07;3.76371e+07;2.72301e+07;1.97047e+07;1.42558e+07;1.03143e+07;7.46254e+06;5.39859e+06;3.90473e+06;2.82386e+06;2.04184e+06;1.47621e+06;1.06715e+06;771347;557489;402899
0;2000110003822;20;frequency;9.999999974752427;13.86918846435492;19.23543905490988;26.67799336109056;37.00021196095804;51.31629158938722;71.17153245417285;98.70914048804025;136.9015682683994;189.8713664161278;263.3361782500288;365.2259113806622;506.5387032487934;702.5280792305466;974.3494403835484;1351.343611730726;1874.203936580443;2599.368780806799;3605.113577052066;4999.99999995282
0;2000110003822;20;phasez;-1.55303;-1.55356;-1.55366;-1.55392;-1.55376;-1.5546;-1.55395;-1.55395;-1.55393;-1.55405;-1.55407;-1.55412;-1.55406;-1.55379;-1.55319;-1.55211;-1.55036;-1.54768;-1.54376;-1.53812
1;2000880946123;50;absz;9.72939e+06;8.27842e+06;7.08334e+06;6.04045e+06;5.16552e+06;4.4093e+06;3.7623e+06;3.21089e+06;2.74234e+06;2.3399e+06;1.99751e+06;1.70459e+06;1.45508e+06;1.24198e+06;1.05985e+06;904745;772045;658956;562272;479867;409510;349472;298231;254512;217197;185352;158181;134997;115211;98323.6;83917.7;71621.5;61128.1;52173.7;44531.4;38008.3;32440.6;27688.6;23631.8;20167.8;17210.4;14684.7;12527.1;10683.7;9107.85;7760.61;6607.67;5620.33;4773.68;4046.7
1;2000880946123;50;frequency;199.9999999213742;234.625769479635;275.2462588517801;322.8993264769997;378.802514688914;444.3841576318164;521.3198749487447;611.5753842550475;717.456725922716;841.6691823498468;987.3863981368913;1158.33146786315;1358.872060208682;1594.132014446359;1870.122253535556;2193.894364737048;2573.720768452858;3019.306079821149;3542.035062906734;4155.263512473084;4874.659497176026;5718.603679767398;6708.658946337209;7870.121340545211;9232.666380967203;10831.10727442716;12706.28439819177;14906.10877695531;17486.78621595445;20514.25336674129;24065.86241733066;28232.35745111674;33120.19296963342;38854.25382030405;45581.04601983359;53472.44000269313;62730.06193403319;73590.44528463698;86331.07429211862;101277.4737211686;118811.5260634959;139381.228686517;163512.140226203;191820.8086789974;225030.524286467;263989.7996954232;309694.0495706946;363311.0235703185;426210.642505751;499999.9999999716
1;2000880946123;50;phasez;-1.55698;-1.55369;-1.5547;-1.55606;-1.55537;-1.5555;-1.55643;-1.55621;-1.55668;-1.55679;-1.55703;-1.55749;-1.5574;-1.55752;-1.55761;-1.55781;-1.55782;-1.55777;-1.55788;-1.5577;-1.55753;-1.55739;-1.55714;-1.5568;-1.55639;-1.55589;-1.55529;-1.55459;-1.55376;-1.55279;-1.55166;-1.55033;-1.54881;-1.54706;-1.54504;-1.5427;-1.54;-1.53686;-1.53321;-1.52898;-1.52403;-1.51826;-1.51151;-1.5036;-1.49432;-1.4834;-1.47053;-1.45529;-1.43717;-1.4155
2;2001652150451;50;absz;101347;90596.6;81009.1;72449.3;64764.6;57893.7;51771.7;46286.5;41383.7;36998.5;33082.5;29578.8;26448.6;23649.8;21146.1;18907.9;16908.6;15120.9;13521.9;12092;10813.3;9669.81;8647.78;7733.58;6915.98;6185.11;5531.28;4946.66;4423.77;3956.09;3537.82;3163.62;2828.98;2529.53;2261.7;2022.07;1807.66;1615.79;1444.11;1290.49;1153.04;1030.05;920.007;821.572;733.718;655.32;585.49;523.573;468.988;421.36
2;2001652150451;50;frequency;20000.00000002444;22385.53853899816;25055.61678390222;28044.17375656954;31389.19662092121;35133.2035329932;39323.78408414649;44014.2042055669;49264.08322518227;55140.1516811012;61717.09952482729;69078.52549602467;77317.99973512921;86540.25314108083;96862.50859274992;108415.9709538568;121347.4948009008;135821.4510731415;152021.8163702936;170154.5114554648;190450.0186878266;213166.3116533389;238592.1342356312;267050.6708003728;298903.6541519141;334555.9634717432;374460.7706856584;419125.3006744233;469117.2785435782;525072.1459047724;587701.13789258;657800.3235824071;736260.7247225839;824079.6413975459;922373.3285811875;1032391.184709951;1155531.632626961;1293359.894754076;1447627.888434013;1620296.494325686;1813560.480908265;2029876.401899315;2271993.821195295;2542990.262224833;2846310.325953354;3185809.474764127;3565803.038745301;3991121.067296888;4467169.723268114;4999999.999999929
2;2001652150451;50;phasez;-1.55593;-1.556;-1.55579;-1.55489;-1.55406;-1.55338;-1.55264;-1.55178;-1.55087;-1.54963;-1.54838;-1.54702;-1.54537;-1.54364;-1.54153;-1.53943;-1.53691;-1.53419;-1.53113;-1.52774;-1.52393;-1.51974;-1.51503;-1.50981;-1.50401;-1.49753;-1.49027;-1.48219;-1.47316;-1.46308;-1.45181;-1.43921;-1.42511;-1.40931;-1.39162;-1.37179;-1.34955;-1.32457;-1.29652;-1.26495;-1.22942;-1.18935;-1.14411;-1.0929;-1.03478;-0.968825;-0.893659;-0.807853;-0.709681;-0.597216
3;2001969976511;20;absz;20580.8;16781.3;13684.8;11154.9;9095.45;7416.78;6047.16;4931.08;4020.48;3278.06;2672.28;2177.98;1774.45;1445.24;1176.33;956.811;777.656;631.88;514.019;420.314
3;2001969976511;20;frequency;99999.99999990905;122862.535599424;150952.0265389597;185463.4873444638;227865.1431623047;279960.8926363817;343967.05137965;422606.6409511731;519225.2346839865;637933.2888043621;783781.0140572543;962973.2274171232;1183133.324347452;1453627.601814205;1785963.729760951;2194280.323268956;2695948.443325946;3312310.615921419;4069588.809647371;4999999.999999929
3;2001969976511;20;phasez;-1.5407;-1.53684;-1.53217;-1.52646;-1.51952;-1.51101;-1.50054;-1.48775;-1.47206;-1.4528;-1.42912;-1.39994;-1.36394;-1.31941;-1.26415;-1.19528;-1.10889;-0.99989;-0.861025;-0.682834
