0;1299891308605;20;absz;2.05407e+08;1.48659e+08;1.07326e+08;7.75699e+07;5.60621e+07;4.052e+07;2.9281e+07;2.11635e+07;1.52983e+07;1.10599e+07;7.99581e+06;5.78114e+06;4.18025e+06;3.02262e+06;2.18554e+06;1.5803e+06;1.14266e+06;826230;597460;432058
0;1299891308605;20;frequency;9.999999974752427;13.86918846435492;19.23543905490988;26.67799336109056;37.00021196095804;51.31629158938722;71.17153245417285;98.70914048804025;136.9015682683994;189.8713664161278;263.3361782500288;365.2259113806622;506.5387032487934;702.5280792305466;974.3494403835484;1351.343611730726;1874.203936580443;2599.368780806799;3605.113577052066;4999.99999995282
0;1299891308605;20;phasez;-1.55896;-1.55914;-1.5602;-1.55929;-1.55929;-1.55818;-1.55879;-1.55831;-1.55781;-1.55726;-1.55671;-1.55605;-1.55529;-1.55434;-1.5531;-1.55137;-1.54898;-1.54569;-1.54118;-1.53498
1;1300661209427;50;absz;1.04421e+07;8.87938e+06;7.60017e+06;6.48394e+06;5.53673e+06;4.71793e+06;4.02755e+06;3.43728e+06;2.93403e+06;2.50469e+06;2.13798e+06;1.82522e+06;1.55801e+06;1.3293e+06;1.13495e+06;968792;826964;705882;602582;514390;439117;374851;320024;273213;233263;199156;170044;145192;123975;105866;90403;77202.4;65931.3;56307.3;48091.5;41073.4;35080;29961.5;25589.1;21853.7;18662.1;15934.6;13603.2;11609.7;9904.66;8445.47;7196.14;6125.19;5206.27;4416.5
1;1300661209427;50;frequency;199.9999999213742;234.625769479635;275.2462588517801;322.8993264769997;378.802514688914;444.3841576318164;521.3198749487447;611.5753842550475;717.456725922716;841.6691823498468;987.3863981368913;1158.33146786315;1358.872060208682;1594.132014446359;1870.122253535556;2193.894364737048;2573.720768452858;3019.306079821149;3542.035062906734;4155.263512473084;4874.659497176026;5718.603679767398;6708.658946337209;7870.121340545211;9232.666380967203;10831.10727442716;12706.28439819177;14906.10877695531;17486.78621595445;20514.25336674129;24065.86241733066;28232.35745111674;33120.19296963342;38854.25382030405;45581.04601983359;53472.44000269313;62730.06193403319;73590.44528463698;86331.07429211862;101277.4737211686;118811.5260634959;139381.228686517;163512.140226203;191820.8086789974;225030.524286467;263989.7996954232;309694.0495706946;363311.0235703185;426210.642505751;499999.9999999716
1;1300661209427;50;phasez;-1.55916;-1.55898;-1.55674;-1.5593;-1.55778;-1.5576;-1.55623;-1.55757;-1.55746;-1.55697;-1.55692;-1.55679;-1.55668;-1.55651;-1.55644;-1.55621;-1.55591;-1.55564;-1.55531;-1.55487;-1.55448;-1.55404;-1.55351;-1.55292;-1.55228;-1.55156;-1.55075;-1.54982;-1.54879;-1.54763;-1.54631;-1.54482;-1.54314;-1.54124;-1.53907;-1.53661;-1.53379;-1.53055;-1.52681;-1.52249;-1.51749;-1.51166;-1.50488;-1.49695;-1.48766;-1.47675;-1.4639;-1.44869;-1.43063;-1.40902
2;1301432441330;50;absz;109145;97646.5;87285.3;78086.9;69826.1;62460.9;55865.1;49973.8;44702.9;39981.8;35776.7;31996;28624.2;25608.9;22910;20495.2;18336.1;16404.6;14677.1;13132.7;11749.5;10513.4;9406.49;8416.64;7530.88;6738.15;6028.92;5394.44;4826.79;4318.59;3863.9;3457.06;3092.96;2766.96;2475.21;2214.08;1980.31;1771.11;1583.79;1416.09;1265.98;1131.62;1011.42;903.871;807.849;722.165;645.87;578.262;518.699;466.813
2;1301432441330;50;frequency;20000.00000002444;22385.53853899816;25055.61678390222;28044.17375656954;31389.19662092121;35133.2035329932;39323.78408414649;44014.2042055669;49264.08322518227;55140.1516811012;61717.09952482729;69078.52549602467;77317.99973512921;86540.25314108083;96862.50859274992;108415.9709538568;121347.4948009008;135821.4510731415;152021.8163702936;170154.5114554648;190450.0186878266;213166.3116533389;238592.1342356312;267050.6708003728;298903.6541519141;334555.9634717432;374460.7706856584;419125.3006744233;469117.2785435782;525072.1459047724;587701.13789258;657800.3235824071;736260.7247225839;824079.6413975459;922373.3285811875;1032391.184709951;1155531.632626961;1293359.894754076;1447627.888434013;1620296.494325686;1813560.480908265;2029876.401899315;2271993.821195295;2542990.262224833;2846310.325953354;3185809.474764127;3565803.038745301;3991121.067296888;4467169.723268114;4999999.999999929
2;1301432441330;50;phasez;-1.55114;-1.55082;-1.5502;-1.54936;-1.54868;-1.54795;-1.54685;-1.5459;-1.54476;-1.54367;-1.54224;-1.54062;-1.53904;-1.53721;-1.53518;-1.5328;-1.53035;-1.52764;-1.52452;-1.52109;-1.51729;-1.51308;-1.50837;-1.50318;-1.49738;-1.49091;-1.48372;-1.47566;-1.46667;-1.45666;-1.44544;-1.43289;-1.41886;-1.40315;-1.38553;-1.36579;-1.34365;-1.31878;-1.29082;-1.25939;-1.22397;-1.18402;-1.13892;-1.08786;-1.0299;-0.964128;-0.889156;-0.803584;-0.70568;-0.593542
3;1301748731308;20;absz;22304.2;18203.3;14857.6;12122.7;9893.11;8074.72;6589.66;5378.24;4389.35;3581.79;2922.82;2384.36;1944.37;1585.18;1291.58;1051.76;855.945;696.658;567.897;465.728
3;1301748731308;20;frequency;99999.99999990905;122862.535599424;150952.0265389597;185463.4873444638;227865.1431623047;279960.8926363817;343967.05137965;422606.6409511731;519225.2346839865;637933.2888043621;783781.0140572543;962973.2274171232;1183133.324347452;1453627.601814205;1785963.729760951;2194280.323268956;2695948.443325946;3312310.615921419;4069588.809647371;4999999.999999929
3;1301748731308;20;phasez;-1.53416;-1.53023;-1.52559;-1.51981;-1.51284;-1.5043;-1.49394;-1.48121;-1.46559;-1.44645;-1.42288;-1.39387;-1.35803;-1.31369;-1.25864;-1.19001;-1.1039;-0.995189;-0.856725;-0.679101
