0;7004723683089;20;absz;1.38909e+08;1.01189e+08;7.36749e+07;5.36608e+07;3.90481e+07;2.84214e+07;2.06677e+07;1.50314e+07;1.09282e+07;7.94476e+06;5.77495e+06;4.19711e+06;3.04989e+06;2.21598e+06;1.60987e+06;1.1694e+06;849276;616684;447725;324984
0;7004723683089;20;frequency;9.999999974752427;13.86918846435492;19.23543905490988;26.67799336109056;37.00021196095804;51.31629158938722;71.17153245417285;98.70914048804025;136.9015682683994;189.8713664161278;263.3361782500288;365.2259113806622;506.5387032487934;702.5280792305466;974.3494403835484;1351.343611730726;1874.203936580443;2599.368780806799;3605.113577052066;4999.99999995282
0;7004723683089;20;phasez;-1.51478;-1.51784;-1.5204;-1.52269;-1.52446;-1.52588;-1.5274;-1.52836;-1.52935;-1.53017;-1.53073;-1.53112;-1.53131;-1.53125;-1.53086;-1.53001;-1.52857;-1.52628;-1.5228;-1.51769
1;7005493755599;50;absz;7.49531e+06;6.408e+06;5.48422e+06;4.68909e+06;4.01453e+06;3.43506e+06;2.93926e+06;2.5147e+06;2.15276e+06;1.84123e+06;1.57548e+06;1.34756e+06;1.15287e+06;986117;843587;721517;617204;527909;451516;386144;330235;282412;241508;206523;176599;151010;129127;110413;94407.7;80721.1;69019.8;59011.7;50455;43138.1;36881.1;31530.5;26954.8;23042;19695.4;16833.1;14384.5;12290;10497.9;8964.15;7651.13;6526.9;5563.21;4736.68;4027.04;3416.89
1;7005493755599;50;frequency;199.9999999213742;234.625769479635;275.2462588517801;322.8993264769997;378.802514688914;444.3841576318164;521.3198749487447;611.5753842550475;717.456725922716;841.6691823498468;987.3863981368913;1158.33146786315;1358.872060208682;1594.132014446359;1870.122253535556;2193.894364737048;2573.720768452858;3019.306079821149;3542.035062906734;4155.263512473084;4874.659497176026;5718.603679767398;6708.658946337209;7870.121340545211;9232.666380967203;10831.10727442716;12706.28439819177;14906.10877695531;17486.78621595445;20514.25336674129;24065.86241733066;28232.35745111674;33120.19296963342;38854.25382030405;45581.04601983359;53472.44000269313;62730.06193403319;73590.44528463698;86331.07429211862;101277.4737211686;118811.5260634959;139381.228686517;163512.140226203;191820.8086789974;225030.524286467;263989.7996954232;309694.0495706946;363311.0235703185;426210.642505751;499999.9999999716
1;7005493755599;50;phasez;-1.52999;-1.53118;-1.53256;-1.53239;-1.53324;-1.53375;-1.53369;-1.53387;-1.53421;-1.53454;-1.5346;-1.53499;-1.5353;-1.53554;-1.53578;-1.53612;-1.53642;-1.53661;-1.5368;-1.53698;-1.53709;-1.53713;-1.53718;-1.53713;-1.53701;-1.53681;-1.53652;-1.53613;-1.53564;-1.53501;-1.53422;-1.53327;-1.53213;-1.53077;-1.52914;-1.52723;-1.52497;-1.52228;-1.5191;-1.51534;-1.51088;-1.50561;-1.49936;-1.49197;-1.48321;-1.47282;-1.46049;-1.44581;-1.42827;-1.40718
2;7006264860859;50;absz;83150;74459.3;66659.9;59656.7;53411.2;47814.3;42802.3;38318;34301;30704.2;27480.4;24598.9;22017.6;19709.2;17641.4;15790.7;14133.8;12651.4;11324.6;10136;9071.97;8119.66;7267.16;6504.13;5820.98;5209.65;4662.39;4172.33;3733.7;3341.06;2989.49;2674.77;2393;2140.64;1914.75;1712.46;1531.28;1369.01;1223.7;1093.54;976.956;872.547;779.043;695.317;620.482;553.584;493.922;440.923;394.06;353.005
2;7006264860859;50;frequency;20000.00000002444;22385.53853899816;25055.61678390222;28044.17375656954;31389.19662092121;35133.2035329932;39323.78408414649;44014.2042055669;49264.08322518227;55140.1516811012;61717.09952482729;69078.52549602467;77317.99973512921;86540.25314108083;96862.50859274992;108415.9709538568;121347.4948009008;135821.4510731415;152021.8163702936;170154.5114554648;190450.0186878266;213166.3116533389;238592.1342356312;267050.6708003728;298903.6541519141;334555.9634717432;374460.7706856584;419125.3006744233;469117.2785435782;525072.1459047724;587701.13789258;657800.3235824071;736260.7247225839;824079.6413975459;922373.3285811875;1032391.184709951;1155531.632626961;1293359.894754076;1447627.888434013;1620296.494325686;1813560.480908265;2029876.401899315;2271993.821195295;2542990.262224833;2846310.325953354;3185809.474764127;3565803.038745301;3991121.067296888;4467169.723268114;4999999.999999929
2;7006264860859;50;phasez;-1.53893;-1.53847;-1.53831;-1.53786;-1.5376;-1.5369;-1.53655;-1.53594;-1.53517;-1.53434;-1.53341;-1.53229;-1.53098;-1.52953;-1.52781;-1.52591;-1.52378;-1.52143;-1.51875;-1.51567;-1.51228;-1.50844;-1.50412;-1.49928;-1.49383;-1.48773;-1.48089;-1.47321;-1.46459;-1.45493;-1.44409;-1.43194;-1.41829;-1.40295;-1.38573;-1.36639;-1.34462;-1.32015;-1.29259;-1.26154;-1.2265;-1.18692;-1.14216;-1.09141;-1.03377;-0.968223;-0.89343;-0.807932;-0.710005;-0.597667
3;7006583517938;20;absz;17172.1;14026.8;11454.9;9354.93;7640.13;6238.41;5093.93;4158.7;3395.03;2771.06;2260.86;1843.85;1503.24;1224.55;996.647;810.237;657.824;533.512;432.678;352.109
3;7006583517938;20;frequency;99999.99999990905;122862.535599424;150952.0265389597;185463.4873444638;227865.1431623047;279960.8926363817;343967.05137965;422606.6409511731;519225.2346839865;637933.2888043621;783781.0140572543;962973.2274171232;1183133.324347452;1453627.601814205;1785963.729760951;2194280.323268956;2695948.443325946;3312310.615921419;4069588.809647371;4999999.999999929
3;7006583517938;20;phasez;-1.5269;-1.52371;-1.5197;-1.51471;-1.50837;-1.50058;-1.49086;-1.4788;-1.46387;-1.44541;-1.42256;-1.39424;-1.35913;-1.31551;-1.26117;-1.1932;-1.10769;-0.999455;-0.861212;-0.683386
