0;7278218089956;20;absz;1.38293e+08;1.00759e+08;7.34572e+07;5.34587e+07;3.89139e+07;2.83221e+07;2.05993e+07;1.49809e+07;1.0893e+07;7.91983e+06;5.75687e+06;4.18417e+06;3.04069e+06;2.2094e+06;1.60518e+06;1.16606e+06;846918;615022;446538;324151
0;7278218089956;20;frequency;9.999999974752427;13.86918846435492;19.23543905490988;26.67799336109056;37.00021196095804;51.31629158938722;71.17153245417285;98.70914048804025;136.9015682683994;189.8713664161278;263.3361782500288;365.2259113806622;506.5387032487934;702.5280792305466;974.3494403835484;1351.343611730726;1874.203936580443;2599.368780806799;3605.113577052066;4999.99999995282
0;7278218089956;20;phasez;-1.51379;-1.51696;-1.51985;-1.522;-1.52406;-1.52606;-1.52698;-1.52817;-1.52902;-1.52985;-1.53043;-1.53082;-1.53103;-1.53096;-1.53056;-1.5297;-1.52827;-1.52598;-1.52252;-1.51741
1;7278989326754;50;absz;7.47037e+06;6.39342e+06;5.46319e+06;4.67886e+06;4.00085e+06;3.42679e+06;2.93257e+06;2.50892e+06;2.1458e+06;1.83583e+06;1.57054e+06;1.3439e+06;1.14943e+06;983436;841204;719541;615531;526447;450292;385126;329372;281689;240898;206009;176160;150641;128813;110145;94182.7;80529.3;68856.5;58874.1;50338.2;43039.6;36797.5;31460.1;26894.6;22990.8;19652.1;16796.7;14353.6;12263.9;10475.6;8945.42;7635.31;6513.42;5551.86;4727.14;4019.08;3410.1
1;7278989326754;50;frequency;199.9999999213742;234.625769479635;275.2462588517801;322.8993264769997;378.802514688914;444.3841576318164;521.3198749487447;611.5753842550475;717.456725922716;841.6691823498468;987.3863981368913;1158.33146786315;1358.872060208682;1594.132014446359;1870.122253535556;2193.894364737048;2573.720768452858;3019.306079821149;3542.035062906734;4155.263512473084;4874.659497176026;5718.603679767398;6708.658946337209;7870.121340545211;9232.666380967203;10831.10727442716;12706.28439819177;14906.10877695531;17486.78621595445;20514.25336674129;24065.86241733066;28232.35745111674;33120.19296963342;38854.25382030405;45581.04601983359;53472.44000269313;62730.06193403319;73590.44528463698;86331.07429211862;101277.4737211686;118811.5260634959;139381.228686517;163512.140226203;191820.8086789974;225030.524286467;263989.7996954232;309694.0495706946;363311.0235703185;426210.642505751;499999.9999999716
1;7278989326754;50;phasez;-1.53177;-1.53175;-1.53115;-1.53222;-1.53235;-1.53286;-1.53361;-1.53288;-1.53385;-1.53388;-1.53456;-1.53481;-1.53509;-1.53537;-1.53564;-1.53586;-1.53608;-1.53634;-1.53654;-1.53668;-1.53682;-1.5369;-1.5369;-1.53687;-1.53677;-1.53658;-1.5363;-1.53592;-1.53542;-1.53479;-1.53401;-1.53306;-1.53193;-1.53056;-1.52894;-1.52703;-1.52476;-1.52207;-1.51889;-1.51513;-1.51068;-1.5054;-1.49916;-1.49177;-1.48301;-1.47263;-1.4603;-1.44561;-1.42807;-1.40698
2;7279757462872;50;absz;82958.9;74286.1;66509.1;59522.7;53301.5;47714.2;42706.6;38237.7;34224.3;30631.3;27423.2;24545.8;21973.3;19669;17606;15758.8;14105.6;12625.8;11301.4;10115.6;9054.17;8103.61;7252.96;6491.58;5809.93;5199.64;4653.45;4164.47;3726.66;3334.79;2983.9;2669.77;2388.55;2136.74;1911.26;1709.37;1528.56;1366.62;1221.57;1091.63;975.284;871.042;777.706;694.149;619.435;552.659;493.101;440.192;393.407;352.417
2;7279757462872;50;frequency;20000.00000002444;22385.53853899816;25055.61678390222;28044.17375656954;31389.19662092121;35133.2035329932;39323.78408414649;44014.2042055669;49264.08322518227;55140.1516811012;61717.09952482729;69078.52549602467;77317.99973512921;86540.25314108083;96862.50859274992;108415.9709538568;121347.4948009008;135821.4510731415;152021.8163702936;170154.5114554648;190450.0186878266;213166.3116533389;238592.1342356312;267050.6708003728;298903.6541519141;334555.9634717432;374460.7706856584;419125.3006744233;469117.2785435782;525072.1459047724;587701.13789258;657800.3235824071;736260.7247225839;824079.6413975459;922373.3285811875;1032391.184709951;1155531.632626961;1293359.894754076;1447627.888434013;1620296.494325686;1813560.480908265;2029876.401899315;2271993.821195295;2542990.262224833;2846310.325953354;3185809.474764127;3565803.038745301;3991121.067296888;4467169.723268114;4999999.999999929
2;7279757462872;50;phasez;-1.5383;-1.53815;-1.53798;-1.53769;-1.53727;-1.53677;-1.53628;-1.53563;-1.53502;-1.5341;-1.53315;-1.532;-1.53081;-1.52927;-1.52756;-1.52571;-1.52366;-1.52125;-1.51854;-1.51551;-1.51209;-1.50822;-1.50389;-1.49907;-1.49364;-1.48753;-1.4807;-1.473;-1.46439;-1.45471;-1.44387;-1.43171;-1.41805;-1.40272;-1.38549;-1.36614;-1.34438;-1.3199;-1.29233;-1.26127;-1.22622;-1.18663;-1.14187;-1.09112;-1.03346;-0.967903;-0.893098;-0.807581;-0.709645;-0.597285
3;7280076227923;20;absz;17141.2;14002.7;11434.1;9338.39;7626.89;6227.23;5085.29;4151.69;3389.27;2766.37;2257.22;1840.87;1500.84;1222.63;995.111;809.01;656.837;532.715;432.043;351.579
3;7280076227923;20;frequency;99999.99999990905;122862.535599424;150952.0265389597;185463.4873444638;227865.1431623047;279960.8926363817;343967.05137965;422606.6409511731;519225.2346839865;637933.2888043621;783781.0140572543;962973.2274171232;1183133.324347452;1453627.601814205;1785963.729760951;2194280.323268956;2695948.443325946;3312310.615921419;4069588.809647371;4999999.999999929
3;7280076227923;20;phasez;-1.5267;-1.52351;-1.51952;-1.5145;-1.50819;-1.50037;-1.49065;-1.4786;-1.46366;-1.4452;-1.42233;-1.39399;-1.35887;-1.31524;-1.26087;-1.19289;-1.10736;-0.999089;-0.860818;-0.682947
