0;5319785238155;20;absz;1.45206e+08;1.05708e+08;7.68803e+07;5.59269e+07;4.06773e+07;2.95844e+07;2.14995e+07;1.56285e+07;1.13587e+07;8.25408e+06;5.99733e+06;4.35701e+06;3.16468e+06;2.29828e+06;1.66879e+06;1.21154e+06;879368;638185;463066;335945
0;5319785238155;20;frequency;9.999999974752427;13.86918846435492;19.23543905490988;26.67799336109056;37.00021196095804;51.31629158938722;71.17153245417285;98.70914048804025;136.9015682683994;189.8713664161278;263.3361782500288;365.2259113806622;506.5387032487934;702.5280792305466;974.3494403835484;1351.343611730726;1874.203936580443;2599.368780806799;3605.113577052066;4999.99999995282
0;5319785238155;20;phasez;-1.5226;-1.52497;-1.52669;-1.52787;-1.52911;-1.53042;-1.53081;-1.5315;-1.53215;-1.53269;-1.53321;-1.53353;-1.53375;-1.53372;-1.53339;-1.53258;-1.53117;-1.52889;-1.5254;-1.52025
1;5320553364758;50;absz;7.78121e+06;6.66972e+06;5.70233e+06;4.87048e+06;4.16777e+06;3.56571e+06;3.05066e+06;2.60961e+06;2.2319e+06;1.90815e+06;1.63264e+06;1.39646e+06;1.19425e+06;1.02144e+06;873474;746929;638681;546132;466978;399295;341367;291876;249533;213333;182379;155912;133283;113936;97395.6;83252.3;71164.1;60829.4;51995.1;44441.9;37985.2;32465.4;27746.1;23712;20263.3;17313.5;14791.8;12635.4;10790.7;9212.54;7861.72;6705.09;5714.1;4864.24;4134.73;3507.53
1;5320553364758;50;frequency;199.9999999213742;234.625769479635;275.2462588517801;322.8993264769997;378.802514688914;444.3841576318164;521.3198749487447;611.5753842550475;717.456725922716;841.6691823498468;987.3863981368913;1158.33146786315;1358.872060208682;1594.132014446359;1870.122253535556;2193.894364737048;2573.720768452858;3019.306079821149;3542.035062906734;4155.263512473084;4874.659497176026;5718.603679767398;6708.658946337209;7870.121340545211;9232.666380967203;10831.10727442716;12706.28439819177;14906.10877695531;17486.78621595445;20514.25336674129;24065.86241733066;28232.35745111674;33120.19296963342;38854.25382030405;45581.04601983359;53472.44000269313;62730.06193403319;73590.44528463698;86331.07429211862;101277.4737211686;118811.5260634959;139381.228686517;163512.140226203;191820.8086789974;225030.524286467;263989.7996954232;309694.0495706946;363311.0235703185;426210.642505751;499999.9999999716
1;5320553364758;50;phasez;-1.53176;-1.5328;-1.53465;-1.53503;-1.53498;-1.53473;-1.53557;-1.53618;-1.53631;-1.53687;-1.5373;-1.53743;-1.53803;-1.53814;-1.53853;-1.53874;-1.539;-1.53925;-1.53941;-1.53954;-1.53965;-1.5397;-1.53975;-1.53966;-1.53957;-1.53936;-1.53908;-1.53871;-1.53822;-1.5376;-1.53682;-1.53588;-1.53474;-1.53337;-1.53173;-1.5298;-1.5275;-1.52477;-1.52154;-1.51773;-1.51323;-1.50791;-1.50163;-1.49421;-1.48545;-1.47507;-1.46276;-1.44812;-1.43063;-1.40961
2;5321321887019;50;absz;85781.4;76774.6;68713.4;61508.9;55054.4;49270.3;44100.7;39465.7;35322;31611;28291.5;25316.8;22656.9;20277.6;18147.8;16241.4;14535.9;13008.2;11641.4;10418.9;9323.7;8343.57;7466.93;6681.91;5979.27;5350.67;4787.82;4284.12;3833.1;3429.46;3068.16;2744.66;2455.07;2195.83;1963.81;1756.05;1569.99;1403.42;1254.26;1120.66;1001.03;893.949;798.052;712.196;635.505;566.958;505.857;451.581;403.61;361.604
2;5321321887019;50;frequency;20000.00000002444;22385.53853899816;25055.61678390222;28044.17375656954;31389.19662092121;35133.2035329932;39323.78408414649;44014.2042055669;49264.08322518227;55140.1516811012;61717.09952482729;69078.52549602467;77317.99973512921;86540.25314108083;96862.50859274992;108415.9709538568;121347.4948009008;135821.4510731415;152021.8163702936;170154.5114554648;190450.0186878266;213166.3116533389;238592.1342356312;267050.6708003728;298903.6541519141;334555.9634717432;374460.7706856584;419125.3006744233;469117.2785435782;525072.1459047724;587701.13789258;657800.3235824071;736260.7247225839;824079.6413975459;922373.3285811875;1032391.184709951;1155531.632626961;1293359.894754076;1447627.888434013;1620296.494325686;1813560.480908265;2029876.401899315;2271993.821195295;2542990.262224833;2846310.325953354;3185809.474764127;3565803.038745301;3991121.067296888;4467169.723268114;4999999.999999929
2;5321321887019;50;phasez;-1.5411;-1.54106;-1.54082;-1.54037;-1.54022;-1.5396;-1.53908;-1.53847;-1.53778;-1.53695;-1.53594;-1.53478;-1.53338;-1.53189;-1.53022;-1.52826;-1.52612;-1.52373;-1.52101;-1.51795;-1.51451;-1.51068;-1.50637;-1.50154;-1.49609;-1.49002;-1.4832;-1.47556;-1.46699;-1.45736;-1.44657;-1.43446;-1.42086;-1.40557;-1.3884;-1.3691;-1.3474;-1.32298;-1.29548;-1.26448;-1.22951;-1.19001;-1.14534;-1.09469;-1.03715;-0.971719;-0.897067;-0.811747;-0.714028;-0.601946
3;5321642314541;20;absz;17668.1;14428.6;11779.1;9616.57;7851.57;6409.82;5232.58;4270.84;3485.37;2844.07;2319.78;1891.33;1541.48;1255.3;1021.41;830.168;673.875;546.465;443.202;360.741
3;5321642314541;20;frequency;99999.99999990905;122862.535599424;150952.0265389597;185463.4873444638;227865.1431623047;279960.8926363817;343967.05137965;422606.6409511731;519225.2346839865;637933.2888043621;783781.0140572543;962973.2274171232;1183133.324347452;1453627.601814205;1785963.729760951;2194280.323268956;2695948.443325946;3312310.615921419;4069588.809647371;4999999.999999929
3;5321642314541;20;phasez;-1.52941;-1.52604;-1.52201;-1.51693;-1.5106;-1.50281;-1.49313;-1.48117;-1.46629;-1.44792;-1.42514;-1.39693;-1.36193;-1.31841;-1.26417;-1.19635;-1.11101;-1.00298;-0.865047;-0.687609
