0;7161008041903;20;absz;1.3852e+08;1.00988e+08;7.35244e+07;5.35374e+07;3.89738e+07;2.83556e+07;2.06255e+07;1.50016e+07;1.0908e+07;7.92981e+06;5.76455e+06;4.18951e+06;3.04442e+06;2.21202e+06;1.60705e+06;1.16732e+06;847801;615633;446970;324445
0;7161008041903;20;frequency;9.999999974752427;13.86918846435492;19.23543905490988;26.67799336109056;37.00021196095804;51.31629158938722;71.17153245417285;98.70914048804025;136.9015682683994;189.8713664161278;263.3361782500288;365.2259113806622;506.5387032487934;702.5280792305466;974.3494403835484;1351.343611730726;1874.203936580443;2599.368780806799;3605.113577052066;4999.99999995282
0;7161008041903;20;phasez;-1.51402;-1.51714;-1.51986;-1.52197;-1.52423;-1.52541;-1.52696;-1.52816;-1.52923;-1.52998;-1.53056;-1.53097;-1.53119;-1.53113;-1.53073;-1.52992;-1.52844;-1.52615;-1.52267;-1.51754
1;7161776966309;50;absz;7.46923e+06;6.39757e+06;5.46535e+06;4.68533e+06;4.00746e+06;3.42805e+06;2.93322e+06;2.51139e+06;2.1478e+06;1.83841e+06;1.57281e+06;1.3452e+06;1.15074e+06;984263;842044;720319;616135;526989;450735;385489;329684;281958;241115;206195;176324;150777;128926;110242;94263.9;80599.8;68915.7;58925.1;50381.6;43076.7;36829.6;31487.3;26918.7;23011.9;19669.8;16811.7;14366.6;12275;10485.3;8953.52;7642.19;6519.19;5556.82;4731.43;4022.63;3413.1
1;7161776966309;50;frequency;199.9999999213742;234.625769479635;275.2462588517801;322.8993264769997;378.802514688914;444.3841576318164;521.3198749487447;611.5753842550475;717.456725922716;841.6691823498468;987.3863981368913;1158.33146786315;1358.872060208682;1594.132014446359;1870.122253535556;2193.894364737048;2573.720768452858;3019.306079821149;3542.035062906734;4155.263512473084;4874.659497176026;5718.603679767398;6708.658946337209;7870.121340545211;9232.666380967203;10831.10727442716;12706.28439819177;14906.10877695531;17486.78621595445;20514.25336674129;24065.86241733066;28232.35745111674;33120.19296963342;38854.25382030405;45581.04601983359;53472.44000269313;62730.06193403319;73590.44528463698;86331.07429211862;101277.4737211686;118811.5260634959;139381.228686517;163512.140226203;191820.8086789974;225030.524286467;263989.7996954232;309694.0495706946;363311.0235703185;426210.642505751;499999.9999999716
1;7161776966309;50;phasez;-1.53195;-1.53062;-1.53157;-1.53229;-1.53179;-1.53301;-1.53378;-1.53377;-1.53392;-1.53448;-1.53457;-1.53499;-1.53524;-1.53556;-1.53578;-1.53603;-1.53628;-1.53647;-1.53669;-1.53686;-1.53691;-1.537;-1.53701;-1.53694;-1.53684;-1.53665;-1.53636;-1.53597;-1.53547;-1.53483;-1.53403;-1.53308;-1.53193;-1.53056;-1.52894;-1.52703;-1.52476;-1.52207;-1.51889;-1.51514;-1.51069;-1.50542;-1.49918;-1.4918;-1.48305;-1.47266;-1.46034;-1.44566;-1.42812;-1.40704
2;7162546474900;50;absz;83010.3;74334.5;66538.7;59572.7;53345.8;47737.3;42741.9;38267.6;34248;30661.6;27444;24567.5;21989.3;19682.1;17618.9;15771.9;14117.4;12636.2;11310.4;10123.6;9061.18;8110.08;7258.83;6496.5;5814.46;5203.72;4657.15;4167.74;3729.63;3337.41;2986.31;2671.91;2390.47;2138.41;1912.76;1710.71;1529.75;1367.66;1222.49;1092.46;976.001;871.717;778.299;694.669;619.891;553.066;493.47;440.517;393.696;352.671
2;7162546474900;50;frequency;20000.00000002444;22385.53853899816;25055.61678390222;28044.17375656954;31389.19662092121;35133.2035329932;39323.78408414649;44014.2042055669;49264.08322518227;55140.1516811012;61717.09952482729;69078.52549602467;77317.99973512921;86540.25314108083;96862.50859274992;108415.9709538568;121347.4948009008;135821.4510731415;152021.8163702936;170154.5114554648;190450.0186878266;213166.3116533389;238592.1342356312;267050.6708003728;298903.6541519141;334555.9634717432;374460.7706856584;419125.3006744233;469117.2785435782;525072.1459047724;587701.13789258;657800.3235824071;736260.7247225839;824079.6413975459;922373.3285811875;1032391.184709951;1155531.632626961;1293359.894754076;1447627.888434013;1620296.494325686;1813560.480908265;2029876.401899315;2271993.821195295;2542990.262224833;2846310.325953354;3185809.474764127;3565803.038745301;3991121.067296888;4467169.723268114;4999999.999999929
2;7162546474900;50;phasez;-1.53843;-1.53841;-1.53804;-1.53769;-1.53745;-1.53688;-1.53642;-1.5357;-1.53494;-1.53403;-1.53324;-1.53198;-1.53079;-1.52929;-1.52762;-1.52575;-1.52362;-1.52124;-1.51854;-1.51554;-1.51209;-1.50825;-1.50394;-1.49912;-1.49366;-1.48755;-1.48071;-1.47305;-1.46443;-1.45479;-1.44394;-1.43178;-1.41813;-1.40281;-1.38558;-1.36623;-1.34448;-1.32;-1.29244;-1.26138;-1.22634;-1.18676;-1.142;-1.09125;-1.03362;-0.968064;-0.893269;-0.807774;-0.709843;-0.5975
3;7162864378927;20;absz;17154.3;14013.5;11442.8;9345.76;7632.98;6232.48;5089.26;4154.96;3391.99;2768.55;2258.9;1842.31;1501.97;1223.55;995.886;809.616;657.333;533.115;432.365;351.835
3;7162864378927;20;frequency;99999.99999990905;122862.535599424;150952.0265389597;185463.4873444638;227865.1431623047;279960.8926363817;343967.05137965;422606.6409511731;519225.2346839865;637933.2888043621;783781.0140572543;962973.2274171232;1183133.324347452;1453627.601814205;1785963.729760951;2194280.323268956;2695948.443325946;3312310.615921419;4069588.809647371;4999999.999999929
3;7162864378927;20;phasez;-1.52668;-1.52358;-1.51954;-1.5145;-1.50821;-1.50043;-1.49068;-1.47864;-1.46371;-1.44524;-1.42238;-1.39407;-1.35895;-1.31534;-1.26099;-1.19302;-1.10751;-0.999258;-0.861004;-0.683163
