0;5208198613488;20;absz;1.45963e+08;1.0619e+08;7.72791e+07;5.61986e+07;4.08736e+07;2.97009e+07;2.15993e+07;1.57009e+07;1.14097e+07;8.29047e+06;6.02347e+06;4.37568e+06;3.17805e+06;2.30793e+06;1.67563e+06;1.21636e+06;882764;640564;464739;337126
0;5208198613488;20;frequency;9.999999974752427;13.86918846435492;19.23543905490988;26.67799336109056;37.00021196095804;51.31629158938722;71.17153245417285;98.70914048804025;136.9015682683994;189.8713664161278;263.3361782500288;365.2259113806622;506.5387032487934;702.5280792305466;974.3494403835484;1351.343611730726;1874.203936580443;2599.368780806799;3605.113577052066;4999.99999995282
0;5208198613488;20;phasez;-1.52447;-1.52543;-1.52724;-1.52795;-1.52941;-1.53058;-1.53113;-1.53176;-1.5325;-1.53303;-1.53349;-1.53385;-1.53409;-1.53412;-1.53382;-1.53306;-1.53168;-1.52938;-1.52585;-1.52067
1;5208970432723;50;absz;7.80513e+06;6.68444e+06;5.72024e+06;4.89234e+06;4.18189e+06;3.58151e+06;3.06104e+06;2.62036e+06;2.24108e+06;1.91628e+06;1.63952e+06;1.40193e+06;1.19909e+06;1.02529e+06;876866;749749;641067;548123;468644;400701;342577;292886;250390;214056;182992;156431;133720;114308;97709.6;83519.1;71389.1;61019.2;52154.7;44577.7;38099.9;32562.8;27828.6;23781.5;20321.7;17364.1;14834.9;12671.7;10821.7;9238.74;7883.84;6723.94;5730.13;4877.91;4146.23;3517.18
1;5208970432723;50;frequency;199.9999999213742;234.625769479635;275.2462588517801;322.8993264769997;378.802514688914;444.3841576318164;521.3198749487447;611.5753842550475;717.456725922716;841.6691823498468;987.3863981368913;1158.33146786315;1358.872060208682;1594.132014446359;1870.122253535556;2193.894364737048;2573.720768452858;3019.306079821149;3542.035062906734;4155.263512473084;4874.659497176026;5718.603679767398;6708.658946337209;7870.121340545211;9232.666380967203;10831.10727442716;12706.28439819177;14906.10877695531;17486.78621595445;20514.25336674129;24065.86241733066;28232.35745111674;33120.19296963342;38854.25382030405;45581.04601983359;53472.44000269313;62730.06193403319;73590.44528463698;86331.07429211862;101277.4737211686;118811.5260634959;139381.228686517;163512.140226203;191820.8086789974;225030.524286467;263989.7996954232;309694.0495706946;363311.0235703185;426210.642505751;499999.9999999716
1;5208970432723;50;phasez;-1.53263;-1.53505;-1.53475;-1.53534;-1.5353;-1.53645;-1.53702;-1.53664;-1.53654;-1.53729;-1.53785;-1.53836;-1.53858;-1.53877;-1.53906;-1.53925;-1.5395;-1.53975;-1.53984;-1.53997;-1.54008;-1.54013;-1.54011;-1.54005;-1.53994;-1.53972;-1.53944;-1.53905;-1.53855;-1.53793;-1.53715;-1.53619;-1.53504;-1.53366;-1.53202;-1.53007;-1.52776;-1.52501;-1.52177;-1.51795;-1.51344;-1.50811;-1.50183;-1.49442;-1.48566;-1.47529;-1.463;-1.44836;-1.43089;-1.40988
2;5209739894257;50;absz;86029.5;77019.9;68924.1;61687.7;55222.4;49415.8;44227;39583;35422.9;31704.2;28373.6;25389.6;22722;20335;18199.4;16288.6;14576.3;13045.1;11674.3;10447.7;9349.91;8367.18;7487.25;6700.34;5995.82;5365.31;4800.89;4295.73;3843.43;3438.68;3076.29;2751.89;2461.49;2201.54;1968.84;1760.52;1573.93;1406.91;1257.34;1123.41;1003.47;896.098;799.952;713.921;637.01;568.304;507.056;452.65;404.571;362.482
2;5209739894257;50;frequency;20000.00000002444;22385.53853899816;25055.61678390222;28044.17375656954;31389.19662092121;35133.2035329932;39323.78408414649;44014.2042055669;49264.08322518227;55140.1516811012;61717.09952482729;69078.52549602467;77317.99973512921;86540.25314108083;96862.50859274992;108415.9709538568;121347.4948009008;135821.4510731415;152021.8163702936;170154.5114554648;190450.0186878266;213166.3116533389;238592.1342356312;267050.6708003728;298903.6541519141;334555.9634717432;374460.7706856584;419125.3006744233;469117.2785435782;525072.1459047724;587701.13789258;657800.3235824071;736260.7247225839;824079.6413975459;922373.3285811875;1032391.184709951;1155531.632626961;1293359.894754076;1447627.888434013;1620296.494325686;1813560.480908265;2029876.401899315;2271993.821195295;2542990.262224833;2846310.325953354;3185809.474764127;3565803.038745301;3991121.067296888;4467169.723268114;4999999.999999929
2;5209739894257;50;phasez;-1.54164;-1.54101;-1.54111;-1.54088;-1.54057;-1.53994;-1.53952;-1.53875;-1.53812;-1.53718;-1.53622;-1.53497;-1.53366;-1.53211;-1.53047;-1.52851;-1.52643;-1.52391;-1.52124;-1.51814;-1.51475;-1.51087;-1.50656;-1.50173;-1.49633;-1.49027;-1.48344;-1.47581;-1.46724;-1.45765;-1.44685;-1.43474;-1.42114;-1.40588;-1.38871;-1.36941;-1.34772;-1.3233;-1.2958;-1.2648;-1.22983;-1.19034;-1.14566;-1.09502;-1.03749;-0.972069;-0.897427;-0.812128;-0.714415;-0.602344
3;5210055959071;20;absz;17718.6;14469.1;11811.5;9643.61;7874.16;6427.55;5246.97;4282.49;3494.75;2851.65;2325.77;1896.17;1545.33;1258.44;1023.93;832.178;675.492;547.787;444.271;361.606
3;5210055959071;20;frequency;99999.99999990905;122862.535599424;150952.0265389597;185463.4873444638;227865.1431623047;279960.8926363817;343967.05137965;422606.6409511731;519225.2346839865;637933.2888043621;783781.0140572543;962973.2274171232;1183133.324347452;1453627.601814205;1785963.729760951;2194280.323268956;2695948.443325946;3312310.615921419;4069588.809647371;4999999.999999929
3;5210055959071;20;phasez;-1.52952;-1.52635;-1.52228;-1.51716;-1.51086;-1.50308;-1.49338;-1.48142;-1.46655;-1.44822;-1.42545;-1.39724;-1.36224;-1.31872;-1.2645;-1.19668;-1.11135;-1.00334;-0.865429;-0.688046
