0;7945109026912;20;absz;1.3726e+08;1.00099e+08;7.29365e+07;5.31337e+07;3.86829e+07;2.81636e+07;2.04782e+07;1.48954e+07;1.08323e+07;7.87603e+06;5.72573e+06;4.16167e+06;3.02451e+06;2.19777e+06;1.59684e+06;1.16007e+06;842615;611939;444338;322579
0;7945109026912;20;frequency;9.999999974752427;13.86918846435492;19.23543905490988;26.67799336109056;37.00021196095804;51.31629158938722;71.17153245417285;98.70914048804025;136.9015682683994;189.8713664161278;263.3361782500288;365.2259113806622;506.5387032487934;702.5280792305466;974.3494403835484;1351.343611730726;1874.203936580443;2599.368780806799;3605.113577052066;4999.99999995282
0;7945109026912;20;phasez;-1.51233;-1.51559;-1.51805;-1.52032;-1.52272;-1.52469;-1.52603;-1.52739;-1.52846;-1.5293;-1.52996;-1.53041;-1.53065;-1.53061;-1.53021;-1.52936;-1.5279;-1.5256;-1.52212;-1.517
1;7945877454386;50;absz;7.41716e+06;6.3482e+06;5.42643e+06;4.65597e+06;3.9825e+06;3.40763e+06;2.91796e+06;2.49386e+06;2.13481e+06;1.82654e+06;1.56211e+06;1.33688e+06;1.14355e+06;978274;836907;715952;612410;523837;448066;383236;327781;280342;239760;205041;175347;149949;128227;109648;93760.4;80175.7;68554.7;58618.8;50122.3;42855.5;36642.6;31328.3;26784;22896.7;19572.5;16729.4;14297.2;12215.9;10435.1;8911.02;7606.22;6488.69;5531.03;4709.54;4004.16;3397.59
1;7945877454386;50;frequency;199.9999999213742;234.625769479635;275.2462588517801;322.8993264769997;378.802514688914;444.3841576318164;521.3198749487447;611.5753842550475;717.456725922716;841.6691823498468;987.3863981368913;1158.33146786315;1358.872060208682;1594.132014446359;1870.122253535556;2193.894364737048;2573.720768452858;3019.306079821149;3542.035062906734;4155.263512473084;4874.659497176026;5718.603679767398;6708.658946337209;7870.121340545211;9232.666380967203;10831.10727442716;12706.28439819177;14906.10877695531;17486.78621595445;20514.25336674129;24065.86241733066;28232.35745111674;33120.19296963342;38854.25382030405;45581.04601983359;53472.44000269313;62730.06193403319;73590.44528463698;86331.07429211862;101277.4737211686;118811.5260634959;139381.228686517;163512.140226203;191820.8086789974;225030.524286467;263989.7996954232;309694.0495706946;363311.0235703185;426210.642505751;499999.9999999716
1;7945877454386;50;phasez;-1.53227;-1.5312;-1.53083;-1.53135;-1.53164;-1.53298;-1.53313;-1.53352;-1.53371;-1.53369;-1.53411;-1.53437;-1.53463;-1.53502;-1.5351;-1.53552;-1.53567;-1.53591;-1.53613;-1.53624;-1.53636;-1.53646;-1.53647;-1.53643;-1.53633;-1.53613;-1.53587;-1.53549;-1.53499;-1.53438;-1.53359;-1.53266;-1.53152;-1.53015;-1.52853;-1.52662;-1.52435;-1.52167;-1.51849;-1.51473;-1.51028;-1.50501;-1.49878;-1.49139;-1.48264;-1.47226;-1.45993;-1.44524;-1.42769;-1.4066
2;7946648540466;50;absz;82570.3;73935.6;66197.6;59268.4;53049.5;47495.7;42512.4;38059.4;34073.7;30499.6;27302;24439.5;21876.6;19584.8;17530.8;15693.6;14047.4;12573.6;11255;10074.4;9017.3;8071.03;7223.98;6465.65;5786.74;5179.23;4635.31;4148.23;3712.31;3322.03;2972.55;2659.73;2379.58;2128.76;1904.17;1703.05;1522.94;1361.63;1217.14;1087.72;971.797;867.969;774.984;691.74;617.28;550.747;491.4;438.667;392.051;351.193
2;7946648540466;50;frequency;20000.00000002444;22385.53853899816;25055.61678390222;28044.17375656954;31389.19662092121;35133.2035329932;39323.78408414649;44014.2042055669;49264.08322518227;55140.1516811012;61717.09952482729;69078.52549602467;77317.99973512921;86540.25314108083;96862.50859274992;108415.9709538568;121347.4948009008;135821.4510731415;152021.8163702936;170154.5114554648;190450.0186878266;213166.3116533389;238592.1342356312;267050.6708003728;298903.6541519141;334555.9634717432;374460.7706856584;419125.3006744233;469117.2785435782;525072.1459047724;587701.13789258;657800.3235824071;736260.7247225839;824079.6413975459;922373.3285811875;1032391.184709951;1155531.632626961;1293359.894754076;1447627.888434013;1620296.494325686;1813560.480908265;2029876.401899315;2271993.821195295;2542990.262224833;2846310.325953354;3185809.474764127;3565803.038745301;3991121.067296888;4467169.723268114;4999999.999999929
2;7946648540466;50;phasez;-1.53799;-1.53791;-1.5376;-1.53733;-1.53688;-1.53648;-1.53592;-1.53527;-1.53456;-1.53373;-1.5327;-1.53159;-1.53031;-1.52883;-1.52725;-1.52532;-1.52322;-1.52088;-1.51815;-1.51509;-1.51171;-1.50785;-1.50352;-1.4987;-1.49326;-1.48717;-1.48031;-1.47263;-1.46401;-1.45433;-1.44349;-1.43133;-1.41766;-1.40231;-1.38507;-1.3657;-1.34393;-1.31944;-1.29186;-1.26078;-1.22571;-1.18611;-1.14132;-1.09056;-1.03287;-0.967283;-0.892447;-0.806905;-0.708917;-0.596507
3;7946966146544;20;absz;17062.9;13940;11384.8;9298.72;7595.02;6201.53;5064.35;4134.9;3375.75;2755.46;2248.35;1833.81;1495.13;1218.06;991.441;806.06;654.477;530.809;430.496;350.307
3;7946966146544;20;frequency;99999.99999990905;122862.535599424;150952.0265389597;185463.4873444638;227865.1431623047;279960.8926363817;343967.05137965;422606.6409511731;519225.2346839865;637933.2888043621;783781.0140572543;962973.2274171232;1183133.324347452;1453627.601814205;1785963.729760951;2194280.323268956;2695948.443325946;3312310.615921419;4069588.809647371;4999999.999999929
3;7946966146544;20;phasez;-1.52638;-1.52324;-1.51915;-1.51416;-1.50783;-1.49997;-1.49027;-1.47822;-1.46328;-1.44479;-1.42191;-1.39357;-1.35842;-1.31476;-1.26037;-1.19235;-1.10678;-0.998464;-0.860124;-0.682124
