0;184106180099;20;absz;3.06791e+08;2.21622e+08;1.59884e+08;1.15445e+08;8.33349e+07;6.01196e+07;4.34354e+07;3.13516e+07;2.26386e+07;1.63446e+07;1.18007e+07;8.51938e+06;6.15086e+06;4.44053e+06;3.20602e+06;2.31453e+06;1.67101e+06;1.20636e+06;870889;628720
0;184106180099;20;frequency;9.999999974752427;13.86918846435492;19.23543905490988;26.67799336109056;37.00021196095804;51.31629158938722;71.17153245417285;98.70914048804025;136.9015682683994;189.8713664161278;263.3361782500288;365.2259113806622;506.5387032487934;702.5280792305466;974.3494403835484;1351.343611730726;1874.203936580443;2599.368780806799;3605.113577052066;4999.99999995282
0;184106180099;20;phasez;-1.5646;-1.56499;-1.56437;-1.56368;-1.56421;-1.56514;-1.56429;-1.56398;-1.56403;-1.56372;-1.5634;-1.56297;-1.56242;-1.56163;-1.56051;-1.55896;-1.55682;-1.55383;-1.54964;-1.5438
1;184878949381;50;absz;1.54149e+07;1.31101e+07;1.11674e+07;9.55315e+06;8.14837e+06;6.9475e+06;5.92216e+06;5.0508e+06;4.30929e+06;3.67607e+06;3.13645e+06;2.67352e+06;2.28101e+06;1.94529e+06;1.6594e+06;1.4152e+06;1.20718e+06;1.02972e+06;878345;749103;638912;544958;464803;396458;338161;288440;246027;209853;179001;152691;130247;111105;94776.4;80846.8;68965.2;58829.8;50182.2;42804;36508.2;31136.9;26552.3;22639.9;19299.7;16447.6;14011.4;11929.4;10148.7;8625.08;7319.54;6199.41
1;184878949381;50;frequency;199.9999999213742;234.625769479635;275.2462588517801;322.8993264769997;378.802514688914;444.3841576318164;521.3198749487447;611.5753842550475;717.456725922716;841.6691823498468;987.3863981368913;1158.33146786315;1358.872060208682;1594.132014446359;1870.122253535556;2193.894364737048;2573.720768452858;3019.306079821149;3542.035062906734;4155.263512473084;4874.659497176026;5718.603679767398;6708.658946337209;7870.121340545211;9232.666380967203;10831.10727442716;12706.28439819177;14906.10877695531;17486.78621595445;20514.25336674129;24065.86241733066;28232.35745111674;33120.19296963342;38854.25382030405;45581.04601983359;53472.44000269313;62730.06193403319;73590.44528463698;86331.07429211862;101277.4737211686;118811.5260634959;139381.228686517;163512.140226203;191820.8086789974;225030.524286467;263989.7996954232;309694.0495706946;363311.0235703185;426210.642505751;499999.9999999716
1;184878949381;50;phasez;-1.56609;-1.56308;-1.56157;-1.56348;-1.56548;-1.56556;-1.5652;-1.56499;-1.56464;-1.56441;-1.5648;-1.56442;-1.56444;-1.56432;-1.56415;-1.56408;-1.56396;-1.56381;-1.56363;-1.56349;-1.56326;-1.56297;-1.56267;-1.56228;-1.56184;-1.56134;-1.56076;-1.56005;-1.55927;-1.55836;-1.55729;-1.55606;-1.55464;-1.55299;-1.5511;-1.5489;-1.54635;-1.54337;-1.53991;-1.53585;-1.53111;-1.52555;-1.51902;-1.51135;-1.50231;-1.49164;-1.47904;-1.46407;-1.44624;-1.42487
2;185647285531;50;absz;157431;140732;125743;112369;100409;89751.9;80212.8;71683.3;64061.9;57256.2;51176.9;45739.6;40879.1;36537.6;32652.5;29182.3;26083.2;23312.2;20835.6;18623.4;16645;14878;13298.2;11886;10623.7;9495.2;8486.66;7585.14;6779.27;6058.94;5415.19;4839.6;4325.01;3864.99;3453.68;3086.06;2757.38;2463.54;2200.86;1966.08;1756.3;1568.77;1401.32;1251.72;1118.57;999.987;894.711;801.729;720.176;649.516
2;185647285531;50;frequency;20000.00000002444;22385.53853899816;25055.61678390222;28044.17375656954;31389.19662092121;35133.2035329932;39323.78408414649;44014.2042055669;49264.08322518227;55140.1516811012;61717.09952482729;69078.52549602467;77317.99973512921;86540.25314108083;96862.50859274992;108415.9709538568;121347.4948009008;135821.4510731415;152021.8163702936;170154.5114554648;190450.0186878266;213166.3116533389;238592.1342356312;267050.6708003728;298903.6541519141;334555.9634717432;374460.7706856584;419125.3006744233;469117.2785435782;525072.1459047724;587701.13789258;657800.3235824071;736260.7247225839;824079.6413975459;922373.3285811875;1032391.184709951;1155531.632626961;1293359.894754076;1447627.888434013;1620296.494325686;1813560.480908265;2029876.401899315;2271993.821195295;2542990.262224833;2846310.325953354;3185809.474764127;3565803.038745301;3991121.067296888;4467169.723268114;4999999.999999929
2;185647285531;50;phasez;-1.56146;-1.56136;-1.56085;-1.56045;-1.56012;-1.55928;-1.55873;-1.55775;-1.55693;-1.55598;-1.55484;-1.55338;-1.55195;-1.55023;-1.54835;-1.5463;-1.54403;-1.54149;-1.53855;-1.53529;-1.53174;-1.52764;-1.52313;-1.51811;-1.51247;-1.50616;-1.49912;-1.49125;-1.48246;-1.47261;-1.46155;-1.44918;-1.43531;-1.41978;-1.40234;-1.38281;-1.36084;-1.33615;-1.30842;-1.27717;-1.24198;-1.2023;-1.15746;-1.10671;-1.04908;-0.983698;-0.909205;-0.824197;-0.727014;-0.61578
3;185966513594;20;absz;31774;25888.4;21088.2;17181.5;13996;11398;9284.25;7562.02;6158.04;5015.36;4083.74;3324.91;2706.45;2202.32;1791.56;1457.24;1185.09;964.662;787.442;647.905
3;185966513594;20;frequency;99999.99999990905;122862.535599424;150952.0265389597;185463.4873444638;227865.1431623047;279960.8926363817;343967.05137965;422606.6409511731;519225.2346839865;637933.2888043621;783781.0140572543;962973.2274171232;1183133.324347452;1453627.601814205;1785963.729760951;2194280.323268956;2695948.443325946;3312310.615921419;4069588.809647371;4999999.999999929
3;185966513594;20;phasez;-1.54745;-1.54398;-1.5395;-1.53406;-1.52745;-1.51925;-1.50919;-1.49679;-1.4815;-1.46266;-1.43943;-1.41074;-1.37525;-1.33126;-1.27659;-1.20843;-1.12284;-1.01485;-0.877362;-0.701157
