0;3807849354033;20;absz;1.59435e+08;1.15777e+08;8.41741e+07;6.11374e+07;4.43967e+07;3.22495e+07;2.33986e+07;1.69813e+07;1.23209e+07;8.93813e+06;6.4828e+06;4.70121e+06;3.40863e+06;2.47107e+06;1.79118e+06;1.29808e+06;940641;681506;493694;357593
0;3807849354033;20;frequency;9.999999974752427;13.86918846435492;19.23543905490988;26.67799336109056;37.00021196095804;51.31629158938722;71.17153245417285;98.70914048804025;136.9015682683994;189.8713664161278;263.3361782500288;365.2259113806622;506.5387032487934;702.5280792305466;974.3494403835484;1351.343611730726;1874.203936580443;2599.368780806799;3605.113577052066;4999.99999995282
0;3807849354033;20;phasez;-1.53268;-1.5333;-1.53459;-1.53552;-1.53681;-1.53739;-1.53848;-1.53947;-1.54015;-1.54087;-1.5414;-1.54176;-1.54197;-1.5419;-1.54149;-1.54058;-1.53903;-1.53657;-1.53287;-1.52749
1;3808619829498;50;absz;8.43731e+06;7.2124e+06;6.16333e+06;5.26236e+06;4.4959e+06;3.84156e+06;3.2845e+06;2.80701e+06;2.39938e+06;2.05078e+06;1.75221e+06;1.49736e+06;1.27951e+06;1.09327e+06;934379;798341;682110;582759;497912;425375;363434;310475;265243;226597;193582;165378;141282;120697;103115;88092.8;75258.2;64294.7;54928.6;46926;40089;34247.4;29255.4;24990;21344.9;18229.8;15567.1;13290.8;11344.7;9680.27;8256.53;7038.01;5994.47;5100.05;4332.73;3673.36
1;3808619829498;50;frequency;199.9999999213742;234.625769479635;275.2462588517801;322.8993264769997;378.802514688914;444.3841576318164;521.3198749487447;611.5753842550475;717.456725922716;841.6691823498468;987.3863981368913;1158.33146786315;1358.872060208682;1594.132014446359;1870.122253535556;2193.894364737048;2573.720768452858;3019.306079821149;3542.035062906734;4155.263512473084;4874.659497176026;5718.603679767398;6708.658946337209;7870.121340545211;9232.666380967203;10831.10727442716;12706.28439819177;14906.10877695531;17486.78621595445;20514.25336674129;24065.86241733066;28232.35745111674;33120.19296963342;38854.25382030405;45581.04601983359;53472.44000269313;62730.06193403319;73590.44528463698;86331.07429211862;101277.4737211686;118811.5260634959;139381.228686517;163512.140226203;191820.8086789974;225030.524286467;263989.7996954232;309694.0495706946;363311.0235703185;426210.642505751;499999.9999999716
1;3808619829498;50;phasez;-1.54156;-1.54086;-1.54399;-1.54242;-1.54276;-1.54302;-1.54432;-1.54465;-1.54478;-1.5451;-1.54539;-1.54578;-1.54588;-1.54614;-1.54643;-1.54655;-1.54672;-1.54683;-1.54689;-1.54694;-1.54694;-1.54685;-1.5467;-1.54651;-1.54622;-1.54588;-1.54542;-1.54487;-1.54421;-1.54343;-1.54252;-1.54144;-1.54018;-1.53869;-1.53698;-1.53497;-1.53263;-1.52987;-1.52663;-1.52283;-1.51835;-1.51306;-1.50682;-1.49945;-1.49073;-1.48039;-1.46812;-1.4535;-1.43602;-1.41501
2;3809387391230;50;absz;90773.3;81235.8;72668.8;65010.7;58182;52040.2;46562.4;41668.3;37275.6;33349.6;29833.7;26690.3;23880.2;21364.5;19112.5;17099.6;15297.7;13685.9;12243.5;10953;9798.72;8765.7;7841.31;7014.06;6274.31;5612.34;5020.03;4489.94;4015.73;3591.25;3211.63;2871.88;2567.89;2295.81;2052.41;1834.52;1639.56;1465.07;1308.89;1169.13;1044.03;932.056;831.885;742.279;662.236;590.758;527.076;470.564;420.674;377.034
2;3809387391230;50;frequency;20000.00000002444;22385.53853899816;25055.61678390222;28044.17375656954;31389.19662092121;35133.2035329932;39323.78408414649;44014.2042055669;49264.08322518227;55140.1516811012;61717.09952482729;69078.52549602467;77317.99973512921;86540.25314108083;96862.50859274992;108415.9709538568;121347.4948009008;135821.4510731415;152021.8163702936;170154.5114554648;190450.0186878266;213166.3116533389;238592.1342356312;267050.6708003728;298903.6541519141;334555.9634717432;374460.7706856584;419125.3006744233;469117.2785435782;525072.1459047724;587701.13789258;657800.3235824071;736260.7247225839;824079.6413975459;922373.3285811875;1032391.184709951;1155531.632626961;1293359.894754076;1447627.888434013;1620296.494325686;1813560.480908265;2029876.401899315;2271993.821195295;2542990.262224833;2846310.325953354;3185809.474764127;3565803.038745301;3991121.067296888;4467169.723268114;4999999.999999929
2;3809387391230;50;phasez;-1.54737;-1.54657;-1.5462;-1.54606;-1.54566;-1.54506;-1.54447;-1.54377;-1.54296;-1.54213;-1.54104;-1.5398;-1.53855;-1.53708;-1.5353;-1.53344;-1.53132;-1.52888;-1.5262;-1.52316;-1.51976;-1.51592;-1.51167;-1.50682;-1.50144;-1.49537;-1.48857;-1.48094;-1.47236;-1.46275;-1.45194;-1.43982;-1.42619;-1.41088;-1.39367;-1.37432;-1.35257;-1.32808;-1.30052;-1.26944;-1.2344;-1.19481;-1.15005;-1.09932;-1.0417;-0.976196;-0.901488;-0.816106;-0.718364;-0.606276
3;3809707184209;20;absz;18609.3;15185.7;12391;10107.9;8247.67;6727.96;5488;4476.36;3650.19;2976.35;2425.88;1976.48;1609.65;1310.05;1065.34;865.444;702.292;569.435;461.88;376.136
3;3809707184209;20;frequency;99999.99999990905;122862.535599424;150952.0265389597;185463.4873444638;227865.1431623047;279960.8926363817;343967.05137965;422606.6409511731;519225.2346839865;637933.2888043621;783781.0140572543;962973.2274171232;1183133.324347452;1453627.601814205;1785963.729760951;2194280.323268956;2695948.443325946;3312310.615921419;4069588.809647371;4999999.999999929
3;3809707184209;20;phasez;-1.53448;-1.53125;-1.52721;-1.52218;-1.51594;-1.50817;-1.4985;-1.48654;-1.47168;-1.4533;-1.43047;-1.40218;-1.36707;-1.32343;-1.26906;-1.20108;-1.11558;-1.00743;-0.869385;-0.691918
