0;1305469293086;20;absz;2.05249e+08;1.48489e+08;1.07264e+08;7.75123e+07;5.60202e+07;4.04607e+07;2.92607e+07;2.11524e+07;1.52889e+07;1.10522e+07;7.99003e+06;5.77731e+06;4.17724e+06;3.02035e+06;2.18391e+06;1.57906e+06;1.14174e+06;825572;596974;431701
0;1305469293086;20;frequency;9.999999974752427;13.86918846435492;19.23543905490988;26.67799336109056;37.00021196095804;51.31629158938722;71.17153245417285;98.70914048804025;136.9015682683994;189.8713664161278;263.3361782500288;365.2259113806622;506.5387032487934;702.5280792305466;974.3494403835484;1351.343611730726;1874.203936580443;2599.368780806799;3605.113577052066;4999.99999995282
0;1305469293086;20;phasez;-1.55971;-1.55977;-1.56025;-1.55933;-1.55904;-1.55882;-1.55875;-1.55835;-1.55782;-1.55735;-1.55673;-1.55608;-1.55534;-1.55441;-1.55316;-1.55143;-1.54904;-1.54576;-1.54124;-1.53504
1;1306238845507;50;absz;1.04348e+07;8.89755e+06;7.57367e+06;6.47902e+06;5.51935e+06;4.71387e+06;4.02308e+06;3.43648e+06;2.93198e+06;2.50304e+06;2.13628e+06;1.82374e+06;1.55641e+06;1.32835e+06;1.13401e+06;968056;826218;705316;602082;513937;438752;374543;319758;272991;233065;198984;169899;145065;123868;105772;90325;77133.5;65871.4;56256.1;48046.5;41035.2;35047.3;29933.6;25564.6;21832.7;18643.7;15918.9;13589.6;11598.3;9894.8;8437.08;7188.87;6119.03;5201.06;4412.01
1;1306238845507;50;frequency;199.9999999213742;234.625769479635;275.2462588517801;322.8993264769997;378.802514688914;444.3841576318164;521.3198749487447;611.5753842550475;717.456725922716;841.6691823498468;987.3863981368913;1158.33146786315;1358.872060208682;1594.132014446359;1870.122253535556;2193.894364737048;2573.720768452858;3019.306079821149;3542.035062906734;4155.263512473084;4874.659497176026;5718.603679767398;6708.658946337209;7870.121340545211;9232.666380967203;10831.10727442716;12706.28439819177;14906.10877695531;17486.78621595445;20514.25336674129;24065.86241733066;28232.35745111674;33120.19296963342;38854.25382030405;45581.04601983359;53472.44000269313;62730.06193403319;73590.44528463698;86331.07429211862;101277.4737211686;118811.5260634959;139381.228686517;163512.140226203;191820.8086789974;225030.524286467;263989.7996954232;309694.0495706946;363311.0235703185;426210.642505751;499999.9999999716
1;1306238845507;50;phasez;-1.55739;-1.55858;-1.55743;-1.55829;-1.55792;-1.55731;-1.55865;-1.55765;-1.55733;-1.55701;-1.55662;-1.5568;-1.55687;-1.55652;-1.55638;-1.55618;-1.55582;-1.55569;-1.55534;-1.55497;-1.55454;-1.5541;-1.55357;-1.55301;-1.55237;-1.55163;-1.55081;-1.54989;-1.54887;-1.5477;-1.54639;-1.5449;-1.54322;-1.54132;-1.53915;-1.5367;-1.53388;-1.53063;-1.52689;-1.52257;-1.51756;-1.51174;-1.50495;-1.49701;-1.48772;-1.4768;-1.46394;-1.44873;-1.43066;-1.40904
2;1307008611629;50;absz;108996;97543;87215.6;78001.4;69777.5;62412.7;55817.3;49931.2;44662.3;39951.8;35737.7;31969.4;28600.8;25583.4;22886.9;20476;18317.5;16389.4;14663.6;13119.7;11738.4;10502.9;9397.12;8407.88;7523.21;6731.46;6022.79;5389.18;4821.89;4314.26;3860.08;3453.53;3089.74;2764.14;2472.66;2211.86;1978.3;1769.29;1582.16;1414.65;1264.7;1130.49;1010.4;902.933;807.012;721.41;645.196;577.652;518.143;466.306
2;1307008611629;50;frequency;20000.00000002444;22385.53853899816;25055.61678390222;28044.17375656954;31389.19662092121;35133.2035329932;39323.78408414649;44014.2042055669;49264.08322518227;55140.1516811012;61717.09952482729;69078.52549602467;77317.99973512921;86540.25314108083;96862.50859274992;108415.9709538568;121347.4948009008;135821.4510731415;152021.8163702936;170154.5114554648;190450.0186878266;213166.3116533389;238592.1342356312;267050.6708003728;298903.6541519141;334555.9634717432;374460.7706856584;419125.3006744233;469117.2785435782;525072.1459047724;587701.13789258;657800.3235824071;736260.7247225839;824079.6413975459;922373.3285811875;1032391.184709951;1155531.632626961;1293359.894754076;1447627.888434013;1620296.494325686;1813560.480908265;2029876.401899315;2271993.821195295;2542990.262224833;2846310.325953354;3185809.474764127;3565803.038745301;3991121.067296888;4467169.723268114;4999999.999999929
2;1307008611629;50;phasez;-1.55157;-1.55119;-1.5503;-1.54949;-1.54886;-1.54802;-1.54695;-1.54613;-1.54485;-1.54369;-1.54228;-1.54087;-1.53912;-1.53728;-1.53522;-1.53298;-1.5305;-1.52766;-1.52462;-1.52114;-1.51736;-1.51315;-1.50848;-1.50323;-1.49741;-1.49098;-1.48374;-1.47568;-1.46671;-1.45667;-1.44546;-1.43292;-1.41888;-1.40316;-1.38555;-1.3658;-1.34365;-1.31879;-1.29083;-1.25938;-1.22397;-1.18404;-1.13894;-1.08787;-1.02993;-0.964147;-0.889185;-0.80361;-0.705716;-0.593594
3;1307326424798;20;absz;22283.1;18185.7;14844.1;12110.7;9882.75;8066.5;6582.98;5372.59;4384.78;3578.16;2919.75;2381.82;1942.37;1583.53;1290.25;1050.65;855.034;695.898;567.265;465.177
3;1307326424798;20;frequency;99999.99999990905;122862.535599424;150952.0265389597;185463.4873444638;227865.1431623047;279960.8926363817;343967.05137965;422606.6409511731;519225.2346839865;637933.2888043621;783781.0140572543;962973.2274171232;1183133.324347452;1453627.601814205;1785963.729760951;2194280.323268956;2695948.443325946;3312310.615921419;4069588.809647371;4999999.999999929
3;1307326424798;20;phasez;-1.53423;-1.53042;-1.52566;-1.51996;-1.5129;-1.50438;-1.49399;-1.48126;-1.46566;-1.44648;-1.42294;-1.39389;-1.35807;-1.31372;-1.25867;-1.19004;-1.10391;-0.995234;-0.85677;-0.679133
