0;3364239443138;20;absz;1.6556e+08;1.20242e+08;8.72433e+07;6.33048e+07;4.59391e+07;3.33335e+07;2.41688e+07;1.75251e+07;1.2706e+07;9.21034e+06;6.67456e+06;4.83649e+06;3.50387e+06;2.53807e+06;1.83817e+06;1.33114e+06;963883;697918;505336;365875
0;3364239443138;20;frequency;9.999999974752427;13.86918846435492;19.23543905490988;26.67799336109056;37.00021196095804;51.31629158938722;71.17153245417285;98.70914048804025;136.9015682683994;189.8713664161278;263.3361782500288;365.2259113806622;506.5387032487934;702.5280792305466;974.3494403835484;1351.343611730726;1874.203936580443;2599.368780806799;3605.113577052066;4999.99999995282
0;3364239443138;20;phasez;-1.53659;-1.53804;-1.53862;-1.53994;-1.54069;-1.54187;-1.54269;-1.54338;-1.54412;-1.54473;-1.54523;-1.54556;-1.54569;-1.54554;-1.54498;-1.54387;-1.54206;-1.53932;-1.53534;-1.52971
1;3365010473168;50;absz;8.67825e+06;7.42732e+06;6.33221e+06;5.42291e+06;4.62247e+06;3.95333e+06;3.37475e+06;2.88398e+06;2.46481e+06;2.10503e+06;1.79848e+06;1.53624e+06;1.31231e+06;1.12055e+06;957356;817806;698484;596637;509643;435319;371829;317606;271300;231730;197944;169075;144422;123361;105371;90006.1;76879;65665.7;56087.9;47906.8;40916.9;34946.2;29845.5;25487.9;21764.5;18583.4;15864.8;13541.5;11555.7;9857.86;8405.73;7163.35;6099.69;5188.31;4406.56;3735.06
1;3365010473168;50;frequency;199.9999999213742;234.625769479635;275.2462588517801;322.8993264769997;378.802514688914;444.3841576318164;521.3198749487447;611.5753842550475;717.456725922716;841.6691823498468;987.3863981368913;1158.33146786315;1358.872060208682;1594.132014446359;1870.122253535556;2193.894364737048;2573.720768452858;3019.306079821149;3542.035062906734;4155.263512473084;4874.659497176026;5718.603679767398;6708.658946337209;7870.121340545211;9232.666380967203;10831.10727442716;12706.28439819177;14906.10877695531;17486.78621595445;20514.25336674129;24065.86241733066;28232.35745111674;33120.19296963342;38854.25382030405;45581.04601983359;53472.44000269313;62730.06193403319;73590.44528463698;86331.07429211862;101277.4737211686;118811.5260634959;139381.228686517;163512.140226203;191820.8086789974;225030.524286467;263989.7996954232;309694.0495706946;363311.0235703185;426210.642505751;499999.9999999716
1;3365010473168;50;phasez;-1.54715;-1.54677;-1.54635;-1.54777;-1.54857;-1.54836;-1.54792;-1.54745;-1.54854;-1.54862;-1.5494;-1.54914;-1.54934;-1.54929;-1.54956;-1.54936;-1.54946;-1.5494;-1.54941;-1.54928;-1.54912;-1.54897;-1.54874;-1.54849;-1.54817;-1.5478;-1.54735;-1.5468;-1.54617;-1.54541;-1.54453;-1.5435;-1.54228;-1.54084;-1.53916;-1.5372;-1.53489;-1.53215;-1.52894;-1.52515;-1.52067;-1.51538;-1.50913;-1.50174;-1.49299;-1.48262;-1.47031;-1.45564;-1.4381;-1.41701
2;3365779888577;50;absz;92748.7;82974.2;74223.6;66400.6;59393.2;53140.9;47533.1;42521;38035.7;34022.4;30430.8;27222.7;24350.7;21779.1;19483.3;17426.9;15587.8;13943;12471.1;11154.7;9977.08;8923.5;7981.32;7138.12;6384.14;5709.48;5105.97;4566.14;4083.13;3651.1;3264.53;2918.77;2609.43;2332.59;2084.97;1863.44;1665.2;1487.81;1329.09;1187.07;1059.99;946.295;844.575;753.561;672.341;599.817;535.218;477.898;427.313;383.084
2;3365779888577;50;frequency;20000.00000002444;22385.53853899816;25055.61678390222;28044.17375656954;31389.19662092121;35133.2035329932;39323.78408414649;44014.2042055669;49264.08322518227;55140.1516811012;61717.09952482729;69078.52549602467;77317.99973512921;86540.25314108083;96862.50859274992;108415.9709538568;121347.4948009008;135821.4510731415;152021.8163702936;170154.5114554648;190450.0186878266;213166.3116533389;238592.1342356312;267050.6708003728;298903.6541519141;334555.9634717432;374460.7706856584;419125.3006744233;469117.2785435782;525072.1459047724;587701.13789258;657800.3235824071;736260.7247225839;824079.6413975459;922373.3285811875;1032391.184709951;1155531.632626961;1293359.894754076;1447627.888434013;1620296.494325686;1813560.480908265;2029876.401899315;2271993.821195295;2542990.262224833;2846310.325953354;3185809.474764127;3565803.038745301;3991121.067296888;4467169.723268114;4999999.999999929
2;3365779888577;50;phasez;-1.54883;-1.5489;-1.54858;-1.5479;-1.54746;-1.54706;-1.54652;-1.54594;-1.5452;-1.54425;-1.54329;-1.54207;-1.54082;-1.53928;-1.53757;-1.5357;-1.53361;-1.53118;-1.52854;-1.52545;-1.52203;-1.5182;-1.51392;-1.50905;-1.50363;-1.49754;-1.4907;-1.48303;-1.47441;-1.46473;-1.45388;-1.44168;-1.42797;-1.41258;-1.39529;-1.37585;-1.354;-1.32942;-1.30174;-1.27056;-1.2354;-1.1957;-1.15082;-1.09997;-1.04223;-0.976604;-0.901771;-0.816287;-0.718416;-0.606228
3;3366093897512;20;absz;18962.6;15472.1;12620.4;10291.8;8394.62;6845.69;5582.35;4551.86;3710.6;3024.64;2464.61;2007.55;1634.61;1330.13;1081.54;878.564;712.923;578.114;469.039;382.137
3;3366093897512;20;frequency;99999.99999990905;122862.535599424;150952.0265389597;185463.4873444638;227865.1431623047;279960.8926363817;343967.05137965;422606.6409511731;519225.2346839865;637933.2888043621;783781.0140572543;962973.2274171232;1183133.324347452;1453627.601814205;1785963.729760951;2194280.323268956;2695948.443325946;3312310.615921419;4069588.809647371;4999999.999999929
3;3366093897512;20;phasez;-1.53666;-1.53356;-1.52945;-1.52448;-1.51812;-1.51034;-1.50066;-1.48863;-1.47367;-1.45515;-1.4322;-1.40377;-1.36848;-1.32466;-1.27009;-1.2019;-1.11617;-1.0078;-0.869542;-0.691874
