0;5353250633395;20;absz;1.45017e+08;1.05515e+08;7.67957e+07;5.58607e+07;4.06297e+07;2.95364e+07;2.14761e+07;1.5609e+07;1.1345e+07;8.24423e+06;5.98997e+06;4.35184e+06;3.16105e+06;2.29577e+06;1.66702e+06;1.21026e+06;878434;637490;462557;335580
0;5353250633395;20;frequency;9.999999974752427;13.86918846435492;19.23543905490988;26.67799336109056;37.00021196095804;51.31629158938722;71.17153245417285;98.70914048804025;136.9015682683994;189.8713664161278;263.3361782500288;365.2259113806622;506.5387032487934;702.5280792305466;974.3494403835484;1351.343611730726;1874.203936580443;2599.368780806799;3605.113577052066;4999.99999995282
0;5353250633395;20;phasez;-1.52311;-1.52425;-1.52646;-1.52792;-1.5289;-1.52936;-1.53048;-1.53129;-1.53208;-1.53259;-1.53308;-1.53342;-1.53362;-1.53361;-1.53331;-1.53257;-1.53113;-1.52886;-1.52535;-1.52019
1;5354020563496;50;absz;7.77098e+06;6.65085e+06;5.68679e+06;4.86547e+06;4.16646e+06;3.5584e+06;3.04865e+06;2.60586e+06;2.22892e+06;1.90718e+06;1.63055e+06;1.39503e+06;1.1931e+06;1.02042e+06;872456;746145;637974;545570;466478;398842;341009;291564;249266;213104;182188;155750;133144;113819;97296.4;83171.4;71094.3;60770.8;51945.3;44400.1;37950.2;32435.8;27720.9;23690.8;20245.1;17298.8;14779.3;12624.4;10781.5;9204.63;7855.03;6699.45;5709.33;4860.34;4131.44;3504.77
1;5354020563496;50;frequency;199.9999999213742;234.625769479635;275.2462588517801;322.8993264769997;378.802514688914;444.3841576318164;521.3198749487447;611.5753842550475;717.456725922716;841.6691823498468;987.3863981368913;1158.33146786315;1358.872060208682;1594.132014446359;1870.122253535556;2193.894364737048;2573.720768452858;3019.306079821149;3542.035062906734;4155.263512473084;4874.659497176026;5718.603679767398;6708.658946337209;7870.121340545211;9232.666380967203;10831.10727442716;12706.28439819177;14906.10877695531;17486.78621595445;20514.25336674129;24065.86241733066;28232.35745111674;33120.19296963342;38854.25382030405;45581.04601983359;53472.44000269313;62730.06193403319;73590.44528463698;86331.07429211862;101277.4737211686;118811.5260634959;139381.228686517;163512.140226203;191820.8086789974;225030.524286467;263989.7996954232;309694.0495706946;363311.0235703185;426210.642505751;499999.9999999716
1;5354020563496;50;phasez;-1.53675;-1.53403;-1.5363;-1.53513;-1.53599;-1.53506;-1.53524;-1.53615;-1.53671;-1.53694;-1.53727;-1.53757;-1.53782;-1.53834;-1.53863;-1.53888;-1.539;-1.53912;-1.53936;-1.53952;-1.53959;-1.53966;-1.53965;-1.53958;-1.53947;-1.53929;-1.53898;-1.53861;-1.53811;-1.53748;-1.53672;-1.53577;-1.53463;-1.53327;-1.53164;-1.5297;-1.5274;-1.52468;-1.52146;-1.51765;-1.51314;-1.50783;-1.50155;-1.49414;-1.48537;-1.475;-1.46269;-1.44805;-1.43055;-1.40953
2;5354791770180;50;absz;85705.3;76690.8;68647.4;61459.3;55006.8;49224.3;44060;39439.7;35292.2;31587;28265.2;25297.1;22640.4;20261.9;18133.5;16228.5;14523.4;12997.7;11632.1;10410.3;9316.31;8337.35;7460.88;6676.65;5974.82;5346.68;4784.28;4280.78;3830.21;3426.89;3065.88;2742.69;2453.32;2194.32;1962.43;1754.8;1568.89;1402.41;1253.35;1119.88;1000.35;893.321;797.505;711.73;635.062;566.575;505.513;451.276;403.338;361.363
2;5354791770180;50;frequency;20000.00000002444;22385.53853899816;25055.61678390222;28044.17375656954;31389.19662092121;35133.2035329932;39323.78408414649;44014.2042055669;49264.08322518227;55140.1516811012;61717.09952482729;69078.52549602467;77317.99973512921;86540.25314108083;96862.50859274992;108415.9709538568;121347.4948009008;135821.4510731415;152021.8163702936;170154.5114554648;190450.0186878266;213166.3116533389;238592.1342356312;267050.6708003728;298903.6541519141;334555.9634717432;374460.7706856584;419125.3006744233;469117.2785435782;525072.1459047724;587701.13789258;657800.3235824071;736260.7247225839;824079.6413975459;922373.3285811875;1032391.184709951;1155531.632626961;1293359.894754076;1447627.888434013;1620296.494325686;1813560.480908265;2029876.401899315;2271993.821195295;2542990.262224833;2846310.325953354;3185809.474764127;3565803.038745301;3991121.067296888;4467169.723268114;4999999.999999929
2;5354791770180;50;phasez;-1.54125;-1.54096;-1.54096;-1.54025;-1.5398;-1.5396;-1.539;-1.53853;-1.53757;-1.53688;-1.53574;-1.53457;-1.53334;-1.53176;-1.53008;-1.52819;-1.52609;-1.52366;-1.52094;-1.51787;-1.51443;-1.5106;-1.50627;-1.50145;-1.49603;-1.48995;-1.48311;-1.47547;-1.4669;-1.45728;-1.44649;-1.43437;-1.42076;-1.40548;-1.38831;-1.36903;-1.34731;-1.32289;-1.29538;-1.26438;-1.22941;-1.18991;-1.14523;-1.09458;-1.03703;-0.971604;-0.896956;-0.811623;-0.713906;-0.601805
3;5355111057179;20;absz;17654.9;14417.8;11769.8;9609.58;7846.29;6405.11;5228.81;4267.79;3483.02;2842.06;2318.19;1890.03;1540.44;1254.49;1020.74;829.639;673.45;546.12;442.923;360.494
3;5355111057179;20;frequency;99999.99999990905;122862.535599424;150952.0265389597;185463.4873444638;227865.1431623047;279960.8926363817;343967.05137965;422606.6409511731;519225.2346839865;637933.2888043621;783781.0140572543;962973.2274171232;1183133.324347452;1453627.601814205;1785963.729760951;2194280.323268956;2695948.443325946;3312310.615921419;4069588.809647371;4999999.999999929
3;5355111057179;20;phasez;-1.52934;-1.52603;-1.52193;-1.51686;-1.51056;-1.50275;-1.49306;-1.48104;-1.46622;-1.44783;-1.42507;-1.39684;-1.36183;-1.31831;-1.26407;-1.19623;-1.1109;-1.00287;-0.864928;-0.68749
