0;8773682063843;20;absz;1.36612e+08;9.96023e+07;7.25743e+07;5.28766e+07;3.8492e+07;2.80125e+07;2.03895e+07;1.48345e+07;1.07888e+07;7.8456e+06;5.70359e+06;4.14617e+06;3.01337e+06;2.18971e+06;1.59104e+06;1.15586e+06;839568;609754;442765;321462
0;8773682063843;20;frequency;9.999999974752427;13.86918846435492;19.23543905490988;26.67799336109056;37.00021196095804;51.31629158938722;71.17153245417285;98.70914048804025;136.9015682683994;189.8713664161278;263.3361782500288;365.2259113806622;506.5387032487934;702.5280792305466;974.3494403835484;1351.343611730726;1874.203936580443;2599.368780806799;3605.113577052066;4999.99999995282
0;8773682063843;20;phasez;-1.51029;-1.51469;-1.51768;-1.5197;-1.52205;-1.52432;-1.5254;-1.52677;-1.52794;-1.52882;-1.52954;-1.53007;-1.53036;-1.53036;-1.53;-1.52915;-1.52769;-1.52536;-1.52185;-1.51669
1;8774450508476;50;absz;7.40194e+06;6.32412e+06;5.41759e+06;4.63432e+06;3.96685e+06;3.39434e+06;2.9066e+06;2.48452e+06;2.12587e+06;1.8195e+06;1.55689e+06;1.33174e+06;1.13944e+06;974767;833955;713335;610227;521977;446469;381884;326631;279370;238932;204345;174755;149449;127806;109295;93464.5;79925.3;68345.6;58443.3;49975.6;42733.2;36540;31243.4;26712.5;22837;19522.7;16687.4;14261.7;12186.1;10410.2;8890.01;7588.45;6473.83;5518.5;4699.07;3995.37;3390.23
1;8774450508476;50;frequency;199.9999999213742;234.625769479635;275.2462588517801;322.8993264769997;378.802514688914;444.3841576318164;521.3198749487447;611.5753842550475;717.456725922716;841.6691823498468;987.3863981368913;1158.33146786315;1358.872060208682;1594.132014446359;1870.122253535556;2193.894364737048;2573.720768452858;3019.306079821149;3542.035062906734;4155.263512473084;4874.659497176026;5718.603679767398;6708.658946337209;7870.121340545211;9232.666380967203;10831.10727442716;12706.28439819177;14906.10877695531;17486.78621595445;20514.25336674129;24065.86241733066;28232.35745111674;33120.19296963342;38854.25382030405;45581.04601983359;53472.44000269313;62730.06193403319;73590.44528463698;86331.07429211862;101277.4737211686;118811.5260634959;139381.228686517;163512.140226203;191820.8086789974;225030.524286467;263989.7996954232;309694.0495706946;363311.0235703185;426210.642505751;499999.9999999716
1;8774450508476;50;phasez;-1.53041;-1.532;-1.53097;-1.53194;-1.53197;-1.53236;-1.53191;-1.53315;-1.53312;-1.53319;-1.53391;-1.53421;-1.53462;-1.53468;-1.53507;-1.53525;-1.53543;-1.53563;-1.53586;-1.53595;-1.53607;-1.53615;-1.53614;-1.53608;-1.53595;-1.53574;-1.53544;-1.53505;-1.53453;-1.53389;-1.5331;-1.53214;-1.53099;-1.52962;-1.528;-1.5261;-1.52384;-1.52117;-1.51801;-1.51427;-1.50983;-1.50458;-1.49835;-1.49097;-1.48222;-1.47185;-1.45952;-1.44484;-1.42728;-1.40618
2;8775220609889;50;absz;82315.2;73688.3;65969.7;59077.3;52894;47352.7;42402.4;37953.7;33982.7;30416.3;27228.9;24375.5;21821.8;19533.6;17486.9;15654.7;14012.2;12543.4;11228;10050.2;8996;8052.28;7207.4;6450.92;5773.92;5167.79;4625.05;4139.29;3704.41;3314.95;2966.34;2654.22;2374.72;2124.49;1900.4;1699.76;1520.03;1359.07;1214.89;1085.73;970.037;866.425;773.642;690.539;616.231;549.822;490.595;437.955;391.406;350.627
2;8775220609889;50;frequency;20000.00000002444;22385.53853899816;25055.61678390222;28044.17375656954;31389.19662092121;35133.2035329932;39323.78408414649;44014.2042055669;49264.08322518227;55140.1516811012;61717.09952482729;69078.52549602467;77317.99973512921;86540.25314108083;96862.50859274992;108415.9709538568;121347.4948009008;135821.4510731415;152021.8163702936;170154.5114554648;190450.0186878266;213166.3116533389;238592.1342356312;267050.6708003728;298903.6541519141;334555.9634717432;374460.7706856584;419125.3006744233;469117.2785435782;525072.1459047724;587701.13789258;657800.3235824071;736260.7247225839;824079.6413975459;922373.3285811875;1032391.184709951;1155531.632626961;1293359.894754076;1447627.888434013;1620296.494325686;1813560.480908265;2029876.401899315;2271993.821195295;2542990.262224833;2846310.325953354;3185809.474764127;3565803.038745301;3991121.067296888;4467169.723268114;4999999.999999929
2;8775220609889;50;phasez;-1.53729;-1.53743;-1.53701;-1.53691;-1.53643;-1.5359;-1.53539;-1.53476;-1.53402;-1.53323;-1.53223;-1.53117;-1.52986;-1.52836;-1.52675;-1.52485;-1.52273;-1.52037;-1.51773;-1.51467;-1.51128;-1.50744;-1.50314;-1.4983;-1.49289;-1.48676;-1.47992;-1.47224;-1.46361;-1.45394;-1.44309;-1.43091;-1.41725;-1.40189;-1.38465;-1.36528;-1.3435;-1.31899;-1.29141;-1.26032;-1.22527;-1.18566;-1.14087;-1.09009;-1.03242;-0.966819;-0.891977;-0.806419;-0.70842;-0.596002
3;8775537724135;20;absz;17020.6;13908.2;11358.9;9277.33;7577.42;6187.84;5053.44;4126.22;3368.77;2749.9;2243.99;1830.3;1492.35;1215.84;989.704;804.672;653.38;529.935;429.8;349.749
3;8775537724135;20;frequency;99999.99999990905;122862.535599424;150952.0265389597;185463.4873444638;227865.1431623047;279960.8926363817;343967.05137965;422606.6409511731;519225.2346839865;637933.2888043621;783781.0140572543;962973.2274171232;1183133.324347452;1453627.601814205;1785963.729760951;2194280.323268956;2695948.443325946;3312310.615921419;4069588.809647371;4999999.999999929
3;8775537724135;20;phasez;-1.52591;-1.52272;-1.51875;-1.51372;-1.50743;-1.4996;-1.48989;-1.47782;-1.46287;-1.44439;-1.42148;-1.39313;-1.35798;-1.3143;-1.25991;-1.19189;-1.10631;-0.997988;-0.859632;-0.68165
