0;2577580102559;20;absz;1.78828e+08;1.29586e+08;9.38317e+07;6.79535e+07;4.91849e+07;3.55904e+07;2.57862e+07;1.8664e+07;1.35134e+07;9.78319e+06;7.08211e+06;5.12674e+06;3.71077e+06;2.68571e+06;1.94361e+06;1.40652e+06;1.01779e+06;736439;532853;385513
0;2577580102559;20;frequency;9.999999974752427;13.86918846435492;19.23543905490988;26.67799336109056;37.00021196095804;51.31629158938722;71.17153245417285;98.70914048804025;136.9015682683994;189.8713664161278;263.3361782500288;365.2259113806622;506.5387032487934;702.5280792305466;974.3494403835484;1351.343611730726;1874.203936580443;2599.368780806799;3605.113577052066;4999.99999995282
0;2577580102559;20;phasez;-1.54783;-1.54878;-1.54922;-1.55001;-1.55005;-1.55066;-1.55051;-1.55067;-1.55074;-1.55075;-1.55076;-1.55066;-1.55039;-1.5499;-1.54907;-1.54779;-1.54589;-1.54314;-1.53924;-1.53376
1;2578350429550;50;absz;9.2119e+06;7.87228e+06;6.7253e+06;5.73552e+06;4.90986e+06;4.18598e+06;3.57561e+06;3.05318e+06;2.6063e+06;2.22632e+06;1.90136e+06;1.62342e+06;1.38628e+06;1.18387e+06;1.01098e+06;863285;737076;629401;537403;458874;391801;334545;285640;243888;208224;177782;151783;129584;110630;94446.3;80629.1;68830.6;58758.3;50158.2;42817.4;36548.7;31196.1;26626.1;22724;19391.9;16546.4;14115.9;12040;10266.2;8750.2;7454.01;6344.95;5395.21;4581.13;3882.08
1;2578350429550;50;frequency;199.9999999213742;234.625769479635;275.2462588517801;322.8993264769997;378.802514688914;444.3841576318164;521.3198749487447;611.5753842550475;717.456725922716;841.6691823498468;987.3863981368913;1158.33146786315;1358.872060208682;1594.132014446359;1870.122253535556;2193.894364737048;2573.720768452858;3019.306079821149;3542.035062906734;4155.263512473084;4874.659497176026;5718.603679767398;6708.658946337209;7870.121340545211;9232.666380967203;10831.10727442716;12706.28439819177;14906.10877695531;17486.78621595445;20514.25336674129;24065.86241733066;28232.35745111674;33120.19296963342;38854.25382030405;45581.04601983359;53472.44000269313;62730.06193403319;73590.44528463698;86331.07429211862;101277.4737211686;118811.5260634959;139381.228686517;163512.140226203;191820.8086789974;225030.524286467;263989.7996954232;309694.0495706946;363311.0235703185;426210.642505751;499999.9999999716
1;2578350429550;50;phasez;-1.54997;-1.55197;-1.55099;-1.5526;-1.55312;-1.55086;-1.55273;-1.55318;-1.55257;-1.55306;-1.55282;-1.55325;-1.55321;-1.55318;-1.55313;-1.55323;-1.5533;-1.55333;-1.55328;-1.55326;-1.55318;-1.55309;-1.55296;-1.55281;-1.55258;-1.55231;-1.55195;-1.55149;-1.55094;-1.55026;-1.54942;-1.54842;-1.54722;-1.54578;-1.54408;-1.54208;-1.53969;-1.53687;-1.53355;-1.52961;-1.52496;-1.51948;-1.513;-1.50536;-1.49634;-1.48566;-1.47302;-1.45801;-1.44012;-1.41866
2;2579119382041;50;absz;97337.5;87040.7;77832.5;69598.1;62239.5;55669.8;49776.2;44503.9;39792.6;35577.1;31812.8;28442.5;25432.9;22740;20333.1;18181;16257.1;14535.5;12996.5;11620.7;10390.9;9290.94;8307.21;7427.56;6641.52;5938.24;5309.53;4747.16;4244.24;3794.64;3392.54;3032.98;2711.24;2423.6;2166.25;1936.07;1730.22;1546.02;1381.23;1233.8;1101.88;983.89;878.342;783.955;699.694;624.495;557.544;498.146;445.771;400.021
2;2579119382041;50;frequency;20000.00000002444;22385.53853899816;25055.61678390222;28044.17375656954;31389.19662092121;35133.2035329932;39323.78408414649;44014.2042055669;49264.08322518227;55140.1516811012;61717.09952482729;69078.52549602467;77317.99973512921;86540.25314108083;96862.50859274992;108415.9709538568;121347.4948009008;135821.4510731415;152021.8163702936;170154.5114554648;190450.0186878266;213166.3116533389;238592.1342356312;267050.6708003728;298903.6541519141;334555.9634717432;374460.7706856584;419125.3006744233;469117.2785435782;525072.1459047724;587701.13789258;657800.3235824071;736260.7247225839;824079.6413975459;922373.3285811875;1032391.184709951;1155531.632626961;1293359.894754076;1447627.888434013;1620296.494325686;1813560.480908265;2029876.401899315;2271993.821195295;2542990.262224833;2846310.325953354;3185809.474764127;3565803.038745301;3991121.067296888;4467169.723268114;4999999.999999929
2;2579119382041;50;phasez;-1.55405;-1.55359;-1.55358;-1.55297;-1.55253;-1.55204;-1.55145;-1.5509;-1.5501;-1.54916;-1.54805;-1.54691;-1.5455;-1.54389;-1.54216;-1.54013;-1.53794;-1.53536;-1.5325;-1.52928;-1.52572;-1.52164;-1.51714;-1.51208;-1.50644;-1.50012;-1.49303;-1.48509;-1.47624;-1.46629;-1.45516;-1.44271;-1.42873;-1.41306;-1.3955;-1.3758;-1.35368;-1.32881;-1.30086;-1.2694;-1.23396;-1.19399;-1.14883;-1.09772;-1.03968;-0.973779;-0.898668;-0.812887;-0.714763;-0.602309
3;2579435793692;20;absz;19792;16135.9;13153.1;10719.8;8739.3;7123.61;5806.02;4732.57;3856.72;3143.13;2560.94;2085.89;1698.48;1382.4;1124.31;913.675;741.862;602.056;489.018;399.071
3;2579435793692;20;frequency;99999.99999990905;122862.535599424;150952.0265389597;185463.4873444638;227865.1431623047;279960.8926363817;343967.05137965;422606.6409511731;519225.2346839865;637933.2888043621;783781.0140572543;962973.2274171232;1183133.324347452;1453627.601814205;1785963.729760951;2194280.323268956;2695948.443325946;3312310.615921419;4069588.809647371;4999999.999999929
3;2579435793692;20;phasez;-1.54129;-1.5378;-1.53353;-1.52815;-1.52151;-1.51331;-1.50317;-1.49068;-1.47526;-1.45626;-1.43281;-1.40388;-1.36809;-1.32375;-1.26868;-1.19997;-1.11373;-1.00486;-0.86609;-0.687951
