0;6907052977716;20;absz;1.39015e+08;1.01322e+08;7.38016e+07;5.37346e+07;3.91043e+07;2.84582e+07;2.06966e+07;1.50506e+07;1.09425e+07;7.95517e+06;5.78231e+06;4.20243e+06;3.0537e+06;2.21875e+06;1.61183e+06;1.17077e+06;850265;617405;448218;325336
0;6907052977716;20;frequency;9.999999974752427;13.86918846435492;19.23543905490988;26.67799336109056;37.00021196095804;51.31629158938722;71.17153245417285;98.70914048804025;136.9015682683994;189.8713664161278;263.3361782500288;365.2259113806622;506.5387032487934;702.5280792305466;974.3494403835484;1351.343611730726;1874.203936580443;2599.368780806799;3605.113577052066;4999.99999995282
0;6907052977716;20;phasez;-1.51486;-1.51769;-1.52035;-1.5227;-1.52451;-1.52648;-1.52748;-1.52848;-1.52951;-1.53022;-1.53078;-1.5312;-1.53139;-1.53133;-1.53096;-1.53013;-1.52868;-1.52639;-1.52292;-1.51782
1;6907822351663;50;absz;7.5109e+06;6.42318e+06;5.49923e+06;4.6992e+06;4.01726e+06;3.43946e+06;2.94352e+06;2.51912e+06;2.15445e+06;1.84345e+06;1.57714e+06;1.34933e+06;1.15427e+06;987184;844573;722433;617876;528488;451994;386581;330583;282717;241769;206738;176785;151164;129255;110522;94498.9;80799.5;69085.2;59068.1;50503.8;43179.3;36916.4;31560.8;26980.9;23063.5;19713.9;16848.6;14398;12301.3;10507.5;8972.34;7658.17;6532.65;5568.26;4740.99;4030.64;3419.84
1;6907822351663;50;frequency;199.9999999213742;234.625769479635;275.2462588517801;322.8993264769997;378.802514688914;444.3841576318164;521.3198749487447;611.5753842550475;717.456725922716;841.6691823498468;987.3863981368913;1158.33146786315;1358.872060208682;1594.132014446359;1870.122253535556;2193.894364737048;2573.720768452858;3019.306079821149;3542.035062906734;4155.263512473084;4874.659497176026;5718.603679767398;6708.658946337209;7870.121340545211;9232.666380967203;10831.10727442716;12706.28439819177;14906.10877695531;17486.78621595445;20514.25336674129;24065.86241733066;28232.35745111674;33120.19296963342;38854.25382030405;45581.04601983359;53472.44000269313;62730.06193403319;73590.44528463698;86331.07429211862;101277.4737211686;118811.5260634959;139381.228686517;163512.140226203;191820.8086789974;225030.524286467;263989.7996954232;309694.0495706946;363311.0235703185;426210.642505751;499999.9999999716
1;6907822351663;50;phasez;-1.53048;-1.53147;-1.53311;-1.53154;-1.53295;-1.53352;-1.5336;-1.53349;-1.5341;-1.5344;-1.53487;-1.5353;-1.53558;-1.53573;-1.53603;-1.53624;-1.53657;-1.53674;-1.53692;-1.53711;-1.53721;-1.53727;-1.5373;-1.53725;-1.53712;-1.53692;-1.53664;-1.53624;-1.53573;-1.53509;-1.5343;-1.53334;-1.53219;-1.53083;-1.52921;-1.5273;-1.52503;-1.52234;-1.51917;-1.5154;-1.51094;-1.50567;-1.49942;-1.49203;-1.48327;-1.47288;-1.46055;-1.44587;-1.42833;-1.40725
2;6908589307734;50;absz;83226.6;74515;66702.4;59717.2;53459.4;47862.9;42842.7;38352.5;34328.2;30728.2;27504.6;24621.2;22040.2;19727.4;17658.6;15806.3;14146.9;12662.8;11334.6;10144.6;9080.14;8126.82;7273.58;6509.98;5826.18;5214.25;4666.42;4175.97;3736.98;3343.99;2992.13;2677.11;2395.04;2142.46;1916.4;1713.9;1532.57;1370.16;1224.7;1094.43;977.755;873.268;779.685;695.878;620.977;554.032;494.333;441.286;394.38;353.293
2;6908589307734;50;frequency;20000.00000002444;22385.53853899816;25055.61678390222;28044.17375656954;31389.19662092121;35133.2035329932;39323.78408414649;44014.2042055669;49264.08322518227;55140.1516811012;61717.09952482729;69078.52549602467;77317.99973512921;86540.25314108083;96862.50859274992;108415.9709538568;121347.4948009008;135821.4510731415;152021.8163702936;170154.5114554648;190450.0186878266;213166.3116533389;238592.1342356312;267050.6708003728;298903.6541519141;334555.9634717432;374460.7706856584;419125.3006744233;469117.2785435782;525072.1459047724;587701.13789258;657800.3235824071;736260.7247225839;824079.6413975459;922373.3285811875;1032391.184709951;1155531.632626961;1293359.894754076;1447627.888434013;1620296.494325686;1813560.480908265;2029876.401899315;2271993.821195295;2542990.262224833;2846310.325953354;3185809.474764127;3565803.038745301;3991121.067296888;4467169.723268114;4999999.999999929
2;6908589307734;50;phasez;-1.53895;-1.53872;-1.5383;-1.53803;-1.53746;-1.53701;-1.53656;-1.53596;-1.53522;-1.53451;-1.53342;-1.53228;-1.53095;-1.52956;-1.52789;-1.52601;-1.52395;-1.52152;-1.51879;-1.51579;-1.51233;-1.50847;-1.50416;-1.49934;-1.49389;-1.48777;-1.48095;-1.47327;-1.46467;-1.455;-1.44418;-1.432;-1.41835;-1.40304;-1.38582;-1.36649;-1.34472;-1.32025;-1.29269;-1.26164;-1.22661;-1.18703;-1.14227;-1.09155;-1.0339;-0.968357;-0.893568;-0.808079;-0.710167;-0.597838
3;6908908807502;20;absz;17192.2;14042;11466.2;9364.11;7647.93;6244.2;5098.88;4162.77;3398.26;2773.66;2263.02;1845.61;1504.62;1225.67;997.554;810.957;658.398;533.97;433.056;352.408
3;6908908807502;20;frequency;99999.99999990905;122862.535599424;150952.0265389597;185463.4873444638;227865.1431623047;279960.8926363817;343967.05137965;422606.6409511731;519225.2346839865;637933.2888043621;783781.0140572543;962973.2274171232;1183133.324347452;1453627.601814205;1785963.729760951;2194280.323268956;2695948.443325946;3312310.615921419;4069588.809647371;4999999.999999929
3;6908908807502;20;phasez;-1.52707;-1.52377;-1.51976;-1.51475;-1.50844;-1.50064;-1.4909;-1.47885;-1.46395;-1.44548;-1.42263;-1.39433;-1.35922;-1.31561;-1.26126;-1.19331;-1.1078;-0.999578;-0.861349;-0.683515
