0;8821082921242;20;absz;1.36585e+08;9.96382e+07;7.25693e+07;5.28555e+07;3.84912e+07;2.8002e+07;2.03901e+07;1.48317e+07;1.0787e+07;7.844e+06;5.70309e+06;4.14559e+06;3.01296e+06;2.18945e+06;1.59081e+06;1.15573e+06;839473;609665;442710;321413
0;8821082921242;20;frequency;9.999999974752427;13.86918846435492;19.23543905490988;26.67799336109056;37.00021196095804;51.31629158938722;71.17153245417285;98.70914048804025;136.9015682683994;189.8713664161278;263.3361782500288;365.2259113806622;506.5387032487934;702.5280792305466;974.3494403835484;1351.343611730726;1874.203936580443;2599.368780806799;3605.113577052066;4999.99999995282
0;8821082921242;20;phasez;-1.51137;-1.51424;-1.51747;-1.51969;-1.52204;-1.52402;-1.52532;-1.5268;-1.52795;-1.52884;-1.52954;-1.53008;-1.53036;-1.53036;-1.53;-1.52917;-1.5277;-1.52537;-1.52186;-1.5167
1;8821851151518;50;absz;7.40083e+06;6.34675e+06;5.41424e+06;4.63054e+06;3.96395e+06;3.39316e+06;2.90397e+06;2.48501e+06;2.12562e+06;1.81933e+06;1.55674e+06;1.33166e+06;1.1394e+06;974664;833748;713241;610129;521918;446441;381862;326599;279334;238907;204318;174735;149431;127788;109280;93448.6;79910.1;68331.5;58430.2;49963.1;42721.9;36529.1;31233.4;26704.8;22830.8;19517.3;16683;14258.3;12183.7;10408.3;8888.74;7587.64;6473.24;5518.06;4698.68;3995.1;3390.02
1;8821851151518;50;frequency;199.9999999213742;234.625769479635;275.2462588517801;322.8993264769997;378.802514688914;444.3841576318164;521.3198749487447;611.5753842550475;717.456725922716;841.6691823498468;987.3863981368913;1158.33146786315;1358.872060208682;1594.132014446359;1870.122253535556;2193.894364737048;2573.720768452858;3019.306079821149;3542.035062906734;4155.263512473084;4874.659497176026;5718.603679767398;6708.658946337209;7870.121340545211;9232.666380967203;10831.10727442716;12706.28439819177;14906.10877695531;17486.78621595445;20514.25336674129;24065.86241733066;28232.35745111674;33120.19296963342;38854.25382030405;45581.04601983359;53472.44000269313;62730.06193403319;73590.44528463698;86331.07429211862;101277.4737211686;118811.5260634959;139381.228686517;163512.140226203;191820.8086789974;225030.524286467;263989.7996954232;309694.0495706946;363311.0235703185;426210.642505751;499999.9999999716
1;8821851151518;50;phasez;-1.52956;-1.53098;-1.53095;-1.53229;-1.53216;-1.53246;-1.53236;-1.53326;-1.53355;-1.53368;-1.53403;-1.53429;-1.53455;-1.53467;-1.53507;-1.53526;-1.5355;-1.53576;-1.53587;-1.53598;-1.53611;-1.53617;-1.53617;-1.53611;-1.536;-1.53579;-1.53551;-1.53511;-1.53461;-1.53397;-1.53317;-1.53221;-1.53106;-1.52967;-1.52804;-1.52611;-1.52382;-1.52112;-1.51794;-1.51417;-1.50972;-1.50446;-1.49823;-1.49086;-1.48212;-1.47175;-1.45943;-1.44476;-1.42721;-1.40613
2;8822619207763;50;absz;82309.3;73669.9;65972.2;59052.9;52875;47335.5;42389.4;37945.9;33967.8;30409.4;27222;24369.3;21814.2;19528.2;17481.7;15649.5;14008.2;12540.2;11225.6;10048.3;8994.53;8050.84;7206.42;6449.81;5773.01;5167.05;4624.49;4138.82;3703.84;3314.53;2966;2653.9;2374.46;2124.28;1900.23;1699.57;1519.87;1358.92;1214.75;1085.61;969.944;866.333;773.55;690.456;616.161;549.76;490.531;437.899;391.357;350.584
2;8822619207763;50;frequency;20000.00000002444;22385.53853899816;25055.61678390222;28044.17375656954;31389.19662092121;35133.2035329932;39323.78408414649;44014.2042055669;49264.08322518227;55140.1516811012;61717.09952482729;69078.52549602467;77317.99973512921;86540.25314108083;96862.50859274992;108415.9709538568;121347.4948009008;135821.4510731415;152021.8163702936;170154.5114554648;190450.0186878266;213166.3116533389;238592.1342356312;267050.6708003728;298903.6541519141;334555.9634717432;374460.7706856584;419125.3006744233;469117.2785435782;525072.1459047724;587701.13789258;657800.3235824071;736260.7247225839;824079.6413975459;922373.3285811875;1032391.184709951;1155531.632626961;1293359.894754076;1447627.888434013;1620296.494325686;1813560.480908265;2029876.401899315;2271993.821195295;2542990.262224833;2846310.325953354;3185809.474764127;3565803.038745301;3991121.067296888;4467169.723268114;4999999.999999929
2;8822619207763;50;phasez;-1.53746;-1.53752;-1.53721;-1.53683;-1.53639;-1.53601;-1.53534;-1.53485;-1.53403;-1.53322;-1.53228;-1.53106;-1.52986;-1.52828;-1.52671;-1.52485;-1.52262;-1.52028;-1.51759;-1.51455;-1.51114;-1.50733;-1.50304;-1.4982;-1.49276;-1.48668;-1.47982;-1.47215;-1.46355;-1.45387;-1.44303;-1.43085;-1.41719;-1.40185;-1.38461;-1.36524;-1.34348;-1.31897;-1.29139;-1.26031;-1.22525;-1.18565;-1.14085;-1.0901;-1.0324;-0.966807;-0.891967;-0.806413;-0.708412;-0.595984
3;8822937740618;20;absz;17017;13903.7;11354.9;9274.95;7576.21;6186.67;5052.49;4125.4;3368.16;2749.48;2243.6;1830;1492.09;1215.61;989.519;804.529;653.256;529.853;429.729;349.689
3;8822937740618;20;frequency;99999.99999990905;122862.535599424;150952.0265389597;185463.4873444638;227865.1431623047;279960.8926363817;343967.05137965;422606.6409511731;519225.2346839865;637933.2888043621;783781.0140572543;962973.2274171232;1183133.324347452;1453627.601814205;1785963.729760951;2194280.323268956;2695948.443325946;3312310.615921419;4069588.809647371;4999999.999999929
3;8822937740618;20;phasez;-1.52585;-1.52265;-1.51863;-1.51357;-1.50734;-1.49951;-1.48979;-1.47777;-1.46282;-1.44435;-1.42146;-1.39311;-1.35796;-1.31429;-1.2599;-1.19188;-1.1063;-0.997976;-0.859619;-0.681585
