0;142242617815;20;absz;3.136e+08;2.26523e+08;1.63397e+08;1.17927e+08;8.51591e+07;6.15117e+07;4.43505e+07;3.20077e+07;2.31078e+07;1.66793e+07;1.20388e+07;8.68974e+06;6.27229e+06;4.52734e+06;3.26785e+06;2.35867e+06;1.70247e+06;1.22879e+06;886898;640119
0;142242617815;20;frequency;9.999999974752427;13.86918846435492;19.23543905490988;26.67799336109056;37.00021196095804;51.31629158938722;71.17153245417285;98.70914048804025;136.9015682683994;189.8713664161278;263.3361782500288;365.2259113806622;506.5387032487934;702.5280792305466;974.3494403835484;1351.343611730726;1874.203936580443;2599.368780806799;3605.113577052066;4999.99999995282
0;142242617815;20;phasez;-1.56595;-1.56664;-1.56543;-1.56584;-1.56559;-1.56521;-1.56533;-1.56517;-1.56501;-1.56483;-1.56448;-1.56413;-1.56349;-1.56274;-1.56162;-1.56009;-1.55796;-1.55496;-1.55077;-1.54496
1;143010761856;50;absz;1.58023e+07;1.34491e+07;1.13955e+07;9.73408e+06;8.32314e+06;7.09386e+06;6.04134e+06;5.1522e+06;4.39158e+06;3.74641e+06;3.19646e+06;2.72655e+06;2.32421e+06;1.98255e+06;1.69088e+06;1.44202e+06;1.23009e+06;1.04892e+06;894562;762919;650643;554896;473219;403591;344211;293555;250368;213532;182123;155336;132482;113002;96383.2;82210;70120.7;59808.3;51009.6;43505.1;37102.2;31639.7;26978.6;23000.5;19604.6;16705.1;14229.2;12113.4;10304.4;8756.13;7429.91;6292.21
1;143010761856;50;frequency;199.9999999213742;234.625769479635;275.2462588517801;322.8993264769997;378.802514688914;444.3841576318164;521.3198749487447;611.5753842550475;717.456725922716;841.6691823498468;987.3863981368913;1158.33146786315;1358.872060208682;1594.132014446359;1870.122253535556;2193.894364737048;2573.720768452858;3019.306079821149;3542.035062906734;4155.263512473084;4874.659497176026;5718.603679767398;6708.658946337209;7870.121340545211;9232.666380967203;10831.10727442716;12706.28439819177;14906.10877695531;17486.78621595445;20514.25336674129;24065.86241733066;28232.35745111674;33120.19296963342;38854.25382030405;45581.04601983359;53472.44000269313;62730.06193403319;73590.44528463698;86331.07429211862;101277.4737211686;118811.5260634959;139381.228686517;163512.140226203;191820.8086789974;225030.524286467;263989.7996954232;309694.0495706946;363311.0235703185;426210.642505751;499999.9999999716
1;143010761856;50;phasez;-1.57118;-1.5655;-1.56597;-1.56673;-1.56625;-1.564;-1.56419;-1.56502;-1.56448;-1.5657;-1.56598;-1.56523;-1.56553;-1.5653;-1.56539;-1.56509;-1.56521;-1.56497;-1.5648;-1.56465;-1.56439;-1.56409;-1.56382;-1.56341;-1.56301;-1.5625;-1.5619;-1.56121;-1.56041;-1.55951;-1.55845;-1.55722;-1.5558;-1.55416;-1.55227;-1.55007;-1.54752;-1.54455;-1.54108;-1.53704;-1.53229;-1.52673;-1.52021;-1.51253;-1.5035;-1.49284;-1.48023;-1.46526;-1.44743;-1.42606
2;143780643587;50;absz;160096;143110;127919;114314;102180;91332.4;81560.4;72903.9;65154.1;58206.7;52028.7;46499.5;41556.4;37136;33181.9;29655.1;26505;23686.8;21169.1;18919.4;16908.6;15112;13506.6;12070.8;10788.4;9641.66;8616.69;7700.86;6882.29;6150.39;5496.44;4911.86;4389.17;3922.14;3504.48;3131.13;2797.43;2499.15;2232.54;1994.27;1781.34;1591.09;1421.16;1269.38;1134.33;1014.05;907.315;813.054;730.357;658.748
2;143780643587;50;frequency;20000.00000002444;22385.53853899816;25055.61678390222;28044.17375656954;31389.19662092121;35133.2035329932;39323.78408414649;44014.2042055669;49264.08322518227;55140.1516811012;61717.09952482729;69078.52549602467;77317.99973512921;86540.25314108083;96862.50859274992;108415.9709538568;121347.4948009008;135821.4510731415;152021.8163702936;170154.5114554648;190450.0186878266;213166.3116533389;238592.1342356312;267050.6708003728;298903.6541519141;334555.9634717432;374460.7706856584;419125.3006744233;469117.2785435782;525072.1459047724;587701.13789258;657800.3235824071;736260.7247225839;824079.6413975459;922373.3285811875;1032391.184709951;1155531.632626961;1293359.894754076;1447627.888434013;1620296.494325686;1813560.480908265;2029876.401899315;2271993.821195295;2542990.262224833;2846310.325953354;3185809.474764127;3565803.038745301;3991121.067296888;4467169.723268114;4999999.999999929
2;143780643587;50;phasez;-1.56319;-1.56256;-1.56251;-1.56189;-1.56107;-1.56059;-1.55973;-1.55909;-1.5582;-1.55729;-1.55599;-1.55459;-1.55306;-1.55138;-1.54956;-1.54752;-1.54519;-1.5426;-1.53968;-1.53644;-1.53286;-1.5288;-1.52431;-1.51927;-1.51366;-1.50738;-1.50033;-1.49244;-1.48365;-1.47379;-1.46275;-1.45037;-1.43651;-1.42098;-1.40355;-1.38397;-1.36202;-1.33734;-1.30958;-1.27833;-1.24314;-1.20345;-1.15862;-1.10786;-1.05022;-0.984841;-0.910344;-0.825344;-0.728171;-0.616959
3;144099392686;20;absz;32305.9;26311.5;21431.4;17457.8;14220.6;11577.6;9428.77;7678.67;6251.83;5091.13;4144.75;3374.21;2746.25;2234.44;1817.38;1478.08;1201.97;978.315;798.61;657.191
3;144099392686;20;frequency;99999.99999990905;122862.535599424;150952.0265389597;185463.4873444638;227865.1431623047;279960.8926363817;343967.05137965;422606.6409511731;519225.2346839865;637933.2888043621;783781.0140572543;962973.2274171232;1183133.324347452;1453627.601814205;1785963.729760951;2194280.323268956;2695948.443325946;3312310.615921419;4069588.809647371;4999999.999999929
3;144099392686;20;phasez;-1.54857;-1.54516;-1.54073;-1.53529;-1.52869;-1.5205;-1.51046;-1.49801;-1.48271;-1.46388;-1.44062;-1.41194;-1.37643;-1.33244;-1.27775;-1.20957;-1.12393;-1.01596;-0.878468;-0.702296
