0;6867994166040;20;absz;1.39108e+08;1.01386e+08;7.38499e+07;5.3746e+07;3.91282e+07;2.84778e+07;2.07083e+07;1.5059e+07;1.09495e+07;7.95952e+06;5.78541e+06;4.20463e+06;3.05537e+06;2.21991e+06;1.6127e+06;1.1714e+06;850698;617707;448444;325504
0;6867994166040;20;frequency;9.999999974752427;13.86918846435492;19.23543905490988;26.67799336109056;37.00021196095804;51.31629158938722;71.17153245417285;98.70914048804025;136.9015682683994;189.8713664161278;263.3361782500288;365.2259113806622;506.5387032487934;702.5280792305466;974.3494403835484;1351.343611730726;1874.203936580443;2599.368780806799;3605.113577052066;4999.99999995282
0;6867994166040;20;phasez;-1.51465;-1.51785;-1.52049;-1.52261;-1.52434;-1.52566;-1.52733;-1.52853;-1.52947;-1.53025;-1.53083;-1.53122;-1.53142;-1.53137;-1.53098;-1.53014;-1.52871;-1.52642;-1.52296;-1.51784
1;6868762486784;50;absz;7.50874e+06;6.43681e+06;5.49365e+06;4.70014e+06;4.02214e+06;3.44454e+06;2.94708e+06;2.52011e+06;2.15643e+06;1.84522e+06;1.57772e+06;1.34984e+06;1.15482e+06;987841;844902;722764;618222;528742;452211;386755;330759;282848;241881;206841;176867;151236;129316;110571;94542.6;80837.3;69116.6;59095.7;50524.9;43197.1;36932.3;31574;26991.3;23073.2;19721.6;16855.2;14403.3;12305.9;10511.4;8975.65;7660.94;6535.06;5570.16;4742.67;4032.15;3421.17
1;6868762486784;50;frequency;199.9999999213742;234.625769479635;275.2462588517801;322.8993264769997;378.802514688914;444.3841576318164;521.3198749487447;611.5753842550475;717.456725922716;841.6691823498468;987.3863981368913;1158.33146786315;1358.872060208682;1594.132014446359;1870.122253535556;2193.894364737048;2573.720768452858;3019.306079821149;3542.035062906734;4155.263512473084;4874.659497176026;5718.603679767398;6708.658946337209;7870.121340545211;9232.666380967203;10831.10727442716;12706.28439819177;14906.10877695531;17486.78621595445;20514.25336674129;24065.86241733066;28232.35745111674;33120.19296963342;38854.25382030405;45581.04601983359;53472.44000269313;62730.06193403319;73590.44528463698;86331.07429211862;101277.4737211686;118811.5260634959;139381.228686517;163512.140226203;191820.8086789974;225030.524286467;263989.7996954232;309694.0495706946;363311.0235703185;426210.642505751;499999.9999999716
1;6868762486784;50;phasez;-1.53299;-1.53258;-1.53263;-1.5331;-1.53258;-1.53277;-1.53374;-1.53395;-1.53409;-1.53463;-1.53496;-1.53516;-1.53557;-1.53592;-1.53598;-1.53629;-1.53654;-1.53675;-1.53697;-1.53715;-1.5372;-1.53732;-1.53732;-1.53728;-1.53717;-1.53696;-1.53667;-1.53628;-1.53577;-1.53513;-1.53434;-1.53338;-1.53224;-1.53087;-1.52925;-1.52734;-1.52507;-1.52238;-1.5192;-1.51544;-1.51098;-1.5057;-1.49945;-1.49206;-1.4833;-1.47291;-1.46058;-1.4459;-1.42836;-1.40728
2;6869531993183;50;absz;83260.7;74539.8;66729;59737.9;53476.2;47880.9;42854.4;38363.6;34339.6;30740.9;27514.8;24629.1;22046.3;19732.8;17662.6;15810.5;14151.7;12666.7;11337.2;10148;9082.77;8129.43;7275.69;6511.85;5827.87;5215.87;4667.75;4177.27;3738.15;3344.95;2993;2677.91;2395.76;2143.15;1916.95;1714.43;1533.03;1370.58;1225.07;1094.78;978.048;873.515;779.917;696.093;621.154;554.189;494.473;441.406;394.503;353.409
2;6869531993183;50;frequency;20000.00000002444;22385.53853899816;25055.61678390222;28044.17375656954;31389.19662092121;35133.2035329932;39323.78408414649;44014.2042055669;49264.08322518227;55140.1516811012;61717.09952482729;69078.52549602467;77317.99973512921;86540.25314108083;96862.50859274992;108415.9709538568;121347.4948009008;135821.4510731415;152021.8163702936;170154.5114554648;190450.0186878266;213166.3116533389;238592.1342356312;267050.6708003728;298903.6541519141;334555.9634717432;374460.7706856584;419125.3006744233;469117.2785435782;525072.1459047724;587701.13789258;657800.3235824071;736260.7247225839;824079.6413975459;922373.3285811875;1032391.184709951;1155531.632626961;1293359.894754076;1447627.888434013;1620296.494325686;1813560.480908265;2029876.401899315;2271993.821195295;2542990.262224833;2846310.325953354;3185809.474764127;3565803.038745301;3991121.067296888;4467169.723268114;4999999.999999929
2;6869531993183;50;phasez;-1.53865;-1.53869;-1.53842;-1.53799;-1.53768;-1.53711;-1.53685;-1.536;-1.53523;-1.53437;-1.53348;-1.5323;-1.53101;-1.52953;-1.52793;-1.52607;-1.52391;-1.52155;-1.51883;-1.51581;-1.51237;-1.50853;-1.50419;-1.49936;-1.49392;-1.48783;-1.48098;-1.4733;-1.46468;-1.45503;-1.4442;-1.43204;-1.41839;-1.40306;-1.38586;-1.3665;-1.34475;-1.32028;-1.29272;-1.26167;-1.22664;-1.18707;-1.14231;-1.09158;-1.03393;-0.968408;-0.893624;-0.808139;-0.710228;-0.5979
3;6869849905619;20;absz;17194.2;14046.8;11469.7;9366.96;7650.03;6246.33;5100.5;4164.01;3399.27;2774.51;2263.7;1846.19;1505.08;1226.04;997.852;811.205;658.598;534.142;433.187;352.517
3;6869849905619;20;frequency;99999.99999990905;122862.535599424;150952.0265389597;185463.4873444638;227865.1431623047;279960.8926363817;343967.05137965;422606.6409511731;519225.2346839865;637933.2888043621;783781.0140572543;962973.2274171232;1183133.324347452;1453627.601814205;1785963.729760951;2194280.323268956;2695948.443325946;3312310.615921419;4069588.809647371;4999999.999999929
3;6869849905619;20;phasez;-1.52713;-1.52389;-1.51985;-1.51482;-1.50848;-1.50067;-1.49093;-1.47888;-1.46397;-1.44553;-1.42266;-1.39436;-1.35926;-1.31564;-1.2613;-1.19335;-1.10784;-0.999624;-0.861401;-0.683569
