0;10534238572608;20;absz;1.35932e+08;9.91817e+07;7.22353e+07;5.26353e+07;3.83338e+07;2.78994e+07;2.03088e+07;1.47747e+07;1.07463e+07;7.81418e+06;5.6818e+06;4.13044e+06;3.00202e+06;2.1816e+06;1.58511e+06;1.15154e+06;836517;607550;441196;320328
0;10534238572608;20;frequency;9.999999974752427;13.86918846435492;19.23543905490988;26.67799336109056;37.00021196095804;51.31629158938722;71.17153245417285;98.70914048804025;136.9015682683994;189.8713664161278;263.3361782500288;365.2259113806622;506.5387032487934;702.5280792305466;974.3494403835484;1351.343611730726;1874.203936580443;2599.368780806799;3605.113577052066;4999.99999995282
0;10534238572608;20;phasez;-1.50997;-1.51338;-1.51645;-1.5192;-1.5214;-1.52301;-1.525;-1.52636;-1.52747;-1.52842;-1.52927;-1.52979;-1.53011;-1.53015;-1.5298;-1.52895;-1.52749;-1.52516;-1.52164;-1.51648
1;10535008710070;50;absz;7.35371e+06;6.30425e+06;5.39853e+06;4.61833e+06;3.95117e+06;3.38289e+06;2.89437e+06;2.4769e+06;2.11829e+06;1.81288e+06;1.55133e+06;1.32694e+06;1.13556e+06;971190;830946;710816;608027;520142;444907;380553;325513;278402;238112;203646;174168;148947;127381;108932;93154.4;79659.3;68118.5;58247.5;49808;42589.2;36416.2;31136.4;26621.1;22759.2;19456.2;16630.8;14213.6;12145.4;10375.6;8860.93;7564.1;6453.18;5501.13;4684.33;3982.96;3379.78
1;10535008710070;50;frequency;199.9999999213742;234.625769479635;275.2462588517801;322.8993264769997;378.802514688914;444.3841576318164;521.3198749487447;611.5753842550475;717.456725922716;841.6691823498468;987.3863981368913;1158.33146786315;1358.872060208682;1594.132014446359;1870.122253535556;2193.894364737048;2573.720768452858;3019.306079821149;3542.035062906734;4155.263512473084;4874.659497176026;5718.603679767398;6708.658946337209;7870.121340545211;9232.666380967203;10831.10727442716;12706.28439819177;14906.10877695531;17486.78621595445;20514.25336674129;24065.86241733066;28232.35745111674;33120.19296963342;38854.25382030405;45581.04601983359;53472.44000269313;62730.06193403319;73590.44528463698;86331.07429211862;101277.4737211686;118811.5260634959;139381.228686517;163512.140226203;191820.8086789974;225030.524286467;263989.7996954232;309694.0495706946;363311.0235703185;426210.642505751;499999.9999999716
1;10535008710070;50;phasez;-1.52808;-1.53073;-1.5312;-1.5316;-1.53169;-1.53179;-1.53231;-1.53264;-1.53358;-1.53327;-1.53355;-1.53391;-1.53429;-1.53461;-1.53474;-1.53512;-1.53524;-1.53549;-1.53568;-1.53575;-1.53588;-1.53592;-1.53595;-1.53589;-1.53577;-1.53558;-1.5353;-1.53492;-1.53443;-1.53381;-1.53303;-1.53209;-1.53096;-1.52959;-1.52797;-1.52605;-1.52377;-1.52107;-1.51788;-1.5141;-1.50964;-1.50436;-1.49812;-1.49073;-1.48197;-1.47159;-1.45925;-1.44457;-1.427;-1.4059
2;10535780049242;50;absz;82069.5;73469.6;65792.7;58897.1;52735.9;47203.5;42264.8;37831.6;33869.2;30317.8;27139;24296;21750.5;19469.7;17429.3;15601.7;13967.5;12502.6;11192.1;10018.2;8967.8;8026.86;7184.72;6430.93;5756;5151.9;4610.97;4126.69;3693.14;3305.01;2957.49;2646.3;2367.7;2118.24;1894.89;1694.86;1515.67;1355.18;1211.45;1082.7;967.362;864.039;771.529;688.666;614.576;548.359;489.274;436.775;390.349;349.671
2;10535780049242;50;frequency;20000.00000002444;22385.53853899816;25055.61678390222;28044.17375656954;31389.19662092121;35133.2035329932;39323.78408414649;44014.2042055669;49264.08322518227;55140.1516811012;61717.09952482729;69078.52549602467;77317.99973512921;86540.25314108083;96862.50859274992;108415.9709538568;121347.4948009008;135821.4510731415;152021.8163702936;170154.5114554648;190450.0186878266;213166.3116533389;238592.1342356312;267050.6708003728;298903.6541519141;334555.9634717432;374460.7706856584;419125.3006744233;469117.2785435782;525072.1459047724;587701.13789258;657800.3235824071;736260.7247225839;824079.6413975459;922373.3285811875;1032391.184709951;1155531.632626961;1293359.894754076;1447627.888434013;1620296.494325686;1813560.480908265;2029876.401899315;2271993.821195295;2542990.262224833;2846310.325953354;3185809.474764127;3565803.038745301;3991121.067296888;4467169.723268114;4999999.999999929
2;10535780049242;50;phasez;-1.53725;-1.53744;-1.53708;-1.53676;-1.53643;-1.53578;-1.53534;-1.5347;-1.53394;-1.5332;-1.53212;-1.53101;-1.52968;-1.52826;-1.52662;-1.52471;-1.52253;-1.52016;-1.51746;-1.51445;-1.51105;-1.5072;-1.50288;-1.49803;-1.49262;-1.48648;-1.47964;-1.47195;-1.46334;-1.45365;-1.44279;-1.43061;-1.41692;-1.40157;-1.38432;-1.36494;-1.34314;-1.31863;-1.29104;-1.25995;-1.22487;-1.18526;-1.14047;-1.08969;-1.03202;-0.966421;-0.891573;-0.806018;-0.708004;-0.595563
3;10536097352468;20;absz;16964.7;13862.2;11321.1;9247.55;7553.21;6168.29;5037.53;4113.5;3358.46;2741.44;2237.2;1824.86;1487.97;1212.32;986.887;802.426;651.57;528.482;428.618;348.779
3;10536097352468;20;frequency;99999.99999990905;122862.535599424;150952.0265389597;185463.4873444638;227865.1431623047;279960.8926363817;343967.05137965;422606.6409511731;519225.2346839865;637933.2888043621;783781.0140572543;962973.2274171232;1183133.324347452;1453627.601814205;1785963.729760951;2194280.323268956;2695948.443325946;3312310.615921419;4069588.809647371;4999999.999999929
3;10536097352468;20;phasez;-1.52568;-1.5225;-1.51849;-1.51342;-1.50715;-1.49935;-1.48961;-1.47753;-1.46262;-1.44409;-1.42117;-1.39281;-1.35764;-1.31396;-1.25954;-1.19152;-1.10596;-0.997633;-0.859274;-0.681252
