0;5794046966354;20;absz;1.42546e+08;1.03871e+08;7.55633e+07;5.50101e+07;4.00081e+07;2.90852e+07;2.11619e+07;1.53841e+07;1.11823e+07;8.12701e+06;5.90587e+06;4.29122e+06;3.11751e+06;2.26448e+06;1.64463e+06;1.19423e+06;867033;629379;456817;331508
0;5794046966354;20;frequency;9.999999974752427;13.86918846435492;19.23543905490988;26.67799336109056;37.00021196095804;51.31629158938722;71.17153245417285;98.70914048804025;136.9015682683994;189.8713664161278;263.3361782500288;365.2259113806622;506.5387032487934;702.5280792305466;974.3494403835484;1351.343611730726;1874.203936580443;2599.368780806799;3605.113577052066;4999.99999995282
0;5794046966354;20;phasez;-1.52104;-1.5224;-1.52457;-1.52584;-1.52743;-1.52837;-1.5295;-1.53035;-1.53109;-1.53174;-1.53223;-1.53256;-1.53273;-1.53267;-1.5323;-1.53148;-1.53;-1.52767;-1.52413;-1.51895
1;5794816989059;50;absz;7.65768e+06;6.55497e+06;5.60789e+06;4.80094e+06;4.09808e+06;3.5125e+06;3.00543e+06;2.5717e+06;2.19873e+06;1.88131e+06;1.60901e+06;1.37644e+06;1.17727e+06;1.00697e+06;861203;736527;629884;538697;460659;393931;336856;288048;246298;210605;180070;153957;131632;112541;96214.4;82254.5;70318;60113.1;51388;43928.6;37550.1;32096.6;27434.3;23447.4;20038.8;17123.6;14630.7;12498.6;10674.6;9113.94;7778.07;6634.29;5654.15;4813.71;4092.07;3471.63
1;5794816989059;50;frequency;199.9999999213742;234.625769479635;275.2462588517801;322.8993264769997;378.802514688914;444.3841576318164;521.3198749487447;611.5753842550475;717.456725922716;841.6691823498468;987.3863981368913;1158.33146786315;1358.872060208682;1594.132014446359;1870.122253535556;2193.894364737048;2573.720768452858;3019.306079821149;3542.035062906734;4155.263512473084;4874.659497176026;5718.603679767398;6708.658946337209;7870.121340545211;9232.666380967203;10831.10727442716;12706.28439819177;14906.10877695531;17486.78621595445;20514.25336674129;24065.86241733066;28232.35745111674;33120.19296963342;38854.25382030405;45581.04601983359;53472.44000269313;62730.06193403319;73590.44528463698;86331.07429211862;101277.4737211686;118811.5260634959;139381.228686517;163512.140226203;191820.8086789974;225030.524286467;263989.7996954232;309694.0495706946;363311.0235703185;426210.642505751;499999.9999999716
1;5794816989059;50;phasez;-1.53416;-1.53426;-1.53227;-1.53345;-1.53406;-1.53451;-1.53471;-1.53557;-1.53579;-1.53581;-1.53629;-1.53667;-1.53677;-1.53716;-1.53731;-1.5376;-1.53784;-1.53801;-1.5381;-1.53828;-1.53832;-1.5384;-1.53843;-1.53839;-1.53828;-1.53813;-1.53785;-1.53751;-1.53704;-1.53643;-1.53569;-1.53476;-1.53365;-1.53229;-1.53068;-1.52878;-1.5265;-1.5238;-1.52059;-1.5168;-1.51232;-1.50701;-1.50074;-1.49333;-1.48455;-1.47416;-1.46184;-1.44717;-1.42965;-1.4086
2;5795587388399;50;absz;84739.1;75874.2;67916.5;60785;54407;48702.2;43589.2;39021.7;34922;31251.9;27973.4;25035.8;22404.9;20055;17948.7;16064.3;14377.8;12867.9;11516.8;10307.3;9224.57;8255.7;7388.21;6611.92;5917.11;5295.08;4738.43;4240.16;3794.07;3394.71;3037.23;2717.21;2430.67;2174.21;1944.57;1738.97;1554.83;1389.94;1242.29;1110.05;991.618;885.564;790.602;705.589;629.607;561.729;501.193;447.407;399.873;358.238
2;5795587388399;50;frequency;20000.00000002444;22385.53853899816;25055.61678390222;28044.17375656954;31389.19662092121;35133.2035329932;39323.78408414649;44014.2042055669;49264.08322518227;55140.1516811012;61717.09952482729;69078.52549602467;77317.99973512921;86540.25314108083;96862.50859274992;108415.9709538568;121347.4948009008;135821.4510731415;152021.8163702936;170154.5114554648;190450.0186878266;213166.3116533389;238592.1342356312;267050.6708003728;298903.6541519141;334555.9634717432;374460.7706856584;419125.3006744233;469117.2785435782;525072.1459047724;587701.13789258;657800.3235824071;736260.7247225839;824079.6413975459;922373.3285811875;1032391.184709951;1155531.632626961;1293359.894754076;1447627.888434013;1620296.494325686;1813560.480908265;2029876.401899315;2271993.821195295;2542990.262224833;2846310.325953354;3185809.474764127;3565803.038745301;3991121.067296888;4467169.723268114;4999999.999999929
2;5795587388399;50;phasez;-1.54016;-1.54022;-1.53966;-1.53952;-1.53896;-1.53863;-1.53791;-1.53732;-1.53674;-1.53578;-1.53487;-1.5338;-1.53242;-1.53098;-1.52929;-1.5274;-1.52524;-1.52284;-1.52013;-1.51709;-1.51365;-1.50977;-1.50545;-1.50062;-1.49516;-1.48908;-1.48226;-1.47457;-1.46599;-1.45636;-1.44554;-1.4334;-1.41978;-1.40447;-1.38728;-1.36795;-1.34622;-1.32178;-1.29424;-1.26322;-1.22821;-1.18867;-1.14395;-1.09324;-1.03565;-0.970154;-0.895423;-0.810008;-0.712176;-0.599948
3;5795906643129;20;absz;17475.1;14271.7;11652.3;9514.33;7769.24;6342.73;5178.26;4227.04;3450.12;2815.55;2296.81;1872.8;1526.56;1243.33;1011.77;822.415;667.641;541.44;439.12;357.385
3;5795906643129;20;frequency;99999.99999990905;122862.535599424;150952.0265389597;185463.4873444638;227865.1431623047;279960.8926363817;343967.05137965;422606.6409511731;519225.2346839865;637933.2888043621;783781.0140572543;962973.2274171232;1183133.324347452;1453627.601814205;1785963.729760951;2194280.323268956;2695948.443325946;3312310.615921419;4069588.809647371;4999999.999999929
3;5795906643129;20;phasez;-1.5285;-1.52519;-1.52112;-1.51604;-1.50976;-1.5019;-1.4922;-1.48016;-1.4653;-1.44687;-1.42406;-1.39578;-1.36073;-1.31716;-1.26287;-1.19497;-1.10953;-1.00139;-0.863285;-0.685591
