0;2407391689082;20;absz;1.8195e+08;1.31805e+08;9.54127e+07;6.90723e+07;4.99953e+07;3.62027e+07;2.61923e+07;1.89583e+07;1.3722e+07;9.93199e+06;7.18842e+06;5.20239e+06;3.76484e+06;2.72442e+06;1.97137e+06;1.42639e+06;1.03199e+06;746590;540062;390628
0;2407391689082;20;frequency;9.999999974752427;13.86918846435492;19.23543905490988;26.67799336109056;37.00021196095804;51.31629158938722;71.17153245417285;98.70914048804025;136.9015682683994;189.8713664161278;263.3361782500288;365.2259113806622;506.5387032487934;702.5280792305466;974.3494403835484;1351.343611730726;1874.203936580443;2599.368780806799;3605.113577052066;4999.99999995282
0;2407391689082;20;phasez;-1.55028;-1.55082;-1.55111;-1.55138;-1.55157;-1.55118;-1.55189;-1.55179;-1.55192;-1.55185;-1.55176;-1.5516;-1.55131;-1.55078;-1.54997;-1.54873;-1.54688;-1.54423;-1.54042;-1.53503
1;2408161859197;50;absz;9.34652e+06;7.99688e+06;6.82134e+06;5.8274e+06;4.97785e+06;4.24691e+06;3.62785e+06;3.09862e+06;2.64478e+06;2.25883e+06;1.92848e+06;1.64658e+06;1.40614e+06;1.20052e+06;1.02498e+06;875222;747222;637984;544677;465039;397027;338940;289345;247011;210859;179992;153646;131155;111952;95561.7;81566.7;69622.2;59425;50722.2;43292.9;36950.1;31536.1;26914.2;22968.7;19599.8;16723.3;14266.9;12168.4;10375.8;8843.73;7533.67;6413.06;5453.38;4630.66;3924.36
1;2408161859197;50;frequency;199.9999999213742;234.625769479635;275.2462588517801;322.8993264769997;378.802514688914;444.3841576318164;521.3198749487447;611.5753842550475;717.456725922716;841.6691823498468;987.3863981368913;1158.33146786315;1358.872060208682;1594.132014446359;1870.122253535556;2193.894364737048;2573.720768452858;3019.306079821149;3542.035062906734;4155.263512473084;4874.659497176026;5718.603679767398;6708.658946337209;7870.121340545211;9232.666380967203;10831.10727442716;12706.28439819177;14906.10877695531;17486.78621595445;20514.25336674129;24065.86241733066;28232.35745111674;33120.19296963342;38854.25382030405;45581.04601983359;53472.44000269313;62730.06193403319;73590.44528463698;86331.07429211862;101277.4737211686;118811.5260634959;139381.228686517;163512.140226203;191820.8086789974;225030.524286467;263989.7996954232;309694.0495706946;363311.0235703185;426210.642505751;499999.9999999716
1;2408161859197;50;phasez;-1.55045;-1.55174;-1.55308;-1.55452;-1.55375;-1.55412;-1.55352;-1.55354;-1.55367;-1.55385;-1.55374;-1.55418;-1.55399;-1.55417;-1.55419;-1.55423;-1.55448;-1.55441;-1.55447;-1.55446;-1.55442;-1.55439;-1.55432;-1.55414;-1.55395;-1.55367;-1.55329;-1.55283;-1.55222;-1.55151;-1.55062;-1.54956;-1.54828;-1.54677;-1.54498;-1.54287;-1.54039;-1.53748;-1.53404;-1.53;-1.52525;-1.51965;-1.51308;-1.50534;-1.49622;-1.48545;-1.47272;-1.45762;-1.43965;-1.4181
2;2408929303811;50;absz;98486.9;88048.7;78738.2;70405;62965.2;56292;50327.3;44996.3;40228.9;35972.6;32161.8;28755.9;25710.4;22988.6;20552.4;18376.3;16430.6;14692.2;13136.2;11745.8;10502.2;9390.69;8396.61;7507.89;6713.2;6002.36;5367.08;4798.99;4290.83;3836.43;3430.03;3066.61;2741.52;2450.78;2190.74;1958.14;1750.05;1563.89;1397.31;1248.26;1114.94;995.651;888.966;793.531;708.357;632.354;564.657;504.631;451.689;405.454
2;2408929303811;50;frequency;20000.00000002444;22385.53853899816;25055.61678390222;28044.17375656954;31389.19662092121;35133.2035329932;39323.78408414649;44014.2042055669;49264.08322518227;55140.1516811012;61717.09952482729;69078.52549602467;77317.99973512921;86540.25314108083;96862.50859274992;108415.9709538568;121347.4948009008;135821.4510731415;152021.8163702936;170154.5114554648;190450.0186878266;213166.3116533389;238592.1342356312;267050.6708003728;298903.6541519141;334555.9634717432;374460.7706856584;419125.3006744233;469117.2785435782;525072.1459047724;587701.13789258;657800.3235824071;736260.7247225839;824079.6413975459;922373.3285811875;1032391.184709951;1155531.632626961;1293359.894754076;1447627.888434013;1620296.494325686;1813560.480908265;2029876.401899315;2271993.821195295;2542990.262224833;2846310.325953354;3185809.474764127;3565803.038745301;3991121.067296888;4467169.723268114;4999999.999999929
2;2408929303811;50;phasez;-1.55517;-1.55472;-1.55456;-1.5541;-1.55377;-1.55313;-1.55257;-1.55163;-1.5509;-1.54988;-1.54878;-1.54751;-1.54605;-1.54442;-1.5426;-1.54053;-1.53813;-1.53554;-1.53258;-1.52934;-1.52567;-1.52158;-1.51702;-1.51188;-1.50615;-1.49977;-1.49262;-1.48465;-1.47571;-1.46571;-1.45453;-1.44202;-1.42799;-1.41228;-1.39466;-1.3749;-1.35272;-1.32783;-1.29984;-1.26834;-1.23286;-1.19284;-1.14766;-1.0965;-1.03842;-0.972493;-0.897355;-0.811563;-0.713393;-0.600921
3;2409247521323;20;absz;20007.4;16310.5;13295.9;10835.7;8832.87;7200.55;5868.79;4784.29;3899.29;3178.01;2589.61;2109.62;1717.99;1398.53;1137.63;924.717;751.027;609.665;495.396;404.482
3;2409247521323;20;frequency;99999.99999990905;122862.535599424;150952.0265389597;185463.4873444638;227865.1431623047;279960.8926363817;343967.05137965;422606.6409511731;519225.2346839865;637933.2888043621;783781.0140572543;962973.2274171232;1183133.324347452;1453627.601814205;1785963.729760951;2194280.323268956;2695948.443325946;3312310.615921419;4069588.809647371;4999999.999999929
3;2409247521323;20;phasez;-1.54171;-1.53814;-1.53367;-1.52817;-1.52139;-1.51303;-1.50282;-1.49022;-1.47469;-1.45558;-1.43204;-1.403;-1.36714;-1.32272;-1.26758;-1.1988;-1.11251;-1.00356;-0.864724;-0.686524
