0;3046227790022;20;absz;1.7054e+08;1.23797e+08;8.97568e+07;6.50744e+07;4.71747e+07;3.42142e+07;2.4783e+07;1.79582e+07;1.30128e+07;9.42605e+06;6.82665e+06;4.94343e+06;3.57924e+06;2.59131e+06;1.87601e+06;1.35811e+06;983158;711718;515214;372943
0;3046227790022;20;frequency;9.999999974752427;13.86918846435492;19.23543905490988;26.67799336109056;37.00021196095804;51.31629158938722;71.17153245417285;98.70914048804025;136.9015682683994;189.8713664161278;263.3361782500288;365.2259113806622;506.5387032487934;702.5280792305466;974.3494403835484;1351.343611730726;1874.203936580443;2599.368780806799;3605.113577052066;4999.99999995282
0;3046227790022;20;phasez;-1.54041;-1.54212;-1.54308;-1.54363;-1.54465;-1.54513;-1.54577;-1.54654;-1.54722;-1.54775;-1.54812;-1.54828;-1.54818;-1.54776;-1.54693;-1.54559;-1.54361;-1.54076;-1.53675;-1.53113
1;3046995948146;50;absz;8.88741e+06;7.58341e+06;6.48238e+06;5.54198e+06;4.73126e+06;4.03824e+06;3.449e+06;2.94658e+06;2.51608e+06;2.14913e+06;1.83498e+06;1.56726e+06;1.33886e+06;1.1433e+06;976626;833989;712377;608384;519590;443786;379035;323708;276475;236117;201661;172226;147089;125619;107284;91621.8;78245.5;66821.9;57064.5;48731.6;41614.8;35535.4;30343.1;25907.2;22118.3;18881.2;16115.7;13752.9;11733.4;10007.4;8531.6;7268.97;6188.54;5262.92;4469.13;3787.48
1;3046995948146;50;frequency;199.9999999213742;234.625769479635;275.2462588517801;322.8993264769997;378.802514688914;444.3841576318164;521.3198749487447;611.5753842550475;717.456725922716;841.6691823498468;987.3863981368913;1158.33146786315;1358.872060208682;1594.132014446359;1870.122253535556;2193.894364737048;2573.720768452858;3019.306079821149;3542.035062906734;4155.263512473084;4874.659497176026;5718.603679767398;6708.658946337209;7870.121340545211;9232.666380967203;10831.10727442716;12706.28439819177;14906.10877695531;17486.78621595445;20514.25336674129;24065.86241733066;28232.35745111674;33120.19296963342;38854.25382030405;45581.04601983359;53472.44000269313;62730.06193403319;73590.44528463698;86331.07429211862;101277.4737211686;118811.5260634959;139381.228686517;163512.140226203;191820.8086789974;225030.524286467;263989.7996954232;309694.0495706946;363311.0235703185;426210.642505751;499999.9999999716
1;3046995948146;50;phasez;-1.55184;-1.54847;-1.55085;-1.54973;-1.54994;-1.54975;-1.55064;-1.55062;-1.55;-1.55085;-1.55105;-1.551;-1.55086;-1.55093;-1.55098;-1.55091;-1.55084;-1.55087;-1.55077;-1.55069;-1.55055;-1.5504;-1.55022;-1.54997;-1.54968;-1.54934;-1.5489;-1.54839;-1.54779;-1.54707;-1.54621;-1.54519;-1.54399;-1.54258;-1.54092;-1.53898;-1.53668;-1.53396;-1.53075;-1.52696;-1.52247;-1.51717;-1.51089;-1.50345;-1.49465;-1.48421;-1.4718;-1.45704;-1.43939;-1.41819
2;3047765607466;50;absz;94414.1;84454.5;75547.2;67561.4;60437.1;54054;48349.6;43243.7;38681.4;34599.9;30943;27674.5;24750.5;22136.1;19796.8;17705.1;15834.2;14161.3;12664.4;11326;10129.1;9058.05;8100.39;7243.69;6477.4;5792.33;5179.26;4631.12;4140.79;3702.25;3309.97;2959.11;2645.18;2364.48;2113.3;1888.65;1687.69;1507.89;1347.02;1203.07;1074.31;959.094;856.058;763.902;681.605;608.156;542.741;484.71;433.513;388.759
2;3047765607466;50;frequency;20000.00000002444;22385.53853899816;25055.61678390222;28044.17375656954;31389.19662092121;35133.2035329932;39323.78408414649;44014.2042055669;49264.08322518227;55140.1516811012;61717.09952482729;69078.52549602467;77317.99973512921;86540.25314108083;96862.50859274992;108415.9709538568;121347.4948009008;135821.4510731415;152021.8163702936;170154.5114554648;190450.0186878266;213166.3116533389;238592.1342356312;267050.6708003728;298903.6541519141;334555.9634717432;374460.7706856584;419125.3006744233;469117.2785435782;525072.1459047724;587701.13789258;657800.3235824071;736260.7247225839;824079.6413975459;922373.3285811875;1032391.184709951;1155531.632626961;1293359.894754076;1447627.888434013;1620296.494325686;1813560.480908265;2029876.401899315;2271993.821195295;2542990.262224833;2846310.325953354;3185809.474764127;3565803.038745301;3991121.067296888;4467169.723268114;4999999.999999929
2;3047765607466;50;phasez;-1.5506;-1.55038;-1.5502;-1.54955;-1.54924;-1.54878;-1.54855;-1.54762;-1.547;-1.54615;-1.54512;-1.54395;-1.54261;-1.54112;-1.53943;-1.53756;-1.53542;-1.53297;-1.53028;-1.52721;-1.52371;-1.51987;-1.5155;-1.51065;-1.50516;-1.499;-1.4921;-1.48435;-1.47567;-1.4659;-1.45494;-1.44266;-1.42885;-1.41337;-1.39597;-1.37643;-1.35445;-1.32977;-1.30198;-1.27068;-1.23541;-1.1956;-1.15061;-1.09964;-1.04178;-0.976053;-0.901116;-0.815521;-0.717544;-0.605247
3;3048082978375;20;absz;19271;15716.3;12815.9;10449;8520.27;6946.31;5662.93;4616.61;3762.67;3066.5;2498.38;2034.88;1656.72;1348.11;1096.18;890.527;722.74;586.205;475.771;387.811
3;3048082978375;20;frequency;99999.99999990905;122862.535599424;150952.0265389597;185463.4873444638;227865.1431623047;279960.8926363817;343967.05137965;422606.6409511731;519225.2346839865;637933.2888043621;783781.0140572543;962973.2274171232;1183133.324347452;1453627.601814205;1785963.729760951;2194280.323268956;2695948.443325946;3312310.615921419;4069588.809647371;4999999.999999929
3;3048082978375;20;phasez;-1.53864;-1.53537;-1.53125;-1.52616;-1.51978;-1.51191;-1.50209;-1.48992;-1.47484;-1.45616;-1.43302;-1.40439;-1.36891;-1.32489;-1.27011;-1.20171;-1.1158;-1.0072;-0.868744;-0.690873
