0;9543782524452;20;absz;1.36271e+08;9.93275e+07;7.23934e+07;5.27321e+07;3.8397e+07;2.79404e+07;2.03405e+07;1.47973e+07;1.07628e+07;7.82752e+06;5.69146e+06;4.13741e+06;3.00722e+06;2.18538e+06;1.58787e+06;1.15355e+06;837932;608573;441920;320851
0;9543782524452;20;frequency;9.999999974752427;13.86918846435492;19.23543905490988;26.67799336109056;37.00021196095804;51.31629158938722;71.17153245417285;98.70914048804025;136.9015682683994;189.8713664161278;263.3361782500288;365.2259113806622;506.5387032487934;702.5280792305466;974.3494403835484;1351.343611730726;1874.203936580443;2599.368780806799;3605.113577052066;4999.99999995282
0;9543782524452;20;phasez;-1.51061;-1.51431;-1.51714;-1.51961;-1.52175;-1.5238;-1.52519;-1.52643;-1.52756;-1.52846;-1.52922;-1.52979;-1.53013;-1.53019;-1.52985;-1.52904;-1.52758;-1.52527;-1.52177;-1.51662
1;9544553958800;50;absz;7.40122e+06;6.31516e+06;5.39897e+06;4.6211e+06;3.95854e+06;3.38383e+06;2.89817e+06;2.48065e+06;2.12296e+06;1.81608e+06;1.55381e+06;1.3293e+06;1.13714e+06;972858;832293;712013;609048;520990;445654;381168;326018;278861;238493;203972;174439;149178;127573;109094;93292;79775.3;68216.5;58332.2;49879.4;42650.1;36467.6;31180.5;26657.8;22790.6;19482.4;16652.9;14232.5;12161.3;10389.1;8872.21;7573.64;6461.29;5507.9;4690.09;3987.81;3383.87
1;9544553958800;50;frequency;199.9999999213742;234.625769479635;275.2462588517801;322.8993264769997;378.802514688914;444.3841576318164;521.3198749487447;611.5753842550475;717.456725922716;841.6691823498468;987.3863981368913;1158.33146786315;1358.872060208682;1594.132014446359;1870.122253535556;2193.894364737048;2573.720768452858;3019.306079821149;3542.035062906734;4155.263512473084;4874.659497176026;5718.603679767398;6708.658946337209;7870.121340545211;9232.666380967203;10831.10727442716;12706.28439819177;14906.10877695531;17486.78621595445;20514.25336674129;24065.86241733066;28232.35745111674;33120.19296963342;38854.25382030405;45581.04601983359;53472.44000269313;62730.06193403319;73590.44528463698;86331.07429211862;101277.4737211686;118811.5260634959;139381.228686517;163512.140226203;191820.8086789974;225030.524286467;263989.7996954232;309694.0495706946;363311.0235703185;426210.642505751;499999.9999999716
1;9544553958800;50;phasez;-1.53114;-1.53027;-1.53085;-1.53082;-1.53113;-1.53177;-1.53248;-1.53262;-1.53332;-1.5333;-1.5338;-1.53408;-1.53437;-1.53465;-1.53489;-1.53512;-1.53541;-1.53559;-1.53574;-1.53594;-1.53599;-1.53606;-1.53609;-1.53606;-1.53593;-1.53574;-1.53545;-1.53508;-1.53459;-1.53396;-1.53318;-1.53223;-1.53109;-1.52973;-1.5281;-1.52619;-1.52391;-1.52121;-1.51802;-1.51425;-1.50979;-1.50451;-1.49826;-1.49087;-1.48211;-1.47173;-1.45939;-1.4447;-1.42715;-1.40604
2;9545321878487;50;absz;82200.1;73603.1;65896.2;58989.7;52811;47274.1;42324;37891.8;33920.9;30367.2;27182.6;24331.7;21782.8;19498.8;17455.8;15625.6;13987.5;12521.2;11208.4;10033.2;8980;8038.24;7194.91;6439.94;5763.98;5158.96;4617.24;4132.33;3698.13;3309.39;2961.41;2649.78;2370.81;2120.99;1897.3;1696.97;1517.54;1356.84;1212.92;1084.02;968.511;865.073;772.419;689.464;615.289;548.983;489.837;437.274;390.8;350.072
2;9545321878487;50;frequency;20000.00000002444;22385.53853899816;25055.61678390222;28044.17375656954;31389.19662092121;35133.2035329932;39323.78408414649;44014.2042055669;49264.08322518227;55140.1516811012;61717.09952482729;69078.52549602467;77317.99973512921;86540.25314108083;96862.50859274992;108415.9709538568;121347.4948009008;135821.4510731415;152021.8163702936;170154.5114554648;190450.0186878266;213166.3116533389;238592.1342356312;267050.6708003728;298903.6541519141;334555.9634717432;374460.7706856584;419125.3006744233;469117.2785435782;525072.1459047724;587701.13789258;657800.3235824071;736260.7247225839;824079.6413975459;922373.3285811875;1032391.184709951;1155531.632626961;1293359.894754076;1447627.888434013;1620296.494325686;1813560.480908265;2029876.401899315;2271993.821195295;2542990.262224833;2846310.325953354;3185809.474764127;3565803.038745301;3991121.067296888;4467169.723268114;4999999.999999929
2;9545321878487;50;phasez;-1.53767;-1.53769;-1.5373;-1.53679;-1.53653;-1.53588;-1.53546;-1.53491;-1.5342;-1.53334;-1.53217;-1.53114;-1.52988;-1.52843;-1.52672;-1.52485;-1.52276;-1.52031;-1.51759;-1.51457;-1.51114;-1.50735;-1.50301;-1.49816;-1.49272;-1.48662;-1.47978;-1.47209;-1.46347;-1.45378;-1.44293;-1.43075;-1.41709;-1.40172;-1.38447;-1.36509;-1.34331;-1.3188;-1.2912;-1.26011;-1.22503;-1.18542;-1.14062;-1.08983;-1.03217;-0.966567;-0.891714;-0.806152;-0.708145;-0.595715
3;9545638362196;20;absz;16997.8;13887.2;11341.2;9263.37;7566.41;6178.35;5045.94;4120.03;3363.87;2745.79;2240.65;1827.61;1490.19;1214.12;988.309;803.574;652.483;529.214;429.215;349.267
3;9545638362196;20;frequency;99999.99999990905;122862.535599424;150952.0265389597;185463.4873444638;227865.1431623047;279960.8926363817;343967.05137965;422606.6409511731;519225.2346839865;637933.2888043621;783781.0140572543;962973.2274171232;1183133.324347452;1453627.601814205;1785963.729760951;2194280.323268956;2695948.443325946;3312310.615921419;4069588.809647371;4999999.999999929
3;9545638362196;20;phasez;-1.52589;-1.52273;-1.51869;-1.51359;-1.50731;-1.49949;-1.48975;-1.47765;-1.46272;-1.44422;-1.42132;-1.39295;-1.35778;-1.31409;-1.25967;-1.19164;-1.10605;-0.997712;-0.859343;-0.681322
