0;6307271415380;20;absz;1.40657e+08;1.0239e+08;7.45462e+07;5.42713e+07;3.94885e+07;2.87347e+07;2.089e+07;1.51907e+07;1.10434e+07;8.02713e+06;5.8343e+06;4.24006e+06;3.08093e+06;2.23844e+06;1.62607e+06;1.18102e+06;857647;622697;452032;328094
0;6307271415380;20;frequency;9.999999974752427;13.86918846435492;19.23543905490988;26.67799336109056;37.00021196095804;51.31629158938722;71.17153245417285;98.70914048804025;136.9015682683994;189.8713664161278;263.3361782500288;365.2259113806622;506.5387032487934;702.5280792305466;974.3494403835484;1351.343611730726;1874.203936580443;2599.368780806799;3605.113577052066;4999.99999995282
0;6307271415380;20;phasez;-1.51914;-1.52036;-1.52233;-1.52405;-1.52579;-1.52663;-1.52838;-1.52928;-1.53011;-1.53074;-1.53123;-1.53155;-1.53172;-1.53166;-1.5313;-1.53051;-1.52906;-1.52677;-1.52329;-1.51817
1;6308042827789;50;absz;7.56769e+06;6.47253e+06;5.54064e+06;4.745e+06;4.05783e+06;3.47183e+06;2.97192e+06;2.54019e+06;2.17427e+06;1.85942e+06;1.59082e+06;1.36109e+06;1.16431e+06;995937;851925;728652;623202;533014;455841;389853;333388;285096;243801;208469;178259;152422;130323;111427;95270.6;81453.6;69638.8;59535.6;50899.8;43515.4;37200.5;31800.8;27183.4;23235.5;19858.8;16971.5;14502.2;12389.5;10582.3;9035.76;7712.02;6578.33;5606.87;4773.73;4058.36;3443.24
1;6308042827789;50;frequency;199.9999999213742;234.625769479635;275.2462588517801;322.8993264769997;378.802514688914;444.3841576318164;521.3198749487447;611.5753842550475;717.456725922716;841.6691823498468;987.3863981368913;1158.33146786315;1358.872060208682;1594.132014446359;1870.122253535556;2193.894364737048;2573.720768452858;3019.306079821149;3542.035062906734;4155.263512473084;4874.659497176026;5718.603679767398;6708.658946337209;7870.121340545211;9232.666380967203;10831.10727442716;12706.28439819177;14906.10877695531;17486.78621595445;20514.25336674129;24065.86241733066;28232.35745111674;33120.19296963342;38854.25382030405;45581.04601983359;53472.44000269313;62730.06193403319;73590.44528463698;86331.07429211862;101277.4737211686;118811.5260634959;139381.228686517;163512.140226203;191820.8086789974;225030.524286467;263989.7996954232;309694.0495706946;363311.0235703185;426210.642505751;499999.9999999716
1;6308042827789;50;phasez;-1.53127;-1.53158;-1.53463;-1.53125;-1.53418;-1.53308;-1.53373;-1.53414;-1.53461;-1.53507;-1.53575;-1.53552;-1.53582;-1.53605;-1.53639;-1.5366;-1.53695;-1.53717;-1.53727;-1.53744;-1.53756;-1.53766;-1.53767;-1.53767;-1.53757;-1.53738;-1.53713;-1.53676;-1.53628;-1.53567;-1.5349;-1.53397;-1.53284;-1.53148;-1.52986;-1.52795;-1.52568;-1.52298;-1.51979;-1.51601;-1.51154;-1.50624;-1.49999;-1.49258;-1.48381;-1.47342;-1.46109;-1.44641;-1.42888;-1.40781
2;6308812102561;50;absz;83896.8;75118;67237.9;60202.2;53871.5;48228.1;43169.9;38644.8;34590.8;30957.9;27711.7;24805.4;22202.1;19870.9;17786;15920.6;14250.2;12753.4;11415;10216.6;9144.16;8183.82;7324.48;6555.24;5866.73;5250.32;4698.53;4204.57;3762.4;3366.61;3012.31;2694.98;2411.01;2156.71;1929.02;1725.11;1542.55;1379.01;1232.56;1101.41;983.948;878.751;784.547;700.219;624.832;557.469;497.383;444.013;396.833;355.507
2;6308812102561;50;frequency;20000.00000002444;22385.53853899816;25055.61678390222;28044.17375656954;31389.19662092121;35133.2035329932;39323.78408414649;44014.2042055669;49264.08322518227;55140.1516811012;61717.09952482729;69078.52549602467;77317.99973512921;86540.25314108083;96862.50859274992;108415.9709538568;121347.4948009008;135821.4510731415;152021.8163702936;170154.5114554648;190450.0186878266;213166.3116533389;238592.1342356312;267050.6708003728;298903.6541519141;334555.9634717432;374460.7706856584;419125.3006744233;469117.2785435782;525072.1459047724;587701.13789258;657800.3235824071;736260.7247225839;824079.6413975459;922373.3285811875;1032391.184709951;1155531.632626961;1293359.894754076;1447627.888434013;1620296.494325686;1813560.480908265;2029876.401899315;2271993.821195295;2542990.262224833;2846310.325953354;3185809.474764127;3565803.038745301;3991121.067296888;4467169.723268114;4999999.999999929
2;6308812102561;50;phasez;-1.53969;-1.53912;-1.53893;-1.53862;-1.53827;-1.53777;-1.53733;-1.53661;-1.53589;-1.53513;-1.53412;-1.53294;-1.5317;-1.53015;-1.52846;-1.52661;-1.52447;-1.52208;-1.51936;-1.51627;-1.51288;-1.50902;-1.5047;-1.49988;-1.49442;-1.48833;-1.4815;-1.47383;-1.46522;-1.45556;-1.44476;-1.43261;-1.41898;-1.40365;-1.38645;-1.36712;-1.34538;-1.32092;-1.29338;-1.26234;-1.22731;-1.18775;-1.143;-1.09228;-1.03466;-0.969117;-0.894353;-0.808886;-0.710991;-0.598684
3;6309130104424;20;absz;17317.3;14144.2;11549;9431.55;7702.02;6288.48;5134.6;4191.71;3421.61;2792.55;2278.28;1857.91;1514.56;1233.64;1003.98;816.135;662.573;537.33;435.79;354.642
3;6309130104424;20;frequency;99999.99999990905;122862.535599424;150952.0265389597;185463.4873444638;227865.1431623047;279960.8926363817;343967.05137965;422606.6409511731;519225.2346839865;637933.2888043621;783781.0140572543;962973.2274171232;1183133.324347452;1453627.601814205;1785963.729760951;2194280.323268956;2695948.443325946;3312310.615921419;4069588.809647371;4999999.999999929
3;6309130104424;20;phasez;-1.52756;-1.52446;-1.52034;-1.51524;-1.50901;-1.50117;-1.49145;-1.47942;-1.46452;-1.44607;-1.42323;-1.39497;-1.35989;-1.31629;-1.26198;-1.19404;-1.10857;-1.00035;-0.862156;-0.684354
