0;8009284278011;20;absz;1.37275e+08;1.00085e+08;7.28997e+07;5.30851e+07;3.8653e+07;2.81492e+07;2.04712e+07;1.48884e+07;1.08275e+07;7.87309e+06;5.72338e+06;4.1601e+06;3.02344e+06;2.197e+06;1.59629e+06;1.15963e+06;842323;611725;444179;322474
0;8009284278011;20;frequency;9.999999974752427;13.86918846435492;19.23543905490988;26.67799336109056;37.00021196095804;51.31629158938722;71.17153245417285;98.70914048804025;136.9015682683994;189.8713664161278;263.3361782500288;365.2259113806622;506.5387032487934;702.5280792305466;974.3494403835484;1351.343611730726;1874.203936580443;2599.368780806799;3605.113577052066;4999.99999995282
0;8009284278011;20;phasez;-1.51185;-1.51476;-1.51804;-1.52071;-1.52273;-1.52462;-1.52604;-1.52732;-1.52838;-1.52926;-1.52992;-1.53038;-1.53062;-1.53057;-1.53018;-1.52935;-1.52789;-1.52558;-1.5221;-1.51697
1;8010052972355;50;absz;7.43765e+06;6.34977e+06;5.4319e+06;4.65547e+06;3.97863e+06;3.40432e+06;2.91475e+06;2.49449e+06;2.13353e+06;1.82534e+06;1.56219e+06;1.3361e+06;1.14331e+06;977943;836634;715699;612201;523672;447920;383101;327669;280238;239673;204975;175286;149897;128186;109615;93732.6;80151.3;68534.3;58600.4;50105.9;42843.1;36631.1;31319;26775.8;22890.2;19566.9;16724.5;14292.9;12212.4;10432.3;8908.6;7604.25;6487.02;5529.55;4708.3;4003.14;3396.73
1;8010052972355;50;frequency;199.9999999213742;234.625769479635;275.2462588517801;322.8993264769997;378.802514688914;444.3841576318164;521.3198749487447;611.5753842550475;717.456725922716;841.6691823498468;987.3863981368913;1158.33146786315;1358.872060208682;1594.132014446359;1870.122253535556;2193.894364737048;2573.720768452858;3019.306079821149;3542.035062906734;4155.263512473084;4874.659497176026;5718.603679767398;6708.658946337209;7870.121340545211;9232.666380967203;10831.10727442716;12706.28439819177;14906.10877695531;17486.78621595445;20514.25336674129;24065.86241733066;28232.35745111674;33120.19296963342;38854.25382030405;45581.04601983359;53472.44000269313;62730.06193403319;73590.44528463698;86331.07429211862;101277.4737211686;118811.5260634959;139381.228686517;163512.140226203;191820.8086789974;225030.524286467;263989.7996954232;309694.0495706946;363311.0235703185;426210.642505751;499999.9999999716
1;8010052972355;50;phasez;-1.53136;-1.53034;-1.53226;-1.53235;-1.53153;-1.5321;-1.53241;-1.53301;-1.53293;-1.53393;-1.53404;-1.53417;-1.53468;-1.53483;-1.53522;-1.53546;-1.53572;-1.53593;-1.53609;-1.53623;-1.53636;-1.5364;-1.53644;-1.5364;-1.5363;-1.53613;-1.53584;-1.53547;-1.53497;-1.53434;-1.53357;-1.53262;-1.53148;-1.53012;-1.52851;-1.5266;-1.52433;-1.52164;-1.51846;-1.5147;-1.51025;-1.50498;-1.49874;-1.49136;-1.4826;-1.47222;-1.45988;-1.4452;-1.42765;-1.40655
2;8010823037093;50;absz;82557.1;73901.6;66176.2;59237.4;53034.2;47479.7;42501;38053.3;34058.6;30492.2;27291.6;24432.8;21872.4;19577.2;17525.5;15687.1;14042.8;12570.5;11251.8;10071.3;9014.49;8068.75;7221.73;6463.73;5785.15;5177.77;4633.99;4147.2;3711.33;3321.09;2971.74;2659.01;2378.92;2128.21;1903.68;1702.64;1522.56;1361.32;1216.87;1087.48;971.596;867.789;774.831;691.58;617.155;550.636;491.308;438.606;391.989;351.148
2;8010823037093;50;frequency;20000.00000002444;22385.53853899816;25055.61678390222;28044.17375656954;31389.19662092121;35133.2035329932;39323.78408414649;44014.2042055669;49264.08322518227;55140.1516811012;61717.09952482729;69078.52549602467;77317.99973512921;86540.25314108083;96862.50859274992;108415.9709538568;121347.4948009008;135821.4510731415;152021.8163702936;170154.5114554648;190450.0186878266;213166.3116533389;238592.1342356312;267050.6708003728;298903.6541519141;334555.9634717432;374460.7706856584;419125.3006744233;469117.2785435782;525072.1459047724;587701.13789258;657800.3235824071;736260.7247225839;824079.6413975459;922373.3285811875;1032391.184709951;1155531.632626961;1293359.894754076;1447627.888434013;1620296.494325686;1813560.480908265;2029876.401899315;2271993.821195295;2542990.262224833;2846310.325953354;3185809.474764127;3565803.038745301;3991121.067296888;4467169.723268114;4999999.999999929
2;8010823037093;50;phasez;-1.5379;-1.53769;-1.53752;-1.53736;-1.53674;-1.53651;-1.53573;-1.53527;-1.53448;-1.53372;-1.53272;-1.53155;-1.53025;-1.5288;-1.52728;-1.52534;-1.52319;-1.52076;-1.5181;-1.51505;-1.51166;-1.5078;-1.5035;-1.49866;-1.4932;-1.48712;-1.48026;-1.47259;-1.46396;-1.4543;-1.44344;-1.43126;-1.4176;-1.40224;-1.38502;-1.36564;-1.34387;-1.31936;-1.29179;-1.26071;-1.22564;-1.18604;-1.14126;-1.0905;-1.03281;-0.967232;-0.892397;-0.806851;-0.70887;-0.596455
3;8011141303691;20;absz;17060.4;13938.8;11382.4;9296.56;7593.35;6200.16;5063.45;4133.98;3375.16;2754.95;2247.91;1833.49;1494.89;1217.85;991.296;805.941;654.382;530.737;430.444;350.27
3;8011141303691;20;frequency;99999.99999990905;122862.535599424;150952.0265389597;185463.4873444638;227865.1431623047;279960.8926363817;343967.05137965;422606.6409511731;519225.2346839865;637933.2888043621;783781.0140572543;962973.2274171232;1183133.324347452;1453627.601814205;1785963.729760951;2194280.323268956;2695948.443325946;3312310.615921419;4069588.809647371;4999999.999999929
3;8011141303691;20;phasez;-1.52645;-1.52316;-1.51917;-1.51411;-1.50778;-1.49999;-1.49025;-1.47817;-1.46323;-1.44475;-1.42186;-1.39351;-1.35835;-1.31469;-1.2603;-1.19228;-1.10672;-0.998399;-0.860074;-0.68207
