0;5593178448258;20;absz;1.43641e+08;1.04583e+08;7.61071e+07;5.53522e+07;4.02715e+07;2.92831e+07;2.1289e+07;1.54786e+07;1.12504e+07;8.17608e+06;5.94123e+06;4.31654e+06;3.13576e+06;2.27757e+06;1.65396e+06;1.20095e+06;871827;632816;459240;333229
0;5593178448258;20;frequency;9.999999974752427;13.86918846435492;19.23543905490988;26.67799336109056;37.00021196095804;51.31629158938722;71.17153245417285;98.70914048804025;136.9015682683994;189.8713664161278;263.3361782500288;365.2259113806622;506.5387032487934;702.5280792305466;974.3494403835484;1351.343611730726;1874.203936580443;2599.368780806799;3605.113577052066;4999.99999995282
0;5593178448258;20;phasez;-1.52217;-1.52444;-1.5252;-1.52681;-1.52819;-1.52877;-1.52999;-1.53075;-1.53153;-1.53204;-1.53257;-1.53292;-1.53309;-1.53307;-1.53271;-1.53191;-1.53046;-1.52815;-1.52465;-1.51951
1;5593948698000;50;absz;7.72479e+06;6.58141e+06;5.64063e+06;4.82833e+06;4.12826e+06;3.53671e+06;3.02454e+06;2.58507e+06;2.21041e+06;1.89135e+06;1.61816e+06;1.38423e+06;1.18366e+06;1.01241e+06;865976;740532;633312;541573;463094;396016;338612;289523;247547;211651;180956;154707;132265;113075;96665.1;82638.9;70642.5;60388.7;51621.5;44125.6;37717.4;32238.4;27554.3;23549.2;20125;17197;14692.8;12551.4;10719.4;9151.95;7810.3;6661.62;5677.32;4833.29;4108.65;3485.56
1;5593948698000;50;frequency;199.9999999213742;234.625769479635;275.2462588517801;322.8993264769997;378.802514688914;444.3841576318164;521.3198749487447;611.5753842550475;717.456725922716;841.6691823498468;987.3863981368913;1158.33146786315;1358.872060208682;1594.132014446359;1870.122253535556;2193.894364737048;2573.720768452858;3019.306079821149;3542.035062906734;4155.263512473084;4874.659497176026;5718.603679767398;6708.658946337209;7870.121340545211;9232.666380967203;10831.10727442716;12706.28439819177;14906.10877695531;17486.78621595445;20514.25336674129;24065.86241733066;28232.35745111674;33120.19296963342;38854.25382030405;45581.04601983359;53472.44000269313;62730.06193403319;73590.44528463698;86331.07429211862;101277.4737211686;118811.5260634959;139381.228686517;163512.140226203;191820.8086789974;225030.524286467;263989.7996954232;309694.0495706946;363311.0235703185;426210.642505751;499999.9999999716
1;5593948698000;50;phasez;-1.53026;-1.53368;-1.53327;-1.53436;-1.53446;-1.53504;-1.53579;-1.5357;-1.53577;-1.53656;-1.53667;-1.5371;-1.53739;-1.53766;-1.53778;-1.53805;-1.53831;-1.53846;-1.53867;-1.53878;-1.53888;-1.53894;-1.539;-1.53891;-1.5388;-1.53861;-1.53834;-1.53797;-1.53749;-1.53687;-1.53613;-1.53519;-1.53406;-1.53271;-1.53109;-1.52917;-1.52689;-1.52418;-1.52097;-1.51717;-1.51268;-1.50737;-1.50109;-1.49368;-1.48491;-1.47452;-1.4622;-1.44755;-1.43004;-1.40901
2;5594719041018;50;absz;85161.7;76221.5;68236.5;61058.7;54653.7;48922.9;43792.6;39190.5;35080.7;31393.4;28099.1;25146.4;22504.7;20141.6;18026.5;16133.9;14439.2;12922.9;11565.4;10350.4;9263.01;8290.11;7418.8;6639.1;5941.46;5316.86;4757.72;4257.26;3809.29;3408.21;3049.27;2727.93;2440.28;2182.68;1952.05;1745.63;1560.75;1395.2;1246.95;1114.2;995.301;888.832;793.519;708.177;631.917;563.765;503.008;449.036;401.324;359.546
2;5594719041018;50;frequency;20000.00000002444;22385.53853899816;25055.61678390222;28044.17375656954;31389.19662092121;35133.2035329932;39323.78408414649;44014.2042055669;49264.08322518227;55140.1516811012;61717.09952482729;69078.52549602467;77317.99973512921;86540.25314108083;96862.50859274992;108415.9709538568;121347.4948009008;135821.4510731415;152021.8163702936;170154.5114554648;190450.0186878266;213166.3116533389;238592.1342356312;267050.6708003728;298903.6541519141;334555.9634717432;374460.7706856584;419125.3006744233;469117.2785435782;525072.1459047724;587701.13789258;657800.3235824071;736260.7247225839;824079.6413975459;922373.3285811875;1032391.184709951;1155531.632626961;1293359.894754076;1447627.888434013;1620296.494325686;1813560.480908265;2029876.401899315;2271993.821195295;2542990.262224833;2846310.325953354;3185809.474764127;3565803.038745301;3991121.067296888;4467169.723268114;4999999.999999929
2;5594719041018;50;phasez;-1.54041;-1.54052;-1.54041;-1.53988;-1.53948;-1.53902;-1.53862;-1.53777;-1.53711;-1.53627;-1.53528;-1.53417;-1.53283;-1.53133;-1.52967;-1.52777;-1.52563;-1.52322;-1.5205;-1.51741;-1.51399;-1.51014;-1.50579;-1.50094;-1.49555;-1.48946;-1.48262;-1.47498;-1.46638;-1.45675;-1.44596;-1.43384;-1.42021;-1.40493;-1.38775;-1.36844;-1.34673;-1.3223;-1.29479;-1.26378;-1.2288;-1.18928;-1.14458;-1.09392;-1.03635;-0.970903;-0.896226;-0.810866;-0.713104;-0.600975
3;5595037239673;20;absz;17552.4;14335.2;11702.8;9554.86;7802.25;6369.22;5199.82;4244.36;3464.22;2826.93;2305.95;1880.19;1532.5;1248.12;1015.6;825.486;670.111;543.431;440.733;358.693
3;5595037239673;20;frequency;99999.99999990905;122862.535599424;150952.0265389597;185463.4873444638;227865.1431623047;279960.8926363817;343967.05137965;422606.6409511731;519225.2346839865;637933.2888043621;783781.0140572543;962973.2274171232;1183133.324347452;1453627.601814205;1785963.729760951;2194280.323268956;2695948.443325946;3312310.615921419;4069588.809647371;4999999.999999929
3;5595037239673;20;phasez;-1.52872;-1.52556;-1.5215;-1.51639;-1.5101;-1.50228;-1.49255;-1.48057;-1.4657;-1.4473;-1.4245;-1.39628;-1.36125;-1.31772;-1.26346;-1.1956;-1.11023;-1.00215;-0.864155;-0.686604
