0;3958442621288;20;absz;1.57478e+08;1.14548e+08;8.31854e+07;6.04647e+07;4.3914e+07;3.1885e+07;2.31541e+07;1.68077e+07;1.21984e+07;8.85213e+06;6.42264e+06;4.65903e+06;3.37918e+06;2.45036e+06;1.77653e+06;1.28782e+06;933369;676411;490112;355073
0;3958442621288;20;frequency;9.999999974752427;13.86918846435492;19.23543905490988;26.67799336109056;37.00021196095804;51.31629158938722;71.17153245417285;98.70914048804025;136.9015682683994;189.8713664161278;263.3361782500288;365.2259113806622;506.5387032487934;702.5280792305466;974.3494403835484;1351.343611730726;1874.203936580443;2599.368780806799;3605.113577052066;4999.99999995282
0;3958442621288;20;phasez;-1.53092;-1.53245;-1.53319;-1.53474;-1.53547;-1.53587;-1.53739;-1.53811;-1.53882;-1.53945;-1.53999;-1.54043;-1.54068;-1.5407;-1.54033;-1.53947;-1.53797;-1.53555;-1.53192;-1.52661
1;3959211648814;50;absz;8.32584e+06;7.14652e+06;6.09612e+06;5.20545e+06;4.45394e+06;3.81222e+06;3.25517e+06;2.78524e+06;2.37857e+06;2.03348e+06;1.73769e+06;1.48503e+06;1.26953e+06;1.0849e+06;927146;792255;676993;578465;494268;422333;360847;308306;263413;225055;192277;164269;140344;119903;102439;87520.1;74775.1;63883.4;54579.7;46630.7;39839.8;34036;29076.9;24839.8;21218.1;18123;15477.2;13215.2;11280.9;9626.69;8211.46;7000.04;5962.58;5073.42;4310.39;3654.71
1;3959211648814;50;frequency;199.9999999213742;234.625769479635;275.2462588517801;322.8993264769997;378.802514688914;444.3841576318164;521.3198749487447;611.5753842550475;717.456725922716;841.6691823498468;987.3863981368913;1158.33146786315;1358.872060208682;1594.132014446359;1870.122253535556;2193.894364737048;2573.720768452858;3019.306079821149;3542.035062906734;4155.263512473084;4874.659497176026;5718.603679767398;6708.658946337209;7870.121340545211;9232.666380967203;10831.10727442716;12706.28439819177;14906.10877695531;17486.78621595445;20514.25336674129;24065.86241733066;28232.35745111674;33120.19296963342;38854.25382030405;45581.04601983359;53472.44000269313;62730.06193403319;73590.44528463698;86331.07429211862;101277.4737211686;118811.5260634959;139381.228686517;163512.140226203;191820.8086789974;225030.524286467;263989.7996954232;309694.0495706946;363311.0235703185;426210.642505751;499999.9999999716
1;3959211648814;50;phasez;-1.54077;-1.54121;-1.54107;-1.54166;-1.54191;-1.54245;-1.54245;-1.54329;-1.54314;-1.54379;-1.54408;-1.5445;-1.54476;-1.54497;-1.54528;-1.54558;-1.54567;-1.54577;-1.54592;-1.54596;-1.54603;-1.54597;-1.54589;-1.54573;-1.54549;-1.54518;-1.54475;-1.54423;-1.54358;-1.54282;-1.5419;-1.54081;-1.53954;-1.53805;-1.53632;-1.5343;-1.53194;-1.52917;-1.52593;-1.52211;-1.51763;-1.51234;-1.5061;-1.49873;-1.49002;-1.47969;-1.46743;-1.45283;-1.43536;-1.41436
2;3959980047018;50;absz;90202.6;80687.6;72196.5;64584.9;57789.6;51715.3;46263.4;41398.8;37043.2;33138;29649.9;26528.2;23733;21233.4;18997.6;16997.8;15207.3;13605.7;12172.6;10890.2;9743.4;8716.73;7797.67;6975.55;6240.04;5582.07;4993.18;4466.12;3994.63;3572.64;3195.1;2857.23;2554.9;2284.32;2042.17;1825.5;1631.58;1458.01;1302.62;1163.55;1039.09;927.678;827.991;738.801;659.133;588.004;524.62;468.368;418.681;375.224
2;3959980047018;50;frequency;20000.00000002444;22385.53853899816;25055.61678390222;28044.17375656954;31389.19662092121;35133.2035329932;39323.78408414649;44014.2042055669;49264.08322518227;55140.1516811012;61717.09952482729;69078.52549602467;77317.99973512921;86540.25314108083;96862.50859274992;108415.9709538568;121347.4948009008;135821.4510731415;152021.8163702936;170154.5114554648;190450.0186878266;213166.3116533389;238592.1342356312;267050.6708003728;298903.6541519141;334555.9634717432;374460.7706856584;419125.3006744233;469117.2785435782;525072.1459047724;587701.13789258;657800.3235824071;736260.7247225839;824079.6413975459;922373.3285811875;1032391.184709951;1155531.632626961;1293359.894754076;1447627.888434013;1620296.494325686;1813560.480908265;2029876.401899315;2271993.821195295;2542990.262224833;2846310.325953354;3185809.474764127;3565803.038745301;3991121.067296888;4467169.723268114;4999999.999999929
2;3959980047018;50;phasez;-1.54621;-1.54638;-1.54588;-1.54544;-1.54492;-1.54446;-1.54383;-1.54313;-1.54236;-1.54133;-1.54044;-1.53913;-1.53783;-1.53632;-1.53464;-1.53272;-1.53061;-1.52818;-1.52547;-1.5224;-1.51902;-1.51523;-1.51093;-1.50615;-1.50076;-1.49468;-1.4879;-1.48028;-1.47173;-1.46211;-1.45134;-1.43921;-1.42559;-1.41029;-1.39311;-1.37378;-1.35204;-1.32758;-1.30003;-1.26898;-1.23396;-1.1944;-1.14966;-1.09896;-1.04138;-0.975906;-0.901224;-0.815876;-0.718155;-0.606085
3;3960296482043;20;absz;18494.3;15096.7;12318.1;10050;8200.69;6690.76;5458.18;4452.4;3631.03;2960.89;2413.51;1966.59;1601.77;1303.71;1060.25;861.36;698.984;566.749;459.691;374.309
3;3960296482043;20;frequency;99999.99999990905;122862.535599424;150952.0265389597;185463.4873444638;227865.1431623047;279960.8926363817;343967.05137965;422606.6409511731;519225.2346839865;637933.2888043621;783781.0140572543;962973.2274171232;1183133.324347452;1453627.601814205;1785963.729760951;2194280.323268956;2695948.443325946;3312310.615921419;4069588.809647371;4999999.999999929
3;3960296482043;20;phasez;-1.5337;-1.53053;-1.52651;-1.52144;-1.51523;-1.50745;-1.49785;-1.48589;-1.47104;-1.45266;-1.42988;-1.40162;-1.36655;-1.32295;-1.26862;-1.2007;-1.11525;-1.00716;-0.869178;-0.691776
