0;6921004551552;20;absz;1.38991e+08;1.01308e+08;7.37767e+07;5.37188e+07;3.91019e+07;2.84505e+07;2.06917e+07;1.50486e+07;1.09412e+07;7.95404e+06;5.78143e+06;4.20172e+06;3.05324e+06;2.2184e+06;1.61159e+06;1.17059e+06;850119;617296;448152;325292
0;6921004551552;20;frequency;9.999999974752427;13.86918846435492;19.23543905490988;26.67799336109056;37.00021196095804;51.31629158938722;71.17153245417285;98.70914048804025;136.9015682683994;189.8713664161278;263.3361782500288;365.2259113806622;506.5387032487934;702.5280792305466;974.3494403835484;1351.343611730726;1874.203936580443;2599.368780806799;3605.113577052066;4999.99999995282
0;6921004551552;20;phasez;-1.51502;-1.518;-1.52071;-1.52282;-1.5244;-1.52559;-1.52756;-1.5285;-1.52951;-1.53023;-1.5308;-1.53118;-1.53138;-1.53134;-1.53094;-1.5301;-1.52867;-1.52638;-1.52291;-1.5178
1;6921775681588;50;absz;7.48254e+06;6.41988e+06;5.49364e+06;4.69807e+06;4.02284e+06;3.4397e+06;2.94398e+06;2.51922e+06;2.15391e+06;1.84293e+06;1.57685e+06;1.34897e+06;1.15393e+06;987052;844326;722357;617795;528405;451972;386496;330538;282674;241728;206705;176758;151144;129237;110507;94487.3;80788.5;69076.1;59060.5;50496.8;43173.4;36911.2;31556.8;26977;23060.3;19711.2;16846.6;14396;12299.9;10506.1;8971.08;7657.06;6531.85;5567.49;4740.33;4030.25;3419.52
1;6921775681588;50;frequency;199.9999999213742;234.625769479635;275.2462588517801;322.8993264769997;378.802514688914;444.3841576318164;521.3198749487447;611.5753842550475;717.456725922716;841.6691823498468;987.3863981368913;1158.33146786315;1358.872060208682;1594.132014446359;1870.122253535556;2193.894364737048;2573.720768452858;3019.306079821149;3542.035062906734;4155.263512473084;4874.659497176026;5718.603679767398;6708.658946337209;7870.121340545211;9232.666380967203;10831.10727442716;12706.28439819177;14906.10877695531;17486.78621595445;20514.25336674129;24065.86241733066;28232.35745111674;33120.19296963342;38854.25382030405;45581.04601983359;53472.44000269313;62730.06193403319;73590.44528463698;86331.07429211862;101277.4737211686;118811.5260634959;139381.228686517;163512.140226203;191820.8086789974;225030.524286467;263989.7996954232;309694.0495706946;363311.0235703185;426210.642505751;499999.9999999716
1;6921775681588;50;phasez;-1.53029;-1.53208;-1.53312;-1.53271;-1.53223;-1.53274;-1.53308;-1.53389;-1.53441;-1.53465;-1.53469;-1.53511;-1.5354;-1.53565;-1.53603;-1.53623;-1.53642;-1.53669;-1.53693;-1.53705;-1.53719;-1.53726;-1.53728;-1.53723;-1.53712;-1.53691;-1.53662;-1.53623;-1.53571;-1.53507;-1.53429;-1.53333;-1.53218;-1.53081;-1.5292;-1.52729;-1.52501;-1.52233;-1.51916;-1.51539;-1.51093;-1.50566;-1.49942;-1.49202;-1.48326;-1.47287;-1.46054;-1.44586;-1.42831;-1.40723
2;6922544017622;50;absz;83218.4;74525.2;66701.3;59707;53462.1;47846.1;42833.5;38346.1;34326.3;30724.8;27504.8;24619.6;22037.1;19726;17656.3;15804.1;14145.5;12661.1;11332.4;10143.7;9079.11;8125.99;7272.86;6509.07;5825.58;5213.68;4665.95;4175.51;3736.46;3343.62;2991.82;2676.77;2394.77;2142.3;1916.19;1713.72;1532.42;1370.04;1224.59;1094.34;977.655;873.177;779.6;695.799;620.909;553.979;494.278;441.237;394.346;353.265
2;6922544017622;50;frequency;20000.00000002444;22385.53853899816;25055.61678390222;28044.17375656954;31389.19662092121;35133.2035329932;39323.78408414649;44014.2042055669;49264.08322518227;55140.1516811012;61717.09952482729;69078.52549602467;77317.99973512921;86540.25314108083;96862.50859274992;108415.9709538568;121347.4948009008;135821.4510731415;152021.8163702936;170154.5114554648;190450.0186878266;213166.3116533389;238592.1342356312;267050.6708003728;298903.6541519141;334555.9634717432;374460.7706856584;419125.3006744233;469117.2785435782;525072.1459047724;587701.13789258;657800.3235824071;736260.7247225839;824079.6413975459;922373.3285811875;1032391.184709951;1155531.632626961;1293359.894754076;1447627.888434013;1620296.494325686;1813560.480908265;2029876.401899315;2271993.821195295;2542990.262224833;2846310.325953354;3185809.474764127;3565803.038745301;3991121.067296888;4467169.723268114;4999999.999999929
2;6922544017622;50;phasez;-1.53879;-1.5385;-1.53843;-1.53801;-1.53755;-1.53701;-1.5366;-1.53599;-1.53517;-1.53439;-1.53346;-1.53233;-1.53098;-1.5296;-1.52787;-1.52601;-1.5239;-1.52151;-1.51879;-1.51571;-1.51233;-1.50847;-1.50419;-1.49931;-1.49388;-1.48778;-1.48093;-1.47325;-1.46464;-1.45499;-1.44415;-1.43198;-1.41834;-1.40302;-1.3858;-1.36645;-1.3447;-1.32023;-1.29266;-1.26161;-1.22657;-1.187;-1.14223;-1.0915;-1.03386;-0.96831;-0.893524;-0.808031;-0.710114;-0.597795
3;6922863531203;20;absz;17185.7;14039.3;11463.1;9362.08;7646.06;6242.98;5097.76;4161.88;3397.52;2773.04;2262.56;1845.24;1504.34;1225.46;997.391;810.824;658.286;533.886;432.987;352.349
3;6922863531203;20;frequency;99999.99999990905;122862.535599424;150952.0265389597;185463.4873444638;227865.1431623047;279960.8926363817;343967.05137965;422606.6409511731;519225.2346839865;637933.2888043621;783781.0140572543;962973.2274171232;1183133.324347452;1453627.601814205;1785963.729760951;2194280.323268956;2695948.443325946;3312310.615921419;4069588.809647371;4999999.999999929
3;6922863531203;20;phasez;-1.52713;-1.5238;-1.51981;-1.51475;-1.50845;-1.50062;-1.49091;-1.47885;-1.46395;-1.44547;-1.42261;-1.39432;-1.35921;-1.3156;-1.26124;-1.19329;-1.10778;-0.999548;-0.861315;-0.683463
