0;2627799771485;20;absz;1.7788e+08;1.28829e+08;9.3349e+07;6.76051e+07;4.89472e+07;3.54462e+07;2.56654e+07;1.85809e+07;1.34533e+07;9.73992e+06;7.05094e+06;5.10399e+06;3.69457e+06;2.67408e+06;1.93536e+06;1.40062e+06;1.01359e+06;733456;530741;384027
0;2627799771485;20;frequency;9.999999974752427;13.86918846435492;19.23543905490988;26.67799336109056;37.00021196095804;51.31629158938722;71.17153245417285;98.70914048804025;136.9015682683994;189.8713664161278;263.3361782500288;365.2259113806622;506.5387032487934;702.5280792305466;974.3494403835484;1351.343611730726;1874.203936580443;2599.368780806799;3605.113577052066;4999.99999995282
0;2627799771485;20;phasez;-1.54702;-1.54805;-1.54843;-1.54908;-1.54951;-1.55062;-1.55035;-1.55031;-1.55051;-1.5505;-1.55047;-1.55041;-1.5501;-1.54957;-1.54873;-1.54743;-1.54548;-1.54272;-1.5388;-1.53327
1;2628567886663;50;absz;9.16066e+06;7.83427e+06;6.69163e+06;5.71834e+06;4.87982e+06;4.16942e+06;3.5603e+06;3.04023e+06;2.5951e+06;2.21661e+06;1.89318e+06;1.61657e+06;1.38081e+06;1.17904e+06;1.00678e+06;859701;734161;626877;535295;457071;390295;333278;284585;242991;207479;177150;151256;129142;110258;94136.5;80369.2;68613.8;58576.3;50005.6;42688.2;36440.6;31105.1;26549.1;22658.8;19336.9;16500.3;14076.9;12006.8;10238;8726.16;7433.33;6327.27;5380.15;4568.18;3871.05
1;2628567886663;50;frequency;199.9999999213742;234.625769479635;275.2462588517801;322.8993264769997;378.802514688914;444.3841576318164;521.3198749487447;611.5753842550475;717.456725922716;841.6691823498468;987.3863981368913;1158.33146786315;1358.872060208682;1594.132014446359;1870.122253535556;2193.894364737048;2573.720768452858;3019.306079821149;3542.035062906734;4155.263512473084;4874.659497176026;5718.603679767398;6708.658946337209;7870.121340545211;9232.666380967203;10831.10727442716;12706.28439819177;14906.10877695531;17486.78621595445;20514.25336674129;24065.86241733066;28232.35745111674;33120.19296963342;38854.25382030405;45581.04601983359;53472.44000269313;62730.06193403319;73590.44528463698;86331.07429211862;101277.4737211686;118811.5260634959;139381.228686517;163512.140226203;191820.8086789974;225030.524286467;263989.7996954232;309694.0495706946;363311.0235703185;426210.642505751;499999.9999999716
1;2628567886663;50;phasez;-1.55198;-1.55404;-1.5534;-1.55228;-1.55236;-1.55196;-1.5532;-1.55257;-1.55227;-1.55267;-1.55251;-1.55267;-1.55265;-1.55277;-1.55286;-1.5529;-1.55285;-1.55283;-1.5528;-1.55278;-1.55267;-1.55261;-1.55248;-1.5523;-1.55206;-1.55178;-1.55142;-1.55097;-1.55042;-1.54975;-1.54893;-1.54795;-1.54677;-1.54536;-1.54369;-1.54172;-1.53938;-1.53659;-1.5333;-1.5294;-1.52479;-1.51935;-1.51292;-1.50532;-1.49633;-1.4857;-1.4731;-1.45813;-1.44027;-1.41884
2;2629336969748;50;absz;97040.9;86765.6;77580.2;69384.6;62037;55481.1;49610;44371;39672.2;35473.5;31720.2;28361.7;25359.9;22675.8;20276;18129;16210.6;14495.4;12960.6;11588.6;10362.2;9265.17;8284.55;7407.35;6622.95;5921.76;5294.63;4733.9;4232.35;3783.91;3382.8;3024.12;2703.35;2416.46;2159.87;1930.32;1725;1541.31;1377.02;1229.98;1098.45;980.798;875.562;781.434;697.423;622.43;555.656;496.437;444.208;398.584
2;2629336969748;50;frequency;20000.00000002444;22385.53853899816;25055.61678390222;28044.17375656954;31389.19662092121;35133.2035329932;39323.78408414649;44014.2042055669;49264.08322518227;55140.1516811012;61717.09952482729;69078.52549602467;77317.99973512921;86540.25314108083;96862.50859274992;108415.9709538568;121347.4948009008;135821.4510731415;152021.8163702936;170154.5114554648;190450.0186878266;213166.3116533389;238592.1342356312;267050.6708003728;298903.6541519141;334555.9634717432;374460.7706856584;419125.3006744233;469117.2785435782;525072.1459047724;587701.13789258;657800.3235824071;736260.7247225839;824079.6413975459;922373.3285811875;1032391.184709951;1155531.632626961;1293359.894754076;1447627.888434013;1620296.494325686;1813560.480908265;2029876.401899315;2271993.821195295;2542990.262224833;2846310.325953354;3185809.474764127;3565803.038745301;3991121.067296888;4467169.723268114;4999999.999999929
2;2629336969748;50;phasez;-1.55346;-1.55328;-1.55302;-1.55265;-1.55226;-1.55159;-1.55104;-1.55035;-1.54962;-1.54879;-1.54769;-1.54653;-1.54524;-1.54374;-1.54192;-1.53993;-1.53773;-1.53524;-1.53236;-1.52922;-1.52564;-1.52163;-1.51714;-1.51214;-1.5065;-1.50019;-1.49315;-1.48526;-1.4764;-1.46649;-1.45538;-1.44293;-1.42897;-1.41334;-1.39578;-1.37609;-1.35397;-1.32913;-1.30119;-1.26975;-1.23432;-1.19437;-1.14922;-1.09812;-1.0401;-0.974224;-0.899132;-0.813382;-0.715273;-0.602844
3;2629653382105;20;absz;19734.5;16090.8;13117.1;10690.2;8714.53;7103.81;5789.58;4719.13;3845.68;3133.99;2553.37;2079.69;1693.34;1378.15;1120.79;910.767;739.427;600.036;487.325;397.614
3;2629653382105;20;frequency;99999.99999990905;122862.535599424;150952.0265389597;185463.4873444638;227865.1431623047;279960.8926363817;343967.05137965;422606.6409511731;519225.2346839865;637933.2888043621;783781.0140572543;962973.2274171232;1183133.324347452;1453627.601814205;1785963.729760951;2194280.323268956;2695948.443325946;3312310.615921419;4069588.809647371;4999999.999999929
3;2629653382105;20;phasez;-1.54099;-1.53762;-1.53336;-1.52806;-1.52154;-1.51334;-1.50326;-1.49079;-1.47543;-1.45648;-1.43307;-1.40416;-1.3684;-1.32409;-1.26904;-1.20037;-1.11418;-1.00532;-0.866592;-0.688461
