0;6008880663496;20;absz;1.41665e+08;1.03173e+08;7.5099e+07;5.46476e+07;3.97738e+07;2.89105e+07;2.10332e+07;1.52936e+07;1.11172e+07;8.08105e+06;5.87293e+06;4.26768e+06;3.10079e+06;2.2526e+06;1.63624e+06;1.18833e+06;862882;626424;454700;329992
0;6008880663496;20;frequency;9.999999974752427;13.86918846435492;19.23543905490988;26.67799336109056;37.00021196095804;51.31629158938722;71.17153245417285;98.70914048804025;136.9015682683994;189.8713664161278;263.3361782500288;365.2259113806622;506.5387032487934;702.5280792305466;974.3494403835484;1351.343611730726;1874.203936580443;2599.368780806799;3605.113577052066;4999.99999995282
0;6008880663496;20;phasez;-1.51971;-1.52184;-1.52367;-1.52533;-1.52655;-1.52782;-1.529;-1.52975;-1.53068;-1.53124;-1.53169;-1.53203;-1.53217;-1.53209;-1.53171;-1.53089;-1.52948;-1.5272;-1.52375;-1.51864
1;6009650711929;50;absz;7.6213e+06;6.51296e+06;5.57805e+06;4.77275e+06;4.08309e+06;3.49339e+06;2.98845e+06;2.55645e+06;2.18723e+06;1.87113e+06;1.60043e+06;1.36933e+06;1.1715e+06;1.00199e+06;857092;733035;626980;536194;458562;392142;335313;286747;245190;209649;179259;153269;131043;112037;95788.3;81892.4;70011;59851.4;51166;43739.8;37391.3;31961.9;27319.8;23350.7;19957.1;17054.6;14572.3;12449;10632.5;9078.29;7747.94;6608.86;5632.6;4795.42;4076.67;3458.67
1;6009650711929;50;frequency;199.9999999213742;234.625769479635;275.2462588517801;322.8993264769997;378.802514688914;444.3841576318164;521.3198749487447;611.5753842550475;717.456725922716;841.6691823498468;987.3863981368913;1158.33146786315;1358.872060208682;1594.132014446359;1870.122253535556;2193.894364737048;2573.720768452858;3019.306079821149;3542.035062906734;4155.263512473084;4874.659497176026;5718.603679767398;6708.658946337209;7870.121340545211;9232.666380967203;10831.10727442716;12706.28439819177;14906.10877695531;17486.78621595445;20514.25336674129;24065.86241733066;28232.35745111674;33120.19296963342;38854.25382030405;45581.04601983359;53472.44000269313;62730.06193403319;73590.44528463698;86331.07429211862;101277.4737211686;118811.5260634959;139381.228686517;163512.140226203;191820.8086789974;225030.524286467;263989.7996954232;309694.0495706946;363311.0235703185;426210.642505751;499999.9999999716
1;6009650711929;50;phasez;-1.53268;-1.53339;-1.53327;-1.53323;-1.53466;-1.5344;-1.5346;-1.53492;-1.53525;-1.53548;-1.5355;-1.536;-1.53622;-1.53655;-1.53685;-1.5371;-1.53736;-1.5376;-1.53773;-1.53789;-1.53803;-1.5381;-1.53814;-1.53811;-1.53803;-1.53785;-1.53758;-1.53724;-1.53675;-1.53615;-1.53538;-1.53444;-1.53332;-1.53196;-1.53035;-1.52843;-1.52616;-1.52346;-1.52025;-1.51646;-1.51198;-1.50668;-1.50041;-1.49299;-1.48422;-1.47383;-1.4615;-1.44682;-1.42929;-1.40823
2;6010418177363;50;absz;84372.4;75503.2;67587.4;60504.4;54169.3;48486;43407.4;38846;34773.2;31119.5;27852.5;24927.8;22311.9;19970.9;17873.9;15998.5;14318.4;12815.3;11469.4;10265.4;9187.22;8222.5;7358.76;6585.52;5893.54;5274.32;4719.98;4223.69;3779.47;3381.78;3025.7;2707;2421.66;2166.14;1937.43;1732.61;1549.19;1384.94;1237.84;1106.1;988.111;882.457;787.851;703.135;627.441;559.788;499.457;445.871;398.497;357.005
2;6010418177363;50;frequency;20000.00000002444;22385.53853899816;25055.61678390222;28044.17375656954;31389.19662092121;35133.2035329932;39323.78408414649;44014.2042055669;49264.08322518227;55140.1516811012;61717.09952482729;69078.52549602467;77317.99973512921;86540.25314108083;96862.50859274992;108415.9709538568;121347.4948009008;135821.4510731415;152021.8163702936;170154.5114554648;190450.0186878266;213166.3116533389;238592.1342356312;267050.6708003728;298903.6541519141;334555.9634717432;374460.7706856584;419125.3006744233;469117.2785435782;525072.1459047724;587701.13789258;657800.3235824071;736260.7247225839;824079.6413975459;922373.3285811875;1032391.184709951;1155531.632626961;1293359.894754076;1447627.888434013;1620296.494325686;1813560.480908265;2029876.401899315;2271993.821195295;2542990.262224833;2846310.325953354;3185809.474764127;3565803.038745301;3991121.067296888;4467169.723268114;4999999.999999929
2;6010418177363;50;phasez;-1.53991;-1.53951;-1.53947;-1.53897;-1.53857;-1.53833;-1.53773;-1.53716;-1.5363;-1.53555;-1.5346;-1.53337;-1.5322;-1.53064;-1.52893;-1.52705;-1.52489;-1.5225;-1.51979;-1.51676;-1.51332;-1.50945;-1.50513;-1.50027;-1.49482;-1.48873;-1.4819;-1.47423;-1.46563;-1.45599;-1.44516;-1.43301;-1.41938;-1.40407;-1.38687;-1.36755;-1.34581;-1.32136;-1.29381;-1.26278;-1.22777;-1.18821;-1.14348;-1.09277;-1.03516;-0.96965;-0.894901;-0.809463;-0.711604;-0.599342
3;6010736445683;20;absz;17400.4;14211.8;11604.4;9475.72;7738.13;6317.34;5157.98;4210.57;3436.82;2804.88;2288.22;1865.91;1521.02;1238.87;1008.2;819.524;665.311;539.554;437.596;356.14
3;6010736445683;20;frequency;99999.99999990905;122862.535599424;150952.0265389597;185463.4873444638;227865.1431623047;279960.8926363817;343967.05137965;422606.6409511731;519225.2346839865;637933.2888043621;783781.0140572543;962973.2274171232;1183133.324347452;1453627.601814205;1785963.729760951;2194280.323268956;2695948.443325946;3312310.615921419;4069588.809647371;4999999.999999929
3;6010736445683;20;phasez;-1.52804;-1.52486;-1.52081;-1.51573;-1.50938;-1.50155;-1.49184;-1.47984;-1.46493;-1.44651;-1.42366;-1.39538;-1.36032;-1.31673;-1.26242;-1.19451;-1.10906;-1.00089;-0.862735;-0.684988
