0;3595820514482;20;absz;1.62353e+08;1.17938e+08;8.56244e+07;6.21654e+07;4.51322e+07;3.27371e+07;2.3762e+07;1.72353e+07;1.24989e+07;9.06318e+06;6.57065e+06;4.76313e+06;3.45231e+06;2.50185e+06;1.8128e+06;1.31332e+06;951332;689020;498996;361349
0;3595820514482;20;frequency;9.999999974752427;13.86918846435492;19.23543905490988;26.67799336109056;37.00021196095804;51.31629158938722;71.17153245417285;98.70914048804025;136.9015682683994;189.8713664161278;263.3361782500288;365.2259113806622;506.5387032487934;702.5280792305466;974.3494403835484;1351.343611730726;1874.203936580443;2599.368780806799;3605.113577052066;4999.99999995282
0;3595820514482;20;phasez;-1.53475;-1.53519;-1.53613;-1.53758;-1.53847;-1.53962;-1.54077;-1.54163;-1.5423;-1.54289;-1.54333;-1.54364;-1.54376;-1.54363;-1.54316;-1.54219;-1.54055;-1.53798;-1.53416;-1.52864
1;3596590538722;50;absz;8.53825e+06;7.30597e+06;6.23209e+06;5.33137e+06;4.55311e+06;3.89238e+06;3.32867e+06;2.84501e+06;2.42884e+06;2.07572e+06;1.7737e+06;1.5152e+06;1.29461e+06;1.10607e+06;944784;807194;689549;589123;503248;429892;367247;313706;267984;228922;195550;167047;142700;121900;104133;88956.3;75989.4;64914.4;55452.2;47368.7;40463;34562.9;29522.2;25214.6;21534.5;18389.1;15701.4;13403.8;11439.6;9760.11;8323.37;7094.07;6041.36;5139.32;4365.53;3700.7
1;3596590538722;50;frequency;199.9999999213742;234.625769479635;275.2462588517801;322.8993264769997;378.802514688914;444.3841576318164;521.3198749487447;611.5753842550475;717.456725922716;841.6691823498468;987.3863981368913;1158.33146786315;1358.872060208682;1594.132014446359;1870.122253535556;2193.894364737048;2573.720768452858;3019.306079821149;3542.035062906734;4155.263512473084;4874.659497176026;5718.603679767398;6708.658946337209;7870.121340545211;9232.666380967203;10831.10727442716;12706.28439819177;14906.10877695531;17486.78621595445;20514.25336674129;24065.86241733066;28232.35745111674;33120.19296963342;38854.25382030405;45581.04601983359;53472.44000269313;62730.06193403319;73590.44528463698;86331.07429211862;101277.4737211686;118811.5260634959;139381.228686517;163512.140226203;191820.8086789974;225030.524286467;263989.7996954232;309694.0495706946;363311.0235703185;426210.642505751;499999.9999999716
1;3596590538722;50;phasez;-1.54538;-1.54366;-1.54375;-1.54508;-1.54496;-1.5457;-1.54534;-1.54619;-1.54672;-1.54682;-1.54727;-1.54745;-1.54767;-1.54781;-1.54789;-1.54805;-1.54811;-1.54816;-1.54815;-1.54812;-1.54808;-1.54794;-1.54772;-1.54751;-1.54719;-1.5468;-1.54634;-1.54578;-1.54513;-1.54436;-1.54345;-1.54239;-1.54115;-1.5397;-1.53801;-1.53603;-1.53371;-1.53097;-1.52775;-1.52396;-1.51949;-1.51422;-1.50799;-1.50062;-1.4919;-1.48155;-1.46927;-1.45464;-1.43714;-1.4161
2;3597358580297;50;absz;91681.8;82014;73371.9;65660.5;58741;52552.8;47012.1;42057.4;37623.8;33654.2;30109.7;26932.6;24093.1;21552.7;19282.9;17247.7;15430;13802.7;12346.9;11044.7;9879.33;8837.09;7904.72;7070.08;6323.83;5656.11;5058.61;4524.15;4045.82;3617.97;3235.21;2892.7;2586.24;2312.11;2066.79;1847.27;1650.83;1475.03;1317.73;1176.94;1050.97;938.228;837.363;747.13;666.577;594.64;530.567;473.703;423.498;379.604
2;3597358580297;50;frequency;20000.00000002444;22385.53853899816;25055.61678390222;28044.17375656954;31389.19662092121;35133.2035329932;39323.78408414649;44014.2042055669;49264.08322518227;55140.1516811012;61717.09952482729;69078.52549602467;77317.99973512921;86540.25314108083;96862.50859274992;108415.9709538568;121347.4948009008;135821.4510731415;152021.8163702936;170154.5114554648;190450.0186878266;213166.3116533389;238592.1342356312;267050.6708003728;298903.6541519141;334555.9634717432;374460.7706856584;419125.3006744233;469117.2785435782;525072.1459047724;587701.13789258;657800.3235824071;736260.7247225839;824079.6413975459;922373.3285811875;1032391.184709951;1155531.632626961;1293359.894754076;1447627.888434013;1620296.494325686;1813560.480908265;2029876.401899315;2271993.821195295;2542990.262224833;2846310.325953354;3185809.474764127;3565803.038745301;3991121.067296888;4467169.723268114;4999999.999999929
2;3597358580297;50;phasez;-1.54807;-1.54776;-1.54761;-1.54697;-1.5466;-1.54602;-1.5453;-1.54477;-1.54395;-1.5432;-1.54211;-1.54094;-1.53969;-1.53806;-1.53646;-1.53452;-1.53243;-1.53005;-1.52734;-1.52432;-1.52093;-1.51712;-1.51281;-1.508;-1.5026;-1.4965;-1.48972;-1.48206;-1.47347;-1.46383;-1.453;-1.44084;-1.42717;-1.41183;-1.39459;-1.3752;-1.35341;-1.32888;-1.30126;-1.27014;-1.23504;-1.1954;-1.15058;-1.09978;-1.0421;-0.976559;-0.901784;-0.816351;-0.718556;-0.606413
3;3597674950014;20;absz;18772;15317.1;12496.4;10192.1;8314.66;6781.87;5530.92;4510.55;3677.43;2998.01;2443.21;1990.34;1620.74;1318.92;1072.47;871.187;706.933;573.201;464.98;378.718
3;3597674950014;20;frequency;99999.99999990905;122862.535599424;150952.0265389597;185463.4873444638;227865.1431623047;279960.8926363817;343967.05137965;422606.6409511731;519225.2346839865;637933.2888043621;783781.0140572543;962973.2274171232;1183133.324347452;1453627.601814205;1785963.729760951;2194280.323268956;2695948.443325946;3312310.615921419;4069588.809647371;4999999.999999929
3;3597674950014;20;phasez;-1.53554;-1.53235;-1.52833;-1.52326;-1.51709;-1.50927;-1.49964;-1.48763;-1.47275;-1.45431;-1.43145;-1.40309;-1.36789;-1.32417;-1.2697;-1.20162;-1.11603;-1.00776;-0.86961;-0.69206
