0;9016403584069;20;absz;1.36546e+08;9.94926e+07;7.25136e+07;5.28112e+07;3.84571e+07;2.80091e+07;2.03748e+07;1.48233e+07;1.07812e+07;7.83979e+06;5.6997e+06;4.14311e+06;3.01122e+06;2.18819e+06;1.5899e+06;1.15502e+06;838995;609324;442453;321232
0;9016403584069;20;frequency;9.999999974752427;13.86918846435492;19.23543905490988;26.67799336109056;37.00021196095804;51.31629158938722;71.17153245417285;98.70914048804025;136.9015682683994;189.8713664161278;263.3361782500288;365.2259113806622;506.5387032487934;702.5280792305466;974.3494403835484;1351.343611730726;1874.203936580443;2599.368780806799;3605.113577052066;4999.99999995282
0;9016403584069;20;phasez;-1.51042;-1.51424;-1.51731;-1.51976;-1.52181;-1.52337;-1.52526;-1.52665;-1.52786;-1.52875;-1.5295;-1.53004;-1.53032;-1.53034;-1.52998;-1.52917;-1.5277;-1.52537;-1.52187;-1.51672
1;9017174980797;50;absz;7.38076e+06;6.32675e+06;5.41345e+06;4.62813e+06;3.96188e+06;3.39211e+06;2.90403e+06;2.48378e+06;2.12438e+06;1.818e+06;1.55556e+06;1.33097e+06;1.13858e+06;974119;833315;712870;609821;521640;446183;381619;326413;279177;238771;204201;174636;149346;127716;109217;93396.8;79863.4;68291.7;58395.4;49932.5;42694.8;36506.4;31212.6;26685.6;22813.8;19502.5;16670;14246.8;12173.6;10399.3;8880.94;7580.79;6467.3;5512.94;4694.38;3991.39;3386.82
1;9017174980797;50;frequency;199.9999999213742;234.625769479635;275.2462588517801;322.8993264769997;378.802514688914;444.3841576318164;521.3198749487447;611.5753842550475;717.456725922716;841.6691823498468;987.3863981368913;1158.33146786315;1358.872060208682;1594.132014446359;1870.122253535556;2193.894364737048;2573.720768452858;3019.306079821149;3542.035062906734;4155.263512473084;4874.659497176026;5718.603679767398;6708.658946337209;7870.121340545211;9232.666380967203;10831.10727442716;12706.28439819177;14906.10877695531;17486.78621595445;20514.25336674129;24065.86241733066;28232.35745111674;33120.19296963342;38854.25382030405;45581.04601983359;53472.44000269313;62730.06193403319;73590.44528463698;86331.07429211862;101277.4737211686;118811.5260634959;139381.228686517;163512.140226203;191820.8086789974;225030.524286467;263989.7996954232;309694.0495706946;363311.0235703185;426210.642505751;499999.9999999716
1;9017174980797;50;phasez;-1.52849;-1.52872;-1.53125;-1.5318;-1.53222;-1.53194;-1.53255;-1.53281;-1.53331;-1.53377;-1.534;-1.53425;-1.53436;-1.53481;-1.53499;-1.53518;-1.5355;-1.53568;-1.53586;-1.53594;-1.53609;-1.53615;-1.53617;-1.53613;-1.53601;-1.53581;-1.53554;-1.53516;-1.53466;-1.53403;-1.53327;-1.53231;-1.53118;-1.52981;-1.5282;-1.52628;-1.52401;-1.52132;-1.51813;-1.51436;-1.5099;-1.50462;-1.49838;-1.49099;-1.48223;-1.47184;-1.4595;-1.4448;-1.42724;-1.40612
2;9017945344989;50;absz;82243.8;73636.6;65914.2;59026.1;52835.3;47308.9;42353.9;37916.2;33944.1;30384.9;27200.5;24350.8;21797.4;19512.7;17466.9;15636.1;13996.5;12528.9;11215;10039;8986.06;8042.97;7199.29;6443.84;5767.53;5161.96;4620.06;4134.67;3700.24;3311.37;2963.06;2651.32;2372.16;2122.22;1898.37;1697.94;1518.43;1357.62;1213.61;1084.6;969.048;865.552;772.853;689.832;615.621;549.294;490.124;437.542;391.052;350.319
2;9017945344989;50;frequency;20000.00000002444;22385.53853899816;25055.61678390222;28044.17375656954;31389.19662092121;35133.2035329932;39323.78408414649;44014.2042055669;49264.08322518227;55140.1516811012;61717.09952482729;69078.52549602467;77317.99973512921;86540.25314108083;96862.50859274992;108415.9709538568;121347.4948009008;135821.4510731415;152021.8163702936;170154.5114554648;190450.0186878266;213166.3116533389;238592.1342356312;267050.6708003728;298903.6541519141;334555.9634717432;374460.7706856584;419125.3006744233;469117.2785435782;525072.1459047724;587701.13789258;657800.3235824071;736260.7247225839;824079.6413975459;922373.3285811875;1032391.184709951;1155531.632626961;1293359.894754076;1447627.888434013;1620296.494325686;1813560.480908265;2029876.401899315;2271993.821195295;2542990.262224833;2846310.325953354;3185809.474764127;3565803.038745301;3991121.067296888;4467169.723268114;4999999.999999929
2;9017945344989;50;phasez;-1.53765;-1.5374;-1.53735;-1.53703;-1.53658;-1.53611;-1.53569;-1.53493;-1.53423;-1.53324;-1.53233;-1.53128;-1.52992;-1.52846;-1.52685;-1.52496;-1.52284;-1.52043;-1.51773;-1.51472;-1.51129;-1.50747;-1.50314;-1.49828;-1.49283;-1.48672;-1.47987;-1.47219;-1.46356;-1.45388;-1.44303;-1.43083;-1.41715;-1.40179;-1.38454;-1.36517;-1.34338;-1.31886;-1.29128;-1.26017;-1.2251;-1.18547;-1.14067;-1.08988;-1.03218;-0.966576;-0.891715;-0.806145;-0.708134;-0.59569
3;9018264822394;20;absz;17002.9;13892.1;11345.9;9266.51;7569.16;6180.59;5047.7;4121.57;3365.01;2746.82;2241.44;1828.26;1490.73;1214.53;988.642;803.848;652.704;529.431;429.401;349.429
3;9018264822394;20;frequency;99999.99999990905;122862.535599424;150952.0265389597;185463.4873444638;227865.1431623047;279960.8926363817;343967.05137965;422606.6409511731;519225.2346839865;637933.2888043621;783781.0140572543;962973.2274171232;1183133.324347452;1453627.601814205;1785963.729760951;2194280.323268956;2695948.443325946;3312310.615921419;4069588.809647371;4999999.999999929
3;9018264822394;20;phasez;-1.52589;-1.52279;-1.51875;-1.5137;-1.50738;-1.49956;-1.48986;-1.47777;-1.46281;-1.44429;-1.4214;-1.39302;-1.35785;-1.31416;-1.25973;-1.19168;-1.10608;-0.997719;-0.859324;-0.681275
