0;9912013569565;20;absz;1.36051e+08;9.9212e+07;7.23357e+07;5.26889e+07;3.83715e+07;2.79185e+07;2.03231e+07;1.4789e+07;1.07563e+07;7.82237e+06;5.68761e+06;4.13453e+06;3.00508e+06;2.18384e+06;1.58675e+06;1.15278e+06;837343;608147;441608;320637
0;9912013569565;20;frequency;9.999999974752427;13.86918846435492;19.23543905490988;26.67799336109056;37.00021196095804;51.31629158938722;71.17153245417285;98.70914048804025;136.9015682683994;189.8713664161278;263.3361782500288;365.2259113806622;506.5387032487934;702.5280792305466;974.3494403835484;1351.343611730726;1874.203936580443;2599.368780806799;3605.113577052066;4999.99999995282
0;9912013569565;20;phasez;-1.51029;-1.51385;-1.51675;-1.51939;-1.52149;-1.52336;-1.52499;-1.52631;-1.52759;-1.52847;-1.52927;-1.52982;-1.53012;-1.53018;-1.52983;-1.52901;-1.52755;-1.52523;-1.52171;-1.51656
1;9912781092109;50;absz;7.37466e+06;6.32166e+06;5.39734e+06;4.61975e+06;3.95381e+06;3.3853e+06;2.89763e+06;2.47853e+06;2.11991e+06;1.81438e+06;1.55271e+06;1.32841e+06;1.13632e+06;972221;831734;711518;608651;520635;445336;380927;325814;278660;238336;203835;174323;149083;127493;109026;93234;79726;68175.9;58296.7;49848.5;42623.4;36445.3;31161.3;26641.9;22777;19470.8;16643.2;14224.1;12154.4;10383.5;8867.38;7569.42;6457.69;5504.93;4687.66;3985.78;3382.15
1;9912781092109;50;frequency;199.9999999213742;234.625769479635;275.2462588517801;322.8993264769997;378.802514688914;444.3841576318164;521.3198749487447;611.5753842550475;717.456725922716;841.6691823498468;987.3863981368913;1158.33146786315;1358.872060208682;1594.132014446359;1870.122253535556;2193.894364737048;2573.720768452858;3019.306079821149;3542.035062906734;4155.263512473084;4874.659497176026;5718.603679767398;6708.658946337209;7870.121340545211;9232.666380967203;10831.10727442716;12706.28439819177;14906.10877695531;17486.78621595445;20514.25336674129;24065.86241733066;28232.35745111674;33120.19296963342;38854.25382030405;45581.04601983359;53472.44000269313;62730.06193403319;73590.44528463698;86331.07429211862;101277.4737211686;118811.5260634959;139381.228686517;163512.140226203;191820.8086789974;225030.524286467;263989.7996954232;309694.0495706946;363311.0235703185;426210.642505751;499999.9999999716
1;9912781092109;50;phasez;-1.52755;-1.53029;-1.52988;-1.53116;-1.5328;-1.53187;-1.53248;-1.5327;-1.53335;-1.53348;-1.53374;-1.53408;-1.53445;-1.53467;-1.53488;-1.53515;-1.53533;-1.53554;-1.53575;-1.53584;-1.53596;-1.53602;-1.53602;-1.53598;-1.53588;-1.53568;-1.53541;-1.53502;-1.53454;-1.53389;-1.53314;-1.53219;-1.53106;-1.52969;-1.52807;-1.52614;-1.52386;-1.52116;-1.51797;-1.51419;-1.50972;-1.50444;-1.4982;-1.49081;-1.48205;-1.47167;-1.45934;-1.44466;-1.4271;-1.40599
2;9913550445587;50;absz;82137.4;73528.7;65830.5;58941.1;52754.7;47237.9;42290.1;37861.1;33895.5;30341;27159.3;24314.5;21765.2;19484.7;17441.5;15613.6;13977.3;12512;11200;10025.8;8973.92;8032.45;7190.01;6435.4;5760.09;5155.46;4614.26;4129.64;3695.65;3307.33;2959.46;2648.07;2369.26;2119.61;1896.09;1695.89;1516.59;1356.01;1212.18;1083.34;967.928;864.555;771.967;689.062;614.921;548.664;489.558;437.019;390.566;349.862
2;9913550445587;50;frequency;20000.00000002444;22385.53853899816;25055.61678390222;28044.17375656954;31389.19662092121;35133.2035329932;39323.78408414649;44014.2042055669;49264.08322518227;55140.1516811012;61717.09952482729;69078.52549602467;77317.99973512921;86540.25314108083;96862.50859274992;108415.9709538568;121347.4948009008;135821.4510731415;152021.8163702936;170154.5114554648;190450.0186878266;213166.3116533389;238592.1342356312;267050.6708003728;298903.6541519141;334555.9634717432;374460.7706856584;419125.3006744233;469117.2785435782;525072.1459047724;587701.13789258;657800.3235824071;736260.7247225839;824079.6413975459;922373.3285811875;1032391.184709951;1155531.632626961;1293359.894754076;1447627.888434013;1620296.494325686;1813560.480908265;2029876.401899315;2271993.821195295;2542990.262224833;2846310.325953354;3185809.474764127;3565803.038745301;3991121.067296888;4467169.723268114;4999999.999999929
2;9913550445587;50;phasez;-1.53762;-1.53717;-1.53723;-1.53667;-1.53641;-1.53597;-1.53537;-1.53476;-1.53411;-1.53318;-1.5323;-1.53102;-1.52985;-1.52837;-1.52668;-1.52482;-1.52268;-1.52028;-1.51758;-1.51455;-1.51111;-1.50728;-1.50296;-1.49812;-1.49267;-1.48658;-1.47974;-1.47204;-1.46342;-1.45374;-1.4429;-1.43071;-1.41703;-1.40169;-1.38444;-1.36506;-1.34327;-1.31876;-1.29117;-1.26007;-1.22501;-1.1854;-1.1406;-1.08981;-1.03214;-0.966551;-0.891705;-0.80615;-0.708144;-0.595698
3;9913869246602;20;absz;16979;13872.5;11329.8;9253.98;7558.94;6172.51;5041.24;4116.23;3360.79;2743.39;2238.69;1826.09;1488.96;1213.1;987.506;802.913;651.95;528.797;428.876;348.986
3;9913869246602;20;frequency;99999.99999990905;122862.535599424;150952.0265389597;185463.4873444638;227865.1431623047;279960.8926363817;343967.05137965;422606.6409511731;519225.2346839865;637933.2888043621;783781.0140572543;962973.2274171232;1183133.324347452;1453627.601814205;1785963.729760951;2194280.323268956;2695948.443325946;3312310.615921419;4069588.809647371;4999999.999999929
3;9913869246602;20;phasez;-1.5258;-1.52264;-1.51859;-1.51349;-1.50727;-1.49939;-1.48971;-1.47761;-1.46269;-1.44419;-1.42129;-1.39293;-1.35775;-1.31406;-1.25965;-1.19162;-1.10603;-0.997704;-0.859343;-0.681303
