0;2954168054552;20;absz;1.72085e+08;1.24865e+08;9.05232e+07;6.56169e+07;4.75638e+07;3.44451e+07;2.49767e+07;1.80941e+07;1.31055e+07;9.49141e+06;6.87298e+06;4.97617e+06;3.60261e+06;2.60814e+06;1.88809e+06;1.36689e+06;989492;716289;518503;375312
0;2954168054552;20;frequency;9.999999974752427;13.86918846435492;19.23543905490988;26.67799336109056;37.00021196095804;51.31629158938722;71.17153245417285;98.70914048804025;136.9015682683994;189.8713664161278;263.3361782500288;365.2259113806622;506.5387032487934;702.5280792305466;974.3494403835484;1351.343611730726;1874.203936580443;2599.368780806799;3605.113577052066;4999.99999995282
0;2954168054552;20;phasez;-1.5428;-1.54334;-1.5439;-1.54486;-1.54537;-1.54634;-1.54693;-1.54763;-1.54811;-1.54856;-1.54884;-1.54884;-1.54863;-1.54809;-1.5472;-1.54581;-1.54383;-1.541;-1.537;-1.53142
1;2954939237928;50;absz;8.9419e+06;7.6388e+06;6.51724e+06;5.57614e+06;4.76316e+06;4.06408e+06;3.47015e+06;2.96391e+06;2.53269e+06;2.16231e+06;1.84734e+06;1.5777e+06;1.34723e+06;1.15081e+06;982788;839362;716895;612319;522929;446616;381415;325751;278199;237596;202911;173293;147996;126387;107933;92174.3;78712.6;67217;57398.6;49014.8;41853.4;35736.3;30512.1;26049.7;22238.1;18982.5;16200.9;13824.4;11793.4;10057.7;8573.77;7304.43;6218.2;5287.74;4490.05;3805.05
1;2954939237928;50;frequency;199.9999999213742;234.625769479635;275.2462588517801;322.8993264769997;378.802514688914;444.3841576318164;521.3198749487447;611.5753842550475;717.456725922716;841.6691823498468;987.3863981368913;1158.33146786315;1358.872060208682;1594.132014446359;1870.122253535556;2193.894364737048;2573.720768452858;3019.306079821149;3542.035062906734;4155.263512473084;4874.659497176026;5718.603679767398;6708.658946337209;7870.121340545211;9232.666380967203;10831.10727442716;12706.28439819177;14906.10877695531;17486.78621595445;20514.25336674129;24065.86241733066;28232.35745111674;33120.19296963342;38854.25382030405;45581.04601983359;53472.44000269313;62730.06193403319;73590.44528463698;86331.07429211862;101277.4737211686;118811.5260634959;139381.228686517;163512.140226203;191820.8086789974;225030.524286467;263989.7996954232;309694.0495706946;363311.0235703185;426210.642505751;499999.9999999716
1;2954939237928;50;phasez;-1.54965;-1.55006;-1.55109;-1.55051;-1.54932;-1.55134;-1.55085;-1.55048;-1.55115;-1.5513;-1.55102;-1.55136;-1.55109;-1.55124;-1.55121;-1.55123;-1.55114;-1.5511;-1.55107;-1.55095;-1.55084;-1.5507;-1.55051;-1.55031;-1.55005;-1.5497;-1.5493;-1.54883;-1.54824;-1.54753;-1.54671;-1.54573;-1.54455;-1.54316;-1.54152;-1.53959;-1.5373;-1.5346;-1.53139;-1.5276;-1.52311;-1.51779;-1.5115;-1.50406;-1.49523;-1.48476;-1.47233;-1.45754;-1.43985;-1.4186
2;2955709648645;50;absz;94957.2;85006.4;76006.6;67967.6;60804.2;54373.3;48624.7;43495.7;38904.7;34794.9;31115.4;27824.5;24884.2;22255.5;19903;17798.5;15917.3;14234.6;12729.6;11383.5;10180.1;9103.06;8140.14;7278.83;6508.72;5819.89;5203.86;4652.85;4160.09;3719.38;3325.15;2972.53;2657.2;2375.13;2122.85;1897.14;1695.26;1514.64;1353.04;1208.45;1079.11;963.392;859.887;767.313;684.676;610.919;545.24;486.974;435.566;390.646
2;2955709648645;50;frequency;20000.00000002444;22385.53853899816;25055.61678390222;28044.17375656954;31389.19662092121;35133.2035329932;39323.78408414649;44014.2042055669;49264.08322518227;55140.1516811012;61717.09952482729;69078.52549602467;77317.99973512921;86540.25314108083;96862.50859274992;108415.9709538568;121347.4948009008;135821.4510731415;152021.8163702936;170154.5114554648;190450.0186878266;213166.3116533389;238592.1342356312;267050.6708003728;298903.6541519141;334555.9634717432;374460.7706856584;419125.3006744233;469117.2785435782;525072.1459047724;587701.13789258;657800.3235824071;736260.7247225839;824079.6413975459;922373.3285811875;1032391.184709951;1155531.632626961;1293359.894754076;1447627.888434013;1620296.494325686;1813560.480908265;2029876.401899315;2271993.821195295;2542990.262224833;2846310.325953354;3185809.474764127;3565803.038745301;3991121.067296888;4467169.723268114;4999999.999999929
2;2955709648645;50;phasez;-1.55124;-1.55097;-1.55033;-1.5503;-1.55014;-1.54929;-1.54898;-1.54817;-1.54746;-1.5468;-1.54574;-1.54455;-1.54321;-1.5418;-1.54006;-1.53818;-1.53606;-1.53359;-1.53089;-1.5278;-1.52435;-1.52048;-1.51607;-1.51118;-1.5057;-1.49953;-1.49256;-1.48482;-1.47607;-1.46627;-1.4553;-1.44297;-1.42914;-1.41363;-1.39618;-1.37662;-1.35462;-1.32989;-1.30207;-1.27074;-1.23543;-1.19558;-1.15055;-1.09956;-1.04165;-0.975877;-0.900895;-0.815263;-0.717241;-0.60489
3;2956028869452;20;absz;19375.1;15800.5;12885.2;10502.2;8562.85;6980.92;5690.38;4638.53;3780.2;3080.73;2509.79;2044.11;1664.21;1354.19;1101.1;894.539;726.02;588.899;478;389.713
3;2956028869452;20;frequency;99999.99999990905;122862.535599424;150952.0265389597;185463.4873444638;227865.1431623047;279960.8926363817;343967.05137965;422606.6409511731;519225.2346839865;637933.2888043621;783781.0140572543;962973.2274171232;1183133.324347452;1453627.601814205;1785963.729760951;2194280.323268956;2695948.443325946;3312310.615921419;4069588.809647371;4999999.999999929
3;2956028869452;20;phasez;-1.53921;-1.53599;-1.53189;-1.52682;-1.52039;-1.51247;-1.50262;-1.49039;-1.47525;-1.4565;-1.4333;-1.40461;-1.36907;-1.32498;-1.27013;-1.20166;-1.11567;-1.00701;-0.868466;-0.690526
