0;9058230926304;20;absz;1.36466e+08;9.94456e+07;7.24732e+07;5.28007e+07;3.84578e+07;2.79834e+07;2.03709e+07;1.48187e+07;1.0779e+07;7.83828e+06;5.69887e+06;4.14262e+06;3.01092e+06;2.18795e+06;1.5897e+06;1.15488e+06;838855;609238;442390;321189
0;9058230926304;20;frequency;9.999999974752427;13.86918846435492;19.23543905490988;26.67799336109056;37.00021196095804;51.31629158938722;71.17153245417285;98.70914048804025;136.9015682683994;189.8713664161278;263.3361782500288;365.2259113806622;506.5387032487934;702.5280792305466;974.3494403835484;1351.343611730726;1874.203936580443;2599.368780806799;3605.113577052066;4999.99999995282
0;9058230926304;20;phasez;-1.51027;-1.51435;-1.51726;-1.51976;-1.52194;-1.523;-1.52523;-1.52652;-1.52769;-1.52864;-1.52945;-1.52998;-1.53029;-1.53032;-1.52997;-1.52917;-1.52769;-1.52536;-1.52186;-1.51671
1;9059002364203;50;absz;7.394e+06;6.32663e+06;5.42112e+06;4.63068e+06;3.96285e+06;3.39306e+06;2.90166e+06;2.48342e+06;2.12436e+06;1.81811e+06;1.5551e+06;1.33092e+06;1.13844e+06;974109;833253;712795;609777;521547;446134;381583;326381;279143;238743;204179;174619;149332;127705;109209;93387;79856.4;68285.3;58390.7;49928.1;42691;36503.1;31210.1;26683.1;22811.5;19500.5;16668.3;14245.4;12172.3;10398.3;8879.85;7580.07;6466.66;5512.39;4693.9;3990.98;3386.53
1;9059002364203;50;frequency;199.9999999213742;234.625769479635;275.2462588517801;322.8993264769997;378.802514688914;444.3841576318164;521.3198749487447;611.5753842550475;717.456725922716;841.6691823498468;987.3863981368913;1158.33146786315;1358.872060208682;1594.132014446359;1870.122253535556;2193.894364737048;2573.720768452858;3019.306079821149;3542.035062906734;4155.263512473084;4874.659497176026;5718.603679767398;6708.658946337209;7870.121340545211;9232.666380967203;10831.10727442716;12706.28439819177;14906.10877695531;17486.78621595445;20514.25336674129;24065.86241733066;28232.35745111674;33120.19296963342;38854.25382030405;45581.04601983359;53472.44000269313;62730.06193403319;73590.44528463698;86331.07429211862;101277.4737211686;118811.5260634959;139381.228686517;163512.140226203;191820.8086789974;225030.524286467;263989.7996954232;309694.0495706946;363311.0235703185;426210.642505751;499999.9999999716
1;9059002364203;50;phasez;-1.52841;-1.53019;-1.5322;-1.53145;-1.53184;-1.53207;-1.53241;-1.53288;-1.53274;-1.53362;-1.53381;-1.53407;-1.53458;-1.53479;-1.53497;-1.53522;-1.53546;-1.53567;-1.53586;-1.53598;-1.5361;-1.53614;-1.53617;-1.53611;-1.536;-1.53581;-1.53552;-1.53514;-1.53465;-1.53403;-1.53326;-1.53231;-1.53117;-1.52981;-1.52819;-1.52628;-1.524;-1.52131;-1.51812;-1.51435;-1.50989;-1.50462;-1.49837;-1.49098;-1.48223;-1.47184;-1.4595;-1.44481;-1.42725;-1.40614
2;9059773459977;50;absz;82226;73642.9;65935.1;59037.5;52849.5;47310.8;42359.7;37917.1;33949.1;30389.3;27202.4;24350.7;21799.5;19512.5;17468.2;15637.2;13997.6;12528.9;11215.6;10039.2;8986.16;8043.54;7199.57;6444.13;5767.74;5162.2;4620.17;4134.94;3700.37;3311.44;2963.21;2651.41;2372.23;2122.27;1898.43;1697.98;1518.47;1357.68;1213.62;1084.62;969.064;865.564;772.857;689.842;615.599;549.267;490.092;437.503;391.002;350.251
2;9059773459977;50;frequency;20000.00000002444;22385.53853899816;25055.61678390222;28044.17375656954;31389.19662092121;35133.2035329932;39323.78408414649;44014.2042055669;49264.08322518227;55140.1516811012;61717.09952482729;69078.52549602467;77317.99973512921;86540.25314108083;96862.50859274992;108415.9709538568;121347.4948009008;135821.4510731415;152021.8163702936;170154.5114554648;190450.0186878266;213166.3116533389;238592.1342356312;267050.6708003728;298903.6541519141;334555.9634717432;374460.7706856584;419125.3006744233;469117.2785435782;525072.1459047724;587701.13789258;657800.3235824071;736260.7247225839;824079.6413975459;922373.3285811875;1032391.184709951;1155531.632626961;1293359.894754076;1447627.888434013;1620296.494325686;1813560.480908265;2029876.401899315;2271993.821195295;2542990.262224833;2846310.325953354;3185809.474764127;3565803.038745301;3991121.067296888;4467169.723268114;4999999.999999929
2;9059773459977;50;phasez;-1.53765;-1.53733;-1.53737;-1.53693;-1.53631;-1.53597;-1.53543;-1.535;-1.53417;-1.53329;-1.53228;-1.53121;-1.53;-1.52856;-1.52676;-1.52498;-1.5228;-1.52044;-1.5177;-1.51469;-1.51129;-1.50747;-1.50313;-1.49829;-1.49283;-1.48673;-1.47989;-1.47221;-1.46358;-1.45391;-1.44306;-1.43086;-1.41718;-1.40183;-1.38459;-1.36522;-1.34344;-1.31893;-1.29134;-1.26026;-1.22519;-1.18559;-1.14079;-1.09002;-1.03233;-0.966745;-0.891903;-0.806351;-0.708345;-0.595908
3;9060093369371;20;absz;17004.8;13893.7;11345.7;9267.23;7569.56;6181.3;5048.08;4121.79;3365.25;2747.05;2241.57;1828.38;1490.79;1214.57;988.65;803.848;652.708;529.406;429.367;349.388
3;9060093369371;20;frequency;99999.99999990905;122862.535599424;150952.0265389597;185463.4873444638;227865.1431623047;279960.8926363817;343967.05137965;422606.6409511731;519225.2346839865;637933.2888043621;783781.0140572543;962973.2274171232;1183133.324347452;1453627.601814205;1785963.729760951;2194280.323268956;2695948.443325946;3312310.615921419;4069588.809647371;4999999.999999929
3;9060093369371;20;phasez;-1.52599;-1.52274;-1.51876;-1.5137;-1.50741;-1.49959;-1.48986;-1.47778;-1.46283;-1.44433;-1.42144;-1.39306;-1.35791;-1.31424;-1.25984;-1.19181;-1.10623;-0.997891;-0.859532;-0.6815
