0;4460464551545;20;absz;1.52244e+08;1.10587e+08;8.03797e+07;5.84368e+07;4.24797e+07;3.08785e+07;2.24286e+07;1.62911e+07;1.1834e+07;8.59308e+06;6.23883e+06;4.52858e+06;3.28667e+06;2.38495e+06;1.73038e+06;1.25528e+06;910465;660250;478706;347028
0;4460464551545;20;frequency;9.999999974752427;13.86918846435492;19.23543905490988;26.67799336109056;37.00021196095804;51.31629158938722;71.17153245417285;98.70914048804025;136.9015682683994;189.8713664161278;263.3361782500288;365.2259113806622;506.5387032487934;702.5280792305466;974.3494403835484;1351.343611730726;1874.203936580443;2599.368780806799;3605.113577052066;4999.99999995282
0;4460464551545;20;phasez;-1.52808;-1.52944;-1.53014;-1.53135;-1.53223;-1.53346;-1.53402;-1.53486;-1.53555;-1.53618;-1.53678;-1.5372;-1.53743;-1.53741;-1.53705;-1.53621;-1.53478;-1.53247;-1.52895;-1.52375
1;4461232709653;50;absz;8.09562e+06;6.92146e+06;5.92589e+06;5.06926e+06;4.33151e+06;3.7047e+06;3.16807e+06;2.70912e+06;2.3152e+06;1.98023e+06;1.69324e+06;1.44735e+06;1.2372e+06;1.05776e+06;904234;772935;660728;564787;482741;412596;352640;301390;257583;220127;188124;160768;137385;117403;100327;85730.5;73259.3;62601.1;53493.3;45710.6;39059.8;33375.5;28517.9;24366.2;20817.3;17784;15190.6;12973.1;11076.7;9454.65;8066.49;6878.19;5860.16;4987.32;4238.27;3594.34
1;4461232709653;50;frequency;199.9999999213742;234.625769479635;275.2462588517801;322.8993264769997;378.802514688914;444.3841576318164;521.3198749487447;611.5753842550475;717.456725922716;841.6691823498468;987.3863981368913;1158.33146786315;1358.872060208682;1594.132014446359;1870.122253535556;2193.894364737048;2573.720768452858;3019.306079821149;3542.035062906734;4155.263512473084;4874.659497176026;5718.603679767398;6708.658946337209;7870.121340545211;9232.666380967203;10831.10727442716;12706.28439819177;14906.10877695531;17486.78621595445;20514.25336674129;24065.86241733066;28232.35745111674;33120.19296963342;38854.25382030405;45581.04601983359;53472.44000269313;62730.06193403319;73590.44528463698;86331.07429211862;101277.4737211686;118811.5260634959;139381.228686517;163512.140226203;191820.8086789974;225030.524286467;263989.7996954232;309694.0495706946;363311.0235703185;426210.642505751;499999.9999999716
1;4461232709653;50;phasez;-1.53763;-1.53854;-1.53702;-1.53823;-1.53943;-1.53826;-1.53915;-1.53998;-1.54001;-1.54062;-1.54076;-1.54114;-1.5416;-1.54185;-1.54212;-1.54226;-1.54256;-1.5427;-1.54293;-1.54305;-1.54313;-1.54316;-1.54315;-1.54306;-1.54289;-1.54267;-1.54234;-1.54191;-1.54133;-1.54064;-1.53979;-1.53877;-1.53755;-1.53609;-1.53438;-1.53237;-1.53;-1.52722;-1.52395;-1.52011;-1.5156;-1.51029;-1.50403;-1.49664;-1.48791;-1.47758;-1.46531;-1.45071;-1.43326;-1.41228
2;4462001679733;50;absz;88374.3;79078.4;70751.5;63295.1;56640.1;50687.4;45355.1;40592.4;36324.7;32497.4;29078.7;26019.4;23283.2;20834;18641.2;16681.6;14927.2;13357.2;11952.1;10694.8;9569.21;8562.38;7661.05;6854.52;6132.77;5486.78;4908.79;4391.42;3928.46;3514.04;3143.2;2811.31;2514.2;2248.27;2010.27;1797.21;1606.5;1435.79;1282.95;1146.1;1023.62;913.96;815.814;727.96;649.512;579.43;516.955;461.506;412.512;369.634
2;4462001679733;50;frequency;20000.00000002444;22385.53853899816;25055.61678390222;28044.17375656954;31389.19662092121;35133.2035329932;39323.78408414649;44014.2042055669;49264.08322518227;55140.1516811012;61717.09952482729;69078.52549602467;77317.99973512921;86540.25314108083;96862.50859274992;108415.9709538568;121347.4948009008;135821.4510731415;152021.8163702936;170154.5114554648;190450.0186878266;213166.3116533389;238592.1342356312;267050.6708003728;298903.6541519141;334555.9634717432;374460.7706856584;419125.3006744233;469117.2785435782;525072.1459047724;587701.13789258;657800.3235824071;736260.7247225839;824079.6413975459;922373.3285811875;1032391.184709951;1155531.632626961;1293359.894754076;1447627.888434013;1620296.494325686;1813560.480908265;2029876.401899315;2271993.821195295;2542990.262224833;2846310.325953354;3185809.474764127;3565803.038745301;3991121.067296888;4467169.723268114;4999999.999999929
2;4462001679733;50;phasez;-1.54424;-1.54395;-1.54387;-1.54344;-1.54292;-1.54268;-1.54181;-1.54122;-1.54033;-1.53941;-1.53847;-1.53725;-1.53587;-1.53431;-1.53263;-1.53073;-1.52854;-1.52613;-1.52341;-1.52038;-1.51696;-1.51311;-1.50882;-1.50403;-1.49864;-1.49257;-1.4858;-1.47819;-1.46964;-1.46004;-1.44926;-1.43718;-1.42359;-1.40832;-1.39117;-1.37187;-1.35017;-1.32575;-1.29825;-1.26725;-1.23228;-1.19278;-1.1481;-1.09744;-1.03993;-0.974513;-0.899889;-0.814598;-0.716936;-0.604909
3;4462318023431;20;absz;18149.3;14817.9;12093.4;9870.58;8057.01;6574.75;5365.36;4377.98;3571.53;2913.17;2375.32;1935.94;1577.23;1284.03;1044.45;848.66;688.769;558.474;452.94;368.734
3;4462318023431;20;frequency;99999.99999990905;122862.535599424;150952.0265389597;185463.4873444638;227865.1431623047;279960.8926363817;343967.05137965;422606.6409511731;519225.2346839865;637933.2888043621;783781.0140572543;962973.2274171232;1183133.324347452;1453627.601814205;1785963.729760951;2194280.323268956;2695948.443325946;3312310.615921419;4069588.809647371;4999999.999999929
3;4462318023431;20;phasez;-1.53176;-1.52849;-1.52436;-1.51939;-1.5131;-1.50536;-1.4957;-1.48377;-1.46897;-1.45063;-1.42788;-1.39969;-1.36469;-1.32117;-1.26694;-1.19911;-1.11377;-1.00579;-0.867905;-0.69057
