0;7211217451055;20;absz;1.38535e+08;1.00882e+08;7.34787e+07;5.35146e+07;3.89437e+07;2.83519e+07;2.06147e+07;1.49931e+07;1.09016e+07;7.92556e+06;5.76105e+06;4.18701e+06;3.0427e+06;2.21079e+06;1.60615e+06;1.16671e+06;847367;615341;446769;324316
0;7211217451055;20;frequency;9.999999974752427;13.86918846435492;19.23543905490988;26.67799336109056;37.00021196095804;51.31629158938722;71.17153245417285;98.70914048804025;136.9015682683994;189.8713664161278;263.3361782500288;365.2259113806622;506.5387032487934;702.5280792305466;974.3494403835484;1351.343611730726;1874.203936580443;2599.368780806799;3605.113577052066;4999.99999995282
0;7211217451055;20;phasez;-1.51432;-1.51722;-1.51943;-1.52199;-1.52401;-1.52562;-1.527;-1.52816;-1.52912;-1.52991;-1.53051;-1.53093;-1.53113;-1.53108;-1.53067;-1.52984;-1.52835;-1.52604;-1.52255;-1.51741
1;7211985544569;50;absz;7.45283e+06;6.40534e+06;5.46408e+06;4.68705e+06;4.00287e+06;3.42885e+06;2.93205e+06;2.51027e+06;2.14694e+06;1.83678e+06;1.57158e+06;1.34457e+06;1.15015e+06;983877;841627;719960;615834;526714;450531;385330;329543;281841;241027;206123;176264;150725;128885;110209;94236.2;80576.8;68896.6;58907.8;50367.2;43062.7;36816.9;31476.7;26909.7;23003.3;19662.7;16805.3;14361.3;12270.2;10480.9;8949.66;7639;6516.37;5554.45;4729.41;4020.98;3411.76
1;7211985544569;50;frequency;199.9999999213742;234.625769479635;275.2462588517801;322.8993264769997;378.802514688914;444.3841576318164;521.3198749487447;611.5753842550475;717.456725922716;841.6691823498468;987.3863981368913;1158.33146786315;1358.872060208682;1594.132014446359;1870.122253535556;2193.894364737048;2573.720768452858;3019.306079821149;3542.035062906734;4155.263512473084;4874.659497176026;5718.603679767398;6708.658946337209;7870.121340545211;9232.666380967203;10831.10727442716;12706.28439819177;14906.10877695531;17486.78621595445;20514.25336674129;24065.86241733066;28232.35745111674;33120.19296963342;38854.25382030405;45581.04601983359;53472.44000269313;62730.06193403319;73590.44528463698;86331.07429211862;101277.4737211686;118811.5260634959;139381.228686517;163512.140226203;191820.8086789974;225030.524286467;263989.7996954232;309694.0495706946;363311.0235703185;426210.642505751;499999.9999999716
1;7211985544569;50;phasez;-1.52969;-1.53015;-1.5323;-1.53153;-1.53268;-1.53292;-1.53324;-1.53358;-1.53412;-1.53455;-1.53461;-1.53478;-1.53531;-1.53551;-1.5357;-1.53597;-1.53611;-1.53631;-1.53653;-1.53671;-1.5368;-1.53686;-1.5369;-1.53685;-1.53674;-1.53656;-1.53628;-1.5359;-1.53541;-1.5348;-1.53402;-1.53308;-1.53194;-1.53059;-1.52897;-1.52707;-1.5248;-1.52212;-1.51894;-1.51517;-1.51072;-1.50544;-1.4992;-1.49181;-1.48305;-1.47266;-1.46033;-1.44565;-1.4281;-1.40702
2;7212755087399;50;absz;82954.9;74267.3;66496.6;59546;53301.5;47714.8;42716.3;38240.7;34230.5;30639.5;27426.3;24549.8;21977.3;19670.1;17607.7;15760.6;14107.7;12627.6;11302.8;10117;9055.25;8104.79;7253.9;6492.25;5810.68;5200.52;4654.13;4165.07;3727.25;3335.31;2984.42;2670.26;2388.91;2137.09;1911.59;1709.64;1528.79;1366.81;1221.76;1091.81;975.415;871.177;777.854;694.257;619.531;552.749;493.191;440.266;393.48;352.477
2;7212755087399;50;frequency;20000.00000002444;22385.53853899816;25055.61678390222;28044.17375656954;31389.19662092121;35133.2035329932;39323.78408414649;44014.2042055669;49264.08322518227;55140.1516811012;61717.09952482729;69078.52549602467;77317.99973512921;86540.25314108083;96862.50859274992;108415.9709538568;121347.4948009008;135821.4510731415;152021.8163702936;170154.5114554648;190450.0186878266;213166.3116533389;238592.1342356312;267050.6708003728;298903.6541519141;334555.9634717432;374460.7706856584;419125.3006744233;469117.2785435782;525072.1459047724;587701.13789258;657800.3235824071;736260.7247225839;824079.6413975459;922373.3285811875;1032391.184709951;1155531.632626961;1293359.894754076;1447627.888434013;1620296.494325686;1813560.480908265;2029876.401899315;2271993.821195295;2542990.262224833;2846310.325953354;3185809.474764127;3565803.038745301;3991121.067296888;4467169.723268114;4999999.999999929
2;7212755087399;50;phasez;-1.53841;-1.53828;-1.53804;-1.53767;-1.53729;-1.53686;-1.53632;-1.53566;-1.53508;-1.53423;-1.53324;-1.53202;-1.53086;-1.52933;-1.52767;-1.52574;-1.52369;-1.52129;-1.51859;-1.51556;-1.51212;-1.5083;-1.50396;-1.4991;-1.49367;-1.48756;-1.48073;-1.47304;-1.46444;-1.45477;-1.44393;-1.43176;-1.41812;-1.40278;-1.38556;-1.3662;-1.34444;-1.31997;-1.29241;-1.26134;-1.22631;-1.18673;-1.14197;-1.09124;-1.03359;-0.968039;-0.893243;-0.807748;-0.709821;-0.597484
3;7213074330060;20;absz;17135.1;13999.4;11432.4;9336.7;7625.66;6226.8;5084.75;4151.34;3388.99;2766.2;2257.04;1840.78;1500.75;1222.58;995.085;808.989;656.823;532.707;432.038;351.573
3;7213074330060;20;frequency;99999.99999990905;122862.535599424;150952.0265389597;185463.4873444638;227865.1431623047;279960.8926363817;343967.05137965;422606.6409511731;519225.2346839865;637933.2888043621;783781.0140572543;962973.2274171232;1183133.324347452;1453627.601814205;1785963.729760951;2194280.323268956;2695948.443325946;3312310.615921419;4069588.809647371;4999999.999999929
3;7213074330060;20;phasez;-1.52682;-1.52362;-1.51957;-1.51456;-1.50822;-1.50042;-1.49073;-1.47865;-1.46371;-1.44526;-1.4224;-1.39408;-1.35896;-1.31534;-1.26099;-1.19302;-1.10752;-0.999271;-0.861033;-0.683196
