0;4471616378206;20;absz;1.51977e+08;1.10444e+08;8.03223e+07;5.83918e+07;4.2445e+07;3.08326e+07;2.241e+07;1.62824e+07;1.18262e+07;8.58746e+06;6.2348e+06;4.52602e+06;3.28484e+06;2.38363e+06;1.72944e+06;1.25455e+06;909957;659891;478466;346860
0;4471616378206;20;frequency;9.999999974752427;13.86918846435492;19.23543905490988;26.67799336109056;37.00021196095804;51.31629158938722;71.17153245417285;98.70914048804025;136.9015682683994;189.8713664161278;263.3361782500288;365.2259113806622;506.5387032487934;702.5280792305466;974.3494403835484;1351.343611730726;1874.203936580443;2599.368780806799;3605.113577052066;4999.99999995282
0;4471616378206;20;phasez;-1.52863;-1.52905;-1.53028;-1.53129;-1.53219;-1.53292;-1.53388;-1.53469;-1.53545;-1.53612;-1.53672;-1.53714;-1.53739;-1.53736;-1.53699;-1.53617;-1.53471;-1.53239;-1.52887;-1.52368
1;4472386305894;50;absz;8.09149e+06;6.90562e+06;5.9207e+06;5.06112e+06;4.32962e+06;3.7024e+06;3.16508e+06;2.70746e+06;2.31376e+06;1.97929e+06;1.69171e+06;1.44649e+06;1.23671e+06;1.05733e+06;903795;772619;660450;564502;482539;412426;352492;301259;257466;220028;188038;160696;137326;117354;100285;85696.4;73229.8;62576.2;53472.8;45692.9;39045;33362.9;28506.9;24357.1;20809.8;17778.1;15185.6;12968.9;11073.3;9451.6;8063.86;6875.85;5858.25;4985.8;4236.96;3593.27
1;4472386305894;50;frequency;199.9999999213742;234.625769479635;275.2462588517801;322.8993264769997;378.802514688914;444.3841576318164;521.3198749487447;611.5753842550475;717.456725922716;841.6691823498468;987.3863981368913;1158.33146786315;1358.872060208682;1594.132014446359;1870.122253535556;2193.894364737048;2573.720768452858;3019.306079821149;3542.035062906734;4155.263512473084;4874.659497176026;5718.603679767398;6708.658946337209;7870.121340545211;9232.666380967203;10831.10727442716;12706.28439819177;14906.10877695531;17486.78621595445;20514.25336674129;24065.86241733066;28232.35745111674;33120.19296963342;38854.25382030405;45581.04601983359;53472.44000269313;62730.06193403319;73590.44528463698;86331.07429211862;101277.4737211686;118811.5260634959;139381.228686517;163512.140226203;191820.8086789974;225030.524286467;263989.7996954232;309694.0495706946;363311.0235703185;426210.642505751;499999.9999999716
1;4472386305894;50;phasez;-1.53959;-1.5394;-1.53925;-1.53832;-1.53873;-1.53992;-1.54006;-1.5395;-1.54047;-1.54066;-1.54097;-1.54153;-1.54161;-1.5418;-1.54204;-1.54226;-1.54253;-1.54265;-1.54286;-1.54299;-1.54307;-1.54311;-1.5431;-1.54301;-1.54283;-1.54261;-1.54228;-1.54184;-1.54129;-1.54059;-1.53974;-1.53872;-1.53749;-1.53603;-1.53432;-1.53231;-1.52994;-1.52716;-1.52389;-1.52006;-1.51555;-1.51024;-1.50398;-1.49659;-1.48787;-1.47753;-1.46527;-1.45067;-1.43322;-1.41224
2;4473157509738;50;absz;88297.7;79024;70700.9;63270.5;56613.7;50667.4;45336.3;40570.9;36301.9;32483.4;29066.7;26009.2;23273.3;20825.5;18634.7;16675.6;14921.4;13352.3;11947.1;10690.5;9565.54;8559.35;7658.67;6852.15;6130.71;5485.05;4907.13;4390.04;3927.14;3512.9;3142.25;2810.39;2513.38;2247.6;2009.67;1796.69;1606.04;1435.37;1282.57;1145.79;1023.33;913.696;815.591;727.775;649.331;579.269;516.818;461.367;412.392;369.524
2;4473157509738;50;frequency;20000.00000002444;22385.53853899816;25055.61678390222;28044.17375656954;31389.19662092121;35133.2035329932;39323.78408414649;44014.2042055669;49264.08322518227;55140.1516811012;61717.09952482729;69078.52549602467;77317.99973512921;86540.25314108083;96862.50859274992;108415.9709538568;121347.4948009008;135821.4510731415;152021.8163702936;170154.5114554648;190450.0186878266;213166.3116533389;238592.1342356312;267050.6708003728;298903.6541519141;334555.9634717432;374460.7706856584;419125.3006744233;469117.2785435782;525072.1459047724;587701.13789258;657800.3235824071;736260.7247225839;824079.6413975459;922373.3285811875;1032391.184709951;1155531.632626961;1293359.894754076;1447627.888434013;1620296.494325686;1813560.480908265;2029876.401899315;2271993.821195295;2542990.262224833;2846310.325953354;3185809.474764127;3565803.038745301;3991121.067296888;4467169.723268114;4999999.999999929
2;4473157509738;50;phasez;-1.54427;-1.54382;-1.54368;-1.54335;-1.54295;-1.54237;-1.5417;-1.54109;-1.54028;-1.53943;-1.5383;-1.53714;-1.53586;-1.53425;-1.53259;-1.53063;-1.52849;-1.52608;-1.52336;-1.52029;-1.51689;-1.51306;-1.50879;-1.50399;-1.49858;-1.49254;-1.48576;-1.47815;-1.46961;-1.46;-1.44922;-1.43712;-1.42355;-1.40828;-1.39112;-1.37183;-1.35013;-1.32571;-1.29821;-1.26721;-1.23224;-1.19273;-1.14805;-1.09741;-1.03989;-0.974469;-0.899845;-0.814565;-0.716886;-0.604864
3;4473476192671;20;absz;18142.6;14813;12090.7;9867.33;8054.48;6572.94;5363.96;4376.74;3570.48;2912.44;2374.72;1935.44;1576.86;1283.73;1044.22;848.468;688.6;558.351;452.841;368.65
3;4473476192671;20;frequency;99999.99999990905;122862.535599424;150952.0265389597;185463.4873444638;227865.1431623047;279960.8926363817;343967.05137965;422606.6409511731;519225.2346839865;637933.2888043621;783781.0140572543;962973.2274171232;1183133.324347452;1453627.601814205;1785963.729760951;2194280.323268956;2695948.443325946;3312310.615921419;4069588.809647371;4999999.999999929
3;4473476192671;20;phasez;-1.53171;-1.52848;-1.52438;-1.51932;-1.51306;-1.50531;-1.49568;-1.48372;-1.46894;-1.45059;-1.42784;-1.39964;-1.36465;-1.32113;-1.26689;-1.19907;-1.11373;-1.00574;-0.867856;-0.690517
