0;10330562792725;20;absz;1.36019e+08;9.91746e+07;7.22818e+07;5.26494e+07;3.83399e+07;2.79299e+07;2.0316e+07;1.47798e+07;1.07503e+07;7.81766e+06;5.68393e+06;4.13175e+06;3.00311e+06;2.18236e+06;1.58573e+06;1.152e+06;836798;607750;441338;320430
0;10330562792725;20;frequency;9.999999974752427;13.86918846435492;19.23543905490988;26.67799336109056;37.00021196095804;51.31629158938722;71.17153245417285;98.70914048804025;136.9015682683994;189.8713664161278;263.3361782500288;365.2259113806622;506.5387032487934;702.5280792305466;974.3494403835484;1351.343611730726;1874.203936580443;2599.368780806799;3605.113577052066;4999.99999995282
0;10330562792725;20;phasez;-1.50972;-1.51369;-1.51628;-1.51895;-1.52137;-1.52305;-1.5249;-1.52642;-1.52753;-1.52851;-1.52929;-1.52985;-1.53015;-1.53018;-1.52983;-1.529;-1.52753;-1.52519;-1.52167;-1.51651
1;10331334834035;50;absz;7.35745e+06;6.31245e+06;5.39317e+06;4.61889e+06;3.95075e+06;3.38141e+06;2.89581e+06;2.47704e+06;2.11888e+06;1.81332e+06;1.55154e+06;1.32724e+06;1.13564e+06;971621;831166;711058;608225;520282;445061;380675;325606;278486;238182;203703;174216;148990;127416;108964;93180.2;79681.4;68136.4;58264.7;49822.3;42602;36426.8;31145.8;26629.2;22766.3;19461.8;16635.6;14217.9;12149.1;10378.7;8863.45;7566.05;6454.88;5502.51;4685.54;3983.97;3380.57
1;10331334834035;50;frequency;199.9999999213742;234.625769479635;275.2462588517801;322.8993264769997;378.802514688914;444.3841576318164;521.3198749487447;611.5753842550475;717.456725922716;841.6691823498468;987.3863981368913;1158.33146786315;1358.872060208682;1594.132014446359;1870.122253535556;2193.894364737048;2573.720768452858;3019.306079821149;3542.035062906734;4155.263512473084;4874.659497176026;5718.603679767398;6708.658946337209;7870.121340545211;9232.666380967203;10831.10727442716;12706.28439819177;14906.10877695531;17486.78621595445;20514.25336674129;24065.86241733066;28232.35745111674;33120.19296963342;38854.25382030405;45581.04601983359;53472.44000269313;62730.06193403319;73590.44528463698;86331.07429211862;101277.4737211686;118811.5260634959;139381.228686517;163512.140226203;191820.8086789974;225030.524286467;263989.7996954232;309694.0495706946;363311.0235703185;426210.642505751;499999.9999999716
1;10331334834035;50;phasez;-1.52957;-1.52937;-1.53078;-1.53078;-1.53179;-1.5323;-1.5323;-1.5332;-1.53282;-1.53356;-1.53378;-1.534;-1.53433;-1.53453;-1.53488;-1.53509;-1.53526;-1.53549;-1.53563;-1.53579;-1.53589;-1.53596;-1.536;-1.53592;-1.53581;-1.53561;-1.53534;-1.53495;-1.53445;-1.53384;-1.53305;-1.5321;-1.53097;-1.52961;-1.52798;-1.52606;-1.52379;-1.52109;-1.51791;-1.51413;-1.50968;-1.5044;-1.49816;-1.49077;-1.48202;-1.47163;-1.4593;-1.44461;-1.42705;-1.40595
2;10332103691278;50;absz;82088.1;73490.7;65790.3;58907;52743.1;47210;42263.6;37846.3;33874.5;30326.2;27145.6;24300.4;21753.4;19474.1;17432.8;15606.1;13970;12505;11194.5;10020;8969.45;8028.44;7185.96;6432.12;5757.17;5152.84;4611.79;4127.5;3693.74;3305.55;2957.98;2646.76;2368.07;2118.54;1895.15;1695.09;1515.91;1355.39;1211.61;1082.86;967.491;864.177;771.636;688.744;614.652;548.417;489.338;436.83;390.402;349.711
2;10332103691278;50;frequency;20000.00000002444;22385.53853899816;25055.61678390222;28044.17375656954;31389.19662092121;35133.2035329932;39323.78408414649;44014.2042055669;49264.08322518227;55140.1516811012;61717.09952482729;69078.52549602467;77317.99973512921;86540.25314108083;96862.50859274992;108415.9709538568;121347.4948009008;135821.4510731415;152021.8163702936;170154.5114554648;190450.0186878266;213166.3116533389;238592.1342356312;267050.6708003728;298903.6541519141;334555.9634717432;374460.7706856584;419125.3006744233;469117.2785435782;525072.1459047724;587701.13789258;657800.3235824071;736260.7247225839;824079.6413975459;922373.3285811875;1032391.184709951;1155531.632626961;1293359.894754076;1447627.888434013;1620296.494325686;1813560.480908265;2029876.401899315;2271993.821195295;2542990.262224833;2846310.325953354;3185809.474764127;3565803.038745301;3991121.067296888;4467169.723268114;4999999.999999929
2;10332103691278;50;phasez;-1.53747;-1.53724;-1.53687;-1.53657;-1.53636;-1.53574;-1.53537;-1.53463;-1.5339;-1.53314;-1.53216;-1.53105;-1.52985;-1.52823;-1.52662;-1.52475;-1.52266;-1.52023;-1.51755;-1.51448;-1.5111;-1.50725;-1.50293;-1.49809;-1.49264;-1.48655;-1.47968;-1.47198;-1.46338;-1.4537;-1.44284;-1.43064;-1.41697;-1.40162;-1.38437;-1.36497;-1.34319;-1.31868;-1.29108;-1.25999;-1.22493;-1.18532;-1.14052;-1.08975;-1.03207;-0.966473;-0.891625;-0.806072;-0.708066;-0.595617
3;10332420335971;20;absz;16969.9;13866.2;11323.7;9249.03;7555.23;6169.66;5038.67;4114.27;3359.1;2742.1;2237.57;1825.2;1488.27;1212.57;987.068;802.582;651.683;528.587;428.696;348.846
3;10332420335971;20;frequency;99999.99999990905;122862.535599424;150952.0265389597;185463.4873444638;227865.1431623047;279960.8926363817;343967.05137965;422606.6409511731;519225.2346839865;637933.2888043621;783781.0140572543;962973.2274171232;1183133.324347452;1453627.601814205;1785963.729760951;2194280.323268956;2695948.443325946;3312310.615921419;4069588.809647371;4999999.999999929
3;10332420335971;20;phasez;-1.52576;-1.52256;-1.5186;-1.51346;-1.50719;-1.49934;-1.48966;-1.47758;-1.46262;-1.44415;-1.42123;-1.39285;-1.35768;-1.31399;-1.25959;-1.19156;-1.10599;-0.997669;-0.859313;-0.68128
