0;9733502421808;20;absz;1.3609e+08;9.93182e+07;7.23633e+07;5.27198e+07;3.83858e+07;2.7939e+07;2.0335e+07;1.47946e+07;1.076e+07;7.82536e+06;5.68971e+06;4.13593e+06;3.00618e+06;2.18456e+06;1.58729e+06;1.15311e+06;837638;608363;441776;320749
0;9733502421808;20;frequency;9.999999974752427;13.86918846435492;19.23543905490988;26.67799336109056;37.00021196095804;51.31629158938722;71.17153245417285;98.70914048804025;136.9015682683994;189.8713664161278;263.3361782500288;365.2259113806622;506.5387032487934;702.5280792305466;974.3494403835484;1351.343611730726;1874.203936580443;2599.368780806799;3605.113577052066;4999.99999995282
0;9733502421808;20;phasez;-1.51008;-1.51377;-1.51683;-1.51946;-1.5216;-1.523;-1.52512;-1.5264;-1.5276;-1.52857;-1.52928;-1.52984;-1.53017;-1.53018;-1.52985;-1.52905;-1.52757;-1.52524;-1.52174;-1.5166
1;9734270535746;50;absz;7.37028e+06;6.31124e+06;5.40974e+06;4.62997e+06;3.95455e+06;3.38628e+06;2.8971e+06;2.47996e+06;2.12155e+06;1.81485e+06;1.55264e+06;1.3287e+06;1.13673e+06;972452;831987;711719;608843;520798;445479;381034;325922;278758;238411;203897;174378;149130;127532;109060;93262.7;79751.3;68196.2;58314.3;49863.9;42636.9;36456.2;31170.7;26650.1;22784;19476.9;16648.1;14228.4;12158.2;10386.3;8869.86;7571.56;6459.48;5506.42;4688.81;3986.73;3382.98
1;9734270535746;50;frequency;199.9999999213742;234.625769479635;275.2462588517801;322.8993264769997;378.802514688914;444.3841576318164;521.3198749487447;611.5753842550475;717.456725922716;841.6691823498468;987.3863981368913;1158.33146786315;1358.872060208682;1594.132014446359;1870.122253535556;2193.894364737048;2573.720768452858;3019.306079821149;3542.035062906734;4155.263512473084;4874.659497176026;5718.603679767398;6708.658946337209;7870.121340545211;9232.666380967203;10831.10727442716;12706.28439819177;14906.10877695531;17486.78621595445;20514.25336674129;24065.86241733066;28232.35745111674;33120.19296963342;38854.25382030405;45581.04601983359;53472.44000269313;62730.06193403319;73590.44528463698;86331.07429211862;101277.4737211686;118811.5260634959;139381.228686517;163512.140226203;191820.8086789974;225030.524286467;263989.7996954232;309694.0495706946;363311.0235703185;426210.642505751;499999.9999999716
1;9734270535746;50;phasez;-1.52925;-1.52903;-1.5305;-1.53092;-1.5315;-1.53197;-1.53198;-1.53292;-1.53297;-1.53332;-1.53389;-1.53406;-1.5344;-1.53452;-1.53491;-1.53511;-1.53541;-1.53554;-1.53575;-1.53591;-1.53596;-1.53605;-1.53605;-1.53601;-1.53589;-1.53569;-1.53543;-1.53505;-1.53455;-1.53393;-1.53315;-1.53221;-1.53107;-1.52971;-1.52808;-1.52616;-1.52388;-1.52118;-1.51799;-1.51421;-1.50975;-1.50447;-1.49823;-1.49084;-1.48209;-1.4717;-1.45937;-1.44468;-1.42712;-1.40602
2;9735039618416;50;absz;82136.3;73554.6;65840.4;58955.9;52777.6;47248.2;42302.2;37869.4;33899.6;30347.3;27167.3;24319.2;21772;19489.8;17446.9;15618.4;13980.3;12515;11202.3;10027.8;8976.1;8034.28;7191.38;6436.82;5761.23;5156.5;4615.1;4130.39;3696.41;3307.88;2960.08;2648.59;2369.74;2120;1896.41;1696.21;1516.87;1356.28;1212.42;1083.55;968.119;864.719;772.118;689.187;615.035;548.76;489.647;437.103;390.644;349.927
2;9735039618416;50;frequency;20000.00000002444;22385.53853899816;25055.61678390222;28044.17375656954;31389.19662092121;35133.2035329932;39323.78408414649;44014.2042055669;49264.08322518227;55140.1516811012;61717.09952482729;69078.52549602467;77317.99973512921;86540.25314108083;96862.50859274992;108415.9709538568;121347.4948009008;135821.4510731415;152021.8163702936;170154.5114554648;190450.0186878266;213166.3116533389;238592.1342356312;267050.6708003728;298903.6541519141;334555.9634717432;374460.7706856584;419125.3006744233;469117.2785435782;525072.1459047724;587701.13789258;657800.3235824071;736260.7247225839;824079.6413975459;922373.3285811875;1032391.184709951;1155531.632626961;1293359.894754076;1447627.888434013;1620296.494325686;1813560.480908265;2029876.401899315;2271993.821195295;2542990.262224833;2846310.325953354;3185809.474764127;3565803.038745301;3991121.067296888;4467169.723268114;4999999.999999929
2;9735039618416;50;phasez;-1.53739;-1.53736;-1.53704;-1.53687;-1.5365;-1.53615;-1.5356;-1.53483;-1.53408;-1.53319;-1.5323;-1.53114;-1.52982;-1.52835;-1.52671;-1.52486;-1.5227;-1.52029;-1.51762;-1.51456;-1.51116;-1.5073;-1.503;-1.49816;-1.49272;-1.4866;-1.47977;-1.47209;-1.46346;-1.45378;-1.44293;-1.43075;-1.41707;-1.40171;-1.38447;-1.36507;-1.34329;-1.31878;-1.29119;-1.26009;-1.22502;-1.18541;-1.14061;-1.08984;-1.03215;-0.966559;-0.891723;-0.806154;-0.708158;-0.595718
3;9735358035186;20;absz;16986.8;13877.6;11333.7;9256.95;7561.15;6174.66;5042.86;4117.6;3361.78;2744.18;2239.32;1826.53;1489.32;1213.42;987.758;803.125;652.126;528.94;428.987;349.072
3;9735358035186;20;frequency;99999.99999990905;122862.535599424;150952.0265389597;185463.4873444638;227865.1431623047;279960.8926363817;343967.05137965;422606.6409511731;519225.2346839865;637933.2888043621;783781.0140572543;962973.2274171232;1183133.324347452;1453627.601814205;1785963.729760951;2194280.323268956;2695948.443325946;3312310.615921419;4069588.809647371;4999999.999999929
3;9735358035186;20;phasez;-1.52588;-1.52267;-1.5186;-1.51358;-1.50729;-1.49945;-1.48974;-1.47767;-1.46272;-1.44422;-1.42131;-1.39294;-1.35778;-1.31409;-1.25968;-1.19165;-1.10608;-0.997743;-0.859379;-0.681346
