0;10285952087914;20;absz;1.35995e+08;9.91729e+07;7.23085e+07;5.26568e+07;3.83495e+07;2.79065e+07;2.03173e+07;1.47813e+07;1.07504e+07;7.81793e+06;5.68405e+06;4.13194e+06;3.00324e+06;2.18246e+06;1.58575e+06;1.15204e+06;836813;607778;441347;320439
0;10285952087914;20;frequency;9.999999974752427;13.86918846435492;19.23543905490988;26.67799336109056;37.00021196095804;51.31629158938722;71.17153245417285;98.70914048804025;136.9015682683994;189.8713664161278;263.3361782500288;365.2259113806622;506.5387032487934;702.5280792305466;974.3494403835484;1351.343611730726;1874.203936580443;2599.368780806799;3605.113577052066;4999.99999995282
0;10285952087914;20;phasez;-1.51025;-1.51303;-1.51636;-1.51925;-1.52138;-1.52301;-1.52494;-1.52647;-1.5276;-1.52856;-1.52931;-1.52985;-1.53016;-1.53018;-1.52984;-1.529;-1.52753;-1.52519;-1.52168;-1.51651
1;10286720873704;50;absz;7.37942e+06;6.31275e+06;5.40366e+06;4.61912e+06;3.95254e+06;3.38559e+06;2.89429e+06;2.47756e+06;2.11915e+06;1.81366e+06;1.55175e+06;1.3272e+06;1.13573e+06;971526;831141;711076;608263;520291;445067;380692;325604;278502;238192;203712;174219;148994;127417;108962;93179.7;79683.1;68138.1;58265;49822.6;42601.6;36426.7;31145.8;26629;22766;19461.9;16635.7;14217.6;12148.9;10378.7;8863.3;7566.15;6454.88;5502.45;4685.53;3983.99;3380.6
1;10286720873704;50;frequency;199.9999999213742;234.625769479635;275.2462588517801;322.8993264769997;378.802514688914;444.3841576318164;521.3198749487447;611.5753842550475;717.456725922716;841.6691823498468;987.3863981368913;1158.33146786315;1358.872060208682;1594.132014446359;1870.122253535556;2193.894364737048;2573.720768452858;3019.306079821149;3542.035062906734;4155.263512473084;4874.659497176026;5718.603679767398;6708.658946337209;7870.121340545211;9232.666380967203;10831.10727442716;12706.28439819177;14906.10877695531;17486.78621595445;20514.25336674129;24065.86241733066;28232.35745111674;33120.19296963342;38854.25382030405;45581.04601983359;53472.44000269313;62730.06193403319;73590.44528463698;86331.07429211862;101277.4737211686;118811.5260634959;139381.228686517;163512.140226203;191820.8086789974;225030.524286467;263989.7996954232;309694.0495706946;363311.0235703185;426210.642505751;499999.9999999716
1;10286720873704;50;phasez;-1.52843;-1.53064;-1.53036;-1.53212;-1.53061;-1.53159;-1.53275;-1.53275;-1.53277;-1.53355;-1.53407;-1.53407;-1.5343;-1.53455;-1.53489;-1.53515;-1.53533;-1.53553;-1.53569;-1.53583;-1.53591;-1.53597;-1.53598;-1.53593;-1.53582;-1.53562;-1.53534;-1.53496;-1.53447;-1.53382;-1.53306;-1.53212;-1.53098;-1.52961;-1.52799;-1.52607;-1.5238;-1.5211;-1.51791;-1.51414;-1.50968;-1.5044;-1.49816;-1.49077;-1.48202;-1.47163;-1.4593;-1.44462;-1.42705;-1.40595
2;10287486692680;50;absz;82082.5;73494.9;65794.8;58910.6;52745.5;47208.9;42263.6;37841.2;33877.5;30324.5;27147;24302.7;21755.4;19474.1;17434.6;15606.6;13970.7;12505.8;11194.7;10021.1;8970.05;8028.76;7186.53;6432.63;5757.65;5153.06;4612.02;4127.7;3694;3305.79;2958.18;2646.94;2368.25;2118.69;1895.28;1695.19;1515.97;1355.47;1211.68;1082.9;967.554;864.222;771.665;688.796;614.686;548.45;489.357;436.845;390.411;349.732
2;10287486692680;50;frequency;20000.00000002444;22385.53853899816;25055.61678390222;28044.17375656954;31389.19662092121;35133.2035329932;39323.78408414649;44014.2042055669;49264.08322518227;55140.1516811012;61717.09952482729;69078.52549602467;77317.99973512921;86540.25314108083;96862.50859274992;108415.9709538568;121347.4948009008;135821.4510731415;152021.8163702936;170154.5114554648;190450.0186878266;213166.3116533389;238592.1342356312;267050.6708003728;298903.6541519141;334555.9634717432;374460.7706856584;419125.3006744233;469117.2785435782;525072.1459047724;587701.13789258;657800.3235824071;736260.7247225839;824079.6413975459;922373.3285811875;1032391.184709951;1155531.632626961;1293359.894754076;1447627.888434013;1620296.494325686;1813560.480908265;2029876.401899315;2271993.821195295;2542990.262224833;2846310.325953354;3185809.474764127;3565803.038745301;3991121.067296888;4467169.723268114;4999999.999999929
2;10287486692680;50;phasez;-1.53775;-1.53727;-1.53725;-1.53657;-1.53648;-1.53587;-1.53547;-1.5348;-1.5341;-1.53316;-1.53219;-1.53114;-1.5298;-1.52823;-1.5267;-1.52472;-1.52266;-1.52023;-1.51751;-1.51447;-1.51107;-1.50723;-1.50293;-1.4981;-1.49264;-1.48654;-1.47968;-1.47201;-1.46338;-1.45371;-1.44284;-1.43066;-1.41698;-1.40161;-1.38435;-1.36499;-1.3432;-1.31868;-1.29109;-1.25999;-1.22493;-1.18532;-1.14053;-1.08977;-1.03208;-0.966483;-0.891637;-0.806084;-0.708078;-0.595631
3;10287803105454;20;absz;16973.5;13867.5;11325.7;9250.75;7556.52;6170.58;5039.59;4114.78;3359.59;2742.49;2237.92;1825.41;1488.44;1212.7;987.195;802.686;651.772;528.65;428.75;348.884
3;10287803105454;20;frequency;99999.99999990905;122862.535599424;150952.0265389597;185463.4873444638;227865.1431623047;279960.8926363817;343967.05137965;422606.6409511731;519225.2346839865;637933.2888043621;783781.0140572543;962973.2274171232;1183133.324347452;1453627.601814205;1785963.729760951;2194280.323268956;2695948.443325946;3312310.615921419;4069588.809647371;4999999.999999929
3;10287803105454;20;phasez;-1.52585;-1.5226;-1.51853;-1.51354;-1.50726;-1.49939;-1.48966;-1.47758;-1.46264;-1.44414;-1.42123;-1.39285;-1.35767;-1.31399;-1.25958;-1.19156;-1.10598;-0.997661;-0.859305;-0.681297
