0;5071476299786;20;absz;1.47024e+08;1.06879e+08;7.77524e+07;5.65493e+07;4.1117e+07;2.98815e+07;2.17255e+07;1.57913e+07;1.14756e+07;8.33815e+06;6.05745e+06;4.40003e+06;3.19561e+06;2.32027e+06;1.68434e+06;1.22253e+06;887119;643666;466948;338698
0;5071476299786;20;frequency;9.999999974752427;13.86918846435492;19.23543905490988;26.67799336109056;37.00021196095804;51.31629158938722;71.17153245417285;98.70914048804025;136.9015682683994;189.8713664161278;263.3361782500288;365.2259113806622;506.5387032487934;702.5280792305466;974.3494403835484;1351.343611730726;1874.203936580443;2599.368780806799;3605.113577052066;4999.99999995282
0;5071476299786;20;phasez;-1.52486;-1.52636;-1.52763;-1.52891;-1.52986;-1.53035;-1.53148;-1.53233;-1.53292;-1.53343;-1.53389;-1.53432;-1.53461;-1.53464;-1.53437;-1.53361;-1.5322;-1.52987;-1.52633;-1.52114
1;5072249403106;50;absz;7.87187e+06;6.72021e+06;5.74598e+06;4.92491e+06;4.21152e+06;3.60052e+06;3.07975e+06;2.63355e+06;2.25241e+06;1.92677e+06;1.64834e+06;1.40922e+06;1.205e+06;1.03042e+06;881284;753451;644227;550765;470885;402593;344158;294227;251524;215027;183809;157126;134307;114805;98129.2;83875;71689.3;61272.8;52369.5;44759.3;38253.4;32692.6;27938.7;23874.8;20400.9;17430.9;14891.2;12719.6;10862.3;9273.05;7912.98;6748.52;5750.77;4895.28;4160.87;3529.45
1;5072249403106;50;frequency;199.9999999213742;234.625769479635;275.2462588517801;322.8993264769997;378.802514688914;444.3841576318164;521.3198749487447;611.5753842550475;717.456725922716;841.6691823498468;987.3863981368913;1158.33146786315;1358.872060208682;1594.132014446359;1870.122253535556;2193.894364737048;2573.720768452858;3019.306079821149;3542.035062906734;4155.263512473084;4874.659497176026;5718.603679767398;6708.658946337209;7870.121340545211;9232.666380967203;10831.10727442716;12706.28439819177;14906.10877695531;17486.78621595445;20514.25336674129;24065.86241733066;28232.35745111674;33120.19296963342;38854.25382030405;45581.04601983359;53472.44000269313;62730.06193403319;73590.44528463698;86331.07429211862;101277.4737211686;118811.5260634959;139381.228686517;163512.140226203;191820.8086789974;225030.524286467;263989.7996954232;309694.0495706946;363311.0235703185;426210.642505751;499999.9999999716
1;5072249403106;50;phasez;-1.53353;-1.5342;-1.53572;-1.53596;-1.53445;-1.53642;-1.53698;-1.53729;-1.53757;-1.53805;-1.53833;-1.53866;-1.53897;-1.53924;-1.53948;-1.53973;-1.53993;-1.54014;-1.54034;-1.54042;-1.54052;-1.54057;-1.54057;-1.5405;-1.54038;-1.54018;-1.53989;-1.53951;-1.539;-1.53837;-1.53758;-1.53663;-1.53547;-1.53408;-1.53243;-1.53047;-1.52815;-1.5254;-1.52215;-1.51832;-1.51381;-1.50849;-1.50221;-1.4948;-1.48604;-1.47568;-1.46338;-1.44876;-1.43128;-1.41028
2;5073017775322;50;absz;86426;77343.2;69225.4;61968.3;55460.3;49623.6;44406.5;39750.7;35570.7;31833.9;28489;25495.3;22811.8;20416.7;18271.3;16351.9;14633.4;13095.7;11719.4;10488.2;9385.56;8398.65;7515.84;6725.46;6018.08;5385.22;4818.5;4311.21;3857.26;3450.92;3087.17;2761.6;2470.1;2209.17;1975.57;1766.5;1579.25;1411.64;1261.51;1127.11;1006.76;898.997;802.539;716.203;639.044;570.108;508.65;454.081;405.855;363.638
2;5073017775322;50;frequency;20000.00000002444;22385.53853899816;25055.61678390222;28044.17375656954;31389.19662092121;35133.2035329932;39323.78408414649;44014.2042055669;49264.08322518227;55140.1516811012;61717.09952482729;69078.52549602467;77317.99973512921;86540.25314108083;96862.50859274992;108415.9709538568;121347.4948009008;135821.4510731415;152021.8163702936;170154.5114554648;190450.0186878266;213166.3116533389;238592.1342356312;267050.6708003728;298903.6541519141;334555.9634717432;374460.7706856584;419125.3006744233;469117.2785435782;525072.1459047724;587701.13789258;657800.3235824071;736260.7247225839;824079.6413975459;922373.3285811875;1032391.184709951;1155531.632626961;1293359.894754076;1447627.888434013;1620296.494325686;1813560.480908265;2029876.401899315;2271993.821195295;2542990.262224833;2846310.325953354;3185809.474764127;3565803.038745301;3991121.067296888;4467169.723268114;4999999.999999929
2;5073017775322;50;phasez;-1.5421;-1.54171;-1.54139;-1.54135;-1.54089;-1.5404;-1.53996;-1.53918;-1.53842;-1.53763;-1.53659;-1.53533;-1.53413;-1.53256;-1.5308;-1.52895;-1.52674;-1.52431;-1.52158;-1.51851;-1.5151;-1.51127;-1.50698;-1.50211;-1.4967;-1.49066;-1.48382;-1.4762;-1.46764;-1.45803;-1.44725;-1.43515;-1.42155;-1.40628;-1.38912;-1.36982;-1.34813;-1.32371;-1.29621;-1.26522;-1.23025;-1.19075;-1.14607;-1.09542;-1.03789;-0.972478;-0.897838;-0.812535;-0.714835;-0.602774
3;5073334044150;20;absz;17790.2;14526.3;11858.5;9680.42;7903.67;6451.31;5266.23;4298.07;3507.34;2861.66;2333.94;1902.68;1550.55;1262.61;1027.28;834.855;677.652;549.513;445.672;362.743
3;5073334044150;20;frequency;99999.99999990905;122862.535599424;150952.0265389597;185463.4873444638;227865.1431623047;279960.8926363817;343967.05137965;422606.6409511731;519225.2346839865;637933.2888043621;783781.0140572543;962973.2274171232;1183133.324347452;1453627.601814205;1785963.729760951;2194280.323268956;2695948.443325946;3312310.615921419;4069588.809647371;4999999.999999929
3;5073334044150;20;phasez;-1.52993;-1.52671;-1.52256;-1.51753;-1.51121;-1.50342;-1.49376;-1.48177;-1.46697;-1.4486;-1.42585;-1.39765;-1.36265;-1.31914;-1.26492;-1.1971;-1.11176;-1.00376;-0.865851;-0.688434
