0;3950072870651;20;absz;1.57577e+08;1.14579e+08;8.32556e+07;6.05058e+07;4.39499e+07;3.19278e+07;2.31722e+07;1.68183e+07;1.22061e+07;8.85667e+06;6.42576e+06;4.66127e+06;3.38067e+06;2.45146e+06;1.7773e+06;1.28834e+06;933763;676683;490292;355209
0;3950072870651;20;frequency;9.999999974752427;13.86918846435492;19.23543905490988;26.67799336109056;37.00021196095804;51.31629158938722;71.17153245417285;98.70914048804025;136.9015682683994;189.8713664161278;263.3361782500288;365.2259113806622;506.5387032487934;702.5280792305466;974.3494403835484;1351.343611730726;1874.203936580443;2599.368780806799;3605.113577052066;4999.99999995282
0;3950072870651;20;phasez;-1.53099;-1.5317;-1.53317;-1.53444;-1.53548;-1.53586;-1.53751;-1.53826;-1.53904;-1.53963;-1.54014;-1.54053;-1.54077;-1.54077;-1.54039;-1.53953;-1.53802;-1.53561;-1.53198;-1.52666
1;3950842509721;50;absz;8.37299e+06;7.13489e+06;6.10895e+06;5.21631e+06;4.46407e+06;3.81101e+06;3.25783e+06;2.78388e+06;2.38071e+06;2.03472e+06;1.73888e+06;1.48627e+06;1.27011e+06;1.08527e+06;927363;792610;677299;578703;494501;422503;360995;308433;263513;225133;192343;164330;140399;119948;102477;87551.3;74800.2;63905.9;54598.4;46647.1;39852.7;34047.6;29087;24847.6;21224.9;18128.7;15482;13219.3;11284.4;9629.51;8213.84;7002.1;5964.28;5074.79;4311.52;3655.65
1;3950842509721;50;frequency;199.9999999213742;234.625769479635;275.2462588517801;322.8993264769997;378.802514688914;444.3841576318164;521.3198749487447;611.5753842550475;717.456725922716;841.6691823498468;987.3863981368913;1158.33146786315;1358.872060208682;1594.132014446359;1870.122253535556;2193.894364737048;2573.720768452858;3019.306079821149;3542.035062906734;4155.263512473084;4874.659497176026;5718.603679767398;6708.658946337209;7870.121340545211;9232.666380967203;10831.10727442716;12706.28439819177;14906.10877695531;17486.78621595445;20514.25336674129;24065.86241733066;28232.35745111674;33120.19296963342;38854.25382030405;45581.04601983359;53472.44000269313;62730.06193403319;73590.44528463698;86331.07429211862;101277.4737211686;118811.5260634959;139381.228686517;163512.140226203;191820.8086789974;225030.524286467;263989.7996954232;309694.0495706946;363311.0235703185;426210.642505751;499999.9999999716
1;3950842509721;50;phasez;-1.54164;-1.54456;-1.54196;-1.54238;-1.54243;-1.54243;-1.5423;-1.54327;-1.54337;-1.54399;-1.54449;-1.5446;-1.54476;-1.54516;-1.54548;-1.54559;-1.54573;-1.54592;-1.54599;-1.54607;-1.54607;-1.54603;-1.54595;-1.54578;-1.54554;-1.5452;-1.54479;-1.54427;-1.54362;-1.54285;-1.54193;-1.54085;-1.53958;-1.53809;-1.53636;-1.53434;-1.53198;-1.52921;-1.52596;-1.52215;-1.51767;-1.51238;-1.50614;-1.49878;-1.49006;-1.47974;-1.46748;-1.45287;-1.43541;-1.4144
2;3951610816236;50;absz;90216;80714.3;72233.3;64617.5;57817.4;51739.7;46285.7;41412.2;37052.9;33152.1;29657;26536.3;23742.3;21241.2;19002.3;17002.4;15211.8;13610.2;12175.8;10893.7;9746.27;8719.38;7800.08;6977.67;6241.86;5583.5;4994.65;4467.41;3995.73;3573.62;3195.95;2858.02;2555.54;2284.9;2042.74;1826.02;1631.98;1458.36;1302.94;1163.85;1039.34;927.907;828.189;738.98;659.306;588.153;524.747;468.475;418.788;375.318
2;3951610816236;50;frequency;20000.00000002444;22385.53853899816;25055.61678390222;28044.17375656954;31389.19662092121;35133.2035329932;39323.78408414649;44014.2042055669;49264.08322518227;55140.1516811012;61717.09952482729;69078.52549602467;77317.99973512921;86540.25314108083;96862.50859274992;108415.9709538568;121347.4948009008;135821.4510731415;152021.8163702936;170154.5114554648;190450.0186878266;213166.3116533389;238592.1342356312;267050.6708003728;298903.6541519141;334555.9634717432;374460.7706856584;419125.3006744233;469117.2785435782;525072.1459047724;587701.13789258;657800.3235824071;736260.7247225839;824079.6413975459;922373.3285811875;1032391.184709951;1155531.632626961;1293359.894754076;1447627.888434013;1620296.494325686;1813560.480908265;2029876.401899315;2271993.821195295;2542990.262224833;2846310.325953354;3185809.474764127;3565803.038745301;3991121.067296888;4467169.723268114;4999999.999999929
2;3951610816236;50;phasez;-1.54693;-1.54612;-1.54599;-1.54548;-1.54502;-1.5445;-1.54378;-1.5431;-1.5423;-1.54139;-1.54044;-1.53912;-1.5378;-1.53644;-1.53466;-1.53271;-1.53057;-1.52821;-1.52549;-1.52249;-1.51908;-1.51526;-1.51097;-1.50618;-1.5008;-1.49475;-1.48795;-1.48033;-1.47177;-1.46216;-1.45136;-1.43924;-1.42562;-1.41033;-1.39314;-1.37381;-1.35207;-1.3276;-1.30005;-1.26901;-1.23398;-1.19443;-1.14969;-1.09898;-1.04139;-0.975921;-0.901241;-0.815891;-0.718174;-0.606111
3;3951927103319;20;absz;18501.2;15101.6;12322.6;10053.6;8203.8;6692.95;5459.99;4453.94;3632.17;2961.9;2414.32;1967.18;1602.25;1304.11;1060.57;861.62;699.206;566.922;459.825;374.423
3;3951927103319;20;frequency;99999.99999990905;122862.535599424;150952.0265389597;185463.4873444638;227865.1431623047;279960.8926363817;343967.05137965;422606.6409511731;519225.2346839865;637933.2888043621;783781.0140572543;962973.2274171232;1183133.324347452;1453627.601814205;1785963.729760951;2194280.323268956;2695948.443325946;3312310.615921419;4069588.809647371;4999999.999999929
3;3951927103319;20;phasez;-1.53382;-1.53058;-1.5265;-1.52151;-1.51522;-1.50745;-1.49788;-1.48593;-1.47109;-1.4527;-1.42991;-1.40165;-1.36657;-1.32298;-1.26865;-1.20072;-1.11527;-1.00717;-0.86918;-0.691796
