0;3673915517288;20;absz;1.61224e+08;1.17099e+08;8.5053e+07;6.1768e+07;4.48596e+07;3.25567e+07;2.3624e+07;1.71407e+07;1.24328e+07;9.01672e+06;6.53822e+06;4.74011e+06;3.43609e+06;2.49042e+06;1.80474e+06;1.30765e+06;947336;686223;497023;359948
0;3673915517288;20;frequency;9.999999974752427;13.86918846435492;19.23543905490988;26.67799336109056;37.00021196095804;51.31629158938722;71.17153245417285;98.70914048804025;136.9015682683994;189.8713664161278;263.3361782500288;365.2259113806622;506.5387032487934;702.5280792305466;974.3494403835484;1351.343611730726;1874.203936580443;2599.368780806799;3605.113577052066;4999.99999995282
0;3673915517288;20;phasez;-1.53362;-1.53448;-1.53553;-1.53638;-1.53762;-1.53801;-1.53974;-1.54076;-1.5415;-1.54212;-1.54264;-1.54297;-1.54308;-1.54299;-1.54253;-1.54159;-1.53999;-1.53747;-1.53371;-1.52824
1;3674686666241;50;absz;8.50527e+06;7.26722e+06;6.21151e+06;5.30242e+06;4.5316e+06;3.87661e+06;3.31027e+06;2.82916e+06;2.41843e+06;2.06587e+06;1.76596e+06;1.50838e+06;1.28894e+06;1.10148e+06;940916;803929;686799;586749;501247;428206;365797;312496;266948;228042;194804;166418;142164;121447;103749;88630.1;75716;64680.7;55255.5;47202.6;40322.3;34444.3;29421.6;25130.3;21463.4;18329.4;15651;13361.6;11404.1;9730.32;8298.56;7073.27;6024.13;5124.85;4353.51;3690.76
1;3674686666241;50;frequency;199.9999999213742;234.625769479635;275.2462588517801;322.8993264769997;378.802514688914;444.3841576318164;521.3198749487447;611.5753842550475;717.456725922716;841.6691823498468;987.3863981368913;1158.33146786315;1358.872060208682;1594.132014446359;1870.122253535556;2193.894364737048;2573.720768452858;3019.306079821149;3542.035062906734;4155.263512473084;4874.659497176026;5718.603679767398;6708.658946337209;7870.121340545211;9232.666380967203;10831.10727442716;12706.28439819177;14906.10877695531;17486.78621595445;20514.25336674129;24065.86241733066;28232.35745111674;33120.19296963342;38854.25382030405;45581.04601983359;53472.44000269313;62730.06193403319;73590.44528463698;86331.07429211862;101277.4737211686;118811.5260634959;139381.228686517;163512.140226203;191820.8086789974;225030.524286467;263989.7996954232;309694.0495706946;363311.0235703185;426210.642505751;499999.9999999716
1;3674686666241;50;phasez;-1.54324;-1.54191;-1.5454;-1.54409;-1.54346;-1.54488;-1.54562;-1.54608;-1.54601;-1.54598;-1.54624;-1.5468;-1.54687;-1.54704;-1.54742;-1.54752;-1.54758;-1.54771;-1.54775;-1.54767;-1.54767;-1.54754;-1.54739;-1.54714;-1.54684;-1.54648;-1.54601;-1.54544;-1.54479;-1.54402;-1.54309;-1.54202;-1.54077;-1.53931;-1.5376;-1.53561;-1.53328;-1.53053;-1.5273;-1.52351;-1.51903;-1.51375;-1.5075;-1.50013;-1.49141;-1.48107;-1.46878;-1.45416;-1.43667;-1.41564
2;3675457866859;50;absz;91354.6;81721.1;73095.1;65419.7;58510.4;52349.7;46836.9;41902.2;37486.7;33534.2;30001.8;26840.8;24009.4;21480.1;19215.1;17190.4;15378.1;13757;12306.8;11009.1;9848.24;8809.54;7879.93;7048.49;6304.93;5639.18;5043.91;4511.04;4034.32;3607.82;3226.25;2884.77;2579.3;2305.93;2061.3;1842.44;1646.59;1471.3;1314.38;1174;1048.36;935.916;835.328;745.32;664.962;593.201;529.269;472.537;422.452;378.657
2;3675457866859;50;frequency;20000.00000002444;22385.53853899816;25055.61678390222;28044.17375656954;31389.19662092121;35133.2035329932;39323.78408414649;44014.2042055669;49264.08322518227;55140.1516811012;61717.09952482729;69078.52549602467;77317.99973512921;86540.25314108083;96862.50859274992;108415.9709538568;121347.4948009008;135821.4510731415;152021.8163702936;170154.5114554648;190450.0186878266;213166.3116533389;238592.1342356312;267050.6708003728;298903.6541519141;334555.9634717432;374460.7706856584;419125.3006744233;469117.2785435782;525072.1459047724;587701.13789258;657800.3235824071;736260.7247225839;824079.6413975459;922373.3285811875;1032391.184709951;1155531.632626961;1293359.894754076;1447627.888434013;1620296.494325686;1813560.480908265;2029876.401899315;2271993.821195295;2542990.262224833;2846310.325953354;3185809.474764127;3565803.038745301;3991121.067296888;4467169.723268114;4999999.999999929
2;3675457866859;50;phasez;-1.54757;-1.54714;-1.54707;-1.54656;-1.54626;-1.54572;-1.54515;-1.54444;-1.54357;-1.54258;-1.54155;-1.54053;-1.53914;-1.53766;-1.53596;-1.53412;-1.53193;-1.52954;-1.52687;-1.52385;-1.52044;-1.51661;-1.51231;-1.5075;-1.50212;-1.49604;-1.48922;-1.4816;-1.47302;-1.46339;-1.45256;-1.44041;-1.42678;-1.41143;-1.39421;-1.37485;-1.35306;-1.32854;-1.30095;-1.26986;-1.23478;-1.19516;-1.15036;-1.09959;-1.04195;-0.976427;-0.901685;-0.816275;-0.718503;-0.606407
3;3675774157188;20;absz;18708;15265.1;12455.3;10159.7;8288.72;6761.23;5514.34;4497.47;3666.95;2989.71;2436.55;1985.02;1616.53;1315.53;1069.77;869.034;705.21;571.793;463.825;377.759
3;3675774157188;20;frequency;99999.99999990905;122862.535599424;150952.0265389597;185463.4873444638;227865.1431623047;279960.8926363817;343967.05137965;422606.6409511731;519225.2346839865;637933.2888043621;783781.0140572543;962973.2274171232;1183133.324347452;1453627.601814205;1785963.729760951;2194280.323268956;2695948.443325946;3312310.615921419;4069588.809647371;4999999.999999929
3;3675774157188;20;phasez;-1.53519;-1.53189;-1.52787;-1.52286;-1.51657;-1.50881;-1.49915;-1.48719;-1.47231;-1.45388;-1.43104;-1.4027;-1.36755;-1.32386;-1.26945;-1.20141;-1.11586;-1.00764;-0.869546;-0.69204
