0;64163132297;20;absz;3.18739e+08;2.30043e+08;1.6598e+08;1.19757e+08;8.64381e+07;6.23424e+07;4.50292e+07;3.24944e+07;2.34536e+07;1.69259e+07;1.22155e+07;8.81636e+06;6.36291e+06;4.59211e+06;3.31412e+06;2.39179e+06;1.72616e+06;1.24572e+06;898980;648750
0;64163132297;20;frequency;9.999999974752427;13.86918846435492;19.23543905490988;26.67799336109056;37.00021196095804;51.31629158938722;71.17153245417285;98.70914048804025;136.9015682683994;189.8713664161278;263.3361782500288;365.2259113806622;506.5387032487934;702.5280792305466;974.3494403835484;1351.343611730726;1874.203936580443;2599.368780806799;3605.113577052066;4999.99999995282
0;64163132297;20;phasez;-1.5673;-1.56675;-1.56663;-1.56631;-1.56612;-1.56642;-1.56602;-1.56579;-1.56575;-1.56545;-1.56522;-1.56474;-1.56417;-1.5634;-1.5623;-1.56079;-1.55864;-1.55568;-1.55152;-1.54573
1;64932477248;50;absz;1.58582e+07;1.35767e+07;1.16085e+07;9.88425e+06;8.42337e+06;7.17666e+06;6.11936e+06;5.22505e+06;4.45976e+06;3.80164e+06;3.24247e+06;2.76427e+06;2.35746e+06;2.01094e+06;1.71477e+06;1.46208e+06;1.24696e+06;1.06329e+06;906755;773275;659436;562354;479583;408978;348768;297434;253659;216322;184491;157341;134190;114445;97609.1;83249.1;71002;60553.8;51643.7;44042.4;37558.2;32026.2;27305.3;23277.3;19839.6;16904.2;14397.7;12256.1;10425;8858.12;7515.85;6364.47
1;64932477248;50;frequency;199.9999999213742;234.625769479635;275.2462588517801;322.8993264769997;378.802514688914;444.3841576318164;521.3198749487447;611.5753842550475;717.456725922716;841.6691823498468;987.3863981368913;1158.33146786315;1358.872060208682;1594.132014446359;1870.122253535556;2193.894364737048;2573.720768452858;3019.306079821149;3542.035062906734;4155.263512473084;4874.659497176026;5718.603679767398;6708.658946337209;7870.121340545211;9232.666380967203;10831.10727442716;12706.28439819177;14906.10877695531;17486.78621595445;20514.25336674129;24065.86241733066;28232.35745111674;33120.19296963342;38854.25382030405;45581.04601983359;53472.44000269313;62730.06193403319;73590.44528463698;86331.07429211862;101277.4737211686;118811.5260634959;139381.228686517;163512.140226203;191820.8086789974;225030.524286467;263989.7996954232;309694.0495706946;363311.0235703185;426210.642505751;499999.9999999716
1;64932477248;50;phasez;-1.56914;-1.56299;-1.56673;-1.56755;-1.56561;-1.56616;-1.56601;-1.56657;-1.56626;-1.56598;-1.56611;-1.56665;-1.56601;-1.56602;-1.56582;-1.56572;-1.56573;-1.56563;-1.56551;-1.5653;-1.56506;-1.56482;-1.56449;-1.56412;-1.5637;-1.56316;-1.56258;-1.56189;-1.5611;-1.56019;-1.55913;-1.55792;-1.5565;-1.55487;-1.55297;-1.55078;-1.54823;-1.54527;-1.5418;-1.53775;-1.53301;-1.52745;-1.52093;-1.51326;-1.50423;-1.49357;-1.48096;-1.46601;-1.44818;-1.42681
2;65702268024;50;absz;162300;144978;129538;115813;103456;92466.5;82612.4;73830.4;65958.2;58941;52680.6;47073.8;42066.3;37597.7;33593.4;30019.4;26826.2;23975.4;21424.9;19147.3;17112;15293.1;13667;12214.6;10915.3;9755.05;8717.9;7790.68;6962.12;6221.64;5559.67;4968.3;4439.37;3966.7;3544.17;3166.52;2828.9;2527.17;2257.49;2016.51;1801.16;1608.78;1436.98;1283.46;1146.95;1025.37;917.451;822.173;738.616;666.259
2;65702268024;50;frequency;20000.00000002444;22385.53853899816;25055.61678390222;28044.17375656954;31389.19662092121;35133.2035329932;39323.78408414649;44014.2042055669;49264.08322518227;55140.1516811012;61717.09952482729;69078.52549602467;77317.99973512921;86540.25314108083;96862.50859274992;108415.9709538568;121347.4948009008;135821.4510731415;152021.8163702936;170154.5114554648;190450.0186878266;213166.3116533389;238592.1342356312;267050.6708003728;298903.6541519141;334555.9634717432;374460.7706856584;419125.3006744233;469117.2785435782;525072.1459047724;587701.13789258;657800.3235824071;736260.7247225839;824079.6413975459;922373.3285811875;1032391.184709951;1155531.632626961;1293359.894754076;1447627.888434013;1620296.494325686;1813560.480908265;2029876.401899315;2271993.821195295;2542990.262224833;2846310.325953354;3185809.474764127;3565803.038745301;3991121.067296888;4467169.723268114;4999999.999999929
2;65702268024;50;phasez;-1.5638;-1.56331;-1.56243;-1.56196;-1.56196;-1.56135;-1.56045;-1.55998;-1.55882;-1.55771;-1.55664;-1.55522;-1.55382;-1.5521;-1.55028;-1.54828;-1.54594;-1.54326;-1.54039;-1.53719;-1.53357;-1.52955;-1.52501;-1.52;-1.51435;-1.50808;-1.50103;-1.49317;-1.48436;-1.47451;-1.46345;-1.45108;-1.4372;-1.42168;-1.40424;-1.38468;-1.36272;-1.33803;-1.31029;-1.27905;-1.24386;-1.20417;-1.15935;-1.1086;-1.05096;-0.98561;-0.911142;-0.826171;-0.729058;-0.617893
3;66021051544;20;absz;32706.2;26641.1;21697.6;17671.8;14393;11719.4;9542.1;7770.32;6325.74;5150.57;4192.99;3413.07;2777.68;2259.9;1837.96;1494.78;1215.51;989.423;807.753;664.812
3;66021051544;20;frequency;99999.99999990905;122862.535599424;150952.0265389597;185463.4873444638;227865.1431623047;279960.8926363817;343967.05137965;422606.6409511731;519225.2346839865;637933.2888043621;783781.0140572543;962973.2274171232;1183133.324347452;1453627.601814205;1785963.729760951;2194280.323268956;2695948.443325946;3312310.615921419;4069588.809647371;4999999.999999929
3;66021051544;20;phasez;-1.54954;-1.54574;-1.54146;-1.53605;-1.52934;-1.52123;-1.51113;-1.49871;-1.48341;-1.46457;-1.44129;-1.41261;-1.37708;-1.33307;-1.27839;-1.2102;-1.12454;-1.01659;-0.879125;-0.703006
