0;7836280928519;20;absz;1.37397e+08;1.00178e+08;7.29927e+07;5.31651e+07;3.86989e+07;2.81781e+07;2.04965e+07;1.49057e+07;1.08407e+07;7.88144e+06;5.72989e+06;4.1646e+06;3.0266e+06;2.19932e+06;1.59793e+06;1.16082e+06;843171;612344;444629;322792
0;7836280928519;20;frequency;9.999999974752427;13.86918846435492;19.23543905490988;26.67799336109056;37.00021196095804;51.31629158938722;71.17153245417285;98.70914048804025;136.9015682683994;189.8713664161278;263.3361782500288;365.2259113806622;506.5387032487934;702.5280792305466;974.3494403835484;1351.343611730726;1874.203936580443;2599.368780806799;3605.113577052066;4999.99999995282
0;7836280928519;20;phasez;-1.51236;-1.51541;-1.5185;-1.52088;-1.52281;-1.52485;-1.52615;-1.52747;-1.52853;-1.52934;-1.53001;-1.53044;-1.53068;-1.53063;-1.53024;-1.52941;-1.52795;-1.52564;-1.52216;-1.51705
1;7837052068051;50;absz;7.42032e+06;6.35736e+06;5.43881e+06;4.6593e+06;3.98338e+06;3.41008e+06;2.91851e+06;2.4961e+06;2.13562e+06;1.82748e+06;1.56324e+06;1.33785e+06;1.14433e+06;979030;837505;716432;612812;524204;448370;383467;328005;280522;239916;205169;175454;150041;128307;109717;93818.8;80224.3;68597.2;58654.4;50152.3;42881.2;36663.8;31346.3;26799.1;22910.3;19583.7;16738.5;14304.7;12222.3;10440.8;8915.76;7610.26;6492.09;5533.88;4711.98;4006.23;3399.3
1;7837052068051;50;frequency;199.9999999213742;234.625769479635;275.2462588517801;322.8993264769997;378.802514688914;444.3841576318164;521.3198749487447;611.5753842550475;717.456725922716;841.6691823498468;987.3863981368913;1158.33146786315;1358.872060208682;1594.132014446359;1870.122253535556;2193.894364737048;2573.720768452858;3019.306079821149;3542.035062906734;4155.263512473084;4874.659497176026;5718.603679767398;6708.658946337209;7870.121340545211;9232.666380967203;10831.10727442716;12706.28439819177;14906.10877695531;17486.78621595445;20514.25336674129;24065.86241733066;28232.35745111674;33120.19296963342;38854.25382030405;45581.04601983359;53472.44000269313;62730.06193403319;73590.44528463698;86331.07429211862;101277.4737211686;118811.5260634959;139381.228686517;163512.140226203;191820.8086789974;225030.524286467;263989.7996954232;309694.0495706946;363311.0235703185;426210.642505751;499999.9999999716
1;7837052068051;50;phasez;-1.53066;-1.53068;-1.531;-1.53187;-1.53149;-1.53116;-1.53298;-1.5333;-1.53327;-1.53384;-1.53429;-1.53438;-1.53476;-1.53504;-1.53526;-1.53548;-1.53568;-1.53597;-1.53614;-1.53631;-1.53642;-1.53649;-1.53653;-1.53647;-1.53638;-1.53619;-1.53592;-1.53554;-1.53504;-1.53441;-1.53363;-1.5327;-1.53156;-1.5302;-1.52859;-1.52668;-1.52442;-1.52173;-1.51855;-1.5148;-1.51034;-1.50507;-1.49883;-1.49145;-1.48269;-1.47231;-1.45998;-1.44529;-1.42774;-1.40665
2;7837823400037;50;absz;82619.1;73985.3;66242.1;59290.5;53089.2;47525.6;42541.7;38091.5;34095.1;30520.3;27323.5;24457.2;21891;19597.7;17542.8;15703.3;14056.1;12581.8;11262;10080.5;9023.01;8076.07;7228.1;6469.66;5790.44;5182.39;4637.92;4150.68;3714.47;3323.91;2974.23;2661.26;2380.97;2130;1905.28;1704.06;1523.82;1362.39;1217.82;1088.33;972.335;868.429;775.398;692.09;617.598;551.031;491.651;438.892;392.245;351.377
2;7837823400037;50;frequency;20000.00000002444;22385.53853899816;25055.61678390222;28044.17375656954;31389.19662092121;35133.2035329932;39323.78408414649;44014.2042055669;49264.08322518227;55140.1516811012;61717.09952482729;69078.52549602467;77317.99973512921;86540.25314108083;96862.50859274992;108415.9709538568;121347.4948009008;135821.4510731415;152021.8163702936;170154.5114554648;190450.0186878266;213166.3116533389;238592.1342356312;267050.6708003728;298903.6541519141;334555.9634717432;374460.7706856584;419125.3006744233;469117.2785435782;525072.1459047724;587701.13789258;657800.3235824071;736260.7247225839;824079.6413975459;922373.3285811875;1032391.184709951;1155531.632626961;1293359.894754076;1447627.888434013;1620296.494325686;1813560.480908265;2029876.401899315;2271993.821195295;2542990.262224833;2846310.325953354;3185809.474764127;3565803.038745301;3991121.067296888;4467169.723268114;4999999.999999929
2;7837823400037;50;phasez;-1.53779;-1.53786;-1.53742;-1.53751;-1.53691;-1.53647;-1.53589;-1.53535;-1.53458;-1.53372;-1.53275;-1.53173;-1.53038;-1.52897;-1.52728;-1.52541;-1.52331;-1.52089;-1.5182;-1.51513;-1.51175;-1.50791;-1.5036;-1.49876;-1.49333;-1.48721;-1.48036;-1.47268;-1.46406;-1.4544;-1.44356;-1.43138;-1.41772;-1.40237;-1.38515;-1.36578;-1.34401;-1.31952;-1.29194;-1.26086;-1.2258;-1.18621;-1.14142;-1.09063;-1.03298;-0.967396;-0.89256;-0.807011;-0.709032;-0.596631
3;7838141756938;20;absz;17073.8;13948.5;11391.9;9303.9;7599.11;6204.95;5067.22;4137.19;3377.56;2756.93;2249.52;1834.72;1495.9;1218.65;991.937;806.447;654.771;531.043;430.68;350.462
3;7838141756938;20;frequency;99999.99999990905;122862.535599424;150952.0265389597;185463.4873444638;227865.1431623047;279960.8926363817;343967.05137965;422606.6409511731;519225.2346839865;637933.2888043621;783781.0140572543;962973.2274171232;1183133.324347452;1453627.601814205;1785963.729760951;2194280.323268956;2695948.443325946;3312310.615921419;4069588.809647371;4999999.999999929
3;7838141756938;20;phasez;-1.5265;-1.52323;-1.5192;-1.5142;-1.50789;-1.50006;-1.49035;-1.47825;-1.46333;-1.44487;-1.42199;-1.39365;-1.35851;-1.31485;-1.26047;-1.19247;-1.10689;-0.99859;-0.860256;-0.682273
