0;2876051766317;20;absz;1.73511e+08;1.2581e+08;9.1192e+07;6.60588e+07;4.78828e+07;3.47042e+07;2.513e+07;1.82053e+07;1.31859e+07;9.5484e+06;6.91378e+06;5.0055e+06;3.62372e+06;2.62328e+06;1.899e+06;1.37462e+06;995019;720214;521271;377269
0;2876051766317;20;frequency;9.999999974752427;13.86918846435492;19.23543905490988;26.67799336109056;37.00021196095804;51.31629158938722;71.17153245417285;98.70914048804025;136.9015682683994;189.8713664161278;263.3361782500288;365.2259113806622;506.5387032487934;702.5280792305466;974.3494403835484;1351.343611730726;1874.203936580443;2599.368780806799;3605.113577052066;4999.99999995282
0;2876051766317;20;phasez;-1.54332;-1.54457;-1.5451;-1.54589;-1.54654;-1.54669;-1.54755;-1.54824;-1.5487;-1.54905;-1.54921;-1.54921;-1.54897;-1.54846;-1.5476;-1.54626;-1.5443;-1.5415;-1.53753;-1.53196
1;2876819882298;50;absz;9.00651e+06;7.68187e+06;6.55639e+06;5.61382e+06;4.78908e+06;4.0907e+06;3.49268e+06;2.9822e+06;2.5461e+06;2.17518e+06;1.85784e+06;1.58638e+06;1.35463e+06;1.15716e+06;988223;844017;720825;615602;525740;448998;383430;327446;279630;238804;203928;174149;148719;126994;108446;92602.9;79077;67523;57657;49231.6;42035.3;35890.3;30641.5;26158.7;22329.6;19059;16265.4;13878.7;11839.3;10096.5;8606.42;7332.02;6241.36;5307.37;4506.56;3818.95
1;2876819882298;50;frequency;199.9999999213742;234.625769479635;275.2462588517801;322.8993264769997;378.802514688914;444.3841576318164;521.3198749487447;611.5753842550475;717.456725922716;841.6691823498468;987.3863981368913;1158.33146786315;1358.872060208682;1594.132014446359;1870.122253535556;2193.894364737048;2573.720768452858;3019.306079821149;3542.035062906734;4155.263512473084;4874.659497176026;5718.603679767398;6708.658946337209;7870.121340545211;9232.666380967203;10831.10727442716;12706.28439819177;14906.10877695531;17486.78621595445;20514.25336674129;24065.86241733066;28232.35745111674;33120.19296963342;38854.25382030405;45581.04601983359;53472.44000269313;62730.06193403319;73590.44528463698;86331.07429211862;101277.4737211686;118811.5260634959;139381.228686517;163512.140226203;191820.8086789974;225030.524286467;263989.7996954232;309694.0495706946;363311.0235703185;426210.642505751;499999.9999999716
1;2876819882298;50;phasez;-1.54787;-1.54676;-1.55134;-1.54995;-1.55066;-1.55113;-1.5507;-1.5513;-1.55168;-1.55155;-1.55138;-1.55162;-1.55155;-1.55159;-1.55165;-1.55155;-1.5516;-1.55158;-1.55155;-1.55145;-1.55136;-1.55125;-1.55109;-1.55089;-1.55063;-1.55029;-1.5499;-1.54941;-1.54883;-1.54812;-1.54728;-1.54629;-1.54511;-1.54372;-1.54207;-1.54013;-1.53783;-1.53511;-1.53189;-1.52808;-1.52357;-1.51823;-1.51191;-1.50443;-1.49558;-1.48507;-1.47261;-1.45777;-1.44005;-1.41876
2;2877589729796;50;absz;95392.6;85362;76338.8;68280.9;61058.2;54616.2;48836.5;43680.9;39066.5;34937.4;31243.4;27940.4;24984.4;22345.8;19981.3;17869.2;15980.1;14289.8;12778.4;11427.3;10218.4;9136.85;8170.41;7305.74;6532.26;5840.92;5222.51;4669.51;4174.95;3732.55;3336.97;2983.12;2666.6;2383.55;2130.35;1903.87;1701.26;1519.99;1357.86;1212.79;1083;966.88;863.038;770.161;687.221;613.222;547.324;488.87;437.298;392.242
2;2877589729796;50;frequency;20000.00000002444;22385.53853899816;25055.61678390222;28044.17375656954;31389.19662092121;35133.2035329932;39323.78408414649;44014.2042055669;49264.08322518227;55140.1516811012;61717.09952482729;69078.52549602467;77317.99973512921;86540.25314108083;96862.50859274992;108415.9709538568;121347.4948009008;135821.4510731415;152021.8163702936;170154.5114554648;190450.0186878266;213166.3116533389;238592.1342356312;267050.6708003728;298903.6541519141;334555.9634717432;374460.7706856584;419125.3006744233;469117.2785435782;525072.1459047724;587701.13789258;657800.3235824071;736260.7247225839;824079.6413975459;922373.3285811875;1032391.184709951;1155531.632626961;1293359.894754076;1447627.888434013;1620296.494325686;1813560.480908265;2029876.401899315;2271993.821195295;2542990.262224833;2846310.325953354;3185809.474764127;3565803.038745301;3991121.067296888;4467169.723268114;4999999.999999929
2;2877589729796;50;phasez;-1.55174;-1.55161;-1.55117;-1.55092;-1.55046;-1.54991;-1.54955;-1.54883;-1.5482;-1.54721;-1.54629;-1.54501;-1.5439;-1.54221;-1.54061;-1.53869;-1.53647;-1.53402;-1.53131;-1.52822;-1.52472;-1.52082;-1.51641;-1.5115;-1.50598;-1.49978;-1.49282;-1.48501;-1.47624;-1.46644;-1.45542;-1.44306;-1.42921;-1.41365;-1.39619;-1.37659;-1.35457;-1.32981;-1.30196;-1.27061;-1.23527;-1.19539;-1.15034;-1.09932;-1.04138;-0.975591;-0.900583;-0.814917;-0.716876;-0.604504
3;2877906028447;20;absz;19446.4;15859;12931.7;10540.4;8593.8;7005.51;5710.2;4654.68;3793.36;3091.25;2518.48;2051.14;1669.94;1358.95;1105;897.75;728.667;591.096;479.845;391.259
3;2877906028447;20;frequency;99999.99999990905;122862.535599424;150952.0265389597;185463.4873444638;227865.1431623047;279960.8926363817;343967.05137965;422606.6409511731;519225.2346839865;637933.2888043621;783781.0140572543;962973.2274171232;1183133.324347452;1453627.601814205;1785963.729760951;2194280.323268956;2695948.443325946;3312310.615921419;4069588.809647371;4999999.999999929
3;2877906028447;20;phasez;-1.53972;-1.53642;-1.53233;-1.52718;-1.52077;-1.51278;-1.50287;-1.49059;-1.47539;-1.4566;-1.43337;-1.4046;-1.36902;-1.32488;-1.26999;-1.20147;-1.11544;-1.00672;-0.868137;-0.690167
