0;4731052199191;20;absz;1.49611e+08;1.08825e+08;7.91117e+07;5.75189e+07;4.18267e+07;3.03845e+07;2.20878e+07;1.60538e+07;1.16626e+07;8.47184e+06;6.15282e+06;4.46787e+06;3.24385e+06;2.35464e+06;1.70889e+06;1.23999e+06;899589;652545;473264;343182
0;4731052199191;20;frequency;9.999999974752427;13.86918846435492;19.23543905490988;26.67799336109056;37.00021196095804;51.31629158938722;71.17153245417285;98.70914048804025;136.9015682683994;189.8713664161278;263.3361782500288;365.2259113806622;506.5387032487934;702.5280792305466;974.3494403835484;1351.343611730726;1874.203936580443;2599.368780806799;3605.113577052066;4999.99999995282
0;4731052199191;20;phasez;-1.52739;-1.52802;-1.52909;-1.53016;-1.53096;-1.5317;-1.53264;-1.53338;-1.53402;-1.53469;-1.53523;-1.53568;-1.53593;-1.53596;-1.53567;-1.53485;-1.53343;-1.53113;-1.52761;-1.52246
1;4731821989468;50;absz;7.99449e+06;6.84886e+06;5.84114e+06;5.00652e+06;4.27673e+06;3.65598e+06;3.12828e+06;2.67509e+06;2.28624e+06;1.95556e+06;1.67125e+06;1.42942e+06;1.22222e+06;1.04502e+06;893481;763927;653074;558304;477269;407980;348750;298100;254796;217781;186141;159090;135971;116209;99316.6;84876.7;72538.7;61990.2;52976.1;45272.9;38688.2;33060.4;28251;24139.5;20625.5;17621.5;15053;12856.8;10978.4;9371.34;7996.36;6819.07;5810.37;4945.65;4203.19;3565.08
1;4731821989468;50;frequency;199.9999999213742;234.625769479635;275.2462588517801;322.8993264769997;378.802514688914;444.3841576318164;521.3198749487447;611.5753842550475;717.456725922716;841.6691823498468;987.3863981368913;1158.33146786315;1358.872060208682;1594.132014446359;1870.122253535556;2193.894364737048;2573.720768452858;3019.306079821149;3542.035062906734;4155.263512473084;4874.659497176026;5718.603679767398;6708.658946337209;7870.121340545211;9232.666380967203;10831.10727442716;12706.28439819177;14906.10877695531;17486.78621595445;20514.25336674129;24065.86241733066;28232.35745111674;33120.19296963342;38854.25382030405;45581.04601983359;53472.44000269313;62730.06193403319;73590.44528463698;86331.07429211862;101277.4737211686;118811.5260634959;139381.228686517;163512.140226203;191820.8086789974;225030.524286467;263989.7996954232;309694.0495706946;363311.0235703185;426210.642505751;499999.9999999716
1;4731821989468;50;phasez;-1.53416;-1.53514;-1.53729;-1.53655;-1.53697;-1.53732;-1.5378;-1.53893;-1.53874;-1.53934;-1.53963;-1.53994;-1.54026;-1.5405;-1.54069;-1.54099;-1.54124;-1.54145;-1.54165;-1.54179;-1.54184;-1.54191;-1.54189;-1.54185;-1.5417;-1.54148;-1.54118;-1.54077;-1.54024;-1.53957;-1.53876;-1.53778;-1.53658;-1.53516;-1.53346;-1.53147;-1.52911;-1.52634;-1.52307;-1.51922;-1.5147;-1.50937;-1.50309;-1.49569;-1.48693;-1.47658;-1.46429;-1.44967;-1.4322;-1.4112
2;4732591615252;50;absz;87440.2;78296.2;70044.6;62701.6;56091.5;50202.7;44923.6;40201;35973.8;32193.4;28807.3;25779.6;23068.3;20642.3;18472.5;16529.6;14793.2;13238.4;11846.1;10600.5;9485.55;8487.95;7594.97;6795.83;6080.7;5440.84;4867.97;4355.24;3896.41;3485.68;3118.07;2788.97;2494.51;2230.85;1994.81;1783.56;1594.4;1425.08;1273.48;1137.72;1016.19;907.384;809.991;722.827;644.937;575.372;513.369;458.303;409.644;367.066
2;4732591615252;50;frequency;20000.00000002444;22385.53853899816;25055.61678390222;28044.17375656954;31389.19662092121;35133.2035329932;39323.78408414649;44014.2042055669;49264.08322518227;55140.1516811012;61717.09952482729;69078.52549602467;77317.99973512921;86540.25314108083;96862.50859274992;108415.9709538568;121347.4948009008;135821.4510731415;152021.8163702936;170154.5114554648;190450.0186878266;213166.3116533389;238592.1342356312;267050.6708003728;298903.6541519141;334555.9634717432;374460.7706856584;419125.3006744233;469117.2785435782;525072.1459047724;587701.13789258;657800.3235824071;736260.7247225839;824079.6413975459;922373.3285811875;1032391.184709951;1155531.632626961;1293359.894754076;1447627.888434013;1620296.494325686;1813560.480908265;2029876.401899315;2271993.821195295;2542990.262224833;2846310.325953354;3185809.474764127;3565803.038745301;3991121.067296888;4467169.723268114;4999999.999999929
2;4732591615252;50;phasez;-1.54335;-1.54301;-1.54284;-1.54233;-1.54202;-1.54153;-1.54081;-1.54024;-1.53943;-1.53842;-1.53743;-1.53631;-1.53499;-1.5334;-1.53177;-1.52976;-1.5276;-1.52522;-1.52244;-1.5194;-1.51596;-1.51214;-1.50783;-1.503;-1.4976;-1.49155;-1.48474;-1.47712;-1.46856;-1.45897;-1.44819;-1.43609;-1.42248;-1.40722;-1.39005;-1.37075;-1.34905;-1.32463;-1.29712;-1.26612;-1.23115;-1.19164;-1.14695;-1.09631;-1.03877;-0.973356;-0.898722;-0.813431;-0.715743;-0.603697
3;4732909444639;20;absz;17985.3;14685.3;11986.9;9784.49;7987.44;6519.11;5320.81;4342.05;3542.78;2890.2;2356.9;1921.15;1565.44;1274.59;1036.92;842.638;683.941;554.607;449.819;366.182
3;4732909444639;20;frequency;99999.99999990905;122862.535599424;150952.0265389597;185463.4873444638;227865.1431623047;279960.8926363817;343967.05137965;422606.6409511731;519225.2346839865;637933.2888043621;783781.0140572543;962973.2274171232;1183133.324347452;1453627.601814205;1785963.729760951;2194280.323268956;2695948.443325946;3312310.615921419;4069588.809647371;4999999.999999929
3;4732909444639;20;phasez;-1.53087;-1.52753;-1.52351;-1.51842;-1.51206;-1.50433;-1.49468;-1.48271;-1.46788;-1.44954;-1.42679;-1.39858;-1.36357;-1.32005;-1.26581;-1.19798;-1.11263;-1.00464;-0.866742;-0.689398
