0;3832928160811;20;absz;1.59097e+08;1.15638e+08;8.39767e+07;6.10302e+07;4.43091e+07;3.21734e+07;2.33581e+07;1.69517e+07;1.23002e+07;8.92355e+06;6.47264e+06;4.69429e+06;3.40379e+06;2.46771e+06;1.78873e+06;1.2964e+06;939435;680659;493101;357173
0;3832928160811;20;frequency;9.999999974752427;13.86918846435492;19.23543905490988;26.67799336109056;37.00021196095804;51.31629158938722;71.17153245417285;98.70914048804025;136.9015682683994;189.8713664161278;263.3361782500288;365.2259113806622;506.5387032487934;702.5280792305466;974.3494403835484;1351.343611730726;1874.203936580443;2599.368780806799;3605.113577052066;4999.99999995282
0;3832928160811;20;phasez;-1.5322;-1.53364;-1.53456;-1.53539;-1.53651;-1.53805;-1.53835;-1.53917;-1.53994;-1.54055;-1.54112;-1.54153;-1.54173;-1.54168;-1.5413;-1.5404;-1.53884;-1.5364;-1.53273;-1.52735
1;3833698649387;50;absz;8.40404e+06;7.18895e+06;6.14257e+06;5.25161e+06;4.49161e+06;3.83575e+06;3.28044e+06;2.80401e+06;2.39689e+06;2.04808e+06;1.75016e+06;1.49517e+06;1.27802e+06;1.09206e+06;933098;797313;681233;582013;497320;424858;362977;310112;264933;226338;193365;165189;141128;120563;102998;87996.1;75175.1;64224.3;54868.3;46875.6;40046.9;34211.3;29225.2;24964.7;21323.5;18211.6;15551.8;13278;11333.8;9671.09;8248.85;7031.62;5989.09;5095.61;4328.93;3670.24
1;3833698649387;50;frequency;199.9999999213742;234.625769479635;275.2462588517801;322.8993264769997;378.802514688914;444.3841576318164;521.3198749487447;611.5753842550475;717.456725922716;841.6691823498468;987.3863981368913;1158.33146786315;1358.872060208682;1594.132014446359;1870.122253535556;2193.894364737048;2573.720768452858;3019.306079821149;3542.035062906734;4155.263512473084;4874.659497176026;5718.603679767398;6708.658946337209;7870.121340545211;9232.666380967203;10831.10727442716;12706.28439819177;14906.10877695531;17486.78621595445;20514.25336674129;24065.86241733066;28232.35745111674;33120.19296963342;38854.25382030405;45581.04601983359;53472.44000269313;62730.06193403319;73590.44528463698;86331.07429211862;101277.4737211686;118811.5260634959;139381.228686517;163512.140226203;191820.8086789974;225030.524286467;263989.7996954232;309694.0495706946;363311.0235703185;426210.642505751;499999.9999999716
1;3833698649387;50;phasez;-1.54164;-1.54262;-1.54328;-1.54337;-1.5437;-1.54341;-1.54446;-1.54413;-1.54431;-1.54509;-1.54536;-1.54565;-1.54574;-1.54595;-1.54625;-1.54636;-1.54657;-1.54663;-1.54673;-1.54675;-1.54676;-1.54671;-1.54658;-1.5464;-1.54612;-1.54576;-1.54533;-1.54478;-1.54412;-1.54334;-1.54241;-1.54133;-1.54006;-1.53858;-1.53686;-1.53485;-1.53251;-1.52975;-1.52651;-1.52271;-1.51822;-1.51294;-1.5067;-1.49933;-1.49061;-1.48028;-1.468;-1.45339;-1.43591;-1.4149
2;3834467689637;50;absz;90686.5;81129.7;72602.3;64949.7;58102.4;51998;46513.9;41620.9;37234.2;33308.6;29804.3;26665.4;23854.6;21339.6;19092.9;17081.7;15281.9;13671.7;12230.9;10942.2;9788.94;8756.78;7833.64;7007.54;6268.35;5607.02;5015.36;4485.81;4012.04;3588.13;3208.79;2869.36;2565.61;2293.82;2050.62;1832.97;1638.18;1463.84;1307.82;1168.16;1043.17;931.31;831.221;741.667;661.688;590.29;526.666;470.196;420.332;376.73
2;3834467689637;50;frequency;20000.00000002444;22385.53853899816;25055.61678390222;28044.17375656954;31389.19662092121;35133.2035329932;39323.78408414649;44014.2042055669;49264.08322518227;55140.1516811012;61717.09952482729;69078.52549602467;77317.99973512921;86540.25314108083;96862.50859274992;108415.9709538568;121347.4948009008;135821.4510731415;152021.8163702936;170154.5114554648;190450.0186878266;213166.3116533389;238592.1342356312;267050.6708003728;298903.6541519141;334555.9634717432;374460.7706856584;419125.3006744233;469117.2785435782;525072.1459047724;587701.13789258;657800.3235824071;736260.7247225839;824079.6413975459;922373.3285811875;1032391.184709951;1155531.632626961;1293359.894754076;1447627.888434013;1620296.494325686;1813560.480908265;2029876.401899315;2271993.821195295;2542990.262224833;2846310.325953354;3185809.474764127;3565803.038745301;3991121.067296888;4467169.723268114;4999999.999999929
2;3834467689637;50;phasez;-1.54681;-1.5468;-1.54643;-1.54605;-1.54558;-1.54499;-1.5443;-1.54372;-1.54287;-1.54198;-1.54086;-1.53969;-1.53836;-1.53686;-1.53522;-1.53331;-1.53116;-1.52879;-1.52606;-1.52306;-1.51965;-1.51583;-1.51155;-1.50673;-1.50131;-1.49525;-1.48846;-1.48082;-1.47227;-1.46265;-1.45184;-1.43971;-1.42609;-1.41077;-1.39357;-1.37423;-1.35247;-1.32799;-1.30043;-1.26936;-1.23431;-1.19473;-1.14997;-1.09924;-1.04163;-0.976133;-0.901425;-0.816056;-0.718314;-0.60623
3;3834784033963;20;absz;18586.8;15170;12377.2;10097.4;8238.9;6721.25;5482.76;4472.06;3646.77;2973.53;2423.64;1974.65;1608.25;1308.91;1064.44;864.728;701.706;568.955;461.478;375.815
3;3834784033963;20;frequency;99999.99999990905;122862.535599424;150952.0265389597;185463.4873444638;227865.1431623047;279960.8926363817;343967.05137965;422606.6409511731;519225.2346839865;637933.2888043621;783781.0140572543;962973.2274171232;1183133.324347452;1453627.601814205;1785963.729760951;2194280.323268956;2695948.443325946;3312310.615921419;4069588.809647371;4999999.999999929
3;3834784033963;20;phasez;-1.53435;-1.53108;-1.52708;-1.52206;-1.5158;-1.50804;-1.4984;-1.48644;-1.47157;-1.45317;-1.43036;-1.40209;-1.36697;-1.32334;-1.26898;-1.20102;-1.11552;-1.00738;-0.869348;-0.691897
