0;4906829888712;20;absz;1.48077e+08;1.07741e+08;7.84087e+07;5.69806e+07;4.14341e+07;3.01139e+07;2.1891e+07;1.59102e+07;1.15603e+07;8.39874e+06;6.10067e+06;4.43068e+06;3.21729e+06;2.33584e+06;1.69557e+06;1.2305e+06;892832;647734;469836;340747
0;4906829888712;20;frequency;9.999999974752427;13.86918846435492;19.23543905490988;26.67799336109056;37.00021196095804;51.31629158938722;71.17153245417285;98.70914048804025;136.9015682683994;189.8713664161278;263.3361782500288;365.2259113806622;506.5387032487934;702.5280792305466;974.3494403835484;1351.343611730726;1874.203936580443;2599.368780806799;3605.113577052066;4999.99999995282
0;4906829888712;20;phasez;-1.5258;-1.52653;-1.52841;-1.5293;-1.53039;-1.5313;-1.5321;-1.53283;-1.53349;-1.53407;-1.53453;-1.53493;-1.53516;-1.5352;-1.53491;-1.53413;-1.53274;-1.53043;-1.52693;-1.52177
1;4907600031608;50;absz;7.92529e+06;6.76634e+06;5.79694e+06;4.95981e+06;4.23943e+06;3.6252e+06;3.09918e+06;2.65177e+06;2.26851e+06;1.93941e+06;1.65908e+06;1.41867e+06;1.2131e+06;1.03721e+06;886765;758191;648250;554219;473806;405061;346274;295988;253017;216276;184866;158012;135060;115439;98666;84328.3;72072.3;61597;52642.9;44990.1;38449.1;32858.2;28079.2;23994.3;20502.4;17517.1;14964.5;12781.8;10914.8;9317.63;7950.75;6780.47;5777.79;4918.04;4180.01;3545.53
1;4907600031608;50;frequency;199.9999999213742;234.625769479635;275.2462588517801;322.8993264769997;378.802514688914;444.3841576318164;521.3198749487447;611.5753842550475;717.456725922716;841.6691823498468;987.3863981368913;1158.33146786315;1358.872060208682;1594.132014446359;1870.122253535556;2193.894364737048;2573.720768452858;3019.306079821149;3542.035062906734;4155.263512473084;4874.659497176026;5718.603679767398;6708.658946337209;7870.121340545211;9232.666380967203;10831.10727442716;12706.28439819177;14906.10877695531;17486.78621595445;20514.25336674129;24065.86241733066;28232.35745111674;33120.19296963342;38854.25382030405;45581.04601983359;53472.44000269313;62730.06193403319;73590.44528463698;86331.07429211862;101277.4737211686;118811.5260634959;139381.228686517;163512.140226203;191820.8086789974;225030.524286467;263989.7996954232;309694.0495706946;363311.0235703185;426210.642505751;499999.9999999716
1;4907600031608;50;phasez;-1.53538;-1.53607;-1.53674;-1.53638;-1.53593;-1.53771;-1.53769;-1.53799;-1.53797;-1.53838;-1.53908;-1.5393;-1.53941;-1.53983;-1.5402;-1.54034;-1.54052;-1.54075;-1.54091;-1.54106;-1.54116;-1.54119;-1.54122;-1.54114;-1.54101;-1.54082;-1.54052;-1.54012;-1.53959;-1.53895;-1.53815;-1.53718;-1.53601;-1.5346;-1.53292;-1.53094;-1.5286;-1.52583;-1.52257;-1.51873;-1.51421;-1.50889;-1.50261;-1.4952;-1.48645;-1.4761;-1.46382;-1.44921;-1.43174;-1.41075
2;4908371170164;50;absz;86895.4;77762.5;69602;62296.6;55742.2;49882.9;44645.7;39960.2;35755.3;31997.8;28630.1;25623.2;22929.7;20519.1;18362.6;16433.4;14706.6;13160.3;11777;10539.3;9430.64;8439.53;7551.86;6757.47;6046.54;5410.29;4841;4331.19;3875.04;3466.63;3101.17;2773.96;2481.07;2218.95;1984.25;1774.16;1586.04;1417.65;1266.87;1131.86;1010.95;902.739;805.856;719.152;641.657;572.443;510.741;455.941;407.514;365.128
2;4908371170164;50;frequency;20000.00000002444;22385.53853899816;25055.61678390222;28044.17375656954;31389.19662092121;35133.2035329932;39323.78408414649;44014.2042055669;49264.08322518227;55140.1516811012;61717.09952482729;69078.52549602467;77317.99973512921;86540.25314108083;96862.50859274992;108415.9709538568;121347.4948009008;135821.4510731415;152021.8163702936;170154.5114554648;190450.0186878266;213166.3116533389;238592.1342356312;267050.6708003728;298903.6541519141;334555.9634717432;374460.7706856584;419125.3006744233;469117.2785435782;525072.1459047724;587701.13789258;657800.3235824071;736260.7247225839;824079.6413975459;922373.3285811875;1032391.184709951;1155531.632626961;1293359.894754076;1447627.888434013;1620296.494325686;1813560.480908265;2029876.401899315;2271993.821195295;2542990.262224833;2846310.325953354;3185809.474764127;3565803.038745301;3991121.067296888;4467169.723268114;4999999.999999929
2;4908371170164;50;phasez;-1.54229;-1.54229;-1.54217;-1.54169;-1.54115;-1.54091;-1.54036;-1.53972;-1.53901;-1.53795;-1.53702;-1.53576;-1.5345;-1.53291;-1.53125;-1.52933;-1.5272;-1.5247;-1.522;-1.51893;-1.5155;-1.51166;-1.50738;-1.50253;-1.49716;-1.49109;-1.48427;-1.47666;-1.4681;-1.45851;-1.44773;-1.43563;-1.42204;-1.40677;-1.38961;-1.37033;-1.34862;-1.3242;-1.2967;-1.26571;-1.23074;-1.19123;-1.14654;-1.0959;-1.03836;-0.972951;-0.898316;-0.813024;-0.715323;-0.603257
3;4908687514441;20;absz;17878.9;14598.7;11917.4;9727.9;7942.25;6482.47;5291.16;4318.18;3523.44;2874.59;2344.3;1911.03;1557.25;1268;1031.59;838.345;680.464;551.787;447.526;364.272
3;4908687514441;20;frequency;99999.99999990905;122862.535599424;150952.0265389597;185463.4873444638;227865.1431623047;279960.8926363817;343967.05137965;422606.6409511731;519225.2346839865;637933.2888043621;783781.0140572543;962973.2274171232;1183133.324347452;1453627.601814205;1785963.729760951;2194280.323268956;2695948.443325946;3312310.615921419;4069588.809647371;4999999.999999929
3;4908687514441;20;phasez;-1.53037;-1.5271;-1.52299;-1.51793;-1.51167;-1.50385;-1.49418;-1.48224;-1.46743;-1.44908;-1.42635;-1.39813;-1.36314;-1.31962;-1.26539;-1.19756;-1.11223;-1.00422;-0.86631;-0.688914
