0;2471533684166;20;absz;1.80976e+08;1.31003e+08;9.48605e+07;6.86587e+07;4.96925e+07;3.59745e+07;2.60384e+07;1.88464e+07;1.36435e+07;9.87591e+06;7.14818e+06;5.17385e+06;3.74434e+06;2.70973e+06;1.96082e+06;1.41886e+06;1.02664e+06;742771;537358;388710
0;2471533684166;20;frequency;9.999999974752427;13.86918846435492;19.23543905490988;26.67799336109056;37.00021196095804;51.31629158938722;71.17153245417285;98.70914048804025;136.9015682683994;189.8713664161278;263.3361782500288;365.2259113806622;506.5387032487934;702.5280792305466;974.3494403835484;1351.343611730726;1874.203936580443;2599.368780806799;3605.113577052066;4999.99999995282
0;2471533684166;20;phasez;-1.54859;-1.55008;-1.55015;-1.55089;-1.55122;-1.55212;-1.55147;-1.5516;-1.55152;-1.55147;-1.5514;-1.55127;-1.55098;-1.55047;-1.54962;-1.54836;-1.54647;-1.54378;-1.53994;-1.53451
1;2472305858914;50;absz;9.28378e+06;7.94337e+06;6.79002e+06;5.7938e+06;4.94949e+06;4.22335e+06;3.60715e+06;3.07956e+06;2.63077e+06;2.24603e+06;1.91817e+06;1.63839e+06;1.39857e+06;1.19425e+06;1.01965e+06;870662;743419;634727;541969;462731;395075;337289;287963;245846;209878;179173;152952;130572;111460;95148.1;81219;69328.9;59177.7;50512.7;43115.6;36800.3;31408.8;26805.9;22876.6;19521.7;16656.8;14210.1;12120.1;10334.6;8808.47;7503.8;6387.33;5431.34;4611.71;3908.18
1;2472305858914;50;frequency;199.9999999213742;234.625769479635;275.2462588517801;322.8993264769997;378.802514688914;444.3841576318164;521.3198749487447;611.5753842550475;717.456725922716;841.6691823498468;987.3863981368913;1158.33146786315;1358.872060208682;1594.132014446359;1870.122253535556;2193.894364737048;2573.720768452858;3019.306079821149;3542.035062906734;4155.263512473084;4874.659497176026;5718.603679767398;6708.658946337209;7870.121340545211;9232.666380967203;10831.10727442716;12706.28439819177;14906.10877695531;17486.78621595445;20514.25336674129;24065.86241733066;28232.35745111674;33120.19296963342;38854.25382030405;45581.04601983359;53472.44000269313;62730.06193403319;73590.44528463698;86331.07429211862;101277.4737211686;118811.5260634959;139381.228686517;163512.140226203;191820.8086789974;225030.524286467;263989.7996954232;309694.0495706946;363311.0235703185;426210.642505751;499999.9999999716
1;2472305858914;50;phasez;-1.55304;-1.55475;-1.55201;-1.55206;-1.55235;-1.55399;-1.55359;-1.55324;-1.5533;-1.55335;-1.55336;-1.55352;-1.55378;-1.55386;-1.55375;-1.5539;-1.55384;-1.55397;-1.55397;-1.55397;-1.55393;-1.55388;-1.55377;-1.55363;-1.55343;-1.55315;-1.55277;-1.55231;-1.55174;-1.55105;-1.55018;-1.54915;-1.54791;-1.54643;-1.54468;-1.54261;-1.54018;-1.53729;-1.5339;-1.5299;-1.52519;-1.51964;-1.51311;-1.50541;-1.49633;-1.4856;-1.4729;-1.45784;-1.43989;-1.41838
2;2473074901559;50;absz;98069.6;87660;78382.5;70115.6;62685.5;56044.1;50114.2;44807.8;40068.2;35820.9;32026.7;28636.3;25605.6;22893.4;20470.4;18302.3;16364.4;14632.9;13083.2;11698.9;10459.9;9352.57;8362.77;7477.31;6685.56;5977.84;5344.95;4779.07;4272.85;3820.26;3415.54;3053.55;2729.79;2440.2;2181.25;1949.54;1742.33;1556.92;1391.02;1242.62;1109.86;991.083;884.842;789.81;705.006;629.319;561.912;502.134;449.407;403.361
2;2473074901559;50;frequency;20000.00000002444;22385.53853899816;25055.61678390222;28044.17375656954;31389.19662092121;35133.2035329932;39323.78408414649;44014.2042055669;49264.08322518227;55140.1516811012;61717.09952482729;69078.52549602467;77317.99973512921;86540.25314108083;96862.50859274992;108415.9709538568;121347.4948009008;135821.4510731415;152021.8163702936;170154.5114554648;190450.0186878266;213166.3116533389;238592.1342356312;267050.6708003728;298903.6541519141;334555.9634717432;374460.7706856584;419125.3006744233;469117.2785435782;525072.1459047724;587701.13789258;657800.3235824071;736260.7247225839;824079.6413975459;922373.3285811875;1032391.184709951;1155531.632626961;1293359.894754076;1447627.888434013;1620296.494325686;1813560.480908265;2029876.401899315;2271993.821195295;2542990.262224833;2846310.325953354;3185809.474764127;3565803.038745301;3991121.067296888;4467169.723268114;4999999.999999929
2;2473074901559;50;phasez;-1.55453;-1.55433;-1.5541;-1.55376;-1.55343;-1.55263;-1.55208;-1.55138;-1.55063;-1.54973;-1.54857;-1.54737;-1.5459;-1.54427;-1.54243;-1.54038;-1.5381;-1.53551;-1.53263;-1.52939;-1.52576;-1.52165;-1.51712;-1.51202;-1.50635;-1.49997;-1.49288;-1.48489;-1.47597;-1.46599;-1.45484;-1.44233;-1.42833;-1.41262;-1.39502;-1.37528;-1.35312;-1.32822;-1.30024;-1.26875;-1.23328;-1.19327;-1.14809;-1.09694;-1.03887;-0.972947;-0.897816;-0.81202;-0.713865;-0.601401
3;2473394208523;20;absz;19923.8;16242.6;13241.7;10791.3;8796.73;7170.98;5844.8;4764.12;3882.71;3164.42;2578.43;2100.33;1710.35;1392.18;1132.4;920.395;747.405;606.696;492.913;402.377
3;2473394208523;20;frequency;99999.99999990905;122862.535599424;150952.0265389597;185463.4873444638;227865.1431623047;279960.8926363817;343967.05137965;422606.6409511731;519225.2346839865;637933.2888043621;783781.0140572543;962973.2274171232;1183133.324347452;1453627.601814205;1785963.729760951;2194280.323268956;2695948.443325946;3312310.615921419;4069588.809647371;4999999.999999929
3;2473394208523;20;phasez;-1.54159;-1.53794;-1.53366;-1.52821;-1.52145;-1.51321;-1.50301;-1.49043;-1.47498;-1.4559;-1.4324;-1.40338;-1.36753;-1.32314;-1.26801;-1.19924;-1.11294;-1.00402;-0.865197;-0.687036
