0;1009775000069;20;absz;2.14168e+08;1.54769e+08;1.1188e+08;8.09099e+07;5.8487e+07;4.23221e+07;3.05819e+07;2.21116e+07;1.59903e+07;1.15633e+07;8.36293e+06;6.04921e+06;4.37568e+06;3.16544e+06;2.29011e+06;1.65683e+06;1.19873e+06;867325;627570;454118
0;1009775000069;20;frequency;9.999999974752427;13.86918846435492;19.23543905490988;26.67799336109056;37.00021196095804;51.31629158938722;71.17153245417285;98.70914048804025;136.9015682683994;189.8713664161278;263.3361782500288;365.2259113806622;506.5387032487934;702.5280792305466;974.3494403835484;1351.343611730726;1874.203936580443;2599.368780806799;3605.113577052066;4999.99999995282
0;1009775000069;20;phasez;-1.55793;-1.55824;-1.55796;-1.55742;-1.55736;-1.55685;-1.55674;-1.55634;-1.55584;-1.55532;-1.55472;-1.55392;-1.55304;-1.55193;-1.55054;-1.54871;-1.54623;-1.54291;-1.53838;-1.5322
1;1010544876385;50;absz;1.09092e+07;9.29802e+06;7.94642e+06;6.77267e+06;5.78046e+06;4.93674e+06;4.2144e+06;3.59844e+06;3.07149e+06;2.62382e+06;2.2402e+06;1.91311e+06;1.63322e+06;1.39459e+06;1.19079e+06;1.01657e+06;868071;741293;632970;540447;461530;394117;336558;287415;245457;209628;179032;152909;130601;111551;95281.9;81387.2;69520.1;59384.2;50729;43334.8;37017.6;31621.3;27010.2;23070.7;19703.8;16826.1;14366;12262.1;10462;8921.37;7602.2;6471.34;5500.72;4666.51
1;1010544876385;50;frequency;199.9999999213742;234.625769479635;275.2462588517801;322.8993264769997;378.802514688914;444.3841576318164;521.3198749487447;611.5753842550475;717.456725922716;841.6691823498468;987.3863981368913;1158.33146786315;1358.872060208682;1594.132014446359;1870.122253535556;2193.894364737048;2573.720768452858;3019.306079821149;3542.035062906734;4155.263512473084;4874.659497176026;5718.603679767398;6708.658946337209;7870.121340545211;9232.666380967203;10831.10727442716;12706.28439819177;14906.10877695531;17486.78621595445;20514.25336674129;24065.86241733066;28232.35745111674;33120.19296963342;38854.25382030405;45581.04601983359;53472.44000269313;62730.06193403319;73590.44528463698;86331.07429211862;101277.4737211686;118811.5260634959;139381.228686517;163512.140226203;191820.8086789974;225030.524286467;263989.7996954232;309694.0495706946;363311.0235703185;426210.642505751;499999.9999999716
1;1010544876385;50;phasez;-1.55321;-1.55442;-1.55514;-1.55491;-1.55556;-1.55602;-1.55541;-1.55532;-1.55527;-1.55469;-1.55473;-1.55427;-1.55411;-1.5537;-1.55363;-1.55329;-1.55309;-1.55276;-1.55243;-1.55209;-1.55167;-1.55126;-1.55078;-1.55023;-1.54965;-1.54897;-1.54823;-1.54737;-1.54643;-1.54533;-1.54412;-1.54272;-1.54113;-1.53932;-1.53726;-1.5349;-1.53218;-1.52903;-1.52539;-1.52117;-1.51626;-1.51054;-1.50385;-1.49601;-1.48681;-1.476;-1.46324;-1.44813;-1.43016;-1.40865
2;1011313268531;50;absz;114928;102840;92017.2;82283;73622.2;65863.6;58929;52724.6;47162.6;42195.9;37752.6;33772.5;30213.6;27031.6;24184.8;21638.6;19361;17322.9;15499.8;13868.9;12410.1;11104.6;9936.41;8890.88;7955.5;7118.59;6369.72;5699.65;5100.05;4563.4;4082.9;3653.09;3268.34;2923.95;2615.74;2339.86;2092.89;1871.81;1673.91;1496.76;1338.18;1196.28;1069.32;955.704;854.335;763.891;683.395;612.084;549.285;494.635
2;1011313268531;50;frequency;20000.00000002444;22385.53853899816;25055.61678390222;28044.17375656954;31389.19662092121;35133.2035329932;39323.78408414649;44014.2042055669;49264.08322518227;55140.1516811012;61717.09952482729;69078.52549602467;77317.99973512921;86540.25314108083;96862.50859274992;108415.9709538568;121347.4948009008;135821.4510731415;152021.8163702936;170154.5114554648;190450.0186878266;213166.3116533389;238592.1342356312;267050.6708003728;298903.6541519141;334555.9634717432;374460.7706856584;419125.3006744233;469117.2785435782;525072.1459047724;587701.13789258;657800.3235824071;736260.7247225839;824079.6413975459;922373.3285811875;1032391.184709951;1155531.632626961;1293359.894754076;1447627.888434013;1620296.494325686;1813560.480908265;2029876.401899315;2271993.821195295;2542990.262224833;2846310.325953354;3185809.474764127;3565803.038745301;3991121.067296888;4467169.723268114;4999999.999999929
2;1011313268531;50;phasez;-1.54942;-1.54841;-1.548;-1.54711;-1.54664;-1.54589;-1.54483;-1.5442;-1.54295;-1.54195;-1.54055;-1.5392;-1.53756;-1.53579;-1.53379;-1.53159;-1.52919;-1.52649;-1.52345;-1.52008;-1.51638;-1.51222;-1.50757;-1.50245;-1.49668;-1.4903;-1.48315;-1.4752;-1.46626;-1.45633;-1.44517;-1.4327;-1.41872;-1.40309;-1.38554;-1.36588;-1.34381;-1.31901;-1.29113;-1.25976;-1.22443;-1.18458;-1.13956;-1.08861;-1.03072;-0.965083;-0.890242;-0.804815;-0.707088;-0.595152
3;1011629371202;20;absz;23546.1;19221.1;15690.8;12804.7;10450;8530.18;6962.4;5682.53;4638.09;3784.91;3088.65;2519.75;2054.96;1675.36;1365.27;1111.88;905.128;736.957;601.123;493.456
3;1011629371202;20;frequency;99999.99999990905;122862.535599424;150952.0265389597;185463.4873444638;227865.1431623047;279960.8926363817;343967.05137965;422606.6409511731;519225.2346839865;637933.2888043621;783781.0140572543;962973.2274171232;1183133.324347452;1453627.601814205;1785963.729760951;2194280.323268956;2695948.443325946;3312310.615921419;4069588.809647371;4999999.999999929
3;1011629371202;20;phasez;-1.53283;-1.52895;-1.52445;-1.51887;-1.51194;-1.50364;-1.49334;-1.48075;-1.46529;-1.44626;-1.42283;-1.39392;-1.35822;-1.31402;-1.25911;-1.19064;-1.1047;-0.996203;-0.857994;-0.680663
