0;9995743727299;20;absz;1.3619e+08;9.92518e+07;7.23431e+07;5.26881e+07;3.83723e+07;2.79261e+07;2.03266e+07;1.47877e+07;1.07571e+07;7.82203e+06;5.6871e+06;4.13413e+06;3.00474e+06;2.18354e+06;1.58655e+06;1.15262e+06;837239;608067;441565;320592
0;9995743727299;20;frequency;9.999999974752427;13.86918846435492;19.23543905490988;26.67799336109056;37.00021196095804;51.31629158938722;71.17153245417285;98.70914048804025;136.9015682683994;189.8713664161278;263.3361782500288;365.2259113806622;506.5387032487934;702.5280792305466;974.3494403835484;1351.343611730726;1874.203936580443;2599.368780806799;3605.113577052066;4999.99999995282
0;9995743727299;20;phasez;-1.50973;-1.51348;-1.51682;-1.51912;-1.52134;-1.52308;-1.52483;-1.52636;-1.52764;-1.52861;-1.52932;-1.52991;-1.5302;-1.53022;-1.52986;-1.52902;-1.52756;-1.52523;-1.52172;-1.51657
1;9996514042513;50;absz;7.38798e+06;6.3038e+06;5.39622e+06;4.61858e+06;3.95558e+06;3.38613e+06;2.89561e+06;2.47725e+06;2.12053e+06;1.81419e+06;1.55221e+06;1.32825e+06;1.13638e+06;972113;831598;711346;608579;520570;445279;380868;325767;278627;238291;203803;174296;149060;127473;109012;93219.3;79715.5;68165.3;58289.4;49841.8;42618.6;36441.2;31158.3;26639.2;22774.7;19469.4;16641.8;14222.9;12153.5;10382.5;8866.69;7568.93;6457.28;5504.5;4687.22;3985.37;3381.78
1;9996514042513;50;frequency;199.9999999213742;234.625769479635;275.2462588517801;322.8993264769997;378.802514688914;444.3841576318164;521.3198749487447;611.5753842550475;717.456725922716;841.6691823498468;987.3863981368913;1158.33146786315;1358.872060208682;1594.132014446359;1870.122253535556;2193.894364737048;2573.720768452858;3019.306079821149;3542.035062906734;4155.263512473084;4874.659497176026;5718.603679767398;6708.658946337209;7870.121340545211;9232.666380967203;10831.10727442716;12706.28439819177;14906.10877695531;17486.78621595445;20514.25336674129;24065.86241733066;28232.35745111674;33120.19296963342;38854.25382030405;45581.04601983359;53472.44000269313;62730.06193403319;73590.44528463698;86331.07429211862;101277.4737211686;118811.5260634959;139381.228686517;163512.140226203;191820.8086789974;225030.524286467;263989.7996954232;309694.0495706946;363311.0235703185;426210.642505751;499999.9999999716
1;9996514042513;50;phasez;-1.53087;-1.53051;-1.52922;-1.53138;-1.53102;-1.53182;-1.53253;-1.5328;-1.53295;-1.53363;-1.53379;-1.53422;-1.53423;-1.53481;-1.53491;-1.53511;-1.53526;-1.53549;-1.53572;-1.53587;-1.53595;-1.53602;-1.53603;-1.53599;-1.53587;-1.53566;-1.53539;-1.53501;-1.53451;-1.53389;-1.53312;-1.53217;-1.53102;-1.52965;-1.52803;-1.52611;-1.52383;-1.52112;-1.51793;-1.51416;-1.50971;-1.50443;-1.49819;-1.4908;-1.48205;-1.47167;-1.45933;-1.44465;-1.42709;-1.40598
2;9997285869384;50;absz;82151.3;73543.1;65845.1;58953.5;52766.9;47243.1;42299.5;37861.9;33898.6;30345.4;27165.9;24317.6;21769;19487.5;17443.3;15615.5;13979;12513.1;11201.1;10026.3;8974.96;8032.97;7190.44;6436.01;5760.51;5155.88;4614.46;4129.88;3695.91;3307.4;2959.65;2648.28;2369.44;2119.8;1896.24;1696.03;1516.74;1356.14;1212.3;1083.44;968.014;864.643;772.052;689.124;614.979;548.716;489.596;437.063;390.604;349.901
2;9997285869384;50;frequency;20000.00000002444;22385.53853899816;25055.61678390222;28044.17375656954;31389.19662092121;35133.2035329932;39323.78408414649;44014.2042055669;49264.08322518227;55140.1516811012;61717.09952482729;69078.52549602467;77317.99973512921;86540.25314108083;96862.50859274992;108415.9709538568;121347.4948009008;135821.4510731415;152021.8163702936;170154.5114554648;190450.0186878266;213166.3116533389;238592.1342356312;267050.6708003728;298903.6541519141;334555.9634717432;374460.7706856584;419125.3006744233;469117.2785435782;525072.1459047724;587701.13789258;657800.3235824071;736260.7247225839;824079.6413975459;922373.3285811875;1032391.184709951;1155531.632626961;1293359.894754076;1447627.888434013;1620296.494325686;1813560.480908265;2029876.401899315;2271993.821195295;2542990.262224833;2846310.325953354;3185809.474764127;3565803.038745301;3991121.067296888;4467169.723268114;4999999.999999929
2;9997285869384;50;phasez;-1.53743;-1.53754;-1.53694;-1.53673;-1.53644;-1.53595;-1.53538;-1.53472;-1.53405;-1.53329;-1.5322;-1.53108;-1.52981;-1.52827;-1.52666;-1.52481;-1.52261;-1.52026;-1.51757;-1.51453;-1.51112;-1.50728;-1.50295;-1.4981;-1.49268;-1.48658;-1.47972;-1.47204;-1.4634;-1.45372;-1.44286;-1.43069;-1.41701;-1.40164;-1.3844;-1.365;-1.34322;-1.3187;-1.2911;-1.26002;-1.22494;-1.18533;-1.14054;-1.08977;-1.03207;-0.966479;-0.891627;-0.80607;-0.708058;-0.595624
3;9997605411020;20;absz;16988;13878;11333.5;9257.73;7562.05;6174.73;5042.77;4117.63;3361.69;2744.17;2239.36;1826.54;1489.34;1213.44;987.761;803.121;652.136;528.936;428.984;349.079
3;9997605411020;20;frequency;99999.99999990905;122862.535599424;150952.0265389597;185463.4873444638;227865.1431623047;279960.8926363817;343967.05137965;422606.6409511731;519225.2346839865;637933.2888043621;783781.0140572543;962973.2274171232;1183133.324347452;1453627.601814205;1785963.729760951;2194280.323268956;2695948.443325946;3312310.615921419;4069588.809647371;4999999.999999929
3;9997605411020;20;phasez;-1.52589;-1.52256;-1.51859;-1.51349;-1.50728;-1.49939;-1.48969;-1.47766;-1.46268;-1.44414;-1.42125;-1.39288;-1.35769;-1.31401;-1.25959;-1.19155;-1.10597;-0.997631;-0.859261;-0.681209
