0;10634674330189;20;absz;1.35922e+08;9.91024e+07;7.22373e+07;5.26081e+07;3.83312e+07;2.78919e+07;2.03038e+07;1.47726e+07;1.07444e+07;7.81306e+06;5.68082e+06;4.12968e+06;3.00142e+06;2.18113e+06;1.58479e+06;1.15138e+06;836323;607420;441099;320265
0;10634674330189;20;frequency;9.999999974752427;13.86918846435492;19.23543905490988;26.67799336109056;37.00021196095804;51.31629158938722;71.17153245417285;98.70914048804025;136.9015682683994;189.8713664161278;263.3361782500288;365.2259113806622;506.5387032487934;702.5280792305466;974.3494403835484;1351.343611730726;1874.203936580443;2599.368780806799;3605.113577052066;4999.99999995282
0;10634674330189;20;phasez;-1.5095;-1.51335;-1.51675;-1.51896;-1.52132;-1.52295;-1.52487;-1.52635;-1.52758;-1.52851;-1.52928;-1.52983;-1.53016;-1.53016;-1.52982;-1.52897;-1.52749;-1.52514;-1.52161;-1.51643
1;10635442832980;50;absz;7.36201e+06;6.29727e+06;5.40518e+06;4.61488e+06;3.95151e+06;3.37962e+06;2.8932e+06;2.47531e+06;2.11791e+06;1.81229e+06;1.55058e+06;1.32662e+06;1.13502e+06;971114;830655;710634;607897;519986;444808;380475;325432;278338;238070;203606;174132;148924;127359;108917;93139.7;79648.6;68107.3;58239.6;49801.5;42583.5;36411.2;31132.5;26617.3;22756;19453.3;16628.5;14211.7;12143.9;10374.3;8859.66;7562.95;6452.18;5500.2;4683.56;3982.37;3379.31
1;10635442832980;50;frequency;199.9999999213742;234.625769479635;275.2462588517801;322.8993264769997;378.802514688914;444.3841576318164;521.3198749487447;611.5753842550475;717.456725922716;841.6691823498468;987.3863981368913;1158.33146786315;1358.872060208682;1594.132014446359;1870.122253535556;2193.894364737048;2573.720768452858;3019.306079821149;3542.035062906734;4155.263512473084;4874.659497176026;5718.603679767398;6708.658946337209;7870.121340545211;9232.666380967203;10831.10727442716;12706.28439819177;14906.10877695531;17486.78621595445;20514.25336674129;24065.86241733066;28232.35745111674;33120.19296963342;38854.25382030405;45581.04601983359;53472.44000269313;62730.06193403319;73590.44528463698;86331.07429211862;101277.4737211686;118811.5260634959;139381.228686517;163512.140226203;191820.8086789974;225030.524286467;263989.7996954232;309694.0495706946;363311.0235703185;426210.642505751;499999.9999999716
1;10635442832980;50;phasez;-1.52883;-1.53018;-1.5317;-1.53028;-1.53173;-1.53228;-1.53242;-1.53292;-1.5331;-1.53336;-1.53368;-1.53404;-1.53437;-1.5345;-1.53485;-1.53507;-1.53523;-1.53541;-1.53564;-1.5357;-1.53584;-1.53587;-1.5359;-1.53585;-1.53573;-1.53554;-1.53526;-1.53488;-1.5344;-1.53379;-1.53301;-1.53207;-1.53094;-1.52958;-1.52796;-1.52604;-1.52376;-1.52107;-1.51787;-1.5141;-1.50963;-1.50435;-1.49811;-1.49071;-1.48195;-1.47157;-1.45923;-1.44454;-1.42698;-1.40587
2;10636216012705;50;absz;82073.5;73464.5;65758;58891.4;52726.7;47199;42253.8;37833.5;33862.2;30317.2;27138.8;24294.4;21747.8;19468;17427.3;15600.8;13966.8;12501.8;11190.7;10017.4;8966.95;8026.15;7184.03;6430.53;5755.59;5151.48;4610.68;4126.36;3692.84;3304.78;2957.29;2646.16;2367.61;2118.14;1894.77;1694.76;1515.61;1355.14;1211.43;1082.66;967.336;864.036;771.507;688.658;614.555;548.319;489.25;436.755;390.331;349.647
2;10636216012705;50;frequency;20000.00000002444;22385.53853899816;25055.61678390222;28044.17375656954;31389.19662092121;35133.2035329932;39323.78408414649;44014.2042055669;49264.08322518227;55140.1516811012;61717.09952482729;69078.52549602467;77317.99973512921;86540.25314108083;96862.50859274992;108415.9709538568;121347.4948009008;135821.4510731415;152021.8163702936;170154.5114554648;190450.0186878266;213166.3116533389;238592.1342356312;267050.6708003728;298903.6541519141;334555.9634717432;374460.7706856584;419125.3006744233;469117.2785435782;525072.1459047724;587701.13789258;657800.3235824071;736260.7247225839;824079.6413975459;922373.3285811875;1032391.184709951;1155531.632626961;1293359.894754076;1447627.888434013;1620296.494325686;1813560.480908265;2029876.401899315;2271993.821195295;2542990.262224833;2846310.325953354;3185809.474764127;3565803.038745301;3991121.067296888;4467169.723268114;4999999.999999929
2;10636216012705;50;phasez;-1.53736;-1.53714;-1.5368;-1.53687;-1.53656;-1.5358;-1.53531;-1.53464;-1.53402;-1.53316;-1.53216;-1.53102;-1.52972;-1.52819;-1.52657;-1.52472;-1.52259;-1.52017;-1.51747;-1.51441;-1.51102;-1.50717;-1.50287;-1.498;-1.49257;-1.48648;-1.47963;-1.47193;-1.46329;-1.45362;-1.44275;-1.43057;-1.41689;-1.40153;-1.38427;-1.36489;-1.3431;-1.31859;-1.29099;-1.2599;-1.22482;-1.18522;-1.14041;-1.08964;-1.03197;-0.966372;-0.891524;-0.805962;-0.707953;-0.595514
3;10636533188481;20;absz;16971.8;13865.4;11323.2;9249.33;7554.81;6169.3;5038.73;4114.17;3359.04;2741.99;2237.55;1825.17;1488.23;1212.55;987.047;802.57;651.686;528.586;428.703;348.839
3;10636533188481;20;frequency;99999.99999990905;122862.535599424;150952.0265389597;185463.4873444638;227865.1431623047;279960.8926363817;343967.05137965;422606.6409511731;519225.2346839865;637933.2888043621;783781.0140572543;962973.2274171232;1183133.324347452;1453627.601814205;1785963.729760951;2194280.323268956;2695948.443325946;3312310.615921419;4069588.809647371;4999999.999999929
3;10636533188481;20;phasez;-1.5258;-1.52251;-1.51855;-1.51345;-1.50712;-1.49933;-1.48959;-1.47748;-1.46255;-1.44407;-1.42116;-1.39277;-1.35758;-1.31389;-1.25948;-1.19145;-1.10589;-0.997545;-0.859182;-0.681158
