0;8681614193651;20;absz;1.36762e+08;9.96641e+07;7.25942e+07;5.28937e+07;3.85081e+07;2.80331e+07;2.03987e+07;1.48391e+07;1.07942e+07;7.84792e+06;5.70555e+06;4.14741e+06;3.01429e+06;2.19043e+06;1.59151e+06;1.15617e+06;839820;609915;442884;321541
0;8681614193651;20;frequency;9.999999974752427;13.86918846435492;19.23543905490988;26.67799336109056;37.00021196095804;51.31629158938722;71.17153245417285;98.70914048804025;136.9015682683994;189.8713664161278;263.3361782500288;365.2259113806622;506.5387032487934;702.5280792305466;974.3494403835484;1351.343611730726;1874.203936580443;2599.368780806799;3605.113577052066;4999.99999995282
0;8681614193651;20;phasez;-1.51069;-1.51419;-1.51776;-1.51982;-1.52193;-1.52335;-1.52546;-1.52677;-1.52793;-1.52887;-1.5296;-1.53009;-1.53038;-1.53039;-1.53003;-1.52917;-1.52772;-1.52539;-1.52187;-1.51672
1;8682386536867;50;absz;7.39486e+06;6.32491e+06;5.41355e+06;4.63863e+06;3.97074e+06;3.39517e+06;2.90451e+06;2.486e+06;2.12745e+06;1.8201e+06;1.55706e+06;1.33204e+06;1.13969e+06;975158;834194;713566;610395;522143;446619;381990;326738;279451;239003;204398;174803;149492;127842;109327;93489.3;79945.7;68363.4;58457.9;49986.3;42743.5;36548.8;31250.3;26718.4;22842.8;19527.3;16691.5;14265.5;12189.3;10413;8892.41;7590.65;6475.72;5520.06;4700.34;3996.48;3391.15
1;8682386536867;50;frequency;199.9999999213742;234.625769479635;275.2462588517801;322.8993264769997;378.802514688914;444.3841576318164;521.3198749487447;611.5753842550475;717.456725922716;841.6691823498468;987.3863981368913;1158.33146786315;1358.872060208682;1594.132014446359;1870.122253535556;2193.894364737048;2573.720768452858;3019.306079821149;3542.035062906734;4155.263512473084;4874.659497176026;5718.603679767398;6708.658946337209;7870.121340545211;9232.666380967203;10831.10727442716;12706.28439819177;14906.10877695531;17486.78621595445;20514.25336674129;24065.86241733066;28232.35745111674;33120.19296963342;38854.25382030405;45581.04601983359;53472.44000269313;62730.06193403319;73590.44528463698;86331.07429211862;101277.4737211686;118811.5260634959;139381.228686517;163512.140226203;191820.8086789974;225030.524286467;263989.7996954232;309694.0495706946;363311.0235703185;426210.642505751;499999.9999999716
1;8682386536867;50;phasez;-1.52848;-1.52938;-1.53092;-1.53105;-1.53192;-1.53201;-1.53242;-1.5332;-1.53321;-1.53366;-1.53409;-1.53429;-1.53457;-1.53474;-1.53502;-1.53529;-1.53557;-1.53571;-1.53586;-1.536;-1.5361;-1.53613;-1.53616;-1.53609;-1.53596;-1.53576;-1.53547;-1.53506;-1.53454;-1.5339;-1.53311;-1.53215;-1.531;-1.52963;-1.52801;-1.5261;-1.52384;-1.52116;-1.518;-1.51426;-1.50983;-1.50457;-1.49835;-1.49098;-1.48224;-1.47187;-1.45954;-1.44487;-1.42731;-1.40621
2;8683155515498;50;absz;82312.4;73708.3;65996.4;59086.3;52897.8;47360;42407.6;37959;33983.7;30420;27232.7;24379.4;21824;19536.3;17489.9;15655.8;14015.3;12545.4;11230;10051.9;8997.98;8053.73;7208.59;6452.08;5774.9;5168.65;4625.91;4140.01;3704.99;3315.57;2966.83;2654.68;2375.11;2124.84;1900.72;1700.01;1520.27;1359.25;1215.05;1085.89;970.187;866.555;773.741;690.621;616.312;549.895;490.645;438;391.453;350.663
2;8683155515498;50;frequency;20000.00000002444;22385.53853899816;25055.61678390222;28044.17375656954;31389.19662092121;35133.2035329932;39323.78408414649;44014.2042055669;49264.08322518227;55140.1516811012;61717.09952482729;69078.52549602467;77317.99973512921;86540.25314108083;96862.50859274992;108415.9709538568;121347.4948009008;135821.4510731415;152021.8163702936;170154.5114554648;190450.0186878266;213166.3116533389;238592.1342356312;267050.6708003728;298903.6541519141;334555.9634717432;374460.7706856584;419125.3006744233;469117.2785435782;525072.1459047724;587701.13789258;657800.3235824071;736260.7247225839;824079.6413975459;922373.3285811875;1032391.184709951;1155531.632626961;1293359.894754076;1447627.888434013;1620296.494325686;1813560.480908265;2029876.401899315;2271993.821195295;2542990.262224833;2846310.325953354;3185809.474764127;3565803.038745301;3991121.067296888;4467169.723268114;4999999.999999929
2;8683155515498;50;phasez;-1.53743;-1.53749;-1.53727;-1.53667;-1.53642;-1.53589;-1.53543;-1.53471;-1.53405;-1.53318;-1.53217;-1.53105;-1.52988;-1.52837;-1.52671;-1.5249;-1.52275;-1.52038;-1.51773;-1.51468;-1.5113;-1.50747;-1.50313;-1.49832;-1.49288;-1.4868;-1.47993;-1.47225;-1.46363;-1.45396;-1.44313;-1.43094;-1.41727;-1.40193;-1.38468;-1.36531;-1.34353;-1.31903;-1.29145;-1.26037;-1.2253;-1.1857;-1.14091;-1.09014;-1.03247;-0.966871;-0.892028;-0.806474;-0.708476;-0.596053
3;8683474023781;20;absz;17025.8;13910.7;11359.6;9279.08;7579.2;6188.89;5054.48;4126.82;3369.38;2750.3;2244.28;1830.57;1492.58;1216.03;989.827;804.798;653.464;530.014;429.863;349.806
3;8683474023781;20;frequency;99999.99999990905;122862.535599424;150952.0265389597;185463.4873444638;227865.1431623047;279960.8926363817;343967.05137965;422606.6409511731;519225.2346839865;637933.2888043621;783781.0140572543;962973.2274171232;1183133.324347452;1453627.601814205;1785963.729760951;2194280.323268956;2695948.443325946;3312310.615921419;4069588.809647371;4999999.999999929
3;8683474023781;20;phasez;-1.52586;-1.52269;-1.51871;-1.51369;-1.50744;-1.49963;-1.48987;-1.47784;-1.4629;-1.44441;-1.42151;-1.39317;-1.35802;-1.31436;-1.25996;-1.19194;-1.10637;-0.998044;-0.859685;-0.681706
