0;10603977833282;20;absz;1.35893e+08;9.91416e+07;7.2231e+07;5.2629e+07;3.83277e+07;2.79098e+07;2.03061e+07;1.47721e+07;1.07454e+07;7.81358e+06;5.68099e+06;4.12986e+06;3.00167e+06;2.18132e+06;1.58496e+06;1.15147e+06;836418;607495;441154;320306
0;10603977833282;20;frequency;9.999999974752427;13.86918846435492;19.23543905490988;26.67799336109056;37.00021196095804;51.31629158938722;71.17153245417285;98.70914048804025;136.9015682683994;189.8713664161278;263.3361782500288;365.2259113806622;506.5387032487934;702.5280792305466;974.3494403835484;1351.343611730726;1874.203936580443;2599.368780806799;3605.113577052066;4999.99999995282
0;10603977833282;20;phasez;-1.5098;-1.51315;-1.51659;-1.5189;-1.52124;-1.52352;-1.52491;-1.52635;-1.52755;-1.52845;-1.52924;-1.52979;-1.5301;-1.53013;-1.52978;-1.52893;-1.52747;-1.52513;-1.52161;-1.51645
1;10604745143614;50;absz;7.37835e+06;6.30265e+06;5.38783e+06;4.62059e+06;3.95116e+06;3.38103e+06;2.89361e+06;2.47616e+06;2.11833e+06;1.81284e+06;1.55073e+06;1.32664e+06;1.13513e+06;971123;830808;710719;607964;520058;444852;380512;325455;278371;238088;203626;174143;148933;127363;108917;93143.2;79650.1;68111.1;58242.1;49804;42584.9;36412.6;31133.6;26618.5;22757;19454.5;16629;14212.1;12144.3;10374.9;8860.12;7563.33;6452.62;5500.57;4683.92;3982.68;3379.55
1;10604745143614;50;frequency;199.9999999213742;234.625769479635;275.2462588517801;322.8993264769997;378.802514688914;444.3841576318164;521.3198749487447;611.5753842550475;717.456725922716;841.6691823498468;987.3863981368913;1158.33146786315;1358.872060208682;1594.132014446359;1870.122253535556;2193.894364737048;2573.720768452858;3019.306079821149;3542.035062906734;4155.263512473084;4874.659497176026;5718.603679767398;6708.658946337209;7870.121340545211;9232.666380967203;10831.10727442716;12706.28439819177;14906.10877695531;17486.78621595445;20514.25336674129;24065.86241733066;28232.35745111674;33120.19296963342;38854.25382030405;45581.04601983359;53472.44000269313;62730.06193403319;73590.44528463698;86331.07429211862;101277.4737211686;118811.5260634959;139381.228686517;163512.140226203;191820.8086789974;225030.524286467;263989.7996954232;309694.0495706946;363311.0235703185;426210.642505751;499999.9999999716
1;10604745143614;50;phasez;-1.53125;-1.53072;-1.53086;-1.53108;-1.5333;-1.53093;-1.53212;-1.53295;-1.53327;-1.53357;-1.53359;-1.53403;-1.53437;-1.53443;-1.53491;-1.53507;-1.5352;-1.53545;-1.53559;-1.53575;-1.53586;-1.53593;-1.5359;-1.53586;-1.53576;-1.53557;-1.53529;-1.53492;-1.53442;-1.53378;-1.53302;-1.53209;-1.53095;-1.52959;-1.52797;-1.52605;-1.52377;-1.52107;-1.51788;-1.51411;-1.50964;-1.50436;-1.49811;-1.49072;-1.48196;-1.47158;-1.45925;-1.44455;-1.42699;-1.40588
2;10605515017691;50;absz;82080.3;73470.6;65793.5;58909.5;52729.6;47211.5;42260.8;37837.5;33877.2;30321.3;27144.1;24295.7;21753;19471.2;17431.4;15603.9;13968;12503.9;11192.4;10019;8968.56;8027.49;7185.24;6431.24;5756.34;5152.28;4611.24;4126.97;3693.35;3305.2;2957.69;2646.49;2367.89;2118.42;1895.01;1694.96;1515.77;1355.3;1211.57;1082.79;967.455;864.147;771.597;688.726;614.625;548.389;489.308;436.806;390.375;349.691
2;10605515017691;50;frequency;20000.00000002444;22385.53853899816;25055.61678390222;28044.17375656954;31389.19662092121;35133.2035329932;39323.78408414649;44014.2042055669;49264.08322518227;55140.1516811012;61717.09952482729;69078.52549602467;77317.99973512921;86540.25314108083;96862.50859274992;108415.9709538568;121347.4948009008;135821.4510731415;152021.8163702936;170154.5114554648;190450.0186878266;213166.3116533389;238592.1342356312;267050.6708003728;298903.6541519141;334555.9634717432;374460.7706856584;419125.3006744233;469117.2785435782;525072.1459047724;587701.13789258;657800.3235824071;736260.7247225839;824079.6413975459;922373.3285811875;1032391.184709951;1155531.632626961;1293359.894754076;1447627.888434013;1620296.494325686;1813560.480908265;2029876.401899315;2271993.821195295;2542990.262224833;2846310.325953354;3185809.474764127;3565803.038745301;3991121.067296888;4467169.723268114;4999999.999999929
2;10605515017691;50;phasez;-1.53712;-1.53731;-1.53717;-1.53655;-1.53624;-1.536;-1.53541;-1.53477;-1.53409;-1.53316;-1.53227;-1.53105;-1.52978;-1.52822;-1.52662;-1.5247;-1.52251;-1.52016;-1.51748;-1.51447;-1.51103;-1.50721;-1.50289;-1.49802;-1.49259;-1.48648;-1.47963;-1.47194;-1.46331;-1.45362;-1.44277;-1.43058;-1.4169;-1.40154;-1.38429;-1.3649;-1.34311;-1.3186;-1.291;-1.25991;-1.22484;-1.18522;-1.14043;-1.08965;-1.03196;-0.966373;-0.891523;-0.805957;-0.707952;-0.595511
3;10605831280595;20;absz;16974.7;13867.1;11325.3;9250.63;7556.34;6170.59;5039.44;4114.74;3359.53;2742.38;2237.86;1825.41;1488.43;1212.7;987.179;802.676;651.758;528.641;428.742;348.862
3;10605831280595;20;frequency;99999.99999990905;122862.535599424;150952.0265389597;185463.4873444638;227865.1431623047;279960.8926363817;343967.05137965;422606.6409511731;519225.2346839865;637933.2888043621;783781.0140572543;962973.2274171232;1183133.324347452;1453627.601814205;1785963.729760951;2194280.323268956;2695948.443325946;3312310.615921419;4069588.809647371;4999999.999999929
3;10605831280595;20;phasez;-1.5258;-1.52245;-1.51848;-1.51343;-1.50717;-1.49932;-1.48959;-1.47753;-1.46256;-1.44407;-1.42114;-1.39277;-1.35759;-1.3139;-1.25949;-1.19145;-1.10587;-0.997545;-0.859168;-0.681123
