0;5607140142964;20;absz;1.43465e+08;1.04479e+08;7.60448e+07;5.53265e+07;4.02458e+07;2.92681e+07;2.12814e+07;1.54706e+07;1.12449e+07;8.17269e+06;5.93825e+06;4.31463e+06;3.13434e+06;2.27655e+06;1.65326e+06;1.20039e+06;871464;632551;459062;333100
0;5607140142964;20;frequency;9.999999974752427;13.86918846435492;19.23543905490988;26.67799336109056;37.00021196095804;51.31629158938722;71.17153245417285;98.70914048804025;136.9015682683994;189.8713664161278;263.3361782500288;365.2259113806622;506.5387032487934;702.5280792305466;974.3494403835484;1351.343611730726;1874.203936580443;2599.368780806799;3605.113577052066;4999.99999995282
0;5607140142964;20;phasez;-1.52207;-1.52408;-1.52547;-1.52654;-1.52811;-1.52953;-1.53006;-1.53079;-1.53143;-1.53209;-1.53252;-1.53288;-1.53308;-1.53303;-1.53267;-1.53184;-1.5304;-1.52809;-1.52459;-1.51945
1;5607909477197;50;absz;7.71208e+06;6.57165e+06;5.63159e+06;4.82783e+06;4.12868e+06;3.5337e+06;3.02331e+06;2.5845e+06;2.21028e+06;1.89097e+06;1.61759e+06;1.38364e+06;1.18337e+06;1.01203e+06;865653;740247;633029;541310;462938;395849;338480;289413;247457;211571;180885;154651;132216;113031;96629.8;82608.2;70617.8;60367.3;51604;44109.7;37705.1;32228.5;27545.6;23541.9;20118.6;17192;14688.5;12547.4;10716;9149.08;7807.97;6659.63;5675.61;4831.91;4107.45;3484.58
1;5607909477197;50;frequency;199.9999999213742;234.625769479635;275.2462588517801;322.8993264769997;378.802514688914;444.3841576318164;521.3198749487447;611.5753842550475;717.456725922716;841.6691823498468;987.3863981368913;1158.33146786315;1358.872060208682;1594.132014446359;1870.122253535556;2193.894364737048;2573.720768452858;3019.306079821149;3542.035062906734;4155.263512473084;4874.659497176026;5718.603679767398;6708.658946337209;7870.121340545211;9232.666380967203;10831.10727442716;12706.28439819177;14906.10877695531;17486.78621595445;20514.25336674129;24065.86241733066;28232.35745111674;33120.19296963342;38854.25382030405;45581.04601983359;53472.44000269313;62730.06193403319;73590.44528463698;86331.07429211862;101277.4737211686;118811.5260634959;139381.228686517;163512.140226203;191820.8086789974;225030.524286467;263989.7996954232;309694.0495706946;363311.0235703185;426210.642505751;499999.9999999716
1;5607909477197;50;phasez;-1.53395;-1.53433;-1.53319;-1.53297;-1.53465;-1.53526;-1.5352;-1.53584;-1.53589;-1.53656;-1.53669;-1.53693;-1.53718;-1.53755;-1.53776;-1.53802;-1.53826;-1.53836;-1.53861;-1.53875;-1.53885;-1.53889;-1.53891;-1.53888;-1.53876;-1.53858;-1.53831;-1.53793;-1.53745;-1.53685;-1.53608;-1.53514;-1.53402;-1.53267;-1.53105;-1.52913;-1.52685;-1.52414;-1.52093;-1.51714;-1.51265;-1.50734;-1.50106;-1.49365;-1.48488;-1.4745;-1.46218;-1.44752;-1.43001;-1.40898
2;5608680803941;50;absz;85106.5;76207.8;68188;61043.9;54641.7;48902.4;43770.4;39175.8;35068.2;31383.3;28087.2;25138.8;22498.1;20136.5;18020.7;16127.9;14435.3;12918.6;11561.3;10347.3;9260.55;8287.49;7416.44;6637.07;5939.55;5315.13;4756.38;4255.99;3808.2;3407.23;3048.44;2727.17;2439.52;2182.07;1951.55;1745.15;1560.33;1394.81;1246.59;1113.86;995.008;888.576;793.291;707.981;631.739;563.616;502.857;448.902;401.209;359.446
2;5608680803941;50;frequency;20000.00000002444;22385.53853899816;25055.61678390222;28044.17375656954;31389.19662092121;35133.2035329932;39323.78408414649;44014.2042055669;49264.08322518227;55140.1516811012;61717.09952482729;69078.52549602467;77317.99973512921;86540.25314108083;96862.50859274992;108415.9709538568;121347.4948009008;135821.4510731415;152021.8163702936;170154.5114554648;190450.0186878266;213166.3116533389;238592.1342356312;267050.6708003728;298903.6541519141;334555.9634717432;374460.7706856584;419125.3006744233;469117.2785435782;525072.1459047724;587701.13789258;657800.3235824071;736260.7247225839;824079.6413975459;922373.3285811875;1032391.184709951;1155531.632626961;1293359.894754076;1447627.888434013;1620296.494325686;1813560.480908265;2029876.401899315;2271993.821195295;2542990.262224833;2846310.325953354;3185809.474764127;3565803.038745301;3991121.067296888;4467169.723268114;4999999.999999929
2;5608680803941;50;phasez;-1.54038;-1.54025;-1.53984;-1.5396;-1.53931;-1.53902;-1.53833;-1.53782;-1.53717;-1.53624;-1.5353;-1.53402;-1.5328;-1.53128;-1.5296;-1.52778;-1.5256;-1.52317;-1.52043;-1.51741;-1.51395;-1.51011;-1.50578;-1.50091;-1.49551;-1.48943;-1.48259;-1.47495;-1.46635;-1.45673;-1.44594;-1.4338;-1.42018;-1.4049;-1.38773;-1.36841;-1.3467;-1.32227;-1.29476;-1.26375;-1.22877;-1.18924;-1.14454;-1.09387;-1.03632;-0.970862;-0.896185;-0.810833;-0.713069;-0.600926
3;5608997071838;20;absz;17548.1;14330.8;11699.8;9552.74;7799.75;6367.83;5198.52;4243.33;3463.28;2826.12;2305.31;1879.71;1532.1;1247.8;1015.35;825.276;669.946;543.286;440.626;358.615
3;5608997071838;20;frequency;99999.99999990905;122862.535599424;150952.0265389597;185463.4873444638;227865.1431623047;279960.8926363817;343967.05137965;422606.6409511731;519225.2346839865;637933.2888043621;783781.0140572543;962973.2274171232;1183133.324347452;1453627.601814205;1785963.729760951;2194280.323268956;2695948.443325946;3312310.615921419;4069588.809647371;4999999.999999929
3;5608997071838;20;phasez;-1.52877;-1.52553;-1.52146;-1.51637;-1.51003;-1.50221;-1.49255;-1.48054;-1.46566;-1.44727;-1.42447;-1.39625;-1.36121;-1.31767;-1.26341;-1.19555;-1.11019;-1.00211;-0.864096;-0.686569
