0;133875217438;20;absz;3.14411e+08;2.26878e+08;1.63844e+08;1.18139e+08;8.53301e+07;6.16047e+07;4.44613e+07;3.20855e+07;2.316e+07;1.67171e+07;1.20661e+07;8.70898e+06;6.2862e+06;4.53726e+06;3.27488e+06;2.36377e+06;1.70609e+06;1.23139e+06;888749;641425
0;133875217438;20;frequency;9.999999974752427;13.86918846435492;19.23543905490988;26.67799336109056;37.00021196095804;51.31629158938722;71.17153245417285;98.70914048804025;136.9015682683994;189.8713664161278;263.3361782500288;365.2259113806622;506.5387032487934;702.5280792305466;974.3494403835484;1351.343611730726;1874.203936580443;2599.368780806799;3605.113577052066;4999.99999995282
0;133875217438;20;phasez;-1.56492;-1.5657;-1.56619;-1.56567;-1.5658;-1.5645;-1.56521;-1.56514;-1.56515;-1.56498;-1.56467;-1.56418;-1.56363;-1.56285;-1.56173;-1.56019;-1.55806;-1.55508;-1.5509;-1.54507
1;134646337942;50;absz;1.57187e+07;1.34493e+07;1.14702e+07;9.75302e+06;8.32594e+06;7.10865e+06;6.05026e+06;5.16025e+06;4.40702e+06;3.7578e+06;3.20303e+06;2.73295e+06;2.32959e+06;1.9874e+06;1.69482e+06;1.44513e+06;1.23251e+06;1.05112e+06;896500;764488;651996;556039;474174;404408;344899;294141;250860;213955;182480;155639;132745;113219;96568;82363.2;70252.3;59919;51104.4;43586.2;37170.9;31697.3;27027.1;23041.7;19639.2;16734.9;14254.3;12134.6;10322.1;8771.27;7442.68;6302.89
1;134646337942;50;frequency;199.9999999213742;234.625769479635;275.2462588517801;322.8993264769997;378.802514688914;444.3841576318164;521.3198749487447;611.5753842550475;717.456725922716;841.6691823498468;987.3863981368913;1158.33146786315;1358.872060208682;1594.132014446359;1870.122253535556;2193.894364737048;2573.720768452858;3019.306079821149;3542.035062906734;4155.263512473084;4874.659497176026;5718.603679767398;6708.658946337209;7870.121340545211;9232.666380967203;10831.10727442716;12706.28439819177;14906.10877695531;17486.78621595445;20514.25336674129;24065.86241733066;28232.35745111674;33120.19296963342;38854.25382030405;45581.04601983359;53472.44000269313;62730.06193403319;73590.44528463698;86331.07429211862;101277.4737211686;118811.5260634959;139381.228686517;163512.140226203;191820.8086789974;225030.524286467;263989.7996954232;309694.0495706946;363311.0235703185;426210.642505751;499999.9999999716
1;134646337942;50;phasez;-1.56849;-1.56549;-1.56194;-1.56654;-1.56455;-1.56451;-1.5657;-1.56577;-1.56585;-1.56569;-1.56533;-1.5656;-1.56553;-1.56526;-1.56542;-1.56532;-1.56526;-1.56512;-1.56489;-1.56479;-1.56456;-1.56428;-1.56395;-1.56353;-1.56311;-1.5626;-1.56202;-1.56134;-1.56054;-1.55962;-1.55855;-1.55733;-1.55592;-1.55428;-1.5524;-1.5502;-1.54765;-1.54468;-1.54121;-1.53716;-1.53242;-1.52686;-1.52033;-1.51266;-1.50362;-1.49296;-1.48035;-1.46539;-1.44756;-1.42619
2;135414608147;50;absz;160419;143409;128156;114495;102351;91474.4;81732.6;73036.6;65272.4;58326.2;52124.6;46580.7;41631.5;37205.5;33246.8;29711.8;26551.9;23730.3;21206.6;18952.8;16939;15139.2;13530;12092.2;10807.2;9658.53;8631.96;7714.12;6893.67;6161.08;5505.68;4920.05;4396.45;3928.56;3510.18;3136.22;2801.96;2503.23;2236.17;1997.45;1784.18;1593.62;1423.42;1271.38;1136.13;1015.69;908.762;814.346;731.538;659.818
2;135414608147;50;frequency;20000.00000002444;22385.53853899816;25055.61678390222;28044.17375656954;31389.19662092121;35133.2035329932;39323.78408414649;44014.2042055669;49264.08322518227;55140.1516811012;61717.09952482729;69078.52549602467;77317.99973512921;86540.25314108083;96862.50859274992;108415.9709538568;121347.4948009008;135821.4510731415;152021.8163702936;170154.5114554648;190450.0186878266;213166.3116533389;238592.1342356312;267050.6708003728;298903.6541519141;334555.9634717432;374460.7706856584;419125.3006744233;469117.2785435782;525072.1459047724;587701.13789258;657800.3235824071;736260.7247225839;824079.6413975459;922373.3285811875;1032391.184709951;1155531.632626961;1293359.894754076;1447627.888434013;1620296.494325686;1813560.480908265;2029876.401899315;2271993.821195295;2542990.262224833;2846310.325953354;3185809.474764127;3565803.038745301;3991121.067296888;4467169.723268114;4999999.999999929
2;135414608147;50;phasez;-1.56315;-1.56316;-1.56242;-1.5619;-1.56123;-1.56087;-1.56011;-1.55918;-1.55832;-1.55714;-1.55616;-1.55469;-1.55333;-1.55168;-1.5497;-1.54761;-1.54541;-1.54267;-1.53986;-1.53657;-1.53302;-1.529;-1.52443;-1.51941;-1.5138;-1.50749;-1.50045;-1.49258;-1.48377;-1.47392;-1.46287;-1.4505;-1.43665;-1.4211;-1.40367;-1.38412;-1.36214;-1.33745;-1.3097;-1.27847;-1.24327;-1.20357;-1.15875;-1.108;-1.05034;-0.984967;-0.910468;-0.825466;-0.728307;-0.617086
3;135733382075;20;absz;32360.3;26358.7;21470.1;17491.9;14245.3;11597.7;9445.08;7691.67;6262.91;5099.66;4151.91;3379.76;2750.76;2238.06;1820.33;1480.43;1203.88;979.894;799.916;658.273
3;135733382075;20;frequency;99999.99999990905;122862.535599424;150952.0265389597;185463.4873444638;227865.1431623047;279960.8926363817;343967.05137965;422606.6409511731;519225.2346839865;637933.2888043621;783781.0140572543;962973.2274171232;1183133.324347452;1453627.601814205;1785963.729760951;2194280.323268956;2695948.443325946;3312310.615921419;4069588.809647371;4999999.999999929
3;135733382075;20;phasez;-1.54888;-1.54531;-1.54084;-1.53547;-1.52878;-1.52068;-1.51055;-1.49815;-1.48283;-1.46401;-1.44075;-1.41205;-1.37655;-1.33255;-1.27788;-1.20969;-1.12406;-1.01608;-0.878593;-0.702408
