0;1743412439593;20;absz;1.95309e+08;1.41334e+08;1.02207e+08;7.39379e+07;5.34878e+07;3.87111e+07;2.79752e+07;2.02288e+07;1.46263e+07;1.05748e+07;7.64517e+06;5.52681e+06;3.995e+06;2.88739e+06;2.08676e+06;1.50802e+06;1.08978e+06;787536;569115;411284
0;1743412439593;20;frequency;9.999999974752427;13.86918846435492;19.23543905490988;26.67799336109056;37.00021196095804;51.31629158938722;71.17153245417285;98.70914048804025;136.9015682683994;189.8713664161278;263.3361782500288;365.2259113806622;506.5387032487934;702.5280792305466;974.3494403835484;1351.343611730726;1874.203936580443;2599.368780806799;3605.113577052066;4999.99999995282
0;1743412439593;20;phasez;-1.55475;-1.55322;-1.55479;-1.55496;-1.55536;-1.55589;-1.55631;-1.55656;-1.55677;-1.55689;-1.5569;-1.55683;-1.55658;-1.55606;-1.55515;-1.55373;-1.5516;-1.54853;-1.54423;-1.53822
1;1744183866242;50;absz;9.92779e+06;8.49745e+06;7.2499e+06;6.18732e+06;5.28891e+06;4.50955e+06;3.84785e+06;3.285e+06;2.80281e+06;2.393e+06;2.04167e+06;1.74204e+06;1.48653e+06;1.26836e+06;1.08265e+06;923566;788272;672700;574022;489840;418043;356753;304450;259823;221750;189255;161530;137870;117678;100445;85739;73187.9;62475.9;53333.9;45530.7;38869.5;33182.6;28327.1;24181.7;20641.9;17618.6;15036.4;12830.2;10944.7;9332.66;7954.07;6774.1;5763.32;4896.44;4151.83
1;1744183866242;50;frequency;199.9999999213742;234.625769479635;275.2462588517801;322.8993264769997;378.802514688914;444.3841576318164;521.3198749487447;611.5753842550475;717.456725922716;841.6691823498468;987.3863981368913;1158.33146786315;1358.872060208682;1594.132014446359;1870.122253535556;2193.894364737048;2573.720768452858;3019.306079821149;3542.035062906734;4155.263512473084;4874.659497176026;5718.603679767398;6708.658946337209;7870.121340545211;9232.666380967203;10831.10727442716;12706.28439819177;14906.10877695531;17486.78621595445;20514.25336674129;24065.86241733066;28232.35745111674;33120.19296963342;38854.25382030405;45581.04601983359;53472.44000269313;62730.06193403319;73590.44528463698;86331.07429211862;101277.4737211686;118811.5260634959;139381.228686517;163512.140226203;191820.8086789974;225030.524286467;263989.7996954232;309694.0495706946;363311.0235703185;426210.642505751;499999.9999999716
1;1744183866242;50;phasez;-1.56;-1.55846;-1.55977;-1.55973;-1.55902;-1.55833;-1.5588;-1.55887;-1.55892;-1.55936;-1.55912;-1.55896;-1.55904;-1.55896;-1.55888;-1.55878;-1.55865;-1.5585;-1.55824;-1.55799;-1.55769;-1.55735;-1.55692;-1.55641;-1.55586;-1.55521;-1.55447;-1.55361;-1.55265;-1.55158;-1.55032;-1.54891;-1.54729;-1.54544;-1.54334;-1.54093;-1.53816;-1.53495;-1.53125;-1.52695;-1.52196;-1.51614;-1.50934;-1.50139;-1.49207;-1.48111;-1.4682;-1.45294;-1.43479;-1.4131
2;1744954251066;50;absz;103508;92574.3;82768.8;74005.3;66185.9;59169.8;52915.6;47320.5;42317.8;37840;33839.5;30260.9;27058.9;24199.7;21641.6;19354.2;17309.8;15481.5;13846.6;12384.6;11077.2;9907.93;8861.79;7926.17;7089.73;6341.5;5672.15;5073.56;4538.17;4059.17;3630.64;3247.33;2904.32;2597.39;2322.79;2077.13;1857.26;1660.48;1484.38;1326.79;1185.77;1059.54;946.602;845.574;755.396;674.894;603.22;539.676;483.664;434.806
2;1744954251066;50;frequency;20000.00000002444;22385.53853899816;25055.61678390222;28044.17375656954;31389.19662092121;35133.2035329932;39323.78408414649;44014.2042055669;49264.08322518227;55140.1516811012;61717.09952482729;69078.52549602467;77317.99973512921;86540.25314108083;96862.50859274992;108415.9709538568;121347.4948009008;135821.4510731415;152021.8163702936;170154.5114554648;190450.0186878266;213166.3116533389;238592.1342356312;267050.6708003728;298903.6541519141;334555.9634717432;374460.7706856584;419125.3006744233;469117.2785435782;525072.1459047724;587701.13789258;657800.3235824071;736260.7247225839;824079.6413975459;922373.3285811875;1032391.184709951;1155531.632626961;1293359.894754076;1447627.888434013;1620296.494325686;1813560.480908265;2029876.401899315;2271993.821195295;2542990.262224833;2846310.325953354;3185809.474764127;3565803.038745301;3991121.067296888;4467169.723268114;4999999.999999929
2;1744954251066;50;phasez;-1.55547;-1.55482;-1.55428;-1.55366;-1.55278;-1.55204;-1.55117;-1.55019;-1.54903;-1.54798;-1.54653;-1.5451;-1.54347;-1.5417;-1.53959;-1.53739;-1.53492;-1.53205;-1.52896;-1.52556;-1.52174;-1.51749;-1.51278;-1.50753;-1.50173;-1.49518;-1.48795;-1.47982;-1.47079;-1.46068;-1.44941;-1.43679;-1.42267;-1.40687;-1.38919;-1.36935;-1.34711;-1.32214;-1.29409;-1.26253;-1.22701;-1.18696;-1.14173;-1.09055;-1.03247;-0.966543;-0.891421;-0.805667;-0.707568;-0.595213
3;1745270371117;20;absz;21062.4;17181.7;14014.3;11427.5;9320.27;7602.53;6200.61;5057.6;4125.04;3364.46;2743.84;2237.04;1823.24;1485.59;1209.68;984.399;800.503;650.852;529.867;433.743
3;1745270371117;20;frequency;99999.99999990905;122862.535599424;150952.0265389597;185463.4873444638;227865.1431623047;279960.8926363817;343967.05137965;422606.6409511731;519225.2346839865;637933.2888043621;783781.0140572543;962973.2274171232;1183133.324347452;1453627.601814205;1785963.729760951;2194280.323268956;2695948.443325946;3312310.615921419;4069588.809647371;4999999.999999929
3;1745270371117;20;phasez;-1.53864;-1.5347;-1.52996;-1.52429;-1.51723;-1.50865;-1.49819;-1.48536;-1.46967;-1.45037;-1.42669;-1.39751;-1.36152;-1.31699;-1.26175;-1.19291;-1.10655;-0.997613;-0.858845;-0.680791
