0;7250284887893;20;absz;1.38269e+08;1.00816e+08;7.3454e+07;5.34938e+07;3.89235e+07;2.8331e+07;2.06069e+07;1.49853e+07;1.0897e+07;7.92214e+06;5.75851e+06;4.18527e+06;3.04148e+06;2.2099e+06;1.60552e+06;1.16627e+06;847093;615149;446637;324220
0;7250284887893;20;frequency;9.999999974752427;13.86918846435492;19.23543905490988;26.67799336109056;37.00021196095804;51.31629158938722;71.17153245417285;98.70914048804025;136.9015682683994;189.8713664161278;263.3361782500288;365.2259113806622;506.5387032487934;702.5280792305466;974.3494403835484;1351.343611730726;1874.203936580443;2599.368780806799;3605.113577052066;4999.99999995282
0;7250284887893;20;phasez;-1.51395;-1.51723;-1.51955;-1.52191;-1.52396;-1.52538;-1.52707;-1.52816;-1.52911;-1.52989;-1.5305;-1.53088;-1.53108;-1.53101;-1.5306;-1.52976;-1.52827;-1.52598;-1.5225;-1.51739
1;7251052377876;50;absz;7.4746e+06;6.38835e+06;5.47159e+06;4.67885e+06;4.00325e+06;3.42755e+06;2.93175e+06;2.50941e+06;2.14598e+06;1.83647e+06;1.57087e+06;1.34428e+06;1.14971e+06;983634;841402;719789;615627;526568;450364;385215;329461;281761;240946;206053;176207;150677;128844;110171;94202.9;80549.8;68872.1;58888.2;50350.5;43049.3;36806.3;31466.7;26901.1;22996.4;19656.8;16800.5;14357;12266.6;10478.1;8947.45;7636.98;6514.75;5553.11;4728.14;4019.92;3410.87
1;7251052377876;50;frequency;199.9999999213742;234.625769479635;275.2462588517801;322.8993264769997;378.802514688914;444.3841576318164;521.3198749487447;611.5753842550475;717.456725922716;841.6691823498468;987.3863981368913;1158.33146786315;1358.872060208682;1594.132014446359;1870.122253535556;2193.894364737048;2573.720768452858;3019.306079821149;3542.035062906734;4155.263512473084;4874.659497176026;5718.603679767398;6708.658946337209;7870.121340545211;9232.666380967203;10831.10727442716;12706.28439819177;14906.10877695531;17486.78621595445;20514.25336674129;24065.86241733066;28232.35745111674;33120.19296963342;38854.25382030405;45581.04601983359;53472.44000269313;62730.06193403319;73590.44528463698;86331.07429211862;101277.4737211686;118811.5260634959;139381.228686517;163512.140226203;191820.8086789974;225030.524286467;263989.7996954232;309694.0495706946;363311.0235703185;426210.642505751;499999.9999999716
1;7251052377876;50;phasez;-1.53076;-1.53237;-1.52965;-1.53191;-1.53281;-1.53304;-1.5329;-1.53396;-1.53386;-1.53419;-1.53458;-1.53472;-1.53509;-1.53533;-1.5356;-1.53581;-1.53613;-1.53635;-1.53649;-1.53665;-1.53681;-1.53686;-1.5369;-1.53687;-1.53676;-1.53657;-1.53629;-1.53593;-1.53542;-1.5348;-1.53402;-1.53308;-1.53194;-1.53058;-1.52896;-1.52705;-1.52478;-1.5221;-1.51892;-1.51516;-1.5107;-1.50543;-1.49918;-1.49179;-1.48303;-1.47265;-1.46031;-1.44563;-1.42808;-1.40699
2;7251821584797;50;absz;82989.8;74303.7;66506.6;59551.9;53315.5;47718.6;42720.5;38241.1;34230.3;30648.6;27429;24553;21979.4;19673.8;17611.1;15763.4;14109.5;12629.5;11304.2;10118.4;9056.56;8105.13;7254.66;6493.28;5811.32;5200.99;4654.63;4165.51;3727.62;3335.61;2984.65;2670.49;2389.19;2137.31;1911.75;1709.79;1528.91;1366.94;1221.85;1091.9;975.48;871.247;777.891;694.306;619.576;552.781;493.207;440.287;393.493;352.498
2;7251821584797;50;frequency;20000.00000002444;22385.53853899816;25055.61678390222;28044.17375656954;31389.19662092121;35133.2035329932;39323.78408414649;44014.2042055669;49264.08322518227;55140.1516811012;61717.09952482729;69078.52549602467;77317.99973512921;86540.25314108083;96862.50859274992;108415.9709538568;121347.4948009008;135821.4510731415;152021.8163702936;170154.5114554648;190450.0186878266;213166.3116533389;238592.1342356312;267050.6708003728;298903.6541519141;334555.9634717432;374460.7706856584;419125.3006744233;469117.2785435782;525072.1459047724;587701.13789258;657800.3235824071;736260.7247225839;824079.6413975459;922373.3285811875;1032391.184709951;1155531.632626961;1293359.894754076;1447627.888434013;1620296.494325686;1813560.480908265;2029876.401899315;2271993.821195295;2542990.262224833;2846310.325953354;3185809.474764127;3565803.038745301;3991121.067296888;4467169.723268114;4999999.999999929
2;7251821584797;50;phasez;-1.5385;-1.53827;-1.53809;-1.53764;-1.53741;-1.53694;-1.5363;-1.5357;-1.53495;-1.53412;-1.5332;-1.53201;-1.53078;-1.52928;-1.52767;-1.52577;-1.52362;-1.52119;-1.51849;-1.51552;-1.51205;-1.50826;-1.50392;-1.49907;-1.49363;-1.48754;-1.48071;-1.47303;-1.46441;-1.45474;-1.44389;-1.43173;-1.41807;-1.40273;-1.38551;-1.36617;-1.3444;-1.31991;-1.29235;-1.26128;-1.22623;-1.18665;-1.14188;-1.09114;-1.03347;-0.967919;-0.893114;-0.80761;-0.709662;-0.597302
3;7252140209563;20;absz;17148.1;14008.1;11438.1;9341.6;7629.34;6229.36;5086.83;4152.96;3390.34;2767.17;2257.84;1841.39;1501.28;1222.97;995.395;809.229;657.013;532.868;432.164;351.674
3;7252140209563;20;frequency;99999.99999990905;122862.535599424;150952.0265389597;185463.4873444638;227865.1431623047;279960.8926363817;343967.05137965;422606.6409511731;519225.2346839865;637933.2888043621;783781.0140572543;962973.2274171232;1183133.324347452;1453627.601814205;1785963.729760951;2194280.323268956;2695948.443325946;3312310.615921419;4069588.809647371;4999999.999999929
3;7252140209563;20;phasez;-1.52675;-1.52356;-1.51958;-1.51455;-1.50824;-1.50036;-1.49067;-1.47858;-1.46367;-1.44521;-1.42232;-1.394;-1.35889;-1.31525;-1.26088;-1.1929;-1.10738;-0.999108;-0.86083;-0.682927
