0;6173459269964;20;absz;1.41099e+08;1.02707e+08;7.47945e+07;5.44385e+07;3.96073e+07;2.87979e+07;2.09534e+07;1.52351e+07;1.10757e+07;8.05068e+06;5.85121e+06;4.25213e+06;3.08968e+06;2.24465e+06;1.63053e+06;1.18421e+06;859880;624284;453162;328884
0;6173459269964;20;frequency;9.999999974752427;13.86918846435492;19.23543905490988;26.67799336109056;37.00021196095804;51.31629158938722;71.17153245417285;98.70914048804025;136.9015682683994;189.8713664161278;263.3361782500288;365.2259113806622;506.5387032487934;702.5280792305466;974.3494403835484;1351.343611730726;1874.203936580443;2599.368780806799;3605.113577052066;4999.99999995282
0;6173459269964;20;phasez;-1.51871;-1.52148;-1.52284;-1.52476;-1.52616;-1.52761;-1.52863;-1.52957;-1.53037;-1.53098;-1.53144;-1.53175;-1.53192;-1.53189;-1.53153;-1.53074;-1.52931;-1.52702;-1.52353;-1.5184
1;6174227699581;50;absz;7.57104e+06;6.49955e+06;5.55322e+06;4.74965e+06;4.0684e+06;3.47891e+06;2.97662e+06;2.54812e+06;2.17943e+06;1.86473e+06;1.59564e+06;1.36449e+06;1.16752e+06;998473;854076;730410;624771;534336;456959;390797;334210;285784;244379;208964;178680;152780;130629;111687;95489.8;81638.6;69797.4;59670.9;51013.9;43610.9;37282.2;31870;27242.2;23284.7;19900.7;17007;14531.8;12414.8;10603.6;9053.51;7727.06;6591.09;5617.62;4782.8;4066.06;3449.72
1;6174227699581;50;frequency;199.9999999213742;234.625769479635;275.2462588517801;322.8993264769997;378.802514688914;444.3841576318164;521.3198749487447;611.5753842550475;717.456725922716;841.6691823498468;987.3863981368913;1158.33146786315;1358.872060208682;1594.132014446359;1870.122253535556;2193.894364737048;2573.720768452858;3019.306079821149;3542.035062906734;4155.263512473084;4874.659497176026;5718.603679767398;6708.658946337209;7870.121340545211;9232.666380967203;10831.10727442716;12706.28439819177;14906.10877695531;17486.78621595445;20514.25336674129;24065.86241733066;28232.35745111674;33120.19296963342;38854.25382030405;45581.04601983359;53472.44000269313;62730.06193403319;73590.44528463698;86331.07429211862;101277.4737211686;118811.5260634959;139381.228686517;163512.140226203;191820.8086789974;225030.524286467;263989.7996954232;309694.0495706946;363311.0235703185;426210.642505751;499999.9999999716
1;6174227699581;50;phasez;-1.53;-1.53406;-1.53088;-1.53274;-1.53336;-1.5337;-1.5347;-1.53458;-1.53471;-1.53513;-1.53522;-1.53582;-1.536;-1.53624;-1.53671;-1.53685;-1.5372;-1.53737;-1.53755;-1.53762;-1.53778;-1.53786;-1.53787;-1.53784;-1.53775;-1.53757;-1.5373;-1.53694;-1.53646;-1.53587;-1.53509;-1.53417;-1.53305;-1.5317;-1.53008;-1.52818;-1.5259;-1.5232;-1.52001;-1.51622;-1.51175;-1.50645;-1.50018;-1.49276;-1.48399;-1.47359;-1.46125;-1.44657;-1.42904;-1.40797
2;6174995982235;50;absz;84097.4;75275.7;67401.8;60324.8;54002;48342.6;43272.2;38736.7;34669.9;31031.7;27775.2;24860.6;22250;19915.6;17824.9;15953.7;14279.8;12780.1;11438.4;10238;9162.58;8200.42;7339.2;6568.26;5878.19;5260.76;4707.76;4212.85;3769.79;3373.12;3018.1;2700.2;2415.59;2160.83;1932.68;1728.37;1545.45;1381.6;1234.89;1103.49;985.785;880.392;786.021;701.519;625.989;558.494;498.3;444.825;397.566;356.168
2;6174995982235;50;frequency;20000.00000002444;22385.53853899816;25055.61678390222;28044.17375656954;31389.19662092121;35133.2035329932;39323.78408414649;44014.2042055669;49264.08322518227;55140.1516811012;61717.09952482729;69078.52549602467;77317.99973512921;86540.25314108083;96862.50859274992;108415.9709538568;121347.4948009008;135821.4510731415;152021.8163702936;170154.5114554648;190450.0186878266;213166.3116533389;238592.1342356312;267050.6708003728;298903.6541519141;334555.9634717432;374460.7706856584;419125.3006744233;469117.2785435782;525072.1459047724;587701.13789258;657800.3235824071;736260.7247225839;824079.6413975459;922373.3285811875;1032391.184709951;1155531.632626961;1293359.894754076;1447627.888434013;1620296.494325686;1813560.480908265;2029876.401899315;2271993.821195295;2542990.262224833;2846310.325953354;3185809.474764127;3565803.038745301;3991121.067296888;4467169.723268114;4999999.999999929
2;6174995982235;50;phasez;-1.53944;-1.53935;-1.53904;-1.53894;-1.53843;-1.53811;-1.5375;-1.53678;-1.5362;-1.5353;-1.5343;-1.53319;-1.53185;-1.53035;-1.52869;-1.52684;-1.5247;-1.52227;-1.51955;-1.51651;-1.51306;-1.5092;-1.50488;-1.50003;-1.49459;-1.4885;-1.48165;-1.47399;-1.46538;-1.45573;-1.44489;-1.43276;-1.41912;-1.40381;-1.38661;-1.36727;-1.34553;-1.32108;-1.29354;-1.26249;-1.22748;-1.18792;-1.14318;-1.09246;-1.03484;-0.969335;-0.894576;-0.809122;-0.711244;-0.598962
3;6175311970375;20;absz;17350.9;14172.4;11570.9;9449.11;7716.63;6299.93;5143.92;4199.25;3427.81;2797.52;2282.36;1861.21;1517.22;1235.82;1005.73;817.545;663.704;538.27;436.547;355.268
3;6175311970375;20;frequency;99999.99999990905;122862.535599424;150952.0265389597;185463.4873444638;227865.1431623047;279960.8926363817;343967.05137965;422606.6409511731;519225.2346839865;637933.2888043621;783781.0140572543;962973.2274171232;1183133.324347452;1453627.601814205;1785963.729760951;2194280.323268956;2695948.443325946;3312310.615921419;4069588.809647371;4999999.999999929
3;6175311970375;20;phasez;-1.52782;-1.52467;-1.52058;-1.51551;-1.50919;-1.50134;-1.49162;-1.47955;-1.46468;-1.44623;-1.42339;-1.39513;-1.36004;-1.31646;-1.26215;-1.19423;-1.10877;-1.00058;-0.862421;-0.684658
