0;3699042182934;20;absz;1.60735e+08;1.16891e+08;8.49114e+07;6.16571e+07;4.47696e+07;3.25049e+07;2.35861e+07;1.71105e+07;1.24111e+07;9.00126e+06;6.52758e+06;4.73254e+06;3.4307e+06;2.48661e+06;1.80209e+06;1.3058e+06;946040;685303;496370;359489
0;3699042182934;20;frequency;9.999999974752427;13.86918846435492;19.23543905490988;26.67799336109056;37.00021196095804;51.31629158938722;71.17153245417285;98.70914048804025;136.9015682683994;189.8713664161278;263.3361782500288;365.2259113806622;506.5387032487934;702.5280792305466;974.3494403835484;1351.343611730726;1874.203936580443;2599.368780806799;3605.113577052066;4999.99999995282
0;3699042182934;20;phasez;-1.53387;-1.53422;-1.53552;-1.53647;-1.53752;-1.53908;-1.53969;-1.54052;-1.5413;-1.5419;-1.54236;-1.54273;-1.54288;-1.5428;-1.54235;-1.54142;-1.53981;-1.53731;-1.53356;-1.5281
1;3699809361246;50;absz;8.46917e+06;7.24539e+06;6.18515e+06;5.2962e+06;4.52703e+06;3.87106e+06;3.30705e+06;2.82523e+06;2.4148e+06;2.0633e+06;1.76274e+06;1.5068e+06;1.28697e+06;1.09969e+06;939557;802841;685889;585946;500584;427679;365343;312107;266629;227765;194571;166218;141998;121303;103629;88526.5;75627.1;64606.7;55191.6;47149.7;40277.8;34406.2;29389.5;25103.3;21440.3;18309.9;15634.7;13347.6;11392.1;9720.06;8289.69;7065.78;6017.7;5119.51;4348.91;3686.81
1;3699809361246;50;frequency;199.9999999213742;234.625769479635;275.2462588517801;322.8993264769997;378.802514688914;444.3841576318164;521.3198749487447;611.5753842550475;717.456725922716;841.6691823498468;987.3863981368913;1158.33146786315;1358.872060208682;1594.132014446359;1870.122253535556;2193.894364737048;2573.720768452858;3019.306079821149;3542.035062906734;4155.263512473084;4874.659497176026;5718.603679767398;6708.658946337209;7870.121340545211;9232.666380967203;10831.10727442716;12706.28439819177;14906.10877695531;17486.78621595445;20514.25336674129;24065.86241733066;28232.35745111674;33120.19296963342;38854.25382030405;45581.04601983359;53472.44000269313;62730.06193403319;73590.44528463698;86331.07429211862;101277.4737211686;118811.5260634959;139381.228686517;163512.140226203;191820.8086789974;225030.524286467;263989.7996954232;309694.0495706946;363311.0235703185;426210.642505751;499999.9999999716
1;3699809361246;50;phasez;-1.5449;-1.54387;-1.54316;-1.54417;-1.54402;-1.54428;-1.54512;-1.54515;-1.5461;-1.54567;-1.5464;-1.54654;-1.54678;-1.54694;-1.54724;-1.54725;-1.54744;-1.54748;-1.54755;-1.54758;-1.54755;-1.54741;-1.54723;-1.54703;-1.54673;-1.54636;-1.54592;-1.54535;-1.5447;-1.54393;-1.543;-1.54193;-1.54068;-1.53922;-1.53752;-1.53553;-1.53319;-1.53045;-1.52723;-1.52344;-1.51897;-1.51369;-1.50746;-1.50009;-1.49137;-1.48103;-1.46875;-1.45413;-1.43664;-1.4156
2;3700577280096;50;absz;91215.6;81626.3;73031;65331.2;58458.4;52291.2;46789.2;41860.1;37454.7;33497.4;29967.3;26808.1;23983;21458.1;19195.7;17173;15362.9;13743.7;12294.1;10998.1;9837.96;8800.55;7872.25;7041.44;6298.42;5633.38;5038.77;4506.43;4030.19;3604.08;3222.89;2881.8;2576.68;2303.57;2059.21;1840.55;1644.94;1469.82;1313.09;1172.84;1047.32;934.998;834.505;744.584;664.29;592.593;528.731;472.053;422.014;378.257
2;3700577280096;50;frequency;20000.00000002444;22385.53853899816;25055.61678390222;28044.17375656954;31389.19662092121;35133.2035329932;39323.78408414649;44014.2042055669;49264.08322518227;55140.1516811012;61717.09952482729;69078.52549602467;77317.99973512921;86540.25314108083;96862.50859274992;108415.9709538568;121347.4948009008;135821.4510731415;152021.8163702936;170154.5114554648;190450.0186878266;213166.3116533389;238592.1342356312;267050.6708003728;298903.6541519141;334555.9634717432;374460.7706856584;419125.3006744233;469117.2785435782;525072.1459047724;587701.13789258;657800.3235824071;736260.7247225839;824079.6413975459;922373.3285811875;1032391.184709951;1155531.632626961;1293359.894754076;1447627.888434013;1620296.494325686;1813560.480908265;2029876.401899315;2271993.821195295;2542990.262224833;2846310.325953354;3185809.474764127;3565803.038745301;3991121.067296888;4467169.723268114;4999999.999999929
2;3700577280096;50;phasez;-1.54764;-1.54734;-1.54698;-1.54661;-1.54625;-1.5455;-1.54507;-1.54438;-1.54359;-1.54254;-1.54169;-1.54044;-1.53905;-1.53757;-1.53586;-1.53405;-1.53196;-1.52953;-1.52687;-1.52379;-1.52041;-1.51658;-1.5123;-1.50748;-1.50205;-1.49602;-1.4892;-1.48155;-1.47297;-1.46334;-1.45253;-1.44037;-1.42673;-1.4114;-1.39416;-1.3748;-1.35302;-1.32851;-1.30091;-1.26982;-1.23475;-1.19514;-1.15034;-1.09958;-1.04193;-0.976397;-0.901654;-0.81626;-0.718478;-0.606361
3;3700893571892;20;absz;18686.1;15248.3;12440.7;10148.2;8279.94;6753.56;5508.23;4492.42;3663.06;2986.44;2433.95;1982.91;1614.82;1314.18;1068.65;868.093;704.445;571.179;463.311;377.324
3;3700893571892;20;frequency;99999.99999990905;122862.535599424;150952.0265389597;185463.4873444638;227865.1431623047;279960.8926363817;343967.05137965;422606.6409511731;519225.2346839865;637933.2888043621;783781.0140572543;962973.2274171232;1183133.324347452;1453627.601814205;1785963.729760951;2194280.323268956;2695948.443325946;3312310.615921419;4069588.809647371;4999999.999999929
3;3700893571892;20;phasez;-1.53501;-1.53182;-1.52787;-1.52283;-1.51654;-1.50877;-1.49913;-1.48715;-1.47228;-1.45387;-1.43099;-1.40267;-1.36754;-1.32384;-1.26942;-1.2014;-1.11585;-1.00764;-0.869547;-0.692009
