0;256618660368;20;absz;2.84054e+08;2.05354e+08;1.48271e+08;1.07184e+08;7.74137e+07;5.59095e+07;4.04131e+07;2.91982e+07;2.10973e+07;1.52447e+07;1.10142e+07;7.95802e+06;5.75003e+06;4.15472e+06;3.00205e+06;2.16906e+06;1.5672e+06;1.1323e+06;818087;591064
0;256618660368;20;frequency;9.999999974752427;13.86918846435492;19.23543905490988;26.67799336109056;37.00021196095804;51.31629158938722;71.17153245417285;98.70914048804025;136.9015682683994;189.8713664161278;263.3361782500288;365.2259113806622;506.5387032487934;702.5280792305466;974.3494403835484;1351.343611730726;1874.203936580443;2599.368780806799;3605.113577052066;4999.99999995282
0;256618660368;20;phasez;-1.56141;-1.56156;-1.56147;-1.56063;-1.56061;-1.56066;-1.56032;-1.56036;-1.56012;-1.55991;-1.55958;-1.55917;-1.55856;-1.55777;-1.55665;-1.55512;-1.55297;-1.54995;-1.54576;-1.53991
1;257389205832;50;absz;1.43594e+07;1.22607e+07;1.04436e+07;8.93389e+06;7.61432e+06;6.48663e+06;5.53523e+06;4.72567e+06;4.03515e+06;3.43874e+06;2.93451e+06;2.50514e+06;2.13785e+06;1.82417e+06;1.55623e+06;1.32811e+06;1.13306e+06;966798;824909;703909;600603;512494;437296;373146;318395;271682;231821;197820;168801;144050;122926;104901;89519;76392.6;65191.9;55632.9;47474.3;40511.3;34567.5;29493.7;25161.6;21463;18303.8;15605.2;13299;11327.5;9640.89;8196.77;6959.05;5896.45
1;257389205832;50;frequency;199.9999999213742;234.625769479635;275.2462588517801;322.8993264769997;378.802514688914;444.3841576318164;521.3198749487447;611.5753842550475;717.456725922716;841.6691823498468;987.3863981368913;1158.33146786315;1358.872060208682;1594.132014446359;1870.122253535556;2193.894364737048;2573.720768452858;3019.306079821149;3542.035062906734;4155.263512473084;4874.659497176026;5718.603679767398;6708.658946337209;7870.121340545211;9232.666380967203;10831.10727442716;12706.28439819177;14906.10877695531;17486.78621595445;20514.25336674129;24065.86241733066;28232.35745111674;33120.19296963342;38854.25382030405;45581.04601983359;53472.44000269313;62730.06193403319;73590.44528463698;86331.07429211862;101277.4737211686;118811.5260634959;139381.228686517;163512.140226203;191820.8086789974;225030.524286467;263989.7996954232;309694.0495706946;363311.0235703185;426210.642505751;499999.9999999716
1;257389205832;50;phasez;-1.55851;-1.56193;-1.56073;-1.55984;-1.56092;-1.56197;-1.56054;-1.56037;-1.56131;-1.56077;-1.56071;-1.56039;-1.5606;-1.56042;-1.56054;-1.56002;-1.56012;-1.55992;-1.5598;-1.55965;-1.55941;-1.55916;-1.55883;-1.55841;-1.55796;-1.55746;-1.55684;-1.55615;-1.55534;-1.55441;-1.55335;-1.55211;-1.55067;-1.54902;-1.5471;-1.54489;-1.54233;-1.53935;-1.53587;-1.53181;-1.52706;-1.5215;-1.51497;-1.50729;-1.49825;-1.48759;-1.47497;-1.46001;-1.44218;-1.42081
2;258158057254;50;absz;148429;132844;118726;106063;94839.7;84790.7;75794.3;67763.6;60572.6;54156.5;48417.8;43285;38689.5;34592.3;30923.2;27647.6;24717.5;22100.1;19756.7;17663.5;15792.5;14120;12624.8;11286.1;10091;9021.48;8065.98;7211.18;6447.03;5763.63;5152.54;4606.2;4117.49;3680.57;3289.9;2940.46;2627.96;2348.53;2098.68;1875.28;1675.57;1497.03;1337.46;1194.89;1067.99;954.862;854.397;765.614;687.684;620.129
2;258158057254;50;frequency;20000.00000002444;22385.53853899816;25055.61678390222;28044.17375656954;31389.19662092121;35133.2035329932;39323.78408414649;44014.2042055669;49264.08322518227;55140.1516811012;61717.09952482729;69078.52549602467;77317.99973512921;86540.25314108083;96862.50859274992;108415.9709538568;121347.4948009008;135821.4510731415;152021.8163702936;170154.5114554648;190450.0186878266;213166.3116533389;238592.1342356312;267050.6708003728;298903.6541519141;334555.9634717432;374460.7706856584;419125.3006744233;469117.2785435782;525072.1459047724;587701.13789258;657800.3235824071;736260.7247225839;824079.6413975459;922373.3285811875;1032391.184709951;1155531.632626961;1293359.894754076;1447627.888434013;1620296.494325686;1813560.480908265;2029876.401899315;2271993.821195295;2542990.262224833;2846310.325953354;3185809.474764127;3565803.038745301;3991121.067296888;4467169.723268114;4999999.999999929
2;258158057254;50;phasez;-1.55796;-1.55745;-1.55748;-1.55651;-1.55627;-1.55554;-1.55471;-1.55388;-1.55285;-1.55189;-1.55057;-1.54936;-1.548;-1.54624;-1.54436;-1.5423;-1.53993;-1.53736;-1.53448;-1.53129;-1.52767;-1.5236;-1.51907;-1.51405;-1.50842;-1.50212;-1.49508;-1.48719;-1.47839;-1.46854;-1.45749;-1.44511;-1.43125;-1.41572;-1.39828;-1.37872;-1.35676;-1.33207;-1.30433;-1.27308;-1.23788;-1.19819;-1.15335;-1.10258;-1.04492;-0.979525;-0.904995;-0.819942;-0.722692;-0.611371
3;258477877526;20;absz;30098.6;24532.3;19997.7;16300.8;13284.8;10824.3;8821.18;7189.16;5857.16;4773.13;3888.34;3167.58;2579.52;2100.04;1709.16;1390.7;1131.34;921.095;751.913;618.555
3;258477877526;20;frequency;99999.99999990905;122862.535599424;150952.0265389597;185463.4873444638;227865.1431623047;279960.8926363817;343967.05137965;422606.6409511731;519225.2346839865;637933.2888043621;783781.0140572543;962973.2274171232;1183133.324347452;1453627.601814205;1785963.729760951;2194280.323268956;2695948.443325946;3312310.615921419;4069588.809647371;4999999.999999929
3;258477877526;20;phasez;-1.5434;-1.53985;-1.53543;-1.5301;-1.52341;-1.5152;-1.50516;-1.49273;-1.47745;-1.4586;-1.43535;-1.40667;-1.37118;-1.32719;-1.27253;-1.20434;-1.1187;-1.0107;-0.873133;-0.696825
