0;7797223632802;20;absz;1.37408e+08;1.00185e+08;7.30346e+07;5.31824e+07;3.87159e+07;2.81902e+07;2.05007e+07;1.49115e+07;1.0843e+07;7.88373e+06;5.7312e+06;4.16572e+06;3.02743e+06;2.19991e+06;1.59833e+06;1.16115e+06;843364;612487;444737;322870
0;7797223632802;20;frequency;9.999999974752427;13.86918846435492;19.23543905490988;26.67799336109056;37.00021196095804;51.31629158938722;71.17153245417285;98.70914048804025;136.9015682683994;189.8713664161278;263.3361782500288;365.2259113806622;506.5387032487934;702.5280792305466;974.3494403835484;1351.343611730726;1874.203936580443;2599.368780806799;3605.113577052066;4999.99999995282
0;7797223632802;20;phasez;-1.51201;-1.51539;-1.51841;-1.52106;-1.52283;-1.52484;-1.52622;-1.52755;-1.52859;-1.5294;-1.53002;-1.53047;-1.5307;-1.53065;-1.53026;-1.52943;-1.52796;-1.52565;-1.52216;-1.51705
1;7797993680942;50;absz;7.43146e+06;6.34381e+06;5.43239e+06;4.65844e+06;3.98435e+06;3.41026e+06;2.91743e+06;2.4984e+06;2.13752e+06;1.8277e+06;1.56401e+06;1.33792e+06;1.14466e+06;979179;837654;716579;612956;524342;448480;383591;328080;280587;239967;205216;175497;150078;128335;109741;93838.9;80240.3;68610.7;58664.8;50161.6;42889.8;36671;31352.5;26804.2;22914.4;19587.7;16741.7;14307.4;12224.8;10442.6;8917.48;7611.57;6493.19;5534.78;4712.75;4006.91;3399.89
1;7797993680942;50;frequency;199.9999999213742;234.625769479635;275.2462588517801;322.8993264769997;378.802514688914;444.3841576318164;521.3198749487447;611.5753842550475;717.456725922716;841.6691823498468;987.3863981368913;1158.33146786315;1358.872060208682;1594.132014446359;1870.122253535556;2193.894364737048;2573.720768452858;3019.306079821149;3542.035062906734;4155.263512473084;4874.659497176026;5718.603679767398;6708.658946337209;7870.121340545211;9232.666380967203;10831.10727442716;12706.28439819177;14906.10877695531;17486.78621595445;20514.25336674129;24065.86241733066;28232.35745111674;33120.19296963342;38854.25382030405;45581.04601983359;53472.44000269313;62730.06193403319;73590.44528463698;86331.07429211862;101277.4737211686;118811.5260634959;139381.228686517;163512.140226203;191820.8086789974;225030.524286467;263989.7996954232;309694.0495706946;363311.0235703185;426210.642505751;499999.9999999716
1;7797993680942;50;phasez;-1.52797;-1.5311;-1.53191;-1.53089;-1.53231;-1.53166;-1.53306;-1.53321;-1.53354;-1.53379;-1.5343;-1.53461;-1.53485;-1.53509;-1.53528;-1.53555;-1.53571;-1.53598;-1.53618;-1.53636;-1.53644;-1.53651;-1.53654;-1.5365;-1.5364;-1.53621;-1.53594;-1.53556;-1.53506;-1.53442;-1.53365;-1.53272;-1.53158;-1.53022;-1.5286;-1.52669;-1.52443;-1.52175;-1.51857;-1.51481;-1.51036;-1.50509;-1.49885;-1.49146;-1.48271;-1.47232;-1.45999;-1.44531;-1.42776;-1.40666
2;7798761532291;50;absz;82623.6;73980;66228.3;59300;53087.3;47529.8;42550.7;38087.6;34097.9;30519.7;27325.1;24456.2;21893.5;19599.3;17542.4;15702.2;14057.3;12582.1;11262.6;10080.8;9023.49;8076.47;7228.67;6469.85;5790.61;5182.64;4638.38;4150.97;3714.74;3324.18;2974.48;2661.41;2381.11;2130.13;1905.38;1704.14;1523.9;1362.49;1217.9;1088.4;972.397;868.502;775.446;692.115;617.642;551.073;491.697;438.925;392.276;351.41
2;7798761532291;50;frequency;20000.00000002444;22385.53853899816;25055.61678390222;28044.17375656954;31389.19662092121;35133.2035329932;39323.78408414649;44014.2042055669;49264.08322518227;55140.1516811012;61717.09952482729;69078.52549602467;77317.99973512921;86540.25314108083;96862.50859274992;108415.9709538568;121347.4948009008;135821.4510731415;152021.8163702936;170154.5114554648;190450.0186878266;213166.3116533389;238592.1342356312;267050.6708003728;298903.6541519141;334555.9634717432;374460.7706856584;419125.3006744233;469117.2785435782;525072.1459047724;587701.13789258;657800.3235824071;736260.7247225839;824079.6413975459;922373.3285811875;1032391.184709951;1155531.632626961;1293359.894754076;1447627.888434013;1620296.494325686;1813560.480908265;2029876.401899315;2271993.821195295;2542990.262224833;2846310.325953354;3185809.474764127;3565803.038745301;3991121.067296888;4467169.723268114;4999999.999999929
2;7798761532291;50;phasez;-1.53811;-1.53795;-1.53755;-1.53725;-1.537;-1.53662;-1.53607;-1.53537;-1.53458;-1.53379;-1.53278;-1.53165;-1.53044;-1.52899;-1.52729;-1.52544;-1.52335;-1.52091;-1.51824;-1.51518;-1.51173;-1.50793;-1.50363;-1.49876;-1.49334;-1.48722;-1.48038;-1.47269;-1.46408;-1.45442;-1.44357;-1.4314;-1.41773;-1.40239;-1.38515;-1.36579;-1.34402;-1.31953;-1.29196;-1.26088;-1.22582;-1.18623;-1.14144;-1.0907;-1.03301;-0.96744;-0.892619;-0.807084;-0.70911;-0.596715
3;7799077859916;20;absz;17074.4;13950.7;11392.9;9305.14;7599.91;6205.79;5067.76;4137.53;3377.88;2757.17;2249.81;1834.96;1496.07;1218.78;992.044;806.542;654.863;531.13;430.75;350.522
3;7799077859916;20;frequency;99999.99999990905;122862.535599424;150952.0265389597;185463.4873444638;227865.1431623047;279960.8926363817;343967.05137965;422606.6409511731;519225.2346839865;637933.2888043621;783781.0140572543;962973.2274171232;1183133.324347452;1453627.601814205;1785963.729760951;2194280.323268956;2695948.443325946;3312310.615921419;4069588.809647371;4999999.999999929
3;7799077859916;20;phasez;-1.52638;-1.52328;-1.51927;-1.51417;-1.50791;-1.50005;-1.49033;-1.4783;-1.46334;-1.44486;-1.42199;-1.39365;-1.35852;-1.31486;-1.26048;-1.19248;-1.10693;-0.998627;-0.860311;-0.68237
