0;5531801984196;20;absz;1.44007e+08;1.04788e+08;7.62391e+07;5.54805e+07;4.03509e+07;2.9359e+07;2.13347e+07;1.55091e+07;1.12727e+07;8.19264e+06;5.9528e+06;4.32497e+06;3.1418e+06;2.28187e+06;1.65703e+06;1.20307e+06;873347;633888;460017;333778
0;5531801984196;20;frequency;9.999999974752427;13.86918846435492;19.23543905490988;26.67799336109056;37.00021196095804;51.31629158938722;71.17153245417285;98.70914048804025;136.9015682683994;189.8713664161278;263.3361782500288;365.2259113806622;506.5387032487934;702.5280792305466;974.3494403835484;1351.343611730726;1874.203936580443;2599.368780806799;3605.113577052066;4999.99999995282
0;5531801984196;20;phasez;-1.52186;-1.5237;-1.52571;-1.52685;-1.52824;-1.52913;-1.53;-1.53096;-1.53164;-1.53221;-1.5327;-1.53306;-1.53325;-1.53322;-1.53289;-1.53207;-1.53062;-1.5283;-1.52476;-1.5196
1;5532572539592;50;absz;7.71056e+06;6.6143e+06;5.65748e+06;4.83696e+06;4.13774e+06;3.53766e+06;3.02867e+06;2.58969e+06;2.2163e+06;1.89596e+06;1.62108e+06;1.38648e+06;1.18607e+06;1.01431e+06;867418;741865;634392;542488;463917;396662;339179;290004;247956;212001;181250;154964;132481;113256;96821.9;82768.9;70753.4;60482;51700;44192;37774.2;32286.9;27595.3;23584;20154.5;17221.7;14714;12569.3;10734.6;9164.82;7821.4;6671.03;5685.2;4839.93;4114.25;3490.34
1;5532572539592;50;frequency;199.9999999213742;234.625769479635;275.2462588517801;322.8993264769997;378.802514688914;444.3841576318164;521.3198749487447;611.5753842550475;717.456725922716;841.6691823498468;987.3863981368913;1158.33146786315;1358.872060208682;1594.132014446359;1870.122253535556;2193.894364737048;2573.720768452858;3019.306079821149;3542.035062906734;4155.263512473084;4874.659497176026;5718.603679767398;6708.658946337209;7870.121340545211;9232.666380967203;10831.10727442716;12706.28439819177;14906.10877695531;17486.78621595445;20514.25336674129;24065.86241733066;28232.35745111674;33120.19296963342;38854.25382030405;45581.04601983359;53472.44000269313;62730.06193403319;73590.44528463698;86331.07429211862;101277.4737211686;118811.5260634959;139381.228686517;163512.140226203;191820.8086789974;225030.524286467;263989.7996954232;309694.0495706946;363311.0235703185;426210.642505751;499999.9999999716
1;5532572539592;50;phasez;-1.53486;-1.53285;-1.53476;-1.53342;-1.53474;-1.53501;-1.53581;-1.53569;-1.536;-1.53651;-1.53666;-1.53693;-1.53758;-1.53778;-1.53792;-1.5381;-1.53836;-1.53859;-1.53873;-1.53893;-1.539;-1.53906;-1.53909;-1.53904;-1.53893;-1.53876;-1.53848;-1.53811;-1.53764;-1.53701;-1.53625;-1.53532;-1.53419;-1.53283;-1.53122;-1.5293;-1.52701;-1.5243;-1.52109;-1.51728;-1.51279;-1.50748;-1.5012;-1.49378;-1.48501;-1.47463;-1.46232;-1.44767;-1.43017;-1.40914
2;5533344829951;50;absz;85266;76333.3;68335.8;61162.1;54753;48998.1;43852.8;39254.7;35127.8;31439.5;28137.4;25183.9;22536.9;20170.5;18052.2;16156.4;14460.1;12940.9;11581.4;10365;9276.15;8301.37;7429;6648.42;5949.47;5324.07;4764.18;4263.05;3814.43;3412.88;3053.45;2731.66;2443.5;2185.59;1954.64;1747.87;1562.75;1396.97;1248.53;1115.59;996.535;889.923;794.495;709.057;632.696;564.464;503.622;449.586;401.826;360.003
2;5533344829951;50;frequency;20000.00000002444;22385.53853899816;25055.61678390222;28044.17375656954;31389.19662092121;35133.2035329932;39323.78408414649;44014.2042055669;49264.08322518227;55140.1516811012;61717.09952482729;69078.52549602467;77317.99973512921;86540.25314108083;96862.50859274992;108415.9709538568;121347.4948009008;135821.4510731415;152021.8163702936;170154.5114554648;190450.0186878266;213166.3116533389;238592.1342356312;267050.6708003728;298903.6541519141;334555.9634717432;374460.7706856584;419125.3006744233;469117.2785435782;525072.1459047724;587701.13789258;657800.3235824071;736260.7247225839;824079.6413975459;922373.3285811875;1032391.184709951;1155531.632626961;1293359.894754076;1447627.888434013;1620296.494325686;1813560.480908265;2029876.401899315;2271993.821195295;2542990.262224833;2846310.325953354;3185809.474764127;3565803.038745301;3991121.067296888;4467169.723268114;4999999.999999929
2;5533344829951;50;phasez;-1.54079;-1.54057;-1.54024;-1.5398;-1.53942;-1.53916;-1.53861;-1.53796;-1.53735;-1.53639;-1.53552;-1.53425;-1.53301;-1.53147;-1.52987;-1.52787;-1.52575;-1.52332;-1.5206;-1.51752;-1.51407;-1.51026;-1.5059;-1.50108;-1.49566;-1.48956;-1.48275;-1.47509;-1.46651;-1.45688;-1.44609;-1.43397;-1.42036;-1.40507;-1.38789;-1.36858;-1.34688;-1.32245;-1.29494;-1.26394;-1.22896;-1.18944;-1.14474;-1.09407;-1.03651;-0.971082;-0.896412;-0.811058;-0.713312;-0.601172
3;5533662228280;20;absz;17576;14353.1;11718.3;9567.56;7812.51;6377.57;5206.58;4249.95;3468.56;2830.49;2308.8;1882.48;1534.36;1249.6;1016.81;826.459;670.895;544.06;441.243;359.111
3;5533662228280;20;frequency;99999.99999990905;122862.535599424;150952.0265389597;185463.4873444638;227865.1431623047;279960.8926363817;343967.05137965;422606.6409511731;519225.2346839865;637933.2888043621;783781.0140572543;962973.2274171232;1183133.324347452;1453627.601814205;1785963.729760951;2194280.323268956;2695948.443325946;3312310.615921419;4069588.809647371;4999999.999999929
3;5533662228280;20;phasez;-1.52888;-1.52568;-1.5216;-1.51651;-1.51021;-1.50239;-1.49268;-1.48066;-1.46583;-1.44742;-1.42465;-1.39641;-1.36139;-1.31786;-1.26361;-1.19576;-1.1104;-1.00234;-0.864356;-0.686861
