0;5986570554326;20;absz;1.41797e+08;1.0319e+08;7.51285e+07;5.46896e+07;3.97926e+07;2.89467e+07;2.10471e+07;1.53023e+07;1.11236e+07;8.08534e+06;5.87585e+06;4.26988e+06;3.10229e+06;2.25368e+06;1.63688e+06;1.18877e+06;863236;626733;454925;330166
0;5986570554326;20;frequency;9.999999974752427;13.86918846435492;19.23543905490988;26.67799336109056;37.00021196095804;51.31629158938722;71.17153245417285;98.70914048804025;136.9015682683994;189.8713664161278;263.3361782500288;365.2259113806622;506.5387032487934;702.5280792305466;974.3494403835484;1351.343611730726;1874.203936580443;2599.368780806799;3605.113577052066;4999.99999995282
0;5986570554326;20;phasez;-1.51976;-1.52248;-1.52375;-1.5253;-1.52669;-1.52852;-1.52898;-1.52993;-1.5307;-1.5313;-1.53178;-1.53211;-1.53225;-1.53216;-1.53179;-1.53096;-1.52946;-1.52718;-1.52373;-1.51865
1;5987341153058;50;absz;7.62648e+06;6.52754e+06;5.575e+06;4.77044e+06;4.08082e+06;3.49263e+06;2.98984e+06;2.55865e+06;2.18864e+06;1.87218e+06;1.60153e+06;1.36969e+06;1.17209e+06;1.00251e+06;857460;733466;627263;536443;458783;392330;335504;286892;245317;209751;179346;153341;131103;112089;95830.3;81926.7;70040.6;59878.1;51188.6;43758.7;37406.9;31975.4;27331.9;23360.6;19965;17061.4;14578;12454.2;10637;9082.04;7750.98;6611.4;5634.72;4797.23;4078.24;3459.97
1;5987341153058;50;frequency;199.9999999213742;234.625769479635;275.2462588517801;322.8993264769997;378.802514688914;444.3841576318164;521.3198749487447;611.5753842550475;717.456725922716;841.6691823498468;987.3863981368913;1158.33146786315;1358.872060208682;1594.132014446359;1870.122253535556;2193.894364737048;2573.720768452858;3019.306079821149;3542.035062906734;4155.263512473084;4874.659497176026;5718.603679767398;6708.658946337209;7870.121340545211;9232.666380967203;10831.10727442716;12706.28439819177;14906.10877695531;17486.78621595445;20514.25336674129;24065.86241733066;28232.35745111674;33120.19296963342;38854.25382030405;45581.04601983359;53472.44000269313;62730.06193403319;73590.44528463698;86331.07429211862;101277.4737211686;118811.5260634959;139381.228686517;163512.140226203;191820.8086789974;225030.524286467;263989.7996954232;309694.0495706946;363311.0235703185;426210.642505751;499999.9999999716
1;5987341153058;50;phasez;-1.53238;-1.53325;-1.53415;-1.53271;-1.53366;-1.53353;-1.53501;-1.53464;-1.53501;-1.53551;-1.5357;-1.53597;-1.53623;-1.53645;-1.53684;-1.5371;-1.53735;-1.53755;-1.53776;-1.53793;-1.53806;-1.53815;-1.5382;-1.53817;-1.53809;-1.53791;-1.53765;-1.53728;-1.5368;-1.53618;-1.53542;-1.5345;-1.53337;-1.53201;-1.53039;-1.52847;-1.5262;-1.5235;-1.52029;-1.5165;-1.51202;-1.50672;-1.50045;-1.49303;-1.48426;-1.47386;-1.46154;-1.44686;-1.42933;-1.40827
2;5988112427706;50;absz;84414;75561.3;67627.8;60536.2;54190.4;48513.5;43419;38867.2;34784.1;31134.1;27865.5;24942.6;22322.8;19979.3;17882.7;16005;14325;12820.3;11474.6;10269.8;9191.5;8225.87;7361.8;6588.51;5896.3;5276.62;4721.92;4225.46;3781.05;3383.1;3026.97;2708.11;2422.6;2167.02;1938.16;1733.25;1549.79;1385.48;1238.29;1106.51;988.452;882.767;788.128;703.399;627.657;559.987;499.635;446.015;398.633;357.126
2;5988112427706;50;frequency;20000.00000002444;22385.53853899816;25055.61678390222;28044.17375656954;31389.19662092121;35133.2035329932;39323.78408414649;44014.2042055669;49264.08322518227;55140.1516811012;61717.09952482729;69078.52549602467;77317.99973512921;86540.25314108083;96862.50859274992;108415.9709538568;121347.4948009008;135821.4510731415;152021.8163702936;170154.5114554648;190450.0186878266;213166.3116533389;238592.1342356312;267050.6708003728;298903.6541519141;334555.9634717432;374460.7706856584;419125.3006744233;469117.2785435782;525072.1459047724;587701.13789258;657800.3235824071;736260.7247225839;824079.6413975459;922373.3285811875;1032391.184709951;1155531.632626961;1293359.894754076;1447627.888434013;1620296.494325686;1813560.480908265;2029876.401899315;2271993.821195295;2542990.262224833;2846310.325953354;3185809.474764127;3565803.038745301;3991121.067296888;4467169.723268114;4999999.999999929
2;5988112427706;50;phasez;-1.53995;-1.53967;-1.5393;-1.53906;-1.53888;-1.53832;-1.53774;-1.53723;-1.53636;-1.53563;-1.53456;-1.53349;-1.5322;-1.53072;-1.52899;-1.52712;-1.52494;-1.52261;-1.51982;-1.51677;-1.51337;-1.50949;-1.50514;-1.50031;-1.49487;-1.48876;-1.48195;-1.47427;-1.46567;-1.45602;-1.4452;-1.43306;-1.41942;-1.40412;-1.38692;-1.36758;-1.34586;-1.3214;-1.29387;-1.26283;-1.22781;-1.18826;-1.14353;-1.09281;-1.03521;-0.969704;-0.894961;-0.809525;-0.711663;-0.599426
3;5988426778233;20;absz;17410.5;14220.2;11609.9;9479.91;7741.18;6320;5160.19;4212.33;3438.32;2806.02;2289.12;1866.63;1521.6;1239.35;1008.58;819.823;665.561;539.754;437.754;356.263
3;5988426778233;20;frequency;99999.99999990905;122862.535599424;150952.0265389597;185463.4873444638;227865.1431623047;279960.8926363817;343967.05137965;422606.6409511731;519225.2346839865;637933.2888043621;783781.0140572543;962973.2274171232;1183133.324347452;1453627.601814205;1785963.729760951;2194280.323268956;2695948.443325946;3312310.615921419;4069588.809647371;4999999.999999929
3;5988426778233;20;phasez;-1.52813;-1.52495;-1.52082;-1.5158;-1.50945;-1.5016;-1.49189;-1.47988;-1.46498;-1.44653;-1.42371;-1.39543;-1.36036;-1.31679;-1.26248;-1.19456;-1.10911;-1.00093;-0.86279;-0.685079
