0;10057104863846;20;absz;1.3604e+08;9.92039e+07;7.23216e+07;5.26874e+07;3.83671e+07;2.79395e+07;2.03235e+07;1.47868e+07;1.07556e+07;7.82134e+06;5.68675e+06;4.13387e+06;3.00446e+06;2.18335e+06;1.58638e+06;1.15247e+06;837156;608008;441514;320560
0;10057104863846;20;frequency;9.999999974752427;13.86918846435492;19.23543905490988;26.67799336109056;37.00021196095804;51.31629158938722;71.17153245417285;98.70914048804025;136.9015682683994;189.8713664161278;263.3361782500288;365.2259113806622;506.5387032487934;702.5280792305466;974.3494403835484;1351.343611730726;1874.203936580443;2599.368780806799;3605.113577052066;4999.99999995282
0;10057104863846;20;phasez;-1.51024;-1.51361;-1.51653;-1.51898;-1.52148;-1.52366;-1.52502;-1.5264;-1.5276;-1.5286;-1.52935;-1.52988;-1.53019;-1.53022;-1.52986;-1.52901;-1.52756;-1.52522;-1.52171;-1.51656
1;10057875895426;50;absz;7.37812e+06;6.30606e+06;5.39929e+06;4.62285e+06;3.95627e+06;3.38557e+06;2.89641e+06;2.47862e+06;2.12041e+06;1.81417e+06;1.55217e+06;1.32796e+06;1.13604e+06;972112;831431;711331;608493;520507;445255;380833;325745;278602;238281;203785;174286;149044;127463;109001;93211.8;79708.3;68159.9;58284.1;49837.7;42614.8;36438;31155.2;26637.3;22772.9;19467.9;16640.6;14222.3;12152.6;10381.7;8866.06;7568.36;6456.71;5503.95;4686.8;3985.03;3381.53
1;10057875895426;50;frequency;199.9999999213742;234.625769479635;275.2462588517801;322.8993264769997;378.802514688914;444.3841576318164;521.3198749487447;611.5753842550475;717.456725922716;841.6691823498468;987.3863981368913;1158.33146786315;1358.872060208682;1594.132014446359;1870.122253535556;2193.894364737048;2573.720768452858;3019.306079821149;3542.035062906734;4155.263512473084;4874.659497176026;5718.603679767398;6708.658946337209;7870.121340545211;9232.666380967203;10831.10727442716;12706.28439819177;14906.10877695531;17486.78621595445;20514.25336674129;24065.86241733066;28232.35745111674;33120.19296963342;38854.25382030405;45581.04601983359;53472.44000269313;62730.06193403319;73590.44528463698;86331.07429211862;101277.4737211686;118811.5260634959;139381.228686517;163512.140226203;191820.8086789974;225030.524286467;263989.7996954232;309694.0495706946;363311.0235703185;426210.642505751;499999.9999999716
1;10057875895426;50;phasez;-1.52919;-1.53047;-1.53081;-1.53108;-1.53151;-1.53216;-1.53287;-1.53234;-1.53273;-1.53343;-1.53374;-1.53424;-1.53441;-1.53461;-1.53482;-1.53519;-1.53535;-1.53555;-1.53574;-1.53585;-1.53593;-1.53602;-1.536;-1.53597;-1.53587;-1.53568;-1.53538;-1.53501;-1.53451;-1.53389;-1.53311;-1.53215;-1.53101;-1.52964;-1.52801;-1.52609;-1.52382;-1.52112;-1.51793;-1.51416;-1.5097;-1.50443;-1.49819;-1.4908;-1.48204;-1.47166;-1.45933;-1.44464;-1.42708;-1.40597
2;10058647037942;50;absz;82120;73517.5;65827.8;58944.7;52769.3;47240;42290.1;37856;33896;30340.6;27159.8;24311.2;21765.6;19483;17441.7;15613.2;13977.1;12511.4;11200.4;10025.5;8973.4;8032.03;7189.57;6435.23;5759.78;5155.2;4613.89;4129.36;3695.46;3307.02;2959.27;2647.96;2369.16;2119.51;1896.01;1695.79;1516.53;1355.98;1212.14;1083.31;967.898;864.537;771.949;689.026;614.902;548.647;489.538;437.008;390.56;349.856
2;10058647037942;50;frequency;20000.00000002444;22385.53853899816;25055.61678390222;28044.17375656954;31389.19662092121;35133.2035329932;39323.78408414649;44014.2042055669;49264.08322518227;55140.1516811012;61717.09952482729;69078.52549602467;77317.99973512921;86540.25314108083;96862.50859274992;108415.9709538568;121347.4948009008;135821.4510731415;152021.8163702936;170154.5114554648;190450.0186878266;213166.3116533389;238592.1342356312;267050.6708003728;298903.6541519141;334555.9634717432;374460.7706856584;419125.3006744233;469117.2785435782;525072.1459047724;587701.13789258;657800.3235824071;736260.7247225839;824079.6413975459;922373.3285811875;1032391.184709951;1155531.632626961;1293359.894754076;1447627.888434013;1620296.494325686;1813560.480908265;2029876.401899315;2271993.821195295;2542990.262224833;2846310.325953354;3185809.474764127;3565803.038745301;3991121.067296888;4467169.723268114;4999999.999999929
2;10058647037942;50;phasez;-1.53756;-1.53735;-1.5371;-1.53668;-1.53638;-1.53599;-1.53559;-1.53483;-1.53403;-1.5332;-1.53228;-1.5311;-1.5298;-1.52828;-1.52667;-1.52476;-1.52268;-1.52024;-1.51751;-1.51454;-1.51109;-1.50726;-1.50294;-1.49811;-1.49266;-1.48655;-1.47971;-1.47202;-1.4634;-1.45374;-1.44285;-1.43067;-1.41699;-1.40163;-1.38437;-1.365;-1.34321;-1.31869;-1.29111;-1.26001;-1.22494;-1.18533;-1.14053;-1.08976;-1.03208;-0.966484;-0.891639;-0.806083;-0.70807;-0.595637
3;10058962786362;20;absz;16984.2;13874.6;11331.7;9255.57;7560.17;6173.67;5041.84;4116.85;3361.18;2743.71;2238.95;1826.24;1489.07;1213.23;987.612;803.015;652.029;528.859;428.922;349.024
3;10058962786362;20;frequency;99999.99999990905;122862.535599424;150952.0265389597;185463.4873444638;227865.1431623047;279960.8926363817;343967.05137965;422606.6409511731;519225.2346839865;637933.2888043621;783781.0140572543;962973.2274171232;1183133.324347452;1453627.601814205;1785963.729760951;2194280.323268956;2695948.443325946;3312310.615921419;4069588.809647371;4999999.999999929
3;10058962786362;20;phasez;-1.52578;-1.52258;-1.51849;-1.51354;-1.50721;-1.49937;-1.48967;-1.4776;-1.46264;-1.44415;-1.42124;-1.39286;-1.35769;-1.314;-1.25959;-1.19155;-1.10597;-0.997643;-0.859279;-0.681238
