0;594140399593;20;absz;2.37396e+08;1.71487e+08;1.24097e+08;8.97778e+07;6.49556e+07;4.70145e+07;3.39964e+07;2.45908e+07;1.77918e+07;1.2872e+07;9.31353e+06;6.73915e+06;4.87675e+06;3.52889e+06;2.55363e+06;1.84777e+06;1.33699e+06;967397;699968;506468
0;594140399593;20;frequency;9.999999974752427;13.86918846435492;19.23543905490988;26.67799336109056;37.00021196095804;51.31629158938722;71.17153245417285;98.70914048804025;136.9015682683994;189.8713664161278;263.3361782500288;365.2259113806622;506.5387032487934;702.5280792305466;974.3494403835484;1351.343611730726;1874.203936580443;2599.368780806799;3605.113577052066;4999.99999995282
0;594140399593;20;phasez;-1.55592;-1.5559;-1.55578;-1.55505;-1.55478;-1.55527;-1.55442;-1.55405;-1.55375;-1.55342;-1.55292;-1.55233;-1.55168;-1.55082;-1.54969;-1.54812;-1.54596;-1.5429;-1.53864;-1.53273
1;594910484306;50;absz;1.20915e+07;1.03739e+07;8.84146e+06;7.56414e+06;6.46047e+06;5.50248e+06;4.69899e+06;4.01241e+06;3.42495e+06;2.92629e+06;2.49851e+06;2.13278e+06;1.8217e+06;1.55537e+06;1.32812e+06;1.13401e+06;968210;826790;705931;602779;514749;439511;375321;320489;273676;233699;199574;170428;145543;124292;106148;90651.6;77421.5;66123;56472.9;48230.8;41191.7;35178;30040.9;25652;21902.3;18698.4;15959.6;13618;11615.3;9901.7;8434.47;7177.42;6098.72;5171.99
1;594910484306;50;frequency;199.9999999213742;234.625769479635;275.2462588517801;322.8993264769997;378.802514688914;444.3841576318164;521.3198749487447;611.5753842550475;717.456725922716;841.6691823498468;987.3863981368913;1158.33146786315;1358.872060208682;1594.132014446359;1870.122253535556;2193.894364737048;2573.720768452858;3019.306079821149;3542.035062906734;4155.263512473084;4874.659497176026;5718.603679767398;6708.658946337209;7870.121340545211;9232.666380967203;10831.10727442716;12706.28439819177;14906.10877695531;17486.78621595445;20514.25336674129;24065.86241733066;28232.35745111674;33120.19296963342;38854.25382030405;45581.04601983359;53472.44000269313;62730.06193403319;73590.44528463698;86331.07429211862;101277.4737211686;118811.5260634959;139381.228686517;163512.140226203;191820.8086789974;225030.524286467;263989.7996954232;309694.0495706946;363311.0235703185;426210.642505751;499999.9999999716
1;594910484306;50;phasez;-1.55397;-1.55357;-1.55146;-1.55386;-1.55343;-1.55406;-1.55481;-1.55393;-1.55365;-1.55362;-1.55375;-1.55393;-1.5535;-1.55347;-1.5533;-1.55326;-1.5531;-1.55283;-1.55269;-1.55246;-1.55215;-1.55186;-1.55154;-1.5511;-1.55061;-1.55008;-1.54941;-1.54869;-1.54783;-1.54686;-1.54573;-1.54444;-1.54297;-1.54126;-1.53931;-1.53706;-1.53445;-1.53141;-1.52789;-1.52378;-1.51898;-1.51336;-1.50677;-1.49904;-1.48995;-1.47923;-1.46656;-1.45154;-1.43366;-1.41223
2;595681332248;50;absz;128081;114615;102503;91671.2;82002.1;73349.3;65595.8;58678.2;52495.5;46960.3;42002.1;37572.1;33606.5;30061.7;26891.5;24054.8;21520.3;19250;17220.7;15405.8;13782.2;12328.7;11029.1;9867.08;8826.82;7896.28;7063.76;6319.21;5652.87;5056.76;4523.37;4046.07;3619.04;3236.88;2895.04;2589.03;2315.23;2070.22;1851;1654.81;1479.29;1322.25;1181.82;1056.24;944.242;844.378;755.57;676.986;607.892;547.844
2;595681332248;50;frequency;20000.00000002444;22385.53853899816;25055.61678390222;28044.17375656954;31389.19662092121;35133.2035329932;39323.78408414649;44014.2042055669;49264.08322518227;55140.1516811012;61717.09952482729;69078.52549602467;77317.99973512921;86540.25314108083;96862.50859274992;108415.9709538568;121347.4948009008;135821.4510731415;152021.8163702936;170154.5114554648;190450.0186878266;213166.3116533389;238592.1342356312;267050.6708003728;298903.6541519141;334555.9634717432;374460.7706856584;419125.3006744233;469117.2785435782;525072.1459047724;587701.13789258;657800.3235824071;736260.7247225839;824079.6413975459;922373.3285811875;1032391.184709951;1155531.632626961;1293359.894754076;1447627.888434013;1620296.494325686;1813560.480908265;2029876.401899315;2271993.821195295;2542990.262224833;2846310.325953354;3185809.474764127;3565803.038745301;3991121.067296888;4467169.723268114;4999999.999999929
2;595681332248;50;phasez;-1.55042;-1.55022;-1.54942;-1.54888;-1.54833;-1.54752;-1.54699;-1.54608;-1.5452;-1.5441;-1.54295;-1.54145;-1.53987;-1.53829;-1.53638;-1.53429;-1.5319;-1.5292;-1.52631;-1.52303;-1.51938;-1.51532;-1.51073;-1.50569;-1.49999;-1.4937;-1.48659;-1.47869;-1.46985;-1.45992;-1.44884;-1.43643;-1.42251;-1.40692;-1.38944;-1.36983;-1.34782;-1.32308;-1.29525;-1.26396;-1.2287;-1.18893;-1.14401;-1.09319;-1.03541;-0.969885;-0.895198;-0.809963;-0.712485;-0.600858
3;595997771734;20;absz;26175.9;21357.9;17428.8;14221.8;11600.4;9463.46;7721.47;6298.8;5138.77;4191.55;3418.7;2787.97;2272.81;1852.11;1508.9;1228.67;1000.18;814.537;664.836;546.455
3;595997771734;20;frequency;99999.99999990905;122862.535599424;150952.0265389597;185463.4873444638;227865.1431623047;279960.8926363817;343967.05137965;422606.6409511731;519225.2346839865;637933.2888043621;783781.0140572543;962973.2274171232;1183133.324347452;1453627.601814205;1785963.729760951;2194280.323268956;2695948.443325946;3312310.615921419;4069588.809647371;4999999.999999929
3;595997771734;20;phasez;-1.5353;-1.53175;-1.52719;-1.52187;-1.5151;-1.50686;-1.49671;-1.48426;-1.46885;-1.44997;-1.42662;-1.39784;-1.36224;-1.31815;-1.26337;-1.19505;-1.10926;-1.00104;-0.86317;-0.686327
