0;4549702386410;20;absz;1.51257e+08;1.09941e+08;7.99434e+07;5.81349e+07;4.22548e+07;3.07184e+07;2.23119e+07;1.62093e+07;1.17748e+07;8.55122e+06;6.20908e+06;4.50783e+06;3.27216e+06;2.37467e+06;1.7231e+06;1.25011e+06;906774;657653;476878;345742
0;4549702386410;20;frequency;9.999999974752427;13.86918846435492;19.23543905490988;26.67799336109056;37.00021196095804;51.31629158938722;71.17153245417285;98.70914048804025;136.9015682683994;189.8713664161278;263.3361782500288;365.2259113806622;506.5387032487934;702.5280792305466;974.3494403835484;1351.343611730726;1874.203936580443;2599.368780806799;3605.113577052066;4999.99999995282
0;4549702386410;20;phasez;-1.52731;-1.52925;-1.53039;-1.53101;-1.53182;-1.53294;-1.53361;-1.53432;-1.5351;-1.53567;-1.53621;-1.53663;-1.53688;-1.53687;-1.53652;-1.53573;-1.53429;-1.53199;-1.52848;-1.5233
1;4550470530174;50;absz;8.06294e+06;6.88858e+06;5.89432e+06;5.03854e+06;4.31101e+06;3.68677e+06;3.15471e+06;2.69628e+06;2.30555e+06;1.9719e+06;1.68603e+06;1.4415e+06;1.23222e+06;1.05364e+06;900640;769917;658205;562617;480913;411062;351343;300296;256653;219345;187457;160202;136909;117002;99984.7;85443.4;73015.7;62393.9;53318.2;45561.4;38933.3;33268.5;28426.8;24289.1;20752.5;17729.3;15144.5;12934.3;11044.2;9426.98;8043.31;6858.56;5843.64;4973.64;4226.73;3584.77
1;4550470530174;50;frequency;199.9999999213742;234.625769479635;275.2462588517801;322.8993264769997;378.802514688914;444.3841576318164;521.3198749487447;611.5753842550475;717.456725922716;841.6691823498468;987.3863981368913;1158.33146786315;1358.872060208682;1594.132014446359;1870.122253535556;2193.894364737048;2573.720768452858;3019.306079821149;3542.035062906734;4155.263512473084;4874.659497176026;5718.603679767398;6708.658946337209;7870.121340545211;9232.666380967203;10831.10727442716;12706.28439819177;14906.10877695531;17486.78621595445;20514.25336674129;24065.86241733066;28232.35745111674;33120.19296963342;38854.25382030405;45581.04601983359;53472.44000269313;62730.06193403319;73590.44528463698;86331.07429211862;101277.4737211686;118811.5260634959;139381.228686517;163512.140226203;191820.8086789974;225030.524286467;263989.7996954232;309694.0495706946;363311.0235703185;426210.642505751;499999.9999999716
1;4550470530174;50;phasez;-1.53375;-1.53626;-1.53734;-1.53707;-1.53851;-1.53903;-1.53863;-1.53964;-1.53909;-1.54016;-1.54053;-1.54073;-1.5411;-1.54122;-1.5416;-1.5419;-1.54209;-1.54229;-1.54254;-1.54266;-1.5427;-1.54275;-1.54275;-1.54266;-1.54251;-1.54227;-1.54196;-1.54153;-1.54098;-1.54029;-1.53946;-1.53844;-1.53723;-1.53577;-1.53406;-1.53205;-1.52968;-1.52689;-1.52361;-1.51976;-1.51524;-1.50992;-1.50365;-1.49626;-1.48752;-1.47718;-1.46491;-1.45031;-1.43285;-1.41187
2;4551235902500;50;absz;88054.9;78789.4;70498.8;63104.1;56452.6;50531.7;45214.7;40459.7;36206.3;32394.5;28988.2;25939.7;23209.9;20768.2;18584.7;16631;14882.5;13316.6;11915.7;10663.2;9541.13;8536.99;7639.01;6834.93;6115.59;5471.66;4895.32;4379.5;3917.89;3504.61;3134.91;2803.96;2507.73;2242.58;2005.22;1792.75;1602.56;1432.29;1279.86;1143.38;1021.21;911.842;813.945;726.31;648.057;578.143;515.824;460.497;411.617;368.841
2;4551235902500;50;frequency;20000.00000002444;22385.53853899816;25055.61678390222;28044.17375656954;31389.19662092121;35133.2035329932;39323.78408414649;44014.2042055669;49264.08322518227;55140.1516811012;61717.09952482729;69078.52549602467;77317.99973512921;86540.25314108083;96862.50859274992;108415.9709538568;121347.4948009008;135821.4510731415;152021.8163702936;170154.5114554648;190450.0186878266;213166.3116533389;238592.1342356312;267050.6708003728;298903.6541519141;334555.9634717432;374460.7706856584;419125.3006744233;469117.2785435782;525072.1459047724;587701.13789258;657800.3235824071;736260.7247225839;824079.6413975459;922373.3285811875;1032391.184709951;1155531.632626961;1293359.894754076;1447627.888434013;1620296.494325686;1813560.480908265;2029876.401899315;2271993.821195295;2542990.262224833;2846310.325953354;3185809.474764127;3565803.038745301;3991121.067296888;4467169.723268114;4999999.999999929
2;4551235902500;50;phasez;-1.54387;-1.54344;-1.5436;-1.54305;-1.54245;-1.54214;-1.54162;-1.54084;-1.54001;-1.53913;-1.53803;-1.53695;-1.53552;-1.53399;-1.53229;-1.53038;-1.52816;-1.52576;-1.52303;-1.51999;-1.51657;-1.51273;-1.50846;-1.50362;-1.49823;-1.49218;-1.48539;-1.47777;-1.46922;-1.45963;-1.44885;-1.43675;-1.42316;-1.40789;-1.39073;-1.37143;-1.34972;-1.32529;-1.29778;-1.26678;-1.23179;-1.19228;-1.14759;-1.09693;-1.03939;-0.973966;-0.899321;-0.814025;-0.716332;-0.604294
3;4551552038110;20;absz;18095.3;14773.3;12058.2;9841.91;8034.07;6556.37;5350.61;4366.18;3562.08;2905.67;2369.32;1931.09;1573.39;1280.99;1042.04;846.737;687.246;557.261;451.98;367.957
3;4551552038110;20;frequency;99999.99999990905;122862.535599424;150952.0265389597;185463.4873444638;227865.1431623047;279960.8926363817;343967.05137965;422606.6409511731;519225.2346839865;637933.2888043621;783781.0140572543;962973.2274171232;1183133.324347452;1453627.601814205;1785963.729760951;2194280.323268956;2695948.443325946;3312310.615921419;4069588.809647371;4999999.999999929
3;4551552038110;20;phasez;-1.53141;-1.52809;-1.52406;-1.51898;-1.51271;-1.50494;-1.4953;-1.48337;-1.46856;-1.45021;-1.42747;-1.39925;-1.36424;-1.3207;-1.26645;-1.1986;-1.11325;-1.00523;-0.867315;-0.689974
