0;5406258129694;20;absz;1.44734e+08;1.05318e+08;7.6611e+07;5.57373e+07;4.05449e+07;2.94946e+07;2.14337e+07;1.55795e+07;1.1323e+07;8.22817e+06;5.97863e+06;4.34349e+06;3.155e+06;2.29129e+06;1.66382e+06;1.20793e+06;876810;636362;461772;335021
0;5406258129694;20;frequency;9.999999974752427;13.86918846435492;19.23543905490988;26.67799336109056;37.00021196095804;51.31629158938722;71.17153245417285;98.70914048804025;136.9015682683994;189.8713664161278;263.3361782500288;365.2259113806622;506.5387032487934;702.5280792305466;974.3494403835484;1351.343611730726;1874.203936580443;2599.368780806799;3605.113577052066;4999.99999995282
0;5406258129694;20;phasez;-1.5231;-1.52473;-1.52614;-1.52739;-1.52871;-1.52965;-1.53036;-1.53119;-1.53194;-1.53249;-1.53298;-1.53335;-1.53354;-1.53354;-1.53318;-1.53236;-1.53095;-1.52866;-1.52517;-1.52001
1;5407028051947;50;absz;7.7449e+06;6.65046e+06;5.68015e+06;4.85475e+06;4.15559e+06;3.5537e+06;3.04108e+06;2.60102e+06;2.22523e+06;1.90382e+06;1.62817e+06;1.39229e+06;1.19064e+06;1.01845e+06;870943;744766;636893;544602;465655;398180;340440;291065;248855;212750;181896;155504;132939;113646;97149.1;83046.9;70989.4;60680.7;51868.1;44335.1;37894.4;32388.3;27681.3;23656.6;20216.1;17274.1;14758.4;12606.8;10766.4;9191.83;7844.43;6690.35;5701.66;4853.86;4126.02;3500.19
1;5407028051947;50;frequency;199.9999999213742;234.625769479635;275.2462588517801;322.8993264769997;378.802514688914;444.3841576318164;521.3198749487447;611.5753842550475;717.456725922716;841.6691823498468;987.3863981368913;1158.33146786315;1358.872060208682;1594.132014446359;1870.122253535556;2193.894364737048;2573.720768452858;3019.306079821149;3542.035062906734;4155.263512473084;4874.659497176026;5718.603679767398;6708.658946337209;7870.121340545211;9232.666380967203;10831.10727442716;12706.28439819177;14906.10877695531;17486.78621595445;20514.25336674129;24065.86241733066;28232.35745111674;33120.19296963342;38854.25382030405;45581.04601983359;53472.44000269313;62730.06193403319;73590.44528463698;86331.07429211862;101277.4737211686;118811.5260634959;139381.228686517;163512.140226203;191820.8086789974;225030.524286467;263989.7996954232;309694.0495706946;363311.0235703185;426210.642505751;499999.9999999716
1;5407028051947;50;phasez;-1.53414;-1.53417;-1.53412;-1.53416;-1.53411;-1.53444;-1.53585;-1.53595;-1.53659;-1.53677;-1.53698;-1.53756;-1.53776;-1.538;-1.53824;-1.53855;-1.53882;-1.53903;-1.53921;-1.53935;-1.5394;-1.5395;-1.53947;-1.53943;-1.53931;-1.53912;-1.53884;-1.53847;-1.53797;-1.53735;-1.53658;-1.53565;-1.53451;-1.53315;-1.53152;-1.52959;-1.52729;-1.52457;-1.52135;-1.51754;-1.51303;-1.50771;-1.50143;-1.49402;-1.48525;-1.47487;-1.46256;-1.44792;-1.43043;-1.40941
2;5407796398009;50;absz;85589.3;76593.4;68567.9;61362.3;54917.1;49162.3;44000.8;39380.1;35239;31543.3;28224.9;25260.3;22607.7;20231.5;18107.6;16204.6;14503.1;12980.1;11616.3;10396.1;9303.61;8326;7451.19;6667.84;5966.87;5339.61;4778.04;4275.27;3825.29;3422.49;3061.99;2739.19;2450.2;2191.55;1959.95;1752.61;1566.95;1400.72;1251.83;1118.52;999.134;892.241;796.544;710.859;634.312;565.908;504.92;450.744;402.862;360.933
2;5407796398009;50;frequency;20000.00000002444;22385.53853899816;25055.61678390222;28044.17375656954;31389.19662092121;35133.2035329932;39323.78408414649;44014.2042055669;49264.08322518227;55140.1516811012;61717.09952482729;69078.52549602467;77317.99973512921;86540.25314108083;96862.50859274992;108415.9709538568;121347.4948009008;135821.4510731415;152021.8163702936;170154.5114554648;190450.0186878266;213166.3116533389;238592.1342356312;267050.6708003728;298903.6541519141;334555.9634717432;374460.7706856584;419125.3006744233;469117.2785435782;525072.1459047724;587701.13789258;657800.3235824071;736260.7247225839;824079.6413975459;922373.3285811875;1032391.184709951;1155531.632626961;1293359.894754076;1447627.888434013;1620296.494325686;1813560.480908265;2029876.401899315;2271993.821195295;2542990.262224833;2846310.325953354;3185809.474764127;3565803.038745301;3991121.067296888;4467169.723268114;4999999.999999929
2;5407796398009;50;phasez;-1.5407;-1.54076;-1.54087;-1.54016;-1.53989;-1.53954;-1.53887;-1.53817;-1.53764;-1.53664;-1.53569;-1.53456;-1.53327;-1.53167;-1.52997;-1.52812;-1.526;-1.52353;-1.52082;-1.51776;-1.51431;-1.51048;-1.50617;-1.50132;-1.49587;-1.48981;-1.48299;-1.47535;-1.46677;-1.45717;-1.44636;-1.43424;-1.42064;-1.40536;-1.38818;-1.36888;-1.34718;-1.32275;-1.29524;-1.26424;-1.22926;-1.18974;-1.14506;-1.0944;-1.03685;-0.971416;-0.896755;-0.811424;-0.713689;-0.601571
3;5408115470329;20;absz;17630.5;14398.3;11753.9;9595.89;7835.89;6396.39;5221.93;4262.24;3478.51;2838.41;2315.27;1887.7;1538.52;1252.96;1019.51;828.634;672.643;545.471;442.408;360.068
3;5408115470329;20;frequency;99999.99999990905;122862.535599424;150952.0265389597;185463.4873444638;227865.1431623047;279960.8926363817;343967.05137965;422606.6409511731;519225.2346839865;637933.2888043621;783781.0140572543;962973.2274171232;1183133.324347452;1453627.601814205;1785963.729760951;2194280.323268956;2695948.443325946;3312310.615921419;4069588.809647371;4999999.999999929
3;5408115470329;20;phasez;-1.5292;-1.52593;-1.52185;-1.51677;-1.51044;-1.50264;-1.49294;-1.48093;-1.4661;-1.44771;-1.42493;-1.39672;-1.36169;-1.31816;-1.26392;-1.19608;-1.11072;-1.00267;-0.864714;-0.687229
