0;10590030143875;20;absz;1.35915e+08;9.90855e+07;7.22314e+07;5.26184e+07;3.83239e+07;2.78939e+07;2.03016e+07;1.47731e+07;1.07453e+07;7.81372e+06;5.68122e+06;4.12994e+06;3.0016e+06;2.18133e+06;1.58497e+06;1.15148e+06;836420;607505;441158;320302
0;10590030143875;20;frequency;9.999999974752427;13.86918846435492;19.23543905490988;26.67799336109056;37.00021196095804;51.31629158938722;71.17153245417285;98.70914048804025;136.9015682683994;189.8713664161278;263.3361782500288;365.2259113806622;506.5387032487934;702.5280792305466;974.3494403835484;1351.343611730726;1874.203936580443;2599.368780806799;3605.113577052066;4999.99999995282
0;10590030143875;20;phasez;-1.51014;-1.51321;-1.5161;-1.51882;-1.52122;-1.52268;-1.52484;-1.52631;-1.52755;-1.52849;-1.52927;-1.5298;-1.53012;-1.53015;-1.52979;-1.52894;-1.52747;-1.52512;-1.52161;-1.51645
1;10590799489001;50;absz;7.38395e+06;6.30596e+06;5.39496e+06;4.61589e+06;3.94842e+06;3.38015e+06;2.89335e+06;2.47573e+06;2.11822e+06;1.81222e+06;1.55083e+06;1.32682e+06;1.13529e+06;971136;830694;710734;607944;520080;444864;380526;325454;278368;238089;203625;174148;148931;127367;108921;93146.2;79651.7;68111.8;58243.5;49802.4;42585.8;36413.3;31134.1;26619.1;22757.3;19454.8;16629.5;14212.5;12144.7;10375.1;8860.37;7563.49;6452.74;5500.62;4683.94;3982.63;3379.53
1;10590799489001;50;frequency;199.9999999213742;234.625769479635;275.2462588517801;322.8993264769997;378.802514688914;444.3841576318164;521.3198749487447;611.5753842550475;717.456725922716;841.6691823498468;987.3863981368913;1158.33146786315;1358.872060208682;1594.132014446359;1870.122253535556;2193.894364737048;2573.720768452858;3019.306079821149;3542.035062906734;4155.263512473084;4874.659497176026;5718.603679767398;6708.658946337209;7870.121340545211;9232.666380967203;10831.10727442716;12706.28439819177;14906.10877695531;17486.78621595445;20514.25336674129;24065.86241733066;28232.35745111674;33120.19296963342;38854.25382030405;45581.04601983359;53472.44000269313;62730.06193403319;73590.44528463698;86331.07429211862;101277.4737211686;118811.5260634959;139381.228686517;163512.140226203;191820.8086789974;225030.524286467;263989.7996954232;309694.0495706946;363311.0235703185;426210.642505751;499999.9999999716
1;10590799489001;50;phasez;-1.53144;-1.53022;-1.53112;-1.53174;-1.53208;-1.53111;-1.53236;-1.5325;-1.53319;-1.53307;-1.53379;-1.53398;-1.53437;-1.53444;-1.53477;-1.53503;-1.5352;-1.53547;-1.5356;-1.53574;-1.53586;-1.53594;-1.53591;-1.53588;-1.53575;-1.53558;-1.53529;-1.53491;-1.53441;-1.5338;-1.53302;-1.53208;-1.53095;-1.52958;-1.52796;-1.52605;-1.52377;-1.52107;-1.51788;-1.5141;-1.50964;-1.50436;-1.49811;-1.49072;-1.48196;-1.47158;-1.45925;-1.44455;-1.427;-1.40589
2;10591569750559;50;absz;82058.3;73476.7;65778;58882.3;52722.5;47199.2;42261.2;37834.1;33862.6;30316.3;27138.4;24293.2;21746.5;19468.3;17427.4;15600.5;13966.2;12501.9;11191.3;10018;8966.97;8026.27;7184.48;6430.52;5755.58;5151.54;4610.65;4126.42;3692.93;3304.8;2957.3;2646.19;2367.6;2118.16;1894.8;1694.74;1515.58;1355.13;1211.38;1082.66;967.332;864.028;771.506;688.637;614.562;548.334;489.264;436.761;390.34;349.656
2;10591569750559;50;frequency;20000.00000002444;22385.53853899816;25055.61678390222;28044.17375656954;31389.19662092121;35133.2035329932;39323.78408414649;44014.2042055669;49264.08322518227;55140.1516811012;61717.09952482729;69078.52549602467;77317.99973512921;86540.25314108083;96862.50859274992;108415.9709538568;121347.4948009008;135821.4510731415;152021.8163702936;170154.5114554648;190450.0186878266;213166.3116533389;238592.1342356312;267050.6708003728;298903.6541519141;334555.9634717432;374460.7706856584;419125.3006744233;469117.2785435782;525072.1459047724;587701.13789258;657800.3235824071;736260.7247225839;824079.6413975459;922373.3285811875;1032391.184709951;1155531.632626961;1293359.894754076;1447627.888434013;1620296.494325686;1813560.480908265;2029876.401899315;2271993.821195295;2542990.262224833;2846310.325953354;3185809.474764127;3565803.038745301;3991121.067296888;4467169.723268114;4999999.999999929
2;10591569750559;50;phasez;-1.53732;-1.53717;-1.53705;-1.53652;-1.53637;-1.53583;-1.53531;-1.53475;-1.534;-1.53311;-1.53214;-1.53101;-1.52973;-1.52823;-1.52657;-1.5247;-1.52255;-1.5202;-1.51749;-1.51443;-1.51102;-1.50717;-1.50286;-1.49802;-1.4926;-1.48648;-1.47963;-1.47194;-1.46331;-1.45363;-1.44277;-1.4306;-1.41692;-1.40156;-1.3843;-1.36492;-1.34313;-1.31861;-1.29103;-1.25993;-1.22486;-1.18525;-1.14046;-1.08967;-1.03199;-0.9664;-0.891557;-0.805998;-0.707982;-0.595526
3;10591885832385;20;absz;16966.2;13861.5;11321;9247.3;7553.17;6168.23;5037.69;4113.38;3358.43;2741.47;2237.15;1824.85;1487.97;1212.3;986.884;802.425;651.567;528.49;428.619;348.768
3;10591885832385;20;frequency;99999.99999990905;122862.535599424;150952.0265389597;185463.4873444638;227865.1431623047;279960.8926363817;343967.05137965;422606.6409511731;519225.2346839865;637933.2888043621;783781.0140572543;962973.2274171232;1183133.324347452;1453627.601814205;1785963.729760951;2194280.323268956;2695948.443325946;3312310.615921419;4069588.809647371;4999999.999999929
3;10591885832385;20;phasez;-1.52573;-1.52259;-1.51853;-1.5135;-1.50715;-1.49929;-1.48961;-1.47755;-1.46259;-1.44407;-1.42117;-1.39279;-1.35762;-1.31393;-1.25953;-1.1915;-1.10593;-0.997604;-0.859243;-0.681198
