0;3752038932094;20;absz;1.60163e+08;1.16366e+08;8.45334e+07;6.14158e+07;4.4596e+07;3.23584e+07;2.34942e+07;1.70474e+07;1.23676e+07;8.97008e+06;6.50556e+06;4.71731e+06;3.42003e+06;2.47909e+06;1.79677e+06;1.30206e+06;943403;683445;495054;358561
0;3752038932094;20;frequency;9.999999974752427;13.86918846435492;19.23543905490988;26.67799336109056;37.00021196095804;51.31629158938722;71.17153245417285;98.70914048804025;136.9015682683994;189.8713664161278;263.3361782500288;365.2259113806622;506.5387032487934;702.5280792305466;974.3494403835484;1351.343611730726;1874.203936580443;2599.368780806799;3605.113577052066;4999.99999995282
0;3752038932094;20;phasez;-1.53235;-1.53377;-1.53485;-1.53589;-1.53688;-1.53861;-1.53904;-1.53998;-1.54076;-1.54138;-1.5419;-1.54227;-1.54244;-1.54237;-1.54194;-1.54102;-1.53945;-1.53695;-1.53323;-1.5278
1;3752807227183;50;absz;8.45199e+06;7.20471e+06;6.16582e+06;5.2808e+06;4.51321e+06;3.85437e+06;3.29712e+06;2.81669e+06;2.4079e+06;2.05617e+06;1.75749e+06;1.50182e+06;1.28363e+06;1.09684e+06;937158;800701;684075;584396;499304;426552;364400;311310;265948;227195;194095;165808;141649;121009;103377;88314.8;75447.7;64455.5;55064.7;47041;40186.9;34329.5;29324.9;25048.5;21394;18271.2;15602;13320.2;11369.5;9701.21;8274.08;7052.67;6006.83;5110.48;4341.4;3680.63
1;3752807227183;50;frequency;199.9999999213742;234.625769479635;275.2462588517801;322.8993264769997;378.802514688914;444.3841576318164;521.3198749487447;611.5753842550475;717.456725922716;841.6691823498468;987.3863981368913;1158.33146786315;1358.872060208682;1594.132014446359;1870.122253535556;2193.894364737048;2573.720768452858;3019.306079821149;3542.035062906734;4155.263512473084;4874.659497176026;5718.603679767398;6708.658946337209;7870.121340545211;9232.666380967203;10831.10727442716;12706.28439819177;14906.10877695531;17486.78621595445;20514.25336674129;24065.86241733066;28232.35745111674;33120.19296963342;38854.25382030405;45581.04601983359;53472.44000269313;62730.06193403319;73590.44528463698;86331.07429211862;101277.4737211686;118811.5260634959;139381.228686517;163512.140226203;191820.8086789974;225030.524286467;263989.7996954232;309694.0495706946;363311.0235703185;426210.642505751;499999.9999999716
1;3752807227183;50;phasez;-1.54505;-1.54471;-1.54269;-1.54447;-1.54338;-1.54446;-1.54469;-1.54504;-1.54498;-1.54561;-1.54566;-1.54617;-1.54646;-1.54662;-1.54679;-1.54688;-1.54706;-1.5472;-1.54725;-1.54728;-1.54721;-1.54716;-1.547;-1.5468;-1.54649;-1.54611;-1.54566;-1.54511;-1.54444;-1.54366;-1.54275;-1.54167;-1.54041;-1.53894;-1.53723;-1.53523;-1.53289;-1.53014;-1.52691;-1.5231;-1.51862;-1.51334;-1.5071;-1.49973;-1.491;-1.48067;-1.46839;-1.45377;-1.43629;-1.41527
2;3753575439161;50;absz;91013.3;81436.4;72858.2;65176.1;58312.6;52177.3;46681.2;41767.5;37364.7;33426.2;29907.8;26753.3;23934.1;21412.3;19154.8;17136.8;15331.3;13714.7;12269.7;10976.3;9819.1;8783.94;7857.35;7028.46;6286.81;5623.44;5029.8;4498.67;4023.32;3598.11;3217.63;2877.16;2572.55;2299.94;2056.03;1837.75;1642.41;1467.62;1311.14;1171.11;1045.79;933.629;833.279;743.495;663.327;591.74;527.966;471.36;421.387;377.683
2;3753575439161;50;frequency;20000.00000002444;22385.53853899816;25055.61678390222;28044.17375656954;31389.19662092121;35133.2035329932;39323.78408414649;44014.2042055669;49264.08322518227;55140.1516811012;61717.09952482729;69078.52549602467;77317.99973512921;86540.25314108083;96862.50859274992;108415.9709538568;121347.4948009008;135821.4510731415;152021.8163702936;170154.5114554648;190450.0186878266;213166.3116533389;238592.1342356312;267050.6708003728;298903.6541519141;334555.9634717432;374460.7706856584;419125.3006744233;469117.2785435782;525072.1459047724;587701.13789258;657800.3235824071;736260.7247225839;824079.6413975459;922373.3285811875;1032391.184709951;1155531.632626961;1293359.894754076;1447627.888434013;1620296.494325686;1813560.480908265;2029876.401899315;2271993.821195295;2542990.262224833;2846310.325953354;3185809.474764127;3565803.038745301;3991121.067296888;4467169.723268114;4999999.999999929
2;3753575439161;50;phasez;-1.54714;-1.54686;-1.54674;-1.54607;-1.54593;-1.54512;-1.54474;-1.54398;-1.54321;-1.54242;-1.54125;-1.54011;-1.53878;-1.53726;-1.53558;-1.53368;-1.53161;-1.52919;-1.52648;-1.52343;-1.52002;-1.5162;-1.51193;-1.50711;-1.50171;-1.49565;-1.48886;-1.48122;-1.47263;-1.463;-1.45221;-1.44008;-1.42644;-1.41112;-1.3939;-1.37456;-1.35279;-1.3283;-1.30073;-1.26964;-1.23458;-1.19499;-1.15021;-1.09948;-1.04183;-0.976321;-0.901594;-0.816204;-0.718448;-0.606331
3;3753893150051;20;absz;18648;15219.8;12416.2;10128.4;8264.14;6741.24;5498.52;4484.84;3656.98;2981.72;2430.25;1979.95;1612.46;1312.28;1067.15;866.896;703.458;570.369;462.648;376.768
3;3753893150051;20;frequency;99999.99999990905;122862.535599424;150952.0265389597;185463.4873444638;227865.1431623047;279960.8926363817;343967.05137965;422606.6409511731;519225.2346839865;637933.2888043621;783781.0140572543;962973.2274171232;1183133.324347452;1453627.601814205;1785963.729760951;2194280.323268956;2695948.443325946;3312310.615921419;4069588.809647371;4999999.999999929
3;3753893150051;20;phasez;-1.53475;-1.53154;-1.52744;-1.52245;-1.51621;-1.50838;-1.49878;-1.4868;-1.47196;-1.45356;-1.43072;-1.40242;-1.3673;-1.32365;-1.26926;-1.20126;-1.11574;-1.00756;-0.869487;-0.692003
