0;8801579004602;20;absz;1.36627e+08;9.95869e+07;7.25818e+07;5.28719e+07;3.84934e+07;2.80351e+07;2.03894e+07;1.48321e+07;1.07885e+07;7.84448e+06;5.70324e+06;4.14574e+06;3.01305e+06;2.18951e+06;1.59086e+06;1.15574e+06;839503;609702;442735;321430
0;8801579004602;20;frequency;9.999999974752427;13.86918846435492;19.23543905490988;26.67799336109056;37.00021196095804;51.31629158938722;71.17153245417285;98.70914048804025;136.9015682683994;189.8713664161278;263.3361782500288;365.2259113806622;506.5387032487934;702.5280792305466;974.3494403835484;1351.343611730726;1874.203936580443;2599.368780806799;3605.113577052066;4999.99999995282
0;8801579004602;20;phasez;-1.5108;-1.51424;-1.517;-1.51999;-1.52193;-1.52408;-1.52548;-1.52677;-1.52793;-1.52885;-1.52958;-1.53009;-1.53035;-1.53036;-1.52999;-1.52917;-1.52768;-1.52537;-1.52186;-1.51671
1;8802347066605;50;absz;7.38938e+06;6.3174e+06;5.42111e+06;4.63669e+06;3.96832e+06;3.39477e+06;2.90293e+06;2.48576e+06;2.12652e+06;1.81935e+06;1.5562e+06;1.33167e+06;1.13945e+06;974805;833896;713289;610190;521939;446444;381864;326607;279345;238920;204322;174741;149437;127793;109284;93453.3;79915.3;68334.3;58434.3;49964.7;42724;36531.2;31235.5;26706;22832.1;19518.3;16683.7;14258.9;12184.1;10408.7;8889.03;7587.97;6473.44;5518.25;4698.87;3995.32;3390.15
1;8802347066605;50;frequency;199.9999999213742;234.625769479635;275.2462588517801;322.8993264769997;378.802514688914;444.3841576318164;521.3198749487447;611.5753842550475;717.456725922716;841.6691823498468;987.3863981368913;1158.33146786315;1358.872060208682;1594.132014446359;1870.122253535556;2193.894364737048;2573.720768452858;3019.306079821149;3542.035062906734;4155.263512473084;4874.659497176026;5718.603679767398;6708.658946337209;7870.121340545211;9232.666380967203;10831.10727442716;12706.28439819177;14906.10877695531;17486.78621595445;20514.25336674129;24065.86241733066;28232.35745111674;33120.19296963342;38854.25382030405;45581.04601983359;53472.44000269313;62730.06193403319;73590.44528463698;86331.07429211862;101277.4737211686;118811.5260634959;139381.228686517;163512.140226203;191820.8086789974;225030.524286467;263989.7996954232;309694.0495706946;363311.0235703185;426210.642505751;499999.9999999716
1;8802347066605;50;phasez;-1.53143;-1.53002;-1.53117;-1.53206;-1.53182;-1.53193;-1.53246;-1.53282;-1.53337;-1.53343;-1.53367;-1.53421;-1.53444;-1.53486;-1.53502;-1.53526;-1.53542;-1.53564;-1.53586;-1.536;-1.53605;-1.53613;-1.53616;-1.5361;-1.53597;-1.53577;-1.53549;-1.5351;-1.53459;-1.53395;-1.53316;-1.5322;-1.53105;-1.52967;-1.52804;-1.5261;-1.52382;-1.52113;-1.51794;-1.51418;-1.50973;-1.50448;-1.49824;-1.49087;-1.48213;-1.47176;-1.45944;-1.44477;-1.42722;-1.40614
2;8803118346385;50;absz;82286.8;73675.8;65971.4;59072.8;52882.4;47339.7;42378.3;37943.4;33967.5;30408.7;27218.6;24368.1;21815.1;19528.1;17481.9;15649.1;14008.4;12540.6;11225.9;10048.6;8994.21;8050.85;7205.98;6449.95;5773.08;5167.1;4624.52;4138.9;3703.88;3314.6;2966.01;2653.89;2374.48;2124.25;1900.18;1699.55;1519.89;1358.93;1214.79;1085.65;969.965;866.348;773.546;690.455;616.163;549.762;490.542;437.902;391.366;350.583
2;8803118346385;50;frequency;20000.00000002444;22385.53853899816;25055.61678390222;28044.17375656954;31389.19662092121;35133.2035329932;39323.78408414649;44014.2042055669;49264.08322518227;55140.1516811012;61717.09952482729;69078.52549602467;77317.99973512921;86540.25314108083;96862.50859274992;108415.9709538568;121347.4948009008;135821.4510731415;152021.8163702936;170154.5114554648;190450.0186878266;213166.3116533389;238592.1342356312;267050.6708003728;298903.6541519141;334555.9634717432;374460.7706856584;419125.3006744233;469117.2785435782;525072.1459047724;587701.13789258;657800.3235824071;736260.7247225839;824079.6413975459;922373.3285811875;1032391.184709951;1155531.632626961;1293359.894754076;1447627.888434013;1620296.494325686;1813560.480908265;2029876.401899315;2271993.821195295;2542990.262224833;2846310.325953354;3185809.474764127;3565803.038745301;3991121.067296888;4467169.723268114;4999999.999999929
2;8803118346385;50;phasez;-1.53775;-1.53743;-1.53719;-1.53679;-1.53648;-1.53624;-1.53543;-1.5348;-1.53409;-1.53316;-1.53216;-1.53113;-1.52971;-1.52834;-1.52666;-1.52479;-1.52267;-1.5203;-1.51765;-1.51456;-1.51117;-1.50731;-1.50303;-1.49819;-1.49277;-1.48669;-1.47983;-1.47217;-1.46356;-1.45389;-1.44304;-1.43086;-1.4172;-1.40185;-1.38462;-1.36524;-1.34347;-1.31898;-1.29139;-1.26031;-1.22525;-1.18564;-1.14085;-1.09008;-1.0324;-0.966809;-0.891965;-0.806415;-0.708412;-0.595986
3;8803437012959;20;absz;17012.4;13899.5;11352.9;9273.12;7574.59;6185.34;5051.63;4124.78;3367.65;2749.02;2243.23;1829.7;1491.89;1215.48;989.381;804.42;653.165;529.787;429.678;349.647
3;8803437012959;20;frequency;99999.99999990905;122862.535599424;150952.0265389597;185463.4873444638;227865.1431623047;279960.8926363817;343967.05137965;422606.6409511731;519225.2346839865;637933.2888043621;783781.0140572543;962973.2274171232;1183133.324347452;1453627.601814205;1785963.729760951;2194280.323268956;2695948.443325946;3312310.615921419;4069588.809647371;4999999.999999929
3;8803437012959;20;phasez;-1.52575;-1.52263;-1.51866;-1.5136;-1.50731;-1.4995;-1.48979;-1.47776;-1.46282;-1.44435;-1.42146;-1.39312;-1.35798;-1.31431;-1.25993;-1.1919;-1.10634;-0.998017;-0.859667;-0.681632
