0;6895888214690;20;absz;1.39106e+08;1.01354e+08;7.38326e+07;5.37428e+07;3.91101e+07;2.84588e+07;2.07018e+07;1.50528e+07;1.09447e+07;7.95673e+06;5.78334e+06;4.20312e+06;3.05412e+06;2.21905e+06;1.61207e+06;1.17093e+06;850388;617483;448287;325386
0;6895888214690;20;frequency;9.999999974752427;13.86918846435492;19.23543905490988;26.67799336109056;37.00021196095804;51.31629158938722;71.17153245417285;98.70914048804025;136.9015682683994;189.8713664161278;263.3361782500288;365.2259113806622;506.5387032487934;702.5280792305466;974.3494403835484;1351.343611730726;1874.203936580443;2599.368780806799;3605.113577052066;4999.99999995282
0;6895888214690;20;phasez;-1.51532;-1.51817;-1.52073;-1.52288;-1.52454;-1.52567;-1.52757;-1.52851;-1.52949;-1.53025;-1.53083;-1.53121;-1.5314;-1.53134;-1.53096;-1.53015;-1.52868;-1.5264;-1.52293;-1.51782
1;6896656589782;50;absz;7.49927e+06;6.42798e+06;5.49325e+06;4.6996e+06;4.02138e+06;3.44023e+06;2.94453e+06;2.5188e+06;2.15534e+06;1.84336e+06;1.5773e+06;1.34926e+06;1.15427e+06;987390;844605;722537;617942;528575;452067;386624;330627;282753;241799;206768;176809;151183;129272;110536;94512.3;80810.2;69093.9;59075;50509.7;43184.3;36920.2;31563.8;26983;23066.1;19715.8;16850.2;14399.5;12302.7;10508.6;8973.27;7658.93;6533.3;5568.73;4741.47;4031.14;3420.27
1;6896656589782;50;frequency;199.9999999213742;234.625769479635;275.2462588517801;322.8993264769997;378.802514688914;444.3841576318164;521.3198749487447;611.5753842550475;717.456725922716;841.6691823498468;987.3863981368913;1158.33146786315;1358.872060208682;1594.132014446359;1870.122253535556;2193.894364737048;2573.720768452858;3019.306079821149;3542.035062906734;4155.263512473084;4874.659497176026;5718.603679767398;6708.658946337209;7870.121340545211;9232.666380967203;10831.10727442716;12706.28439819177;14906.10877695531;17486.78621595445;20514.25336674129;24065.86241733066;28232.35745111674;33120.19296963342;38854.25382030405;45581.04601983359;53472.44000269313;62730.06193403319;73590.44528463698;86331.07429211862;101277.4737211686;118811.5260634959;139381.228686517;163512.140226203;191820.8086789974;225030.524286467;263989.7996954232;309694.0495706946;363311.0235703185;426210.642505751;499999.9999999716
1;6896656589782;50;phasez;-1.5335;-1.53177;-1.53166;-1.53337;-1.53287;-1.53334;-1.53407;-1.53358;-1.53436;-1.5345;-1.53443;-1.53516;-1.53547;-1.53575;-1.53603;-1.53631;-1.53659;-1.53674;-1.53695;-1.53707;-1.5372;-1.53728;-1.5373;-1.53726;-1.53713;-1.53695;-1.53665;-1.53626;-1.53575;-1.5351;-1.53432;-1.53336;-1.53222;-1.53084;-1.52923;-1.52731;-1.52505;-1.52236;-1.51918;-1.51541;-1.51096;-1.50568;-1.49943;-1.49203;-1.48327;-1.47289;-1.46055;-1.44587;-1.42833;-1.40725
2;6897427548979;50;absz;83253.1;74512.9;66729.8;59729.7;53469.6;47868.9;42852.7;38360;34333.8;30733;27511.5;24626.5;22044.6;19729.5;17660.1;15808.5;14149.7;12665.4;11335.9;10146.5;9081.2;8127.99;7274.61;6510.69;5826.97;5214.94;4667.04;4176.5;3737.37;3344.33;2992.48;2677.37;2395.36;2142.81;1916.65;1714.16;1532.76;1370.35;1224.88;1094.59;977.876;873.363;779.777;695.969;621.052;554.097;494.388;441.33;394.426;353.334
2;6897427548979;50;frequency;20000.00000002444;22385.53853899816;25055.61678390222;28044.17375656954;31389.19662092121;35133.2035329932;39323.78408414649;44014.2042055669;49264.08322518227;55140.1516811012;61717.09952482729;69078.52549602467;77317.99973512921;86540.25314108083;96862.50859274992;108415.9709538568;121347.4948009008;135821.4510731415;152021.8163702936;170154.5114554648;190450.0186878266;213166.3116533389;238592.1342356312;267050.6708003728;298903.6541519141;334555.9634717432;374460.7706856584;419125.3006744233;469117.2785435782;525072.1459047724;587701.13789258;657800.3235824071;736260.7247225839;824079.6413975459;922373.3285811875;1032391.184709951;1155531.632626961;1293359.894754076;1447627.888434013;1620296.494325686;1813560.480908265;2029876.401899315;2271993.821195295;2542990.262224833;2846310.325953354;3185809.474764127;3565803.038745301;3991121.067296888;4467169.723268114;4999999.999999929
2;6897427548979;50;phasez;-1.53865;-1.5386;-1.53806;-1.53803;-1.53767;-1.5373;-1.5365;-1.53595;-1.5352;-1.53458;-1.53345;-1.53231;-1.53101;-1.52956;-1.52792;-1.52603;-1.52386;-1.52151;-1.5188;-1.51577;-1.51233;-1.50849;-1.50418;-1.49933;-1.4939;-1.48779;-1.48095;-1.47329;-1.46467;-1.45501;-1.44417;-1.43201;-1.41837;-1.40303;-1.38582;-1.36647;-1.34473;-1.32025;-1.2927;-1.26164;-1.22661;-1.18704;-1.14228;-1.09155;-1.03392;-0.968363;-0.893578;-0.808089;-0.710174;-0.597851
3;6897745242034;20;absz;17191.8;14043;11467.8;9365.09;7648.69;6245.01;5099.5;4163.08;3398.64;2773.93;2263.28;1845.78;1504.78;1225.81;997.677;811.054;658.474;534.038;433.108;352.441
3;6897745242034;20;frequency;99999.99999990905;122862.535599424;150952.0265389597;185463.4873444638;227865.1431623047;279960.8926363817;343967.05137965;422606.6409511731;519225.2346839865;637933.2888043621;783781.0140572543;962973.2274171232;1183133.324347452;1453627.601814205;1785963.729760951;2194280.323268956;2695948.443325946;3312310.615921419;4069588.809647371;4999999.999999929
3;6897745242034;20;phasez;-1.52706;-1.52386;-1.51978;-1.51475;-1.50843;-1.50061;-1.4909;-1.47887;-1.46394;-1.44548;-1.42263;-1.39432;-1.35923;-1.31562;-1.26127;-1.19332;-1.10782;-0.999584;-0.861355;-0.683502
