0;7342414247998;20;absz;1.38294e+08;1.00672e+08;7.33772e+07;5.34246e+07;3.88867e+07;2.82837e+07;2.05849e+07;1.49706e+07;1.08859e+07;7.91432e+06;5.75306e+06;4.18134e+06;3.03862e+06;2.20788e+06;1.60409e+06;1.16528e+06;846349;614615;446245;323941
0;7342414247998;20;frequency;9.999999974752427;13.86918846435492;19.23543905490988;26.67799336109056;37.00021196095804;51.31629158938722;71.17153245417285;98.70914048804025;136.9015682683994;189.8713664161278;263.3361782500288;365.2259113806622;506.5387032487934;702.5280792305466;974.3494403835484;1351.343611730726;1874.203936580443;2599.368780806799;3605.113577052066;4999.99999995282
0;7342414247998;20;phasez;-1.51382;-1.517;-1.51952;-1.52193;-1.52379;-1.52523;-1.52683;-1.52809;-1.529;-1.52976;-1.53041;-1.53079;-1.531;-1.53094;-1.53053;-1.52966;-1.52822;-1.52592;-1.52245;-1.51734
1;7343182539350;50;absz;7.46653e+06;6.38515e+06;5.47017e+06;4.67716e+06;4.00218e+06;3.42437e+06;2.92847e+06;2.50644e+06;2.1445e+06;1.83474e+06;1.56954e+06;1.34263e+06;1.14855e+06;982651;840652;719052;615079;526112;449979;384877;329169;281508;240749;205879;176059;150555;128737;110085;94128.9;80486.8;68818.4;58841.2;50310.7;43015.5;36776.9;31442.4;26880.2;22978.9;19641.9;16787.8;14346.4;12257.7;10470.4;8940.78;7631.36;6509.97;5549.03;4724.76;4017.03;3408.41
1;7343182539350;50;frequency;199.9999999213742;234.625769479635;275.2462588517801;322.8993264769997;378.802514688914;444.3841576318164;521.3198749487447;611.5753842550475;717.456725922716;841.6691823498468;987.3863981368913;1158.33146786315;1358.872060208682;1594.132014446359;1870.122253535556;2193.894364737048;2573.720768452858;3019.306079821149;3542.035062906734;4155.263512473084;4874.659497176026;5718.603679767398;6708.658946337209;7870.121340545211;9232.666380967203;10831.10727442716;12706.28439819177;14906.10877695531;17486.78621595445;20514.25336674129;24065.86241733066;28232.35745111674;33120.19296963342;38854.25382030405;45581.04601983359;53472.44000269313;62730.06193403319;73590.44528463698;86331.07429211862;101277.4737211686;118811.5260634959;139381.228686517;163512.140226203;191820.8086789974;225030.524286467;263989.7996954232;309694.0495706946;363311.0235703185;426210.642505751;499999.9999999716
1;7343182539350;50;phasez;-1.53344;-1.53074;-1.53167;-1.53394;-1.53293;-1.53338;-1.53327;-1.53309;-1.53395;-1.5342;-1.53436;-1.53473;-1.53506;-1.53523;-1.53554;-1.5358;-1.53605;-1.53621;-1.53642;-1.5366;-1.53672;-1.53681;-1.53682;-1.5368;-1.53669;-1.5365;-1.53622;-1.53585;-1.53535;-1.53474;-1.53397;-1.53301;-1.53188;-1.53051;-1.52889;-1.52698;-1.52472;-1.52203;-1.51885;-1.51509;-1.51063;-1.50536;-1.49911;-1.49172;-1.48296;-1.47258;-1.46025;-1.44557;-1.42802;-1.40693
2;7343952081815;50;absz;82919.3;74217.4;66451.1;59486.2;53258.7;47667;42671.3;38206.9;34201.2;30612.1;27401.2;24529.3;21956.2;19654.2;17593;15747.8;14096.3;12617.2;11293.3;10108.7;9047.89;8098.45;7248.11;6487.19;5806.04;5196.26;4650.45;4161.82;3724.36;3332.69;2982.11;2668.18;2387.12;2135.45;1910.15;1708.38;1527.64;1365.8;1220.85;1091.02;974.703;870.554;777.272;693.761;619.086;552.359;492.834;439.946;393.183;352.218
2;7343952081815;50;frequency;20000.00000002444;22385.53853899816;25055.61678390222;28044.17375656954;31389.19662092121;35133.2035329932;39323.78408414649;44014.2042055669;49264.08322518227;55140.1516811012;61717.09952482729;69078.52549602467;77317.99973512921;86540.25314108083;96862.50859274992;108415.9709538568;121347.4948009008;135821.4510731415;152021.8163702936;170154.5114554648;190450.0186878266;213166.3116533389;238592.1342356312;267050.6708003728;298903.6541519141;334555.9634717432;374460.7706856584;419125.3006744233;469117.2785435782;525072.1459047724;587701.13789258;657800.3235824071;736260.7247225839;824079.6413975459;922373.3285811875;1032391.184709951;1155531.632626961;1293359.894754076;1447627.888434013;1620296.494325686;1813560.480908265;2029876.401899315;2271993.821195295;2542990.262224833;2846310.325953354;3185809.474764127;3565803.038745301;3991121.067296888;4467169.723268114;4999999.999999929
2;7343952081815;50;phasez;-1.53858;-1.53797;-1.53802;-1.53771;-1.53734;-1.53657;-1.53634;-1.53561;-1.53492;-1.53411;-1.53307;-1.53198;-1.53063;-1.52921;-1.52759;-1.52566;-1.52358;-1.5212;-1.51851;-1.51544;-1.51204;-1.50819;-1.50388;-1.49904;-1.49358;-1.48748;-1.48063;-1.47296;-1.46434;-1.45467;-1.44384;-1.43166;-1.41801;-1.40268;-1.38545;-1.36609;-1.34434;-1.31985;-1.29229;-1.26122;-1.22617;-1.18659;-1.14183;-1.09107;-1.03343;-0.967866;-0.893061;-0.807557;-0.709618;-0.597265
3;7344269439041;20;absz;17127.6;13991.3;11424.6;9330.66;7620.67;6222.42;5081.2;4148.48;3386.77;2764.34;2255.51;1839.58;1499.76;1221.77;994.441;808.467;656.405;532.372;431.758;351.338
3;7344269439041;20;frequency;99999.99999990905;122862.535599424;150952.0265389597;185463.4873444638;227865.1431623047;279960.8926363817;343967.05137965;422606.6409511731;519225.2346839865;637933.2888043621;783781.0140572543;962973.2274171232;1183133.324347452;1453627.601814205;1785963.729760951;2194280.323268956;2695948.443325946;3312310.615921419;4069588.809647371;4999999.999999929
3;7344269439041;20;phasez;-1.52672;-1.52353;-1.51954;-1.5145;-1.50812;-1.5003;-1.49062;-1.47857;-1.46361;-1.44515;-1.42229;-1.39396;-1.35885;-1.31521;-1.26085;-1.19287;-1.10734;-0.99908;-0.860822;-0.682912
