0;4005845382054;20;absz;1.56867e+08;1.14117e+08;8.28829e+07;6.02384e+07;4.37607e+07;3.17655e+07;2.30768e+07;1.67563e+07;1.21622e+07;8.82593e+06;6.40435e+06;4.64636e+06;3.37019e+06;2.44405e+06;1.77209e+06;1.28466e+06;931154;674843;489013;354298
0;4005845382054;20;frequency;9.999999974752427;13.86918846435492;19.23543905490988;26.67799336109056;37.00021196095804;51.31629158938722;71.17153245417285;98.70914048804025;136.9015682683994;189.8713664161278;263.3361782500288;365.2259113806622;506.5387032487934;702.5280792305466;974.3494403835484;1351.343611730726;1874.203936580443;2599.368780806799;3605.113577052066;4999.99999995282
0;4005845382054;20;phasez;-1.53101;-1.53195;-1.53272;-1.53379;-1.53503;-1.53608;-1.53684;-1.5377;-1.5384;-1.53901;-1.53955;-1.54003;-1.5403;-1.54033;-1.53998;-1.53913;-1.53764;-1.53524;-1.53161;-1.52631
1;4006615401323;50;absz;8.30677e+06;7.12364e+06;6.09586e+06;5.20194e+06;4.44615e+06;3.79879e+06;3.24815e+06;2.77631e+06;2.3731e+06;2.02914e+06;1.73365e+06;1.48162e+06;1.26632e+06;1.08227e+06;924833;790370;675391;577131;493155;421391;360069;307650;262854;224578;191879;163935;140062;119665;102236;87347.6;74627.4;63758.9;54474;46541.1;39763.1;33971.9;29022.8;24793.3;21179;18089.9;15449.1;13191.5;11261.2;9609.89;8197.4;6988.36;5952.79;5065.08;4303.45;3648.9
1;4006615401323;50;frequency;199.9999999213742;234.625769479635;275.2462588517801;322.8993264769997;378.802514688914;444.3841576318164;521.3198749487447;611.5753842550475;717.456725922716;841.6691823498468;987.3863981368913;1158.33146786315;1358.872060208682;1594.132014446359;1870.122253535556;2193.894364737048;2573.720768452858;3019.306079821149;3542.035062906734;4155.263512473084;4874.659497176026;5718.603679767398;6708.658946337209;7870.121340545211;9232.666380967203;10831.10727442716;12706.28439819177;14906.10877695531;17486.78621595445;20514.25336674129;24065.86241733066;28232.35745111674;33120.19296963342;38854.25382030405;45581.04601983359;53472.44000269313;62730.06193403319;73590.44528463698;86331.07429211862;101277.4737211686;118811.5260634959;139381.228686517;163512.140226203;191820.8086789974;225030.524286467;263989.7996954232;309694.0495706946;363311.0235703185;426210.642505751;499999.9999999716
1;4006615401323;50;phasez;-1.53979;-1.54006;-1.54062;-1.54175;-1.54205;-1.54216;-1.54267;-1.54246;-1.5433;-1.5437;-1.54367;-1.54436;-1.54458;-1.5447;-1.54498;-1.54515;-1.5454;-1.54548;-1.5456;-1.5457;-1.54572;-1.54568;-1.5456;-1.54547;-1.54526;-1.54494;-1.54453;-1.54402;-1.54338;-1.54262;-1.54171;-1.54063;-1.53936;-1.53788;-1.53614;-1.53412;-1.53175;-1.52898;-1.52573;-1.52191;-1.51742;-1.51213;-1.50589;-1.49852;-1.48981;-1.47948;-1.46722;-1.45262;-1.43516;-1.41416
2;4007383825507;50;absz;90015.1;80533.1;72053.8;64474.7;57691.4;51613.4;46187.2;41327.3;36970.7;33077.3;29596.7;26476.4;23688.4;21195.9;18964.8;16966.5;15181.4;13582.4;12151.9;10872.3;9726.88;8702.08;7784.99;6964.29;6230.11;5573.31;4985.26;4459.27;3988.55;3567.31;3190.36;2853.05;2551.15;2281.02;2039.24;1822.91;1629.29;1455.96;1300.81;1161.95;1037.66;926.436;826.883;737.803;658.262;587.225;523.924;467.73;418.12;374.712
2;4007383825507;50;frequency;20000.00000002444;22385.53853899816;25055.61678390222;28044.17375656954;31389.19662092121;35133.2035329932;39323.78408414649;44014.2042055669;49264.08322518227;55140.1516811012;61717.09952482729;69078.52549602467;77317.99973512921;86540.25314108083;96862.50859274992;108415.9709538568;121347.4948009008;135821.4510731415;152021.8163702936;170154.5114554648;190450.0186878266;213166.3116533389;238592.1342356312;267050.6708003728;298903.6541519141;334555.9634717432;374460.7706856584;419125.3006744233;469117.2785435782;525072.1459047724;587701.13789258;657800.3235824071;736260.7247225839;824079.6413975459;922373.3285811875;1032391.184709951;1155531.632626961;1293359.894754076;1447627.888434013;1620296.494325686;1813560.480908265;2029876.401899315;2271993.821195295;2542990.262224833;2846310.325953354;3185809.474764127;3565803.038745301;3991121.067296888;4467169.723268114;4999999.999999929
2;4007383825507;50;phasez;-1.54632;-1.54587;-1.5458;-1.54496;-1.54475;-1.54415;-1.54368;-1.54285;-1.54201;-1.54131;-1.54015;-1.53897;-1.53759;-1.53614;-1.53439;-1.53251;-1.53039;-1.52799;-1.52527;-1.52222;-1.51883;-1.51501;-1.51073;-1.50592;-1.50054;-1.49449;-1.48769;-1.48008;-1.47153;-1.46192;-1.45112;-1.439;-1.4254;-1.4101;-1.39292;-1.37359;-1.35185;-1.32739;-1.29985;-1.26881;-1.23378;-1.19423;-1.1495;-1.09882;-1.04123;-0.975756;-0.901081;-0.815733;-0.718028;-0.605967
3;4007702936842;20;absz;18463.1;15070.8;12297.7;10034.1;8188.36;6680.44;5449.98;4445.83;3625.78;2956.82;2410.18;1963.86;1599.6;1301.95;1058.86;860.233;698.094;566.014;459.093;373.82
3;4007702936842;20;frequency;99999.99999990905;122862.535599424;150952.0265389597;185463.4873444638;227865.1431623047;279960.8926363817;343967.05137965;422606.6409511731;519225.2346839865;637933.2888043621;783781.0140572543;962973.2274171232;1183133.324347452;1453627.601814205;1785963.729760951;2194280.323268956;2695948.443325946;3312310.615921419;4069588.809647371;4999999.999999929
3;4007702936842;20;phasez;-1.53352;-1.53031;-1.52632;-1.52129;-1.51499;-1.50723;-1.49763;-1.48564;-1.47086;-1.45249;-1.42969;-1.40144;-1.36636;-1.32277;-1.26846;-1.20053;-1.1151;-1.00701;-0.86903;-0.691649
