0;2089413294208;20;absz;1.88002e+08;1.3602e+08;9.84109e+07;7.12702e+07;5.1539e+07;3.72661e+07;2.69872e+07;1.95262e+07;1.41293e+07;1.02235e+07;7.39761e+06;5.35258e+06;3.87228e+06;2.80102e+06;2.02586e+06;1.46496e+06;1.05925e+06;765805;553582;400142
0;2089413294208;20;frequency;9.999999974752427;13.86918846435492;19.23543905490988;26.67799336109056;37.00021196095804;51.31629158938722;71.17153245417285;98.70914048804025;136.9015682683994;189.8713664161278;263.3361782500288;365.2259113806622;506.5387032487934;702.5280792305466;974.3494403835484;1351.343611730726;1874.203936580443;2599.368780806799;3605.113577052066;4999.99999995282
0;2089413294208;20;phasez;-1.55293;-1.55256;-1.55295;-1.55336;-1.55333;-1.55349;-1.55358;-1.55353;-1.55342;-1.55341;-1.55336;-1.55334;-1.55319;-1.55289;-1.55228;-1.5512;-1.5495;-1.54689;-1.54305;-1.53752
1;2090181645409;50;absz;9.61683e+06;8.21992e+06;7.02308e+06;6e+06;5.11734e+06;4.37333e+06;3.72885e+06;3.18542e+06;2.71775e+06;2.32182e+06;1.9817e+06;1.69197e+06;1.44415e+06;1.23257e+06;1.05208e+06;898003;766498;654244;558341;476529;406706;347113;296233;252808;215754;184130;157147;134114;114458;97685.7;83372.6;71153.9;60730.4;51832.5;44239.9;37758.9;32227;27504.9;23473.7;20032.2;17093.6;14584;12440.6;10609.4;9044.06;7705.54;6560.4;5579.67;4738.73;4016.75
1;2090181645409;50;frequency;199.9999999213742;234.625769479635;275.2462588517801;322.8993264769997;378.802514688914;444.3841576318164;521.3198749487447;611.5753842550475;717.456725922716;841.6691823498468;987.3863981368913;1158.33146786315;1358.872060208682;1594.132014446359;1870.122253535556;2193.894364737048;2573.720768452858;3019.306079821149;3542.035062906734;4155.263512473084;4874.659497176026;5718.603679767398;6708.658946337209;7870.121340545211;9232.666380967203;10831.10727442716;12706.28439819177;14906.10877695531;17486.78621595445;20514.25336674129;24065.86241733066;28232.35745111674;33120.19296963342;38854.25382030405;45581.04601983359;53472.44000269313;62730.06193403319;73590.44528463698;86331.07429211862;101277.4737211686;118811.5260634959;139381.228686517;163512.140226203;191820.8086789974;225030.524286467;263989.7996954232;309694.0495706946;363311.0235703185;426210.642505751;499999.9999999716
1;2090181645409;50;phasez;-1.55395;-1.55266;-1.55447;-1.55381;-1.55502;-1.55578;-1.55486;-1.55617;-1.55557;-1.5561;-1.55596;-1.5564;-1.55649;-1.55661;-1.55683;-1.55698;-1.55696;-1.5571;-1.55712;-1.55708;-1.55697;-1.55685;-1.55662;-1.55635;-1.55602;-1.55557;-1.55502;-1.55438;-1.5536;-1.5527;-1.55161;-1.55036;-1.54889;-1.54719;-1.54521;-1.54293;-1.54028;-1.53719;-1.53359;-1.5294;-1.5245;-1.51877;-1.51206;-1.50418;-1.49493;-1.48404;-1.47119;-1.45598;-1.43788;-1.41623
2;2090950980277;50;absz;100666;90020;80503.8;71949.6;64341.4;57522.2;51425.5;45979.7;41114;36753.8;32862.7;29381.4;26273.1;23492.9;21004.8;18782.1;16794.3;15017.8;13429.3;12008.2;10738;9602.5;8587.17;7678.74;6866.65;6140.57;5491.49;4910.77;4391.34;3926.83;3511.36;3139.88;2807.54;2510.26;2244.28;2006.35;1793.47;1603.02;1432.6;1280.11;1143.66;1021.58;912.358;814.67;727.49;649.665;580.37;518.922;464.742;417.456
2;2090950980277;50;frequency;20000.00000002444;22385.53853899816;25055.61678390222;28044.17375656954;31389.19662092121;35133.2035329932;39323.78408414649;44014.2042055669;49264.08322518227;55140.1516811012;61717.09952482729;69078.52549602467;77317.99973512921;86540.25314108083;96862.50859274992;108415.9709538568;121347.4948009008;135821.4510731415;152021.8163702936;170154.5114554648;190450.0186878266;213166.3116533389;238592.1342356312;267050.6708003728;298903.6541519141;334555.9634717432;374460.7706856584;419125.3006744233;469117.2785435782;525072.1459047724;587701.13789258;657800.3235824071;736260.7247225839;824079.6413975459;922373.3285811875;1032391.184709951;1155531.632626961;1293359.894754076;1447627.888434013;1620296.494325686;1813560.480908265;2029876.401899315;2271993.821195295;2542990.262224833;2846310.325953354;3185809.474764127;3565803.038745301;3991121.067296888;4467169.723268114;4999999.999999929
2;2090950980277;50;phasez;-1.55647;-1.5561;-1.55557;-1.55523;-1.5544;-1.55371;-1.55291;-1.55196;-1.55101;-1.55002;-1.54873;-1.54722;-1.54574;-1.54396;-1.54204;-1.53987;-1.5374;-1.53468;-1.53164;-1.52828;-1.52447;-1.52035;-1.51564;-1.51047;-1.50468;-1.49819;-1.49095;-1.48289;-1.47388;-1.46382;-1.45256;-1.43997;-1.42587;-1.41009;-1.39241;-1.37258;-1.35036;-1.32538;-1.29733;-1.26577;-1.23024;-1.19017;-1.14492;-1.09374;-1.03561;-0.969632;-0.894454;-0.808636;-0.710447;-0.597969
3;2091268965580;20;absz;20448.2;16671.4;13592.5;11079.5;9033.15;7365.28;6004.2;4895.63;3991.06;3253.85;2652.24;2161.3;1760.67;1433.84;1166.88;948.947;771.12;626.434;509.458;416.444
3;2091268965580;20;frequency;99999.99999990905;122862.535599424;150952.0265389597;185463.4873444638;227865.1431623047;279960.8926363817;343967.05137965;422606.6409511731;519225.2346839865;637933.2888043621;783781.0140572543;962973.2274171232;1183133.324347452;1453627.601814205;1785963.729760951;2194280.323268956;2695948.443325946;3312310.615921419;4069588.809647371;4999999.999999929
3;2091268965580;20;phasez;-1.54106;-1.53723;-1.53264;-1.52705;-1.52007;-1.51162;-1.50121;-1.48844;-1.4728;-1.45356;-1.42992;-1.40074;-1.36475;-1.32023;-1.26498;-1.19612;-1.10973;-1.0007;-0.861811;-0.683595
