0;4599920303260;20;absz;1.50674e+08;1.0964e+08;7.97275e+07;5.79663e+07;4.2135e+07;3.06404e+07;2.22516e+07;1.61662e+07;1.17429e+07;8.52884e+06;6.19312e+06;4.49664e+06;3.26417e+06;2.36901e+06;1.71906e+06;1.24722e+06;904705;656179;475845;345013
0;4599920303260;20;frequency;9.999999974752427;13.86918846435492;19.23543905490988;26.67799336109056;37.00021196095804;51.31629158938722;71.17153245417285;98.70914048804025;136.9015682683994;189.8713664161278;263.3361782500288;365.2259113806622;506.5387032487934;702.5280792305466;974.3494403835484;1351.343611730726;1874.203936580443;2599.368780806799;3605.113577052066;4999.99999995282
0;4599920303260;20;phasez;-1.52699;-1.52849;-1.52941;-1.53072;-1.53139;-1.53262;-1.53321;-1.53407;-1.53479;-1.53544;-1.53598;-1.5364;-1.53665;-1.53667;-1.53634;-1.5355;-1.53406;-1.53174;-1.52823;-1.52306
1;4600691153968;50;absz;8.05177e+06;6.86966e+06;5.88031e+06;5.03078e+06;4.2987e+06;3.67642e+06;3.14571e+06;2.68933e+06;2.29925e+06;1.96687e+06;1.6822e+06;1.43786e+06;1.22927e+06;1.05108e+06;898527;768214;656707;561386;479890;410184;350598;299662;256125;218904;187087;159891;136643;116777;99794.8;85282.4;72880;62278.6;53220.9;45480.4;38864.4;33209.8;28377.2;24246.9;20716.5;17698.7;15118.5;12912.3;11025.5;9411.18;8029.91;6847.37;5834.26;4965.64;4220.03;3579.15
1;4600691153968;50;frequency;199.9999999213742;234.625769479635;275.2462588517801;322.8993264769997;378.802514688914;444.3841576318164;521.3198749487447;611.5753842550475;717.456725922716;841.6691823498468;987.3863981368913;1158.33146786315;1358.872060208682;1594.132014446359;1870.122253535556;2193.894364737048;2573.720768452858;3019.306079821149;3542.035062906734;4155.263512473084;4874.659497176026;5718.603679767398;6708.658946337209;7870.121340545211;9232.666380967203;10831.10727442716;12706.28439819177;14906.10877695531;17486.78621595445;20514.25336674129;24065.86241733066;28232.35745111674;33120.19296963342;38854.25382030405;45581.04601983359;53472.44000269313;62730.06193403319;73590.44528463698;86331.07429211862;101277.4737211686;118811.5260634959;139381.228686517;163512.140226203;191820.8086789974;225030.524286467;263989.7996954232;309694.0495706946;363311.0235703185;426210.642505751;499999.9999999716
1;4600691153968;50;phasez;-1.53666;-1.53768;-1.53706;-1.53781;-1.53807;-1.53779;-1.53897;-1.53887;-1.53964;-1.54002;-1.54027;-1.54067;-1.54092;-1.54117;-1.54131;-1.54167;-1.54182;-1.54206;-1.54222;-1.54234;-1.54245;-1.54249;-1.54248;-1.54239;-1.54228;-1.54204;-1.54173;-1.54132;-1.54077;-1.54008;-1.53926;-1.53826;-1.53703;-1.53559;-1.53388;-1.53187;-1.52951;-1.52672;-1.52345;-1.5196;-1.51508;-1.50976;-1.50349;-1.49609;-1.48736;-1.47701;-1.46474;-1.45013;-1.43267;-1.41168
2;4601459348159;50;absz;87891.9;78657.1;70401.1;62989.2;56364.7;50444.4;45134.4;40391.8;36140.1;32337.5;28939.1;25896.8;23173;20734.9;18553;16603.1;14857.6;13295.1;11896.7;10646;9526.4;8524.01;7626.97;6824.49;6106.15;5463.29;4887.87;4373;3912.08;3499.51;3130.41;2799.94;2504.15;2239.38;2002.41;1790.3;1600.41;1430.39;1278.18;1141.9;1019.89;910.673;812.921;725.405;647.225;577.409;515.173;459.912;411.091;368.369
2;4601459348159;50;frequency;20000.00000002444;22385.53853899816;25055.61678390222;28044.17375656954;31389.19662092121;35133.2035329932;39323.78408414649;44014.2042055669;49264.08322518227;55140.1516811012;61717.09952482729;69078.52549602467;77317.99973512921;86540.25314108083;96862.50859274992;108415.9709538568;121347.4948009008;135821.4510731415;152021.8163702936;170154.5114554648;190450.0186878266;213166.3116533389;238592.1342356312;267050.6708003728;298903.6541519141;334555.9634717432;374460.7706856584;419125.3006744233;469117.2785435782;525072.1459047724;587701.13789258;657800.3235824071;736260.7247225839;824079.6413975459;922373.3285811875;1032391.184709951;1155531.632626961;1293359.894754076;1447627.888434013;1620296.494325686;1813560.480908265;2029876.401899315;2271993.821195295;2542990.262224833;2846310.325953354;3185809.474764127;3565803.038745301;3991121.067296888;4467169.723268114;4999999.999999929
2;4601459348159;50;phasez;-1.54353;-1.54367;-1.54308;-1.54283;-1.54227;-1.54194;-1.54136;-1.54056;-1.5398;-1.53899;-1.53783;-1.53672;-1.53538;-1.5338;-1.53213;-1.53022;-1.52805;-1.52557;-1.52281;-1.51982;-1.5164;-1.51254;-1.50827;-1.50344;-1.49806;-1.49198;-1.48519;-1.47759;-1.46903;-1.45944;-1.44865;-1.43656;-1.42295;-1.40769;-1.39053;-1.37122;-1.34953;-1.3251;-1.2976;-1.2666;-1.23162;-1.19211;-1.14742;-1.09677;-1.03922;-0.973803;-0.899166;-0.813863;-0.716176;-0.604132
3;4601778810762;20;absz;18065.3;14750;12038.9;9826.59;8021.84;6546.66;5342.8;4359.87;3556.85;2901.57;2366.04;1928.49;1571.31;1279.31;1040.71;845.673;686.373;556.565;451.407;367.487
3;4601778810762;20;frequency;99999.99999990905;122862.535599424;150952.0265389597;185463.4873444638;227865.1431623047;279960.8926363817;343967.05137965;422606.6409511731;519225.2346839865;637933.2888043621;783781.0140572543;962973.2274171232;1183133.324347452;1453627.601814205;1785963.729760951;2194280.323268956;2695948.443325946;3312310.615921419;4069588.809647371;4999999.999999929
3;4601778810762;20;phasez;-1.53126;-1.528;-1.5239;-1.51886;-1.51254;-1.50475;-1.49512;-1.48317;-1.46837;-1.45001;-1.42726;-1.39906;-1.36405;-1.32052;-1.26627;-1.19844;-1.11308;-1.00507;-0.867159;-0.689801
