0;1403125000250;20;absz;2.03226e+08;1.46864e+08;1.06107e+08;7.67129e+07;5.54304e+07;4.0079e+07;2.89493e+07;2.09209e+07;1.51199e+07;1.09295e+07;7.90015e+06;5.71111e+06;4.12868e+06;2.98476e+06;2.15782e+06;1.56e+06;1.12782e+06;815381;589512;426236
0;1403125000250;20;frequency;9.999999974752427;13.86918846435492;19.23543905490988;26.67799336109056;37.00021196095804;51.31629158938722;71.17153245417285;98.70914048804025;136.9015682683994;189.8713664161278;263.3361782500288;365.2259113806622;506.5387032487934;702.5280792305466;974.3494403835484;1351.343611730726;1874.203936580443;2599.368780806799;3605.113577052066;4999.99999995282
0;1403125000250;20;phasez;-1.5594;-1.55887;-1.55956;-1.55916;-1.55927;-1.55879;-1.55898;-1.55887;-1.55841;-1.55802;-1.5575;-1.55683;-1.55608;-1.55512;-1.55389;-1.55216;-1.54981;-1.54657;-1.5421;-1.53594
1;1403895001019;50;absz;1.03262e+07;8.77612e+06;7.48179e+06;6.40433e+06;5.45848e+06;4.66347e+06;3.9768e+06;3.39488e+06;2.89838e+06;2.47359e+06;2.1114e+06;1.80141e+06;1.53775e+06;1.31234e+06;1.12027e+06;956181;816109;696588;594581;507512;433192;369779;315652;269456;230025;196371;167650;143131;122201;104336;89087;76067.8;64954.3;55467.3;47366.2;40449.4;34542.8;29498.4;25189.7;21510.1;18366.1;15680.1;13384.3;11421.6;9743.14;8307.09;7077.34;6023.59;5119.48;4342.59
1;1403895001019;50;frequency;199.9999999213742;234.625769479635;275.2462588517801;322.8993264769997;378.802514688914;444.3841576318164;521.3198749487447;611.5753842550475;717.456725922716;841.6691823498468;987.3863981368913;1158.33146786315;1358.872060208682;1594.132014446359;1870.122253535556;2193.894364737048;2573.720768452858;3019.306079821149;3542.035062906734;4155.263512473084;4874.659497176026;5718.603679767398;6708.658946337209;7870.121340545211;9232.666380967203;10831.10727442716;12706.28439819177;14906.10877695531;17486.78621595445;20514.25336674129;24065.86241733066;28232.35745111674;33120.19296963342;38854.25382030405;45581.04601983359;53472.44000269313;62730.06193403319;73590.44528463698;86331.07429211862;101277.4737211686;118811.5260634959;139381.228686517;163512.140226203;191820.8086789974;225030.524286467;263989.7996954232;309694.0495706946;363311.0235703185;426210.642505751;499999.9999999716
1;1403895001019;50;phasez;-1.56244;-1.56063;-1.55773;-1.55822;-1.55768;-1.55796;-1.55858;-1.55774;-1.55773;-1.55774;-1.55807;-1.55766;-1.55748;-1.55747;-1.55716;-1.55692;-1.55675;-1.55648;-1.55619;-1.55586;-1.55543;-1.55497;-1.55453;-1.55396;-1.55331;-1.55261;-1.55182;-1.55092;-1.54989;-1.54875;-1.54745;-1.54598;-1.54431;-1.54241;-1.54025;-1.53778;-1.53496;-1.53171;-1.52796;-1.52362;-1.51859;-1.51274;-1.50591;-1.49794;-1.48861;-1.47765;-1.46474;-1.44948;-1.43136;-1.40969
2;1404663307529;50;absz;107535;96153.8;86023.1;76957.5;68799.2;61538.2;55036.5;49231.6;44030;39386.6;35230;31510.2;28183.9;25210.8;22551.3;20172.6;18046.2;16144.5;14443;12921;11560.2;10342.6;9253.37;8278.58;7407.03;6626.92;5929.14;5304.87;4746.33;4246.5;3799.17;3398.94;3040.71;2720.13;2433.2;2176.45;1946.64;1740.91;1556.74;1391.85;1244.26;1112.17;993.964;888.197;793.808;709.535;634.512;568.022;509.434;458.369
2;1404663307529;50;frequency;20000.00000002444;22385.53853899816;25055.61678390222;28044.17375656954;31389.19662092121;35133.2035329932;39323.78408414649;44014.2042055669;49264.08322518227;55140.1516811012;61717.09952482729;69078.52549602467;77317.99973512921;86540.25314108083;96862.50859274992;108415.9709538568;121347.4948009008;135821.4510731415;152021.8163702936;170154.5114554648;190450.0186878266;213166.3116533389;238592.1342356312;267050.6708003728;298903.6541519141;334555.9634717432;374460.7706856584;419125.3006744233;469117.2785435782;525072.1459047724;587701.13789258;657800.3235824071;736260.7247225839;824079.6413975459;922373.3285811875;1032391.184709951;1155531.632626961;1293359.894754076;1447627.888434013;1620296.494325686;1813560.480908265;2029876.401899315;2271993.821195295;2542990.262224833;2846310.325953354;3185809.474764127;3565803.038745301;3991121.067296888;4467169.723268114;4999999.999999929
2;1404663307529;50;phasez;-1.55254;-1.55175;-1.55133;-1.5506;-1.54987;-1.54876;-1.54824;-1.54717;-1.54603;-1.54469;-1.54333;-1.54188;-1.54017;-1.53835;-1.53633;-1.53403;-1.53143;-1.52872;-1.52554;-1.52211;-1.51828;-1.51404;-1.5093;-1.50409;-1.49826;-1.49174;-1.48445;-1.47639;-1.46738;-1.4573;-1.44605;-1.43347;-1.41937;-1.40362;-1.38597;-1.36619;-1.344;-1.3191;-1.2911;-1.25962;-1.22417;-1.1842;-1.13906;-1.08796;-1.02998;-0.964163;-0.889153;-0.803529;-0.705562;-0.593372
3;1404982839647;20;absz;21954.6;17914.4;14619;11927.1;9732.36;7942.34;6480.88;5288.64;4315.77;3521.67;2873.5;2343.87;1911.28;1558.13;1269.45;1033.67;841.139;684.448;557.821;457.28
3;1404982839647;20;frequency;99999.99999990905;122862.535599424;150952.0265389597;185463.4873444638;227865.1431623047;279960.8926363817;343967.05137965;422606.6409511731;519225.2346839865;637933.2888043621;783781.0140572543;962973.2274171232;1183133.324347452;1453627.601814205;1785963.729760951;2194280.323268956;2695948.443325946;3312310.615921419;4069588.809647371;4999999.999999929
3;1404982839647;20;phasez;-1.53535;-1.53143;-1.52659;-1.52084;-1.51375;-1.50517;-1.49471;-1.48192;-1.46626;-1.44702;-1.42338;-1.39427;-1.35838;-1.31398;-1.25886;-1.19017;-1.104;-0.995239;-0.856697;-0.678938
