0;5978198521715;20;absz;1.4175e+08;1.03308e+08;7.51772e+07;5.47095e+07;3.97984e+07;2.89389e+07;2.10519e+07;1.5307e+07;1.11268e+07;8.0871e+06;5.87711e+06;4.27077e+06;3.10287e+06;2.25408e+06;1.63724e+06;1.189e+06;863376;626810;454998;330214
0;5978198521715;20;frequency;9.999999974752427;13.86918846435492;19.23543905490988;26.67799336109056;37.00021196095804;51.31629158938722;71.17153245417285;98.70914048804025;136.9015682683994;189.8713664161278;263.3361782500288;365.2259113806622;506.5387032487934;702.5280792305466;974.3494403835484;1351.343611730726;1874.203936580443;2599.368780806799;3605.113577052066;4999.99999995282
0;5978198521715;20;phasez;-1.51922;-1.52175;-1.5236;-1.52534;-1.52691;-1.52787;-1.52891;-1.52998;-1.53078;-1.53133;-1.53183;-1.53217;-1.5323;-1.53221;-1.53181;-1.53097;-1.5295;-1.52719;-1.52372;-1.51864
1;5978966636851;50;absz;7.61155e+06;6.53938e+06;5.57765e+06;4.77483e+06;4.0861e+06;3.49746e+06;2.98884e+06;2.55811e+06;2.18835e+06;1.87235e+06;1.60197e+06;1.37026e+06;1.17221e+06;1.00255e+06;857529;733481;627326;536500;458822;392388;335536;286926;245349;209787;179370;153366;131126;112109;95846.4;81939.4;70050.8;59887.7;51197;43766.4;37413.1;31980.7;27336.1;23363.9;19968.5;17064.3;14580.5;12456;10638.6;9083.31;7751.99;6612.24;5635.62;4797.99;4078.78;3460.44
1;5978966636851;50;frequency;199.9999999213742;234.625769479635;275.2462588517801;322.8993264769997;378.802514688914;444.3841576318164;521.3198749487447;611.5753842550475;717.456725922716;841.6691823498468;987.3863981368913;1158.33146786315;1358.872060208682;1594.132014446359;1870.122253535556;2193.894364737048;2573.720768452858;3019.306079821149;3542.035062906734;4155.263512473084;4874.659497176026;5718.603679767398;6708.658946337209;7870.121340545211;9232.666380967203;10831.10727442716;12706.28439819177;14906.10877695531;17486.78621595445;20514.25336674129;24065.86241733066;28232.35745111674;33120.19296963342;38854.25382030405;45581.04601983359;53472.44000269313;62730.06193403319;73590.44528463698;86331.07429211862;101277.4737211686;118811.5260634959;139381.228686517;163512.140226203;191820.8086789974;225030.524286467;263989.7996954232;309694.0495706946;363311.0235703185;426210.642505751;499999.9999999716
1;5978966636851;50;phasez;-1.53344;-1.53077;-1.53326;-1.53282;-1.53278;-1.53407;-1.53445;-1.53444;-1.53524;-1.5358;-1.53575;-1.53609;-1.53628;-1.5365;-1.53685;-1.53701;-1.53734;-1.53753;-1.53774;-1.53789;-1.53801;-1.53814;-1.53814;-1.53815;-1.53806;-1.5379;-1.53764;-1.53727;-1.53679;-1.53617;-1.53541;-1.53448;-1.53336;-1.532;-1.53039;-1.52848;-1.5262;-1.5235;-1.5203;-1.51651;-1.51202;-1.50673;-1.50046;-1.49304;-1.48427;-1.47388;-1.46155;-1.44687;-1.42935;-1.40829
2;5979737976379;50;absz;84434;75578.3;67648.1;60552.8;54205.9;48528.1;43430.6;38877.8;34795.9;31143.9;27872.7;24947.2;22327.9;19984.5;17886;16008.7;14328.3;12823.9;11476.8;10272.3;9193.5;8227.76;7363.41;6590.02;5897.61;5277.77;4723.05;4226.35;3781.84;3383.82;3027.61;2708.68;2423.1;2167.46;1938.57;1733.61;1550.07;1385.71;1238.5;1106.7;988.653;882.942;788.286;703.544;627.779;560.108;499.736;446.114;398.712;357.197
2;5979737976379;50;frequency;20000.00000002444;22385.53853899816;25055.61678390222;28044.17375656954;31389.19662092121;35133.2035329932;39323.78408414649;44014.2042055669;49264.08322518227;55140.1516811012;61717.09952482729;69078.52549602467;77317.99973512921;86540.25314108083;96862.50859274992;108415.9709538568;121347.4948009008;135821.4510731415;152021.8163702936;170154.5114554648;190450.0186878266;213166.3116533389;238592.1342356312;267050.6708003728;298903.6541519141;334555.9634717432;374460.7706856584;419125.3006744233;469117.2785435782;525072.1459047724;587701.13789258;657800.3235824071;736260.7247225839;824079.6413975459;922373.3285811875;1032391.184709951;1155531.632626961;1293359.894754076;1447627.888434013;1620296.494325686;1813560.480908265;2029876.401899315;2271993.821195295;2542990.262224833;2846310.325953354;3185809.474764127;3565803.038745301;3991121.067296888;4467169.723268114;4999999.999999929
2;5979737976379;50;phasez;-1.53957;-1.53958;-1.53919;-1.53918;-1.53884;-1.53828;-1.53775;-1.53705;-1.53639;-1.53559;-1.53458;-1.53349;-1.53209;-1.53072;-1.52902;-1.52714;-1.52497;-1.52254;-1.5198;-1.51679;-1.51334;-1.5095;-1.50519;-1.50033;-1.49487;-1.48878;-1.48196;-1.47428;-1.46569;-1.45604;-1.44522;-1.43308;-1.41944;-1.40413;-1.38693;-1.3676;-1.34587;-1.3214;-1.29387;-1.26283;-1.22781;-1.18826;-1.14353;-1.09282;-1.0352;-0.969704;-0.894959;-0.809518;-0.711661;-0.599402
3;5980054547186;20;absz;17413.7;14223.4;11612.5;9481.95;7743.42;6321.48;5161.38;4213.18;3439;2806.65;2289.59;1867.01;1521.91;1239.59;1008.77;819.982;665.669;539.866;437.843;356.335
3;5980054547186;20;frequency;99999.99999990905;122862.535599424;150952.0265389597;185463.4873444638;227865.1431623047;279960.8926363817;343967.05137965;422606.6409511731;519225.2346839865;637933.2888043621;783781.0140572543;962973.2274171232;1183133.324347452;1453627.601814205;1785963.729760951;2194280.323268956;2695948.443325946;3312310.615921419;4069588.809647371;4999999.999999929
3;5980054547186;20;phasez;-1.52801;-1.52489;-1.52087;-1.51576;-1.50948;-1.50162;-1.49191;-1.47988;-1.46499;-1.44655;-1.42373;-1.39544;-1.36038;-1.31679;-1.26248;-1.19456;-1.10911;-1.00094;-0.862798;-0.685103
