0;2976483622373;20;absz;1.71686e+08;1.2459e+08;9.0322e+07;6.54771e+07;4.74574e+07;3.44109e+07;2.49286e+07;1.80612e+07;1.30837e+07;9.47598e+06;6.86167e+06;4.9682e+06;3.59695e+06;2.60403e+06;1.88509e+06;1.36466e+06;987880;715103;517627;374668
0;2976483622373;20;frequency;9.999999974752427;13.86918846435492;19.23543905490988;26.67799336109056;37.00021196095804;51.31629158938722;71.17153245417285;98.70914048804025;136.9015682683994;189.8713664161278;263.3361782500288;365.2259113806622;506.5387032487934;702.5280792305466;974.3494403835484;1351.343611730726;1874.203936580443;2599.368780806799;3605.113577052066;4999.99999995282
0;2976483622373;20;phasez;-1.5429;-1.54283;-1.54432;-1.5449;-1.54519;-1.54595;-1.54661;-1.54726;-1.54788;-1.54837;-1.54865;-1.54875;-1.54857;-1.54808;-1.54721;-1.54585;-1.54387;-1.54103;-1.53703;-1.53142
1;2977251930623;50;absz;8.95918e+06;7.63535e+06;6.51722e+06;5.56892e+06;4.75246e+06;4.05647e+06;3.4659e+06;2.96098e+06;2.52805e+06;2.15991e+06;1.84417e+06;1.57498e+06;1.34499e+06;1.14882e+06;981169;837927;715700;611240;522049;445838;380774;325199;277723;237184;202559;172990;147737;126169;107749;92017.1;78580.9;67106.9;57306.4;48936.8;41788.4;35682.8;30467.4;26012.2;22207.3;18956.5;16179.4;13806.6;11778.7;10045.3;8563.3;7295.97;6211.01;5281.9;4485.07;3800.89
1;2977251930623;50;frequency;199.9999999213742;234.625769479635;275.2462588517801;322.8993264769997;378.802514688914;444.3841576318164;521.3198749487447;611.5753842550475;717.456725922716;841.6691823498468;987.3863981368913;1158.33146786315;1358.872060208682;1594.132014446359;1870.122253535556;2193.894364737048;2573.720768452858;3019.306079821149;3542.035062906734;4155.263512473084;4874.659497176026;5718.603679767398;6708.658946337209;7870.121340545211;9232.666380967203;10831.10727442716;12706.28439819177;14906.10877695531;17486.78621595445;20514.25336674129;24065.86241733066;28232.35745111674;33120.19296963342;38854.25382030405;45581.04601983359;53472.44000269313;62730.06193403319;73590.44528463698;86331.07429211862;101277.4737211686;118811.5260634959;139381.228686517;163512.140226203;191820.8086789974;225030.524286467;263989.7996954232;309694.0495706946;363311.0235703185;426210.642505751;499999.9999999716
1;2977251930623;50;phasez;-1.54888;-1.54845;-1.55093;-1.55093;-1.55047;-1.55127;-1.55055;-1.55127;-1.55114;-1.5511;-1.55084;-1.5511;-1.55113;-1.55121;-1.55124;-1.55124;-1.5512;-1.55116;-1.55108;-1.55093;-1.55085;-1.5507;-1.55051;-1.55026;-1.54999;-1.54963;-1.54921;-1.5487;-1.54809;-1.54737;-1.54651;-1.54551;-1.54432;-1.54292;-1.54126;-1.53932;-1.53704;-1.53432;-1.53111;-1.52732;-1.52284;-1.51753;-1.51125;-1.50382;-1.495;-1.48456;-1.47215;-1.45737;-1.43971;-1.41848
2;2978021863620;50;absz;94826.7;84806.1;75870.3;67848.1;60684.2;54280.2;48554.4;43429.5;38841.2;34736;31069.2;27783.9;24845.1;22221.8;19874.2;17773.3;15895;14216;12712.2;11368.8;10166.9;9091.92;8130.25;7270.21;6501.09;5812.97;5197.88;4647.49;4155.34;3715.07;3321.48;2969.26;2654.23;2372.49;2120.46;1895.06;1693.35;1512.94;1351.52;1207.11;1077.91;962.291;858.911;766.445;683.886;610.213;544.592;486.387;435.037;390.16
2;2978021863620;50;frequency;20000.00000002444;22385.53853899816;25055.61678390222;28044.17375656954;31389.19662092121;35133.2035329932;39323.78408414649;44014.2042055669;49264.08322518227;55140.1516811012;61717.09952482729;69078.52549602467;77317.99973512921;86540.25314108083;96862.50859274992;108415.9709538568;121347.4948009008;135821.4510731415;152021.8163702936;170154.5114554648;190450.0186878266;213166.3116533389;238592.1342356312;267050.6708003728;298903.6541519141;334555.9634717432;374460.7706856584;419125.3006744233;469117.2785435782;525072.1459047724;587701.13789258;657800.3235824071;736260.7247225839;824079.6413975459;922373.3285811875;1032391.184709951;1155531.632626961;1293359.894754076;1447627.888434013;1620296.494325686;1813560.480908265;2029876.401899315;2271993.821195295;2542990.262224833;2846310.325953354;3185809.474764127;3565803.038745301;3991121.067296888;4467169.723268114;4999999.999999929
2;2978021863620;50;phasez;-1.55106;-1.5507;-1.55054;-1.55009;-1.54971;-1.54931;-1.54867;-1.54809;-1.54718;-1.54645;-1.54544;-1.54427;-1.54298;-1.54151;-1.53982;-1.53795;-1.53576;-1.53337;-1.53065;-1.52757;-1.52413;-1.52024;-1.5159;-1.51101;-1.50552;-1.49934;-1.49243;-1.48466;-1.47595;-1.46618;-1.4552;-1.44289;-1.42907;-1.41357;-1.39613;-1.37658;-1.3546;-1.32988;-1.30207;-1.27076;-1.23546;-1.19562;-1.1506;-1.0996;-1.04172;-0.975968;-0.900998;-0.815365;-0.717365;-0.605052
3;2978340547615;20;absz;19343.8;15778.4;12865.3;10488.2;8551.95;6972.26;5683.75;4633.15;3775.91;3077.26;2506.96;2041.81;1662.32;1352.67;1099.86;893.515;725.172;588.205;477.431;389.216
3;2978340547615;20;frequency;99999.99999990905;122862.535599424;150952.0265389597;185463.4873444638;227865.1431623047;279960.8926363817;343967.05137965;422606.6409511731;519225.2346839865;637933.2888043621;783781.0140572543;962973.2274171232;1183133.324347452;1453627.601814205;1785963.729760951;2194280.323268956;2695948.443325946;3312310.615921419;4069588.809647371;4999999.999999929
3;2978340547615;20;phasez;-1.53896;-1.53572;-1.53166;-1.52654;-1.52013;-1.5123;-1.50243;-1.49021;-1.47512;-1.45639;-1.43322;-1.40456;-1.36904;-1.32497;-1.27015;-1.2017;-1.11572;-1.00709;-0.86857;-0.690651
