0;9836698987459;20;absz;1.36098e+08;9.92892e+07;7.23612e+07;5.27028e+07;3.83705e+07;2.79285e+07;2.03294e+07;1.47912e+07;1.07583e+07;7.82376e+06;5.68849e+06;4.13523e+06;3.00559e+06;2.18417e+06;1.587e+06;1.15298e+06;837457;608230;441672;320673
0;9836698987459;20;frequency;9.999999974752427;13.86918846435492;19.23543905490988;26.67799336109056;37.00021196095804;51.31629158938722;71.17153245417285;98.70914048804025;136.9015682683994;189.8713664161278;263.3361782500288;365.2259113806622;506.5387032487934;702.5280792305466;974.3494403835484;1351.343611730726;1874.203936580443;2599.368780806799;3605.113577052066;4999.99999995282
0;9836698987459;20;phasez;-1.51027;-1.51361;-1.5171;-1.51912;-1.52156;-1.52305;-1.52504;-1.52638;-1.52753;-1.52852;-1.52929;-1.52984;-1.53017;-1.53019;-1.52986;-1.52903;-1.52757;-1.52524;-1.52173;-1.51657
1;9837471927670;50;absz;7.3731e+06;6.31722e+06;5.40457e+06;4.61795e+06;3.95415e+06;3.38297e+06;2.89559e+06;2.47995e+06;2.12112e+06;1.81457e+06;1.5525e+06;1.32814e+06;1.13649e+06;972247;831882;711626;608748;520682;445389;380957;325853;278704;238360;203857;174345;149102;127508;109041;93244;79736.2;68182.8;58302.9;49854.3;42628.8;36449;31164.4;26644.7;22779.2;19472.9;16644.9;14225.8;12155.8;10384.4;8868.36;7570.19;6458.44;5505.5;4687.97;3986.02;3382.34
1;9837471927670;50;frequency;199.9999999213742;234.625769479635;275.2462588517801;322.8993264769997;378.802514688914;444.3841576318164;521.3198749487447;611.5753842550475;717.456725922716;841.6691823498468;987.3863981368913;1158.33146786315;1358.872060208682;1594.132014446359;1870.122253535556;2193.894364737048;2573.720768452858;3019.306079821149;3542.035062906734;4155.263512473084;4874.659497176026;5718.603679767398;6708.658946337209;7870.121340545211;9232.666380967203;10831.10727442716;12706.28439819177;14906.10877695531;17486.78621595445;20514.25336674129;24065.86241733066;28232.35745111674;33120.19296963342;38854.25382030405;45581.04601983359;53472.44000269313;62730.06193403319;73590.44528463698;86331.07429211862;101277.4737211686;118811.5260634959;139381.228686517;163512.140226203;191820.8086789974;225030.524286467;263989.7996954232;309694.0495706946;363311.0235703185;426210.642505751;499999.9999999716
1;9837471927670;50;phasez;-1.53268;-1.53061;-1.53158;-1.5308;-1.53181;-1.53211;-1.53252;-1.53272;-1.53314;-1.53361;-1.5338;-1.53402;-1.53431;-1.53456;-1.53478;-1.53511;-1.53531;-1.53554;-1.5357;-1.53584;-1.53594;-1.53602;-1.53604;-1.53599;-1.5359;-1.5357;-1.53542;-1.53504;-1.53455;-1.53393;-1.53314;-1.53221;-1.53107;-1.5297;-1.52808;-1.52615;-1.52387;-1.52117;-1.51797;-1.5142;-1.50973;-1.50446;-1.49821;-1.49082;-1.48207;-1.47169;-1.45935;-1.44466;-1.42711;-1.406
2;9838243331183;50;absz;82154.3;73536.2;65845.8;58932.2;52774.9;47248;42296;37866.1;33897.4;30345.6;27163.1;24315.8;21767.2;19486.8;17443.5;15615.8;13978.4;12512.6;11200.5;10026.2;8974.59;8033.03;7190.28;6435.93;5760.48;5155.78;4614.46;4129.86;3696.02;3307.44;2959.66;2648.22;2369.44;2119.8;1896.26;1696.02;1516.72;1356.13;1212.28;1083.44;968.04;864.638;772.039;689.119;614.974;548.706;489.598;437.066;390.606;349.902
2;9838243331183;50;frequency;20000.00000002444;22385.53853899816;25055.61678390222;28044.17375656954;31389.19662092121;35133.2035329932;39323.78408414649;44014.2042055669;49264.08322518227;55140.1516811012;61717.09952482729;69078.52549602467;77317.99973512921;86540.25314108083;96862.50859274992;108415.9709538568;121347.4948009008;135821.4510731415;152021.8163702936;170154.5114554648;190450.0186878266;213166.3116533389;238592.1342356312;267050.6708003728;298903.6541519141;334555.9634717432;374460.7706856584;419125.3006744233;469117.2785435782;525072.1459047724;587701.13789258;657800.3235824071;736260.7247225839;824079.6413975459;922373.3285811875;1032391.184709951;1155531.632626961;1293359.894754076;1447627.888434013;1620296.494325686;1813560.480908265;2029876.401899315;2271993.821195295;2542990.262224833;2846310.325953354;3185809.474764127;3565803.038745301;3991121.067296888;4467169.723268114;4999999.999999929
2;9838243331183;50;phasez;-1.53778;-1.53753;-1.53707;-1.53689;-1.53618;-1.53597;-1.53552;-1.53493;-1.5341;-1.53321;-1.53225;-1.5311;-1.52979;-1.52834;-1.52672;-1.52484;-1.52268;-1.52028;-1.51757;-1.51456;-1.51112;-1.50728;-1.50299;-1.49816;-1.49269;-1.48657;-1.47973;-1.47205;-1.46343;-1.45376;-1.4429;-1.43072;-1.41705;-1.40169;-1.38443;-1.36505;-1.34327;-1.31875;-1.29116;-1.26007;-1.22498;-1.18539;-1.14059;-1.0898;-1.03214;-0.966543;-0.891701;-0.806151;-0.708141;-0.595712
3;9838559612113;20;absz;16980.3;13873.4;11330.4;9254.87;7559.36;6173.13;5041.55;4116.49;3360.97;2743.59;2238.85;1826.19;1489.03;1213.17;987.555;802.962;651.992;528.842;428.909;349.018
3;9838559612113;20;frequency;99999.99999990905;122862.535599424;150952.0265389597;185463.4873444638;227865.1431623047;279960.8926363817;343967.05137965;422606.6409511731;519225.2346839865;637933.2888043621;783781.0140572543;962973.2274171232;1183133.324347452;1453627.601814205;1785963.729760951;2194280.323268956;2695948.443325946;3312310.615921419;4069588.809647371;4999999.999999929
3;9838559612113;20;phasez;-1.52588;-1.52265;-1.51859;-1.51357;-1.50727;-1.49945;-1.48974;-1.47765;-1.46268;-1.44418;-1.42129;-1.39292;-1.35775;-1.31407;-1.25966;-1.19163;-1.10606;-0.997732;-0.859379;-0.681387
