0;1244102169500;20;absz;2.07028e+08;1.4953e+08;1.08027e+08;7.80938e+07;5.64269e+07;4.08191e+07;2.9483e+07;2.13132e+07;1.54089e+07;1.11409e+07;8.05498e+06;5.82429e+06;4.21164e+06;3.04548e+06;2.20219e+06;1.59244e+06;1.15152e+06;832720;602232;435565
0;1244102169500;20;frequency;9.999999974752427;13.86918846435492;19.23543905490988;26.67799336109056;37.00021196095804;51.31629158938722;71.17153245417285;98.70914048804025;136.9015682683994;189.8713664161278;263.3361782500288;365.2259113806622;506.5387032487934;702.5280792305466;974.3494403835484;1351.343611730726;1874.203936580443;2599.368780806799;3605.113577052066;4999.99999995282
0;1244102169500;20;phasez;-1.55974;-1.55955;-1.55936;-1.55899;-1.55853;-1.55836;-1.55816;-1.55785;-1.55739;-1.55688;-1.5563;-1.55568;-1.55492;-1.55399;-1.55273;-1.55096;-1.54855;-1.54524;-1.54069;-1.53447
1;1244869589269;50;absz;1.05255e+07;8.95841e+06;7.64681e+06;6.5232e+06;5.56148e+06;4.75692e+06;4.0571e+06;3.46238e+06;2.9561e+06;2.52262e+06;2.15484e+06;1.83905e+06;1.56979e+06;1.33999e+06;1.14376e+06;976312;833416;711506;607378;518503;442665;377900;322650;275465;235205;200826;171479;146426;125040;106779;91189;77877.9;66511.2;56807.9;48519.5;41441.3;35396.1;30232.5;25821.4;22052.7;18833;16081;13728.7;11717.4;9997.13;8524.77;7264.06;6183.32;5255.91;4458.88
1;1244869589269;50;frequency;199.9999999213742;234.625769479635;275.2462588517801;322.8993264769997;378.802514688914;444.3841576318164;521.3198749487447;611.5753842550475;717.456725922716;841.6691823498468;987.3863981368913;1158.33146786315;1358.872060208682;1594.132014446359;1870.122253535556;2193.894364737048;2573.720768452858;3019.306079821149;3542.035062906734;4155.263512473084;4874.659497176026;5718.603679767398;6708.658946337209;7870.121340545211;9232.666380967203;10831.10727442716;12706.28439819177;14906.10877695531;17486.78621595445;20514.25336674129;24065.86241733066;28232.35745111674;33120.19296963342;38854.25382030405;45581.04601983359;53472.44000269313;62730.06193403319;73590.44528463698;86331.07429211862;101277.4737211686;118811.5260634959;139381.228686517;163512.140226203;191820.8086789974;225030.524286467;263989.7996954232;309694.0495706946;363311.0235703185;426210.642505751;499999.9999999716
1;1244869589269;50;phasez;-1.55568;-1.55955;-1.55771;-1.55878;-1.55809;-1.55762;-1.55693;-1.55746;-1.55703;-1.55661;-1.5566;-1.55677;-1.55627;-1.5561;-1.55593;-1.55573;-1.55534;-1.55502;-1.55476;-1.55438;-1.554;-1.55353;-1.553;-1.55239;-1.55175;-1.55102;-1.55019;-1.54928;-1.54825;-1.54708;-1.54578;-1.54431;-1.54265;-1.54075;-1.5386;-1.53615;-1.53334;-1.5301;-1.52638;-1.52207;-1.51706;-1.51124;-1.50446;-1.49653;-1.48725;-1.47635;-1.46351;-1.44832;-1.43028;-1.4087
2;1245639876422;50;absz;110041;98456.4;88053.9;78740.1;70419.2;63017.1;56369;50427.3;45104;40349.7;36092.5;32289.2;28884.2;25841.7;23118.5;20681.5;18505;16555.9;14813.5;13254.6;11859.5;10611.5;9494.79;8495.76;7602.03;6802.25;6086.54;5446.15;4873.14;4360.25;3901.22;3490.53;3122.93;2793.85;2499.33;2235.69;1999.72;1788.48;1599.33;1430.02;1278.48;1142.85;1021.47;912.853;815.917;729.411;652.395;584.156;524.04;471.65
2;1245639876422;50;frequency;20000.00000002444;22385.53853899816;25055.61678390222;28044.17375656954;31389.19662092121;35133.2035329932;39323.78408414649;44014.2042055669;49264.08322518227;55140.1516811012;61717.09952482729;69078.52549602467;77317.99973512921;86540.25314108083;96862.50859274992;108415.9709538568;121347.4948009008;135821.4510731415;152021.8163702936;170154.5114554648;190450.0186878266;213166.3116533389;238592.1342356312;267050.6708003728;298903.6541519141;334555.9634717432;374460.7706856584;419125.3006744233;469117.2785435782;525072.1459047724;587701.13789258;657800.3235824071;736260.7247225839;824079.6413975459;922373.3285811875;1032391.184709951;1155531.632626961;1293359.894754076;1447627.888434013;1620296.494325686;1813560.480908265;2029876.401899315;2271993.821195295;2542990.262224833;2846310.325953354;3185809.474764127;3565803.038745301;3991121.067296888;4467169.723268114;4999999.999999929
2;1245639876422;50;phasez;-1.55066;-1.5504;-1.5496;-1.54905;-1.54869;-1.54744;-1.54652;-1.54543;-1.54444;-1.54309;-1.54183;-1.54031;-1.53864;-1.53675;-1.5347;-1.53245;-1.52987;-1.52719;-1.52411;-1.52065;-1.51688;-1.5127;-1.50797;-1.50277;-1.49697;-1.49052;-1.48334;-1.47531;-1.46634;-1.45633;-1.44514;-1.43263;-1.4186;-1.40292;-1.38533;-1.36561;-1.34349;-1.31863;-1.2907;-1.25929;-1.22389;-1.18398;-1.1389;-1.08787;-1.02994;-0.964181;-0.889245;-0.803704;-0.705842;-0.593767
3;1245957824520;20;absz;22505.1;18369.2;14993.6;12235;9984.9;8150.58;6652.05;5429.41;4431.36;3616.22;2951.08;2407.38;1963.29;1600.64;1304.24;1062.12;864.431;703.595;573.626;470.508
3;1245957824520;20;frequency;99999.99999990905;122862.535599424;150952.0265389597;185463.4873444638;227865.1431623047;279960.8926363817;343967.05137965;422606.6409511731;519225.2346839865;637933.2888043621;783781.0140572543;962973.2274171232;1183133.324347452;1453627.601814205;1785963.729760951;2194280.323268956;2695948.443325946;3312310.615921419;4069588.809647371;4999999.999999929
3;1245957824520;20;phasez;-1.53385;-1.52979;-1.52506;-1.51942;-1.51243;-1.50392;-1.49355;-1.48084;-1.4653;-1.44619;-1.42267;-1.39368;-1.35791;-1.3136;-1.25859;-1.19001;-1.10391;-0.995284;-0.85688;-0.679308
