0;878701314563;20;absz;2.19619e+08;1.58551e+08;1.14685e+08;8.29449e+07;5.99759e+07;4.33761e+07;3.13714e+07;2.26952e+07;1.64187e+07;1.18769e+07;8.59273e+06;6.21731e+06;4.49875e+06;3.25538e+06;2.35562e+06;1.70458e+06;1.2335e+06;892607;645947;467466
0;878701314563;20;frequency;9.999999974752427;13.86918846435492;19.23543905490988;26.67799336109056;37.00021196095804;51.31629158938722;71.17153245417285;98.70914048804025;136.9015682683994;189.8713664161278;263.3361782500288;365.2259113806622;506.5387032487934;702.5280792305466;974.3494403835484;1351.343611730726;1874.203936580443;2599.368780806799;3605.113577052066;4999.99999995282
0;878701314563;20;phasez;-1.5583;-1.55671;-1.55698;-1.55645;-1.55613;-1.55508;-1.55537;-1.55493;-1.55447;-1.55395;-1.55332;-1.55258;-1.55179;-1.5508;-1.54953;-1.54784;-1.54548;-1.54226;-1.53782;-1.53174
1;879471068880;50;absz;1.12093e+07;9.55431e+06;8.1588e+06;6.97124e+06;5.93966e+06;5.07257e+06;4.33551e+06;3.70158e+06;3.16046e+06;2.69814e+06;2.30443e+06;1.96703e+06;1.68018e+06;1.43486e+06;1.22522e+06;1.04627e+06;893318;762867;651430;556301;475055;405691;346455;295880;252689;215812;184316;157428;134459;114849;98101.3;83796.4;71579.3;61145.9;52232.5;44619.1;38115.1;32557.5;27810.4;23753.3;20286.7;17323.5;14790.1;12623.7;10770.5;9184.35;7825.93;6661.58;5662.29;4803.43
1;879471068880;50;frequency;199.9999999213742;234.625769479635;275.2462588517801;322.8993264769997;378.802514688914;444.3841576318164;521.3198749487447;611.5753842550475;717.456725922716;841.6691823498468;987.3863981368913;1158.33146786315;1358.872060208682;1594.132014446359;1870.122253535556;2193.894364737048;2573.720768452858;3019.306079821149;3542.035062906734;4155.263512473084;4874.659497176026;5718.603679767398;6708.658946337209;7870.121340545211;9232.666380967203;10831.10727442716;12706.28439819177;14906.10877695531;17486.78621595445;20514.25336674129;24065.86241733066;28232.35745111674;33120.19296963342;38854.25382030405;45581.04601983359;53472.44000269313;62730.06193403319;73590.44528463698;86331.07429211862;101277.4737211686;118811.5260634959;139381.228686517;163512.140226203;191820.8086789974;225030.524286467;263989.7996954232;309694.0495706946;363311.0235703185;426210.642505751;499999.9999999716
1;879471068880;50;phasez;-1.55123;-1.55281;-1.55549;-1.55546;-1.55338;-1.5526;-1.55352;-1.55363;-1.55438;-1.55359;-1.55329;-1.55335;-1.55316;-1.553;-1.55282;-1.55264;-1.5524;-1.55211;-1.55191;-1.55157;-1.55122;-1.55085;-1.55039;-1.54991;-1.54934;-1.5487;-1.54796;-1.54714;-1.54621;-1.54514;-1.54396;-1.54259;-1.54104;-1.53926;-1.53723;-1.5349;-1.53222;-1.52911;-1.5255;-1.52132;-1.51644;-1.51074;-1.50408;-1.49627;-1.48711;-1.47632;-1.46359;-1.44852;-1.43058;-1.40911
2;880239348067;50;absz;118396;105910;94750;84741.1;75834.4;67838.6;60678.1;54284.6;48563.1;43449;38867.9;34770.2;31109.5;27833;24901.7;22278.7;19933.5;17835.2;15958.4;14279.3;12776.9;11431.8;10229.5;9153.02;8190.38;7328.4;6557.26;5867.33;5249.85;4697.39;4202.88;3760.24;3364.15;3009.59;2692.22;2408.19;2153.95;1926.34;1722.65;1540.32;1377.11;1231.07;1100.4;983.496;879.234;786.2;703.428;630.121;565.601;509.458
2;880239348067;50;frequency;20000.00000002444;22385.53853899816;25055.61678390222;28044.17375656954;31389.19662092121;35133.2035329932;39323.78408414649;44014.2042055669;49264.08322518227;55140.1516811012;61717.09952482729;69078.52549602467;77317.99973512921;86540.25314108083;96862.50859274992;108415.9709538568;121347.4948009008;135821.4510731415;152021.8163702936;170154.5114554648;190450.0186878266;213166.3116533389;238592.1342356312;267050.6708003728;298903.6541519141;334555.9634717432;374460.7706856584;419125.3006744233;469117.2785435782;525072.1459047724;587701.13789258;657800.3235824071;736260.7247225839;824079.6413975459;922373.3285811875;1032391.184709951;1155531.632626961;1293359.894754076;1447627.888434013;1620296.494325686;1813560.480908265;2029876.401899315;2271993.821195295;2542990.262224833;2846310.325953354;3185809.474764127;3565803.038745301;3991121.067296888;4467169.723268114;4999999.999999929
2;880239348067;50;phasez;-1.54913;-1.54868;-1.54797;-1.54719;-1.54636;-1.54586;-1.54481;-1.54414;-1.54313;-1.54193;-1.54065;-1.53925;-1.53766;-1.53584;-1.53391;-1.53175;-1.52936;-1.52665;-1.52364;-1.52032;-1.51661;-1.51248;-1.50786;-1.50276;-1.49704;-1.49068;-1.48354;-1.4756;-1.4667;-1.45677;-1.44566;-1.43322;-1.41929;-1.40366;-1.38617;-1.36652;-1.34447;-1.3197;-1.29186;-1.26052;-1.22522;-1.1854;-1.14042;-1.08951;-1.03168;-0.96605;-0.891268;-0.805886;-0.708244;-0.596401
3;880558848661;20;absz;24244.7;19791.9;16154.4;13184.8;10759.5;8782.05;7168.12;5849.59;4774.37;3896;3179.01;2593.3;2114.88;1724.05;1404.94;1144.19;931.457;758.494;618.865;508.242
3;880558848661;20;frequency;99999.99999990905;122862.535599424;150952.0265389597;185463.4873444638;227865.1431623047;279960.8926363817;343967.05137965;422606.6409511731;519225.2346839865;637933.2888043621;783781.0140572543;962973.2274171232;1183133.324347452;1453627.601814205;1785963.729760951;2194280.323268956;2695948.443325946;3312310.615921419;4069588.809647371;4999999.999999929
3;880558848661;20;phasez;-1.53292;-1.5292;-1.52467;-1.51909;-1.51229;-1.5039;-1.49367;-1.48113;-1.46572;-1.44676;-1.42338;-1.39454;-1.3589;-1.31476;-1.2599;-1.19149;-1.1056;-0.997195;-0.859074;-0.681945
