0;5526221994490;20;absz;1.43912e+08;1.04805e+08;7.62847e+07;5.54888e+07;4.03615e+07;2.93385e+07;2.13362e+07;1.5511e+07;1.12743e+07;8.19397e+06;5.95392e+06;4.32585e+06;3.14234e+06;2.2823e+06;1.65735e+06;1.20333e+06;873521;634033;460121;333859
0;5526221994490;20;frequency;9.999999974752427;13.86918846435492;19.23543905490988;26.67799336109056;37.00021196095804;51.31629158938722;71.17153245417285;98.70914048804025;136.9015682683994;189.8713664161278;263.3361782500288;365.2259113806622;506.5387032487934;702.5280792305466;974.3494403835484;1351.343611730726;1874.203936580443;2599.368780806799;3605.113577052066;4999.99999995282
0;5526221994490;20;phasez;-1.52229;-1.5237;-1.52539;-1.52707;-1.52823;-1.52901;-1.53024;-1.53101;-1.53165;-1.53222;-1.5327;-1.53306;-1.53327;-1.53324;-1.53288;-1.53206;-1.5306;-1.52828;-1.52478;-1.51964
1;5526992117869;50;absz;7.71454e+06;6.60214e+06;5.65222e+06;4.83689e+06;4.13747e+06;3.5394e+06;3.0302e+06;2.59171e+06;2.21612e+06;1.89594e+06;1.62178e+06;1.38696e+06;1.18634e+06;1.01454e+06;867628;742002;634545;542595;464002;396756;339244;290063;248010;212039;181281;154987;132502;113274;96833.7;82779.3;70764.9;60490.2;51708.2;44198.7;37779.3;32291.2;27598.7;23587.2;20156.9;17224.1;14715.9;12571.1;10736.1;9166.21;7822.42;6671.81;5685.99;4840.54;4114.72;3490.71
1;5526992117869;50;frequency;199.9999999213742;234.625769479635;275.2462588517801;322.8993264769997;378.802514688914;444.3841576318164;521.3198749487447;611.5753842550475;717.456725922716;841.6691823498468;987.3863981368913;1158.33146786315;1358.872060208682;1594.132014446359;1870.122253535556;2193.894364737048;2573.720768452858;3019.306079821149;3542.035062906734;4155.263512473084;4874.659497176026;5718.603679767398;6708.658946337209;7870.121340545211;9232.666380967203;10831.10727442716;12706.28439819177;14906.10877695531;17486.78621595445;20514.25336674129;24065.86241733066;28232.35745111674;33120.19296963342;38854.25382030405;45581.04601983359;53472.44000269313;62730.06193403319;73590.44528463698;86331.07429211862;101277.4737211686;118811.5260634959;139381.228686517;163512.140226203;191820.8086789974;225030.524286467;263989.7996954232;309694.0495706946;363311.0235703185;426210.642505751;499999.9999999716
1;5526992117869;50;phasez;-1.532;-1.53162;-1.53399;-1.53564;-1.53433;-1.53481;-1.53537;-1.53614;-1.5359;-1.53663;-1.53661;-1.53692;-1.53743;-1.53772;-1.53799;-1.53818;-1.53841;-1.53857;-1.53878;-1.53894;-1.53903;-1.53911;-1.53911;-1.53908;-1.53898;-1.5388;-1.53851;-1.53813;-1.53765;-1.53704;-1.53628;-1.53535;-1.53422;-1.53285;-1.53123;-1.52931;-1.52702;-1.5243;-1.52109;-1.51729;-1.51279;-1.50748;-1.5012;-1.49379;-1.48502;-1.47464;-1.46233;-1.44768;-1.43018;-1.40915
2;5527761969441;50;absz;85294.1;76336.6;68333.2;61170.5;54756.3;49002;43854.9;39250;35133.5;31442.8;28142.6;25186.8;22541.4;20171.8;18055.1;16158.1;14460.9;12942.1;11582.3;10366.2;9277.19;8302.4;7430.08;6649.18;5950.18;5324.64;4764.72;4263.48;3814.84;3413.18;3053.62;2731.77;2443.68;2185.73;1954.77;1748;1562.87;1397.09;1248.62;1115.67;996.618;889.992;794.549;709.092;632.726;564.494;503.65;449.615;401.843;360.019
2;5527761969441;50;frequency;20000.00000002444;22385.53853899816;25055.61678390222;28044.17375656954;31389.19662092121;35133.2035329932;39323.78408414649;44014.2042055669;49264.08322518227;55140.1516811012;61717.09952482729;69078.52549602467;77317.99973512921;86540.25314108083;96862.50859274992;108415.9709538568;121347.4948009008;135821.4510731415;152021.8163702936;170154.5114554648;190450.0186878266;213166.3116533389;238592.1342356312;267050.6708003728;298903.6541519141;334555.9634717432;374460.7706856584;419125.3006744233;469117.2785435782;525072.1459047724;587701.13789258;657800.3235824071;736260.7247225839;824079.6413975459;922373.3285811875;1032391.184709951;1155531.632626961;1293359.894754076;1447627.888434013;1620296.494325686;1813560.480908265;2029876.401899315;2271993.821195295;2542990.262224833;2846310.325953354;3185809.474764127;3565803.038745301;3991121.067296888;4467169.723268114;4999999.999999929
2;5527761969441;50;phasez;-1.54073;-1.54048;-1.54027;-1.54001;-1.53944;-1.53928;-1.53854;-1.53801;-1.53719;-1.53639;-1.53545;-1.53426;-1.53295;-1.5315;-1.5298;-1.52783;-1.52571;-1.52329;-1.5206;-1.5175;-1.5141;-1.51023;-1.50591;-1.50109;-1.49566;-1.48958;-1.48276;-1.47511;-1.46652;-1.45691;-1.4461;-1.43398;-1.42038;-1.40509;-1.38791;-1.36861;-1.3469;-1.32247;-1.29496;-1.26395;-1.22898;-1.18946;-1.14477;-1.09412;-1.03656;-0.971113;-0.896444;-0.811096;-0.713348;-0.601227
3;5528081463145;20;absz;17578.2;14355.7;11720;9568.5;7813.39;6378.25;5207.14;4250.32;3469.03;2830.82;2309.12;1882.7;1534.52;1249.73;1016.93;826.551;670.967;544.115;441.288;359.147
3;5528081463145;20;frequency;99999.99999990905;122862.535599424;150952.0265389597;185463.4873444638;227865.1431623047;279960.8926363817;343967.05137965;422606.6409511731;519225.2346839865;637933.2888043621;783781.0140572543;962973.2274171232;1183133.324347452;1453627.601814205;1785963.729760951;2194280.323268956;2695948.443325946;3312310.615921419;4069588.809647371;4999999.999999929
3;5528081463145;20;phasez;-1.52896;-1.52569;-1.52158;-1.5165;-1.51023;-1.5024;-1.49267;-1.4807;-1.46583;-1.44745;-1.42467;-1.39643;-1.36141;-1.31787;-1.26364;-1.19578;-1.11042;-1.00237;-0.864378;-0.68688
