0;7654979116945;20;absz;1.37717e+08;1.00354e+08;7.31369e+07;5.32514e+07;3.87606e+07;2.82184e+07;2.05236e+07;1.49272e+07;1.08545e+07;7.89231e+06;5.73688e+06;4.16992e+06;3.03036e+06;2.202e+06;1.59984e+06;1.16222e+06;844142;613044;445139;323159
0;7654979116945;20;frequency;9.999999974752427;13.86918846435492;19.23543905490988;26.67799336109056;37.00021196095804;51.31629158938722;71.17153245417285;98.70914048804025;136.9015682683994;189.8713664161278;263.3361782500288;365.2259113806622;506.5387032487934;702.5280792305466;974.3494403835484;1351.343611730726;1874.203936580443;2599.368780806799;3605.113577052066;4999.99999995282
0;7654979116945;20;phasez;-1.51295;-1.51587;-1.51863;-1.52123;-1.52324;-1.52463;-1.52643;-1.52764;-1.52871;-1.52952;-1.53013;-1.53059;-1.53079;-1.53075;-1.53034;-1.52949;-1.52802;-1.52571;-1.52223;-1.51711
1;7655749022936;50;absz;7.45237e+06;6.36198e+06;5.44724e+06;4.66213e+06;3.9877e+06;3.41585e+06;2.92129e+06;2.49966e+06;2.13892e+06;1.82941e+06;1.56504e+06;1.3391e+06;1.14569e+06;980129;838479;717224;613532;524758;448894;383927;328377;280833;240187;205398;175650;150207;128449;109835;93918.3;80307.8;68668.6;58714.9;50204.1;42925.8;36701;31378.3;26826.1;22932.5;19603;16755;14318.5;12234.3;10450.7;8924.25;7617.28;6498.12;5538.91;4716.22;4009.85;3402.34
1;7655749022936;50;frequency;199.9999999213742;234.625769479635;275.2462588517801;322.8993264769997;378.802514688914;444.3841576318164;521.3198749487447;611.5753842550475;717.456725922716;841.6691823498468;987.3863981368913;1158.33146786315;1358.872060208682;1594.132014446359;1870.122253535556;2193.894364737048;2573.720768452858;3019.306079821149;3542.035062906734;4155.263512473084;4874.659497176026;5718.603679767398;6708.658946337209;7870.121340545211;9232.666380967203;10831.10727442716;12706.28439819177;14906.10877695531;17486.78621595445;20514.25336674129;24065.86241733066;28232.35745111674;33120.19296963342;38854.25382030405;45581.04601983359;53472.44000269313;62730.06193403319;73590.44528463698;86331.07429211862;101277.4737211686;118811.5260634959;139381.228686517;163512.140226203;191820.8086789974;225030.524286467;263989.7996954232;309694.0495706946;363311.0235703185;426210.642505751;499999.9999999716
1;7655749022936;50;phasez;-1.53048;-1.533;-1.53165;-1.5309;-1.5322;-1.53294;-1.53287;-1.53338;-1.53339;-1.53436;-1.53445;-1.5347;-1.53473;-1.5351;-1.53538;-1.53559;-1.53584;-1.53605;-1.5362;-1.53637;-1.5365;-1.53655;-1.53658;-1.53655;-1.53646;-1.53627;-1.53599;-1.53562;-1.53511;-1.53449;-1.53371;-1.53277;-1.53164;-1.53027;-1.52866;-1.52675;-1.52449;-1.52181;-1.51863;-1.51487;-1.51042;-1.50516;-1.49892;-1.49153;-1.48278;-1.4724;-1.46007;-1.44539;-1.42784;-1.40675
2;7656519308839;50;absz;82725.8;74066.9;66299.8;59360.8;53142.1;47579.6;42592;38127.9;34128.3;30550.5;27348.7;24481.7;21915.2;19616;17558.4;15718.2;14069.7;12593.5;11272.7;10089.7;9031.1;8083.49;7235.09;6475.45;5795.51;5187.07;4642.15;4154.46;3717.78;3326.83;2976.9;2663.56;2382.99;2131.8;1906.86;1705.46;1525.1;1363.52;1218.83;1089.2;973.1;869.135;776.019;692.645;618.087;551.464;492.044;439.242;392.559;351.66
2;7656519308839;50;frequency;20000.00000002444;22385.53853899816;25055.61678390222;28044.17375656954;31389.19662092121;35133.2035329932;39323.78408414649;44014.2042055669;49264.08322518227;55140.1516811012;61717.09952482729;69078.52549602467;77317.99973512921;86540.25314108083;96862.50859274992;108415.9709538568;121347.4948009008;135821.4510731415;152021.8163702936;170154.5114554648;190450.0186878266;213166.3116533389;238592.1342356312;267050.6708003728;298903.6541519141;334555.9634717432;374460.7706856584;419125.3006744233;469117.2785435782;525072.1459047724;587701.13789258;657800.3235824071;736260.7247225839;824079.6413975459;922373.3285811875;1032391.184709951;1155531.632626961;1293359.894754076;1447627.888434013;1620296.494325686;1813560.480908265;2029876.401899315;2271993.821195295;2542990.262224833;2846310.325953354;3185809.474764127;3565803.038745301;3991121.067296888;4467169.723268114;4999999.999999929
2;7656519308839;50;phasez;-1.5382;-1.53797;-1.53796;-1.53748;-1.53705;-1.53662;-1.53606;-1.53533;-1.53462;-1.53387;-1.53284;-1.53176;-1.53044;-1.529;-1.52738;-1.52553;-1.5234;-1.521;-1.51827;-1.51526;-1.51184;-1.50797;-1.5037;-1.49885;-1.4934;-1.48731;-1.48045;-1.47278;-1.46415;-1.4545;-1.44365;-1.43148;-1.4178;-1.40247;-1.38525;-1.36588;-1.34411;-1.31962;-1.29205;-1.26098;-1.22593;-1.18633;-1.14155;-1.09079;-1.03313;-0.967556;-0.892734;-0.807203;-0.709237;-0.596849
3;7656836764415;20;absz;17092.8;13963.8;11402.9;9313.19;7606.65;6211.23;5072;4141.09;3380.78;2759.5;2251.63;1836.45;1497.3;1219.77;992.812;807.151;655.331;531.513;431.063;350.775
3;7656836764415;20;frequency;99999.99999990905;122862.535599424;150952.0265389597;185463.4873444638;227865.1431623047;279960.8926363817;343967.05137965;422606.6409511731;519225.2346839865;637933.2888043621;783781.0140572543;962973.2274171232;1183133.324347452;1453627.601814205;1785963.729760951;2194280.323268956;2695948.443325946;3312310.615921419;4069588.809647371;4999999.999999929
3;7656836764415;20;phasez;-1.52656;-1.52336;-1.51927;-1.51429;-1.50796;-1.50015;-1.49041;-1.47836;-1.46342;-1.44496;-1.42206;-1.39374;-1.3586;-1.31496;-1.26058;-1.19258;-1.10703;-0.998744;-0.860431;-0.682508
