0;541175278036;20;absz;2.42061e+08;1.74938e+08;1.26557e+08;9.15229e+07;6.62093e+07;4.78661e+07;3.46343e+07;2.50625e+07;1.81299e+07;1.31154e+07;9.4893e+06;6.86613e+06;4.96774e+06;3.59435e+06;2.60052e+06;1.88149e+06;1.36118e+06;984788;712439;515415
0;541175278036;20;frequency;9.999999974752427;13.86918846435492;19.23543905490988;26.67799336109056;37.00021196095804;51.31629158938722;71.17153245417285;98.70914048804025;136.9015682683994;189.8713664161278;263.3361782500288;365.2259113806622;506.5387032487934;702.5280792305466;974.3494403835484;1351.343611730726;1874.203936580443;2599.368780806799;3605.113577052066;4999.99999995282
0;541175278036;20;phasez;-1.55423;-1.55499;-1.5556;-1.5554;-1.55481;-1.55478;-1.55459;-1.55449;-1.55415;-1.55382;-1.55331;-1.55281;-1.55218;-1.55138;-1.5503;-1.54876;-1.54659;-1.54354;-1.53928;-1.53337
1;541947336470;50;absz;1.23684e+07;1.05402e+07;9.01418e+06;7.7007e+06;6.57649e+06;5.60316e+06;4.78571e+06;4.08761e+06;3.48839e+06;2.97924e+06;2.54406e+06;2.17208e+06;1.85445e+06;1.58314e+06;1.35189e+06;1.15445e+06;985440;841480;718498;613470;523782;447203;381856;326056;278402;237720;202987;173335;148016;126395;107937;92177.4;78717.8;67224.6;57409.6;49028;41868.4;35754;30530.5;26068.4;22256.4;18999.3;16215.2;13835.3;11799.9;10058.4;8567.5;7289.92;6193.86;5252.2
1;541947336470;50;frequency;199.9999999213742;234.625769479635;275.2462588517801;322.8993264769997;378.802514688914;444.3841576318164;521.3198749487447;611.5753842550475;717.456725922716;841.6691823498468;987.3863981368913;1158.33146786315;1358.872060208682;1594.132014446359;1870.122253535556;2193.894364737048;2573.720768452858;3019.306079821149;3542.035062906734;4155.263512473084;4874.659497176026;5718.603679767398;6708.658946337209;7870.121340545211;9232.666380967203;10831.10727442716;12706.28439819177;14906.10877695531;17486.78621595445;20514.25336674129;24065.86241733066;28232.35745111674;33120.19296963342;38854.25382030405;45581.04601983359;53472.44000269313;62730.06193403319;73590.44528463698;86331.07429211862;101277.4737211686;118811.5260634959;139381.228686517;163512.140226203;191820.8086789974;225030.524286467;263989.7996954232;309694.0495706946;363311.0235703185;426210.642505751;499999.9999999716
1;541947336470;50;phasez;-1.55215;-1.55079;-1.5524;-1.55519;-1.5538;-1.55513;-1.55461;-1.55459;-1.55451;-1.55426;-1.55406;-1.55413;-1.55416;-1.55418;-1.55409;-1.5538;-1.55376;-1.55352;-1.55337;-1.55311;-1.5528;-1.55256;-1.55215;-1.55173;-1.55126;-1.55069;-1.55006;-1.54931;-1.54848;-1.54749;-1.54639;-1.5451;-1.54363;-1.54193;-1.53999;-1.53773;-1.53513;-1.5321;-1.52858;-1.52447;-1.51967;-1.51406;-1.50748;-1.49975;-1.49067;-1.47996;-1.4673;-1.4523;-1.43443;-1.41302
2;542715458102;50;absz;130254;116557;104236;93214;83381.8;74563.6;66713.4;59653.7;53354.7;47730.3;42689;38185.3;34157;30552.6;27329.3;24446.6;21866.8;19559.2;17497.5;15652.2;14001.9;12525.4;11204.6;10023.5;8966.37;8020.93;7174.89;6418.11;5741.26;5135.6;4593.59;4108.61;3674.85;3286.59;2939.34;2628.46;2350.34;2101.53;1878.86;1679.65;1501.41;1341.95;1199.37;1071.87;958.246;856.886;766.749;687.018;616.916;556.032
2;542715458102;50;frequency;20000.00000002444;22385.53853899816;25055.61678390222;28044.17375656954;31389.19662092121;35133.2035329932;39323.78408414649;44014.2042055669;49264.08322518227;55140.1516811012;61717.09952482729;69078.52549602467;77317.99973512921;86540.25314108083;96862.50859274992;108415.9709538568;121347.4948009008;135821.4510731415;152021.8163702936;170154.5114554648;190450.0186878266;213166.3116533389;238592.1342356312;267050.6708003728;298903.6541519141;334555.9634717432;374460.7706856584;419125.3006744233;469117.2785435782;525072.1459047724;587701.13789258;657800.3235824071;736260.7247225839;824079.6413975459;922373.3285811875;1032391.184709951;1155531.632626961;1293359.894754076;1447627.888434013;1620296.494325686;1813560.480908265;2029876.401899315;2271993.821195295;2542990.262224833;2846310.325953354;3185809.474764127;3565803.038745301;3991121.067296888;4467169.723268114;4999999.999999929
2;542715458102;50;phasez;-1.55094;-1.55101;-1.55006;-1.54972;-1.54903;-1.54844;-1.54766;-1.54685;-1.54585;-1.54487;-1.54359;-1.54217;-1.54062;-1.53892;-1.53716;-1.53493;-1.53257;-1.52993;-1.52703;-1.52373;-1.52005;-1.51605;-1.51149;-1.50641;-1.50075;-1.49443;-1.48735;-1.47946;-1.47063;-1.46073;-1.44966;-1.43727;-1.42336;-1.40779;-1.39033;-1.37074;-1.34874;-1.32402;-1.29622;-1.26494;-1.22969;-1.18993;-1.14503;-1.09421;-1.03644;-0.970935;-0.896276;-0.81105;-0.713602;-0.602005
3;543033925360;20;absz;26602.2;21706;17711.6;14452.1;11786.6;9614.25;7843.99;6397.91;5219.29;4256.85;3471.68;2830.87;2307.58;1880.2;1531.67;1247.08;1015.09;826.657;674.746;554.671
3;543033925360;20;frequency;99999.99999990905;122862.535599424;150952.0265389597;185463.4873444638;227865.1431623047;279960.8926363817;343967.05137965;422606.6409511731;519225.2346839865;637933.2888043621;783781.0140572543;962973.2274171232;1183133.324347452;1453627.601814205;1785963.729760951;2194280.323268956;2695948.443325946;3312310.615921419;4069588.809647371;4999999.999999929
3;543033925360;20;phasez;-1.5361;-1.53243;-1.52795;-1.52256;-1.51586;-1.50763;-1.49745;-1.485;-1.46966;-1.45078;-1.42748;-1.39871;-1.36317;-1.31911;-1.26434;-1.19607;-1.11032;-1.0021;-0.864263;-0.687517
