0;4477194830120;20;absz;1.51887e+08;1.10447e+08;8.03095e+07;5.83669e+07;4.24327e+07;3.08214e+07;2.2404e+07;1.62781e+07;1.18223e+07;8.58516e+06;6.23323e+06;4.52477e+06;3.28391e+06;2.38299e+06;1.72896e+06;1.25425e+06;909708;659735;478354;346784
0;4477194830120;20;frequency;9.999999974752427;13.86918846435492;19.23543905490988;26.67799336109056;37.00021196095804;51.31629158938722;71.17153245417285;98.70914048804025;136.9015682683994;189.8713664161278;263.3361782500288;365.2259113806622;506.5387032487934;702.5280792305466;974.3494403835484;1351.343611730726;1874.203936580443;2599.368780806799;3605.113577052066;4999.99999995282
0;4477194830120;20;phasez;-1.5286;-1.52952;-1.52971;-1.53135;-1.53197;-1.53291;-1.53388;-1.53467;-1.53542;-1.5361;-1.53672;-1.53709;-1.53736;-1.53734;-1.53697;-1.53614;-1.53468;-1.53236;-1.52884;-1.52365
1;4477963949516;50;absz;8.08781e+06;6.91833e+06;5.91831e+06;5.06245e+06;4.32411e+06;3.69993e+06;3.16383e+06;2.70651e+06;2.31378e+06;1.97827e+06;1.69178e+06;1.4461e+06;1.23645e+06;1.0571e+06;903554;772440;660268;564425;482409;412328;352397;301184;257405;219986;187993;160657;137292;117327;100261;85674.8;73212.5;62561.9;53460;45682.8;39036.7;33356.4;28501.8;24352.1;20805.7;17774;15182.4;12966.3;11071;9449.75;8062.32;6874.69;5857.13;4984.86;4236.12;3592.64
1;4477963949516;50;frequency;199.9999999213742;234.625769479635;275.2462588517801;322.8993264769997;378.802514688914;444.3841576318164;521.3198749487447;611.5753842550475;717.456725922716;841.6691823498468;987.3863981368913;1158.33146786315;1358.872060208682;1594.132014446359;1870.122253535556;2193.894364737048;2573.720768452858;3019.306079821149;3542.035062906734;4155.263512473084;4874.659497176026;5718.603679767398;6708.658946337209;7870.121340545211;9232.666380967203;10831.10727442716;12706.28439819177;14906.10877695531;17486.78621595445;20514.25336674129;24065.86241733066;28232.35745111674;33120.19296963342;38854.25382030405;45581.04601983359;53472.44000269313;62730.06193403319;73590.44528463698;86331.07429211862;101277.4737211686;118811.5260634959;139381.228686517;163512.140226203;191820.8086789974;225030.524286467;263989.7996954232;309694.0495706946;363311.0235703185;426210.642505751;499999.9999999716
1;4477963949516;50;phasez;-1.53805;-1.53863;-1.53499;-1.53868;-1.53869;-1.53986;-1.53947;-1.54013;-1.54062;-1.54049;-1.54094;-1.54137;-1.54143;-1.54174;-1.54208;-1.54231;-1.54245;-1.54268;-1.54282;-1.54296;-1.54307;-1.54311;-1.54306;-1.54296;-1.54281;-1.54258;-1.54225;-1.54181;-1.54124;-1.54057;-1.5397;-1.53869;-1.53746;-1.53601;-1.5343;-1.53229;-1.52992;-1.52714;-1.52387;-1.52004;-1.51553;-1.51022;-1.50396;-1.49658;-1.48785;-1.47752;-1.46525;-1.45066;-1.4332;-1.41222
2;4478733254036;50;absz;88282.4;79017.2;70697.9;63261.5;56630.4;50659.1;45327.8;40565;36303.1;32478.1;29064;26006;23270.4;20822.9;18631.7;16672.8;14919.8;13350.5;11945.4;10688.9;9564.27;8558.05;7657.25;6850.97;6129.73;5484.11;4906.45;4389.4;3926.6;3512.41;3141.7;2809.95;2513.04;2247.26;2009.34;1796.42;1605.8;1435.18;1282.39;1145.62;1023.18;913.584;815.467;727.688;649.251;579.194;516.754;461.314;412.334;369.478
2;4478733254036;50;frequency;20000.00000002444;22385.53853899816;25055.61678390222;28044.17375656954;31389.19662092121;35133.2035329932;39323.78408414649;44014.2042055669;49264.08322518227;55140.1516811012;61717.09952482729;69078.52549602467;77317.99973512921;86540.25314108083;96862.50859274992;108415.9709538568;121347.4948009008;135821.4510731415;152021.8163702936;170154.5114554648;190450.0186878266;213166.3116533389;238592.1342356312;267050.6708003728;298903.6541519141;334555.9634717432;374460.7706856584;419125.3006744233;469117.2785435782;525072.1459047724;587701.13789258;657800.3235824071;736260.7247225839;824079.6413975459;922373.3285811875;1032391.184709951;1155531.632626961;1293359.894754076;1447627.888434013;1620296.494325686;1813560.480908265;2029876.401899315;2271993.821195295;2542990.262224833;2846310.325953354;3185809.474764127;3565803.038745301;3991121.067296888;4467169.723268114;4999999.999999929
2;4478733254036;50;phasez;-1.54424;-1.54405;-1.54369;-1.54347;-1.54301;-1.54252;-1.54165;-1.54108;-1.54025;-1.5394;-1.53833;-1.53706;-1.53577;-1.53429;-1.53253;-1.53064;-1.52846;-1.52604;-1.52334;-1.52027;-1.51684;-1.51304;-1.50877;-1.50396;-1.49857;-1.49251;-1.48574;-1.47812;-1.46958;-1.45998;-1.44921;-1.43711;-1.42353;-1.40826;-1.39109;-1.37181;-1.35011;-1.32569;-1.29819;-1.26719;-1.23222;-1.19272;-1.14804;-1.0974;-1.03985;-0.974444;-0.899825;-0.814533;-0.716865;-0.604849
3;4479050497200;20;absz;18140.7;14810.3;12088.1;9865.81;8052.95;6572.04;5362.89;4375.92;3569.89;2911.91;2374.25;1935.08;1576.56;1283.49;1044.04;848.33;688.481;558.248;452.763;368.585
3;4479050497200;20;frequency;99999.99999990905;122862.535599424;150952.0265389597;185463.4873444638;227865.1431623047;279960.8926363817;343967.05137965;422606.6409511731;519225.2346839865;637933.2888043621;783781.0140572543;962973.2274171232;1183133.324347452;1453627.601814205;1785963.729760951;2194280.323268956;2695948.443325946;3312310.615921419;4069588.809647371;4999999.999999929
3;4479050497200;20;phasez;-1.53167;-1.5284;-1.52428;-1.5193;-1.51305;-1.50528;-1.49566;-1.4837;-1.46892;-1.45057;-1.42782;-1.39963;-1.36463;-1.32111;-1.26688;-1.19905;-1.11373;-1.00573;-0.867841;-0.690515
