0;1375234089199;20;absz;2.03969e+08;1.474e+08;1.06457e+08;7.69132e+07;5.56109e+07;4.01601e+07;2.90325e+07;2.09806e+07;1.51664e+07;1.09619e+07;7.92484e+06;5.72891e+06;4.14199e+06;2.99452e+06;2.1649e+06;1.56514e+06;1.13158e+06;818140;591537;427714
0;1375234089199;20;frequency;9.999999974752427;13.86918846435492;19.23543905490988;26.67799336109056;37.00021196095804;51.31629158938722;71.17153245417285;98.70914048804025;136.9015682683994;189.8713664161278;263.3361782500288;365.2259113806622;506.5387032487934;702.5280792305466;974.3494403835484;1351.343611730726;1874.203936580443;2599.368780806799;3605.113577052066;4999.99999995282
0;1375234089199;20;phasez;-1.55917;-1.5595;-1.55956;-1.55935;-1.55929;-1.55982;-1.55912;-1.55873;-1.5583;-1.55783;-1.55727;-1.55662;-1.55591;-1.55496;-1.55369;-1.55197;-1.54961;-1.54634;-1.54186;-1.53569
1;1376004169046;50;absz;1.03172e+07;8.78235e+06;7.52752e+06;6.40776e+06;5.47721e+06;4.67194e+06;3.98935e+06;3.40439e+06;2.90628e+06;2.48118e+06;2.11776e+06;1.80749e+06;1.54292e+06;1.31687e+06;1.12404e+06;959293;818824;698943;596651;509289;434705;371069;316766;270415;230858;197081;168255;143652;122654;104724;89422.5;76356.7;65202;55680.2;47550;40607.7;34678.7;29615.7;25291.1;21597.2;18440.9;15744.6;13439.7;11469.3;9784.17;8342.05;7107.44;6049.38;5141.59;4361.45
1;1376004169046;50;frequency;199.9999999213742;234.625769479635;275.2462588517801;322.8993264769997;378.802514688914;444.3841576318164;521.3198749487447;611.5753842550475;717.456725922716;841.6691823498468;987.3863981368913;1158.33146786315;1358.872060208682;1594.132014446359;1870.122253535556;2193.894364737048;2573.720768452858;3019.306079821149;3542.035062906734;4155.263512473084;4874.659497176026;5718.603679767398;6708.658946337209;7870.121340545211;9232.666380967203;10831.10727442716;12706.28439819177;14906.10877695531;17486.78621595445;20514.25336674129;24065.86241733066;28232.35745111674;33120.19296963342;38854.25382030405;45581.04601983359;53472.44000269313;62730.06193403319;73590.44528463698;86331.07429211862;101277.4737211686;118811.5260634959;139381.228686517;163512.140226203;191820.8086789974;225030.524286467;263989.7996954232;309694.0495706946;363311.0235703185;426210.642505751;499999.9999999716
1;1376004169046;50;phasez;-1.56012;-1.55903;-1.55928;-1.55739;-1.55795;-1.55856;-1.55768;-1.5574;-1.55782;-1.55771;-1.55747;-1.55743;-1.55748;-1.55726;-1.55702;-1.55676;-1.55651;-1.5562;-1.55592;-1.55558;-1.55518;-1.55472;-1.55427;-1.55369;-1.55305;-1.55235;-1.55155;-1.55064;-1.54962;-1.54847;-1.54717;-1.5457;-1.54402;-1.54212;-1.53996;-1.5375;-1.53467;-1.53142;-1.52767;-1.52333;-1.51829;-1.51244;-1.50562;-1.49765;-1.48831;-1.47735;-1.46445;-1.44919;-1.43107;-1.40941
2;1376772341302;50;absz;107944;96570.6;86349;77236.1;69051.5;61773.3;55256.2;49422.4;44204.7;39532.5;35365.2;31634.6;28294.4;25312;22643;20255.6;18119.5;16210.9;14502.5;12975;11608.7;10385.6;9292.08;8313.79;7438.27;6655.23;5954.76;5327.75;4766.95;4265.09;3815.91;3414;3054.18;2732.31;2444.13;2186.29;1955.44;1748.8;1563.84;1398.22;1249.96;1117.31;998.61;892.392;797.542;712.893;637.548;570.757;511.902;460.625
2;1376772341302;50;frequency;20000.00000002444;22385.53853899816;25055.61678390222;28044.17375656954;31389.19662092121;35133.2035329932;39323.78408414649;44014.2042055669;49264.08322518227;55140.1516811012;61717.09952482729;69078.52549602467;77317.99973512921;86540.25314108083;96862.50859274992;108415.9709538568;121347.4948009008;135821.4510731415;152021.8163702936;170154.5114554648;190450.0186878266;213166.3116533389;238592.1342356312;267050.6708003728;298903.6541519141;334555.9634717432;374460.7706856584;419125.3006744233;469117.2785435782;525072.1459047724;587701.13789258;657800.3235824071;736260.7247225839;824079.6413975459;922373.3285811875;1032391.184709951;1155531.632626961;1293359.894754076;1447627.888434013;1620296.494325686;1813560.480908265;2029876.401899315;2271993.821195295;2542990.262224833;2846310.325953354;3185809.474764127;3565803.038745301;3991121.067296888;4467169.723268114;4999999.999999929
2;1376772341302;50;phasez;-1.55225;-1.55155;-1.551;-1.55026;-1.54964;-1.54883;-1.54773;-1.54686;-1.54579;-1.54443;-1.5432;-1.54163;-1.53995;-1.53811;-1.5359;-1.53374;-1.53113;-1.52839;-1.52524;-1.52181;-1.51797;-1.51375;-1.50901;-1.50378;-1.49796;-1.49145;-1.48418;-1.47611;-1.46709;-1.45702;-1.44576;-1.43318;-1.41911;-1.40336;-1.38572;-1.36595;-1.34377;-1.31887;-1.2909;-1.25942;-1.22398;-1.18402;-1.13889;-1.08782;-1.02984;-0.964026;-0.88903;-0.803417;-0.705474;-0.593301
3;1377088745383;20;absz;22046.1;17988.9;14681.1;11977.1;9772.91;7976.16;6508.86;5311.8;4334.77;3537.25;2886.34;2354.35;1919.91;1565.23;1275.27;1038.43;845.019;687.667;560.478;459.5
3;1377088745383;20;frequency;99999.99999990905;122862.535599424;150952.0265389597;185463.4873444638;227865.1431623047;279960.8926363817;343967.05137965;422606.6409511731;519225.2346839865;637933.2888043621;783781.0140572543;962973.2274171232;1183133.324347452;1453627.601814205;1785963.729760951;2194280.323268956;2695948.443325946;3312310.615921419;4069588.809647371;4999999.999999929
3;1377088745383;20;phasez;-1.53498;-1.53108;-1.52633;-1.52052;-1.51349;-1.50493;-1.49441;-1.48168;-1.46599;-1.44676;-1.42314;-1.39407;-1.35818;-1.31378;-1.25869;-1.19001;-1.10383;-0.9951;-0.856575;-0.67882
