0;5646215729855;20;absz;1.43325e+08;1.04386e+08;7.59644e+07;5.5243e+07;4.02009e+07;2.92461e+07;2.12545e+07;1.54507e+07;1.12307e+07;8.16175e+06;5.93104e+06;4.3093e+06;3.13056e+06;2.27383e+06;1.65129e+06;1.19905e+06;870464;631845;458568;332753
0;5646215729855;20;frequency;9.999999974752427;13.86918846435492;19.23543905490988;26.67799336109056;37.00021196095804;51.31629158938722;71.17153245417285;98.70914048804025;136.9015682683994;189.8713664161278;263.3361782500288;365.2259113806622;506.5387032487934;702.5280792305466;974.3494403835484;1351.343611730726;1874.203936580443;2599.368780806799;3605.113577052066;4999.99999995282
0;5646215729855;20;phasez;-1.52176;-1.52318;-1.52494;-1.5268;-1.52786;-1.52914;-1.52996;-1.53073;-1.5314;-1.53199;-1.53244;-1.53279;-1.53299;-1.53294;-1.53259;-1.53179;-1.53031;-1.528;-1.5245;-1.51934
1;5646983984353;50;absz;7.68378e+06;6.58947e+06;5.63022e+06;4.82125e+06;4.12034e+06;3.52773e+06;3.01895e+06;2.58053e+06;2.20818e+06;1.88867e+06;1.61567e+06;1.38164e+06;1.18212e+06;1.011e+06;864613;739446;632450;540783;462439;395429;338129;289119;247207;211361;180710;154498;132089;112925;96537.4;82527.5;70552.2;60310.9;51556;44069.8;37670.5;32198.9;27520.7;23521;20101.1;17176.8;14675.7;12536.7;10707;9141.38;7801.33;6654.03;5670.88;4827.85;4104.08;3481.75
1;5646983984353;50;frequency;199.9999999213742;234.625769479635;275.2462588517801;322.8993264769997;378.802514688914;444.3841576318164;521.3198749487447;611.5753842550475;717.456725922716;841.6691823498468;987.3863981368913;1158.33146786315;1358.872060208682;1594.132014446359;1870.122253535556;2193.894364737048;2573.720768452858;3019.306079821149;3542.035062906734;4155.263512473084;4874.659497176026;5718.603679767398;6708.658946337209;7870.121340545211;9232.666380967203;10831.10727442716;12706.28439819177;14906.10877695531;17486.78621595445;20514.25336674129;24065.86241733066;28232.35745111674;33120.19296963342;38854.25382030405;45581.04601983359;53472.44000269313;62730.06193403319;73590.44528463698;86331.07429211862;101277.4737211686;118811.5260634959;139381.228686517;163512.140226203;191820.8086789974;225030.524286467;263989.7996954232;309694.0495706946;363311.0235703185;426210.642505751;499999.9999999716
1;5646983984353;50;phasez;-1.53509;-1.53374;-1.53402;-1.53358;-1.53476;-1.53462;-1.53521;-1.53527;-1.53589;-1.53598;-1.53652;-1.53681;-1.53721;-1.53742;-1.5377;-1.53798;-1.53805;-1.53835;-1.53843;-1.53862;-1.53874;-1.53882;-1.53883;-1.5388;-1.53869;-1.5385;-1.53825;-1.53786;-1.53737;-1.53676;-1.536;-1.53508;-1.53396;-1.5326;-1.53098;-1.52906;-1.52678;-1.52407;-1.52086;-1.51707;-1.51257;-1.50727;-1.501;-1.49358;-1.48481;-1.47443;-1.46211;-1.44745;-1.42994;-1.4089
2;5647755543612;50;absz;85026.4;76113.9;68151.6;60983.4;54585.5;48855.8;43729.9;39144.5;35034.8;31352.3;28060.1;25114.1;22477.4;20117.5;18003.7;16113.7;14421.7;12906.6;11551.1;10338;9252.01;8280.03;7410.08;6631.22;5934.44;5310.63;4752.26;4252.33;3804.91;3404.49;3045.85;2724.88;2437.49;2180.24;1949.94;1743.71;1559.03;1393.68;1245.61;1112.98;994.222;887.887;792.683;707.424;631.246;563.169;502.476;448.556;400.901;359.167
2;5647755543612;50;frequency;20000.00000002444;22385.53853899816;25055.61678390222;28044.17375656954;31389.19662092121;35133.2035329932;39323.78408414649;44014.2042055669;49264.08322518227;55140.1516811012;61717.09952482729;69078.52549602467;77317.99973512921;86540.25314108083;96862.50859274992;108415.9709538568;121347.4948009008;135821.4510731415;152021.8163702936;170154.5114554648;190450.0186878266;213166.3116533389;238592.1342356312;267050.6708003728;298903.6541519141;334555.9634717432;374460.7706856584;419125.3006744233;469117.2785435782;525072.1459047724;587701.13789258;657800.3235824071;736260.7247225839;824079.6413975459;922373.3285811875;1032391.184709951;1155531.632626961;1293359.894754076;1447627.888434013;1620296.494325686;1813560.480908265;2029876.401899315;2271993.821195295;2542990.262224833;2846310.325953354;3185809.474764127;3565803.038745301;3991121.067296888;4467169.723268114;4999999.999999929
2;5647755543612;50;phasez;-1.54043;-1.54036;-1.53999;-1.53957;-1.5393;-1.53892;-1.5383;-1.53778;-1.53702;-1.53615;-1.53512;-1.53405;-1.53275;-1.53127;-1.52953;-1.5277;-1.52549;-1.52308;-1.52037;-1.51731;-1.51388;-1.51001;-1.50572;-1.50088;-1.49543;-1.48935;-1.48252;-1.47487;-1.46628;-1.45665;-1.44586;-1.43372;-1.4201;-1.40481;-1.38763;-1.36832;-1.34661;-1.32217;-1.29465;-1.26365;-1.22865;-1.18913;-1.14443;-1.09375;-1.03619;-0.970721;-0.896034;-0.81066;-0.712878;-0.600723
3;5648071837255;20;absz;17528.7;14315.2;11687.3;9542.23;7792.11;6361.1;5193.28;4239.12;3459.9;2823.5;2303.14;1877.94;1530.67;1246.65;1014.42;824.539;669.347;542.813;440.237;358.288
3;5648071837255;20;frequency;99999.99999990905;122862.535599424;150952.0265389597;185463.4873444638;227865.1431623047;279960.8926363817;343967.05137965;422606.6409511731;519225.2346839865;637933.2888043621;783781.0140572543;962973.2274171232;1183133.324347452;1453627.601814205;1785963.729760951;2194280.323268956;2695948.443325946;3312310.615921419;4069588.809647371;4999999.999999929
3;5648071837255;20;phasez;-1.52874;-1.52543;-1.52138;-1.51632;-1.51;-1.50214;-1.49245;-1.48047;-1.4656;-1.4472;-1.4244;-1.39616;-1.36112;-1.31758;-1.26332;-1.19545;-1.11005;-1.00198;-0.863956;-0.686387
