0;892656864697;20;absz;2.18796e+08;1.58226e+08;1.14364e+08;8.27361e+07;5.98105e+07;4.32804e+07;3.1282e+07;2.26255e+07;1.63655e+07;1.18396e+07;8.566e+06;6.19767e+06;4.48457e+06;3.24502e+06;2.34818e+06;1.69914e+06;1.22954e+06;889722;643869;465949
0;892656864697;20;frequency;9.999999974752427;13.86918846435492;19.23543905490988;26.67799336109056;37.00021196095804;51.31629158938722;71.17153245417285;98.70914048804025;136.9015682683994;189.8713664161278;263.3361782500288;365.2259113806622;506.5387032487934;702.5280792305466;974.3494403835484;1351.343611730726;1874.203936580443;2599.368780806799;3605.113577052066;4999.99999995282
0;892656864697;20;phasez;-1.55716;-1.55737;-1.55743;-1.55626;-1.55601;-1.55608;-1.55558;-1.5551;-1.55458;-1.55402;-1.55338;-1.55267;-1.55185;-1.55086;-1.54959;-1.5479;-1.54553;-1.5423;-1.53786;-1.53178
1;893424183757;50;absz;1.11236e+07;9.52896e+06;8.12571e+06;6.94805e+06;5.92599e+06;5.05589e+06;4.31995e+06;3.68704e+06;3.1497e+06;2.68993e+06;2.29633e+06;1.9616e+06;1.67495e+06;1.43007e+06;1.22122e+06;1.04285e+06;890485;760276;649266;554497;473510;404364;345335;294920;251868;215114;183722;156917;134027;114480;97784.1;83525.5;71346.8;60945.8;52062.7;44474.1;37991;32452;27720.1;23676.7;20220.9;17267.6;14742.5;12583.2;10736;9154.88;7800.86;6640.21;5644.1;4788.07
1;893424183757;50;frequency;199.9999999213742;234.625769479635;275.2462588517801;322.8993264769997;378.802514688914;444.3841576318164;521.3198749487447;611.5753842550475;717.456725922716;841.6691823498468;987.3863981368913;1158.33146786315;1358.872060208682;1594.132014446359;1870.122253535556;2193.894364737048;2573.720768452858;3019.306079821149;3542.035062906734;4155.263512473084;4874.659497176026;5718.603679767398;6708.658946337209;7870.121340545211;9232.666380967203;10831.10727442716;12706.28439819177;14906.10877695531;17486.78621595445;20514.25336674129;24065.86241733066;28232.35745111674;33120.19296963342;38854.25382030405;45581.04601983359;53472.44000269313;62730.06193403319;73590.44528463698;86331.07429211862;101277.4737211686;118811.5260634959;139381.228686517;163512.140226203;191820.8086789974;225030.524286467;263989.7996954232;309694.0495706946;363311.0235703185;426210.642505751;499999.9999999716
1;893424183757;50;phasez;-1.55596;-1.55493;-1.55327;-1.55322;-1.55512;-1.5549;-1.55377;-1.55429;-1.55334;-1.55336;-1.55343;-1.55335;-1.55331;-1.5532;-1.55303;-1.55274;-1.5525;-1.55216;-1.55194;-1.55165;-1.55126;-1.55088;-1.55043;-1.54991;-1.54934;-1.5487;-1.54797;-1.54716;-1.54622;-1.54515;-1.54397;-1.5426;-1.54104;-1.53926;-1.53722;-1.53489;-1.5322;-1.52908;-1.52547;-1.52128;-1.5164;-1.5107;-1.50403;-1.49623;-1.48706;-1.47628;-1.46355;-1.44848;-1.43054;-1.40907
2;894193977760;50;absz;118009;105537;94437.8;84472.6;75568.8;67600.4;60486;54101.2;48406.6;43301.7;38745.2;34663.9;31008.3;27746;24820.6;22207.1;19868.5;17777.4;15906.6;14233.2;12735.2;11395.6;10196.6;9123.95;8163.9;7304.93;6536.17;5848.48;5233.07;4682.2;4189.27;3748.06;3353.19;2999.82;2683.53;2400.43;2147;1920.16;1717.11;1535.38;1372.7;1227.12;1096.89;980.421;876.443;783.707;701.179;628.097;563.78;507.81
2;894193977760;50;frequency;20000.00000002444;22385.53853899816;25055.61678390222;28044.17375656954;31389.19662092121;35133.2035329932;39323.78408414649;44014.2042055669;49264.08322518227;55140.1516811012;61717.09952482729;69078.52549602467;77317.99973512921;86540.25314108083;96862.50859274992;108415.9709538568;121347.4948009008;135821.4510731415;152021.8163702936;170154.5114554648;190450.0186878266;213166.3116533389;238592.1342356312;267050.6708003728;298903.6541519141;334555.9634717432;374460.7706856584;419125.3006744233;469117.2785435782;525072.1459047724;587701.13789258;657800.3235824071;736260.7247225839;824079.6413975459;922373.3285811875;1032391.184709951;1155531.632626961;1293359.894754076;1447627.888434013;1620296.494325686;1813560.480908265;2029876.401899315;2271993.821195295;2542990.262224833;2846310.325953354;3185809.474764127;3565803.038745301;3991121.067296888;4467169.723268114;4999999.999999929
2;894193977760;50;phasez;-1.54888;-1.54858;-1.54774;-1.5473;-1.54659;-1.54597;-1.5449;-1.54401;-1.54286;-1.54196;-1.5406;-1.53918;-1.53764;-1.53579;-1.53389;-1.53169;-1.52927;-1.52655;-1.52361;-1.52029;-1.51659;-1.51244;-1.50785;-1.50273;-1.49697;-1.49062;-1.48351;-1.47557;-1.46666;-1.45675;-1.44561;-1.43316;-1.41922;-1.4036;-1.38609;-1.36644;-1.34438;-1.3196;-1.29174;-1.2604;-1.22509;-1.18526;-1.14027;-1.08936;-1.03151;-0.96587;-0.891069;-0.805678;-0.708027;-0.596164
3;894512916260;20;absz;24166;19724.6;16102.5;13142.3;10724.7;8752.88;7144.6;5830.85;4758.9;3883.15;3168.65;2584.81;2107.97;1718.45;1400.42;1140.53;928.462;756.091;616.881;506.595
3;894512916260;20;frequency;99999.99999990905;122862.535599424;150952.0265389597;185463.4873444638;227865.1431623047;279960.8926363817;343967.05137965;422606.6409511731;519225.2346839865;637933.2888043621;783781.0140572543;962973.2274171232;1183133.324347452;1453627.601814205;1785963.729760951;2194280.323268956;2695948.443325946;3312310.615921419;4069588.809647371;4999999.999999929
3;894512916260;20;phasez;-1.53314;-1.52926;-1.52465;-1.51908;-1.51224;-1.50392;-1.4937;-1.4811;-1.46569;-1.44671;-1.42331;-1.39444;-1.35879;-1.31462;-1.25975;-1.19132;-1.10541;-0.996998;-0.858864;-0.681674
