0;7883722032332;20;absz;1.37337e+08;1.00128e+08;7.29624e+07;5.3146e+07;3.86804e+07;2.81438e+07;2.04877e+07;1.49024e+07;1.08369e+07;7.87879e+06;5.72785e+06;4.16331e+06;3.02566e+06;2.19863e+06;1.59747e+06;1.16047e+06;842894;612145;444488;322691
0;7883722032332;20;frequency;9.999999974752427;13.86918846435492;19.23543905490988;26.67799336109056;37.00021196095804;51.31629158938722;71.17153245417285;98.70914048804025;136.9015682683994;189.8713664161278;263.3361782500288;365.2259113806622;506.5387032487934;702.5280792305466;974.3494403835484;1351.343611730726;1874.203936580443;2599.368780806799;3605.113577052066;4999.99999995282
0;7883722032332;20;phasez;-1.51185;-1.51537;-1.51829;-1.5204;-1.52281;-1.52489;-1.52597;-1.52734;-1.52845;-1.52933;-1.52996;-1.53043;-1.53066;-1.53061;-1.53023;-1.52937;-1.52791;-1.52562;-1.52214;-1.51702
1;7884492057131;50;absz;7.43357e+06;6.36012e+06;5.45038e+06;4.65795e+06;3.97969e+06;3.40821e+06;2.91659e+06;2.49417e+06;2.13582e+06;1.82643e+06;1.56302e+06;1.33729e+06;1.14406e+06;978708;837257;716160;612652;524063;448240;383379;327900;280429;239841;205110;175407;150001;128271;109687;93793;80199.6;68576.1;58637.4;50138.3;42869.1;36653.6;31337.7;26791.3;22903.7;19578.3;16733.8;14300.8;12219.1;10437.8;8913.26;7608.08;6490.5;5532.49;4710.78;4005.26;3398.5
1;7884492057131;50;frequency;199.9999999213742;234.625769479635;275.2462588517801;322.8993264769997;378.802514688914;444.3841576318164;521.3198749487447;611.5753842550475;717.456725922716;841.6691823498468;987.3863981368913;1158.33146786315;1358.872060208682;1594.132014446359;1870.122253535556;2193.894364737048;2573.720768452858;3019.306079821149;3542.035062906734;4155.263512473084;4874.659497176026;5718.603679767398;6708.658946337209;7870.121340545211;9232.666380967203;10831.10727442716;12706.28439819177;14906.10877695531;17486.78621595445;20514.25336674129;24065.86241733066;28232.35745111674;33120.19296963342;38854.25382030405;45581.04601983359;53472.44000269313;62730.06193403319;73590.44528463698;86331.07429211862;101277.4737211686;118811.5260634959;139381.228686517;163512.140226203;191820.8086789974;225030.524286467;263989.7996954232;309694.0495706946;363311.0235703185;426210.642505751;499999.9999999716
1;7884492057131;50;phasez;-1.53367;-1.53194;-1.53096;-1.53229;-1.5314;-1.53224;-1.53251;-1.53272;-1.53321;-1.53389;-1.53399;-1.53428;-1.5347;-1.53497;-1.53518;-1.53548;-1.53576;-1.53594;-1.53615;-1.53628;-1.5364;-1.53646;-1.53651;-1.53647;-1.53636;-1.53616;-1.53589;-1.53552;-1.53502;-1.5344;-1.53363;-1.53268;-1.53154;-1.53018;-1.52857;-1.52666;-1.52439;-1.52171;-1.51853;-1.51477;-1.51032;-1.50505;-1.49881;-1.49142;-1.48266;-1.47228;-1.45995;-1.44526;-1.42771;-1.40662
2;7885260192329;50;absz;82601.3;73966.3;66213;59289.5;53067;47510.4;42534.3;38079.2;34082.9;30511.2;27312.2;24450.8;21886.6;19592.7;17537.9;15698.3;14052.4;12578.2;11258.9;10077.5;9020.26;8073.69;7226.12;6467.86;5789;5180.97;4636.91;4149.69;3713.53;3323.12;2973.52;2660.56;2380.37;2129.47;1904.83;1703.65;1523.45;1362.08;1217.52;1088.06;972.092;868.228;775.218;691.915;617.461;550.907;491.55;438.804;392.168;351.312
2;7885260192329;50;frequency;20000.00000002444;22385.53853899816;25055.61678390222;28044.17375656954;31389.19662092121;35133.2035329932;39323.78408414649;44014.2042055669;49264.08322518227;55140.1516811012;61717.09952482729;69078.52549602467;77317.99973512921;86540.25314108083;96862.50859274992;108415.9709538568;121347.4948009008;135821.4510731415;152021.8163702936;170154.5114554648;190450.0186878266;213166.3116533389;238592.1342356312;267050.6708003728;298903.6541519141;334555.9634717432;374460.7706856584;419125.3006744233;469117.2785435782;525072.1459047724;587701.13789258;657800.3235824071;736260.7247225839;824079.6413975459;922373.3285811875;1032391.184709951;1155531.632626961;1293359.894754076;1447627.888434013;1620296.494325686;1813560.480908265;2029876.401899315;2271993.821195295;2542990.262224833;2846310.325953354;3185809.474764127;3565803.038745301;3991121.067296888;4467169.723268114;4999999.999999929
2;7885260192329;50;phasez;-1.53804;-1.53775;-1.53765;-1.5373;-1.5369;-1.53662;-1.53588;-1.53528;-1.53464;-1.5338;-1.53277;-1.53175;-1.53035;-1.52891;-1.52729;-1.52536;-1.52322;-1.52088;-1.51816;-1.51512;-1.5117;-1.50788;-1.50356;-1.49872;-1.49328;-1.4872;-1.48034;-1.47267;-1.46404;-1.45437;-1.44351;-1.43134;-1.41768;-1.40234;-1.3851;-1.36573;-1.34396;-1.31946;-1.29189;-1.26081;-1.22575;-1.18615;-1.14136;-1.0906;-1.03292;-0.967335;-0.8925;-0.806957;-0.708971;-0.596578
3;7885576565337;20;absz;17070.3;13946.1;11389;9301.12;7597.42;6203.42;5065.88;4136.27;3376.83;2756.31;2249.07;1834.37;1495.59;1218.42;991.734;806.289;654.657;530.959;430.613;350.416
3;7885576565337;20;frequency;99999.99999990905;122862.535599424;150952.0265389597;185463.4873444638;227865.1431623047;279960.8926363817;343967.05137965;422606.6409511731;519225.2346839865;637933.2888043621;783781.0140572543;962973.2274171232;1183133.324347452;1453627.601814205;1785963.729760951;2194280.323268956;2695948.443325946;3312310.615921419;4069588.809647371;4999999.999999929
3;7885576565337;20;phasez;-1.52645;-1.52314;-1.51916;-1.51413;-1.50785;-1.50001;-1.49028;-1.47824;-1.46331;-1.44481;-1.42193;-1.39359;-1.35845;-1.31479;-1.26042;-1.1924;-1.10684;-0.998521;-0.86019;-0.68223
