0;2502230990783;20;absz;1.8026e+08;1.30623e+08;9.45312e+07;6.84169e+07;4.95299e+07;3.58678e+07;2.59589e+07;1.87957e+07;1.36057e+07;9.84957e+06;7.12955e+06;5.1604e+06;3.73476e+06;2.70282e+06;1.95589e+06;1.41531e+06;1.02408e+06;740950;536060;387789
0;2502230990783;20;frequency;9.999999974752427;13.86918846435492;19.23543905490988;26.67799336109056;37.00021196095804;51.31629158938722;71.17153245417285;98.70914048804025;136.9015682683994;189.8713664161278;263.3361782500288;365.2259113806622;506.5387032487934;702.5280792305466;974.3494403835484;1351.343611730726;1874.203936580443;2599.368780806799;3605.113577052066;4999.99999995282
0;2502230990783;20;phasez;-1.54923;-1.5496;-1.55025;-1.55078;-1.55073;-1.55146;-1.55102;-1.55115;-1.55106;-1.55119;-1.55117;-1.55106;-1.5508;-1.5503;-1.54947;-1.54818;-1.5463;-1.54359;-1.53973;-1.53428
1;2503001369117;50;absz;9.25155e+06;7.92477e+06;6.77283e+06;5.77012e+06;4.92425e+06;4.21431e+06;3.59595e+06;3.07327e+06;2.62361e+06;2.24071e+06;1.91314e+06;1.63381e+06;1.39494e+06;1.19131e+06;1.01709e+06;868574;741567;633178;540634;461631;394126;336499;287291;245281;209401;178773;152616;130288;111222;94945;81049.1;69185.1;59056.7;50411.1;43030.5;36728.8;31348.5;26754.8;22833.2;19484.8;16625.4;14183.3;12097.3;10315.1;8791.72;7489.24;6374.96;5420.8;4602.77;3900.57
1;2503001369117;50;frequency;199.9999999213742;234.625769479635;275.2462588517801;322.8993264769997;378.802514688914;444.3841576318164;521.3198749487447;611.5753842550475;717.456725922716;841.6691823498468;987.3863981368913;1158.33146786315;1358.872060208682;1594.132014446359;1870.122253535556;2193.894364737048;2573.720768452858;3019.306079821149;3542.035062906734;4155.263512473084;4874.659497176026;5718.603679767398;6708.658946337209;7870.121340545211;9232.666380967203;10831.10727442716;12706.28439819177;14906.10877695531;17486.78621595445;20514.25336674129;24065.86241733066;28232.35745111674;33120.19296963342;38854.25382030405;45581.04601983359;53472.44000269313;62730.06193403319;73590.44528463698;86331.07429211862;101277.4737211686;118811.5260634959;139381.228686517;163512.140226203;191820.8086789974;225030.524286467;263989.7996954232;309694.0495706946;363311.0235703185;426210.642505751;499999.9999999716
1;2503001369117;50;phasez;-1.55002;-1.5495;-1.55174;-1.55176;-1.55418;-1.55275;-1.55278;-1.55342;-1.55311;-1.55351;-1.55332;-1.55342;-1.55365;-1.55364;-1.55372;-1.55372;-1.55378;-1.55374;-1.5537;-1.5537;-1.55366;-1.55363;-1.55354;-1.55336;-1.55316;-1.55289;-1.55253;-1.55207;-1.5515;-1.55079;-1.54996;-1.54892;-1.5477;-1.54624;-1.5445;-1.54246;-1.54004;-1.53718;-1.5338;-1.52983;-1.52515;-1.51962;-1.51311;-1.50543;-1.49637;-1.48566;-1.47299;-1.45794;-1.44001;-1.41851
2;2503770921546;50;absz;97839;87486.7;78224;69950.7;62557.7;55928.4;50016.6;44717.9;39983.5;35751.9;31965.1;28579.6;25552.2;22848.1;20428.5;18265.1;16332.9;14603.1;13057.9;11675;10439.4;9334.06;8345.84;7462.38;6672.19;5965.83;5334.12;4769.37;4264.05;3812.37;3408.38;3047.19;2723.99;2435.02;2176.58;1945.35;1738.53;1553.49;1387.98;1239.88;1107.39;988.849;882.831;788.007;703.354;627.816;560.546;500.896;448.276;402.327
2;2503770921546;50;frequency;20000.00000002444;22385.53853899816;25055.61678390222;28044.17375656954;31389.19662092121;35133.2035329932;39323.78408414649;44014.2042055669;49264.08322518227;55140.1516811012;61717.09952482729;69078.52549602467;77317.99973512921;86540.25314108083;96862.50859274992;108415.9709538568;121347.4948009008;135821.4510731415;152021.8163702936;170154.5114554648;190450.0186878266;213166.3116533389;238592.1342356312;267050.6708003728;298903.6541519141;334555.9634717432;374460.7706856584;419125.3006744233;469117.2785435782;525072.1459047724;587701.13789258;657800.3235824071;736260.7247225839;824079.6413975459;922373.3285811875;1032391.184709951;1155531.632626961;1293359.894754076;1447627.888434013;1620296.494325686;1813560.480908265;2029876.401899315;2271993.821195295;2542990.262224833;2846310.325953354;3185809.474764127;3565803.038745301;3991121.067296888;4467169.723268114;4999999.999999929
2;2503770921546;50;phasez;-1.55444;-1.55425;-1.55413;-1.55364;-1.5531;-1.55268;-1.55191;-1.55148;-1.55053;-1.54962;-1.54836;-1.54725;-1.5458;-1.54413;-1.54243;-1.54037;-1.53805;-1.53548;-1.53259;-1.52938;-1.52577;-1.52168;-1.51716;-1.51209;-1.50641;-1.50006;-1.49294;-1.48501;-1.4761;-1.46613;-1.45499;-1.44249;-1.42848;-1.41281;-1.39521;-1.37547;-1.35331;-1.32843;-1.30045;-1.26897;-1.2335;-1.19351;-1.14832;-1.09716;-1.03912;-0.973212;-0.898082;-0.812301;-0.714153;-0.601685
3;2504088183081;20;absz;19881.4;16211.9;13214.3;10769.7;8779.23;7156.44;5832.92;4754.51;3874.82;3157.98;2572.98;2095.91;1706.68;1389.19;1129.91;918.314;745.72;605.27;491.721;401.364
3;2504088183081;20;frequency;99999.99999990905;122862.535599424;150952.0265389597;185463.4873444638;227865.1431623047;279960.8926363817;343967.05137965;422606.6409511731;519225.2346839865;637933.2888043621;783781.0140572543;962973.2274171232;1183133.324347452;1453627.601814205;1785963.729760951;2194280.323268956;2695948.443325946;3312310.615921419;4069588.809647371;4999999.999999929
3;2504088183081;20;phasez;-1.54152;-1.53805;-1.53367;-1.52822;-1.52154;-1.51331;-1.5031;-1.49059;-1.4751;-1.45605;-1.43257;-1.40357;-1.36773;-1.32335;-1.26823;-1.19947;-1.11321;-1.00428;-0.86548;-0.687291
