0;10612341692516;20;absz;1.35919e+08;9.91171e+07;7.22178e+07;5.26295e+07;3.83185e+07;2.78925e+07;2.0303e+07;1.47726e+07;1.07444e+07;7.81332e+06;5.68097e+06;4.12971e+06;3.00152e+06;2.18123e+06;1.58488e+06;1.1514e+06;836366;607453;441127;320287
0;10612341692516;20;frequency;9.999999974752427;13.86918846435492;19.23543905490988;26.67799336109056;37.00021196095804;51.31629158938722;71.17153245417285;98.70914048804025;136.9015682683994;189.8713664161278;263.3361782500288;365.2259113806622;506.5387032487934;702.5280792305466;974.3494403835484;1351.343611730726;1874.203936580443;2599.368780806799;3605.113577052066;4999.99999995282
0;10612341692516;20;phasez;-1.50961;-1.51307;-1.51618;-1.51898;-1.52123;-1.52343;-1.52496;-1.52633;-1.52751;-1.52852;-1.52926;-1.52979;-1.53013;-1.53016;-1.5298;-1.52894;-1.52747;-1.52512;-1.5216;-1.51643
1;10613110028498;50;absz;7.36313e+06;6.29653e+06;5.39191e+06;4.61361e+06;3.94973e+06;3.38048e+06;2.89395e+06;2.47568e+06;2.11776e+06;1.81268e+06;1.55084e+06;1.32678e+06;1.13504e+06;971128;830657;710645;607929;520033;444835;380500;325445;278361;238084;203621;174143;148927;127362;108919;93142.6;79651.5;68111.3;58241.9;49802.4;42584.1;36411.8;31133.4;26618.5;22756.9;19454;16629;14212.2;12144.4;10374.8;8860.15;7563.36;6452.59;5500.51;4683.86;3982.67;3379.49
1;10613110028498;50;frequency;199.9999999213742;234.625769479635;275.2462588517801;322.8993264769997;378.802514688914;444.3841576318164;521.3198749487447;611.5753842550475;717.456725922716;841.6691823498468;987.3863981368913;1158.33146786315;1358.872060208682;1594.132014446359;1870.122253535556;2193.894364737048;2573.720768452858;3019.306079821149;3542.035062906734;4155.263512473084;4874.659497176026;5718.603679767398;6708.658946337209;7870.121340545211;9232.666380967203;10831.10727442716;12706.28439819177;14906.10877695531;17486.78621595445;20514.25336674129;24065.86241733066;28232.35745111674;33120.19296963342;38854.25382030405;45581.04601983359;53472.44000269313;62730.06193403319;73590.44528463698;86331.07429211862;101277.4737211686;118811.5260634959;139381.228686517;163512.140226203;191820.8086789974;225030.524286467;263989.7996954232;309694.0495706946;363311.0235703185;426210.642505751;499999.9999999716
1;10613110028498;50;phasez;-1.53226;-1.53076;-1.5301;-1.53159;-1.5324;-1.53226;-1.53254;-1.53298;-1.53277;-1.53331;-1.53384;-1.53393;-1.53436;-1.53453;-1.53483;-1.53506;-1.53525;-1.53543;-1.53561;-1.53573;-1.53584;-1.5359;-1.53589;-1.53584;-1.53574;-1.53556;-1.53528;-1.5349;-1.53442;-1.5338;-1.53303;-1.53209;-1.53095;-1.52959;-1.52797;-1.52605;-1.52377;-1.52107;-1.51787;-1.5141;-1.50963;-1.50435;-1.49811;-1.49071;-1.48196;-1.47157;-1.45924;-1.44454;-1.42698;-1.40587
2;10613878168814;50;absz;82081.6;73472.3;65792.6;58901.8;52734.9;47210;42261.8;37833.7;33870.7;30319.9;27143.8;24300;21752.1;19471.7;17429.5;15604;13967.9;12503.3;11192.4;10018.9;8968.11;8027.38;7185.28;6431.44;5756.38;5152.12;4611.14;4126.97;3693.42;3305.21;2957.63;2646.52;2367.91;2118.44;1895.01;1694.97;1515.8;1355.3;1211.57;1082.81;967.469;864.135;771.595;688.729;614.641;548.406;489.32;436.815;390.383;349.7
2;10613878168814;50;frequency;20000.00000002444;22385.53853899816;25055.61678390222;28044.17375656954;31389.19662092121;35133.2035329932;39323.78408414649;44014.2042055669;49264.08322518227;55140.1516811012;61717.09952482729;69078.52549602467;77317.99973512921;86540.25314108083;96862.50859274992;108415.9709538568;121347.4948009008;135821.4510731415;152021.8163702936;170154.5114554648;190450.0186878266;213166.3116533389;238592.1342356312;267050.6708003728;298903.6541519141;334555.9634717432;374460.7706856584;419125.3006744233;469117.2785435782;525072.1459047724;587701.13789258;657800.3235824071;736260.7247225839;824079.6413975459;922373.3285811875;1032391.184709951;1155531.632626961;1293359.894754076;1447627.888434013;1620296.494325686;1813560.480908265;2029876.401899315;2271993.821195295;2542990.262224833;2846310.325953354;3185809.474764127;3565803.038745301;3991121.067296888;4467169.723268114;4999999.999999929
2;10613878168814;50;phasez;-1.53729;-1.53729;-1.53702;-1.53672;-1.53644;-1.53593;-1.5353;-1.53473;-1.53391;-1.53315;-1.53209;-1.5311;-1.52964;-1.5283;-1.52657;-1.52473;-1.52257;-1.52019;-1.51747;-1.51444;-1.51097;-1.50716;-1.50287;-1.49799;-1.49258;-1.48648;-1.47962;-1.47194;-1.4633;-1.45363;-1.44276;-1.43058;-1.41689;-1.40153;-1.38428;-1.36489;-1.3431;-1.3186;-1.291;-1.2599;-1.22483;-1.18522;-1.14042;-1.08964;-1.03197;-0.966376;-0.891526;-0.805962;-0.70795;-0.595503
3;10614193708886;20;absz;16974.4;13867.7;11325.5;9250.51;7556.4;6170.32;5039.18;4114.72;3359.39;2742.27;2237.75;1825.36;1488.4;1212.67;987.178;802.66;651.755;528.635;428.738;348.866
3;10614193708886;20;frequency;99999.99999990905;122862.535599424;150952.0265389597;185463.4873444638;227865.1431623047;279960.8926363817;343967.05137965;422606.6409511731;519225.2346839865;637933.2888043621;783781.0140572543;962973.2274171232;1183133.324347452;1453627.601814205;1785963.729760951;2194280.323268956;2695948.443325946;3312310.615921419;4069588.809647371;4999999.999999929
3;10614193708886;20;phasez;-1.52578;-1.52251;-1.51847;-1.51344;-1.50712;-1.49935;-1.48957;-1.47749;-1.46256;-1.44405;-1.42114;-1.39277;-1.35759;-1.3139;-1.25948;-1.19146;-1.10588;-0.997544;-0.85918;-0.681146
