0;3062964289940;20;absz;1.70457e+08;1.23549e+08;8.9642e+07;6.4968e+07;4.71004e+07;3.41592e+07;2.47496e+07;1.79361e+07;1.29961e+07;9.41401e+06;6.81799e+06;4.93738e+06;3.57501e+06;2.58829e+06;1.87385e+06;1.35657e+06;982053;710919;514638;372539
0;3062964289940;20;frequency;9.999999974752427;13.86918846435492;19.23543905490988;26.67799336109056;37.00021196095804;51.31629158938722;71.17153245417285;98.70914048804025;136.9015682683994;189.8713664161278;263.3361782500288;365.2259113806622;506.5387032487934;702.5280792305466;974.3494403835484;1351.343611730726;1874.203936580443;2599.368780806799;3605.113577052066;4999.99999995282
0;3062964289940;20;phasez;-1.54079;-1.5416;-1.54285;-1.54335;-1.54446;-1.54533;-1.54573;-1.54641;-1.547;-1.54759;-1.54799;-1.54815;-1.54804;-1.54764;-1.54683;-1.54551;-1.54353;-1.54069;-1.53667;-1.53104
1;3063733721988;50;absz;8.87007e+06;7.58961e+06;6.47058e+06;5.53213e+06;4.72314e+06;4.0305e+06;3.44731e+06;2.94306e+06;2.51266e+06;2.14671e+06;1.83281e+06;1.56556e+06;1.33725e+06;1.1421e+06;975453;833154;711509;607720;519023;443308;378602;323354;276167;235871;201446;172049;146939;125492;107176;91532.8;78171;66759.6;57013;48688.4;41578.7;35505.6;30318.3;25886.5;22101.1;18867.2;16104.2;13743.3;11725.6;10000.7;8525.8;7264.07;6184.19;5259.25;4466.07;3784.88
1;3063733721988;50;frequency;199.9999999213742;234.625769479635;275.2462588517801;322.8993264769997;378.802514688914;444.3841576318164;521.3198749487447;611.5753842550475;717.456725922716;841.6691823498468;987.3863981368913;1158.33146786315;1358.872060208682;1594.132014446359;1870.122253535556;2193.894364737048;2573.720768452858;3019.306079821149;3542.035062906734;4155.263512473084;4874.659497176026;5718.603679767398;6708.658946337209;7870.121340545211;9232.666380967203;10831.10727442716;12706.28439819177;14906.10877695531;17486.78621595445;20514.25336674129;24065.86241733066;28232.35745111674;33120.19296963342;38854.25382030405;45581.04601983359;53472.44000269313;62730.06193403319;73590.44528463698;86331.07429211862;101277.4737211686;118811.5260634959;139381.228686517;163512.140226203;191820.8086789974;225030.524286467;263989.7996954232;309694.0495706946;363311.0235703185;426210.642505751;499999.9999999716
1;3063733721988;50;phasez;-1.55091;-1.54705;-1.55138;-1.54959;-1.55032;-1.54999;-1.54928;-1.5507;-1.55021;-1.55039;-1.55069;-1.55085;-1.55092;-1.55095;-1.55091;-1.5508;-1.55075;-1.5508;-1.55073;-1.55058;-1.55048;-1.55034;-1.55008;-1.54985;-1.54958;-1.54921;-1.54878;-1.54827;-1.54765;-1.5469;-1.54604;-1.54502;-1.54381;-1.5424;-1.54074;-1.53879;-1.5365;-1.53378;-1.53059;-1.52681;-1.52234;-1.51706;-1.5108;-1.50339;-1.4946;-1.48418;-1.4718;-1.45706;-1.43942;-1.41822
2;3064501790173;50;absz;94306.2;84381.6;75475.1;67510.4;60382.8;54006;48313;43213.7;38653.6;34571.6;30918.2;27651.5;24732.7;22118.3;19782.4;17693;15823.8;14151.5;12656.2;11318.6;10122.2;9051.8;8094.77;7238.75;6473.13;5788.25;5175.67;4627.89;4137.87;3699.63;3307.64;2956.99;2643.37;2362.82;2111.83;1887.36;1686.48;1506.82;1346.03;1202.21;1073.52;958.39;855.401;763.299;681.059;607.68;542.308;484.326;433.164;388.433
2;3064501790173;50;frequency;20000.00000002444;22385.53853899816;25055.61678390222;28044.17375656954;31389.19662092121;35133.2035329932;39323.78408414649;44014.2042055669;49264.08322518227;55140.1516811012;61717.09952482729;69078.52549602467;77317.99973512921;86540.25314108083;96862.50859274992;108415.9709538568;121347.4948009008;135821.4510731415;152021.8163702936;170154.5114554648;190450.0186878266;213166.3116533389;238592.1342356312;267050.6708003728;298903.6541519141;334555.9634717432;374460.7706856584;419125.3006744233;469117.2785435782;525072.1459047724;587701.13789258;657800.3235824071;736260.7247225839;824079.6413975459;922373.3285811875;1032391.184709951;1155531.632626961;1293359.894754076;1447627.888434013;1620296.494325686;1813560.480908265;2029876.401899315;2271993.821195295;2542990.262224833;2846310.325953354;3185809.474764127;3565803.038745301;3991121.067296888;4467169.723268114;4999999.999999929
2;3064501790173;50;phasez;-1.55044;-1.55002;-1.54992;-1.54969;-1.54926;-1.54875;-1.54813;-1.54755;-1.54676;-1.54581;-1.54485;-1.54378;-1.54243;-1.54092;-1.53929;-1.53748;-1.53533;-1.53283;-1.53018;-1.52711;-1.5237;-1.51986;-1.51552;-1.51064;-1.50516;-1.49903;-1.49212;-1.48438;-1.47567;-1.46593;-1.45494;-1.44268;-1.42888;-1.41339;-1.396;-1.37646;-1.3545;-1.3298;-1.30202;-1.27073;-1.23545;-1.19565;-1.15066;-1.09969;-1.04183;-0.976115;-0.901173;-0.815591;-0.717613;-0.605318
3;3064821677182;20;absz;19257.6;15707.9;12806.8;10442.1;8514.84;6942.52;5659.44;4613.7;3760.24;3064.45;2496.71;2033.45;1655.55;1347.15;1095.39;889.88;722.197;585.745;475.386;387.5
3;3064821677182;20;frequency;99999.99999990905;122862.535599424;150952.0265389597;185463.4873444638;227865.1431623047;279960.8926363817;343967.05137965;422606.6409511731;519225.2346839865;637933.2888043621;783781.0140572543;962973.2274171232;1183133.324347452;1453627.601814205;1785963.729760951;2194280.323268956;2695948.443325946;3312310.615921419;4069588.809647371;4999999.999999929
3;3064821677182;20;phasez;-1.5384;-1.53526;-1.53118;-1.52613;-1.51978;-1.51194;-1.50214;-1.48994;-1.47486;-1.45619;-1.43308;-1.40443;-1.36895;-1.32493;-1.27015;-1.20175;-1.11582;-1.00725;-0.868788;-0.690953
