0;10785282111738;20;absz;1.35815e+08;9.90808e+07;7.22219e+07;5.26135e+07;3.83212e+07;2.7889e+07;2.02989e+07;1.47684e+07;1.07423e+07;7.81142e+06;5.67951e+06;4.12862e+06;3.00079e+06;2.18065e+06;1.58447e+06;1.15109e+06;836141;607279;440994;320186
0;10785282111738;20;frequency;9.999999974752427;13.86918846435492;19.23543905490988;26.67799336109056;37.00021196095804;51.31629158938722;71.17153245417285;98.70914048804025;136.9015682683994;189.8713664161278;263.3361782500288;365.2259113806622;506.5387032487934;702.5280792305466;974.3494403835484;1351.343611730726;1874.203936580443;2599.368780806799;3605.113577052066;4999.99999995282
0;10785282111738;20;phasez;-1.50954;-1.51255;-1.51622;-1.51896;-1.52122;-1.52295;-1.52476;-1.52641;-1.52752;-1.52854;-1.52929;-1.52983;-1.53013;-1.53017;-1.52981;-1.52897;-1.52749;-1.52513;-1.5216;-1.51641
1;10786052982595;50;absz;7.3545e+06;6.29327e+06;5.39767e+06;4.62017e+06;3.95174e+06;3.37988e+06;2.89165e+06;2.47616e+06;2.11777e+06;1.81166e+06;1.55034e+06;1.32623e+06;1.13487e+06;970766;830616;710498;607779;519868;444720;380396;325366;278284;238011;203565;174099;148891;127333;108892;93120.9;79631.5;68096.2;58230.5;49792.3;42576.4;36405.4;31127.4;26613.3;22753;19450.9;16625.8;14209.9;12142.4;10373.1;8858.72;7562.13;6451.53;5499.64;4683.14;3981.94;3378.96
1;10786052982595;50;frequency;199.9999999213742;234.625769479635;275.2462588517801;322.8993264769997;378.802514688914;444.3841576318164;521.3198749487447;611.5753842550475;717.456725922716;841.6691823498468;987.3863981368913;1158.33146786315;1358.872060208682;1594.132014446359;1870.122253535556;2193.894364737048;2573.720768452858;3019.306079821149;3542.035062906734;4155.263512473084;4874.659497176026;5718.603679767398;6708.658946337209;7870.121340545211;9232.666380967203;10831.10727442716;12706.28439819177;14906.10877695531;17486.78621595445;20514.25336674129;24065.86241733066;28232.35745111674;33120.19296963342;38854.25382030405;45581.04601983359;53472.44000269313;62730.06193403319;73590.44528463698;86331.07429211862;101277.4737211686;118811.5260634959;139381.228686517;163512.140226203;191820.8086789974;225030.524286467;263989.7996954232;309694.0495706946;363311.0235703185;426210.642505751;499999.9999999716
1;10786052982595;50;phasez;-1.53018;-1.52845;-1.52958;-1.53089;-1.53136;-1.53283;-1.53194;-1.53255;-1.53313;-1.53313;-1.53366;-1.53405;-1.53434;-1.53457;-1.53486;-1.53501;-1.53527;-1.53548;-1.53556;-1.53572;-1.53585;-1.53589;-1.53588;-1.53582;-1.5357;-1.53549;-1.53522;-1.53485;-1.53434;-1.53373;-1.53295;-1.53202;-1.53089;-1.52953;-1.52791;-1.52599;-1.52372;-1.52103;-1.51783;-1.51406;-1.5096;-1.50432;-1.49808;-1.49068;-1.48193;-1.47154;-1.45921;-1.44451;-1.42695;-1.40584
2;10786823612558;50;absz;82043.6;73472.5;65782.3;58893.2;52714.3;47204.1;42255.3;37828.5;33862.5;30317.3;27139.4;24293.4;21748.3;19466.2;17428.2;15601.8;13965.8;12501.4;11190.7;10017.4;8966.73;8026;7184.2;6430.46;5755.66;5151.44;4610.7;4126.34;3692.84;3304.71;2957.25;2646.13;2367.55;2118.12;1894.74;1694.75;1515.61;1355.13;1211.41;1082.67;967.344;864.035;771.511;688.655;614.569;548.338;489.26;436.764;390.343;349.66
2;10786823612558;50;frequency;20000.00000002444;22385.53853899816;25055.61678390222;28044.17375656954;31389.19662092121;35133.2035329932;39323.78408414649;44014.2042055669;49264.08322518227;55140.1516811012;61717.09952482729;69078.52549602467;77317.99973512921;86540.25314108083;96862.50859274992;108415.9709538568;121347.4948009008;135821.4510731415;152021.8163702936;170154.5114554648;190450.0186878266;213166.3116533389;238592.1342356312;267050.6708003728;298903.6541519141;334555.9634717432;374460.7706856584;419125.3006744233;469117.2785435782;525072.1459047724;587701.13789258;657800.3235824071;736260.7247225839;824079.6413975459;922373.3285811875;1032391.184709951;1155531.632626961;1293359.894754076;1447627.888434013;1620296.494325686;1813560.480908265;2029876.401899315;2271993.821195295;2542990.262224833;2846310.325953354;3185809.474764127;3565803.038745301;3991121.067296888;4467169.723268114;4999999.999999929
2;10786823612558;50;phasez;-1.53735;-1.53713;-1.53705;-1.53677;-1.53633;-1.53584;-1.53546;-1.53465;-1.53386;-1.53307;-1.5321;-1.53096;-1.5297;-1.52821;-1.52662;-1.52468;-1.52255;-1.5201;-1.51745;-1.5144;-1.51098;-1.50713;-1.50283;-1.49799;-1.49255;-1.48644;-1.47959;-1.4719;-1.46327;-1.45359;-1.44273;-1.43054;-1.41686;-1.40149;-1.38424;-1.36485;-1.34306;-1.31854;-1.29095;-1.25985;-1.22478;-1.18517;-1.14037;-1.08959;-1.03191;-0.966317;-0.891468;-0.805897;-0.707885;-0.595434
3;10787141781918;20;absz;16970.2;13863.8;11323.6;9249;7554.66;6169.48;5038.4;4113.91;3358.91;2741.94;2237.52;1825.12;1488.23;1212.54;987.055;802.568;651.68;528.587;428.698;348.835
3;10787141781918;20;frequency;99999.99999990905;122862.535599424;150952.0265389597;185463.4873444638;227865.1431623047;279960.8926363817;343967.05137965;422606.6409511731;519225.2346839865;637933.2888043621;783781.0140572543;962973.2274171232;1183133.324347452;1453627.601814205;1785963.729760951;2194280.323268956;2695948.443325946;3312310.615921419;4069588.809647371;4999999.999999929
3;10787141781918;20;phasez;-1.52568;-1.52253;-1.51845;-1.51339;-1.50713;-1.49926;-1.48955;-1.47748;-1.46254;-1.44401;-1.42111;-1.39272;-1.35754;-1.31385;-1.25944;-1.1914;-1.10583;-0.997492;-0.859124;-0.681068
