0;9939910261428;20;absz;1.36072e+08;9.92461e+07;7.23427e+07;5.26901e+07;3.83684e+07;2.79379e+07;2.03267e+07;1.4789e+07;1.07574e+07;7.82276e+06;5.68755e+06;4.13456e+06;3.00505e+06;2.18377e+06;1.58671e+06;1.15271e+06;837326;608127;441605;320624
0;9939910261428;20;frequency;9.999999974752427;13.86918846435492;19.23543905490988;26.67799336109056;37.00021196095804;51.31629158938722;71.17153245417285;98.70914048804025;136.9015682683994;189.8713664161278;263.3361782500288;365.2259113806622;506.5387032487934;702.5280792305466;974.3494403835484;1351.343611730726;1874.203936580443;2599.368780806799;3605.113577052066;4999.99999995282
0;9939910261428;20;phasez;-1.51002;-1.51372;-1.51676;-1.51925;-1.52149;-1.52379;-1.525;-1.52642;-1.52756;-1.52854;-1.52933;-1.52987;-1.53018;-1.53022;-1.52986;-1.52902;-1.52756;-1.52523;-1.52172;-1.51656
1;9940678765003;50;absz;7.37582e+06;6.3004e+06;5.40059e+06;4.61984e+06;3.95674e+06;3.38443e+06;2.89733e+06;2.47773e+06;2.12071e+06;1.81443e+06;1.55235e+06;1.3283e+06;1.13626e+06;972222;831703;711398;608589;520606;445316;380906;325790;278653;238321;203827;174316;149077;127488;109024;93230.6;79724.6;68172.7;58294.7;49846.4;42622.5;36443.9;31159.9;26641.2;22776.5;19470.7;16643;14224.1;12154.5;10383.4;8867.35;7569.42;6457.63;5504.84;4687.53;3985.65;3382.05
1;9940678765003;50;frequency;199.9999999213742;234.625769479635;275.2462588517801;322.8993264769997;378.802514688914;444.3841576318164;521.3198749487447;611.5753842550475;717.456725922716;841.6691823498468;987.3863981368913;1158.33146786315;1358.872060208682;1594.132014446359;1870.122253535556;2193.894364737048;2573.720768452858;3019.306079821149;3542.035062906734;4155.263512473084;4874.659497176026;5718.603679767398;6708.658946337209;7870.121340545211;9232.666380967203;10831.10727442716;12706.28439819177;14906.10877695531;17486.78621595445;20514.25336674129;24065.86241733066;28232.35745111674;33120.19296963342;38854.25382030405;45581.04601983359;53472.44000269313;62730.06193403319;73590.44528463698;86331.07429211862;101277.4737211686;118811.5260634959;139381.228686517;163512.140226203;191820.8086789974;225030.524286467;263989.7996954232;309694.0495706946;363311.0235703185;426210.642505751;499999.9999999716
1;9940678765003;50;phasez;-1.53106;-1.53074;-1.53034;-1.53256;-1.53157;-1.53227;-1.53256;-1.53295;-1.53328;-1.53324;-1.53369;-1.53422;-1.53431;-1.53478;-1.535;-1.53516;-1.53537;-1.53555;-1.53574;-1.53583;-1.53593;-1.53601;-1.53602;-1.53597;-1.53587;-1.53568;-1.53539;-1.53502;-1.53453;-1.5339;-1.53313;-1.53218;-1.53104;-1.52968;-1.52805;-1.52613;-1.52385;-1.52114;-1.51795;-1.51418;-1.50972;-1.50444;-1.49819;-1.4908;-1.48205;-1.47167;-1.45933;-1.44465;-1.42709;-1.40599
2;9941450759185;50;absz;82126.2;73509;65825.9;58933.1;52763.3;47231.6;42289.1;37860.6;33888.5;30338.5;27158;24313.7;21764.4;19483.1;17440.3;15613.2;13975.6;12510.7;11198.5;10024.6;8973.29;8031.97;7189.2;6434.91;5759.62;5155.08;4613.71;4129.12;3695.36;3306.9;2959.2;2647.83;2369.09;2119.47;1895.94;1695.76;1516.49;1355.93;1212.11;1083.28;967.873;864.503;771.933;689.014;614.878;548.626;489.519;436.992;390.549;349.849
2;9941450759185;50;frequency;20000.00000002444;22385.53853899816;25055.61678390222;28044.17375656954;31389.19662092121;35133.2035329932;39323.78408414649;44014.2042055669;49264.08322518227;55140.1516811012;61717.09952482729;69078.52549602467;77317.99973512921;86540.25314108083;96862.50859274992;108415.9709538568;121347.4948009008;135821.4510731415;152021.8163702936;170154.5114554648;190450.0186878266;213166.3116533389;238592.1342356312;267050.6708003728;298903.6541519141;334555.9634717432;374460.7706856584;419125.3006744233;469117.2785435782;525072.1459047724;587701.13789258;657800.3235824071;736260.7247225839;824079.6413975459;922373.3285811875;1032391.184709951;1155531.632626961;1293359.894754076;1447627.888434013;1620296.494325686;1813560.480908265;2029876.401899315;2271993.821195295;2542990.262224833;2846310.325953354;3185809.474764127;3565803.038745301;3991121.067296888;4467169.723268114;4999999.999999929
2;9941450759185;50;phasez;-1.53754;-1.53712;-1.53701;-1.53678;-1.53651;-1.5359;-1.53546;-1.53489;-1.53412;-1.53319;-1.53225;-1.53109;-1.52982;-1.52833;-1.52665;-1.5247;-1.52266;-1.52026;-1.51754;-1.51451;-1.51111;-1.50728;-1.50296;-1.49813;-1.49268;-1.48656;-1.47973;-1.47204;-1.46343;-1.45375;-1.44289;-1.4307;-1.41703;-1.40168;-1.38442;-1.36504;-1.34325;-1.31875;-1.29114;-1.26005;-1.22498;-1.18537;-1.14058;-1.0898;-1.03211;-0.966522;-0.891678;-0.806118;-0.708114;-0.595662
3;9941769353974;20;absz;16975.7;13871.2;11327.9;9252.74;7558.17;6171.91;5040.54;4115.73;3360.36;2743.05;2238.43;1825.8;1488.76;1212.95;987.378;802.816;651.883;528.743;428.828;348.937
3;9941769353974;20;frequency;99999.99999990905;122862.535599424;150952.0265389597;185463.4873444638;227865.1431623047;279960.8926363817;343967.05137965;422606.6409511731;519225.2346839865;637933.2888043621;783781.0140572543;962973.2274171232;1183133.324347452;1453627.601814205;1785963.729760951;2194280.323268956;2695948.443325946;3312310.615921419;4069588.809647371;4999999.999999929
3;9941769353974;20;phasez;-1.52582;-1.52265;-1.51858;-1.51354;-1.50723;-1.49943;-1.48969;-1.47763;-1.46267;-1.44418;-1.42127;-1.39291;-1.35774;-1.31405;-1.25964;-1.19162;-1.10604;-0.997716;-0.85936;-0.681315
