0;5540163480342;20;absz;1.43937e+08;1.04752e+08;7.62419e+07;5.54619e+07;4.03395e+07;2.93434e+07;2.13294e+07;1.5505e+07;1.12701e+07;8.19014e+06;5.95118e+06;4.32384e+06;3.14089e+06;2.28123e+06;1.65659e+06;1.20274e+06;873098;633709;459891;333695
0;5540163480342;20;frequency;9.999999974752427;13.86918846435492;19.23543905490988;26.67799336109056;37.00021196095804;51.31629158938722;71.17153245417285;98.70914048804025;136.9015682683994;189.8713664161278;263.3361782500288;365.2259113806622;506.5387032487934;702.5280792305466;974.3494403835484;1351.343611730726;1874.203936580443;2599.368780806799;3605.113577052066;4999.99999995282
0;5540163480342;20;phasez;-1.5223;-1.52331;-1.5257;-1.52679;-1.52834;-1.52878;-1.53013;-1.53097;-1.5316;-1.53224;-1.5327;-1.53305;-1.53325;-1.53323;-1.53289;-1.53209;-1.53062;-1.52828;-1.52474;-1.51958
1;5540933271482;50;absz;7.73818e+06;6.60626e+06;5.64361e+06;4.83619e+06;4.13826e+06;3.53626e+06;3.03036e+06;2.5898e+06;2.21608e+06;1.89452e+06;1.62115e+06;1.38635e+06;1.18562e+06;1.01404e+06;867268;741601;634216;542336;463765;396558;339086;289934;247904;211955;181215;154924;132450;113231;96799;82748.6;70736.7;60467.4;51687.7;44182.5;37765;32279.3;27588.9;23578.8;20150.1;17217.9;14711;12566.9;10732.5;9163.07;7819.81;6669.55;5684.02;4838.86;4113.32;3489.5
1;5540933271482;50;frequency;199.9999999213742;234.625769479635;275.2462588517801;322.8993264769997;378.802514688914;444.3841576318164;521.3198749487447;611.5753842550475;717.456725922716;841.6691823498468;987.3863981368913;1158.33146786315;1358.872060208682;1594.132014446359;1870.122253535556;2193.894364737048;2573.720768452858;3019.306079821149;3542.035062906734;4155.263512473084;4874.659497176026;5718.603679767398;6708.658946337209;7870.121340545211;9232.666380967203;10831.10727442716;12706.28439819177;14906.10877695531;17486.78621595445;20514.25336674129;24065.86241733066;28232.35745111674;33120.19296963342;38854.25382030405;45581.04601983359;53472.44000269313;62730.06193403319;73590.44528463698;86331.07429211862;101277.4737211686;118811.5260634959;139381.228686517;163512.140226203;191820.8086789974;225030.524286467;263989.7996954232;309694.0495706946;363311.0235703185;426210.642505751;499999.9999999716
1;5540933271482;50;phasez;-1.53065;-1.53343;-1.53388;-1.53346;-1.53517;-1.53495;-1.53498;-1.53612;-1.53575;-1.5364;-1.53671;-1.53723;-1.53736;-1.53778;-1.5379;-1.53816;-1.53842;-1.53856;-1.53869;-1.53887;-1.53897;-1.53904;-1.53903;-1.53902;-1.53891;-1.53872;-1.53846;-1.53809;-1.53761;-1.53697;-1.53623;-1.53529;-1.53417;-1.53281;-1.53119;-1.52927;-1.52698;-1.52427;-1.52106;-1.51726;-1.51277;-1.50746;-1.50118;-1.49377;-1.485;-1.47462;-1.46231;-1.44766;-1.43015;-1.40912
2;5541704471183;50;absz;85271.2;76319.9;68317.8;61154.2;54729.9;48984.5;43839.3;39241.8;35120.5;31432.2;28130.7;25177;22530.6;20164.5;18048.1;16152.5;14456.6;12937.9;11579;10362.7;9273.95;8299.49;7427.43;6646.77;5947.92;5322.79;4763.08;4262.02;3813.56;3412.04;3052.65;2730.93;2442.92;2185.04;1954.14;1747.48;1562.4;1396.66;1248.24;1115.34;996.315;889.748;794.323;708.888;632.549;564.35;503.515;449.486;401.733;359.91
2;5541704471183;50;frequency;20000.00000002444;22385.53853899816;25055.61678390222;28044.17375656954;31389.19662092121;35133.2035329932;39323.78408414649;44014.2042055669;49264.08322518227;55140.1516811012;61717.09952482729;69078.52549602467;77317.99973512921;86540.25314108083;96862.50859274992;108415.9709538568;121347.4948009008;135821.4510731415;152021.8163702936;170154.5114554648;190450.0186878266;213166.3116533389;238592.1342356312;267050.6708003728;298903.6541519141;334555.9634717432;374460.7706856584;419125.3006744233;469117.2785435782;525072.1459047724;587701.13789258;657800.3235824071;736260.7247225839;824079.6413975459;922373.3285811875;1032391.184709951;1155531.632626961;1293359.894754076;1447627.888434013;1620296.494325686;1813560.480908265;2029876.401899315;2271993.821195295;2542990.262224833;2846310.325953354;3185809.474764127;3565803.038745301;3991121.067296888;4467169.723268114;4999999.999999929
2;5541704471183;50;phasez;-1.54076;-1.54042;-1.54017;-1.53985;-1.53962;-1.53919;-1.53862;-1.53805;-1.53727;-1.5364;-1.53537;-1.53427;-1.53302;-1.53145;-1.52978;-1.52785;-1.52571;-1.5233;-1.52059;-1.51751;-1.51412;-1.5102;-1.50592;-1.50107;-1.49565;-1.48954;-1.48273;-1.47508;-1.4665;-1.45687;-1.44606;-1.43395;-1.42034;-1.40504;-1.38787;-1.36857;-1.34686;-1.32243;-1.29492;-1.26391;-1.22893;-1.18941;-1.14472;-1.09407;-1.03649;-0.971051;-0.896388;-0.811041;-0.713285;-0.601152
3;5542023750209;20;absz;17570.6;14349.4;11715.1;9565.3;7810.64;6375.8;5205.42;4248.95;3467.75;2829.83;2308.35;1882.1;1534.01;1249.36;1016.59;826.303;670.777;543.961;441.17;359.06
3;5542023750209;20;frequency;99999.99999990905;122862.535599424;150952.0265389597;185463.4873444638;227865.1431623047;279960.8926363817;343967.05137965;422606.6409511731;519225.2346839865;637933.2888043621;783781.0140572543;962973.2274171232;1183133.324347452;1453627.601814205;1785963.729760951;2194280.323268956;2695948.443325946;3312310.615921419;4069588.809647371;4999999.999999929
3;5542023750209;20;phasez;-1.52896;-1.52569;-1.52158;-1.51649;-1.51016;-1.50235;-1.49268;-1.48066;-1.4658;-1.44741;-1.42463;-1.3964;-1.36137;-1.31783;-1.26359;-1.19574;-1.11037;-1.00232;-0.864333;-0.686845
