0;3171740179063;20;absz;1.68663e+08;1.22267e+08;8.87195e+07;6.43379e+07;4.66741e+07;3.38341e+07;2.45361e+07;1.7786e+07;1.28892e+07;9.33919e+06;6.7651e+06;4.90011e+06;3.54859e+06;2.56957e+06;1.86042e+06;1.34696e+06;975163;705993;511106;370020
0;3171740179063;20;frequency;9.999999974752427;13.86918846435492;19.23543905490988;26.67799336109056;37.00021196095804;51.31629158938722;71.17153245417285;98.70914048804025;136.9015682683994;189.8713664161278;263.3361782500288;365.2259113806622;506.5387032487934;702.5280792305466;974.3494403835484;1351.343611730726;1874.203936580443;2599.368780806799;3605.113577052066;4999.99999995282
0;3171740179063;20;phasez;-1.53968;-1.54038;-1.54164;-1.54219;-1.54292;-1.54358;-1.5446;-1.54522;-1.54601;-1.54655;-1.54703;-1.54728;-1.54731;-1.54699;-1.54627;-1.54501;-1.54306;-1.54022;-1.53619;-1.53055
1;3172508262206;50;absz;8.80288e+06;7.51635e+06;6.42433e+06;5.48534e+06;4.6824e+06;4.00579e+06;3.42009e+06;2.92006e+06;2.49435e+06;2.1315e+06;1.82e+06;1.55447e+06;1.32773e+06;1.13403e+06;968535;827333;706618;603533;515482;440270;376033;321171;274321;234301;200115;170922;145985;124685;106492;90951.4;77679.6;66343.3;56661.1;48390.4;41327.3;35292.7;30138.4;25735.4;21974;18759.9;16013.8;13667.2;11661.6;9946.98;8480.56;7226.16;6152.39;5232.44;4443.48;3765.86
1;3172508262206;50;frequency;199.9999999213742;234.625769479635;275.2462588517801;322.8993264769997;378.802514688914;444.3841576318164;521.3198749487447;611.5753842550475;717.456725922716;841.6691823498468;987.3863981368913;1158.33146786315;1358.872060208682;1594.132014446359;1870.122253535556;2193.894364737048;2573.720768452858;3019.306079821149;3542.035062906734;4155.263512473084;4874.659497176026;5718.603679767398;6708.658946337209;7870.121340545211;9232.666380967203;10831.10727442716;12706.28439819177;14906.10877695531;17486.78621595445;20514.25336674129;24065.86241733066;28232.35745111674;33120.19296963342;38854.25382030405;45581.04601983359;53472.44000269313;62730.06193403319;73590.44528463698;86331.07429211862;101277.4737211686;118811.5260634959;139381.228686517;163512.140226203;191820.8086789974;225030.524286467;263989.7996954232;309694.0495706946;363311.0235703185;426210.642505751;499999.9999999716
1;3172508262206;50;phasez;-1.54538;-1.54891;-1.54921;-1.54895;-1.54848;-1.54902;-1.54878;-1.54898;-1.54972;-1.55011;-1.55043;-1.55025;-1.55023;-1.55045;-1.55051;-1.55045;-1.55031;-1.55029;-1.55022;-1.55009;-1.54998;-1.5498;-1.5496;-1.54934;-1.54904;-1.5487;-1.54824;-1.54773;-1.5471;-1.54637;-1.54549;-1.54447;-1.54325;-1.54182;-1.54014;-1.53819;-1.53588;-1.53316;-1.52995;-1.52617;-1.52171;-1.51643;-1.51019;-1.5028;-1.49405;-1.48366;-1.47133;-1.45662;-1.43904;-1.4179
2;3173276531450;50;absz;93713.8;83832.8;74999;67084.2;60006.1;53680.3;48012;42948.2;38410.5;34359.9;30732.1;27489.7;24586.1;21991.3;19668.8;17592.4;15734.4;14072.7;12586.3;11256.3;10067.4;9003.61;8052.13;7200.8;6439.54;5758.48;5149.53;4604.5;4117.11;3681.15;3291.2;2942.33;2630.26;2351.15;2101.44;1878.08;1678.23;1499.4;1339.44;1196.27;1068.19;953.61;851.115;759.426;677.589;604.533;539.467;481.747;430.816;386.29
2;3173276531450;50;frequency;20000.00000002444;22385.53853899816;25055.61678390222;28044.17375656954;31389.19662092121;35133.2035329932;39323.78408414649;44014.2042055669;49264.08322518227;55140.1516811012;61717.09952482729;69078.52549602467;77317.99973512921;86540.25314108083;96862.50859274992;108415.9709538568;121347.4948009008;135821.4510731415;152021.8163702936;170154.5114554648;190450.0186878266;213166.3116533389;238592.1342356312;267050.6708003728;298903.6541519141;334555.9634717432;374460.7706856584;419125.3006744233;469117.2785435782;525072.1459047724;587701.13789258;657800.3235824071;736260.7247225839;824079.6413975459;922373.3285811875;1032391.184709951;1155531.632626961;1293359.894754076;1447627.888434013;1620296.494325686;1813560.480908265;2029876.401899315;2271993.821195295;2542990.262224833;2846310.325953354;3185809.474764127;3565803.038745301;3991121.067296888;4467169.723268114;4999999.999999929
2;3173276531450;50;phasez;-1.54969;-1.5496;-1.54922;-1.54892;-1.54846;-1.54822;-1.54758;-1.54679;-1.54626;-1.54533;-1.54426;-1.54317;-1.54186;-1.54034;-1.53872;-1.53688;-1.53463;-1.53219;-1.52956;-1.5265;-1.52308;-1.51926;-1.51494;-1.5101;-1.50467;-1.49855;-1.49166;-1.48399;-1.4753;-1.4656;-1.45469;-1.44246;-1.42869;-1.41324;-1.3959;-1.37639;-1.35448;-1.32983;-1.30209;-1.27083;-1.23561;-1.19583;-1.15087;-1.09997;-1.04214;-0.976456;-0.901548;-0.81598;-0.718057;-0.605798
3;3173593092683;20;absz;19145.5;15619;12737.2;10385.2;8469.7;6906.11;5630.31;4590.27;3741.31;3049.17;2484.35;2023.43;1647.4;1340.52;1089.94;885.387;718.506;582.709;472.845;385.345
3;3173593092683;20;frequency;99999.99999990905;122862.535599424;150952.0265389597;185463.4873444638;227865.1431623047;279960.8926363817;343967.05137965;422606.6409511731;519225.2346839865;637933.2888043621;783781.0140572543;962973.2274171232;1183133.324347452;1453627.601814205;1785963.729760951;2194280.323268956;2695948.443325946;3312310.615921419;4069588.809647371;4999999.999999929
3;3173593092683;20;phasez;-1.53772;-1.53462;-1.53056;-1.52548;-1.51923;-1.51139;-1.50167;-1.48956;-1.47455;-1.45595;-1.4329;-1.40435;-1.36895;-1.325;-1.2703;-1.20197;-1.11613;-1.00761;-0.869224;-0.691448
