0;5157949426968;20;absz;1.46352e+08;1.0645e+08;7.74161e+07;5.63287e+07;4.09647e+07;2.97879e+07;2.16468e+07;1.57346e+07;1.14334e+07;8.30743e+06;6.03547e+06;4.38424e+06;3.18423e+06;2.3122e+06;1.67871e+06;1.21861e+06;884365;641723;465568;337719
0;5157949426968;20;frequency;9.999999974752427;13.86918846435492;19.23543905490988;26.67799336109056;37.00021196095804;51.31629158938722;71.17153245417285;98.70914048804025;136.9015682683994;189.8713664161278;263.3361782500288;365.2259113806622;506.5387032487934;702.5280792305466;974.3494403835484;1351.343611730726;1874.203936580443;2599.368780806799;3605.113577052066;4999.99999995282
0;5157949426968;20;phasez;-1.52468;-1.52624;-1.52749;-1.52852;-1.52926;-1.53073;-1.53121;-1.53192;-1.53263;-1.53322;-1.53367;-1.53405;-1.53428;-1.53428;-1.53396;-1.5332;-1.53178;-1.5295;-1.52598;-1.52083
1;5158720108537;50;absz;7.81879e+06;6.6835e+06;5.72719e+06;4.90592e+06;4.19704e+06;3.58706e+06;3.06828e+06;2.62566e+06;2.24469e+06;1.92023e+06;1.6425e+06;1.40465e+06;1.20117e+06;1.02725e+06;878361;751026;642234;549116;469480;401411;343183;293391;250814;214417;183295;156686;133936;114488;97863.4;83650;71498.3;61111.4;52233.9;44644;38156.2;32610.2;27868.7;23815.5;20350.7;17388.2;14855.1;12689;10836.1;9250.79;7894.11;6732.62;5737.4;4883.93;4151.29;3521.48
1;5158720108537;50;frequency;199.9999999213742;234.625769479635;275.2462588517801;322.8993264769997;378.802514688914;444.3841576318164;521.3198749487447;611.5753842550475;717.456725922716;841.6691823498468;987.3863981368913;1158.33146786315;1358.872060208682;1594.132014446359;1870.122253535556;2193.894364737048;2573.720768452858;3019.306079821149;3542.035062906734;4155.263512473084;4874.659497176026;5718.603679767398;6708.658946337209;7870.121340545211;9232.666380967203;10831.10727442716;12706.28439819177;14906.10877695531;17486.78621595445;20514.25336674129;24065.86241733066;28232.35745111674;33120.19296963342;38854.25382030405;45581.04601983359;53472.44000269313;62730.06193403319;73590.44528463698;86331.07429211862;101277.4737211686;118811.5260634959;139381.228686517;163512.140226203;191820.8086789974;225030.524286467;263989.7996954232;309694.0495706946;363311.0235703185;426210.642505751;499999.9999999716
1;5158720108537;50;phasez;-1.53454;-1.5348;-1.53494;-1.53495;-1.53619;-1.53553;-1.5363;-1.53704;-1.5373;-1.53759;-1.5377;-1.53837;-1.53863;-1.53882;-1.53924;-1.53943;-1.53962;-1.53989;-1.54003;-1.54013;-1.54022;-1.54029;-1.54028;-1.54022;-1.54011;-1.53991;-1.53963;-1.53924;-1.53873;-1.53811;-1.53734;-1.53637;-1.53523;-1.53385;-1.5322;-1.53025;-1.52793;-1.52519;-1.52195;-1.51812;-1.51361;-1.50829;-1.50201;-1.49459;-1.48583;-1.47546;-1.46316;-1.44853;-1.43105;-1.41004
2;5159492166060;50;absz;86201.6;77131.5;69049.2;61788.5;55306.2;49500.6;44302;39651.5;35479.5;31750.8;28415.1;25430;22757.3;20365.8;18226.4;16311.7;14597.4;13064.1;11690.7;10462.8;9363.03;8378.8;7498.04;6709.8;6004.05;5372.53;4807.3;4301.39;3848.43;3443.09;3080.19;2755.43;2464.65;2204.34;1971.3;1762.66;1575.87;1408.6;1258.84;1124.74;1004.67;897.155;800.9;714.721;637.742;568.961;507.633;453.164;405.031;362.886
2;5159492166060;50;frequency;20000.00000002444;22385.53853899816;25055.61678390222;28044.17375656954;31389.19662092121;35133.2035329932;39323.78408414649;44014.2042055669;49264.08322518227;55140.1516811012;61717.09952482729;69078.52549602467;77317.99973512921;86540.25314108083;96862.50859274992;108415.9709538568;121347.4948009008;135821.4510731415;152021.8163702936;170154.5114554648;190450.0186878266;213166.3116533389;238592.1342356312;267050.6708003728;298903.6541519141;334555.9634717432;374460.7706856584;419125.3006744233;469117.2785435782;525072.1459047724;587701.13789258;657800.3235824071;736260.7247225839;824079.6413975459;922373.3285811875;1032391.184709951;1155531.632626961;1293359.894754076;1447627.888434013;1620296.494325686;1813560.480908265;2029876.401899315;2271993.821195295;2542990.262224833;2846310.325953354;3185809.474764127;3565803.038745301;3991121.067296888;4467169.723268114;4999999.999999929
2;5159492166060;50;phasez;-1.54175;-1.54151;-1.54126;-1.5411;-1.54069;-1.54022;-1.53954;-1.53889;-1.53828;-1.53737;-1.53624;-1.5352;-1.53386;-1.53232;-1.53063;-1.52872;-1.52661;-1.52414;-1.52143;-1.51833;-1.51489;-1.51106;-1.50672;-1.50189;-1.49649;-1.49042;-1.48358;-1.47598;-1.46742;-1.45779;-1.44701;-1.43491;-1.42131;-1.40603;-1.38886;-1.36956;-1.34787;-1.32345;-1.29595;-1.26495;-1.22998;-1.19048;-1.1458;-1.09515;-1.03762;-0.972207;-0.897571;-0.812258;-0.714558;-0.602483
3;5159809786324;20;absz;17746.9;14491.9;11830.3;9657.29;7885.18;6436.4;5254.06;4288.2;3499.52;2855.32;2328.78;1898.59;1547.26;1259.96;1025.14;833.158;676.292;548.423;444.785;362.024
3;5159809786324;20;frequency;99999.99999990905;122862.535599424;150952.0265389597;185463.4873444638;227865.1431623047;279960.8926363817;343967.05137965;422606.6409511731;519225.2346839865;637933.2888043621;783781.0140572543;962973.2274171232;1183133.324347452;1453627.601814205;1785963.729760951;2194280.323268956;2695948.443325946;3312310.615921419;4069588.809647371;4999999.999999929
3;5159809786324;20;phasez;-1.52967;-1.5266;-1.52236;-1.51732;-1.51106;-1.50321;-1.49355;-1.48157;-1.46674;-1.44837;-1.42561;-1.3974;-1.36239;-1.31887;-1.26464;-1.19682;-1.11148;-1.00348;-0.865555;-0.688151
