0;4150880667800;20;absz;1.55211e+08;1.12914e+08;8.20298e+07;5.96391e+07;4.33359e+07;3.14926e+07;2.28666e+07;1.66033e+07;1.20545e+07;8.7499e+06;6.35009e+06;4.60806e+06;3.34314e+06;2.42504e+06;1.75876e+06;1.2752e+06;924506;670154;485705;351966
0;4150880667800;20;frequency;9.999999974752427;13.86918846435492;19.23543905490988;26.67799336109056;37.00021196095804;51.31629158938722;71.17153245417285;98.70914048804025;136.9015682683994;189.8713664161278;263.3361782500288;365.2259113806622;506.5387032487934;702.5280792305466;974.3494403835484;1351.343611730726;1874.203936580443;2599.368780806799;3605.113577052066;4999.99999995282
0;4150880667800;20;phasez;-1.52978;-1.53064;-1.53201;-1.53306;-1.53408;-1.53485;-1.53587;-1.53662;-1.53731;-1.53801;-1.53856;-1.53896;-1.53926;-1.53928;-1.53897;-1.53814;-1.53666;-1.53429;-1.53071;-1.52546
1;4151649484378;50;absz;8.23054e+06;7.04729e+06;6.02179e+06;5.15058e+06;4.4097e+06;3.76843e+06;3.22125e+06;2.753e+06;2.35367e+06;2.01262e+06;1.72084e+06;1.47063e+06;1.25716e+06;1.07447e+06;918282;784761;670688;573189;489841;418557;357690;305641;261166;223160;190681;162924;139207;118943;101627;86830.4;74189.1;63389;54160.7;46275.5;39537.6;33780.4;28860.8;24656.7;21063.2;17992.2;15366.7;13122.1;11202.4;9560.56;8155.8;6953.33;5923.4;5040.54;4282.82;3631.7
1;4151649484378;50;frequency;199.9999999213742;234.625769479635;275.2462588517801;322.8993264769997;378.802514688914;444.3841576318164;521.3198749487447;611.5753842550475;717.456725922716;841.6691823498468;987.3863981368913;1158.33146786315;1358.872060208682;1594.132014446359;1870.122253535556;2193.894364737048;2573.720768452858;3019.306079821149;3542.035062906734;4155.263512473084;4874.659497176026;5718.603679767398;6708.658946337209;7870.121340545211;9232.666380967203;10831.10727442716;12706.28439819177;14906.10877695531;17486.78621595445;20514.25336674129;24065.86241733066;28232.35745111674;33120.19296963342;38854.25382030405;45581.04601983359;53472.44000269313;62730.06193403319;73590.44528463698;86331.07429211862;101277.4737211686;118811.5260634959;139381.228686517;163512.140226203;191820.8086789974;225030.524286467;263989.7996954232;309694.0495706946;363311.0235703185;426210.642505751;499999.9999999716
1;4151649484378;50;phasez;-1.53777;-1.53947;-1.53894;-1.54;-1.54005;-1.54099;-1.54217;-1.54145;-1.54233;-1.54276;-1.54264;-1.54312;-1.54363;-1.54385;-1.54391;-1.54415;-1.54447;-1.54463;-1.54477;-1.54479;-1.54487;-1.54486;-1.54481;-1.5447;-1.54448;-1.5442;-1.54383;-1.54334;-1.54274;-1.542;-1.54111;-1.54004;-1.53878;-1.5373;-1.53556;-1.53354;-1.53117;-1.52839;-1.52512;-1.5213;-1.51679;-1.51149;-1.50524;-1.49786;-1.48913;-1.4788;-1.46653;-1.45192;-1.43446;-1.41346
2;4152417759786;50;absz;89479;80074.3;71647.4;64117.5;57353.3;51312.1;45918.5;41085.5;36762.4;32895.2;29430.4;26334;23561.5;21080.4;18861.7;16877.7;15100.6;13511.5;12088.8;10815.8;9677.2;8658.04;7745.92;6929.68;6199.55;5546.17;4961.36;4438.07;3969.83;3550.7;3175.62;2840.02;2539.66;2270.89;2030.32;1815.01;1622.27;1449.77;1295.37;1157.13;1033.41;922.642;823.533;734.831;655.631;584.899;521.851;465.886;416.468;373.226
2;4152417759786;50;frequency;20000.00000002444;22385.53853899816;25055.61678390222;28044.17375656954;31389.19662092121;35133.2035329932;39323.78408414649;44014.2042055669;49264.08322518227;55140.1516811012;61717.09952482729;69078.52549602467;77317.99973512921;86540.25314108083;96862.50859274992;108415.9709538568;121347.4948009008;135821.4510731415;152021.8163702936;170154.5114554648;190450.0186878266;213166.3116533389;238592.1342356312;267050.6708003728;298903.6541519141;334555.9634717432;374460.7706856584;419125.3006744233;469117.2785435782;525072.1459047724;587701.13789258;657800.3235824071;736260.7247225839;824079.6413975459;922373.3285811875;1032391.184709951;1155531.632626961;1293359.894754076;1447627.888434013;1620296.494325686;1813560.480908265;2029876.401899315;2271993.821195295;2542990.262224833;2846310.325953354;3185809.474764127;3565803.038745301;3991121.067296888;4467169.723268114;4999999.999999929
2;4152417759786;50;phasez;-1.54549;-1.54545;-1.54486;-1.5447;-1.5443;-1.5437;-1.54309;-1.54239;-1.54157;-1.54052;-1.53959;-1.53841;-1.53703;-1.53552;-1.53378;-1.53193;-1.5297;-1.52737;-1.5246;-1.52157;-1.51814;-1.51435;-1.51004;-1.50524;-1.49986;-1.49379;-1.48701;-1.47937;-1.47083;-1.46121;-1.45041;-1.43831;-1.4247;-1.40941;-1.39224;-1.37291;-1.35119;-1.32673;-1.2992;-1.26816;-1.23315;-1.19361;-1.14889;-1.09819;-1.04063;-0.975167;-0.900502;-0.815178;-0.717467;-0.605413
3;4152737145436;20;absz;18364;14991.5;12232.7;9982.19;8146.49;6647.02;5423.44;4424.33;3608.75;2943.13;2399.32;1955.22;1592.72;1296.46;1054.49;856.738;695.274;563.762;457.273;372.331
3;4152737145436;20;frequency;99999.99999990905;122862.535599424;150952.0265389597;185463.4873444638;227865.1431623047;279960.8926363817;343967.05137965;422606.6409511731;519225.2346839865;637933.2888043621;783781.0140572543;962973.2274171232;1183133.324347452;1453627.601814205;1785963.729760951;2194280.323268956;2695948.443325946;3312310.615921419;4069588.809647371;4999999.999999929
3;4152737145436;20;phasez;-1.53292;-1.52966;-1.52567;-1.52057;-1.51431;-1.50657;-1.49694;-1.48499;-1.47014;-1.45178;-1.42899;-1.40075;-1.3657;-1.32212;-1.26781;-1.19991;-1.1145;-1.00642;-0.86846;-0.691095
