0;343087220796;20;absz;2.66295e+08;1.92114e+08;1.38993e+08;1.00473e+08;7.26155e+07;5.25364e+07;3.79435e+07;2.74394e+07;1.98373e+07;1.43403e+07;1.03674e+07;7.49615e+06;5.42012e+06;3.91903e+06;2.83349e+06;2.04866e+06;1.48112e+06;1.07078e+06;774112;559640
0;343087220796;20;frequency;9.999999974752427;13.86918846435492;19.23543905490988;26.67799336109056;37.00021196095804;51.31629158938722;71.17153245417285;98.70914048804025;136.9015682683994;189.8713664161278;263.3361782500288;365.2259113806622;506.5387032487934;702.5280792305466;974.3494403835484;1351.343611730726;1874.203936580443;2599.368780806799;3605.113577052066;4999.99999995282
0;343087220796;20;phasez;-1.55959;-1.55821;-1.55792;-1.55826;-1.55765;-1.558;-1.55782;-1.5576;-1.55737;-1.55698;-1.55656;-1.55605;-1.55543;-1.55463;-1.55357;-1.55207;-1.54994;-1.54695;-1.54275;-1.53689
1;343858427210;50;absz;1.34781e+07;1.15488e+07;9.84581e+06;8.39374e+06;7.16213e+06;6.11534e+06;5.21962e+06;4.45645e+06;3.80513e+06;3.24549e+06;2.77143e+06;2.36569e+06;2.01976e+06;1.72319e+06;1.47088e+06;1.25548e+06;1.0715e+06;914624;780630;666278;568658;485380;414287;353604;301825;257626;219898;187704;160223;136767;116750;99660.7;85075.2;72624.1;61997;52923.1;45176.9;38562.3;32915.2;28092.9;23974.2;20456.8;17452.1;14884.1;12688.9;10811.6;9204.92;7828.87;6649.01;5635.81
1;343858427210;50;frequency;199.9999999213742;234.625769479635;275.2462588517801;322.8993264769997;378.802514688914;444.3841576318164;521.3198749487447;611.5753842550475;717.456725922716;841.6691823498468;987.3863981368913;1158.33146786315;1358.872060208682;1594.132014446359;1870.122253535556;2193.894364737048;2573.720768452858;3019.306079821149;3542.035062906734;4155.263512473084;4874.659497176026;5718.603679767398;6708.658946337209;7870.121340545211;9232.666380967203;10831.10727442716;12706.28439819177;14906.10877695531;17486.78621595445;20514.25336674129;24065.86241733066;28232.35745111674;33120.19296963342;38854.25382030405;45581.04601983359;53472.44000269313;62730.06193403319;73590.44528463698;86331.07429211862;101277.4737211686;118811.5260634959;139381.228686517;163512.140226203;191820.8086789974;225030.524286467;263989.7996954232;309694.0495706946;363311.0235703185;426210.642505751;499999.9999999716
1;343858427210;50;phasez;-1.55436;-1.55828;-1.55925;-1.55783;-1.55708;-1.5567;-1.55734;-1.55693;-1.55722;-1.55739;-1.55758;-1.55728;-1.55749;-1.55714;-1.55735;-1.55718;-1.55711;-1.55684;-1.55684;-1.55653;-1.55639;-1.5561;-1.55579;-1.55535;-1.55491;-1.55437;-1.55378;-1.55306;-1.55225;-1.55131;-1.55022;-1.54897;-1.54753;-1.54586;-1.54394;-1.54172;-1.53914;-1.53614;-1.53265;-1.52857;-1.5238;-1.51822;-1.51167;-1.50397;-1.49491;-1.48423;-1.47161;-1.45663;-1.43879;-1.41741
2;344629160915;50;absz;140939;126022;112733;100788;90120.4;80552.7;72053.4;64427.2;57614.4;51520;46065.4;41196.3;36835.1;32935.8;29454;26338.4;23552.4;21060.9;18834.4;16844.4;15062.9;13469.7;12046.8;10773.1;9634.08;8615.29;7704.39;6889.57;6160.8;5509.36;4926.5;4405.06;3938.67;3521.53;3148.41;2814.7;2516.15;2249.12;2010.24;1796.63;1605.54;1434.73;1282.06;1145.57;1023.97;915.608;819.297;734.178;659.399;594.504
2;344629160915;50;frequency;20000.00000002444;22385.53853899816;25055.61678390222;28044.17375656954;31389.19662092121;35133.2035329932;39323.78408414649;44014.2042055669;49264.08322518227;55140.1516811012;61717.09952482729;69078.52549602467;77317.99973512921;86540.25314108083;96862.50859274992;108415.9709538568;121347.4948009008;135821.4510731415;152021.8163702936;170154.5114554648;190450.0186878266;213166.3116533389;238592.1342356312;267050.6708003728;298903.6541519141;334555.9634717432;374460.7706856584;419125.3006744233;469117.2785435782;525072.1459047724;587701.13789258;657800.3235824071;736260.7247225839;824079.6413975459;922373.3285811875;1032391.184709951;1155531.632626961;1293359.894754076;1447627.888434013;1620296.494325686;1813560.480908265;2029876.401899315;2271993.821195295;2542990.262224833;2846310.325953354;3185809.474764127;3565803.038745301;3991121.067296888;4467169.723268114;4999999.999999929
2;344629160915;50;phasez;-1.55512;-1.55474;-1.55426;-1.55369;-1.55333;-1.55239;-1.55155;-1.55071;-1.5497;-1.54857;-1.54746;-1.54624;-1.5447;-1.54305;-1.54112;-1.53906;-1.53665;-1.53408;-1.53113;-1.52793;-1.52429;-1.52022;-1.51572;-1.5107;-1.50505;-1.49875;-1.49169;-1.48379;-1.47499;-1.46512;-1.45407;-1.4417;-1.42783;-1.41228;-1.39483;-1.37527;-1.3533;-1.32861;-1.30084;-1.26959;-1.23439;-1.19466;-1.14981;-1.09899;-1.04133;-0.975888;-0.901313;-0.816204;-0.718877;-0.607455
3;344946499893;20;absz;28663.9;23375;19063.4;15546.2;12674.8;10332;8424.65;6868.43;5598.88;4564.51;3719.94;3031.71;2469.97;2011.65;1637.86;1333.06;1084.76;883.287;721.045;593.011
3;344946499893;20;frequency;99999.99999990905;122862.535599424;150952.0265389597;185463.4873444638;227865.1431623047;279960.8926363817;343967.05137965;422606.6409511731;519225.2346839865;637933.2888043621;783781.0140572543;962973.2274171232;1183133.324347452;1453627.601814205;1785963.729760951;2194280.323268956;2695948.443325946;3312310.615921419;4069588.809647371;4999999.999999929
3;344946499893;20;phasez;-1.54027;-1.5367;-1.53213;-1.52676;-1.52005;-1.51187;-1.50174;-1.48934;-1.47407;-1.45519;-1.43195;-1.40324;-1.36772;-1.32372;-1.26902;-1.20081;-1.11516;-1.00707;-0.869416;-0.692919
