0;8650956804222;20;absz;1.36754e+08;9.96141e+07;7.2628e+07;5.28941e+07;3.85127e+07;2.80459e+07;2.04015e+07;1.48415e+07;1.07936e+07;7.84883e+06;5.70635e+06;4.14789e+06;3.01464e+06;2.19065e+06;1.59169e+06;1.15635e+06;839918;609993;442944;321581
0;8650956804222;20;frequency;9.999999974752427;13.86918846435492;19.23543905490988;26.67799336109056;37.00021196095804;51.31629158938722;71.17153245417285;98.70914048804025;136.9015682683994;189.8713664161278;263.3361782500288;365.2259113806622;506.5387032487934;702.5280792305466;974.3494403835484;1351.343611730726;1874.203936580443;2599.368780806799;3605.113577052066;4999.99999995282
0;8650956804222;20;phasez;-1.51051;-1.51451;-1.51722;-1.51984;-1.52195;-1.5239;-1.52555;-1.52676;-1.528;-1.52885;-1.52959;-1.53009;-1.53038;-1.53038;-1.53002;-1.52921;-1.52773;-1.5254;-1.52189;-1.51674
1;8651727783060;50;absz;7.39642e+06;6.32207e+06;5.4173e+06;4.6386e+06;3.97054e+06;3.39563e+06;2.9049e+06;2.48618e+06;2.12834e+06;1.82049e+06;1.55717e+06;1.33237e+06;1.13989e+06;975224;834320;713685;610465;522215;446665;382050;326771;279478;239022;204423;174826;149507;127852;109334;93495.8;79951.1;68364.7;58459.9;49988.3;42744.6;36549.6;31250.8;26718.8;22843.2;19528;16692.1;14266.1;12189.9;10413.5;8893.02;7591.14;6476.13;5520.46;4700.75;3996.83;3391.47
1;8651727783060;50;frequency;199.9999999213742;234.625769479635;275.2462588517801;322.8993264769997;378.802514688914;444.3841576318164;521.3198749487447;611.5753842550475;717.456725922716;841.6691823498468;987.3863981368913;1158.33146786315;1358.872060208682;1594.132014446359;1870.122253535556;2193.894364737048;2573.720768452858;3019.306079821149;3542.035062906734;4155.263512473084;4874.659497176026;5718.603679767398;6708.658946337209;7870.121340545211;9232.666380967203;10831.10727442716;12706.28439819177;14906.10877695531;17486.78621595445;20514.25336674129;24065.86241733066;28232.35745111674;33120.19296963342;38854.25382030405;45581.04601983359;53472.44000269313;62730.06193403319;73590.44528463698;86331.07429211862;101277.4737211686;118811.5260634959;139381.228686517;163512.140226203;191820.8086789974;225030.524286467;263989.7996954232;309694.0495706946;363311.0235703185;426210.642505751;499999.9999999716
1;8651727783060;50;phasez;-1.52962;-1.53252;-1.53122;-1.53084;-1.5322;-1.53194;-1.53221;-1.53285;-1.53339;-1.53355;-1.53387;-1.53416;-1.53463;-1.53477;-1.53504;-1.53535;-1.53551;-1.53564;-1.53589;-1.53601;-1.53609;-1.53619;-1.53615;-1.53609;-1.53598;-1.53579;-1.53548;-1.53509;-1.53458;-1.53395;-1.53317;-1.5322;-1.53105;-1.52965;-1.52802;-1.52611;-1.52383;-1.52115;-1.51798;-1.51423;-1.50979;-1.50452;-1.4983;-1.49093;-1.48219;-1.47182;-1.45951;-1.44483;-1.42729;-1.4062
2;8652495879305;50;absz;82346.5;73743.7;66010.3;59091.1;52901.8;47375.2;42401.4;37968.4;33989.1;30424;27238.8;24382.1;21826.9;19539.8;17491.3;15658.7;14017.6;12547.4;11231.7;10054;8999.35;8055.33;7210.12;6453.31;5775.91;5169.58;4626.64;4140.67;3705.6;3316.1;2967.38;2655.11;2375.56;2125.23;1901.03;1700.28;1520.52;1359.51;1215.28;1086.08;970.342;866.692;773.87;690.741;616.415;549.984;490.727;438.073;391.516;350.73
2;8652495879305;50;frequency;20000.00000002444;22385.53853899816;25055.61678390222;28044.17375656954;31389.19662092121;35133.2035329932;39323.78408414649;44014.2042055669;49264.08322518227;55140.1516811012;61717.09952482729;69078.52549602467;77317.99973512921;86540.25314108083;96862.50859274992;108415.9709538568;121347.4948009008;135821.4510731415;152021.8163702936;170154.5114554648;190450.0186878266;213166.3116533389;238592.1342356312;267050.6708003728;298903.6541519141;334555.9634717432;374460.7706856584;419125.3006744233;469117.2785435782;525072.1459047724;587701.13789258;657800.3235824071;736260.7247225839;824079.6413975459;922373.3285811875;1032391.184709951;1155531.632626961;1293359.894754076;1447627.888434013;1620296.494325686;1813560.480908265;2029876.401899315;2271993.821195295;2542990.262224833;2846310.325953354;3185809.474764127;3565803.038745301;3991121.067296888;4467169.723268114;4999999.999999929
2;8652495879305;50;phasez;-1.5374;-1.53753;-1.53725;-1.53699;-1.53662;-1.53598;-1.53537;-1.53477;-1.53398;-1.53323;-1.53224;-1.5311;-1.52985;-1.52842;-1.5267;-1.52486;-1.52273;-1.5204;-1.51767;-1.51465;-1.51126;-1.50746;-1.50311;-1.4983;-1.49287;-1.48678;-1.47994;-1.47224;-1.46362;-1.45396;-1.44311;-1.43094;-1.41727;-1.40192;-1.38467;-1.3653;-1.34353;-1.31903;-1.29145;-1.26037;-1.2253;-1.1857;-1.14091;-1.09012;-1.03246;-0.966866;-0.892023;-0.806467;-0.708473;-0.59605
3;8652814590094;20;absz;17024.6;13909.6;11359.9;9278.57;7579.46;6189.15;5054.4;4127.11;3369.51;2750.46;2244.36;1830.62;1492.65;1216.07;989.894;804.837;653.489;530.047;429.883;349.816
3;8652814590094;20;frequency;99999.99999990905;122862.535599424;150952.0265389597;185463.4873444638;227865.1431623047;279960.8926363817;343967.05137965;422606.6409511731;519225.2346839865;637933.2888043621;783781.0140572543;962973.2274171232;1183133.324347452;1453627.601814205;1785963.729760951;2194280.323268956;2695948.443325946;3312310.615921419;4069588.809647371;4999999.999999929
3;8652814590094;20;phasez;-1.52585;-1.52263;-1.51871;-1.51372;-1.50741;-1.49961;-1.48987;-1.47783;-1.46291;-1.44442;-1.42153;-1.39318;-1.35803;-1.31436;-1.25997;-1.19195;-1.10638;-0.998062;-0.859709;-0.681725
