0;3646023713922;20;absz;1.61573e+08;1.17442e+08;8.53082e+07;6.19259e+07;4.49593e+07;3.26146e+07;2.36767e+07;1.71745e+07;1.24561e+07;9.03324e+06;6.54948e+06;4.7483e+06;3.44179e+06;2.49444e+06;1.80758e+06;1.30965e+06;948744;687200;497708;360443
0;3646023713922;20;frequency;9.999999974752427;13.86918846435492;19.23543905490988;26.67799336109056;37.00021196095804;51.31629158938722;71.17153245417285;98.70914048804025;136.9015682683994;189.8713664161278;263.3361782500288;365.2259113806622;506.5387032487934;702.5280792305466;974.3494403835484;1351.343611730726;1874.203936580443;2599.368780806799;3605.113577052066;4999.99999995282
0;3646023713922;20;phasez;-1.53352;-1.53507;-1.53616;-1.53674;-1.53802;-1.53914;-1.54012;-1.54115;-1.54182;-1.54249;-1.54292;-1.54321;-1.54334;-1.54323;-1.54277;-1.54183;-1.54021;-1.53766;-1.53386;-1.52837
1;3646794041623;50;absz;8.49625e+06;7.28475e+06;6.21397e+06;5.32541e+06;4.54726e+06;3.87824e+06;3.316e+06;2.83259e+06;2.42124e+06;2.07018e+06;1.7681e+06;1.51095e+06;1.29081e+06;1.10299e+06;942369;805042;687835;587595;501937;428805;366309;312924;267317;228352;195072;166639;142355;121610;103887;88748;75813.7;64764.8;55325.8;47261.4;40372.5;34486.6;29458;25160.7;21489;18351.2;15669.3;13376.9;11416.9;9741.23;8307.59;7080.91;6030.43;5130.33;4357.96;3694.4
1;3646794041623;50;frequency;199.9999999213742;234.625769479635;275.2462588517801;322.8993264769997;378.802514688914;444.3841576318164;521.3198749487447;611.5753842550475;717.456725922716;841.6691823498468;987.3863981368913;1158.33146786315;1358.872060208682;1594.132014446359;1870.122253535556;2193.894364737048;2573.720768452858;3019.306079821149;3542.035062906734;4155.263512473084;4874.659497176026;5718.603679767398;6708.658946337209;7870.121340545211;9232.666380967203;10831.10727442716;12706.28439819177;14906.10877695531;17486.78621595445;20514.25336674129;24065.86241733066;28232.35745111674;33120.19296963342;38854.25382030405;45581.04601983359;53472.44000269313;62730.06193403319;73590.44528463698;86331.07429211862;101277.4737211686;118811.5260634959;139381.228686517;163512.140226203;191820.8086789974;225030.524286467;263989.7996954232;309694.0495706946;363311.0235703185;426210.642505751;499999.9999999716
1;3646794041623;50;phasez;-1.54467;-1.5424;-1.54411;-1.54407;-1.54516;-1.54605;-1.54544;-1.54553;-1.54627;-1.54619;-1.54668;-1.54679;-1.54717;-1.54756;-1.54761;-1.54767;-1.54784;-1.54785;-1.54783;-1.54784;-1.54774;-1.54768;-1.5475;-1.54727;-1.54695;-1.54657;-1.54612;-1.54556;-1.5449;-1.54414;-1.54321;-1.54215;-1.5409;-1.53944;-1.53774;-1.53575;-1.53342;-1.53068;-1.52745;-1.52365;-1.51918;-1.51389;-1.50765;-1.50028;-1.49155;-1.48121;-1.46893;-1.4543;-1.43681;-1.41577
2;3647565421237;50;absz;91467.3;81822;73216.4;65488.3;58597.5;52411.8;46896.5;41954.8;37534.5;33580.1;30038.7;26871.3;24039;21506;19239.1;17210.8;15396.3;13773.3;12321.2;11021.8;9859.08;8819.12;7888.57;7056.19;6311.45;5645.1;5049.06;4515.68;4038.44;3611.43;3229.44;2887.66;2581.77;2308.13;2063.29;1844.17;1648.13;1472.68;1315.64;1175.1;1049.35;936.794;836.085;745.994;665.564;593.738;529.751;472.973;422.84;379.006
2;3647565421237;50;frequency;20000.00000002444;22385.53853899816;25055.61678390222;28044.17375656954;31389.19662092121;35133.2035329932;39323.78408414649;44014.2042055669;49264.08322518227;55140.1516811012;61717.09952482729;69078.52549602467;77317.99973512921;86540.25314108083;96862.50859274992;108415.9709538568;121347.4948009008;135821.4510731415;152021.8163702936;170154.5114554648;190450.0186878266;213166.3116533389;238592.1342356312;267050.6708003728;298903.6541519141;334555.9634717432;374460.7706856584;419125.3006744233;469117.2785435782;525072.1459047724;587701.13789258;657800.3235824071;736260.7247225839;824079.6413975459;922373.3285811875;1032391.184709951;1155531.632626961;1293359.894754076;1447627.888434013;1620296.494325686;1813560.480908265;2029876.401899315;2271993.821195295;2542990.262224833;2846310.325953354;3185809.474764127;3565803.038745301;3991121.067296888;4467169.723268114;4999999.999999929
2;3647565421237;50;phasez;-1.548;-1.54728;-1.54741;-1.54671;-1.5465;-1.54579;-1.54528;-1.54459;-1.54372;-1.5429;-1.54189;-1.5406;-1.53921;-1.53781;-1.53614;-1.53424;-1.53208;-1.52973;-1.52699;-1.524;-1.52059;-1.51675;-1.51249;-1.50767;-1.50225;-1.49619;-1.48938;-1.48174;-1.47315;-1.46352;-1.4527;-1.44054;-1.42689;-1.41155;-1.39432;-1.37495;-1.35317;-1.32866;-1.30106;-1.26995;-1.23486;-1.19524;-1.15044;-1.09968;-1.04202;-0.976471;-0.901726;-0.816315;-0.718528;-0.606397
3;3647885564430;20;absz;18729.9;15284.2;12467.8;10170.3;8297.43;6768.14;5519.89;4501.8;3670.56;2992.62;2438.89;1986.9;1618.02;1316.75;1070.72;869.799;705.808;572.29;464.226;378.096
3;3647885564430;20;frequency;99999.99999990905;122862.535599424;150952.0265389597;185463.4873444638;227865.1431623047;279960.8926363817;343967.05137965;422606.6409511731;519225.2346839865;637933.2888043621;783781.0140572543;962973.2274171232;1183133.324347452;1453627.601814205;1785963.729760951;2194280.323268956;2695948.443325946;3312310.615921419;4069588.809647371;4999999.999999929
3;3647885564430;20;phasez;-1.53527;-1.53206;-1.52811;-1.52302;-1.51674;-1.50893;-1.49931;-1.48733;-1.47244;-1.45402;-1.43116;-1.40283;-1.36766;-1.32397;-1.26954;-1.2015;-1.11592;-1.0077;-0.869587;-0.692053
