0;6987977738117;20;absz;1.38782e+08;1.01217e+08;7.36862e+07;5.36735e+07;3.90577e+07;2.84277e+07;2.067e+07;1.50342e+07;1.09307e+07;7.9466e+06;5.77629e+06;4.19811e+06;3.05058e+06;2.21647e+06;1.61021e+06;1.16961e+06;849427;616798;447802;325043
0;6987977738117;20;frequency;9.999999974752427;13.86918846435492;19.23543905490988;26.67799336109056;37.00021196095804;51.31629158938722;71.17153245417285;98.70914048804025;136.9015682683994;189.8713664161278;263.3361782500288;365.2259113806622;506.5387032487934;702.5280792305466;974.3494403835484;1351.343611730726;1874.203936580443;2599.368780806799;3605.113577052066;4999.99999995282
0;6987977738117;20;phasez;-1.51487;-1.5179;-1.52033;-1.52228;-1.52443;-1.52566;-1.52731;-1.52845;-1.52935;-1.53016;-1.53072;-1.53111;-1.53131;-1.53127;-1.53087;-1.53002;-1.52859;-1.5263;-1.52283;-1.51771
1;6988747878060;50;absz;7.47674e+06;6.41299e+06;5.49096e+06;4.69161e+06;4.01371e+06;3.43545e+06;2.94037e+06;2.51459e+06;2.15302e+06;1.84161e+06;1.57552e+06;1.34751e+06;1.15281e+06;986263;843662;721647;617322;527971;451572;386211;330301;282464;241548;206556;176629;151035;129148;110427;94421.5;80733.8;69028;59019.7;50462.1;43143.7;36886.4;31535.2;26958.7;23044.9;19697.9;16835.5;14386.5;12291.6;10499.2;8965.31;7652.08;6527.59;5563.77;4737.19;4027.6;3417.31
1;6988747878060;50;frequency;199.9999999213742;234.625769479635;275.2462588517801;322.8993264769997;378.802514688914;444.3841576318164;521.3198749487447;611.5753842550475;717.456725922716;841.6691823498468;987.3863981368913;1158.33146786315;1358.872060208682;1594.132014446359;1870.122253535556;2193.894364737048;2573.720768452858;3019.306079821149;3542.035062906734;4155.263512473084;4874.659497176026;5718.603679767398;6708.658946337209;7870.121340545211;9232.666380967203;10831.10727442716;12706.28439819177;14906.10877695531;17486.78621595445;20514.25336674129;24065.86241733066;28232.35745111674;33120.19296963342;38854.25382030405;45581.04601983359;53472.44000269313;62730.06193403319;73590.44528463698;86331.07429211862;101277.4737211686;118811.5260634959;139381.228686517;163512.140226203;191820.8086789974;225030.524286467;263989.7996954232;309694.0495706946;363311.0235703185;426210.642505751;499999.9999999716
1;6988747878060;50;phasez;-1.52896;-1.53118;-1.53142;-1.5322;-1.53185;-1.53371;-1.53327;-1.53332;-1.53409;-1.53436;-1.53473;-1.53511;-1.53536;-1.53568;-1.53595;-1.53608;-1.53643;-1.53662;-1.53682;-1.53697;-1.53708;-1.53716;-1.5372;-1.53716;-1.53702;-1.53684;-1.53655;-1.53615;-1.53565;-1.53501;-1.53423;-1.53328;-1.53213;-1.53077;-1.52915;-1.52724;-1.52497;-1.52228;-1.51911;-1.51534;-1.51089;-1.50561;-1.49937;-1.49197;-1.48321;-1.47282;-1.46049;-1.44581;-1.42827;-1.40718
2;6989517843261;50;absz;83184.8;74465.9;66667.3;59684.9;53429.4;47827.8;42813.5;38324.3;34304.6;30707.7;27483.6;24604;22024.1;19711.6;17645.6;15793.5;14137;12654;11326;10137.5;9073.52;8121.32;7268.62;6505.32;5822.16;5210.74;4663.32;4173.11;3734.39;3341.69;2990.08;2675.26;2393.46;2141.1;1915.15;1712.82;1531.62;1369.31;1223.95;1093.76;977.152;872.715;779.189;695.439;620.591;553.682;494.02;441.005;394.138;353.07
2;6989517843261;50;frequency;20000.00000002444;22385.53853899816;25055.61678390222;28044.17375656954;31389.19662092121;35133.2035329932;39323.78408414649;44014.2042055669;49264.08322518227;55140.1516811012;61717.09952482729;69078.52549602467;77317.99973512921;86540.25314108083;96862.50859274992;108415.9709538568;121347.4948009008;135821.4510731415;152021.8163702936;170154.5114554648;190450.0186878266;213166.3116533389;238592.1342356312;267050.6708003728;298903.6541519141;334555.9634717432;374460.7706856584;419125.3006744233;469117.2785435782;525072.1459047724;587701.13789258;657800.3235824071;736260.7247225839;824079.6413975459;922373.3285811875;1032391.184709951;1155531.632626961;1293359.894754076;1447627.888434013;1620296.494325686;1813560.480908265;2029876.401899315;2271993.821195295;2542990.262224833;2846310.325953354;3185809.474764127;3565803.038745301;3991121.067296888;4467169.723268114;4999999.999999929
2;6989517843261;50;phasez;-1.53878;-1.53836;-1.53834;-1.53789;-1.53754;-1.53711;-1.53657;-1.53583;-1.53505;-1.53433;-1.53335;-1.53229;-1.53098;-1.52949;-1.52779;-1.52595;-1.52382;-1.52147;-1.51874;-1.51571;-1.51228;-1.50842;-1.50411;-1.49927;-1.49383;-1.48773;-1.48088;-1.47322;-1.4646;-1.45493;-1.4441;-1.43194;-1.41829;-1.40296;-1.38574;-1.36639;-1.34463;-1.32017;-1.2926;-1.26154;-1.2265;-1.18693;-1.14216;-1.09143;-1.03379;-0.968236;-0.893441;-0.807949;-0.710019;-0.597691
3;6989835335162;20;absz;17175.8;14031.6;11457.1;9356.72;7641.89;6239.59;5095.09;4159.67;3395.74;2771.62;2261.37;1844.25;1503.57;1224.82;996.883;810.425;657.981;533.638;432.785;352.176
3;6989835335162;20;frequency;99999.99999990905;122862.535599424;150952.0265389597;185463.4873444638;227865.1431623047;279960.8926363817;343967.05137965;422606.6409511731;519225.2346839865;637933.2888043621;783781.0140572543;962973.2274171232;1183133.324347452;1453627.601814205;1785963.729760951;2194280.323268956;2695948.443325946;3312310.615921419;4069588.809647371;4999999.999999929
3;6989835335162;20;phasez;-1.52702;-1.52385;-1.51975;-1.51469;-1.5084;-1.50057;-1.49087;-1.4788;-1.46388;-1.44543;-1.42255;-1.39426;-1.35914;-1.31552;-1.26118;-1.19321;-1.10771;-0.999462;-0.861223;-0.68336
