0;8296577572858;20;absz;1.36853e+08;9.98125e+07;7.27356e+07;5.29903e+07;3.85822e+07;2.80759e+07;2.04351e+07;1.48655e+07;1.0811e+07;7.86098e+06;5.71471e+06;4.15386e+06;3.01896e+06;2.19378e+06;1.59395e+06;1.15797e+06;841094;610850;443551;322018
0;8296577572858;20;frequency;9.999999974752427;13.86918846435492;19.23543905490988;26.67799336109056;37.00021196095804;51.31629158938722;71.17153245417285;98.70914048804025;136.9015682683994;189.8713664161278;263.3361782500288;365.2259113806622;506.5387032487934;702.5280792305466;974.3494403835484;1351.343611730726;1874.203936580443;2599.368780806799;3605.113577052066;4999.99999995282
0;8296577572858;20;phasez;-1.5112;-1.51457;-1.51767;-1.51997;-1.52227;-1.52458;-1.52578;-1.52704;-1.52823;-1.52909;-1.5298;-1.53025;-1.5305;-1.53048;-1.53011;-1.52925;-1.52781;-1.52551;-1.52202;-1.5169
1;8297348990912;50;absz;7.41662e+06;6.35182e+06;5.4237e+06;4.64498e+06;3.97509e+06;3.40143e+06;2.90906e+06;2.48792e+06;2.13023e+06;1.8227e+06;1.55954e+06;1.33452e+06;1.14144e+06;976497;835396;714665;611338;522910;447289;382583;327207;279853;239337;204685;175047;149691;128010;109465;93605.9;80039.2;68441.6;58523.3;50040.7;42787.1;36583.8;31278.9;26741.8;22861.4;19542.4;16703.6;14275.1;12197.5;10419.6;8897.98;7595.21;6479.44;5523.11;4703;3998.66;3392.95
1;8297348990912;50;frequency;199.9999999213742;234.625769479635;275.2462588517801;322.8993264769997;378.802514688914;444.3841576318164;521.3198749487447;611.5753842550475;717.456725922716;841.6691823498468;987.3863981368913;1158.33146786315;1358.872060208682;1594.132014446359;1870.122253535556;2193.894364737048;2573.720768452858;3019.306079821149;3542.035062906734;4155.263512473084;4874.659497176026;5718.603679767398;6708.658946337209;7870.121340545211;9232.666380967203;10831.10727442716;12706.28439819177;14906.10877695531;17486.78621595445;20514.25336674129;24065.86241733066;28232.35745111674;33120.19296963342;38854.25382030405;45581.04601983359;53472.44000269313;62730.06193403319;73590.44528463698;86331.07429211862;101277.4737211686;118811.5260634959;139381.228686517;163512.140226203;191820.8086789974;225030.524286467;263989.7996954232;309694.0495706946;363311.0235703185;426210.642505751;499999.9999999716
1;8297348990912;50;phasez;-1.53111;-1.53051;-1.53148;-1.53189;-1.53275;-1.53249;-1.53251;-1.53321;-1.53349;-1.53351;-1.53403;-1.53432;-1.53465;-1.53482;-1.53515;-1.53532;-1.53565;-1.53582;-1.53598;-1.53618;-1.53627;-1.53636;-1.53637;-1.53632;-1.5362;-1.53602;-1.53574;-1.53536;-1.53487;-1.53424;-1.53346;-1.53252;-1.53138;-1.53001;-1.5284;-1.52649;-1.52422;-1.52153;-1.51835;-1.51458;-1.51013;-1.50485;-1.49861;-1.49122;-1.48246;-1.47207;-1.45974;-1.44505;-1.42749;-1.40639
2;8298115428346;50;absz;82461.7;73813.3;66106.7;59175.3;52970.5;47426.1;42452.6;38009.8;34025.5;30458;27262.7;24406.6;21846.5;19555;17506.7;15671.2;14028.1;12556.2;11239;10060.4;9005.26;8060.47;7214.31;6457.21;5779.35;5172.56;4629.35;4143.04;3707.69;3317.9;2968.91;2656.47;2376.75;2126.27;1901.96;1701.12;1521.21;1360.11;1215.79;1086.54;970.765;867.063;774.198;691.023;616.659;550.203;490.929;438.249;391.672;350.861
2;8298115428346;50;frequency;20000.00000002444;22385.53853899816;25055.61678390222;28044.17375656954;31389.19662092121;35133.2035329932;39323.78408414649;44014.2042055669;49264.08322518227;55140.1516811012;61717.09952482729;69078.52549602467;77317.99973512921;86540.25314108083;96862.50859274992;108415.9709538568;121347.4948009008;135821.4510731415;152021.8163702936;170154.5114554648;190450.0186878266;213166.3116533389;238592.1342356312;267050.6708003728;298903.6541519141;334555.9634717432;374460.7706856584;419125.3006744233;469117.2785435782;525072.1459047724;587701.13789258;657800.3235824071;736260.7247225839;824079.6413975459;922373.3285811875;1032391.184709951;1155531.632626961;1293359.894754076;1447627.888434013;1620296.494325686;1813560.480908265;2029876.401899315;2271993.821195295;2542990.262224833;2846310.325953354;3185809.474764127;3565803.038745301;3991121.067296888;4467169.723268114;4999999.999999929
2;8298115428346;50;phasez;-1.53785;-1.53779;-1.53752;-1.53718;-1.53681;-1.53638;-1.53577;-1.53512;-1.53445;-1.53354;-1.5327;-1.53151;-1.53014;-1.52869;-1.52708;-1.52525;-1.52309;-1.52063;-1.51797;-1.51491;-1.51149;-1.50764;-1.50337;-1.49851;-1.49307;-1.48697;-1.4801;-1.47244;-1.46381;-1.45413;-1.44327;-1.4311;-1.41743;-1.40208;-1.38484;-1.36547;-1.34368;-1.31918;-1.29159;-1.2605;-1.22544;-1.18583;-1.14103;-1.09024;-1.03258;-0.966981;-0.892132;-0.806575;-0.70858;-0.596162
3;8298433419169;20;absz;17044.8;13925.7;11371.8;9287.49;7585.81;6194.21;5058.48;4130.24;3371.92;2752.35;2245.92;1831.86;1493.6;1216.84;990.473;805.273;653.847;530.327;430.107;350.005
3;8298433419169;20;frequency;99999.99999990905;122862.535599424;150952.0265389597;185463.4873444638;227865.1431623047;279960.8926363817;343967.05137965;422606.6409511731;519225.2346839865;637933.2888043621;783781.0140572543;962973.2274171232;1183133.324347452;1453627.601814205;1785963.729760951;2194280.323268956;2695948.443325946;3312310.615921419;4069588.809647371;4999999.999999929
3;8298433419169;20;phasez;-1.52622;-1.52301;-1.51893;-1.51394;-1.50768;-1.49979;-1.49007;-1.47801;-1.46307;-1.44457;-1.42168;-1.39331;-1.35816;-1.31449;-1.26009;-1.19205;-1.10647;-0.998136;-0.859773;-0.681764
