0;3286155273911;20;absz;1.66783e+08;1.21027e+08;8.78154e+07;6.37283e+07;4.62188e+07;3.35294e+07;2.43102e+07;1.76271e+07;1.27766e+07;9.26012e+06;6.71038e+06;4.86167e+06;3.52161e+06;2.5506e+06;1.84704e+06;1.33742e+06;968364;701110;507612;367505
0;3286155273911;20;frequency;9.999999974752427;13.86918846435492;19.23543905490988;26.67799336109056;37.00021196095804;51.31629158938722;71.17153245417285;98.70914048804025;136.9015682683994;189.8713664161278;263.3361782500288;365.2259113806622;506.5387032487934;702.5280792305466;974.3494403835484;1351.343611730726;1874.203936580443;2599.368780806799;3605.113577052066;4999.99999995282
0;3286155273911;20;phasez;-1.5374;-1.5393;-1.53956;-1.54084;-1.5417;-1.54206;-1.54341;-1.54408;-1.54483;-1.54536;-1.54584;-1.54617;-1.54629;-1.54612;-1.5455;-1.54434;-1.54248;-1.53969;-1.53568;-1.53004
1;3286925041288;50;absz;8.71822e+06;7.45869e+06;6.3702e+06;5.44356e+06;4.65173e+06;3.9715e+06;3.39551e+06;2.89782e+06;2.47592e+06;2.11482e+06;1.80679e+06;1.54295e+06;1.3183e+06;1.126e+06;961840;821541;701702;599369;511957;437267;373476;319020;272492;232747;198799;169803;145039;123883;105815;90379;77193.9;65933.1;56313.7;48097.7;41079.7;35084.1;29961.1;25586;21848.1;18654.3;15924.7;13592;11598.1;9893.59;8435.95;7188.81;6121.1;5206.3;4421.56;3747.66
1;3286925041288;50;frequency;199.9999999213742;234.625769479635;275.2462588517801;322.8993264769997;378.802514688914;444.3841576318164;521.3198749487447;611.5753842550475;717.456725922716;841.6691823498468;987.3863981368913;1158.33146786315;1358.872060208682;1594.132014446359;1870.122253535556;2193.894364737048;2573.720768452858;3019.306079821149;3542.035062906734;4155.263512473084;4874.659497176026;5718.603679767398;6708.658946337209;7870.121340545211;9232.666380967203;10831.10727442716;12706.28439819177;14906.10877695531;17486.78621595445;20514.25336674129;24065.86241733066;28232.35745111674;33120.19296963342;38854.25382030405;45581.04601983359;53472.44000269313;62730.06193403319;73590.44528463698;86331.07429211862;101277.4737211686;118811.5260634959;139381.228686517;163512.140226203;191820.8086789974;225030.524286467;263989.7996954232;309694.0495706946;363311.0235703185;426210.642505751;499999.9999999716
1;3286925041288;50;phasez;-1.54606;-1.54852;-1.54858;-1.5464;-1.54776;-1.54789;-1.54882;-1.54911;-1.54899;-1.54922;-1.54935;-1.54961;-1.54957;-1.54975;-1.54976;-1.54976;-1.54985;-1.54981;-1.5497;-1.5496;-1.54945;-1.54933;-1.54906;-1.54881;-1.54849;-1.54813;-1.54768;-1.54714;-1.54651;-1.54576;-1.54488;-1.54385;-1.54263;-1.54119;-1.53951;-1.53755;-1.53524;-1.53251;-1.5293;-1.52551;-1.52104;-1.51575;-1.50951;-1.50212;-1.49338;-1.48302;-1.4707;-1.45603;-1.43849;-1.41739
2;3287695430594;50;absz;93130.8;83327.6;74540.2;66678.4;59648.9;53353.6;47725.6;42689;38192.9;34161.8;30554;27328.3;24445.5;21865.3;19557.5;17491.9;15646.8;13995;12518.4;11195.7;10013.8;8956.73;8010.45;7163.82;6406.84;5729.56;5123.91;4581.8;4097.13;3663.38;3275.51;2928.41;2617.96;2340.17;2091.68;1869.4;1670.5;1492.54;1333.27;1190.8;1063.29;949.225;847.182;755.915;674.438;601.682;536.891;479.419;428.697;384.355
2;3287695430594;50;frequency;20000.00000002444;22385.53853899816;25055.61678390222;28044.17375656954;31389.19662092121;35133.2035329932;39323.78408414649;44014.2042055669;49264.08322518227;55140.1516811012;61717.09952482729;69078.52549602467;77317.99973512921;86540.25314108083;96862.50859274992;108415.9709538568;121347.4948009008;135821.4510731415;152021.8163702936;170154.5114554648;190450.0186878266;213166.3116533389;238592.1342356312;267050.6708003728;298903.6541519141;334555.9634717432;374460.7706856584;419125.3006744233;469117.2785435782;525072.1459047724;587701.13789258;657800.3235824071;736260.7247225839;824079.6413975459;922373.3285811875;1032391.184709951;1155531.632626961;1293359.894754076;1447627.888434013;1620296.494325686;1813560.480908265;2029876.401899315;2271993.821195295;2542990.262224833;2846310.325953354;3185809.474764127;3565803.038745301;3991121.067296888;4467169.723268114;4999999.999999929
2;3287695430594;50;phasez;-1.54963;-1.5491;-1.5489;-1.54838;-1.54788;-1.54749;-1.54694;-1.54632;-1.54553;-1.54458;-1.5436;-1.54256;-1.54114;-1.53963;-1.53798;-1.5361;-1.53395;-1.53156;-1.52887;-1.52584;-1.52242;-1.5186;-1.51429;-1.50947;-1.50403;-1.49795;-1.4911;-1.48341;-1.47479;-1.46511;-1.45423;-1.44202;-1.4283;-1.41289;-1.39558;-1.37612;-1.35424;-1.32963;-1.30194;-1.27073;-1.23554;-1.19581;-1.1509;-1.1;-1.04224;-0.976588;-0.901724;-0.81621;-0.718307;-0.606073
3;3288014776229;20;absz;19039.5;15532.9;12669.2;10331.4;8425.89;6870.86;5602.41;4567.91;3723.45;3034.89;2472.86;2014.15;1639.88;1334.4;1084.96;881.346;715.204;579.983;470.575;383.431
3;3288014776229;20;frequency;99999.99999990905;122862.535599424;150952.0265389597;185463.4873444638;227865.1431623047;279960.8926363817;343967.05137965;422606.6409511731;519225.2346839865;637933.2888043621;783781.0140572543;962973.2274171232;1183133.324347452;1453627.601814205;1785963.729760951;2194280.323268956;2695948.443325946;3312310.615921419;4069588.809647371;4999999.999999929
3;3288014776229;20;phasez;-1.53711;-1.53401;-1.52991;-1.52484;-1.51856;-1.51075;-1.50105;-1.48899;-1.47404;-1.45551;-1.43253;-1.40404;-1.36872;-1.32484;-1.27022;-1.20197;-1.11621;-1.00776;-0.869442;-0.691713
