0;435129402145;20;absz;2.52773e+08;1.82726e+08;1.32192e+08;9.55751e+07;6.91205e+07;4.99477e+07;3.61414e+07;2.61367e+07;1.89028e+07;1.36707e+07;9.88716e+06;7.15149e+06;5.17277e+06;3.74166e+06;2.70635e+06;1.95745e+06;1.41574e+06;1.02393e+06;740551;535597
0;435129402145;20;frequency;9.999999974752427;13.86918846435492;19.23543905490988;26.67799336109056;37.00021196095804;51.31629158938722;71.17153245417285;98.70914048804025;136.9015682683994;189.8713664161278;263.3361782500288;365.2259113806622;506.5387032487934;702.5280792305466;974.3494403835484;1351.343611730726;1874.203936580443;2599.368780806799;3605.113577052066;4999.99999995282
0;435129402145;20;phasez;-1.557;-1.55648;-1.55645;-1.55596;-1.55646;-1.55537;-1.55583;-1.55596;-1.55558;-1.55519;-1.55474;-1.55426;-1.55364;-1.55279;-1.5517;-1.55017;-1.54802;-1.54501;-1.54077;-1.53488
1;435897505585;50;absz;1.28597e+07;1.09915e+07;9.41392e+06;8.00669e+06;6.84557e+06;5.8437e+06;4.98246e+06;4.25642e+06;3.63284e+06;3.10145e+06;2.64791e+06;2.2598e+06;1.92961e+06;1.64701e+06;1.40621e+06;1.20035e+06;1.02475e+06;874748;746810;637550;544250;464661;396682;338651;289119;246827;210728;179914;153606;131149;111977;95610.3;81635.4;69703.9;59517.6;50818;43389.7;37047;31629.1;27001.7;23048.7;19671.9;16785.9;14319.5;12210.7;10406.6;8862.3;7539.34;6404.67;5430.04
1;435897505585;50;frequency;199.9999999213742;234.625769479635;275.2462588517801;322.8993264769997;378.802514688914;444.3841576318164;521.3198749487447;611.5753842550475;717.456725922716;841.6691823498468;987.3863981368913;1158.33146786315;1358.872060208682;1594.132014446359;1870.122253535556;2193.894364737048;2573.720768452858;3019.306079821149;3542.035062906734;4155.263512473084;4874.659497176026;5718.603679767398;6708.658946337209;7870.121340545211;9232.666380967203;10831.10727442716;12706.28439819177;14906.10877695531;17486.78621595445;20514.25336674129;24065.86241733066;28232.35745111674;33120.19296963342;38854.25382030405;45581.04601983359;53472.44000269313;62730.06193403319;73590.44528463698;86331.07429211862;101277.4737211686;118811.5260634959;139381.228686517;163512.140226203;191820.8086789974;225030.524286467;263989.7996954232;309694.0495706946;363311.0235703185;426210.642505751;499999.9999999716
1;435897505585;50;phasez;-1.55849;-1.55605;-1.55432;-1.55615;-1.55595;-1.55761;-1.55635;-1.55549;-1.55572;-1.55576;-1.55577;-1.55532;-1.55547;-1.55545;-1.55539;-1.5552;-1.55524;-1.55504;-1.5548;-1.55463;-1.55435;-1.55411;-1.55374;-1.55332;-1.55286;-1.55231;-1.5517;-1.55096;-1.55015;-1.54919;-1.54807;-1.5468;-1.54534;-1.54365;-1.54171;-1.53948;-1.53688;-1.53387;-1.53036;-1.52626;-1.52149;-1.51589;-1.50932;-1.50161;-1.49254;-1.48185;-1.46921;-1.45422;-1.43637;-1.41497
2;436665087482;50;absz;135167;120893;108129;96692;86475.9;77334.4;69163.4;61860.2;55323.6;49475.7;44248.1;39575.1;35390.2;31653.8;28310.5;25318.6;22644.5;20254.9;18114.7;16202.5;14491.9;12962.3;11593.9;10370.2;9275.55;8296.26;7419.95;6636.57;5935.48;5308.76;4747.85;4246.12;3797.19;3395.63;3036.34;2714.99;2427.43;2170.14;1939.98;1734.11;1549.9;1385.18;1237.91;1106.26;988.91;884.267;791.275;709.029;636.764;574.007
2;436665087482;50;frequency;20000.00000002444;22385.53853899816;25055.61678390222;28044.17375656954;31389.19662092121;35133.2035329932;39323.78408414649;44014.2042055669;49264.08322518227;55140.1516811012;61717.09952482729;69078.52549602467;77317.99973512921;86540.25314108083;96862.50859274992;108415.9709538568;121347.4948009008;135821.4510731415;152021.8163702936;170154.5114554648;190450.0186878266;213166.3116533389;238592.1342356312;267050.6708003728;298903.6541519141;334555.9634717432;374460.7706856584;419125.3006744233;469117.2785435782;525072.1459047724;587701.13789258;657800.3235824071;736260.7247225839;824079.6413975459;922373.3285811875;1032391.184709951;1155531.632626961;1293359.894754076;1447627.888434013;1620296.494325686;1813560.480908265;2029876.401899315;2271993.821195295;2542990.262224833;2846310.325953354;3185809.474764127;3565803.038745301;3991121.067296888;4467169.723268114;4999999.999999929
2;436665087482;50;phasez;-1.55294;-1.55265;-1.55175;-1.55106;-1.55058;-1.55018;-1.54928;-1.54867;-1.54755;-1.5467;-1.54532;-1.54398;-1.54244;-1.54069;-1.53892;-1.53671;-1.53441;-1.53179;-1.52885;-1.52556;-1.52192;-1.51786;-1.51335;-1.5083;-1.50268;-1.49633;-1.48931;-1.4814;-1.47255;-1.46269;-1.45162;-1.43924;-1.42535;-1.40979;-1.39234;-1.37275;-1.35076;-1.32606;-1.29827;-1.26701;-1.23178;-1.19205;-1.14715;-1.09634;-1.03861;-0.973146;-0.898529;-0.813363;-0.715978;-0.604465
3;436984284612;20;absz;27555;22479.1;18337;14957.6;12198.3;9947.07;8113.05;6616.13;5395.48;4399.65;3586.92;2924.21;2383.09;1941.37;1581.12;1287.14;1047.58;853.076;696.377;572.586
3;436984284612;20;frequency;99999.99999990905;122862.535599424;150952.0265389597;185463.4873444638;227865.1431623047;279960.8926363817;343967.05137965;422606.6409511731;519225.2346839865;637933.2888043621;783781.0140572543;962973.2274171232;1183133.324347452;1453627.601814205;1785963.729760951;2194280.323268956;2695948.443325946;3312310.615921419;4069588.809647371;4999999.999999929
3;436984284612;20;phasez;-1.53807;-1.53431;-1.52981;-1.52444;-1.51772;-1.50955;-1.49942;-1.48695;-1.47163;-1.45275;-1.42949;-1.40073;-1.36519;-1.32116;-1.26644;-1.19819;-1.11249;-1.00434;-0.866582;-0.689939
