0;9429380933776;20;absz;1.36309e+08;9.93878e+07;7.24464e+07;5.2758e+07;3.84144e+07;2.79658e+07;2.03487e+07;1.48041e+07;1.07677e+07;7.83056e+06;5.69333e+06;4.13864e+06;3.00801e+06;2.18591e+06;1.58824e+06;1.15386e+06;838129;608719;442028;320930
0;9429380933776;20;frequency;9.999999974752427;13.86918846435492;19.23543905490988;26.67799336109056;37.00021196095804;51.31629158938722;71.17153245417285;98.70914048804025;136.9015682683994;189.8713664161278;263.3361782500288;365.2259113806622;506.5387032487934;702.5280792305466;974.3494403835484;1351.343611730726;1874.203936580443;2599.368780806799;3605.113577052066;4999.99999995282
0;9429380933776;20;phasez;-1.51109;-1.51429;-1.51725;-1.51948;-1.5218;-1.52395;-1.52507;-1.52644;-1.52765;-1.52859;-1.52933;-1.52991;-1.53021;-1.53026;-1.5299;-1.52906;-1.5276;-1.52528;-1.52176;-1.51662
1;9430152522486;50;absz;7.38757e+06;6.32077e+06;5.40835e+06;4.63299e+06;3.95983e+06;3.39044e+06;2.89765e+06;2.48051e+06;2.12306e+06;1.81655e+06;1.55437e+06;1.32964e+06;1.13756e+06;973053;832482;712154;609225;521111;445737;381262;326100;278921;238544;204016;174474;149213;127602;109120;93312.8;79794.1;68232.5;58344.8;49889.2;42658.4;36474.9;31186.3;26662.6;22794.7;19485.8;16655.8;14234.7;12163.4;10390.8;8873.72;7574.76;6462.21;5508.65;4690.68;3988.29;3384.34
1;9430152522486;50;frequency;199.9999999213742;234.625769479635;275.2462588517801;322.8993264769997;378.802514688914;444.3841576318164;521.3198749487447;611.5753842550475;717.456725922716;841.6691823498468;987.3863981368913;1158.33146786315;1358.872060208682;1594.132014446359;1870.122253535556;2193.894364737048;2573.720768452858;3019.306079821149;3542.035062906734;4155.263512473084;4874.659497176026;5718.603679767398;6708.658946337209;7870.121340545211;9232.666380967203;10831.10727442716;12706.28439819177;14906.10877695531;17486.78621595445;20514.25336674129;24065.86241733066;28232.35745111674;33120.19296963342;38854.25382030405;45581.04601983359;53472.44000269313;62730.06193403319;73590.44528463698;86331.07429211862;101277.4737211686;118811.5260634959;139381.228686517;163512.140226203;191820.8086789974;225030.524286467;263989.7996954232;309694.0495706946;363311.0235703185;426210.642505751;499999.9999999716
1;9430152522486;50;phasez;-1.52814;-1.53328;-1.53015;-1.53201;-1.53196;-1.53221;-1.53278;-1.53301;-1.5332;-1.5336;-1.5338;-1.53405;-1.53426;-1.53459;-1.53495;-1.53519;-1.53541;-1.53559;-1.53574;-1.53592;-1.53603;-1.53608;-1.53607;-1.53603;-1.53594;-1.53576;-1.53547;-1.53509;-1.53461;-1.53399;-1.53321;-1.53227;-1.53113;-1.52977;-1.52814;-1.52623;-1.52395;-1.52125;-1.51806;-1.51429;-1.50982;-1.50454;-1.49829;-1.4909;-1.48214;-1.47175;-1.45941;-1.44472;-1.42716;-1.40605
2;9430920530231;50;absz;82167.3;73584.4;65883.7;58985.5;52805.1;47283.5;42328.2;37888.3;33921.8;30364.6;27181.2;24334.2;21780.9;19499;17453.6;15625;13986.4;12520.4;11207.8;10032.1;8980.04;8037.85;7194.72;6439.41;5763.71;5158.77;4617.13;4132.22;3698.06;3309.35;2961.36;2649.72;2370.77;2120.95;1897.28;1697;1517.57;1356.88;1212.94;1084;968.52;865.073;772.428;689.47;615.284;548.975;489.833;437.275;390.798;350.077
2;9430920530231;50;frequency;20000.00000002444;22385.53853899816;25055.61678390222;28044.17375656954;31389.19662092121;35133.2035329932;39323.78408414649;44014.2042055669;49264.08322518227;55140.1516811012;61717.09952482729;69078.52549602467;77317.99973512921;86540.25314108083;96862.50859274992;108415.9709538568;121347.4948009008;135821.4510731415;152021.8163702936;170154.5114554648;190450.0186878266;213166.3116533389;238592.1342356312;267050.6708003728;298903.6541519141;334555.9634717432;374460.7706856584;419125.3006744233;469117.2785435782;525072.1459047724;587701.13789258;657800.3235824071;736260.7247225839;824079.6413975459;922373.3285811875;1032391.184709951;1155531.632626961;1293359.894754076;1447627.888434013;1620296.494325686;1813560.480908265;2029876.401899315;2271993.821195295;2542990.262224833;2846310.325953354;3185809.474764127;3565803.038745301;3991121.067296888;4467169.723268114;4999999.999999929
2;9430920530231;50;phasez;-1.53746;-1.53737;-1.53716;-1.53688;-1.53648;-1.53598;-1.53553;-1.53479;-1.53422;-1.53337;-1.53229;-1.53117;-1.52993;-1.52841;-1.52672;-1.5249;-1.52281;-1.52036;-1.51763;-1.51465;-1.5112;-1.50738;-1.50306;-1.49818;-1.49275;-1.48665;-1.47979;-1.47212;-1.46347;-1.4538;-1.44295;-1.43077;-1.41709;-1.40175;-1.38449;-1.36511;-1.34334;-1.31884;-1.29125;-1.26016;-1.2251;-1.18549;-1.1407;-1.08992;-1.03224;-0.966648;-0.891808;-0.806255;-0.708254;-0.595821
3;9431236896866;20;absz;16995.6;13884.9;11339;9261.83;7565.2;6177.7;5045.19;4119.48;3363.38;2745.53;2240.39;1827.43;1490.03;1213.99;988.212;803.487;652.417;529.161;429.164;349.225
3;9431236896866;20;frequency;99999.99999990905;122862.535599424;150952.0265389597;185463.4873444638;227865.1431623047;279960.8926363817;343967.05137965;422606.6409511731;519225.2346839865;637933.2888043621;783781.0140572543;962973.2274171232;1183133.324347452;1453627.601814205;1785963.729760951;2194280.323268956;2695948.443325946;3312310.615921419;4069588.809647371;4999999.999999929
3;9431236896866;20;phasez;-1.52589;-1.5227;-1.51868;-1.51365;-1.50732;-1.49947;-1.48977;-1.47768;-1.46273;-1.44425;-1.42134;-1.39299;-1.35781;-1.31414;-1.25973;-1.1917;-1.10613;-0.997789;-0.859429;-0.681411
