0;1107417328901;20;absz;2.10709e+08;1.52504e+08;1.10143e+08;7.96161e+07;5.75617e+07;4.16263e+07;3.00857e+07;2.17492e+07;1.57255e+07;1.13695e+07;8.22134e+06;5.9454e+06;4.29967e+06;3.10974e+06;2.24927e+06;1.62693e+06;1.17689e+06;851350;615909;445603
0;1107417328901;20;frequency;9.999999974752427;13.86918846435492;19.23543905490988;26.67799336109056;37.00021196095804;51.31629158938722;71.17153245417285;98.70914048804025;136.9015682683994;189.8713664161278;263.3361782500288;365.2259113806622;506.5387032487934;702.5280792305466;974.3494403835484;1351.343611730726;1874.203936580443;2599.368780806799;3605.113577052066;4999.99999995282
0;1107417328901;20;phasez;-1.55852;-1.55804;-1.55815;-1.55766;-1.55787;-1.55733;-1.5573;-1.55719;-1.55672;-1.5562;-1.55563;-1.55491;-1.55399;-1.55289;-1.5515;-1.54963;-1.54714;-1.54377;-1.53919;-1.53296
1;1108186587611;50;absz;1.06703e+07;9.1426e+06;7.80819e+06;6.66492e+06;5.68295e+06;4.85268e+06;4.14284e+06;3.53625e+06;3.01745e+06;2.57831e+06;2.19976e+06;1.87873e+06;1.60366e+06;1.36926e+06;1.16905e+06;997975;852040;727515;621198;530383;452867;386693;330202;281969;240787;205623;175607;149975;128088;109394;93436.8;79808.3;68168.5;58228.4;49739.4;42487.9;36293.3;31001.9;26480.9;22617.4;19316.3;16495.1;14083;12020;10255.7;8745.58;7452.13;6343.53;5392.15;4574.35
1;1108186587611;50;frequency;199.9999999213742;234.625769479635;275.2462588517801;322.8993264769997;378.802514688914;444.3841576318164;521.3198749487447;611.5753842550475;717.456725922716;841.6691823498468;987.3863981368913;1158.33146786315;1358.872060208682;1594.132014446359;1870.122253535556;2193.894364737048;2573.720768452858;3019.306079821149;3542.035062906734;4155.263512473084;4874.659497176026;5718.603679767398;6708.658946337209;7870.121340545211;9232.666380967203;10831.10727442716;12706.28439819177;14906.10877695531;17486.78621595445;20514.25336674129;24065.86241733066;28232.35745111674;33120.19296963342;38854.25382030405;45581.04601983359;53472.44000269313;62730.06193403319;73590.44528463698;86331.07429211862;101277.4737211686;118811.5260634959;139381.228686517;163512.140226203;191820.8086789974;225030.524286467;263989.7996954232;309694.0495706946;363311.0235703185;426210.642505751;499999.9999999716
1;1108186587611;50;phasez;-1.55967;-1.55644;-1.55627;-1.55757;-1.55529;-1.55534;-1.55555;-1.55603;-1.55554;-1.55555;-1.55545;-1.55504;-1.55492;-1.55471;-1.55444;-1.55415;-1.55389;-1.5536;-1.55326;-1.55291;-1.55246;-1.55198;-1.55151;-1.5509;-1.55029;-1.54959;-1.5488;-1.54794;-1.54695;-1.54584;-1.54458;-1.54315;-1.54153;-1.5397;-1.5376;-1.53521;-1.53245;-1.52929;-1.52562;-1.52138;-1.51644;-1.51069;-1.50397;-1.49611;-1.48689;-1.47604;-1.46325;-1.44811;-1.43011;-1.40856
2;1108954653166;50;absz;112770;100866;90254;80689.5;72216.7;64585.8;57772.8;51683.6;46240.8;41365;37009.6;33110.2;29622.6;26499.7;23711;21213.4;18979.6;16981.2;15194.6;13596;12165.2;10885.1;9740.32;8715.6;7798.72;6978.3;6243.95;5587.15;4999.29;4473.32;4002.44;3581.06;3203.9;2866.33;2564.25;2293.8;2051.69;1835.01;1641;1467.33;1311.88;1172.75;1048.27;936.885;837.458;748.754;669.792;599.852;538.237;484.59
2;1108954653166;50;frequency;20000.00000002444;22385.53853899816;25055.61678390222;28044.17375656954;31389.19662092121;35133.2035329932;39323.78408414649;44014.2042055669;49264.08322518227;55140.1516811012;61717.09952482729;69078.52549602467;77317.99973512921;86540.25314108083;96862.50859274992;108415.9709538568;121347.4948009008;135821.4510731415;152021.8163702936;170154.5114554648;190450.0186878266;213166.3116533389;238592.1342356312;267050.6708003728;298903.6541519141;334555.9634717432;374460.7706856584;419125.3006744233;469117.2785435782;525072.1459047724;587701.13789258;657800.3235824071;736260.7247225839;824079.6413975459;922373.3285811875;1032391.184709951;1155531.632626961;1293359.894754076;1447627.888434013;1620296.494325686;1813560.480908265;2029876.401899315;2271993.821195295;2542990.262224833;2846310.325953354;3185809.474764127;3565803.038745301;3991121.067296888;4467169.723268114;4999999.999999929
2;1108954653166;50;phasez;-1.54969;-1.54928;-1.54863;-1.54772;-1.54678;-1.54627;-1.54524;-1.54451;-1.54349;-1.5422;-1.54077;-1.53947;-1.53776;-1.53605;-1.53404;-1.5318;-1.52933;-1.52666;-1.52352;-1.5202;-1.51649;-1.51227;-1.50763;-1.50251;-1.49674;-1.49031;-1.48313;-1.47514;-1.46619;-1.4562;-1.44502;-1.43253;-1.41855;-1.40286;-1.3853;-1.3656;-1.34349;-1.31866;-1.29075;-1.25935;-1.22399;-1.1841;-1.13905;-1.08806;-1.03017;-0.964452;-0.889561;-0.804085;-0.706293;-0.594301
3;1109269980722;20;absz;23085.1;18843.9;15380.4;12552.6;10243.3;8361.76;6824.82;5570.1;4546.33;3710.13;3027.62;2469.96;2014.4;1642.32;1338.35;1089.98;887.254;722.311;589.088;483.437
3;1109269980722;20;frequency;99999.99999990905;122862.535599424;150952.0265389597;185463.4873444638;227865.1431623047;279960.8926363817;343967.05137965;422606.6409511731;519225.2346839865;637933.2888043621;783781.0140572543;962973.2274171232;1183133.324347452;1453627.601814205;1785963.729760951;2194280.323268956;2695948.443325946;3312310.615921419;4069588.809647371;4999999.999999929
3;1109269980722;20;phasez;-1.53307;-1.52919;-1.52454;-1.51894;-1.51207;-1.50367;-1.49332;-1.48072;-1.46519;-1.44611;-1.42261;-1.39365;-1.35789;-1.31364;-1.25867;-1.19013;-1.10409;-0.995558;-0.857252;-0.679839
