0;9116861016410;20;absz;1.36492e+08;9.93767e+07;7.24648e+07;5.27795e+07;3.84372e+07;2.79788e+07;2.03643e+07;1.4814e+07;1.07766e+07;7.8365e+06;5.69779e+06;4.14191e+06;3.01039e+06;2.18766e+06;1.58952e+06;1.15473e+06;838765;609166;442339;321149
0;9116861016410;20;frequency;9.999999974752427;13.86918846435492;19.23543905490988;26.67799336109056;37.00021196095804;51.31629158938722;71.17153245417285;98.70914048804025;136.9015682683994;189.8713664161278;263.3361782500288;365.2259113806622;506.5387032487934;702.5280792305466;974.3494403835484;1351.343611730726;1874.203936580443;2599.368780806799;3605.113577052066;4999.99999995282
0;9116861016410;20;phasez;-1.51072;-1.51439;-1.51754;-1.51967;-1.52173;-1.52417;-1.52519;-1.52645;-1.52774;-1.52857;-1.52933;-1.5299;-1.53024;-1.53026;-1.52992;-1.52914;-1.52767;-1.52535;-1.52185;-1.51671
1;9117631045016;50;absz;7.39241e+06;6.3242e+06;5.41749e+06;4.63447e+06;3.9641e+06;3.38725e+06;2.90303e+06;2.48368e+06;2.12461e+06;1.81767e+06;1.55505e+06;1.33059e+06;1.13838e+06;973766;833091;712648;609640;521504;446049;381532;326325;279103;238700;204147;174585;149304;127680;109185;93369.2;79840.1;68273;58380.5;49919.9;42684.1;36496.2;31204.7;26679.4;22808.8;19497.6;16666.1;14243.5;12170.9;10397;8878.72;7579.11;6465.99;5511.84;4693.42;3990.62;3386.23
1;9117631045016;50;frequency;199.9999999213742;234.625769479635;275.2462588517801;322.8993264769997;378.802514688914;444.3841576318164;521.3198749487447;611.5753842550475;717.456725922716;841.6691823498468;987.3863981368913;1158.33146786315;1358.872060208682;1594.132014446359;1870.122253535556;2193.894364737048;2573.720768452858;3019.306079821149;3542.035062906734;4155.263512473084;4874.659497176026;5718.603679767398;6708.658946337209;7870.121340545211;9232.666380967203;10831.10727442716;12706.28439819177;14906.10877695531;17486.78621595445;20514.25336674129;24065.86241733066;28232.35745111674;33120.19296963342;38854.25382030405;45581.04601983359;53472.44000269313;62730.06193403319;73590.44528463698;86331.07429211862;101277.4737211686;118811.5260634959;139381.228686517;163512.140226203;191820.8086789974;225030.524286467;263989.7996954232;309694.0495706946;363311.0235703185;426210.642505751;499999.9999999716
1;9117631045016;50;phasez;-1.52991;-1.53296;-1.53235;-1.53009;-1.53127;-1.53229;-1.53263;-1.53264;-1.5331;-1.53357;-1.53374;-1.53427;-1.53439;-1.53479;-1.53504;-1.5352;-1.53543;-1.53569;-1.53587;-1.53597;-1.53608;-1.53616;-1.53616;-1.53612;-1.53601;-1.53582;-1.53554;-1.53515;-1.53465;-1.53402;-1.53325;-1.53229;-1.53115;-1.52978;-1.52816;-1.52624;-1.52397;-1.52128;-1.51809;-1.51432;-1.50986;-1.50458;-1.49834;-1.49095;-1.4822;-1.47181;-1.45948;-1.44478;-1.42723;-1.40612
2;9118396043743;50;absz;82230.2;73617.8;65903;59007.5;52835.4;47286.9;42349.7;37905.7;33933.5;30377.2;27192.9;24344.2;21790.9;19508.7;17463.2;15632.3;13994.3;12526.9;11212.7;10037.3;8984.48;8041.63;7197.89;6442.61;5766.34;5161.07;4619.21;4134.09;3699.63;3310.79;2962.7;2650.92;2371.8;2121.87;1898.08;1697.67;1518.18;1357.44;1213.44;1084.45;968.894;865.416;772.727;689.727;615.516;549.189;490.021;437.438;390.943;350.217
2;9118396043743;50;frequency;20000.00000002444;22385.53853899816;25055.61678390222;28044.17375656954;31389.19662092121;35133.2035329932;39323.78408414649;44014.2042055669;49264.08322518227;55140.1516811012;61717.09952482729;69078.52549602467;77317.99973512921;86540.25314108083;96862.50859274992;108415.9709538568;121347.4948009008;135821.4510731415;152021.8163702936;170154.5114554648;190450.0186878266;213166.3116533389;238592.1342356312;267050.6708003728;298903.6541519141;334555.9634717432;374460.7706856584;419125.3006744233;469117.2785435782;525072.1459047724;587701.13789258;657800.3235824071;736260.7247225839;824079.6413975459;922373.3285811875;1032391.184709951;1155531.632626961;1293359.894754076;1447627.888434013;1620296.494325686;1813560.480908265;2029876.401899315;2271993.821195295;2542990.262224833;2846310.325953354;3185809.474764127;3565803.038745301;3991121.067296888;4467169.723268114;4999999.999999929
2;9118396043743;50;phasez;-1.53752;-1.53754;-1.53719;-1.53705;-1.53647;-1.53619;-1.5356;-1.53486;-1.53418;-1.53335;-1.53239;-1.53126;-1.52991;-1.52853;-1.5268;-1.52486;-1.5228;-1.52039;-1.51774;-1.51465;-1.51125;-1.50742;-1.50308;-1.49826;-1.49282;-1.48671;-1.47987;-1.47216;-1.46356;-1.45388;-1.44302;-1.43084;-1.41716;-1.40181;-1.38457;-1.3652;-1.3434;-1.3189;-1.29131;-1.26022;-1.22516;-1.18555;-1.14076;-1.08999;-1.03231;-0.966713;-0.891869;-0.806311;-0.708311;-0.595875
3;9118712831337;20;absz;16997.5;13888.7;11342.8;9264.07;7566.96;6179.45;5046.77;4120.7;3364.38;2746.34;2241.13;1827.97;1490.49;1214.36;988.486;803.699;652.596;529.315;429.29;349.334
3;9118712831337;20;frequency;99999.99999990905;122862.535599424;150952.0265389597;185463.4873444638;227865.1431623047;279960.8926363817;343967.05137965;422606.6409511731;519225.2346839865;637933.2888043621;783781.0140572543;962973.2274171232;1183133.324347452;1453627.601814205;1785963.729760951;2194280.323268956;2695948.443325946;3312310.615921419;4069588.809647371;4999999.999999929
3;9118712831337;20;phasez;-1.52597;-1.52281;-1.51871;-1.51372;-1.5074;-1.49957;-1.48982;-1.47778;-1.46281;-1.44432;-1.42141;-1.39307;-1.3579;-1.31423;-1.25982;-1.19179;-1.10622;-0.997896;-0.859542;-0.681553
