0;3746453598380;20;absz;1.60391e+08;1.16392e+08;8.45974e+07;6.14243e+07;4.46183e+07;3.23994e+07;2.35029e+07;1.70537e+07;1.23724e+07;8.97419e+06;6.50802e+06;4.71906e+06;3.42121e+06;2.48e+06;1.79734e+06;1.30245e+06;943691;683649;495208;358667
0;3746453598380;20;frequency;9.999999974752427;13.86918846435492;19.23543905490988;26.67799336109056;37.00021196095804;51.31629158938722;71.17153245417285;98.70914048804025;136.9015682683994;189.8713664161278;263.3361782500288;365.2259113806622;506.5387032487934;702.5280792305466;974.3494403835484;1351.343611730726;1874.203936580443;2599.368780806799;3605.113577052066;4999.99999995282
0;3746453598380;20;phasez;-1.5327;-1.53369;-1.53448;-1.53593;-1.53713;-1.53775;-1.53897;-1.54005;-1.54078;-1.5415;-1.54195;-1.54234;-1.54251;-1.54242;-1.54199;-1.54107;-1.53948;-1.537;-1.53327;-1.52784
1;3747221237821;50;absz;8.45381e+06;7.22485e+06;6.18767e+06;5.27757e+06;4.51141e+06;3.85827e+06;3.2974e+06;2.8183e+06;2.40881e+06;2.05756e+06;1.75793e+06;1.50245e+06;1.28375e+06;1.09705e+06;937313;800855;684221;584586;499403;426658;364488;311382;266012;227255;194138;165846;141683;121039;103404;88335.3;75465.9;64470;55076.4;47052.3;40195.2;34337.4;29331.7;25054;21398.7;18275;15605.1;13323;11371.7;9703.06;8275.66;7054.14;6007.92;5111.34;4342.18;3681.29
1;3747221237821;50;frequency;199.9999999213742;234.625769479635;275.2462588517801;322.8993264769997;378.802514688914;444.3841576318164;521.3198749487447;611.5753842550475;717.456725922716;841.6691823498468;987.3863981368913;1158.33146786315;1358.872060208682;1594.132014446359;1870.122253535556;2193.894364737048;2573.720768452858;3019.306079821149;3542.035062906734;4155.263512473084;4874.659497176026;5718.603679767398;6708.658946337209;7870.121340545211;9232.666380967203;10831.10727442716;12706.28439819177;14906.10877695531;17486.78621595445;20514.25336674129;24065.86241733066;28232.35745111674;33120.19296963342;38854.25382030405;45581.04601983359;53472.44000269313;62730.06193403319;73590.44528463698;86331.07429211862;101277.4737211686;118811.5260634959;139381.228686517;163512.140226203;191820.8086789974;225030.524286467;263989.7996954232;309694.0495706946;363311.0235703185;426210.642505751;499999.9999999716
1;3747221237821;50;phasez;-1.54131;-1.54155;-1.54261;-1.5436;-1.54534;-1.54476;-1.54516;-1.54486;-1.54527;-1.54554;-1.54587;-1.54636;-1.54651;-1.5468;-1.54681;-1.54691;-1.54716;-1.54722;-1.54731;-1.54728;-1.54723;-1.54718;-1.54702;-1.5468;-1.54653;-1.54614;-1.54568;-1.54514;-1.54448;-1.54369;-1.54278;-1.5417;-1.54044;-1.53898;-1.53726;-1.53527;-1.53292;-1.53018;-1.52694;-1.52314;-1.51866;-1.51337;-1.50713;-1.49976;-1.49103;-1.4807;-1.46842;-1.4538;-1.43632;-1.41529
2;3747990166106;50;absz;91038.5;81440.7;72867.7;65196.2;58325.8;52174.8;46686.2;41774.8;37370.6;33431;29908.5;26757.3;23938.1;21414.9;19158.3;17139.7;15333.9;13718.5;12271.5;10978.1;9820.87;8785.15;7858.61;7029.45;6287.89;5624.26;5030.55;4499.39;4023.92;3598.56;3218.04;2877.58;2572.89;2300.27;2056.31;1838.01;1642.69;1467.83;1311.33;1171.28;1045.94;933.765;833.403;743.602;663.415;591.816;528.034;471.433;421.45;377.739
2;3747990166106;50;frequency;20000.00000002444;22385.53853899816;25055.61678390222;28044.17375656954;31389.19662092121;35133.2035329932;39323.78408414649;44014.2042055669;49264.08322518227;55140.1516811012;61717.09952482729;69078.52549602467;77317.99973512921;86540.25314108083;96862.50859274992;108415.9709538568;121347.4948009008;135821.4510731415;152021.8163702936;170154.5114554648;190450.0186878266;213166.3116533389;238592.1342356312;267050.6708003728;298903.6541519141;334555.9634717432;374460.7706856584;419125.3006744233;469117.2785435782;525072.1459047724;587701.13789258;657800.3235824071;736260.7247225839;824079.6413975459;922373.3285811875;1032391.184709951;1155531.632626961;1293359.894754076;1447627.888434013;1620296.494325686;1813560.480908265;2029876.401899315;2271993.821195295;2542990.262224833;2846310.325953354;3185809.474764127;3565803.038745301;3991121.067296888;4467169.723268114;4999999.999999929
2;3747990166106;50;phasez;-1.54715;-1.54711;-1.54692;-1.54611;-1.54563;-1.54551;-1.54475;-1.54394;-1.54332;-1.54235;-1.54126;-1.54014;-1.53885;-1.53736;-1.53566;-1.53374;-1.53158;-1.52924;-1.52649;-1.52345;-1.52009;-1.51624;-1.51196;-1.50715;-1.50174;-1.49567;-1.48888;-1.48126;-1.47266;-1.46305;-1.45223;-1.44009;-1.42647;-1.41115;-1.39393;-1.37457;-1.35281;-1.32832;-1.30074;-1.26966;-1.2346;-1.195;-1.15022;-1.09948;-1.04183;-0.976328;-0.901603;-0.816216;-0.718452;-0.606348
3;3748309387856;20;absz;18652.2;15222;12419;10130.9;8265.42;6742.49;5499.69;4485.54;3657.64;2982.24;2430.6;1980.26;1612.72;1312.48;1067.29;867.015;703.559;570.454;462.714;376.823
3;3748309387856;20;frequency;99999.99999990905;122862.535599424;150952.0265389597;185463.4873444638;227865.1431623047;279960.8926363817;343967.05137965;422606.6409511731;519225.2346839865;637933.2888043621;783781.0140572543;962973.2274171232;1183133.324347452;1453627.601814205;1785963.729760951;2194280.323268956;2695948.443325946;3312310.615921419;4069588.809647371;4999999.999999929
3;3748309387856;20;phasez;-1.53473;-1.53147;-1.52754;-1.5225;-1.51621;-1.50847;-1.4988;-1.48681;-1.47197;-1.45356;-1.43073;-1.40244;-1.36731;-1.32366;-1.26927;-1.20126;-1.11576;-1.00757;-0.869496;-0.692025
