0;9744657236232;20;absz;1.3614e+08;9.92763e+07;7.23609e+07;5.2715e+07;3.83863e+07;2.79285e+07;2.03332e+07;1.47932e+07;1.07601e+07;7.82517e+06;5.68944e+06;4.13583e+06;3.00606e+06;2.18451e+06;1.58726e+06;1.15318e+06;837619;608340;441756;320735
0;9744657236232;20;frequency;9.999999974752427;13.86918846435492;19.23543905490988;26.67799336109056;37.00021196095804;51.31629158938722;71.17153245417285;98.70914048804025;136.9015682683994;189.8713664161278;263.3361782500288;365.2259113806622;506.5387032487934;702.5280792305466;974.3494403835484;1351.343611730726;1874.203936580443;2599.368780806799;3605.113577052066;4999.99999995282
0;9744657236232;20;phasez;-1.51072;-1.51365;-1.51702;-1.51963;-1.52165;-1.52323;-1.52507;-1.52644;-1.52754;-1.52857;-1.5293;-1.52983;-1.53015;-1.53018;-1.52985;-1.52904;-1.52757;-1.52525;-1.52174;-1.51659
1;9745429390417;50;absz;7.37941e+06;6.31196e+06;5.39742e+06;4.62041e+06;3.95731e+06;3.38556e+06;2.89786e+06;2.47926e+06;2.12007e+06;1.81519e+06;1.55292e+06;1.32866e+06;1.13688e+06;972619;831983;711697;608833;520821;445499;381033;325907;278751;238405;203893;174374;149127;127529;109057;93260.6;79748.7;68193.3;58313;49861.9;42635.7;36455.3;31169.9;26649.4;22783.1;19476.4;16648;14228;12157.7;10386;8869.66;7571.37;6459.38;5506.23;4688.7;3986.66;3382.9
1;9745429390417;50;frequency;199.9999999213742;234.625769479635;275.2462588517801;322.8993264769997;378.802514688914;444.3841576318164;521.3198749487447;611.5753842550475;717.456725922716;841.6691823498468;987.3863981368913;1158.33146786315;1358.872060208682;1594.132014446359;1870.122253535556;2193.894364737048;2573.720768452858;3019.306079821149;3542.035062906734;4155.263512473084;4874.659497176026;5718.603679767398;6708.658946337209;7870.121340545211;9232.666380967203;10831.10727442716;12706.28439819177;14906.10877695531;17486.78621595445;20514.25336674129;24065.86241733066;28232.35745111674;33120.19296963342;38854.25382030405;45581.04601983359;53472.44000269313;62730.06193403319;73590.44528463698;86331.07429211862;101277.4737211686;118811.5260634959;139381.228686517;163512.140226203;191820.8086789974;225030.524286467;263989.7996954232;309694.0495706946;363311.0235703185;426210.642505751;499999.9999999716
1;9745429390417;50;phasez;-1.5317;-1.53162;-1.52989;-1.53039;-1.53121;-1.53283;-1.53246;-1.53273;-1.53275;-1.53363;-1.53375;-1.53415;-1.53443;-1.53464;-1.53491;-1.53518;-1.53534;-1.53558;-1.53574;-1.53585;-1.53598;-1.53605;-1.53606;-1.53601;-1.5359;-1.53569;-1.53542;-1.53505;-1.53456;-1.53392;-1.53316;-1.53221;-1.53107;-1.5297;-1.52808;-1.52616;-1.52388;-1.52118;-1.51799;-1.51422;-1.50975;-1.50448;-1.49823;-1.49084;-1.48209;-1.4717;-1.45937;-1.44468;-1.42713;-1.40602
2;9746198171101;50;absz;82137;73538.7;65835.9;58955.2;52779.8;47252.8;42303;37869.1;33898.1;30347.8;27164.3;24320.1;21768.1;19488;17446.4;15616.6;13980;12514.3;11202.3;10027.7;8975.67;8034.11;7191.54;6436.55;5761.14;5156.47;4615.05;4130.26;3696.41;3307.78;2960.04;2648.53;2369.71;2119.99;1896.4;1696.17;1516.83;1356.22;1212.37;1083.5;968.063;864.672;772.074;689.129;615;548.725;489.608;437.078;390.621;349.912
2;9746198171101;50;frequency;20000.00000002444;22385.53853899816;25055.61678390222;28044.17375656954;31389.19662092121;35133.2035329932;39323.78408414649;44014.2042055669;49264.08322518227;55140.1516811012;61717.09952482729;69078.52549602467;77317.99973512921;86540.25314108083;96862.50859274992;108415.9709538568;121347.4948009008;135821.4510731415;152021.8163702936;170154.5114554648;190450.0186878266;213166.3116533389;238592.1342356312;267050.6708003728;298903.6541519141;334555.9634717432;374460.7706856584;419125.3006744233;469117.2785435782;525072.1459047724;587701.13789258;657800.3235824071;736260.7247225839;824079.6413975459;922373.3285811875;1032391.184709951;1155531.632626961;1293359.894754076;1447627.888434013;1620296.494325686;1813560.480908265;2029876.401899315;2271993.821195295;2542990.262224833;2846310.325953354;3185809.474764127;3565803.038745301;3991121.067296888;4467169.723268114;4999999.999999929
2;9746198171101;50;phasez;-1.53748;-1.53739;-1.53713;-1.53671;-1.53649;-1.53606;-1.53549;-1.53485;-1.53427;-1.53327;-1.53225;-1.53113;-1.52984;-1.52837;-1.52674;-1.52483;-1.52273;-1.52026;-1.51758;-1.51455;-1.51113;-1.50731;-1.50298;-1.49817;-1.49269;-1.48661;-1.47977;-1.47209;-1.46346;-1.45377;-1.44292;-1.43074;-1.41707;-1.40171;-1.38447;-1.36509;-1.3433;-1.31879;-1.29119;-1.26011;-1.22504;-1.18542;-1.14063;-1.08984;-1.03216;-0.966568;-0.891726;-0.806164;-0.708158;-0.595714
3;9746517641033;20;absz;16981.6;13874.9;11332.2;9256.04;7560.66;6174.07;5042.09;4117.05;3361.36;2743.87;2239.03;1826.37;1489.2;1213.3;987.67;803.031;652.058;528.882;428.936;349.039
3;9746517641033;20;frequency;99999.99999990905;122862.535599424;150952.0265389597;185463.4873444638;227865.1431623047;279960.8926363817;343967.05137965;422606.6409511731;519225.2346839865;637933.2888043621;783781.0140572543;962973.2274171232;1183133.324347452;1453627.601814205;1785963.729760951;2194280.323268956;2695948.443325946;3312310.615921419;4069588.809647371;4999999.999999929
3;9746517641033;20;phasez;-1.5258;-1.52262;-1.51862;-1.51355;-1.5073;-1.49946;-1.48972;-1.47767;-1.46272;-1.44422;-1.42132;-1.39296;-1.35779;-1.3141;-1.25969;-1.19166;-1.10608;-0.997751;-0.859387;-0.681349
