0;10009682430667;20;absz;1.36058e+08;9.92453e+07;7.23219e+07;5.26868e+07;3.83719e+07;2.79166e+07;2.0326e+07;1.47888e+07;1.07561e+07;7.82184e+06;5.68697e+06;4.1341e+06;3.00465e+06;2.18349e+06;1.58651e+06;1.15261e+06;837210;608070;441562;320593
0;10009682430667;20;frequency;9.999999974752427;13.86918846435492;19.23543905490988;26.67799336109056;37.00021196095804;51.31629158938722;71.17153245417285;98.70914048804025;136.9015682683994;189.8713664161278;263.3361782500288;365.2259113806622;506.5387032487934;702.5280792305466;974.3494403835484;1351.343611730726;1874.203936580443;2599.368780806799;3605.113577052066;4999.99999995282
0;10009682430667;20;phasez;-1.51014;-1.51333;-1.51667;-1.51937;-1.52135;-1.52371;-1.5251;-1.52646;-1.52756;-1.52856;-1.52932;-1.52988;-1.53019;-1.53021;-1.52986;-1.52901;-1.52756;-1.52523;-1.52172;-1.51657
1;10010451238127;50;absz;7.37041e+06;6.32758e+06;5.40147e+06;4.62666e+06;3.95581e+06;3.38277e+06;2.89588e+06;2.4794e+06;2.12021e+06;1.8147e+06;1.55235e+06;1.328e+06;1.13623e+06;972153;831568;711444;608544;520554;445274;380861;325753;278617;238299;203805;174297;149059;127473;109011;93220.9;79714.2;68164.2;58287.7;49840.9;42617.9;36440.2;31157.7;26638.9;22774.7;19469.2;16641.8;14222.9;12153.4;10382.6;8866.68;7568.8;6457.13;5504.33;4687.18;3985.39;3381.82
1;10010451238127;50;frequency;199.9999999213742;234.625769479635;275.2462588517801;322.8993264769997;378.802514688914;444.3841576318164;521.3198749487447;611.5753842550475;717.456725922716;841.6691823498468;987.3863981368913;1158.33146786315;1358.872060208682;1594.132014446359;1870.122253535556;2193.894364737048;2573.720768452858;3019.306079821149;3542.035062906734;4155.263512473084;4874.659497176026;5718.603679767398;6708.658946337209;7870.121340545211;9232.666380967203;10831.10727442716;12706.28439819177;14906.10877695531;17486.78621595445;20514.25336674129;24065.86241733066;28232.35745111674;33120.19296963342;38854.25382030405;45581.04601983359;53472.44000269313;62730.06193403319;73590.44528463698;86331.07429211862;101277.4737211686;118811.5260634959;139381.228686517;163512.140226203;191820.8086789974;225030.524286467;263989.7996954232;309694.0495706946;363311.0235703185;426210.642505751;499999.9999999716
1;10010451238127;50;phasez;-1.53092;-1.53087;-1.53185;-1.53131;-1.53137;-1.53152;-1.5319;-1.53295;-1.53297;-1.53375;-1.53384;-1.5341;-1.53428;-1.53476;-1.53487;-1.53519;-1.53535;-1.53555;-1.53576;-1.53581;-1.53594;-1.53601;-1.53601;-1.53598;-1.53587;-1.53567;-1.5354;-1.53502;-1.53452;-1.53389;-1.53312;-1.53216;-1.53102;-1.52965;-1.52803;-1.5261;-1.52382;-1.52112;-1.51793;-1.51416;-1.5097;-1.50443;-1.49819;-1.4908;-1.48205;-1.47166;-1.45933;-1.44465;-1.42709;-1.40598
2;10011219469666;50;absz;82123.6;73549.7;65828.2;58953.1;52770.2;47251.8;42302.6;37864.9;33896.8;30344.6;27162.3;24315.7;21764.9;19484.4;17443.9;15614.5;13978;12512.4;11200.7;10025.9;8974.41;8032.97;7189.91;6435.66;5760.17;5155.56;4614.1;4129.6;3695.75;3307.25;2959.48;2648.07;2369.29;2119.66;1896.1;1695.9;1516.61;1356.04;1212.19;1083.35;967.948;864.553;771.99;689.089;614.925;548.679;489.562;437.03;390.573;349.878
2;10011219469666;50;frequency;20000.00000002444;22385.53853899816;25055.61678390222;28044.17375656954;31389.19662092121;35133.2035329932;39323.78408414649;44014.2042055669;49264.08322518227;55140.1516811012;61717.09952482729;69078.52549602467;77317.99973512921;86540.25314108083;96862.50859274992;108415.9709538568;121347.4948009008;135821.4510731415;152021.8163702936;170154.5114554648;190450.0186878266;213166.3116533389;238592.1342356312;267050.6708003728;298903.6541519141;334555.9634717432;374460.7706856584;419125.3006744233;469117.2785435782;525072.1459047724;587701.13789258;657800.3235824071;736260.7247225839;824079.6413975459;922373.3285811875;1032391.184709951;1155531.632626961;1293359.894754076;1447627.888434013;1620296.494325686;1813560.480908265;2029876.401899315;2271993.821195295;2542990.262224833;2846310.325953354;3185809.474764127;3565803.038745301;3991121.067296888;4467169.723268114;4999999.999999929
2;10011219469666;50;phasez;-1.5375;-1.53742;-1.53698;-1.53676;-1.53633;-1.53594;-1.53539;-1.53493;-1.53394;-1.5332;-1.53225;-1.53106;-1.52979;-1.52832;-1.52662;-1.52478;-1.52265;-1.52023;-1.51758;-1.51449;-1.5111;-1.50727;-1.50297;-1.49811;-1.49268;-1.48657;-1.47973;-1.47202;-1.4634;-1.45374;-1.44288;-1.43068;-1.41701;-1.40165;-1.38441;-1.36502;-1.34322;-1.31871;-1.29112;-1.26003;-1.22496;-1.18535;-1.14055;-1.08978;-1.03209;-0.96651;-0.891664;-0.806105;-0.708101;-0.595668
3;10011535668283;20;absz;16987.8;13876.6;11332.3;9256.34;7560.8;6174.21;5042.3;4117.04;3361.36;2743.87;2239.08;1826.39;1489.2;1213.3;987.672;803.049;652.083;528.905;428.955;349.036
3;10011535668283;20;frequency;99999.99999990905;122862.535599424;150952.0265389597;185463.4873444638;227865.1431623047;279960.8926363817;343967.05137965;422606.6409511731;519225.2346839865;637933.2888043621;783781.0140572543;962973.2274171232;1183133.324347452;1453627.601814205;1785963.729760951;2194280.323268956;2695948.443325946;3312310.615921419;4069588.809647371;4999999.999999929
3;10011535668283;20;phasez;-1.5258;-1.52262;-1.51855;-1.51354;-1.50725;-1.49942;-1.48966;-1.47761;-1.46266;-1.44415;-1.42124;-1.39287;-1.3577;-1.314;-1.25959;-1.19156;-1.10598;-0.99764;-0.859274;-0.681221
