0;7113565319796;20;absz;1.38562e+08;1.01007e+08;7.3587e+07;5.35801e+07;3.89894e+07;2.83849e+07;2.06407e+07;1.50097e+07;1.09143e+07;7.93477e+06;5.76748e+06;4.19176e+06;3.04606e+06;2.21324e+06;1.60784e+06;1.1679e+06;848231;615955;447189;324609
0;7113565319796;20;frequency;9.999999974752427;13.86918846435492;19.23543905490988;26.67799336109056;37.00021196095804;51.31629158938722;71.17153245417285;98.70914048804025;136.9015682683994;189.8713664161278;263.3361782500288;365.2259113806622;506.5387032487934;702.5280792305466;974.3494403835484;1351.343611730726;1874.203936580443;2599.368780806799;3605.113577052066;4999.99999995282
0;7113565319796;20;phasez;-1.51473;-1.51802;-1.52016;-1.52204;-1.52412;-1.52557;-1.52708;-1.5284;-1.52927;-1.53003;-1.5306;-1.53103;-1.53122;-1.53117;-1.53078;-1.52995;-1.52849;-1.52619;-1.52271;-1.51759
1;7114335569815;50;absz;7.49116e+06;6.39522e+06;5.4746e+06;4.67949e+06;4.00635e+06;3.43209e+06;2.93662e+06;2.5105e+06;2.14836e+06;1.83912e+06;1.57274e+06;1.34593e+06;1.15135e+06;984813;842452;720667;616428;527224;450932;385669;329855;282088;241235;206286;176399;150841;128982;110290;94303.5;80632.5;68944;58948.8;50401.5;43092.9;36843.5;31498.6;26928;23018.7;19675.6;16816.4;14370.4;12277.9;10487.7;8955.4;7643.85;6520.51;5557.89;4732.3;4023.34;3413.72
1;7114335569815;50;frequency;199.9999999213742;234.625769479635;275.2462588517801;322.8993264769997;378.802514688914;444.3841576318164;521.3198749487447;611.5753842550475;717.456725922716;841.6691823498468;987.3863981368913;1158.33146786315;1358.872060208682;1594.132014446359;1870.122253535556;2193.894364737048;2573.720768452858;3019.306079821149;3542.035062906734;4155.263512473084;4874.659497176026;5718.603679767398;6708.658946337209;7870.121340545211;9232.666380967203;10831.10727442716;12706.28439819177;14906.10877695531;17486.78621595445;20514.25336674129;24065.86241733066;28232.35745111674;33120.19296963342;38854.25382030405;45581.04601983359;53472.44000269313;62730.06193403319;73590.44528463698;86331.07429211862;101277.4737211686;118811.5260634959;139381.228686517;163512.140226203;191820.8086789974;225030.524286467;263989.7996954232;309694.0495706946;363311.0235703185;426210.642505751;499999.9999999716
1;7114335569815;50;phasez;-1.531;-1.53255;-1.5312;-1.53292;-1.53138;-1.5336;-1.53353;-1.53297;-1.53409;-1.5344;-1.53464;-1.53513;-1.53529;-1.53563;-1.5358;-1.53609;-1.53632;-1.53654;-1.53673;-1.53688;-1.537;-1.53705;-1.53706;-1.53703;-1.5369;-1.53671;-1.53642;-1.53604;-1.53553;-1.53491;-1.53413;-1.53318;-1.53204;-1.53067;-1.52906;-1.52715;-1.52488;-1.5222;-1.51902;-1.51525;-1.5108;-1.50552;-1.49927;-1.49188;-1.48312;-1.47273;-1.4604;-1.44572;-1.42817;-1.40708
2;7115108330258;50;absz;83074.8;74370.1;66560.8;59581.9;53355.8;47765.2;42761.4;38278.6;34264.6;30667.5;27454.3;24574.2;21996.8;19689.7;17624.2;15775.7;14120.6;12640.1;11313.1;10125.7;9063.08;8111.63;7260.24;6497.93;5815.57;5204.75;4658.08;4168.46;3730.25;3337.96;2986.83;2672.35;2390.81;2138.75;1913.05;1710.93;1529.94;1367.84;1222.69;1092.64;976.162;871.838;778.418;694.78;620.002;553.165;493.556;440.596;393.776;352.745
2;7115108330258;50;frequency;20000.00000002444;22385.53853899816;25055.61678390222;28044.17375656954;31389.19662092121;35133.2035329932;39323.78408414649;44014.2042055669;49264.08322518227;55140.1516811012;61717.09952482729;69078.52549602467;77317.99973512921;86540.25314108083;96862.50859274992;108415.9709538568;121347.4948009008;135821.4510731415;152021.8163702936;170154.5114554648;190450.0186878266;213166.3116533389;238592.1342356312;267050.6708003728;298903.6541519141;334555.9634717432;374460.7706856584;419125.3006744233;469117.2785435782;525072.1459047724;587701.13789258;657800.3235824071;736260.7247225839;824079.6413975459;922373.3285811875;1032391.184709951;1155531.632626961;1293359.894754076;1447627.888434013;1620296.494325686;1813560.480908265;2029876.401899315;2271993.821195295;2542990.262224833;2846310.325953354;3185809.474764127;3565803.038745301;3991121.067296888;4467169.723268114;4999999.999999929
2;7115108330258;50;phasez;-1.53875;-1.53853;-1.53812;-1.53782;-1.53741;-1.53702;-1.53647;-1.53595;-1.5351;-1.53426;-1.53327;-1.53216;-1.53079;-1.52938;-1.52773;-1.52587;-1.52375;-1.52135;-1.51863;-1.5156;-1.5122;-1.50835;-1.50401;-1.49918;-1.49374;-1.48764;-1.48078;-1.4731;-1.4645;-1.45482;-1.44398;-1.43182;-1.41815;-1.40282;-1.38559;-1.36624;-1.34448;-1.32;-1.29243;-1.26137;-1.22632;-1.18674;-1.14196;-1.09122;-1.03357;-0.968012;-0.893211;-0.807708;-0.709772;-0.597423
3;7115425077019;20;absz;17155.5;14013.5;11444;9345.82;7632.73;6232.16;5089.19;4154.95;3391.84;2768.47;2258.83;1842.25;1501.96;1223.51;995.848;809.588;657.304;533.095;432.358;351.853
3;7115425077019;20;frequency;99999.99999990905;122862.535599424;150952.0265389597;185463.4873444638;227865.1431623047;279960.8926363817;343967.05137965;422606.6409511731;519225.2346839865;637933.2888043621;783781.0140572543;962973.2274171232;1183133.324347452;1453627.601814205;1785963.729760951;2194280.323268956;2695948.443325946;3312310.615921419;4069588.809647371;4999999.999999929
3;7115425077019;20;phasez;-1.52682;-1.52373;-1.51965;-1.51465;-1.5083;-1.50048;-1.49076;-1.47869;-1.46375;-1.44529;-1.42241;-1.39411;-1.359;-1.31536;-1.26099;-1.19302;-1.1075;-0.999242;-0.860982;-0.683152
