0;10617916346000;20;absz;1.3588e+08;9.903e+07;7.22299e+07;5.26293e+07;3.83224e+07;2.79035e+07;2.03028e+07;1.47728e+07;1.07449e+07;7.81336e+06;5.681e+06;4.12969e+06;3.00154e+06;2.18123e+06;1.58487e+06;1.15141e+06;836363;607453;441109;320281
0;10617916346000;20;frequency;9.999999974752427;13.86918846435492;19.23543905490988;26.67799336109056;37.00021196095804;51.31629158938722;71.17153245417285;98.70914048804025;136.9015682683994;189.8713664161278;263.3361782500288;365.2259113806622;506.5387032487934;702.5280792305466;974.3494403835484;1351.343611730726;1874.203936580443;2599.368780806799;3605.113577052066;4999.99999995282
0;10617916346000;20;phasez;-1.50924;-1.51341;-1.51625;-1.51904;-1.52115;-1.52359;-1.52492;-1.52631;-1.52754;-1.52847;-1.52927;-1.52982;-1.53013;-1.53016;-1.5298;-1.52896;-1.52748;-1.52514;-1.5216;-1.51643
1;10618686577476;50;absz;7.38067e+06;6.31123e+06;5.39459e+06;4.61374e+06;3.95112e+06;3.38129e+06;2.89241e+06;2.47522e+06;2.11886e+06;1.81271e+06;1.55079e+06;1.32657e+06;1.135e+06;971059;830738;710651;607930;520040;444840;380503;325443;278364;238081;203617;174145;148932;127363;108918;93142;79648.1;68110.8;58242.6;49803.5;42584.9;36412.3;31133.7;26618.6;22757.2;19454.5;16629;14212.3;12144.4;10374.7;8860.16;7563.29;6452.48;5500.34;4683.76;3982.55;3379.43
1;10618686577476;50;frequency;199.9999999213742;234.625769479635;275.2462588517801;322.8993264769997;378.802514688914;444.3841576318164;521.3198749487447;611.5753842550475;717.456725922716;841.6691823498468;987.3863981368913;1158.33146786315;1358.872060208682;1594.132014446359;1870.122253535556;2193.894364737048;2573.720768452858;3019.306079821149;3542.035062906734;4155.263512473084;4874.659497176026;5718.603679767398;6708.658946337209;7870.121340545211;9232.666380967203;10831.10727442716;12706.28439819177;14906.10877695531;17486.78621595445;20514.25336674129;24065.86241733066;28232.35745111674;33120.19296963342;38854.25382030405;45581.04601983359;53472.44000269313;62730.06193403319;73590.44528463698;86331.07429211862;101277.4737211686;118811.5260634959;139381.228686517;163512.140226203;191820.8086789974;225030.524286467;263989.7996954232;309694.0495706946;363311.0235703185;426210.642505751;499999.9999999716
1;10618686577476;50;phasez;-1.52974;-1.52964;-1.53145;-1.53275;-1.53098;-1.53125;-1.53251;-1.53227;-1.53314;-1.53321;-1.53357;-1.53407;-1.5343;-1.53458;-1.5349;-1.53503;-1.5353;-1.53547;-1.53559;-1.53575;-1.53583;-1.53589;-1.53591;-1.53586;-1.53574;-1.53555;-1.53526;-1.5349;-1.5344;-1.53378;-1.53301;-1.53208;-1.53094;-1.52958;-1.52796;-1.52604;-1.52376;-1.52106;-1.51787;-1.5141;-1.50963;-1.50435;-1.49811;-1.49072;-1.48196;-1.47157;-1.45923;-1.44454;-1.42698;-1.40587
2;10619457371118;50;absz;82088.4;73484;65805.3;58894.9;52735.1;47213.5;42260.8;37835.1;33868.9;30321.5;27141.3;24296.1;21750.9;19470.9;17430.8;15603.3;13968.3;12503.5;11192.4;10018.9;8968.06;8027.34;7185.28;6431.39;5756.33;5152.09;4611.29;4126.97;3693.37;3305.18;2957.68;2646.51;2367.9;2118.38;1894.97;1694.95;1515.77;1355.29;1211.56;1082.8;967.445;864.136;771.589;688.709;614.625;548.396;489.309;436.814;390.379;349.694
2;10619457371118;50;frequency;20000.00000002444;22385.53853899816;25055.61678390222;28044.17375656954;31389.19662092121;35133.2035329932;39323.78408414649;44014.2042055669;49264.08322518227;55140.1516811012;61717.09952482729;69078.52549602467;77317.99973512921;86540.25314108083;96862.50859274992;108415.9709538568;121347.4948009008;135821.4510731415;152021.8163702936;170154.5114554648;190450.0186878266;213166.3116533389;238592.1342356312;267050.6708003728;298903.6541519141;334555.9634717432;374460.7706856584;419125.3006744233;469117.2785435782;525072.1459047724;587701.13789258;657800.3235824071;736260.7247225839;824079.6413975459;922373.3285811875;1032391.184709951;1155531.632626961;1293359.894754076;1447627.888434013;1620296.494325686;1813560.480908265;2029876.401899315;2271993.821195295;2542990.262224833;2846310.325953354;3185809.474764127;3565803.038745301;3991121.067296888;4467169.723268114;4999999.999999929
2;10619457371118;50;phasez;-1.5374;-1.53746;-1.53705;-1.53681;-1.53624;-1.53596;-1.53538;-1.53477;-1.53403;-1.53312;-1.53218;-1.53105;-1.52969;-1.52835;-1.52659;-1.52468;-1.52259;-1.52016;-1.51747;-1.51445;-1.51102;-1.50717;-1.50285;-1.49802;-1.49258;-1.48648;-1.47963;-1.47194;-1.46329;-1.45362;-1.44277;-1.43057;-1.41689;-1.40153;-1.38428;-1.36489;-1.34311;-1.31859;-1.29099;-1.2599;-1.22483;-1.18521;-1.14042;-1.08965;-1.03195;-0.966364;-0.89152;-0.805953;-0.707937;-0.595491
3;10619776925730;20;absz;16973.5;13867.5;11324.9;9250.29;7555.77;6170.41;5039.09;4114.49;3359.41;2742.34;2237.85;1825.38;1488.42;1212.69;987.179;802.655;651.753;528.634;428.742;348.868
3;10619776925730;20;frequency;99999.99999990905;122862.535599424;150952.0265389597;185463.4873444638;227865.1431623047;279960.8926363817;343967.05137965;422606.6409511731;519225.2346839865;637933.2888043621;783781.0140572543;962973.2274171232;1183133.324347452;1453627.601814205;1785963.729760951;2194280.323268956;2695948.443325946;3312310.615921419;4069588.809647371;4999999.999999929
3;10619776925730;20;phasez;-1.52574;-1.52256;-1.51847;-1.5135;-1.50717;-1.49932;-1.4896;-1.47751;-1.46257;-1.44406;-1.42114;-1.39276;-1.35759;-1.3139;-1.25948;-1.19145;-1.10588;-0.99754;-0.859176;-0.681115
