0;8659328611684;20;absz;1.36629e+08;9.96399e+07;7.26127e+07;5.28935e+07;3.85163e+07;2.80453e+07;2.0403e+07;1.48406e+07;1.07937e+07;7.84856e+06;5.70626e+06;4.14782e+06;3.01459e+06;2.19066e+06;1.5917e+06;1.15631e+06;839888;609986;442935;321583
0;8659328611684;20;frequency;9.999999974752427;13.86918846435492;19.23543905490988;26.67799336109056;37.00021196095804;51.31629158938722;71.17153245417285;98.70914048804025;136.9015682683994;189.8713664161278;263.3361782500288;365.2259113806622;506.5387032487934;702.5280792305466;974.3494403835484;1351.343611730726;1874.203936580443;2599.368780806799;3605.113577052066;4999.99999995282
0;8659328611684;20;phasez;-1.51164;-1.51468;-1.51728;-1.52002;-1.52207;-1.52433;-1.52556;-1.52686;-1.52797;-1.5289;-1.52956;-1.53011;-1.53039;-1.5304;-1.53002;-1.52917;-1.52771;-1.52539;-1.52187;-1.51672
1;8660099629175;50;absz;7.40645e+06;6.33575e+06;5.41977e+06;4.63632e+06;3.96678e+06;3.39467e+06;2.90482e+06;2.48737e+06;2.12734e+06;1.82002e+06;1.55749e+06;1.33249e+06;1.13987e+06;975201;834259;713663;610454;522211;446632;382041;326763;279476;239022;204419;174824;149508;127854;109334;93497.1;79950.8;68369.2;58463.4;49990.9;42746.6;36551.1;31252.4;26720.9;22844.9;19529.4;16692.8;14266.6;12190.4;10413.9;8893.17;7591.39;6476.32;5520.57;4700.86;3996.92;3391.52
1;8660099629175;50;frequency;199.9999999213742;234.625769479635;275.2462588517801;322.8993264769997;378.802514688914;444.3841576318164;521.3198749487447;611.5753842550475;717.456725922716;841.6691823498468;987.3863981368913;1158.33146786315;1358.872060208682;1594.132014446359;1870.122253535556;2193.894364737048;2573.720768452858;3019.306079821149;3542.035062906734;4155.263512473084;4874.659497176026;5718.603679767398;6708.658946337209;7870.121340545211;9232.666380967203;10831.10727442716;12706.28439819177;14906.10877695531;17486.78621595445;20514.25336674129;24065.86241733066;28232.35745111674;33120.19296963342;38854.25382030405;45581.04601983359;53472.44000269313;62730.06193403319;73590.44528463698;86331.07429211862;101277.4737211686;118811.5260634959;139381.228686517;163512.140226203;191820.8086789974;225030.524286467;263989.7996954232;309694.0495706946;363311.0235703185;426210.642505751;499999.9999999716
1;8660099629175;50;phasez;-1.52902;-1.52992;-1.53157;-1.53069;-1.53286;-1.53186;-1.53316;-1.53299;-1.53313;-1.53381;-1.53374;-1.53429;-1.53445;-1.53473;-1.53506;-1.53524;-1.53548;-1.53571;-1.53586;-1.53599;-1.53609;-1.53616;-1.53613;-1.5361;-1.53595;-1.53575;-1.53546;-1.53506;-1.53454;-1.53391;-1.53312;-1.53215;-1.53101;-1.52963;-1.52801;-1.5261;-1.52384;-1.52117;-1.51801;-1.51426;-1.50982;-1.50457;-1.49835;-1.49098;-1.48224;-1.47187;-1.45954;-1.44487;-1.42732;-1.40622
2;8660869268813;50;absz;82346.8;73720.5;66014.8;59106.7;52917.3;47371.7;42411.8;37970.7;33991.8;30431.9;27236.3;24382.5;21829.1;19541;17493;15658.9;14017.6;12547.6;11231.6;10053.9;8999.03;8055.12;7210.03;6453.15;5775.88;5169.55;4626.78;4140.69;3705.64;3316.08;2967.34;2655.12;2375.5;2125.17;1901.02;1700.31;1520.53;1359.48;1215.27;1086.09;970.373;866.716;773.88;690.748;616.417;549.995;490.737;438.084;391.521;350.734
2;8660869268813;50;frequency;20000.00000002444;22385.53853899816;25055.61678390222;28044.17375656954;31389.19662092121;35133.2035329932;39323.78408414649;44014.2042055669;49264.08322518227;55140.1516811012;61717.09952482729;69078.52549602467;77317.99973512921;86540.25314108083;96862.50859274992;108415.9709538568;121347.4948009008;135821.4510731415;152021.8163702936;170154.5114554648;190450.0186878266;213166.3116533389;238592.1342356312;267050.6708003728;298903.6541519141;334555.9634717432;374460.7706856584;419125.3006744233;469117.2785435782;525072.1459047724;587701.13789258;657800.3235824071;736260.7247225839;824079.6413975459;922373.3285811875;1032391.184709951;1155531.632626961;1293359.894754076;1447627.888434013;1620296.494325686;1813560.480908265;2029876.401899315;2271993.821195295;2542990.262224833;2846310.325953354;3185809.474764127;3565803.038745301;3991121.067296888;4467169.723268114;4999999.999999929
2;8660869268813;50;phasez;-1.53778;-1.53734;-1.53703;-1.53684;-1.53638;-1.53583;-1.53527;-1.53486;-1.53393;-1.5332;-1.53225;-1.53112;-1.52987;-1.52842;-1.52681;-1.5249;-1.52281;-1.52039;-1.51773;-1.51465;-1.51127;-1.50745;-1.50316;-1.49831;-1.49286;-1.48677;-1.47993;-1.47225;-1.46362;-1.45396;-1.44312;-1.43095;-1.41727;-1.40192;-1.38468;-1.36531;-1.34353;-1.31903;-1.29144;-1.26036;-1.2253;-1.18569;-1.1409;-1.09012;-1.03244;-0.96686;-0.892019;-0.806466;-0.708472;-0.596041
3;8661187367542;20;absz;17027.3;13912.3;11362.3;9279.98;7580.4;6190.21;5055.11;4127.42;3369.85;2750.74;2244.6;1830.82;1492.78;1216.19;989.975;804.903;653.538;530.091;429.927;349.864
3;8661187367542;20;frequency;99999.99999990905;122862.535599424;150952.0265389597;185463.4873444638;227865.1431623047;279960.8926363817;343967.05137965;422606.6409511731;519225.2346839865;637933.2888043621;783781.0140572543;962973.2274171232;1183133.324347452;1453627.601814205;1785963.729760951;2194280.323268956;2695948.443325946;3312310.615921419;4069588.809647371;4999999.999999929
3;8661187367542;20;phasez;-1.52579;-1.52265;-1.5187;-1.51364;-1.50737;-1.4996;-1.48991;-1.47782;-1.46289;-1.44441;-1.42151;-1.39315;-1.35801;-1.31434;-1.25995;-1.19193;-1.10637;-0.998033;-0.859683;-0.681699
