0;1961032891679;20;absz;1.90554e+08;1.37904e+08;9.9731e+07;7.21505e+07;5.22156e+07;3.78049e+07;2.7334e+07;1.97747e+07;1.43087e+07;1.0352e+07;7.48839e+06;5.41681e+06;3.91767e+06;2.83298e+06;2.04829e+06;1.48079e+06;1.07038e+06;773649;559131;404068
0;1961032891679;20;frequency;9.999999974752427;13.86918846435492;19.23543905490988;26.67799336109056;37.00021196095804;51.31629158938722;71.17153245417285;98.70914048804025;136.9015682683994;189.8713664161278;263.3361782500288;365.2259113806622;506.5387032487934;702.5280792305466;974.3494403835484;1351.343611730726;1874.203936580443;2599.368780806799;3605.113577052066;4999.99999995282
0;1961032891679;20;phasez;-1.55287;-1.55408;-1.55354;-1.55358;-1.55382;-1.55412;-1.55401;-1.55417;-1.55423;-1.55436;-1.55441;-1.55446;-1.55439;-1.55411;-1.55349;-1.55237;-1.55057;-1.54787;-1.54389;-1.53821
1;1961804203264;50;absz;9.76669e+06;8.32781e+06;7.11263e+06;6.05937e+06;5.17759e+06;4.42236e+06;3.7718e+06;3.22029e+06;2.75182e+06;2.34715e+06;2.00385e+06;1.71019e+06;1.45965e+06;1.24571e+06;1.06315e+06;907432;774377;660870;563940;481250;410708;350484;299095;255243;217826;185895;158642;135390;115549;98615.3;84167.3;71837.4;61314.8;52334.7;44670.8;38128.5;32544.1;27777.2;23708.1;20233.7;17267.3;14733.5;12569;10719.7;9139.22;7787.52;6630.79;5640.15;4790.69;4061.28
1;1961804203264;50;frequency;199.9999999213742;234.625769479635;275.2462588517801;322.8993264769997;378.802514688914;444.3841576318164;521.3198749487447;611.5753842550475;717.456725922716;841.6691823498468;987.3863981368913;1158.33146786315;1358.872060208682;1594.132014446359;1870.122253535556;2193.894364737048;2573.720768452858;3019.306079821149;3542.035062906734;4155.263512473084;4874.659497176026;5718.603679767398;6708.658946337209;7870.121340545211;9232.666380967203;10831.10727442716;12706.28439819177;14906.10877695531;17486.78621595445;20514.25336674129;24065.86241733066;28232.35745111674;33120.19296963342;38854.25382030405;45581.04601983359;53472.44000269313;62730.06193403319;73590.44528463698;86331.07429211862;101277.4737211686;118811.5260634959;139381.228686517;163512.140226203;191820.8086789974;225030.524286467;263989.7996954232;309694.0495706946;363311.0235703185;426210.642505751;499999.9999999716
1;1961804203264;50;phasez;-1.55414;-1.55397;-1.55288;-1.55413;-1.55551;-1.55621;-1.55668;-1.55619;-1.55665;-1.55723;-1.55733;-1.55773;-1.5578;-1.55787;-1.55797;-1.55799;-1.55795;-1.55805;-1.55794;-1.55785;-1.55768;-1.55745;-1.55719;-1.5568;-1.55637;-1.55586;-1.55522;-1.55447;-1.5536;-1.55262;-1.55145;-1.55012;-1.54858;-1.54682;-1.54478;-1.54244;-1.53972;-1.53657;-1.53292;-1.52868;-1.52373;-1.51796;-1.5112;-1.50328;-1.494;-1.48308;-1.4702;-1.45495;-1.43683;-1.41516
2;1962572521669;50;absz;101670;90862.4;81228;72616.2;64952.6;58060.4;51915;46435.4;41505.1;37108.7;33185.6;29672.4;26529.6;23723.1;21214;18968.2;16963;15169.6;13565.9;12131.5;10849.7;9702.48;8677.07;7760.18;6939.73;6206.5;5550.73;4964.23;4439.43;3970.19;3550.6;3175.19;2839.33;2538.93;2270.13;2029.64;1814.47;1621.91;1449.64;1295.46;1157.49;1034.07;923.639;824.848;736.679;657.985;587.908;525.774;470.998;423.199
2;1962572521669;50;frequency;20000.00000002444;22385.53853899816;25055.61678390222;28044.17375656954;31389.19662092121;35133.2035329932;39323.78408414649;44014.2042055669;49264.08322518227;55140.1516811012;61717.09952482729;69078.52549602467;77317.99973512921;86540.25314108083;96862.50859274992;108415.9709538568;121347.4948009008;135821.4510731415;152021.8163702936;170154.5114554648;190450.0186878266;213166.3116533389;238592.1342356312;267050.6708003728;298903.6541519141;334555.9634717432;374460.7706856584;419125.3006744233;469117.2785435782;525072.1459047724;587701.13789258;657800.3235824071;736260.7247225839;824079.6413975459;922373.3285811875;1032391.184709951;1155531.632626961;1293359.894754076;1447627.888434013;1620296.494325686;1813560.480908265;2029876.401899315;2271993.821195295;2542990.262224833;2846310.325953354;3185809.474764127;3565803.038745301;3991121.067296888;4467169.723268114;4999999.999999929
2;1962572521669;50;phasez;-1.55669;-1.55588;-1.55537;-1.55477;-1.55431;-1.55315;-1.55274;-1.5516;-1.55049;-1.54949;-1.54826;-1.54666;-1.54512;-1.54326;-1.54133;-1.53905;-1.5366;-1.5338;-1.53079;-1.52742;-1.52362;-1.51942;-1.5147;-1.50949;-1.50367;-1.49719;-1.48993;-1.48183;-1.47284;-1.46275;-1.45148;-1.43887;-1.42475;-1.40898;-1.3913;-1.37146;-1.34922;-1.32424;-1.29619;-1.26462;-1.22908;-1.18901;-1.14376;-1.09257;-1.03444;-0.968472;-0.893305;-0.807497;-0.709323;-0.596887
3;1962891076242;20;absz;20647.6;16839.9;13731.1;11193.4;9126.6;7442.97;6068.38;4948.77;4035.02;3290.09;2682.29;2186.19;1781.2;1450.82;1180.92;960.608;780.801;634.489;516.199;422.168
3;1962891076242;20;frequency;99999.99999990905;122862.535599424;150952.0265389597;185463.4873444638;227865.1431623047;279960.8926363817;343967.05137965;422606.6409511731;519225.2346839865;637933.2888043621;783781.0140572543;962973.2274171232;1183133.324347452;1453627.601814205;1785963.729760951;2194280.323268956;2695948.443325946;3312310.615921419;4069588.809647371;4999999.999999929
3;1962891076242;20;phasez;-1.54036;-1.53658;-1.53189;-1.52616;-1.51923;-1.51068;-1.50019;-1.48741;-1.47174;-1.45247;-1.42879;-1.39962;-1.36361;-1.31908;-1.26381;-1.19494;-1.10855;-0.999537;-0.860665;-0.682466
