0;6346333321232;20;absz;1.4043e+08;1.0229e+08;7.44737e+07;5.4216e+07;3.94584e+07;2.86958e+07;2.08734e+07;1.51773e+07;1.10342e+07;8.02099e+06;5.83003e+06;4.23685e+06;3.07868e+06;2.23679e+06;1.62484e+06;1.18014e+06;856988;622225;451691;327846
0;6346333321232;20;frequency;9.999999974752427;13.86918846435492;19.23543905490988;26.67799336109056;37.00021196095804;51.31629158938722;71.17153245417285;98.70914048804025;136.9015682683994;189.8713664161278;263.3361782500288;365.2259113806622;506.5387032487934;702.5280792305466;974.3494403835484;1351.343611730726;1874.203936580443;2599.368780806799;3605.113577052066;4999.99999995282
0;6346333321232;20;phasez;-1.51768;-1.51993;-1.5222;-1.524;-1.52566;-1.52757;-1.52825;-1.52923;-1.53003;-1.5307;-1.53118;-1.5315;-1.53169;-1.53165;-1.53128;-1.53049;-1.52905;-1.52675;-1.52325;-1.51811
1;6347101406960;50;absz;7.56466e+06;6.46389e+06;5.53713e+06;4.74073e+06;4.05333e+06;3.46773e+06;2.96665e+06;2.53927e+06;2.17184e+06;1.85851e+06;1.58983e+06;1.35971e+06;1.16319e+06;995009;851202;727979;622712;532588;455512;389544;333127;284886;243616;208317;178128;152313;130233;111350;95205.8;81399.6;69593.2;59498.8;50868.4;43488.3;37178;31782.5;27167.7;23222.4;19848.2;16962.4;14494.2;12383;10576.8;9030.88;7707.83;6574.91;5603.97;4771.24;4056.28;3441.48
1;6347101406960;50;frequency;199.9999999213742;234.625769479635;275.2462588517801;322.8993264769997;378.802514688914;444.3841576318164;521.3198749487447;611.5753842550475;717.456725922716;841.6691823498468;987.3863981368913;1158.33146786315;1358.872060208682;1594.132014446359;1870.122253535556;2193.894364737048;2573.720768452858;3019.306079821149;3542.035062906734;4155.263512473084;4874.659497176026;5718.603679767398;6708.658946337209;7870.121340545211;9232.666380967203;10831.10727442716;12706.28439819177;14906.10877695531;17486.78621595445;20514.25336674129;24065.86241733066;28232.35745111674;33120.19296963342;38854.25382030405;45581.04601983359;53472.44000269313;62730.06193403319;73590.44528463698;86331.07429211862;101277.4737211686;118811.5260634959;139381.228686517;163512.140226203;191820.8086789974;225030.524286467;263989.7996954232;309694.0495706946;363311.0235703185;426210.642505751;499999.9999999716
1;6347101406960;50;phasez;-1.53177;-1.53118;-1.53304;-1.53139;-1.53421;-1.53286;-1.53374;-1.53419;-1.53395;-1.53473;-1.53518;-1.53572;-1.53587;-1.53616;-1.53652;-1.53662;-1.53691;-1.53706;-1.53729;-1.53739;-1.53751;-1.53758;-1.53759;-1.53756;-1.53744;-1.53728;-1.53703;-1.53666;-1.53618;-1.53557;-1.53479;-1.53387;-1.53274;-1.5314;-1.52978;-1.52787;-1.52561;-1.52292;-1.51972;-1.51595;-1.51148;-1.5062;-1.49994;-1.49254;-1.48377;-1.47338;-1.46105;-1.44638;-1.42885;-1.40778
2;6347872553819;50;absz;83879.1;75059.9;67202.2;60164.4;53858.6;48206.9;43150.5;38623.9;34571.5;30943.4;27695.7;24789.7;22190.9;19860.8;17776.6;15911.5;14242.1;12746.7;11409.5;10211.6;9139.27;8179.83;7320.74;6551.84;5863.72;5247.74;4696.18;4202.43;3760.59;3364.95;3010.79;2693.66;2409.74;2155.64;1928.06;1724.25;1541.79;1378.38;1232;1100.92;983.492;878.355;784.188;699.884;624.541;557.208;497.157;443.811;396.654;355.343
2;6347872553819;50;frequency;20000.00000002444;22385.53853899816;25055.61678390222;28044.17375656954;31389.19662092121;35133.2035329932;39323.78408414649;44014.2042055669;49264.08322518227;55140.1516811012;61717.09952482729;69078.52549602467;77317.99973512921;86540.25314108083;96862.50859274992;108415.9709538568;121347.4948009008;135821.4510731415;152021.8163702936;170154.5114554648;190450.0186878266;213166.3116533389;238592.1342356312;267050.6708003728;298903.6541519141;334555.9634717432;374460.7706856584;419125.3006744233;469117.2785435782;525072.1459047724;587701.13789258;657800.3235824071;736260.7247225839;824079.6413975459;922373.3285811875;1032391.184709951;1155531.632626961;1293359.894754076;1447627.888434013;1620296.494325686;1813560.480908265;2029876.401899315;2271993.821195295;2542990.262224833;2846310.325953354;3185809.474764127;3565803.038745301;3991121.067296888;4467169.723268114;4999999.999999929
2;6347872553819;50;phasez;-1.53953;-1.5391;-1.53874;-1.53851;-1.53803;-1.53773;-1.53718;-1.53654;-1.53594;-1.53506;-1.53399;-1.5329;-1.53161;-1.53012;-1.52848;-1.52655;-1.52438;-1.52204;-1.5193;-1.51626;-1.51281;-1.50899;-1.50468;-1.49983;-1.49439;-1.48829;-1.48145;-1.47379;-1.46517;-1.45554;-1.44472;-1.43257;-1.41893;-1.40361;-1.38641;-1.36708;-1.34533;-1.32087;-1.29332;-1.26228;-1.22726;-1.1877;-1.14295;-1.09221;-1.0346;-0.96907;-0.894301;-0.808831;-0.710932;-0.598632
3;6348190079686;20;absz;17307;14135.8;11541.5;9425.84;7697.66;6284.85;5131.42;4189.4;3419.74;2791.02;2276.98;1856.87;1513.72;1233.01;1003.45;815.693;662.209;537.057;435.566;354.464
3;6348190079686;20;frequency;99999.99999990905;122862.535599424;150952.0265389597;185463.4873444638;227865.1431623047;279960.8926363817;343967.05137965;422606.6409511731;519225.2346839865;637933.2888043621;783781.0140572543;962973.2274171232;1183133.324347452;1453627.601814205;1785963.729760951;2194280.323268956;2695948.443325946;3312310.615921419;4069588.809647371;4999999.999999929
3;6348190079686;20;phasez;-1.5275;-1.52441;-1.5203;-1.51525;-1.50895;-1.50114;-1.4914;-1.47936;-1.46448;-1.44604;-1.4232;-1.39493;-1.35983;-1.31625;-1.26193;-1.19399;-1.10851;-1.0003;-0.862103;-0.684297
