0;3922168345189;20;absz;1.57921e+08;1.14853e+08;8.34243e+07;6.06123e+07;4.4025e+07;3.19726e+07;2.32162e+07;1.68489e+07;1.22276e+07;8.8722e+06;6.43673e+06;4.66891e+06;3.38617e+06;2.45527e+06;1.78001e+06;1.29021e+06;935082;677591;490937;355657
0;3922168345189;20;frequency;9.999999974752427;13.86918846435492;19.23543905490988;26.67799336109056;37.00021196095804;51.31629158938722;71.17153245417285;98.70914048804025;136.9015682683994;189.8713664161278;263.3361782500288;365.2259113806622;506.5387032487934;702.5280792305466;974.3494403835484;1351.343611730726;1874.203936580443;2599.368780806799;3605.113577052066;4999.99999995282
0;3922168345189;20;phasez;-1.53127;-1.53233;-1.53373;-1.53468;-1.53565;-1.53636;-1.53753;-1.5385;-1.53923;-1.53982;-1.54033;-1.54077;-1.54099;-1.54098;-1.54064;-1.53975;-1.53823;-1.53581;-1.53216;-1.52682
1;3922936551091;50;absz;8.36349e+06;7.14529e+06;6.10092e+06;5.22196e+06;4.47051e+06;3.81903e+06;3.26362e+06;2.7901e+06;2.3836e+06;2.03734e+06;1.74146e+06;1.48803e+06;1.27199e+06;1.08693e+06;928816;793635;678134;579462;495111;423036;361435;308812;263832;225406;192578;164525;140559;120087;102595;87649.4;74884.8;63978.6;54660.4;46699.2;39897.3;34085.1;29118.4;24874.7;21247.5;18147.6;15497.8;13232.6;11295.8;9639.2;8222.04;7008.91;5970.02;5079.57;4315.55;3659.02
1;3922936551091;50;frequency;199.9999999213742;234.625769479635;275.2462588517801;322.8993264769997;378.802514688914;444.3841576318164;521.3198749487447;611.5753842550475;717.456725922716;841.6691823498468;987.3863981368913;1158.33146786315;1358.872060208682;1594.132014446359;1870.122253535556;2193.894364737048;2573.720768452858;3019.306079821149;3542.035062906734;4155.263512473084;4874.659497176026;5718.603679767398;6708.658946337209;7870.121340545211;9232.666380967203;10831.10727442716;12706.28439819177;14906.10877695531;17486.78621595445;20514.25336674129;24065.86241733066;28232.35745111674;33120.19296963342;38854.25382030405;45581.04601983359;53472.44000269313;62730.06193403319;73590.44528463698;86331.07429211862;101277.4737211686;118811.5260634959;139381.228686517;163512.140226203;191820.8086789974;225030.524286467;263989.7996954232;309694.0495706946;363311.0235703185;426210.642505751;499999.9999999716
1;3922936551091;50;phasez;-1.54064;-1.5417;-1.54105;-1.5415;-1.54187;-1.5426;-1.5431;-1.54359;-1.54366;-1.54421;-1.54461;-1.54484;-1.54512;-1.54539;-1.5455;-1.54584;-1.54594;-1.54612;-1.54617;-1.54622;-1.54623;-1.54618;-1.5461;-1.54592;-1.54565;-1.54535;-1.54492;-1.54438;-1.54373;-1.54295;-1.54203;-1.54095;-1.53968;-1.5382;-1.53646;-1.53445;-1.53209;-1.52933;-1.52608;-1.52227;-1.51779;-1.5125;-1.50626;-1.4989;-1.49018;-1.47986;-1.46759;-1.45299;-1.43552;-1.41452
2;3923704591528;50;absz;90374.4;80829.8;72311.6;64697.8;57904.1;51809.1;46348.4;41465.4;37101.9;33194.3;29698.2;26566.8;23769.1;21270.1;19027.5;17022.7;15230.8;13626;12190.6;10906.7;9757.19;8729.03;7808.93;6985.59;6248.87;5589.71;5000.02;4472.27;4000.15;3577.5;3199.36;2861.06;2558.23;2287.33;2044.84;1827.83;1633.62;1459.79;1304.24;1164.98;1040.37;928.828;829.012;739.69;659.933;588.725;525.255;468.921;419.188;375.684
2;3923704591528;50;frequency;20000.00000002444;22385.53853899816;25055.61678390222;28044.17375656954;31389.19662092121;35133.2035329932;39323.78408414649;44014.2042055669;49264.08322518227;55140.1516811012;61717.09952482729;69078.52549602467;77317.99973512921;86540.25314108083;96862.50859274992;108415.9709538568;121347.4948009008;135821.4510731415;152021.8163702936;170154.5114554648;190450.0186878266;213166.3116533389;238592.1342356312;267050.6708003728;298903.6541519141;334555.9634717432;374460.7706856584;419125.3006744233;469117.2785435782;525072.1459047724;587701.13789258;657800.3235824071;736260.7247225839;824079.6413975459;922373.3285811875;1032391.184709951;1155531.632626961;1293359.894754076;1447627.888434013;1620296.494325686;1813560.480908265;2029876.401899315;2271993.821195295;2542990.262224833;2846310.325953354;3185809.474764127;3565803.038745301;3991121.067296888;4467169.723268114;4999999.999999929
2;3923704591528;50;phasez;-1.54631;-1.54599;-1.54598;-1.54539;-1.54521;-1.54453;-1.54394;-1.54325;-1.54235;-1.54161;-1.54039;-1.53935;-1.53792;-1.5365;-1.53477;-1.5329;-1.53071;-1.52837;-1.52561;-1.52258;-1.51923;-1.5154;-1.51111;-1.5063;-1.50093;-1.4949;-1.48805;-1.48043;-1.47188;-1.46227;-1.45148;-1.43936;-1.42573;-1.41043;-1.39323;-1.3739;-1.35216;-1.32769;-1.30014;-1.26909;-1.23405;-1.19449;-1.14975;-1.09905;-1.04143;-0.975957;-0.901267;-0.815927;-0.718183;-0.606111
3;3924022232702;20;absz;18525.7;15120.4;12337.6;10065.9;8213.81;6701.1;5466.41;4459.09;3636.26;2965.15;2416.87;1969.26;1603.88;1305.45;1061.65;862.48;699.89;567.485;460.283;374.795
3;3924022232702;20;frequency;99999.99999990905;122862.535599424;150952.0265389597;185463.4873444638;227865.1431623047;279960.8926363817;343967.05137965;422606.6409511731;519225.2346839865;637933.2888043621;783781.0140572543;962973.2274171232;1183133.324347452;1453627.601814205;1785963.729760951;2194280.323268956;2695948.443325946;3312310.615921419;4069588.809647371;4999999.999999929
3;3924022232702;20;phasez;-1.53386;-1.53072;-1.52659;-1.52162;-1.51535;-1.50762;-1.49797;-1.48603;-1.4712;-1.45281;-1.43001;-1.40175;-1.36666;-1.32306;-1.26872;-1.20078;-1.11532;-1.0072;-0.869188;-0.691765
