0;5116123563146;20;absz;1.46644e+08;1.06643e+08;7.76047e+07;5.64287e+07;4.10275e+07;2.98297e+07;2.16856e+07;1.57623e+07;1.14528e+07;8.32199e+06;6.0456e+06;4.39151e+06;3.18951e+06;2.31601e+06;1.68144e+06;1.22048e+06;885682;642644;466221;338182
0;5116123563146;20;frequency;9.999999974752427;13.86918846435492;19.23543905490988;26.67799336109056;37.00021196095804;51.31629158938722;71.17153245417285;98.70914048804025;136.9015682683994;189.8713664161278;263.3361782500288;365.2259113806622;506.5387032487934;702.5280792305466;974.3494403835484;1351.343611730726;1874.203936580443;2599.368780806799;3605.113577052066;4999.99999995282
0;5116123563146;20;phasez;-1.52485;-1.52657;-1.52755;-1.52871;-1.52964;-1.53117;-1.53147;-1.53213;-1.53271;-1.53328;-1.5338;-1.53415;-1.5344;-1.53442;-1.53415;-1.53338;-1.53199;-1.52969;-1.52616;-1.52098
1;5116893288805;50;absz;7.84367e+06;6.7188e+06;5.73429e+06;4.90891e+06;4.20252e+06;3.59621e+06;3.0745e+06;2.62953e+06;2.24913e+06;1.92317e+06;1.64496e+06;1.40686e+06;1.20297e+06;1.02877e+06;879704;752230;643151;549889;470155;401954;343651;293785;251155;214707;183535;156893;134114;114638;97987.5;83756.4;71590;61188.9;52297.8;44698.9;38202;32648.9;27901.8;23843.9;20374.6;17408.4;14872.3;12703.7;10848.7;9261.47;7903.14;6740.26;5743.81;4889.38;4155.9;3525.27
1;5116893288805;50;frequency;199.9999999213742;234.625769479635;275.2462588517801;322.8993264769997;378.802514688914;444.3841576318164;521.3198749487447;611.5753842550475;717.456725922716;841.6691823498468;987.3863981368913;1158.33146786315;1358.872060208682;1594.132014446359;1870.122253535556;2193.894364737048;2573.720768452858;3019.306079821149;3542.035062906734;4155.263512473084;4874.659497176026;5718.603679767398;6708.658946337209;7870.121340545211;9232.666380967203;10831.10727442716;12706.28439819177;14906.10877695531;17486.78621595445;20514.25336674129;24065.86241733066;28232.35745111674;33120.19296963342;38854.25382030405;45581.04601983359;53472.44000269313;62730.06193403319;73590.44528463698;86331.07429211862;101277.4737211686;118811.5260634959;139381.228686517;163512.140226203;191820.8086789974;225030.524286467;263989.7996954232;309694.0495706946;363311.0235703185;426210.642505751;499999.9999999716
1;5116893288805;50;phasez;-1.5348;-1.53505;-1.53574;-1.53712;-1.53574;-1.53649;-1.53671;-1.53718;-1.5377;-1.5376;-1.53785;-1.5383;-1.53869;-1.53905;-1.53945;-1.53954;-1.53988;-1.53998;-1.54015;-1.54028;-1.54035;-1.54041;-1.54042;-1.54036;-1.54024;-1.54003;-1.53975;-1.53936;-1.53886;-1.53823;-1.53744;-1.53648;-1.53533;-1.53395;-1.53229;-1.53033;-1.52801;-1.52527;-1.52202;-1.5182;-1.51369;-1.50836;-1.50208;-1.49467;-1.48591;-1.47554;-1.46325;-1.44863;-1.43115;-1.41015
2;5117661601679;50;absz;86309.1;77258.3;69132.9;61874.8;55378.2;49565.3;44362.7;39699.5;35529.9;31793.8;28455.4;25461;22786.4;20391.6;18249.1;16332.4;14616.2;13080.4;11705.8;10475.5;9374.56;8389.07;7507.2;6717.55;6011.06;5379.01;4812.99;4306.35;3852.89;3447.03;3083.75;2758.5;2467.39;2206.8;1973.49;1764.63;1577.61;1410.15;1260.23;1125.97;1005.74;898.109;801.746;715.496;638.426;569.548;508.169;453.648;405.468;363.289
2;5117661601679;50;frequency;20000.00000002444;22385.53853899816;25055.61678390222;28044.17375656954;31389.19662092121;35133.2035329932;39323.78408414649;44014.2042055669;49264.08322518227;55140.1516811012;61717.09952482729;69078.52549602467;77317.99973512921;86540.25314108083;96862.50859274992;108415.9709538568;121347.4948009008;135821.4510731415;152021.8163702936;170154.5114554648;190450.0186878266;213166.3116533389;238592.1342356312;267050.6708003728;298903.6541519141;334555.9634717432;374460.7706856584;419125.3006744233;469117.2785435782;525072.1459047724;587701.13789258;657800.3235824071;736260.7247225839;824079.6413975459;922373.3285811875;1032391.184709951;1155531.632626961;1293359.894754076;1447627.888434013;1620296.494325686;1813560.480908265;2029876.401899315;2271993.821195295;2542990.262224833;2846310.325953354;3185809.474764127;3565803.038745301;3991121.067296888;4467169.723268114;4999999.999999929
2;5117661601679;50;phasez;-1.54187;-1.54155;-1.5416;-1.54099;-1.54072;-1.54015;-1.53971;-1.53909;-1.53832;-1.53746;-1.53634;-1.53519;-1.53383;-1.53246;-1.53066;-1.52878;-1.5266;-1.5242;-1.52148;-1.51841;-1.51496;-1.51116;-1.50685;-1.50201;-1.49658;-1.49052;-1.4837;-1.47606;-1.46752;-1.45791;-1.44711;-1.43501;-1.4214;-1.40614;-1.38898;-1.36968;-1.34797;-1.32356;-1.29606;-1.26506;-1.23008;-1.19058;-1.1459;-1.09525;-1.03773;-0.972308;-0.897673;-0.812367;-0.714664;-0.602602
3;5117980841315;20;absz;17769;14510;11845.8;9669.74;7895.07;6444.62;5260.65;4293.62;3503.81;2858.75;2331.55;1900.82;1549.04;1261.41;1026.3;834.088;677.036;549.024;445.282;362.434
3;5117980841315;20;frequency;99999.99999990905;122862.535599424;150952.0265389597;185463.4873444638;227865.1431623047;279960.8926363817;343967.05137965;422606.6409511731;519225.2346839865;637933.2888043621;783781.0140572543;962973.2274171232;1183133.324347452;1453627.601814205;1785963.729760951;2194280.323268956;2695948.443325946;3312310.615921419;4069588.809647371;4999999.999999929
3;5117980841315;20;phasez;-1.52985;-1.5266;-1.52252;-1.51745;-1.51108;-1.50328;-1.49364;-1.48166;-1.46683;-1.44846;-1.42571;-1.3975;-1.36249;-1.31898;-1.26475;-1.19692;-1.11158;-1.00357;-0.865659;-0.688262
