0;10054310875077;20;absz;1.35969e+08;9.92775e+07;7.23127e+07;5.2685e+07;3.83676e+07;2.79153e+07;2.03246e+07;1.47866e+07;1.07554e+07;7.82174e+06;5.6867e+06;4.13384e+06;3.00447e+06;2.18339e+06;1.58641e+06;1.15251e+06;837179;608031;441528;320567
0;10054310875077;20;frequency;9.999999974752427;13.86918846435492;19.23543905490988;26.67799336109056;37.00021196095804;51.31629158938722;71.17153245417285;98.70914048804025;136.9015682683994;189.8713664161278;263.3361782500288;365.2259113806622;506.5387032487934;702.5280792305466;974.3494403835484;1351.343611730726;1874.203936580443;2599.368780806799;3605.113577052066;4999.99999995282
0;10054310875077;20;phasez;-1.50993;-1.51337;-1.51663;-1.5192;-1.52139;-1.52326;-1.52508;-1.52644;-1.5276;-1.52854;-1.52933;-1.52989;-1.53019;-1.53021;-1.52986;-1.52904;-1.52756;-1.52523;-1.52171;-1.51656
1;10055081471076;50;absz;7.35554e+06;6.29944e+06;5.40162e+06;4.61958e+06;3.9573e+06;3.38571e+06;2.89585e+06;2.47762e+06;2.12059e+06;1.81393e+06;1.55258e+06;1.32802e+06;1.13616e+06;971952;831532;711280;608483;520509;445238;380845;325740;278604;238278;203790;174290;149049;127462;109001;93213;79709.1;68161;58284.7;49838.3;42615.2;36438.2;31155.8;26637.6;22773.1;19468.2;16640.8;14222.1;12152.6;10381.8;8865.95;7568.22;6456.74;5503.98;4686.73;3985.06;3381.55
1;10055081471076;50;frequency;199.9999999213742;234.625769479635;275.2462588517801;322.8993264769997;378.802514688914;444.3841576318164;521.3198749487447;611.5753842550475;717.456725922716;841.6691823498468;987.3863981368913;1158.33146786315;1358.872060208682;1594.132014446359;1870.122253535556;2193.894364737048;2573.720768452858;3019.306079821149;3542.035062906734;4155.263512473084;4874.659497176026;5718.603679767398;6708.658946337209;7870.121340545211;9232.666380967203;10831.10727442716;12706.28439819177;14906.10877695531;17486.78621595445;20514.25336674129;24065.86241733066;28232.35745111674;33120.19296963342;38854.25382030405;45581.04601983359;53472.44000269313;62730.06193403319;73590.44528463698;86331.07429211862;101277.4737211686;118811.5260634959;139381.228686517;163512.140226203;191820.8086789974;225030.524286467;263989.7996954232;309694.0495706946;363311.0235703185;426210.642505751;499999.9999999716
1;10055081471076;50;phasez;-1.52994;-1.52944;-1.53162;-1.53001;-1.53116;-1.53128;-1.53199;-1.53251;-1.5329;-1.53346;-1.53397;-1.53413;-1.53441;-1.53455;-1.53489;-1.53515;-1.53537;-1.53556;-1.53573;-1.53584;-1.53596;-1.536;-1.536;-1.53597;-1.53585;-1.53566;-1.53539;-1.535;-1.5345;-1.53389;-1.5331;-1.53215;-1.53101;-1.52964;-1.52802;-1.52609;-1.52382;-1.52112;-1.51793;-1.51416;-1.5097;-1.50443;-1.49819;-1.4908;-1.48205;-1.47167;-1.45934;-1.44464;-1.42708;-1.40598
2;10055851467533;50;absz;82134.8;73522.4;65831.9;58935.8;52764;47241.8;42285.8;37859.6;33890.6;30339.2;27157.7;24312.1;21763.9;19483.5;17441.1;15613.8;13976.3;12511.3;11199.4;10024.8;8973.43;8031.95;7189.44;6434.73;5759.63;5155.13;4613.71;4129.22;3695.3;3306.9;2959.18;2647.8;2369.03;2119.41;1895.92;1695.77;1516.47;1355.93;1212.09;1083.27;967.849;864.489;771.903;689.003;614.881;548.617;489.515;436.981;390.539;349.839
2;10055851467533;50;frequency;20000.00000002444;22385.53853899816;25055.61678390222;28044.17375656954;31389.19662092121;35133.2035329932;39323.78408414649;44014.2042055669;49264.08322518227;55140.1516811012;61717.09952482729;69078.52549602467;77317.99973512921;86540.25314108083;96862.50859274992;108415.9709538568;121347.4948009008;135821.4510731415;152021.8163702936;170154.5114554648;190450.0186878266;213166.3116533389;238592.1342356312;267050.6708003728;298903.6541519141;334555.9634717432;374460.7706856584;419125.3006744233;469117.2785435782;525072.1459047724;587701.13789258;657800.3235824071;736260.7247225839;824079.6413975459;922373.3285811875;1032391.184709951;1155531.632626961;1293359.894754076;1447627.888434013;1620296.494325686;1813560.480908265;2029876.401899315;2271993.821195295;2542990.262224833;2846310.325953354;3185809.474764127;3565803.038745301;3991121.067296888;4467169.723268114;4999999.999999929
2;10055851467533;50;phasez;-1.53758;-1.53734;-1.53709;-1.53692;-1.53643;-1.53593;-1.5354;-1.53485;-1.53407;-1.53321;-1.53216;-1.53109;-1.52981;-1.52833;-1.52667;-1.5248;-1.52262;-1.52023;-1.51757;-1.51452;-1.51108;-1.50728;-1.50295;-1.4981;-1.49268;-1.48657;-1.47972;-1.47202;-1.4634;-1.45372;-1.44287;-1.43068;-1.417;-1.40164;-1.38439;-1.36501;-1.34322;-1.31871;-1.29111;-1.26002;-1.22495;-1.18534;-1.14054;-1.08977;-1.03209;-0.966495;-0.891648;-0.806089;-0.708081;-0.595636
3;10056170822914;20;absz;16982;13873.3;11330.1;9254.83;7559.74;6173.07;5041.34;4116.46;3360.88;2743.51;2238.73;1826.12;1488.99;1213.13;987.538;802.941;651.979;528.809;428.875;348.985
3;10056170822914;20;frequency;99999.99999990905;122862.535599424;150952.0265389597;185463.4873444638;227865.1431623047;279960.8926363817;343967.05137965;422606.6409511731;519225.2346839865;637933.2888043621;783781.0140572543;962973.2274171232;1183133.324347452;1453627.601814205;1785963.729760951;2194280.323268956;2695948.443325946;3312310.615921419;4069588.809647371;4999999.999999929
3;10056170822914;20;phasez;-1.52579;-1.52264;-1.5186;-1.51354;-1.50726;-1.49938;-1.48965;-1.4776;-1.46267;-1.44416;-1.42128;-1.39288;-1.35771;-1.31402;-1.25961;-1.19158;-1.10599;-0.997668;-0.859301;-0.681248
