0;3403306163951;20;absz;1.64841e+08;1.19745e+08;8.6961e+07;6.31103e+07;4.5796e+07;3.32317e+07;2.40889e+07;1.74715e+07;1.26671e+07;9.18307e+06;6.65593e+06;4.82348e+06;3.49478e+06;2.53174e+06;1.83375e+06;1.32802e+06;961680;696353;504210;365069
0;3403306163951;20;frequency;9.999999974752427;13.86918846435492;19.23543905490988;26.67799336109056;37.00021196095804;51.31629158938722;71.17153245417285;98.70914048804025;136.9015682683994;189.8713664161278;263.3361782500288;365.2259113806622;506.5387032487934;702.5280792305466;974.3494403835484;1351.343611730726;1874.203936580443;2599.368780806799;3605.113577052066;4999.99999995282
0;3403306163951;20;phasez;-1.53612;-1.53748;-1.53866;-1.53951;-1.54049;-1.54117;-1.54223;-1.54302;-1.5437;-1.54432;-1.54478;-1.54514;-1.54529;-1.54516;-1.54464;-1.54358;-1.54181;-1.5391;-1.53514;-1.52952
1;3404077140858;50;absz;8.64989e+06;7.37579e+06;6.32007e+06;5.39968e+06;4.61581e+06;3.94162e+06;3.36774e+06;2.87834e+06;2.45893e+06;2.10007e+06;1.79352e+06;1.53205e+06;1.30926e+06;1.11828e+06;955187;815968;696946;595321;508492;434353;371017;316912;270704;231232;197519;168717;144116;123102;105152;89820;76722.7;65533.4;55976.5;47812.6;40838.4;34880.1;29789.6;25440.3;21725;18549.9;15836.5;13517.9;11535.7;9841.01;8391.57;7151.46;6089.65;5179.96;4399.6;3729.22
1;3404077140858;50;frequency;199.9999999213742;234.625769479635;275.2462588517801;322.8993264769997;378.802514688914;444.3841576318164;521.3198749487447;611.5753842550475;717.456725922716;841.6691823498468;987.3863981368913;1158.33146786315;1358.872060208682;1594.132014446359;1870.122253535556;2193.894364737048;2573.720768452858;3019.306079821149;3542.035062906734;4155.263512473084;4874.659497176026;5718.603679767398;6708.658946337209;7870.121340545211;9232.666380967203;10831.10727442716;12706.28439819177;14906.10877695531;17486.78621595445;20514.25336674129;24065.86241733066;28232.35745111674;33120.19296963342;38854.25382030405;45581.04601983359;53472.44000269313;62730.06193403319;73590.44528463698;86331.07429211862;101277.4737211686;118811.5260634959;139381.228686517;163512.140226203;191820.8086789974;225030.524286467;263989.7996954232;309694.0495706946;363311.0235703185;426210.642505751;499999.9999999716
1;3404077140858;50;phasez;-1.5437;-1.54661;-1.54517;-1.54645;-1.547;-1.54783;-1.54745;-1.54789;-1.54822;-1.54845;-1.54884;-1.54868;-1.54912;-1.5492;-1.54912;-1.54902;-1.54919;-1.54921;-1.54916;-1.54905;-1.54892;-1.54881;-1.54856;-1.54832;-1.54798;-1.54759;-1.54714;-1.54661;-1.54596;-1.54521;-1.54432;-1.54327;-1.54205;-1.54062;-1.53894;-1.53697;-1.53466;-1.53193;-1.52871;-1.52492;-1.52044;-1.51516;-1.50892;-1.50153;-1.49279;-1.48242;-1.47011;-1.45545;-1.43793;-1.41685
2;3404845473264;50;absz;92568.6;82809.5;74071.3;66276.8;59276.2;53030.2;47443.7;42438.4;37969.6;33954.9;30375;27172.5;24304.8;21740.2;19447.4;17396.7;15560.7;13918.1;12449.3;11135.9;9960.4;8908.85;7968.08;7126.5;6373.71;5700.19;5097.92;4558.98;4076.77;3645.4;3259.51;2914.29;2605.42;2329.08;2081.83;1860.61;1662.71;1485.6;1327.13;1185.31;1058.42;944.856;843.282;752.396;671.312;598.895;534.385;477.157;426.632;382.463
2;3404845473264;50;frequency;20000.00000002444;22385.53853899816;25055.61678390222;28044.17375656954;31389.19662092121;35133.2035329932;39323.78408414649;44014.2042055669;49264.08322518227;55140.1516811012;61717.09952482729;69078.52549602467;77317.99973512921;86540.25314108083;96862.50859274992;108415.9709538568;121347.4948009008;135821.4510731415;152021.8163702936;170154.5114554648;190450.0186878266;213166.3116533389;238592.1342356312;267050.6708003728;298903.6541519141;334555.9634717432;374460.7706856584;419125.3006744233;469117.2785435782;525072.1459047724;587701.13789258;657800.3235824071;736260.7247225839;824079.6413975459;922373.3285811875;1032391.184709951;1155531.632626961;1293359.894754076;1447627.888434013;1620296.494325686;1813560.480908265;2029876.401899315;2271993.821195295;2542990.262224833;2846310.325953354;3185809.474764127;3565803.038745301;3991121.067296888;4467169.723268114;4999999.999999929
2;3404845473264;50;phasez;-1.54902;-1.54845;-1.54839;-1.54797;-1.54768;-1.54697;-1.54641;-1.54564;-1.54501;-1.54407;-1.54294;-1.54185;-1.54055;-1.5391;-1.53743;-1.53552;-1.53343;-1.53102;-1.52823;-1.52526;-1.52188;-1.51799;-1.51369;-1.50886;-1.50345;-1.49735;-1.49055;-1.48285;-1.47423;-1.46459;-1.45372;-1.44154;-1.42785;-1.41247;-1.39519;-1.37576;-1.35394;-1.32936;-1.30169;-1.27053;-1.23538;-1.19569;-1.15082;-1.09996;-1.04225;-0.976641;-0.901819;-0.816346;-0.718491;-0.606307
3;3405161762215;20;absz;18929.7;15445.5;12598.1;10274.4;8380.74;6834.91;5573.52;4544.8;3704.99;3020.13;2460.96;2004.64;1632.24;1328.21;1079.97;877.282;711.884;577.257;468.328;381.536
3;3405161762215;20;frequency;99999.99999990905;122862.535599424;150952.0265389597;185463.4873444638;227865.1431623047;279960.8926363817;343967.05137965;422606.6409511731;519225.2346839865;637933.2888043621;783781.0140572543;962973.2274171232;1183133.324347452;1453627.601814205;1785963.729760951;2194280.323268956;2695948.443325946;3312310.615921419;4069588.809647371;4999999.999999929
3;3405161762215;20;phasez;-1.53648;-1.5333;-1.52929;-1.52425;-1.51796;-1.51019;-1.50047;-1.48846;-1.47352;-1.45502;-1.4321;-1.40368;-1.36841;-1.32461;-1.27006;-1.20189;-1.1162;-1.00784;-0.869601;-0.691977
