0;3255429255912;20;absz;1.67164e+08;1.21387e+08;8.8046e+07;6.3895e+07;4.634e+07;3.36233e+07;2.43696e+07;1.76672e+07;1.28069e+07;9.28103e+06;6.72521e+06;4.87189e+06;3.52882e+06;2.55556e+06;1.85055e+06;1.33991e+06;970137;702383;508524;368167
0;3255429255912;20;frequency;9.999999974752427;13.86918846435492;19.23543905490988;26.67799336109056;37.00021196095804;51.31629158938722;71.17153245417285;98.70914048804025;136.9015682683994;189.8713664161278;263.3361782500288;365.2259113806622;506.5387032487934;702.5280792305466;974.3494403835484;1351.343611730726;1874.203936580443;2599.368780806799;3605.113577052066;4999.99999995282
0;3255429255912;20;phasez;-1.53835;-1.53947;-1.54035;-1.54145;-1.54202;-1.54267;-1.54366;-1.54442;-1.54505;-1.54565;-1.54612;-1.54648;-1.54655;-1.54633;-1.5457;-1.54451;-1.54263;-1.53982;-1.53581;-1.53017
1;3256201485026;50;absz;8.73575e+06;7.4764e+06;6.37811e+06;5.44564e+06;4.65992e+06;3.98032e+06;3.40095e+06;2.9044e+06;2.48105e+06;2.11887e+06;1.81032e+06;1.54657e+06;1.32085e+06;1.12822e+06;963710;823033;703005;600450;512858;438047;374172;319583;272970;233154;199147;170097;145285;124093;105989;90530.1;77320.2;66039.3;56404.2;48173.6;41143;35137.7;30006.8;25624.3;21880.1;18680.7;15947.2;13610.9;11614.4;9907.11;8447.36;7198.28;6129.08;5212.9;4427.19;3752.27
1;3256201485026;50;frequency;199.9999999213742;234.625769479635;275.2462588517801;322.8993264769997;378.802514688914;444.3841576318164;521.3198749487447;611.5753842550475;717.456725922716;841.6691823498468;987.3863981368913;1158.33146786315;1358.872060208682;1594.132014446359;1870.122253535556;2193.894364737048;2573.720768452858;3019.306079821149;3542.035062906734;4155.263512473084;4874.659497176026;5718.603679767398;6708.658946337209;7870.121340545211;9232.666380967203;10831.10727442716;12706.28439819177;14906.10877695531;17486.78621595445;20514.25336674129;24065.86241733066;28232.35745111674;33120.19296963342;38854.25382030405;45581.04601983359;53472.44000269313;62730.06193403319;73590.44528463698;86331.07429211862;101277.4737211686;118811.5260634959;139381.228686517;163512.140226203;191820.8086789974;225030.524286467;263989.7996954232;309694.0495706946;363311.0235703185;426210.642505751;499999.9999999716
1;3256201485026;50;phasez;-1.54668;-1.54769;-1.54842;-1.54698;-1.54787;-1.54828;-1.54887;-1.54943;-1.5489;-1.54972;-1.54959;-1.54974;-1.5496;-1.54994;-1.54985;-1.54997;-1.55001;-1.54987;-1.5498;-1.54974;-1.54958;-1.54942;-1.54923;-1.54898;-1.54866;-1.54829;-1.54784;-1.54733;-1.54668;-1.54596;-1.54507;-1.54404;-1.54283;-1.54139;-1.53971;-1.53775;-1.53543;-1.53271;-1.52949;-1.5257;-1.52123;-1.51594;-1.5097;-1.50231;-1.49356;-1.48319;-1.47087;-1.45619;-1.43863;-1.41752
2;3256970530823;50;absz;93326;83448.5;74653.7;66778.9;59731;53442.3;47803.8;42754;38246.4;34210.1;30601;27369.4;24480.2;21895.6;19586.3;17517.4;15668.9;14014.6;12534.4;11210.7;10027.2;8968;8020.66;7172.9;6414.92;5736.69;5130.02;4587.49;4102.01;3667.72;3279.3;2931.81;2620.94;2342.84;2094.09;1871.51;1672.41;1494.19;1334.77;1192.12;1064.48;950.297;848.147;756.795;675.215;602.407;537.544;479.999;429.22;384.828
2;3256970530823;50;frequency;20000.00000002444;22385.53853899816;25055.61678390222;28044.17375656954;31389.19662092121;35133.2035329932;39323.78408414649;44014.2042055669;49264.08322518227;55140.1516811012;61717.09952482729;69078.52549602467;77317.99973512921;86540.25314108083;96862.50859274992;108415.9709538568;121347.4948009008;135821.4510731415;152021.8163702936;170154.5114554648;190450.0186878266;213166.3116533389;238592.1342356312;267050.6708003728;298903.6541519141;334555.9634717432;374460.7706856584;419125.3006744233;469117.2785435782;525072.1459047724;587701.13789258;657800.3235824071;736260.7247225839;824079.6413975459;922373.3285811875;1032391.184709951;1155531.632626961;1293359.894754076;1447627.888434013;1620296.494325686;1813560.480908265;2029876.401899315;2271993.821195295;2542990.262224833;2846310.325953354;3185809.474764127;3565803.038745301;3991121.067296888;4467169.723268114;4999999.999999929
2;3256970530823;50;phasez;-1.5496;-1.54939;-1.54885;-1.54857;-1.54838;-1.54785;-1.54723;-1.54644;-1.54583;-1.54486;-1.54378;-1.54274;-1.54133;-1.53984;-1.53819;-1.53625;-1.53418;-1.5318;-1.52909;-1.52606;-1.52262;-1.51878;-1.51443;-1.50962;-1.50419;-1.4981;-1.49125;-1.48356;-1.47493;-1.46522;-1.45434;-1.44213;-1.42839;-1.41298;-1.39565;-1.37618;-1.3543;-1.32968;-1.30197;-1.27075;-1.23555;-1.19581;-1.15089;-1.1;-1.0422;-0.976547;-0.901674;-0.816144;-0.718236;-0.605998
3;3257289715285;20;absz;19064.4;15553.9;12686.7;10344.9;8437.09;6879.85;5609.25;4573.55;3727.94;3038.5;2475.81;2016.49;1641.81;1335.96;1086.24;882.382;716.051;580.679;471.156;383.919
3;3257289715285;20;frequency;99999.99999990905;122862.535599424;150952.0265389597;185463.4873444638;227865.1431623047;279960.8926363817;343967.05137965;422606.6409511731;519225.2346839865;637933.2888043621;783781.0140572543;962973.2274171232;1183133.324347452;1453627.601814205;1785963.729760951;2194280.323268956;2695948.443325946;3312310.615921419;4069588.809647371;4999999.999999929
3;3257289715285;20;phasez;-1.53723;-1.53415;-1.53006;-1.52502;-1.51875;-1.51094;-1.5012;-1.48913;-1.47416;-1.45563;-1.43261;-1.40411;-1.36876;-1.32487;-1.27023;-1.20197;-1.11616;-1.00771;-0.869368;-0.691618
