0;9049861819015;20;absz;1.36409e+08;9.9469e+07;7.25181e+07;5.28083e+07;3.84566e+07;2.80067e+07;2.03722e+07;1.48209e+07;1.07798e+07;7.83853e+06;5.69886e+06;4.14275e+06;3.01092e+06;2.18801e+06;1.58975e+06;1.15489e+06;838898;609280;442422;321204
0;9049861819015;20;frequency;9.999999974752427;13.86918846435492;19.23543905490988;26.67799336109056;37.00021196095804;51.31629158938722;71.17153245417285;98.70914048804025;136.9015682683994;189.8713664161278;263.3361782500288;365.2259113806622;506.5387032487934;702.5280792305466;974.3494403835484;1351.343611730726;1874.203936580443;2599.368780806799;3605.113577052066;4999.99999995282
0;9049861819015;20;phasez;-1.51087;-1.51442;-1.51709;-1.51961;-1.52188;-1.52376;-1.52523;-1.5267;-1.52783;-1.52869;-1.52944;-1.52999;-1.53029;-1.53031;-1.52996;-1.52913;-1.52768;-1.52536;-1.52186;-1.51671
1;9050630322515;50;absz;7.38753e+06;6.31651e+06;5.41525e+06;4.63203e+06;3.96276e+06;3.39218e+06;2.90258e+06;2.48326e+06;2.12427e+06;1.81746e+06;1.55563e+06;1.33067e+06;1.13868e+06;974117;833266;712869;609724;521555;446141;381601;326395;279158;238748;204189;174625;149335;127709;109209;93387;79858.3;68286.6;58391;49929.2;42692.4;36503.6;31210.9;26684;22812.1;19500.8;16668.6;14245.5;12172.4;10398.4;8880.09;7580.19;6466.74;5512.49;4694;3991.1;3386.62
1;9050630322515;50;frequency;199.9999999213742;234.625769479635;275.2462588517801;322.8993264769997;378.802514688914;444.3841576318164;521.3198749487447;611.5753842550475;717.456725922716;841.6691823498468;987.3863981368913;1158.33146786315;1358.872060208682;1594.132014446359;1870.122253535556;2193.894364737048;2573.720768452858;3019.306079821149;3542.035062906734;4155.263512473084;4874.659497176026;5718.603679767398;6708.658946337209;7870.121340545211;9232.666380967203;10831.10727442716;12706.28439819177;14906.10877695531;17486.78621595445;20514.25336674129;24065.86241733066;28232.35745111674;33120.19296963342;38854.25382030405;45581.04601983359;53472.44000269313;62730.06193403319;73590.44528463698;86331.07429211862;101277.4737211686;118811.5260634959;139381.228686517;163512.140226203;191820.8086789974;225030.524286467;263989.7996954232;309694.0495706946;363311.0235703185;426210.642505751;499999.9999999716
1;9050630322515;50;phasez;-1.52983;-1.52827;-1.53137;-1.53269;-1.53141;-1.53247;-1.53221;-1.53319;-1.53353;-1.5339;-1.53397;-1.53439;-1.53457;-1.53467;-1.53502;-1.53525;-1.53546;-1.53568;-1.53587;-1.536;-1.53606;-1.53616;-1.53618;-1.53612;-1.536;-1.53582;-1.53554;-1.53516;-1.53466;-1.53403;-1.53326;-1.53233;-1.53119;-1.52982;-1.5282;-1.52629;-1.52401;-1.52132;-1.51813;-1.51436;-1.5099;-1.50462;-1.49838;-1.49099;-1.48223;-1.47184;-1.45951;-1.44481;-1.42725;-1.40615
2;9051400724123;50;absz;82254.6;73622;65933.1;59017.8;52843.7;47303.6;42349.6;37911;33941.7;30383.1;27197.2;24347.6;21795.4;19512.1;17465.8;15635.6;13996.2;12528.1;11214.8;10038.7;8985.38;8042.64;7198.79;6443.36;5767.13;5161.8;4619.76;4134.55;3700.07;3311.26;2962.96;2651.2;2372.06;2122.1;1898.27;1697.82;1518.3;1357.55;1213.54;1084.54;968.956;865.461;772.793;689.766;615.559;549.228;490.06;437.476;390.981;350.242
2;9051400724123;50;frequency;20000.00000002444;22385.53853899816;25055.61678390222;28044.17375656954;31389.19662092121;35133.2035329932;39323.78408414649;44014.2042055669;49264.08322518227;55140.1516811012;61717.09952482729;69078.52549602467;77317.99973512921;86540.25314108083;96862.50859274992;108415.9709538568;121347.4948009008;135821.4510731415;152021.8163702936;170154.5114554648;190450.0186878266;213166.3116533389;238592.1342356312;267050.6708003728;298903.6541519141;334555.9634717432;374460.7706856584;419125.3006744233;469117.2785435782;525072.1459047724;587701.13789258;657800.3235824071;736260.7247225839;824079.6413975459;922373.3285811875;1032391.184709951;1155531.632626961;1293359.894754076;1447627.888434013;1620296.494325686;1813560.480908265;2029876.401899315;2271993.821195295;2542990.262224833;2846310.325953354;3185809.474764127;3565803.038745301;3991121.067296888;4467169.723268114;4999999.999999929
2;9051400724123;50;phasez;-1.53747;-1.53766;-1.5372;-1.53712;-1.53659;-1.53608;-1.53563;-1.53491;-1.53422;-1.53342;-1.53244;-1.53134;-1.53;-1.52851;-1.52688;-1.52495;-1.52284;-1.52048;-1.51774;-1.51473;-1.5113;-1.50744;-1.50316;-1.49829;-1.49285;-1.48674;-1.47989;-1.47219;-1.46358;-1.4539;-1.44305;-1.43087;-1.41719;-1.40183;-1.3846;-1.36522;-1.34344;-1.31893;-1.29134;-1.26025;-1.22518;-1.18557;-1.14078;-1.09;-1.03232;-0.966726;-0.891885;-0.806327;-0.708326;-0.595905
3;9051717702974;20;absz;16998.9;13888.3;11343;9265.19;7567.82;6179.75;5046.82;4120.87;3364.44;2746.48;2241.13;1828.02;1490.53;1214.37;988.522;803.725;652.593;529.314;429.298;349.343
3;9051717702974;20;frequency;99999.99999990905;122862.535599424;150952.0265389597;185463.4873444638;227865.1431623047;279960.8926363817;343967.05137965;422606.6409511731;519225.2346839865;637933.2888043621;783781.0140572543;962973.2274171232;1183133.324347452;1453627.601814205;1785963.729760951;2194280.323268956;2695948.443325946;3312310.615921419;4069588.809647371;4999999.999999929
3;9051717702974;20;phasez;-1.52598;-1.52278;-1.51879;-1.51371;-1.50744;-1.49959;-1.48985;-1.47781;-1.46283;-1.44434;-1.42145;-1.39308;-1.35793;-1.31426;-1.25985;-1.19183;-1.10625;-0.997925;-0.859574;-0.681555
