0;10115712422305;20;absz;1.36041e+08;9.92052e+07;7.23114e+07;5.26702e+07;3.83631e+07;2.79201e+07;2.03202e+07;1.47862e+07;1.07543e+07;7.82074e+06;5.68606e+06;4.13347e+06;3.00423e+06;2.18316e+06;1.58629e+06;1.15243e+06;837112;607975;441491;320544
0;10115712422305;20;frequency;9.999999974752427;13.86918846435492;19.23543905490988;26.67799336109056;37.00021196095804;51.31629158938722;71.17153245417285;98.70914048804025;136.9015682683994;189.8713664161278;263.3361782500288;365.2259113806622;506.5387032487934;702.5280792305466;974.3494403835484;1351.343611730726;1874.203936580443;2599.368780806799;3605.113577052066;4999.99999995282
0;10115712422305;20;phasez;-1.51041;-1.51344;-1.51685;-1.51925;-1.52132;-1.52288;-1.52508;-1.52639;-1.52758;-1.52854;-1.52928;-1.52988;-1.53017;-1.5302;-1.52985;-1.52902;-1.52755;-1.52521;-1.52169;-1.51653
1;10116483034530;50;absz;7.36483e+06;6.30414e+06;5.40043e+06;4.62459e+06;3.95811e+06;3.38564e+06;2.89584e+06;2.47711e+06;2.12044e+06;1.81377e+06;1.55217e+06;1.32791e+06;1.13595e+06;971958;831421;711245;608432;520470;445196;380812;325708;278583;238259;203772;174269;149037;127456;108995;93207.3;79703;68157.2;58281.4;49836.4;42612.9;36436.4;31154.2;26635.6;22771.7;19467;16640.1;14221.5;12152.2;10381.4;8865.64;7567.97;6456.46;5503.84;4686.63;3984.92;3381.39
1;10116483034530;50;frequency;199.9999999213742;234.625769479635;275.2462588517801;322.8993264769997;378.802514688914;444.3841576318164;521.3198749487447;611.5753842550475;717.456725922716;841.6691823498468;987.3863981368913;1158.33146786315;1358.872060208682;1594.132014446359;1870.122253535556;2193.894364737048;2573.720768452858;3019.306079821149;3542.035062906734;4155.263512473084;4874.659497176026;5718.603679767398;6708.658946337209;7870.121340545211;9232.666380967203;10831.10727442716;12706.28439819177;14906.10877695531;17486.78621595445;20514.25336674129;24065.86241733066;28232.35745111674;33120.19296963342;38854.25382030405;45581.04601983359;53472.44000269313;62730.06193403319;73590.44528463698;86331.07429211862;101277.4737211686;118811.5260634959;139381.228686517;163512.140226203;191820.8086789974;225030.524286467;263989.7996954232;309694.0495706946;363311.0235703185;426210.642505751;499999.9999999716
1;10116483034530;50;phasez;-1.52881;-1.52918;-1.53067;-1.53069;-1.53072;-1.53233;-1.532;-1.53242;-1.53327;-1.5335;-1.53394;-1.53421;-1.53438;-1.53463;-1.53488;-1.53516;-1.53534;-1.53555;-1.53569;-1.53586;-1.53594;-1.536;-1.53598;-1.53595;-1.53583;-1.53565;-1.53538;-1.53499;-1.5345;-1.53387;-1.53308;-1.53214;-1.531;-1.52963;-1.52801;-1.52609;-1.52381;-1.52112;-1.51792;-1.51415;-1.50969;-1.50442;-1.49817;-1.49078;-1.48203;-1.47165;-1.45931;-1.44462;-1.42706;-1.40596
2;10117252219261;50;absz;82131.4;73527.7;65819.1;58941.6;52760.3;47239.9;42290.4;37854.8;33889.2;30337.8;27158.1;24313.1;21762.9;19482.2;17440.9;15613.2;13975.6;12510.8;11198.8;10024.9;8972.81;8031.85;7189.22;6434.85;5759.62;5155.05;4613.86;4129.25;3695.3;3306.89;2959.24;2647.87;2369.09;2119.46;1895.98;1695.81;1516.54;1355.96;1212.11;1083.27;967.883;864.514;771.938;689.028;614.883;548.622;489.513;436.987;390.536;349.843
2;10117252219261;50;frequency;20000.00000002444;22385.53853899816;25055.61678390222;28044.17375656954;31389.19662092121;35133.2035329932;39323.78408414649;44014.2042055669;49264.08322518227;55140.1516811012;61717.09952482729;69078.52549602467;77317.99973512921;86540.25314108083;96862.50859274992;108415.9709538568;121347.4948009008;135821.4510731415;152021.8163702936;170154.5114554648;190450.0186878266;213166.3116533389;238592.1342356312;267050.6708003728;298903.6541519141;334555.9634717432;374460.7706856584;419125.3006744233;469117.2785435782;525072.1459047724;587701.13789258;657800.3235824071;736260.7247225839;824079.6413975459;922373.3285811875;1032391.184709951;1155531.632626961;1293359.894754076;1447627.888434013;1620296.494325686;1813560.480908265;2029876.401899315;2271993.821195295;2542990.262224833;2846310.325953354;3185809.474764127;3565803.038745301;3991121.067296888;4467169.723268114;4999999.999999929
2;10117252219261;50;phasez;-1.53709;-1.53729;-1.53713;-1.53664;-1.53643;-1.53583;-1.53546;-1.53485;-1.53402;-1.5332;-1.53218;-1.53111;-1.52974;-1.52831;-1.52668;-1.52478;-1.52266;-1.52024;-1.51754;-1.51452;-1.51111;-1.50722;-1.50293;-1.49808;-1.49266;-1.48656;-1.47968;-1.47202;-1.46338;-1.45371;-1.44285;-1.43066;-1.41698;-1.40162;-1.38438;-1.365;-1.3432;-1.31869;-1.2911;-1.26001;-1.22494;-1.18533;-1.14054;-1.08975;-1.03207;-0.96648;-0.891633;-0.806072;-0.708064;-0.595617
3;10117568513340;20;absz;16983.6;13875.3;11330.8;9255.54;7559.81;6173.31;5041.71;4116.55;3361.06;2743.67;2238.83;1826.16;1489.04;1213.2;987.565;802.978;652.003;528.848;428.91;349.014
3;10117568513340;20;frequency;99999.99999990905;122862.535599424;150952.0265389597;185463.4873444638;227865.1431623047;279960.8926363817;343967.05137965;422606.6409511731;519225.2346839865;637933.2888043621;783781.0140572543;962973.2274171232;1183133.324347452;1453627.601814205;1785963.729760951;2194280.323268956;2695948.443325946;3312310.615921419;4069588.809647371;4999999.999999929
3;10117568513340;20;phasez;-1.52575;-1.52251;-1.51857;-1.51354;-1.50723;-1.4994;-1.48964;-1.4776;-1.46265;-1.44414;-1.42123;-1.39286;-1.35768;-1.314;-1.2596;-1.19156;-1.10598;-0.997653;-0.859287;-0.681268
