0;688953828563;20;absz;2.30077e+08;1.66451e+08;1.2043e+08;8.70752e+07;6.30164e+07;4.55761e+07;3.29745e+07;2.38538e+07;1.72596e+07;1.24893e+07;9.03661e+06;6.53882e+06;4.73216e+06;3.42454e+06;2.47817e+06;1.7933e+06;1.29769e+06;939047;679551;491760
0;688953828563;20;frequency;9.999999974752427;13.86918846435492;19.23543905490988;26.67799336109056;37.00021196095804;51.31629158938722;71.17153245417285;98.70914048804025;136.9015682683994;189.8713664161278;263.3361782500288;365.2259113806622;506.5387032487934;702.5280792305466;974.3494403835484;1351.343611730726;1874.203936580443;2599.368780806799;3605.113577052066;4999.99999995282
0;688953828563;20;phasez;-1.55608;-1.55606;-1.5558;-1.55545;-1.55507;-1.55404;-1.55409;-1.55399;-1.55352;-1.5532;-1.55265;-1.55204;-1.55137;-1.55048;-1.54931;-1.54769;-1.54544;-1.54231;-1.53797;-1.53199
1;689722004313;50;absz;1.17565e+07;1.00379e+07;8.55276e+06;7.31576e+06;6.25359e+06;5.3379e+06;4.56198e+06;3.89447e+06;3.32434e+06;2.83826e+06;2.42378e+06;2.07041e+06;1.76764e+06;1.50924e+06;1.2891e+06;1.10059e+06;939843;802492;685298;585188;499728;426747;364421;311221;265783;226983;193847;165558;141391;120759;103145;88096.1;75245;64269.7;54895.9;46889.4;40049.5;34206.7;29214.9;24949.7;21305.1;18190.7;15528;13251.8;11304.6;9638.19;8211.12;6988.29;5939.07;5037.29
1;689722004313;50;frequency;199.9999999213742;234.625769479635;275.2462588517801;322.8993264769997;378.802514688914;444.3841576318164;521.3198749487447;611.5753842550475;717.456725922716;841.6691823498468;987.3863981368913;1158.33146786315;1358.872060208682;1594.132014446359;1870.122253535556;2193.894364737048;2573.720768452858;3019.306079821149;3542.035062906734;4155.263512473084;4874.659497176026;5718.603679767398;6708.658946337209;7870.121340545211;9232.666380967203;10831.10727442716;12706.28439819177;14906.10877695531;17486.78621595445;20514.25336674129;24065.86241733066;28232.35745111674;33120.19296963342;38854.25382030405;45581.04601983359;53472.44000269313;62730.06193403319;73590.44528463698;86331.07429211862;101277.4737211686;118811.5260634959;139381.228686517;163512.140226203;191820.8086789974;225030.524286467;263989.7996954232;309694.0495706946;363311.0235703185;426210.642505751;499999.9999999716
1;689722004313;50;phasez;-1.5556;-1.55399;-1.5563;-1.55421;-1.55475;-1.55321;-1.55358;-1.55279;-1.55373;-1.55364;-1.55352;-1.55309;-1.55294;-1.55285;-1.55292;-1.5525;-1.5525;-1.55232;-1.55201;-1.55179;-1.55145;-1.55112;-1.55075;-1.55028;-1.54978;-1.5492;-1.54855;-1.54778;-1.54692;-1.54592;-1.54478;-1.54348;-1.54198;-1.54026;-1.53827;-1.536;-1.53337;-1.53031;-1.52675;-1.52262;-1.51778;-1.51214;-1.50552;-1.49777;-1.48865;-1.47791;-1.46523;-1.4502;-1.4323;-1.41086
2;690494870147;50;absz;124479;111342;99615;89111.1;79690.8;71298.9;63775.2;57043.9;51038.8;45653.3;40842.5;36530.7;32679.3;29236.1;26156.1;23398.3;20932;18727;16754.3;14990;13411.5;11998.9;10735.4;9604.82;8593.31;7688.17;6878.44;6153.89;5505.57;4925.43;4406.45;3941.91;3526.18;3154.19;2821.25;2523.32;2256.64;2018.01;1804.47;1613.29;1442.25;1289.23;1152.34;1029.89;920.702;823.312;736.711;660.03;592.574;533.948
2;690494870147;50;frequency;20000.00000002444;22385.53853899816;25055.61678390222;28044.17375656954;31389.19662092121;35133.2035329932;39323.78408414649;44014.2042055669;49264.08322518227;55140.1516811012;61717.09952482729;69078.52549602467;77317.99973512921;86540.25314108083;96862.50859274992;108415.9709538568;121347.4948009008;135821.4510731415;152021.8163702936;170154.5114554648;190450.0186878266;213166.3116533389;238592.1342356312;267050.6708003728;298903.6541519141;334555.9634717432;374460.7706856584;419125.3006744233;469117.2785435782;525072.1459047724;587701.13789258;657800.3235824071;736260.7247225839;824079.6413975459;922373.3285811875;1032391.184709951;1155531.632626961;1293359.894754076;1447627.888434013;1620296.494325686;1813560.480908265;2029876.401899315;2271993.821195295;2542990.262224833;2846310.325953354;3185809.474764127;3565803.038745301;3991121.067296888;4467169.723268114;4999999.999999929
2;690494870147;50;phasez;-1.54987;-1.54942;-1.54854;-1.54803;-1.5474;-1.54671;-1.54577;-1.54508;-1.54401;-1.543;-1.54175;-1.54039;-1.53883;-1.53708;-1.5352;-1.53304;-1.53066;-1.52802;-1.52504;-1.52177;-1.51806;-1.51399;-1.50946;-1.50434;-1.49866;-1.49232;-1.48525;-1.47728;-1.46846;-1.45855;-1.44745;-1.43505;-1.42113;-1.40555;-1.38806;-1.36846;-1.34646;-1.32172;-1.29391;-1.2626;-1.22735;-1.18758;-1.14265;-1.09177;-1.03401;-0.968457;-0.893746;-0.808463;-0.710923;-0.599226
3;690810710428;20;absz;25462.5;20780.7;16957.2;13840.2;11291.3;9213.65;7519.38;6135.03;5005.78;4084.03;3331.67;2717.33;2215.56;1805.74;1471.33;1198.16;975.385;794.315;648.227;532.633
3;690810710428;20;frequency;99999.99999990905;122862.535599424;150952.0265389597;185463.4873444638;227865.1431623047;279960.8926363817;343967.05137965;422606.6409511731;519225.2346839865;637933.2888043621;783781.0140572543;962973.2274171232;1183133.324347452;1453627.601814205;1785963.729760951;2194280.323268956;2695948.443325946;3312310.615921419;4069588.809647371;4999999.999999929
3;690810710428;20;phasez;-1.53439;-1.53058;-1.52609;-1.52053;-1.51374;-1.50551;-1.49537;-1.48286;-1.46752;-1.44859;-1.42526;-1.39648;-1.36088;-1.3168;-1.26201;-1.19369;-1.10787;-0.999608;-0.861665;-0.684721
