0;8720680572842;20;absz;1.36602e+08;9.95871e+07;7.26051e+07;5.28803e+07;3.85046e+07;2.80356e+07;2.03953e+07;1.48374e+07;1.07919e+07;7.8467e+06;5.70478e+06;4.14678e+06;3.01385e+06;2.19009e+06;1.59128e+06;1.15604e+06;839716;609857;442849;321517
0;8720680572842;20;frequency;9.999999974752427;13.86918846435492;19.23543905490988;26.67799336109056;37.00021196095804;51.31629158938722;71.17153245417285;98.70914048804025;136.9015682683994;189.8713664161278;263.3361782500288;365.2259113806622;506.5387032487934;702.5280792305466;974.3494403835484;1351.343611730726;1874.203936580443;2599.368780806799;3605.113577052066;4999.99999995282
0;8720680572842;20;phasez;-1.51083;-1.51484;-1.51737;-1.51976;-1.52209;-1.52337;-1.52541;-1.52682;-1.52793;-1.52888;-1.52957;-1.5301;-1.53036;-1.53038;-1.53;-1.52915;-1.52769;-1.52537;-1.52186;-1.5167
1;8721448788081;50;absz;7.39515e+06;6.32788e+06;5.42428e+06;4.63136e+06;3.97059e+06;3.39575e+06;2.90623e+06;2.48534e+06;2.12716e+06;1.81932e+06;1.55721e+06;1.3319e+06;1.13962e+06;974953;834055;713478;610335;522113;446582;381970;326709;279427;238980;204380;174790;149477;127827;109315;93478.6;79935.7;68353.6;58449.6;49980;42738.5;36544.5;31246.4;26715.5;22840.4;19525.5;16690.1;14263.9;12188.3;10412;8891.42;7589.81;6474.95;5519.41;4699.78;3996.03;3390.73
1;8721448788081;50;frequency;199.9999999213742;234.625769479635;275.2462588517801;322.8993264769997;378.802514688914;444.3841576318164;521.3198749487447;611.5753842550475;717.456725922716;841.6691823498468;987.3863981368913;1158.33146786315;1358.872060208682;1594.132014446359;1870.122253535556;2193.894364737048;2573.720768452858;3019.306079821149;3542.035062906734;4155.263512473084;4874.659497176026;5718.603679767398;6708.658946337209;7870.121340545211;9232.666380967203;10831.10727442716;12706.28439819177;14906.10877695531;17486.78621595445;20514.25336674129;24065.86241733066;28232.35745111674;33120.19296963342;38854.25382030405;45581.04601983359;53472.44000269313;62730.06193403319;73590.44528463698;86331.07429211862;101277.4737211686;118811.5260634959;139381.228686517;163512.140226203;191820.8086789974;225030.524286467;263989.7996954232;309694.0495706946;363311.0235703185;426210.642505751;499999.9999999716
1;8721448788081;50;phasez;-1.52883;-1.53095;-1.52992;-1.53124;-1.53094;-1.5321;-1.53282;-1.53266;-1.53329;-1.53374;-1.53365;-1.53424;-1.5345;-1.53486;-1.53498;-1.53524;-1.53545;-1.53571;-1.53586;-1.53599;-1.53606;-1.53617;-1.53616;-1.53609;-1.53596;-1.53577;-1.53545;-1.53507;-1.53456;-1.53391;-1.53312;-1.53216;-1.53101;-1.52963;-1.52801;-1.5261;-1.52384;-1.52116;-1.518;-1.51425;-1.50982;-1.50457;-1.49835;-1.49098;-1.48223;-1.47185;-1.45953;-1.44485;-1.4273;-1.4062
2;8722219509526;50;absz;82241.3;73656.9;65948.8;59056.1;52877.2;47338.7;42384.6;37937;33964.1;30408.4;27219.6;24369;21814.8;19528.1;17482.6;15650.9;14009.6;12540.9;11225.9;10048.6;8994.5;8050.75;7205.93;6449.96;5772.97;5166.88;4624.39;4138.57;3703.76;3314.44;2965.9;2653.82;2374.37;2124.19;1900.12;1699.5;1519.79;1358.85;1214.68;1085.55;969.897;866.291;773.513;690.427;616.138;549.741;490.501;437.872;391.339;350.56
2;8722219509526;50;frequency;20000.00000002444;22385.53853899816;25055.61678390222;28044.17375656954;31389.19662092121;35133.2035329932;39323.78408414649;44014.2042055669;49264.08322518227;55140.1516811012;61717.09952482729;69078.52549602467;77317.99973512921;86540.25314108083;96862.50859274992;108415.9709538568;121347.4948009008;135821.4510731415;152021.8163702936;170154.5114554648;190450.0186878266;213166.3116533389;238592.1342356312;267050.6708003728;298903.6541519141;334555.9634717432;374460.7706856584;419125.3006744233;469117.2785435782;525072.1459047724;587701.13789258;657800.3235824071;736260.7247225839;824079.6413975459;922373.3285811875;1032391.184709951;1155531.632626961;1293359.894754076;1447627.888434013;1620296.494325686;1813560.480908265;2029876.401899315;2271993.821195295;2542990.262224833;2846310.325953354;3185809.474764127;3565803.038745301;3991121.067296888;4467169.723268114;4999999.999999929
2;8722219509526;50;phasez;-1.53756;-1.5372;-1.53703;-1.53663;-1.53652;-1.53584;-1.53541;-1.53466;-1.53411;-1.53318;-1.53224;-1.53105;-1.52981;-1.52836;-1.52679;-1.5248;-1.52277;-1.52039;-1.5177;-1.51466;-1.51126;-1.50743;-1.50316;-1.49829;-1.49286;-1.48678;-1.47992;-1.47225;-1.46363;-1.45396;-1.44311;-1.43093;-1.41726;-1.40191;-1.38468;-1.3653;-1.34353;-1.31903;-1.29145;-1.26037;-1.22531;-1.18571;-1.14092;-1.09016;-1.03248;-0.966885;-0.892048;-0.806503;-0.708502;-0.596079
3;8722539648110;20;absz;17012.9;13901.8;11354.1;9274.07;7575.15;6185.78;5051.89;4124.96;3367.88;2749.15;2243.36;1829.81;1491.98;1215.55;989.447;804.487;653.211;529.821;429.7;349.674
3;8722539648110;20;frequency;99999.99999990905;122862.535599424;150952.0265389597;185463.4873444638;227865.1431623047;279960.8926363817;343967.05137965;422606.6409511731;519225.2346839865;637933.2888043621;783781.0140572543;962973.2274171232;1183133.324347452;1453627.601814205;1785963.729760951;2194280.323268956;2695948.443325946;3312310.615921419;4069588.809647371;4999999.999999929
3;8722539648110;20;phasez;-1.52591;-1.52271;-1.51877;-1.5137;-1.50743;-1.49962;-1.48989;-1.47783;-1.46291;-1.44443;-1.42153;-1.39318;-1.35804;-1.31438;-1.25999;-1.19197;-1.1064;-0.998083;-0.859743;-0.681754
