0;4396330714104;20;absz;1.52615e+08;1.10964e+08;8.07055e+07;5.86711e+07;4.26337e+07;3.09743e+07;2.25101e+07;1.63538e+07;1.18755e+07;8.62284e+06;6.25968e+06;4.54341e+06;3.29717e+06;2.3924e+06;1.73564e+06;1.25899e+06;913083;662121;480050;347984
0;4396330714104;20;frequency;9.999999974752427;13.86918846435492;19.23543905490988;26.67799336109056;37.00021196095804;51.31629158938722;71.17153245417285;98.70914048804025;136.9015682683994;189.8713664161278;263.3361782500288;365.2259113806622;506.5387032487934;702.5280792305466;974.3494403835484;1351.343611730726;1874.203936580443;2599.368780806799;3605.113577052066;4999.99999995282
0;4396330714104;20;phasez;-1.5294;-1.52965;-1.53071;-1.5317;-1.53278;-1.5338;-1.53439;-1.53517;-1.5359;-1.53659;-1.53713;-1.53755;-1.53779;-1.53778;-1.53738;-1.53655;-1.53507;-1.53274;-1.52922;-1.52403
1;4397103874558;50;absz;8.13521e+06;6.93494e+06;5.94658e+06;5.08297e+06;4.35127e+06;3.71592e+06;3.1783e+06;2.71708e+06;2.32298e+06;1.98619e+06;1.69819e+06;1.452e+06;1.24115e+06;1.06109e+06;907000;775275;662661;566433;484121;413776;353629;302226;258280;220724;188626;161190;137743;117705;100581;85945.2;73441.2;62754.8;53623.2;45820.1;39152.1;33454.4;28584.3;24422;20864.7;17824;15224.6;13002.1;11101.3;9475.11;8083.78;6892.7;5872.36;4997.6;4246.87;3601.54
1;4397103874558;50;frequency;199.9999999213742;234.625769479635;275.2462588517801;322.8993264769997;378.802514688914;444.3841576318164;521.3198749487447;611.5753842550475;717.456725922716;841.6691823498468;987.3863981368913;1158.33146786315;1358.872060208682;1594.132014446359;1870.122253535556;2193.894364737048;2573.720768452858;3019.306079821149;3542.035062906734;4155.263512473084;4874.659497176026;5718.603679767398;6708.658946337209;7870.121340545211;9232.666380967203;10831.10727442716;12706.28439819177;14906.10877695531;17486.78621595445;20514.25336674129;24065.86241733066;28232.35745111674;33120.19296963342;38854.25382030405;45581.04601983359;53472.44000269313;62730.06193403319;73590.44528463698;86331.07429211862;101277.4737211686;118811.5260634959;139381.228686517;163512.140226203;191820.8086789974;225030.524286467;263989.7996954232;309694.0495706946;363311.0235703185;426210.642505751;499999.9999999716
1;4397103874558;50;phasez;-1.53762;-1.53681;-1.5363;-1.53862;-1.53845;-1.53938;-1.54037;-1.54046;-1.54068;-1.54085;-1.54142;-1.54151;-1.54181;-1.5422;-1.54239;-1.54271;-1.54286;-1.54305;-1.54324;-1.54335;-1.54343;-1.54347;-1.54342;-1.54335;-1.54319;-1.54295;-1.54262;-1.54218;-1.54161;-1.54092;-1.54005;-1.53903;-1.5378;-1.53634;-1.53462;-1.5326;-1.53023;-1.52745;-1.52418;-1.52035;-1.51584;-1.51053;-1.50427;-1.49689;-1.48816;-1.47783;-1.46557;-1.45097;-1.43352;-1.41253
2;4397871923719;50;absz;88551;79245.8;70916.3;63453;56779.7;50815.3;45472.4;40686.5;36402.8;32574.5;29147.1;26083.7;23337.7;20883.2;18685.5;16720.2;14961.7;13387.2;11979;10718.3;9590.47;8581.18;7677.52;6869.22;6145.86;5498.4;4919.2;4400.57;3936.58;3521.24;3149.61;2816.87;2519.17;2252.7;2014.17;1800.68;1609.6;1438.51;1285.34;1148.25;1025.51;915.638;817.301;729.303;650.686;580.474;517.9;462.336;413.258;370.308
2;4397871923719;50;frequency;20000.00000002444;22385.53853899816;25055.61678390222;28044.17375656954;31389.19662092121;35133.2035329932;39323.78408414649;44014.2042055669;49264.08322518227;55140.1516811012;61717.09952482729;69078.52549602467;77317.99973512921;86540.25314108083;96862.50859274992;108415.9709538568;121347.4948009008;135821.4510731415;152021.8163702936;170154.5114554648;190450.0186878266;213166.3116533389;238592.1342356312;267050.6708003728;298903.6541519141;334555.9634717432;374460.7706856584;419125.3006744233;469117.2785435782;525072.1459047724;587701.13789258;657800.3235824071;736260.7247225839;824079.6413975459;922373.3285811875;1032391.184709951;1155531.632626961;1293359.894754076;1447627.888434013;1620296.494325686;1813560.480908265;2029876.401899315;2271993.821195295;2542990.262224833;2846310.325953354;3185809.474764127;3565803.038745301;3991121.067296888;4467169.723268114;4999999.999999929
2;4397871923719;50;phasez;-1.54472;-1.54444;-1.54391;-1.54386;-1.54326;-1.54278;-1.54195;-1.54145;-1.54075;-1.53968;-1.53865;-1.53741;-1.53605;-1.53447;-1.53283;-1.5309;-1.52881;-1.5263;-1.52366;-1.52062;-1.51722;-1.51337;-1.50908;-1.50428;-1.49889;-1.49284;-1.48604;-1.47843;-1.46988;-1.46029;-1.44952;-1.43742;-1.42382;-1.40856;-1.3914;-1.3721;-1.3504;-1.32598;-1.29847;-1.26747;-1.2325;-1.19299;-1.1483;-1.09766;-1.04013;-0.974716;-0.900088;-0.814807;-0.717124;-0.605108
3;4398188406313;20;absz;18192.2;14851.5;12120.8;9892.47;8074.76;6589.16;5376.84;4387.15;3578.86;2919.14;2380.05;1939.72;1580.26;1286.45;1046.41;850.232;690.023;559.5;453.774;369.411
3;4398188406313;20;frequency;99999.99999990905;122862.535599424;150952.0265389597;185463.4873444638;227865.1431623047;279960.8926363817;343967.05137965;422606.6409511731;519225.2346839865;637933.2888043621;783781.0140572543;962973.2274171232;1183133.324347452;1453627.601814205;1785963.729760951;2194280.323268956;2695948.443325946;3312310.615921419;4069588.809647371;4999999.999999929
3;4398188406313;20;phasez;-1.53194;-1.52872;-1.52469;-1.51966;-1.51338;-1.5056;-1.49596;-1.48403;-1.46921;-1.45087;-1.42813;-1.39992;-1.36491;-1.3214;-1.26716;-1.19933;-1.11399;-1.00599;-0.868103;-0.690771
