0;2412969958386;20;absz;1.82067e+08;1.31757e+08;9.53892e+07;6.90509e+07;4.99658e+07;3.61727e+07;2.61788e+07;1.89494e+07;1.3714e+07;9.92704e+06;7.18468e+06;5.20003e+06;3.76315e+06;2.72321e+06;1.97047e+06;1.42572e+06;1.03153e+06;746268;539831;390461
0;2412969958386;20;frequency;9.999999974752427;13.86918846435492;19.23543905490988;26.67799336109056;37.00021196095804;51.31629158938722;71.17153245417285;98.70914048804025;136.9015682683994;189.8713664161278;263.3361782500288;365.2259113806622;506.5387032487934;702.5280792305466;974.3494403835484;1351.343611730726;1874.203936580443;2599.368780806799;3605.113577052066;4999.99999995282
0;2412969958386;20;phasez;-1.54987;-1.55007;-1.55121;-1.55122;-1.55159;-1.55235;-1.5517;-1.55187;-1.55189;-1.55181;-1.55171;-1.55157;-1.55126;-1.55077;-1.54993;-1.54868;-1.54683;-1.54418;-1.54038;-1.53497
1;2413740295093;50;absz;9.35879e+06;7.98593e+06;6.82781e+06;5.81994e+06;4.97321e+06;4.24589e+06;3.62378e+06;3.09664e+06;2.64425e+06;2.25721e+06;1.92767e+06;1.64639e+06;1.40558e+06;1.19995e+06;1.02462e+06;874752;746907;637736;544450;464820;396855;338779;289227;246913;210777;179930;153588;131104;111912;95526.8;81537.1;69596;59404.1;50703.6;43277.4;36937.5;31525.4;26904.4;22960.2;19592.8;16717.1;14261.5;12164;10372.2;8840.59;7531.03;6410.63;5451.35;4628.95;3922.88
1;2413740295093;50;frequency;199.9999999213742;234.625769479635;275.2462588517801;322.8993264769997;378.802514688914;444.3841576318164;521.3198749487447;611.5753842550475;717.456725922716;841.6691823498468;987.3863981368913;1158.33146786315;1358.872060208682;1594.132014446359;1870.122253535556;2193.894364737048;2573.720768452858;3019.306079821149;3542.035062906734;4155.263512473084;4874.659497176026;5718.603679767398;6708.658946337209;7870.121340545211;9232.666380967203;10831.10727442716;12706.28439819177;14906.10877695531;17486.78621595445;20514.25336674129;24065.86241733066;28232.35745111674;33120.19296963342;38854.25382030405;45581.04601983359;53472.44000269313;62730.06193403319;73590.44528463698;86331.07429211862;101277.4737211686;118811.5260634959;139381.228686517;163512.140226203;191820.8086789974;225030.524286467;263989.7996954232;309694.0495706946;363311.0235703185;426210.642505751;499999.9999999716
1;2413740295093;50;phasez;-1.55244;-1.55448;-1.55165;-1.55352;-1.5523;-1.5535;-1.55295;-1.55416;-1.55339;-1.5534;-1.55357;-1.55384;-1.55389;-1.55413;-1.55421;-1.55426;-1.55432;-1.55433;-1.55442;-1.55442;-1.55437;-1.55434;-1.55424;-1.55413;-1.55391;-1.55362;-1.55326;-1.55279;-1.5522;-1.55147;-1.55058;-1.54953;-1.54826;-1.54674;-1.54496;-1.54286;-1.54038;-1.53747;-1.53403;-1.52999;-1.52524;-1.51966;-1.51309;-1.50535;-1.49624;-1.48547;-1.47275;-1.45765;-1.43967;-1.41814
2;2414509532578;50;absz;98450;88025.1;78698.2;70374.6;62923.4;56257.6;50309.3;44979.7;40219.2;35957.8;32150.4;28745;25699.2;22978.1;20545.1;18369;16424.2;14685.7;13131.3;11740.7;10498;9386.94;8393.04;7504.82;6710.38;6000.02;5364.85;4796.95;4289.03;3834.74;3428.58;3065.28;2740.31;2449.7;2189.77;1957.25;1749.25;1563.15;1396.67;1247.71;1114.45;995.196;888.573;793.203;708.037;632.054;564.392;504.393;451.47;405.267
2;2414509532578;50;frequency;20000.00000002444;22385.53853899816;25055.61678390222;28044.17375656954;31389.19662092121;35133.2035329932;39323.78408414649;44014.2042055669;49264.08322518227;55140.1516811012;61717.09952482729;69078.52549602467;77317.99973512921;86540.25314108083;96862.50859274992;108415.9709538568;121347.4948009008;135821.4510731415;152021.8163702936;170154.5114554648;190450.0186878266;213166.3116533389;238592.1342356312;267050.6708003728;298903.6541519141;334555.9634717432;374460.7706856584;419125.3006744233;469117.2785435782;525072.1459047724;587701.13789258;657800.3235824071;736260.7247225839;824079.6413975459;922373.3285811875;1032391.184709951;1155531.632626961;1293359.894754076;1447627.888434013;1620296.494325686;1813560.480908265;2029876.401899315;2271993.821195295;2542990.262224833;2846310.325953354;3185809.474764127;3565803.038745301;3991121.067296888;4467169.723268114;4999999.999999929
2;2414509532578;50;phasez;-1.55515;-1.55483;-1.55466;-1.55411;-1.55357;-1.55312;-1.55231;-1.55172;-1.55083;-1.55008;-1.54883;-1.5475;-1.54606;-1.54441;-1.54258;-1.54051;-1.53813;-1.53548;-1.53259;-1.52938;-1.52568;-1.52158;-1.51703;-1.51189;-1.50618;-1.49981;-1.49267;-1.48468;-1.47575;-1.46576;-1.45457;-1.44206;-1.42802;-1.41232;-1.39469;-1.37494;-1.35277;-1.32785;-1.29986;-1.26836;-1.23289;-1.19287;-1.14767;-1.09654;-1.03845;-0.97252;-0.897384;-0.811589;-0.713426;-0.600955
3;2414824782197;20;absz;19997.3;16303.1;13289.6;10829.8;8828.62;7197.27;5866.09;4781.94;3897.35;3176.4;2588.36;2108.53;1717.11;1397.8;1137.05;924.23;750.609;609.353;495.137;404.262
3;2414824782197;20;frequency;99999.99999990905;122862.535599424;150952.0265389597;185463.4873444638;227865.1431623047;279960.8926363817;343967.05137965;422606.6409511731;519225.2346839865;637933.2888043621;783781.0140572543;962973.2274171232;1183133.324347452;1453627.601814205;1785963.729760951;2194280.323268956;2695948.443325946;3312310.615921419;4069588.809647371;4999999.999999929
3;2414824782197;20;phasez;-1.54174;-1.53806;-1.53361;-1.52815;-1.52138;-1.51308;-1.50286;-1.49023;-1.47473;-1.45561;-1.43208;-1.40305;-1.36719;-1.32276;-1.26761;-1.19884;-1.11255;-1.00359;-0.864762;-0.686556
