0;3668333123268;20;absz;1.61281e+08;1.17134e+08;8.50814e+07;6.18044e+07;4.48708e+07;3.25599e+07;2.36333e+07;1.71486e+07;1.24373e+07;9.02053e+06;6.5404e+06;4.74164e+06;3.43721e+06;2.49125e+06;1.80528e+06;1.30804e+06;947604;686406;497147;360033
0;3668333123268;20;frequency;9.999999974752427;13.86918846435492;19.23543905490988;26.67799336109056;37.00021196095804;51.31629158938722;71.17153245417285;98.70914048804025;136.9015682683994;189.8713664161278;263.3361782500288;365.2259113806622;506.5387032487934;702.5280792305466;974.3494403835484;1351.343611730726;1874.203936580443;2599.368780806799;3605.113577052066;4999.99999995282
0;3668333123268;20;phasez;-1.53316;-1.53356;-1.53525;-1.53675;-1.53767;-1.53827;-1.53978;-1.54057;-1.54149;-1.54215;-1.54264;-1.543;-1.54315;-1.54304;-1.54259;-1.54165;-1.54004;-1.53752;-1.53374;-1.52826
1;3669101218956;50;absz;8.50008e+06;7.2624e+06;6.21099e+06;5.30136e+06;4.5396e+06;3.87771e+06;3.31402e+06;2.82889e+06;2.41888e+06;2.06746e+06;1.76616e+06;1.50937e+06;1.28955e+06;1.10168e+06;941122;804138;686953;586865;501370;428315;365909;312579;267016;228104;194859;166460;142199;121477;103776;88651.4;75733.1;64696.4;55268.2;47214;40332.6;34452.5;29428.8;25136.1;21468.2;18333.6;15654.3;13364.3;11406.6;9732.43;8300.14;7074.55;6025.15;5125.83;4354.24;3691.37
1;3669101218956;50;frequency;199.9999999213742;234.625769479635;275.2462588517801;322.8993264769997;378.802514688914;444.3841576318164;521.3198749487447;611.5753842550475;717.456725922716;841.6691823498468;987.3863981368913;1158.33146786315;1358.872060208682;1594.132014446359;1870.122253535556;2193.894364737048;2573.720768452858;3019.306079821149;3542.035062906734;4155.263512473084;4874.659497176026;5718.603679767398;6708.658946337209;7870.121340545211;9232.666380967203;10831.10727442716;12706.28439819177;14906.10877695531;17486.78621595445;20514.25336674129;24065.86241733066;28232.35745111674;33120.19296963342;38854.25382030405;45581.04601983359;53472.44000269313;62730.06193403319;73590.44528463698;86331.07429211862;101277.4737211686;118811.5260634959;139381.228686517;163512.140226203;191820.8086789974;225030.524286467;263989.7996954232;309694.0495706946;363311.0235703185;426210.642505751;499999.9999999716
1;3669101218956;50;phasez;-1.54639;-1.54272;-1.54317;-1.54509;-1.5454;-1.54409;-1.5455;-1.54558;-1.54522;-1.54646;-1.5464;-1.54676;-1.54711;-1.54731;-1.54746;-1.54746;-1.54766;-1.54772;-1.54776;-1.54775;-1.54769;-1.54757;-1.5474;-1.54716;-1.54686;-1.54649;-1.54603;-1.54547;-1.54481;-1.54402;-1.54311;-1.54204;-1.5408;-1.53933;-1.53763;-1.53564;-1.53331;-1.53056;-1.52733;-1.52354;-1.51906;-1.51377;-1.50754;-1.50016;-1.49144;-1.4811;-1.46882;-1.45419;-1.4367;-1.41567
2;3669873964710;50;absz;91364.3;81739;73131.5;65424;58532.1;52361.3;46847.3;41912.2;37493.3;33541;30010.1;26845;24014.1;21484.1;19219.6;17194.1;15381.9;13760;12309.3;11011.5;9850.24;8811.46;7881.49;7050.1;6305.78;5640.38;5044.69;4511.83;4035.04;3608.44;3226.87;2885.35;2579.72;2306.36;2061.72;1842.79;1646.9;1471.58;1314.66;1174.25;1048.57;936.092;835.492;745.452;665.078;593.305;529.36;472.624;422.534;378.722
2;3669873964710;50;frequency;20000.00000002444;22385.53853899816;25055.61678390222;28044.17375656954;31389.19662092121;35133.2035329932;39323.78408414649;44014.2042055669;49264.08322518227;55140.1516811012;61717.09952482729;69078.52549602467;77317.99973512921;86540.25314108083;96862.50859274992;108415.9709538568;121347.4948009008;135821.4510731415;152021.8163702936;170154.5114554648;190450.0186878266;213166.3116533389;238592.1342356312;267050.6708003728;298903.6541519141;334555.9634717432;374460.7706856584;419125.3006744233;469117.2785435782;525072.1459047724;587701.13789258;657800.3235824071;736260.7247225839;824079.6413975459;922373.3285811875;1032391.184709951;1155531.632626961;1293359.894754076;1447627.888434013;1620296.494325686;1813560.480908265;2029876.401899315;2271993.821195295;2542990.262224833;2846310.325953354;3185809.474764127;3565803.038745301;3991121.067296888;4467169.723268114;4999999.999999929
2;3669873964710;50;phasez;-1.54769;-1.54743;-1.54706;-1.54637;-1.54631;-1.5457;-1.545;-1.54449;-1.54368;-1.54277;-1.54161;-1.54057;-1.53922;-1.53768;-1.53602;-1.53409;-1.53203;-1.52962;-1.52685;-1.52386;-1.52045;-1.51665;-1.51235;-1.50751;-1.50213;-1.49607;-1.48927;-1.48163;-1.47303;-1.46341;-1.45259;-1.44044;-1.42681;-1.41146;-1.39423;-1.37486;-1.35307;-1.32856;-1.30097;-1.26987;-1.23479;-1.19517;-1.15038;-1.09961;-1.04196;-0.976429;-0.901687;-0.816284;-0.718503;-0.606406
3;3670191052147;20;absz;18712.7;15269.2;12457.2;10162;8290.44;6762.42;5515.43;4498.31;3667.75;2990.28;2437;1985.39;1616.81;1315.79;1069.95;869.17;705.306;571.894;463.906;377.83
3;3670191052147;20;frequency;99999.99999990905;122862.535599424;150952.0265389597;185463.4873444638;227865.1431623047;279960.8926363817;343967.05137965;422606.6409511731;519225.2346839865;637933.2888043621;783781.0140572543;962973.2274171232;1183133.324347452;1453627.601814205;1785963.729760951;2194280.323268956;2695948.443325946;3312310.615921419;4069588.809647371;4999999.999999929
3;3670191052147;20;phasez;-1.53518;-1.53197;-1.52788;-1.52285;-1.51666;-1.50887;-1.49918;-1.48721;-1.47233;-1.45389;-1.43105;-1.40273;-1.36757;-1.32388;-1.26946;-1.20142;-1.11586;-1.00765;-0.869543;-0.692009
