0;1581652277266;20;absz;1.99071e+08;1.43945e+08;1.04027e+08;7.52609e+07;5.44048e+07;3.93603e+07;2.84256e+07;2.0543e+07;1.48485e+07;1.07313e+07;7.75609e+06;5.60571e+06;4.05154e+06;2.92822e+06;2.11633e+06;1.52958e+06;1.10551e+06;799040;577544;417467
0;1581652277266;20;frequency;9.999999974752427;13.86918846435492;19.23543905490988;26.67799336109056;37.00021196095804;51.31629158938722;71.17153245417285;98.70914048804025;136.9015682683994;189.8713664161278;263.3361782500288;365.2259113806622;506.5387032487934;702.5280792305466;974.3494403835484;1351.343611730726;1874.203936580443;2599.368780806799;3605.113577052066;4999.99999995282
0;1581652277266;20;phasez;-1.55672;-1.55655;-1.55683;-1.55757;-1.55767;-1.55835;-1.55842;-1.55844;-1.5585;-1.55827;-1.55804;-1.55763;-1.55703;-1.5562;-1.55504;-1.55336;-1.55104;-1.54783;-1.54337;-1.53725
1;1582422816127;50;absz;1.01076e+07;8.58612e+06;7.37231e+06;6.28028e+06;5.35778e+06;4.57592e+06;3.9036e+06;3.33072e+06;2.84196e+06;2.42652e+06;2.06978e+06;1.76663e+06;1.50775e+06;1.28674e+06;1.09802e+06;937076;799690;682499;582487;497170;424300;362143;309080;263816;225177;192207;164069;140054;119558;102065;87135;74389;63509.8;54223.8;46296.6;39528.5;33750.3;28816.6;24603.8;21006;17932.4;15307;13063.8;11146.7;9507.09;8104.36;6903.59;5874.86;4992.26;4233.95
1;1582422816127;50;frequency;199.9999999213742;234.625769479635;275.2462588517801;322.8993264769997;378.802514688914;444.3841576318164;521.3198749487447;611.5753842550475;717.456725922716;841.6691823498468;987.3863981368913;1158.33146786315;1358.872060208682;1594.132014446359;1870.122253535556;2193.894364737048;2573.720768452858;3019.306079821149;3542.035062906734;4155.263512473084;4874.659497176026;5718.603679767398;6708.658946337209;7870.121340545211;9232.666380967203;10831.10727442716;12706.28439819177;14906.10877695531;17486.78621595445;20514.25336674129;24065.86241733066;28232.35745111674;33120.19296963342;38854.25382030405;45581.04601983359;53472.44000269313;62730.06193403319;73590.44528463698;86331.07429211862;101277.4737211686;118811.5260634959;139381.228686517;163512.140226203;191820.8086789974;225030.524286467;263989.7996954232;309694.0495706946;363311.0235703185;426210.642505751;499999.9999999716
1;1582422816127;50;phasez;-1.55835;-1.55977;-1.56165;-1.56008;-1.55847;-1.55904;-1.55875;-1.55913;-1.55911;-1.55904;-1.55904;-1.55854;-1.55855;-1.5586;-1.55845;-1.55823;-1.55798;-1.55776;-1.55744;-1.55716;-1.55673;-1.55631;-1.55585;-1.5553;-1.55473;-1.55402;-1.55323;-1.55236;-1.55136;-1.55025;-1.54895;-1.54751;-1.54586;-1.54398;-1.54183;-1.53938;-1.53658;-1.53331;-1.52956;-1.52522;-1.52018;-1.51431;-1.50746;-1.49947;-1.49011;-1.47914;-1.46622;-1.45094;-1.4328;-1.41111
2;1583193892657;50;absz;105186;94095.7;84136;75222;67287;60163.1;53800.7;48111.3;43027.5;38489.1;34418.7;30783.4;27529.6;24620.4;22023.6;19698;17619;15760.4;14098.6;12610.7;11280.7;10091.6;9027.26;8075.36;7224.12;6462.78;5781.49;5172.24;4627.06;4139.25;3702.85;3312.33;2963.16;2650.46;2370.62;2120.19;1896.15;1695.6;1516.02;1355.31;1211.43;1082.68;967.456;864.365;772.378;690.236;617.101;552.251;495.098;445.275
2;1583193892657;50;frequency;20000.00000002444;22385.53853899816;25055.61678390222;28044.17375656954;31389.19662092121;35133.2035329932;39323.78408414649;44014.2042055669;49264.08322518227;55140.1516811012;61717.09952482729;69078.52549602467;77317.99973512921;86540.25314108083;96862.50859274992;108415.9709538568;121347.4948009008;135821.4510731415;152021.8163702936;170154.5114554648;190450.0186878266;213166.3116533389;238592.1342356312;267050.6708003728;298903.6541519141;334555.9634717432;374460.7706856584;419125.3006744233;469117.2785435782;525072.1459047724;587701.13789258;657800.3235824071;736260.7247225839;824079.6413975459;922373.3285811875;1032391.184709951;1155531.632626961;1293359.894754076;1447627.888434013;1620296.494325686;1813560.480908265;2029876.401899315;2271993.821195295;2542990.262224833;2846310.325953354;3185809.474764127;3565803.038745301;3991121.067296888;4467169.723268114;4999999.999999929
2;1583193892657;50;phasez;-1.55406;-1.55351;-1.5531;-1.55216;-1.55144;-1.55044;-1.54972;-1.54871;-1.54754;-1.54638;-1.54503;-1.54361;-1.54181;-1.54003;-1.53796;-1.53563;-1.53309;-1.53027;-1.5272;-1.52372;-1.51987;-1.51563;-1.51088;-1.50562;-1.49977;-1.49322;-1.48598;-1.47786;-1.46882;-1.45871;-1.44743;-1.43482;-1.42069;-1.40492;-1.38724;-1.36742;-1.34521;-1.32026;-1.29225;-1.26074;-1.22525;-1.18524;-1.14004;-1.08891;-1.03089;-0.96502;-0.889964;-0.804267;-0.70623;-0.593954
3;1583510633779;20;absz;21440.4;17490.4;14269.1;11638.2;9493.9;7746.23;6319.52;5155.92;4206.49;3431.81;2799.58;2283.22;1861.34;1517.12;1235.77;1005.98;818.354;665.656;542.227;444.169
3;1583510633779;20;frequency;99999.99999990905;122862.535599424;150952.0265389597;185463.4873444638;227865.1431623047;279960.8926363817;343967.05137965;422606.6409511731;519225.2346839865;637933.2888043621;783781.0140572543;962973.2274171232;1183133.324347452;1453627.601814205;1785963.729760951;2194280.323268956;2695948.443325946;3312310.615921419;4069588.809647371;4999999.999999929
3;1583510633779;20;phasez;-1.53694;-1.53312;-1.52825;-1.52251;-1.51543;-1.5068;-1.4963;-1.48346;-1.46773;-1.44844;-1.42473;-1.39555;-1.35958;-1.31511;-1.25992;-1.19116;-1.1049;-0.996047;-0.857393;-0.679509
