0;80893311349;20;absz;3.17685e+08;2.29371e+08;1.65575e+08;1.19473e+08;8.62597e+07;6.23036e+07;4.4917e+07;3.24195e+07;2.33957e+07;1.68862e+07;1.21864e+07;8.79529e+06;6.3478e+06;4.5813e+06;3.30643e+06;2.38628e+06;1.72216e+06;1.24287e+06;896946;647290
0;80893311349;20;frequency;9.999999974752427;13.86918846435492;19.23543905490988;26.67799336109056;37.00021196095804;51.31629158938722;71.17153245417285;98.70914048804025;136.9015682683994;189.8713664161278;263.3361782500288;365.2259113806622;506.5387032487934;702.5280792305466;974.3494403835484;1351.343611730726;1874.203936580443;2599.368780806799;3605.113577052066;4999.99999995282
0;80893311349;20;phasez;-1.56622;-1.56774;-1.56592;-1.56614;-1.56621;-1.5652;-1.56583;-1.56568;-1.56563;-1.56541;-1.56506;-1.56461;-1.56408;-1.56329;-1.5622;-1.5607;-1.55855;-1.55558;-1.55141;-1.54561
1;81666130669;50;absz;1.60062e+07;1.35526e+07;1.15328e+07;9.86346e+06;8.42577e+06;7.17151e+06;6.11031e+06;5.21794e+06;4.4439e+06;3.79076e+06;3.23628e+06;2.75797e+06;2.352e+06;2.00544e+06;1.71034e+06;1.45865e+06;1.2441e+06;1.06082e+06;904775;771517;657932;561113;478488;408061;348001;296773;253091;215846;184089;156998;133899;114200;97399.5;83070.3;70849.5;60425.5;51534.9;43950;37479.6;31959.5;27249.2;23229.6;19798.8;16869.8;14368.2;12231;10403.7;8840.25;7500.66;6351.65
1;81666130669;50;frequency;199.9999999213742;234.625769479635;275.2462588517801;322.8993264769997;378.802514688914;444.3841576318164;521.3198749487447;611.5753842550475;717.456725922716;841.6691823498468;987.3863981368913;1158.33146786315;1358.872060208682;1594.132014446359;1870.122253535556;2193.894364737048;2573.720768452858;3019.306079821149;3542.035062906734;4155.263512473084;4874.659497176026;5718.603679767398;6708.658946337209;7870.121340545211;9232.666380967203;10831.10727442716;12706.28439819177;14906.10877695531;17486.78621595445;20514.25336674129;24065.86241733066;28232.35745111674;33120.19296963342;38854.25382030405;45581.04601983359;53472.44000269313;62730.06193403319;73590.44528463698;86331.07429211862;101277.4737211686;118811.5260634959;139381.228686517;163512.140226203;191820.8086789974;225030.524286467;263989.7996954232;309694.0495706946;363311.0235703185;426210.642505751;499999.9999999716
1;81666130669;50;phasez;-1.56646;-1.56475;-1.5649;-1.56945;-1.56728;-1.56841;-1.56577;-1.56576;-1.5662;-1.56599;-1.56582;-1.56584;-1.56606;-1.56616;-1.56576;-1.56576;-1.5657;-1.56553;-1.56536;-1.56511;-1.56499;-1.56473;-1.56442;-1.56404;-1.56357;-1.56309;-1.56248;-1.56182;-1.56102;-1.5601;-1.55905;-1.55782;-1.55641;-1.55478;-1.55288;-1.55069;-1.54814;-1.54517;-1.54171;-1.53766;-1.53292;-1.52737;-1.52084;-1.51317;-1.50414;-1.49348;-1.48088;-1.46592;-1.44809;-1.42672
2;82434464590;50;absz;161826;144750;129295;115529;103277;92285.4;82435.5;73667.7;65851.9;58817.4;52561;46974.7;41978.9;37511.1;33525.3;29959.7;26771.3;23924.4;21380.7;19106.6;17076.4;15260.8;13639.1;12188.9;10893.2;9735.19;8700;7774.96;6947.97;6208.96;5548.52;4958.21;4430.43;3958.79;3537.08;3160.21;2823.31;2522.21;2253.03;2012.48;1797.56;1605.53;1434.07;1280.94;1144.6;1023.27;915.531;820.435;737.016;664.788
2;82434464590;50;frequency;20000.00000002444;22385.53853899816;25055.61678390222;28044.17375656954;31389.19662092121;35133.2035329932;39323.78408414649;44014.2042055669;49264.08322518227;55140.1516811012;61717.09952482729;69078.52549602467;77317.99973512921;86540.25314108083;96862.50859274992;108415.9709538568;121347.4948009008;135821.4510731415;152021.8163702936;170154.5114554648;190450.0186878266;213166.3116533389;238592.1342356312;267050.6708003728;298903.6541519141;334555.9634717432;374460.7706856584;419125.3006744233;469117.2785435782;525072.1459047724;587701.13789258;657800.3235824071;736260.7247225839;824079.6413975459;922373.3285811875;1032391.184709951;1155531.632626961;1293359.894754076;1447627.888434013;1620296.494325686;1813560.480908265;2029876.401899315;2271993.821195295;2542990.262224833;2846310.325953354;3185809.474764127;3565803.038745301;3991121.067296888;4467169.723268114;4999999.999999929
2;82434464590;50;phasez;-1.5634;-1.56322;-1.5629;-1.56249;-1.56182;-1.56116;-1.56062;-1.55955;-1.55854;-1.55779;-1.55655;-1.55522;-1.55364;-1.5522;-1.55019;-1.54819;-1.54582;-1.5433;-1.54038;-1.53709;-1.53345;-1.52946;-1.52496;-1.5199;-1.51428;-1.50798;-1.50096;-1.49308;-1.48428;-1.47441;-1.4634;-1.45103;-1.43716;-1.42163;-1.4042;-1.38464;-1.36268;-1.338;-1.31024;-1.27902;-1.24384;-1.20415;-1.15934;-1.1086;-1.05097;-0.985617;-0.911151;-0.826189;-0.729064;-0.617894
3;82750689684;20;absz;32635;26580.1;21652.2;17635;14362.4;11693.1;9520.93;7753.84;6312.55;5139.99;4184.23;3405.99;2772.01;2255.24;1834.2;1491.69;1212.98;987.333;806.017;663.33
3;82750689684;20;frequency;99999.99999990905;122862.535599424;150952.0265389597;185463.4873444638;227865.1431623047;279960.8926363817;343967.05137965;422606.6409511731;519225.2346839865;637933.2888043621;783781.0140572543;962973.2274171232;1183133.324347452;1453627.601814205;1785963.729760951;2194280.323268956;2695948.443325946;3312310.615921419;4069588.809647371;4999999.999999929
3;82750689684;20;phasez;-1.54943;-1.54575;-1.54137;-1.53598;-1.5293;-1.52108;-1.51108;-1.49864;-1.48334;-1.46451;-1.44127;-1.41255;-1.37705;-1.33306;-1.27839;-1.21021;-1.1246;-1.01664;-0.879191;-0.703045
