0;1330590056864;20;absz;2.04657e+08;1.48076e+08;1.06948e+08;7.73089e+07;5.58698e+07;4.03909e+07;2.91761e+07;2.10902e+07;1.52429e+07;1.10186e+07;7.96544e+06;5.75898e+06;4.16384e+06;3.01059e+06;2.17667e+06;1.57377e+06;1.13789e+06;822760;594909;430190
0;1330590056864;20;frequency;9.999999974752427;13.86918846435492;19.23543905490988;26.67799336109056;37.00021196095804;51.31629158938722;71.17153245417285;98.70914048804025;136.9015682683994;189.8713664161278;263.3361782500288;365.2259113806622;506.5387032487934;702.5280792305466;974.3494403835484;1351.343611730726;1874.203936580443;2599.368780806799;3605.113577052066;4999.99999995282
0;1330590056864;20;phasez;-1.56056;-1.55918;-1.55958;-1.55931;-1.55933;-1.55921;-1.55869;-1.55846;-1.558;-1.55748;-1.55702;-1.55632;-1.55557;-1.55463;-1.55337;-1.55165;-1.54927;-1.546;-1.54148;-1.5353
1;1331359921141;50;absz;1.03797e+07;8.84763e+06;7.57179e+06;6.4505e+06;5.50318e+06;4.69706e+06;4.01178e+06;3.42389e+06;2.92301e+06;2.49532e+06;2.12946e+06;1.81762e+06;1.55125e+06;1.32418e+06;1.1302e+06;964802;823445;702874;599987;512173;437215;373243;318623;272008;232216;198261;169272;144527;123406;105375;89979.2;76837.7;65617.1;56037.8;47858.2;40872.7;34907.2;29812.4;25460.1;21742.2;18566.5;15852.5;13532.9;11549.5;9852.96;8401.33;7158.22;6092.9;5178.77;4393.2
1;1331359921141;50;frequency;199.9999999213742;234.625769479635;275.2462588517801;322.8993264769997;378.802514688914;444.3841576318164;521.3198749487447;611.5753842550475;717.456725922716;841.6691823498468;987.3863981368913;1158.33146786315;1358.872060208682;1594.132014446359;1870.122253535556;2193.894364737048;2573.720768452858;3019.306079821149;3542.035062906734;4155.263512473084;4874.659497176026;5718.603679767398;6708.658946337209;7870.121340545211;9232.666380967203;10831.10727442716;12706.28439819177;14906.10877695531;17486.78621595445;20514.25336674129;24065.86241733066;28232.35745111674;33120.19296963342;38854.25382030405;45581.04601983359;53472.44000269313;62730.06193403319;73590.44528463698;86331.07429211862;101277.4737211686;118811.5260634959;139381.228686517;163512.140226203;191820.8086789974;225030.524286467;263989.7996954232;309694.0495706946;363311.0235703185;426210.642505751;499999.9999999716
1;1331359921141;50;phasez;-1.55891;-1.55635;-1.55791;-1.55808;-1.55822;-1.55791;-1.55767;-1.55829;-1.55755;-1.55746;-1.55724;-1.55724;-1.55703;-1.55693;-1.55659;-1.55643;-1.55619;-1.55585;-1.55557;-1.55522;-1.55485;-1.55433;-1.55384;-1.55327;-1.55262;-1.5519;-1.5511;-1.55016;-1.54914;-1.54798;-1.54667;-1.54519;-1.54352;-1.54161;-1.53945;-1.53698;-1.53416;-1.53091;-1.52716;-1.52282;-1.5178;-1.51195;-1.50514;-1.49718;-1.48787;-1.47694;-1.46407;-1.44885;-1.43077;-1.40915
2;1332128301424;50;absz;108590;97154.2;86847.7;77698.2;69480.3;62155.6;55592.3;49734.6;44483.9;39793.1;35593.4;31836.9;28478.7;25479;22789.6;20390.3;18241;16319.8;14601.6;13064;11688.1;10457.8;9356.7;8371.82;7490.49;6702.19;5996.89;5365.81;4801.08;4295.75;3843.41;3438.59;3076.28;2752.07;2461.91;2202.15;1969.68;1761.52;1575.18;1408.41;1259.11;1125.48;1005.9;898.904;803.415;718.168;642.286;575.037;515.78;464.138
2;1332128301424;50;frequency;20000.00000002444;22385.53853899816;25055.61678390222;28044.17375656954;31389.19662092121;35133.2035329932;39323.78408414649;44014.2042055669;49264.08322518227;55140.1516811012;61717.09952482729;69078.52549602467;77317.99973512921;86540.25314108083;96862.50859274992;108415.9709538568;121347.4948009008;135821.4510731415;152021.8163702936;170154.5114554648;190450.0186878266;213166.3116533389;238592.1342356312;267050.6708003728;298903.6541519141;334555.9634717432;374460.7706856584;419125.3006744233;469117.2785435782;525072.1459047724;587701.13789258;657800.3235824071;736260.7247225839;824079.6413975459;922373.3285811875;1032391.184709951;1155531.632626961;1293359.894754076;1447627.888434013;1620296.494325686;1813560.480908265;2029876.401899315;2271993.821195295;2542990.262224833;2846310.325953354;3185809.474764127;3565803.038745301;3991121.067296888;4467169.723268114;4999999.999999929
2;1332128301424;50;phasez;-1.55153;-1.55106;-1.55019;-1.54982;-1.54894;-1.5484;-1.54737;-1.54623;-1.54529;-1.54403;-1.5427;-1.54101;-1.53942;-1.53762;-1.53548;-1.53315;-1.53071;-1.52788;-1.52478;-1.52135;-1.51753;-1.5133;-1.50861;-1.50339;-1.49756;-1.49107;-1.48386;-1.47581;-1.46681;-1.45676;-1.44554;-1.433;-1.41896;-1.40324;-1.38562;-1.36587;-1.34373;-1.31885;-1.29089;-1.25944;-1.22402;-1.18407;-1.13895;-1.08789;-1.02993;-0.964131;-0.889154;-0.803555;-0.705649;-0.593516
3;1332446870363;20;absz;22185.3;18108.9;14778.7;12058.9;9839.83;8031.04;6554.08;5349.19;4365.62;3562.39;2906.97;2371.28;1933.73;1576.48;1284.47;1045.94;851.171;692.708;564.641;462.988
3;1332446870363;20;frequency;99999.99999990905;122862.535599424;150952.0265389597;185463.4873444638;227865.1431623047;279960.8926363817;343967.05137965;422606.6409511731;519225.2346839865;637933.2888043621;783781.0140572543;962973.2274171232;1183133.324347452;1453627.601814205;1785963.729760951;2194280.323268956;2695948.443325946;3312310.615921419;4069588.809647371;4999999.999999929
3;1332446870363;20;phasez;-1.53453;-1.53068;-1.52584;-1.52007;-1.51302;-1.50451;-1.4941;-1.48136;-1.46576;-1.44659;-1.42302;-1.39398;-1.35813;-1.31378;-1.25872;-1.19008;-1.10394;-0.995239;-0.85674;-0.679075
