0;3074114068140;20;absz;1.70284e+08;1.23401e+08;8.94747e+07;6.49185e+07;4.70605e+07;3.41379e+07;2.47274e+07;1.7921e+07;1.2985e+07;9.40651e+06;6.81297e+06;4.93352e+06;3.57231e+06;2.58638e+06;1.87251e+06;1.3556e+06;981379;710439;514292;372288
0;3074114068140;20;frequency;9.999999974752427;13.86918846435492;19.23543905490988;26.67799336109056;37.00021196095804;51.31629158938722;71.17153245417285;98.70914048804025;136.9015682683994;189.8713664161278;263.3361782500288;365.2259113806622;506.5387032487934;702.5280792305466;974.3494403835484;1351.343611730726;1874.203936580443;2599.368780806799;3605.113577052066;4999.99999995282
0;3074114068140;20;phasez;-1.54108;-1.5421;-1.54259;-1.54353;-1.54394;-1.5447;-1.54555;-1.54621;-1.54689;-1.54748;-1.54779;-1.54804;-1.54796;-1.54756;-1.54677;-1.54544;-1.54346;-1.54061;-1.5366;-1.53096
1;3074887076292;50;absz;8.85351e+06;7.57743e+06;6.46549e+06;5.52231e+06;4.71821e+06;4.02816e+06;3.44029e+06;2.94209e+06;2.51154e+06;2.14471e+06;1.83206e+06;1.56441e+06;1.33634e+06;1.14108e+06;974835;832572;711077;607267;518691;442984;378341;323146;275994;235718;201313;171935;146846;125415;107111;91477.4;78126.4;66721.1;56981.3;48661.6;41556.6;35487.2;30302.5;25873.6;22090.1;18857.9;16096.3;13736.3;11719.6;9995.47;8521.22;7260.31;6181.09;5256.57;4463.73;3782.87
1;3074887076292;50;frequency;199.9999999213742;234.625769479635;275.2462588517801;322.8993264769997;378.802514688914;444.3841576318164;521.3198749487447;611.5753842550475;717.456725922716;841.6691823498468;987.3863981368913;1158.33146786315;1358.872060208682;1594.132014446359;1870.122253535556;2193.894364737048;2573.720768452858;3019.306079821149;3542.035062906734;4155.263512473084;4874.659497176026;5718.603679767398;6708.658946337209;7870.121340545211;9232.666380967203;10831.10727442716;12706.28439819177;14906.10877695531;17486.78621595445;20514.25336674129;24065.86241733066;28232.35745111674;33120.19296963342;38854.25382030405;45581.04601983359;53472.44000269313;62730.06193403319;73590.44528463698;86331.07429211862;101277.4737211686;118811.5260634959;139381.228686517;163512.140226203;191820.8086789974;225030.524286467;263989.7996954232;309694.0495706946;363311.0235703185;426210.642505751;499999.9999999716
1;3074887076292;50;phasez;-1.54932;-1.54738;-1.55114;-1.54915;-1.55009;-1.55043;-1.55049;-1.55057;-1.55054;-1.55042;-1.5509;-1.55079;-1.55083;-1.55089;-1.55089;-1.55083;-1.55074;-1.55071;-1.55061;-1.55051;-1.55038;-1.55024;-1.55003;-1.54977;-1.54947;-1.54911;-1.54869;-1.54816;-1.54754;-1.5468;-1.54594;-1.54493;-1.54373;-1.54231;-1.54066;-1.53873;-1.53644;-1.53374;-1.53056;-1.52679;-1.52232;-1.51704;-1.51079;-1.50338;-1.4946;-1.48418;-1.4718;-1.45705;-1.43942;-1.41823
2;3075656461091;50;absz;94273.5;84328.7;75426.5;67477.4;60340.6;53980.7;48291.3;43189.2;38628;34552.7;30902.1;27639.5;24717.3;22107.3;19772.2;17682.3;15815;14144.9;12649.4;11313.1;10116.9;9047.31;8090.6;7235.04;6469.7;5785.29;5173.21;4625.55;4135.83;3697.66;3305.96;2955.4;2641.92;2361.58;2110.74;1886.35;1685.58;1505.99;1345.31;1201.54;1072.94;957.848;854.928;762.866;680.675;607.327;541.995;484.039;432.895;388.2
2;3075656461091;50;frequency;20000.00000002444;22385.53853899816;25055.61678390222;28044.17375656954;31389.19662092121;35133.2035329932;39323.78408414649;44014.2042055669;49264.08322518227;55140.1516811012;61717.09952482729;69078.52549602467;77317.99973512921;86540.25314108083;96862.50859274992;108415.9709538568;121347.4948009008;135821.4510731415;152021.8163702936;170154.5114554648;190450.0186878266;213166.3116533389;238592.1342356312;267050.6708003728;298903.6541519141;334555.9634717432;374460.7706856584;419125.3006744233;469117.2785435782;525072.1459047724;587701.13789258;657800.3235824071;736260.7247225839;824079.6413975459;922373.3285811875;1032391.184709951;1155531.632626961;1293359.894754076;1447627.888434013;1620296.494325686;1813560.480908265;2029876.401899315;2271993.821195295;2542990.262224833;2846310.325953354;3185809.474764127;3565803.038745301;3991121.067296888;4467169.723268114;4999999.999999929
2;3075656461091;50;phasez;-1.55055;-1.55006;-1.5497;-1.54957;-1.54919;-1.54866;-1.54796;-1.54725;-1.54674;-1.54587;-1.5448;-1.54371;-1.54243;-1.54092;-1.53929;-1.53742;-1.53524;-1.53287;-1.53015;-1.52708;-1.52368;-1.51983;-1.51548;-1.51061;-1.50516;-1.49901;-1.49211;-1.48437;-1.47568;-1.46592;-1.45498;-1.44269;-1.42892;-1.41342;-1.39603;-1.37649;-1.35453;-1.32984;-1.30205;-1.27077;-1.23549;-1.19568;-1.15069;-1.09975;-1.04187;-0.976141;-0.901202;-0.81561;-0.717642;-0.605354
3;3075973840094;20;absz;19244.2;15698.5;12800.3;10436;8509.94;6938.2;5656.3;4611.12;3758.07;3062.74;2495.3;2032.32;1654.63;1346.44;1094.76;889.359;721.779;585.408;475.103;387.257
3;3075973840094;20;frequency;99999.99999990905;122862.535599424;150952.0265389597;185463.4873444638;227865.1431623047;279960.8926363817;343967.05137965;422606.6409511731;519225.2346839865;637933.2888043621;783781.0140572543;962973.2274171232;1183133.324347452;1453627.601814205;1785963.729760951;2194280.323268956;2695948.443325946;3312310.615921419;4069588.809647371;4999999.999999929
3;3075973840094;20;phasez;-1.53841;-1.53527;-1.53113;-1.52608;-1.51978;-1.51191;-1.5021;-1.48995;-1.47487;-1.4562;-1.43308;-1.40445;-1.36898;-1.32495;-1.27019;-1.20179;-1.11587;-1.00728;-0.86882;-0.690982
