0;10754595086686;20;absz;1.35776e+08;9.90805e+07;7.22486e+07;5.2622e+07;3.83214e+07;2.79022e+07;2.02991e+07;1.47698e+07;1.07422e+07;7.81151e+06;5.6795e+06;4.12865e+06;3.00081e+06;2.18069e+06;1.58448e+06;1.15112e+06;836149;607294;441003;320199
0;10754595086686;20;frequency;9.999999974752427;13.86918846435492;19.23543905490988;26.67799336109056;37.00021196095804;51.31629158938722;71.17153245417285;98.70914048804025;136.9015682683994;189.8713664161278;263.3361782500288;365.2259113806622;506.5387032487934;702.5280792305466;974.3494403835484;1351.343611730726;1874.203936580443;2599.368780806799;3605.113577052066;4999.99999995282
0;10754595086686;20;phasez;-1.50992;-1.51365;-1.51637;-1.51914;-1.52132;-1.52292;-1.5249;-1.52636;-1.52755;-1.52855;-1.52926;-1.52983;-1.53015;-1.53016;-1.52981;-1.52897;-1.52748;-1.52513;-1.5216;-1.51642
1;10755363241091;50;absz;7.37953e+06;6.31467e+06;5.38981e+06;4.61919e+06;3.95002e+06;3.37795e+06;2.89123e+06;2.47502e+06;2.11726e+06;1.81211e+06;1.55041e+06;1.32654e+06;1.13489e+06;970909;830551;710453;607764;519911;444707;380387;325349;278281;238015;203567;174098;148891;127331;108893;93121.2;79630.6;68094.4;58229.2;49791.9;42576.3;36405.2;31127.5;26613.6;22752.5;19450.6;16626.2;14210.1;12142.4;10373.1;8858.69;7562.02;6451.51;5499.62;4683.08;3981.93;3378.94
1;10755363241091;50;frequency;199.9999999213742;234.625769479635;275.2462588517801;322.8993264769997;378.802514688914;444.3841576318164;521.3198749487447;611.5753842550475;717.456725922716;841.6691823498468;987.3863981368913;1158.33146786315;1358.872060208682;1594.132014446359;1870.122253535556;2193.894364737048;2573.720768452858;3019.306079821149;3542.035062906734;4155.263512473084;4874.659497176026;5718.603679767398;6708.658946337209;7870.121340545211;9232.666380967203;10831.10727442716;12706.28439819177;14906.10877695531;17486.78621595445;20514.25336674129;24065.86241733066;28232.35745111674;33120.19296963342;38854.25382030405;45581.04601983359;53472.44000269313;62730.06193403319;73590.44528463698;86331.07429211862;101277.4737211686;118811.5260634959;139381.228686517;163512.140226203;191820.8086789974;225030.524286467;263989.7996954232;309694.0495706946;363311.0235703185;426210.642505751;499999.9999999716
1;10755363241091;50;phasez;-1.52816;-1.53046;-1.53055;-1.53085;-1.53241;-1.53149;-1.53228;-1.53291;-1.5331;-1.53307;-1.53371;-1.53406;-1.53428;-1.53464;-1.53487;-1.53516;-1.53524;-1.53549;-1.5356;-1.53573;-1.53581;-1.5359;-1.53589;-1.53584;-1.53572;-1.53552;-1.53523;-1.53486;-1.53436;-1.53374;-1.53297;-1.53203;-1.5309;-1.52954;-1.52792;-1.52601;-1.52373;-1.52104;-1.51784;-1.51407;-1.50961;-1.50433;-1.49808;-1.49069;-1.48193;-1.47155;-1.45921;-1.44452;-1.42696;-1.40584
2;10756131433193;50;absz;82029.8;73447.6;65762.7;58884.8;52700.4;47196.4;42247.9;37824.4;33859.7;30311.7;27133.3;24290.9;21745.2;19465.9;17424.6;15598.9;13964.6;12499.8;11189.3;10016.3;8966.08;8025.41;7183.3;6429.51;5754.68;5150.79;4609.91;4125.86;3692.36;3304.33;2956.88;2645.82;2367.29;2117.86;1894.52;1694.53;1515.4;1354.99;1211.26;1082.55;967.229;863.926;771.42;688.562;614.493;548.274;489.199;436.713;390.296;349.625
2;10756131433193;50;frequency;20000.00000002444;22385.53853899816;25055.61678390222;28044.17375656954;31389.19662092121;35133.2035329932;39323.78408414649;44014.2042055669;49264.08322518227;55140.1516811012;61717.09952482729;69078.52549602467;77317.99973512921;86540.25314108083;96862.50859274992;108415.9709538568;121347.4948009008;135821.4510731415;152021.8163702936;170154.5114554648;190450.0186878266;213166.3116533389;238592.1342356312;267050.6708003728;298903.6541519141;334555.9634717432;374460.7706856584;419125.3006744233;469117.2785435782;525072.1459047724;587701.13789258;657800.3235824071;736260.7247225839;824079.6413975459;922373.3285811875;1032391.184709951;1155531.632626961;1293359.894754076;1447627.888434013;1620296.494325686;1813560.480908265;2029876.401899315;2271993.821195295;2542990.262224833;2846310.325953354;3185809.474764127;3565803.038745301;3991121.067296888;4467169.723268114;4999999.999999929
2;10756131433193;50;phasez;-1.53735;-1.53717;-1.53704;-1.53694;-1.53629;-1.53583;-1.5353;-1.53476;-1.53406;-1.53316;-1.53219;-1.53091;-1.52972;-1.52826;-1.52656;-1.5247;-1.52257;-1.52018;-1.51745;-1.51442;-1.511;-1.50716;-1.50283;-1.49801;-1.49257;-1.48645;-1.4796;-1.47192;-1.46329;-1.45361;-1.44274;-1.43056;-1.41686;-1.40151;-1.38426;-1.36487;-1.34307;-1.31856;-1.29096;-1.25987;-1.2248;-1.18519;-1.1404;-1.08961;-1.03194;-0.966342;-0.891492;-0.805935;-0.707916;-0.595482
3;10756450149601;20;absz;16965.4;13860.7;11320.1;9246.6;7553.41;6167.97;5037.38;4113.11;3358.26;2741.45;2237.09;1824.74;1487.91;1212.28;986.846;802.407;651.558;528.471;428.619;348.775
3;10756450149601;20;frequency;99999.99999990905;122862.535599424;150952.0265389597;185463.4873444638;227865.1431623047;279960.8926363817;343967.05137965;422606.6409511731;519225.2346839865;637933.2888043621;783781.0140572543;962973.2274171232;1183133.324347452;1453627.601814205;1785963.729760951;2194280.323268956;2695948.443325946;3312310.615921419;4069588.809647371;4999999.999999929
3;10756450149601;20;phasez;-1.52566;-1.52248;-1.51848;-1.51343;-1.5071;-1.49932;-1.48958;-1.4775;-1.46254;-1.44404;-1.42111;-1.39275;-1.35757;-1.31388;-1.25947;-1.19144;-1.10587;-0.997534;-0.859178;-0.681139
