0;5046354068870;20;absz;1.47079e+08;1.06985e+08;7.78592e+07;5.66314e+07;4.11615e+07;2.99158e+07;2.17536e+07;1.58087e+07;1.14882e+07;8.34724e+06;6.06409e+06;4.40487e+06;3.19892e+06;2.32263e+06;1.68609e+06;1.22374e+06;888023;644314;467406;339021
0;5046354068870;20;frequency;9.999999974752427;13.86918846435492;19.23543905490988;26.67799336109056;37.00021196095804;51.31629158938722;71.17153245417285;98.70914048804025;136.9015682683994;189.8713664161278;263.3361782500288;365.2259113806622;506.5387032487934;702.5280792305466;974.3494403835484;1351.343611730726;1874.203936580443;2599.368780806799;3605.113577052066;4999.99999995282
0;5046354068870;20;phasez;-1.52506;-1.52623;-1.52775;-1.52885;-1.52993;-1.53099;-1.53159;-1.5323;-1.53294;-1.53347;-1.53396;-1.53439;-1.53467;-1.53471;-1.53445;-1.5337;-1.53225;-1.52994;-1.52643;-1.52126
1;5047123994533;50;absz;7.86647e+06;6.74262e+06;5.75353e+06;4.92817e+06;4.21356e+06;3.60148e+06;3.08459e+06;2.63625e+06;2.25563e+06;1.92999e+06;1.64945e+06;1.41076e+06;1.20633e+06;1.03133e+06;882078;754165;644816;551310;471359;402989;344505;294507;251764;215215;183972;157259;134420;114897;98206.8;83942.3;71745.3;61321;52410.6;44793.3;38282.5;32717.3;27959.6;23892.9;20416.1;17443.8;14902.3;12728.9;10870;9279.6;7918.47;6753.09;5754.67;4898.5;4163.55;3531.73
1;5047123994533;50;frequency;199.9999999213742;234.625769479635;275.2462588517801;322.8993264769997;378.802514688914;444.3841576318164;521.3198749487447;611.5753842550475;717.456725922716;841.6691823498468;987.3863981368913;1158.33146786315;1358.872060208682;1594.132014446359;1870.122253535556;2193.894364737048;2573.720768452858;3019.306079821149;3542.035062906734;4155.263512473084;4874.659497176026;5718.603679767398;6708.658946337209;7870.121340545211;9232.666380967203;10831.10727442716;12706.28439819177;14906.10877695531;17486.78621595445;20514.25336674129;24065.86241733066;28232.35745111674;33120.19296963342;38854.25382030405;45581.04601983359;53472.44000269313;62730.06193403319;73590.44528463698;86331.07429211862;101277.4737211686;118811.5260634959;139381.228686517;163512.140226203;191820.8086789974;225030.524286467;263989.7996954232;309694.0495706946;363311.0235703185;426210.642505751;499999.9999999716
1;5047123994533;50;phasez;-1.5372;-1.53601;-1.53406;-1.53629;-1.53596;-1.53613;-1.5368;-1.53721;-1.53715;-1.53817;-1.5385;-1.53875;-1.53898;-1.53941;-1.53953;-1.53976;-1.54011;-1.54022;-1.54042;-1.54059;-1.54067;-1.54071;-1.5407;-1.54066;-1.54052;-1.54032;-1.54002;-1.53962;-1.53911;-1.53847;-1.53768;-1.53671;-1.53556;-1.53416;-1.5325;-1.53054;-1.52822;-1.52547;-1.52222;-1.51839;-1.51388;-1.50856;-1.50228;-1.49487;-1.48612;-1.47576;-1.46347;-1.44885;-1.43137;-1.41037
2;5047892229542;50;absz;86504;77421.7;69270.9;62008.4;55497.7;49672.2;44456.6;39782.3;35600.1;31857.9;28512.2;25513.1;22831.4;20432.1;18285.4;16364.5;14644.6;13105.8;11728.4;10495.6;9392.03;8404.86;7520.89;6730.18;6022.24;5388.78;4821.63;4314.19;3859.88;3453.19;3089.19;2763.31;2471.65;2210.56;1976.81;1767.59;1580.21;1412.46;1262.25;1127.75;1007.33;899.505;803.002;716.616;639.406;570.427;508.932;454.334;406.07;363.829
2;5047892229542;50;frequency;20000.00000002444;22385.53853899816;25055.61678390222;28044.17375656954;31389.19662092121;35133.2035329932;39323.78408414649;44014.2042055669;49264.08322518227;55140.1516811012;61717.09952482729;69078.52549602467;77317.99973512921;86540.25314108083;96862.50859274992;108415.9709538568;121347.4948009008;135821.4510731415;152021.8163702936;170154.5114554648;190450.0186878266;213166.3116533389;238592.1342356312;267050.6708003728;298903.6541519141;334555.9634717432;374460.7706856584;419125.3006744233;469117.2785435782;525072.1459047724;587701.13789258;657800.3235824071;736260.7247225839;824079.6413975459;922373.3285811875;1032391.184709951;1155531.632626961;1293359.894754076;1447627.888434013;1620296.494325686;1813560.480908265;2029876.401899315;2271993.821195295;2542990.262224833;2846310.325953354;3185809.474764127;3565803.038745301;3991121.067296888;4467169.723268114;4999999.999999929
2;5047892229542;50;phasez;-1.54213;-1.54192;-1.5417;-1.54139;-1.5409;-1.5404;-1.53985;-1.53924;-1.53854;-1.53766;-1.5366;-1.53543;-1.5341;-1.53266;-1.53091;-1.52897;-1.52682;-1.52438;-1.5217;-1.51861;-1.51515;-1.51134;-1.50703;-1.50221;-1.49678;-1.49072;-1.48392;-1.47629;-1.46774;-1.45813;-1.44735;-1.43524;-1.42164;-1.40638;-1.38921;-1.36993;-1.34823;-1.3238;-1.29631;-1.26531;-1.23035;-1.19085;-1.14617;-1.09554;-1.03799;-0.972574;-0.897936;-0.812611;-0.714926;-0.602867
3;5048211787717;20;absz;17802.5;14537.8;11866.2;9687.49;7909.78;6456.31;5269.92;4301.02;3509.75;2863.56;2335.41;1903.86;1551.52;1263.42;1027.9;835.368;678.053;549.839;445.942;362.978
3;5048211787717;20;frequency;99999.99999990905;122862.535599424;150952.0265389597;185463.4873444638;227865.1431623047;279960.8926363817;343967.05137965;422606.6409511731;519225.2346839865;637933.2888043621;783781.0140572543;962973.2274171232;1183133.324347452;1453627.601814205;1785963.729760951;2194280.323268956;2695948.443325946;3312310.615921419;4069588.809647371;4999999.999999929
3;5048211787717;20;phasez;-1.53005;-1.52672;-1.5227;-1.51761;-1.51129;-1.50352;-1.49385;-1.48187;-1.46705;-1.44871;-1.42594;-1.39774;-1.36274;-1.31922;-1.265;-1.19717;-1.11184;-1.00384;-0.865918;-0.688539
