0;9769775216363;20;absz;1.36154e+08;9.93045e+07;7.2361e+07;5.27008e+07;3.8381e+07;2.79293e+07;2.03335e+07;1.47925e+07;1.076e+07;7.82488e+06;5.68908e+06;4.13576e+06;3.00592e+06;2.18438e+06;1.58717e+06;1.1531e+06;837563;608302;441725;320719
0;9769775216363;20;frequency;9.999999974752427;13.86918846435492;19.23543905490988;26.67799336109056;37.00021196095804;51.31629158938722;71.17153245417285;98.70914048804025;136.9015682683994;189.8713664161278;263.3361782500288;365.2259113806622;506.5387032487934;702.5280792305466;974.3494403835484;1351.343611730726;1874.203936580443;2599.368780806799;3605.113577052066;4999.99999995282
0;9769775216363;20;phasez;-1.5106;-1.51389;-1.51688;-1.5196;-1.52168;-1.52316;-1.52504;-1.52634;-1.52758;-1.52855;-1.52929;-1.52985;-1.53017;-1.53019;-1.52985;-1.52901;-1.52757;-1.52525;-1.52175;-1.51659
1;9770543422521;50;absz;7.38696e+06;6.30264e+06;5.41106e+06;4.62626e+06;3.9568e+06;3.38424e+06;2.89707e+06;2.47978e+06;2.12077e+06;1.8152e+06;1.55276e+06;1.3284e+06;1.13676e+06;972494;831898;711696;608773;520767;445451;381027;325887;278733;238392;203887;174365;149116;127522;109051;93254.1;79742;68189.3;58309.2;49859.1;42633.3;36453.1;31167.9;26647.3;22781.8;19475.2;16646.9;14227.3;12156.9;10385.6;8869.2;7570.95;6458.94;5506.03;4688.56;3986.5;3382.72
1;9770543422521;50;frequency;199.9999999213742;234.625769479635;275.2462588517801;322.8993264769997;378.802514688914;444.3841576318164;521.3198749487447;611.5753842550475;717.456725922716;841.6691823498468;987.3863981368913;1158.33146786315;1358.872060208682;1594.132014446359;1870.122253535556;2193.894364737048;2573.720768452858;3019.306079821149;3542.035062906734;4155.263512473084;4874.659497176026;5718.603679767398;6708.658946337209;7870.121340545211;9232.666380967203;10831.10727442716;12706.28439819177;14906.10877695531;17486.78621595445;20514.25336674129;24065.86241733066;28232.35745111674;33120.19296963342;38854.25382030405;45581.04601983359;53472.44000269313;62730.06193403319;73590.44528463698;86331.07429211862;101277.4737211686;118811.5260634959;139381.228686517;163512.140226203;191820.8086789974;225030.524286467;263989.7996954232;309694.0495706946;363311.0235703185;426210.642505751;499999.9999999716
1;9770543422521;50;phasez;-1.52871;-1.52954;-1.53105;-1.53189;-1.53044;-1.53201;-1.5323;-1.53292;-1.53304;-1.53334;-1.53376;-1.53428;-1.53438;-1.53467;-1.53494;-1.53522;-1.5354;-1.53553;-1.53574;-1.53588;-1.53596;-1.53601;-1.53604;-1.53601;-1.5359;-1.53571;-1.53543;-1.53505;-1.53456;-1.53393;-1.53315;-1.53222;-1.53108;-1.5297;-1.52808;-1.52616;-1.52388;-1.52118;-1.51799;-1.5142;-1.50974;-1.50447;-1.49822;-1.49084;-1.48208;-1.4717;-1.45937;-1.44468;-1.42712;-1.40602
2;9771311601410;50;absz;82125.8;73528.9;65836.7;58942.7;52770.3;47250.8;42289.9;37865.2;33899.6;30343.1;27163.6;24316.9;21768.6;19486.4;17444.1;15615.5;13978.1;12513.4;11200.9;10026.3;8974.71;8033.24;7190.49;6435.9;5760.29;5155.91;4614.51;4129.88;3695.94;3307.46;2959.7;2648.31;2369.53;2119.8;1896.27;1696.02;1516.7;1356.14;1212.28;1083.41;967.998;864.611;772.018;689.088;614.972;548.691;489.58;437.039;390.589;349.888
2;9771311601410;50;frequency;20000.00000002444;22385.53853899816;25055.61678390222;28044.17375656954;31389.19662092121;35133.2035329932;39323.78408414649;44014.2042055669;49264.08322518227;55140.1516811012;61717.09952482729;69078.52549602467;77317.99973512921;86540.25314108083;96862.50859274992;108415.9709538568;121347.4948009008;135821.4510731415;152021.8163702936;170154.5114554648;190450.0186878266;213166.3116533389;238592.1342356312;267050.6708003728;298903.6541519141;334555.9634717432;374460.7706856584;419125.3006744233;469117.2785435782;525072.1459047724;587701.13789258;657800.3235824071;736260.7247225839;824079.6413975459;922373.3285811875;1032391.184709951;1155531.632626961;1293359.894754076;1447627.888434013;1620296.494325686;1813560.480908265;2029876.401899315;2271993.821195295;2542990.262224833;2846310.325953354;3185809.474764127;3565803.038745301;3991121.067296888;4467169.723268114;4999999.999999929
2;9771311601410;50;phasez;-1.53726;-1.53759;-1.53724;-1.53698;-1.53635;-1.53597;-1.53544;-1.53479;-1.53416;-1.53317;-1.53227;-1.53111;-1.52989;-1.52836;-1.52669;-1.52481;-1.52267;-1.5203;-1.51761;-1.51455;-1.51114;-1.50728;-1.50299;-1.49813;-1.4927;-1.4866;-1.47974;-1.47207;-1.46345;-1.45378;-1.44292;-1.43074;-1.41706;-1.40171;-1.38446;-1.36509;-1.34329;-1.31878;-1.2912;-1.2601;-1.22503;-1.18542;-1.14063;-1.08984;-1.03216;-0.966571;-0.891727;-0.806171;-0.708161;-0.595713
3;9771631261410;20;absz;16981.6;13874.4;11331.4;9255.76;7560.48;6173.87;5042.09;4117;3361.36;2743.91;2239.06;1826.34;1489.16;1213.26;987.638;803.022;652.044;528.873;428.932;349.033
3;9771631261410;20;frequency;99999.99999990905;122862.535599424;150952.0265389597;185463.4873444638;227865.1431623047;279960.8926363817;343967.05137965;422606.6409511731;519225.2346839865;637933.2888043621;783781.0140572543;962973.2274171232;1183133.324347452;1453627.601814205;1785963.729760951;2194280.323268956;2695948.443325946;3312310.615921419;4069588.809647371;4999999.999999929
3;9771631261410;20;phasez;-1.52578;-1.52263;-1.51859;-1.5136;-1.50731;-1.49944;-1.48968;-1.47766;-1.46271;-1.44422;-1.42133;-1.39296;-1.35779;-1.3141;-1.25969;-1.19166;-1.10607;-0.997747;-0.859386;-0.681364
