0;4563643268803;20;absz;1.5116e+08;1.09879e+08;7.98538e+07;5.80818e+07;4.22114e+07;3.06842e+07;2.22967e+07;1.61968e+07;1.17643e+07;8.54418e+06;6.20412e+06;4.50404e+06;3.26948e+06;2.37282e+06;1.72188e+06;1.24924e+06;906196;657239;476579;345528
0;4563643268803;20;frequency;9.999999974752427;13.86918846435492;19.23543905490988;26.67799336109056;37.00021196095804;51.31629158938722;71.17153245417285;98.70914048804025;136.9015682683994;189.8713664161278;263.3361782500288;365.2259113806622;506.5387032487934;702.5280792305466;974.3494403835484;1351.343611730726;1874.203936580443;2599.368780806799;3605.113577052066;4999.99999995282
0;4563643268803;20;phasez;-1.52785;-1.52914;-1.52975;-1.53077;-1.53173;-1.53336;-1.53371;-1.5344;-1.535;-1.53568;-1.53616;-1.53654;-1.53678;-1.53675;-1.53641;-1.53563;-1.53418;-1.53189;-1.52839;-1.52322
1;4564415428723;50;absz;8.06417e+06;6.88529e+06;5.8886e+06;5.03957e+06;4.3142e+06;3.68565e+06;3.15084e+06;2.69585e+06;2.30475e+06;1.97063e+06;1.68483e+06;1.44072e+06;1.23153e+06;1.05291e+06;900081;769511;657752;562297;480621;410805;351132;300116;256495;219212;187350;160117;136837;116939;99932.3;85398.3;72976.1;62363;53291.5;45539.8;38914.4;33252.1;28413.1;24276.9;20742.1;17720.7;15137.1;12928.1;11038.7;9422.42;8039.45;6855.48;5841.13;4971.34;4224.85;3583.13
1;4564415428723;50;frequency;199.9999999213742;234.625769479635;275.2462588517801;322.8993264769997;378.802514688914;444.3841576318164;521.3198749487447;611.5753842550475;717.456725922716;841.6691823498468;987.3863981368913;1158.33146786315;1358.872060208682;1594.132014446359;1870.122253535556;2193.894364737048;2573.720768452858;3019.306079821149;3542.035062906734;4155.263512473084;4874.659497176026;5718.603679767398;6708.658946337209;7870.121340545211;9232.666380967203;10831.10727442716;12706.28439819177;14906.10877695531;17486.78621595445;20514.25336674129;24065.86241733066;28232.35745111674;33120.19296963342;38854.25382030405;45581.04601983359;53472.44000269313;62730.06193403319;73590.44528463698;86331.07429211862;101277.4737211686;118811.5260634959;139381.228686517;163512.140226203;191820.8086789974;225030.524286467;263989.7996954232;309694.0495706946;363311.0235703185;426210.642505751;499999.9999999716
1;4564415428723;50;phasez;-1.53794;-1.5381;-1.5376;-1.53779;-1.53865;-1.53863;-1.53902;-1.53999;-1.53967;-1.53998;-1.54039;-1.54078;-1.54086;-1.54129;-1.54159;-1.54181;-1.54203;-1.54219;-1.54239;-1.54253;-1.54264;-1.54268;-1.54267;-1.5426;-1.54243;-1.54221;-1.54189;-1.54147;-1.54092;-1.54024;-1.5394;-1.53839;-1.53717;-1.53572;-1.53401;-1.532;-1.52963;-1.52684;-1.52357;-1.51972;-1.51519;-1.50987;-1.5036;-1.49621;-1.48748;-1.47714;-1.46487;-1.45027;-1.43281;-1.41182
2;4565185444802;50;absz;88005.6;78744.3;70468.2;63053;56430.5;50495;45186.5;40438;36181.5;32377.2;28972.8;25923.3;23199.2;20757.5;18574.6;16622.6;14874.5;13310;11909.9;10657.6;9536.6;8533.43;7635.5;6831.6;6112.7;5469.08;4893;4377.44;3916.12;3503.15;3133.6;2802.7;2506.56;2241.53;2004.33;1791.99;1601.87;1431.68;1279.31;1142.88;1020.79;911.459;813.606;726.033;647.782;577.903;515.61;460.309;411.446;368.684
2;4565185444802;50;frequency;20000.00000002444;22385.53853899816;25055.61678390222;28044.17375656954;31389.19662092121;35133.2035329932;39323.78408414649;44014.2042055669;49264.08322518227;55140.1516811012;61717.09952482729;69078.52549602467;77317.99973512921;86540.25314108083;96862.50859274992;108415.9709538568;121347.4948009008;135821.4510731415;152021.8163702936;170154.5114554648;190450.0186878266;213166.3116533389;238592.1342356312;267050.6708003728;298903.6541519141;334555.9634717432;374460.7706856584;419125.3006744233;469117.2785435782;525072.1459047724;587701.13789258;657800.3235824071;736260.7247225839;824079.6413975459;922373.3285811875;1032391.184709951;1155531.632626961;1293359.894754076;1447627.888434013;1620296.494325686;1813560.480908265;2029876.401899315;2271993.821195295;2542990.262224833;2846310.325953354;3185809.474764127;3565803.038745301;3991121.067296888;4467169.723268114;4999999.999999929
2;4565185444802;50;phasez;-1.54383;-1.5437;-1.54302;-1.54301;-1.5424;-1.54198;-1.5414;-1.54081;-1.53995;-1.539;-1.53804;-1.53682;-1.5355;-1.53387;-1.53223;-1.53031;-1.52815;-1.52575;-1.52294;-1.51995;-1.51649;-1.51267;-1.50839;-1.50359;-1.4982;-1.49215;-1.48535;-1.47772;-1.46918;-1.45957;-1.44882;-1.43671;-1.42312;-1.40783;-1.39067;-1.37138;-1.34967;-1.32524;-1.29773;-1.26673;-1.23175;-1.19223;-1.14755;-1.09689;-1.03934;-0.973927;-0.899284;-0.813989;-0.716299;-0.604254
3;4565503892432;20;absz;18087;14766.5;12051.8;9836.61;8029.99;6553.5;5348.36;4364.12;3560.55;2904.34;2368.23;1930.32;1572.74;1280.46;1041.63;846.413;686.956;557.046;451.795;367.803
3;4565503892432;20;frequency;99999.99999990905;122862.535599424;150952.0265389597;185463.4873444638;227865.1431623047;279960.8926363817;343967.05137965;422606.6409511731;519225.2346839865;637933.2888043621;783781.0140572543;962973.2274171232;1183133.324347452;1453627.601814205;1785963.729760951;2194280.323268956;2695948.443325946;3312310.615921419;4069588.809647371;4999999.999999929
3;4565503892432;20;phasez;-1.5313;-1.52814;-1.524;-1.51894;-1.51267;-1.5049;-1.49526;-1.48333;-1.46851;-1.45016;-1.4274;-1.39921;-1.36419;-1.32066;-1.26641;-1.19856;-1.1132;-1.0052;-0.867285;-0.689923
