0;8229643143822;20;absz;1.3697e+08;9.98813e+07;7.2775e+07;5.3012e+07;3.86013e+07;2.80991e+07;2.04438e+07;1.48702e+07;1.08143e+07;7.86322e+06;5.71651e+06;4.15511e+06;3.01976e+06;2.1944e+06;1.59434e+06;1.15825e+06;841309;610995;443661;322090
0;8229643143822;20;frequency;9.999999974752427;13.86918846435492;19.23543905490988;26.67799336109056;37.00021196095804;51.31629158938722;71.17153245417285;98.70914048804025;136.9015682683994;189.8713664161278;263.3361782500288;365.2259113806622;506.5387032487934;702.5280792305466;974.3494403835484;1351.343611730726;1874.203936580443;2599.368780806799;3605.113577052066;4999.99999995282
0;8229643143822;20;phasez;-1.51201;-1.51459;-1.51768;-1.51997;-1.52229;-1.52446;-1.52586;-1.52712;-1.52818;-1.52912;-1.52978;-1.53029;-1.53054;-1.53051;-1.53013;-1.52929;-1.52784;-1.52554;-1.52206;-1.51693
1;8230411236553;50;absz;7.41097e+06;6.33831e+06;5.4348e+06;4.64391e+06;3.98066e+06;3.40144e+06;2.90917e+06;2.49022e+06;2.13121e+06;1.82381e+06;1.56038e+06;1.33447e+06;1.142e+06;976762;835643;714906;611533;523075;447385;382666;327286;279920;239398;204732;175086;149726;128034;109488;93626.1;80059.9;68457.2;58536.3;50052.8;42796.9;36592.3;31286.1;26748;22866.8;19547.4;16707.7;14278.6;12200.6;10422.3;8900.27;7597.09;6481.02;5524.55;4704.16;3999.69;3393.75
1;8230411236553;50;frequency;199.9999999213742;234.625769479635;275.2462588517801;322.8993264769997;378.802514688914;444.3841576318164;521.3198749487447;611.5753842550475;717.456725922716;841.6691823498468;987.3863981368913;1158.33146786315;1358.872060208682;1594.132014446359;1870.122253535556;2193.894364737048;2573.720768452858;3019.306079821149;3542.035062906734;4155.263512473084;4874.659497176026;5718.603679767398;6708.658946337209;7870.121340545211;9232.666380967203;10831.10727442716;12706.28439819177;14906.10877695531;17486.78621595445;20514.25336674129;24065.86241733066;28232.35745111674;33120.19296963342;38854.25382030405;45581.04601983359;53472.44000269313;62730.06193403319;73590.44528463698;86331.07429211862;101277.4737211686;118811.5260634959;139381.228686517;163512.140226203;191820.8086789974;225030.524286467;263989.7996954232;309694.0495706946;363311.0235703185;426210.642505751;499999.9999999716
1;8230411236553;50;phasez;-1.52984;-1.53161;-1.53323;-1.53181;-1.53271;-1.53223;-1.5329;-1.53291;-1.53317;-1.53369;-1.53386;-1.53434;-1.53461;-1.535;-1.53513;-1.53546;-1.53564;-1.53586;-1.53602;-1.53619;-1.53631;-1.53637;-1.53639;-1.53635;-1.53624;-1.53605;-1.53576;-1.53538;-1.53488;-1.53424;-1.53347;-1.53253;-1.53138;-1.53002;-1.5284;-1.52649;-1.52422;-1.52154;-1.51836;-1.51459;-1.51014;-1.50487;-1.49862;-1.49123;-1.48248;-1.47209;-1.45975;-1.44506;-1.4275;-1.4064
2;8231179589652;50;absz;82454.4;73826.7;66115.2;59177.8;52985.6;47434.5;42466.6;38015.3;34023.8;30458.8;27267;24408.8;21851.4;19560;17509;15673;14030;12558.8;11241.4;10062.4;9006.97;8061.77;7215.78;6458.27;5780.37;5173.52;4630.16;4143.69;3708.27;3318.39;2969.41;2656.93;2377.11;2126.61;1902.28;1701.39;1521.46;1360.33;1215.98;1086.7;970.89;867.178;774.293;691.11;616.746;550.273;490.996;438.309;391.725;350.91
2;8231179589652;50;frequency;20000.00000002444;22385.53853899816;25055.61678390222;28044.17375656954;31389.19662092121;35133.2035329932;39323.78408414649;44014.2042055669;49264.08322518227;55140.1516811012;61717.09952482729;69078.52549602467;77317.99973512921;86540.25314108083;96862.50859274992;108415.9709538568;121347.4948009008;135821.4510731415;152021.8163702936;170154.5114554648;190450.0186878266;213166.3116533389;238592.1342356312;267050.6708003728;298903.6541519141;334555.9634717432;374460.7706856584;419125.3006744233;469117.2785435782;525072.1459047724;587701.13789258;657800.3235824071;736260.7247225839;824079.6413975459;922373.3285811875;1032391.184709951;1155531.632626961;1293359.894754076;1447627.888434013;1620296.494325686;1813560.480908265;2029876.401899315;2271993.821195295;2542990.262224833;2846310.325953354;3185809.474764127;3565803.038745301;3991121.067296888;4467169.723268114;4999999.999999929
2;8231179589652;50;phasez;-1.53778;-1.53763;-1.5374;-1.53722;-1.53667;-1.53639;-1.5357;-1.53516;-1.53448;-1.53356;-1.53251;-1.53145;-1.53017;-1.52871;-1.52703;-1.52518;-1.52309;-1.52073;-1.51796;-1.51493;-1.51151;-1.50768;-1.50339;-1.49853;-1.49307;-1.48697;-1.48013;-1.47245;-1.46382;-1.45416;-1.4433;-1.43111;-1.41745;-1.40209;-1.38486;-1.36549;-1.3437;-1.3192;-1.29162;-1.26053;-1.22546;-1.18586;-1.14106;-1.0903;-1.0326;-0.967016;-0.892174;-0.806618;-0.70863;-0.596202
3;8231496105666;20;absz;17041.6;13924.2;11371.4;9287.28;7585.59;6194.3;5058.57;4130.28;3372.08;2752.55;2246.01;1831.9;1493.63;1216.87;990.518;805.322;653.884;530.362;430.147;350.037
3;8231496105666;20;frequency;99999.99999990905;122862.535599424;150952.0265389597;185463.4873444638;227865.1431623047;279960.8926363817;343967.05137965;422606.6409511731;519225.2346839865;637933.2888043621;783781.0140572543;962973.2274171232;1183133.324347452;1453627.601814205;1785963.729760951;2194280.323268956;2695948.443325946;3312310.615921419;4069588.809647371;4999999.999999929
3;8231496105666;20;phasez;-1.52621;-1.52302;-1.51905;-1.51395;-1.50768;-1.4998;-1.4901;-1.47803;-1.46308;-1.44459;-1.4217;-1.39334;-1.35818;-1.31452;-1.26012;-1.19209;-1.10652;-0.998188;-0.859837;-0.681864
