0;8240800195682;20;absz;1.36951e+08;9.98393e+07;7.27453e+07;5.30134e+07;3.85976e+07;2.81039e+07;2.04437e+07;1.48695e+07;1.08138e+07;7.86287e+06;5.7161e+06;4.15498e+06;3.01968e+06;2.19429e+06;1.59433e+06;1.15821e+06;841285;610983;443647;322088
0;8240800195682;20;frequency;9.999999974752427;13.86918846435492;19.23543905490988;26.67799336109056;37.00021196095804;51.31629158938722;71.17153245417285;98.70914048804025;136.9015682683994;189.8713664161278;263.3361782500288;365.2259113806622;506.5387032487934;702.5280792305466;974.3494403835484;1351.343611730726;1874.203936580443;2599.368780806799;3605.113577052066;4999.99999995282
0;8240800195682;20;phasez;-1.51242;-1.51486;-1.51749;-1.52024;-1.52212;-1.52384;-1.52577;-1.52703;-1.52823;-1.52909;-1.52979;-1.53027;-1.53053;-1.53051;-1.53014;-1.5293;-1.52784;-1.52554;-1.52206;-1.51693
1;8241570096562;50;absz;7.40838e+06;6.34537e+06;5.42603e+06;4.64582e+06;3.97614e+06;3.40291e+06;2.91031e+06;2.49123e+06;2.13089e+06;1.82426e+06;1.55997e+06;1.33429e+06;1.14171e+06;976827;835594;714852;611453;523047;447373;382659;327279;279902;239387;204725;175078;149721;128035;109486;93622.4;80056.9;68455.2;58535.5;50051.8;42796.1;36591.7;31285.2;26747.3;22866;19546.7;16707.1;14278.1;12200;10421.7;8899.56;7596.71;6480.65;5524.25;4703.85;3999.44;3393.6
1;8241570096562;50;frequency;199.9999999213742;234.625769479635;275.2462588517801;322.8993264769997;378.802514688914;444.3841576318164;521.3198749487447;611.5753842550475;717.456725922716;841.6691823498468;987.3863981368913;1158.33146786315;1358.872060208682;1594.132014446359;1870.122253535556;2193.894364737048;2573.720768452858;3019.306079821149;3542.035062906734;4155.263512473084;4874.659497176026;5718.603679767398;6708.658946337209;7870.121340545211;9232.666380967203;10831.10727442716;12706.28439819177;14906.10877695531;17486.78621595445;20514.25336674129;24065.86241733066;28232.35745111674;33120.19296963342;38854.25382030405;45581.04601983359;53472.44000269313;62730.06193403319;73590.44528463698;86331.07429211862;101277.4737211686;118811.5260634959;139381.228686517;163512.140226203;191820.8086789974;225030.524286467;263989.7996954232;309694.0495706946;363311.0235703185;426210.642505751;499999.9999999716
1;8241570096562;50;phasez;-1.53119;-1.5316;-1.53279;-1.53132;-1.53179;-1.53285;-1.53251;-1.53273;-1.53361;-1.53353;-1.53424;-1.53426;-1.53469;-1.53491;-1.53517;-1.53546;-1.53564;-1.53587;-1.53604;-1.53624;-1.53629;-1.53636;-1.5364;-1.53636;-1.53624;-1.53604;-1.53578;-1.53538;-1.53487;-1.53424;-1.53346;-1.53252;-1.53138;-1.53002;-1.5284;-1.52649;-1.52422;-1.52154;-1.51836;-1.51459;-1.51014;-1.50487;-1.49862;-1.49123;-1.48247;-1.47208;-1.45975;-1.44506;-1.4275;-1.4064
2;8242341206600;50;absz;82474.7;73829.8;66107.2;59181.1;52985.9;47431.9;42467.7;38012.7;34035.8;30462.7;27270.7;24410.7;21851.8;19559.3;17510.2;15673.2;14030.4;12559.4;11241.8;10062.6;9006.91;8061.7;7215.8;6458.5;5780.49;5173.68;4630.27;4143.92;3708.35;3318.57;2969.55;2657.03;2377.22;2126.72;1902.34;1701.43;1521.51;1360.38;1216.05;1086.78;970.95;867.229;774.346;691.155;616.776;550.311;491.015;438.328;391.741;350.925
2;8242341206600;50;frequency;20000.00000002444;22385.53853899816;25055.61678390222;28044.17375656954;31389.19662092121;35133.2035329932;39323.78408414649;44014.2042055669;49264.08322518227;55140.1516811012;61717.09952482729;69078.52549602467;77317.99973512921;86540.25314108083;96862.50859274992;108415.9709538568;121347.4948009008;135821.4510731415;152021.8163702936;170154.5114554648;190450.0186878266;213166.3116533389;238592.1342356312;267050.6708003728;298903.6541519141;334555.9634717432;374460.7706856584;419125.3006744233;469117.2785435782;525072.1459047724;587701.13789258;657800.3235824071;736260.7247225839;824079.6413975459;922373.3285811875;1032391.184709951;1155531.632626961;1293359.894754076;1447627.888434013;1620296.494325686;1813560.480908265;2029876.401899315;2271993.821195295;2542990.262224833;2846310.325953354;3185809.474764127;3565803.038745301;3991121.067296888;4467169.723268114;4999999.999999929
2;8242341206600;50;phasez;-1.53812;-1.53768;-1.53745;-1.53709;-1.53704;-1.53641;-1.53581;-1.53525;-1.5344;-1.53354;-1.53268;-1.5316;-1.5302;-1.52876;-1.52706;-1.52522;-1.52306;-1.52067;-1.51797;-1.51501;-1.51152;-1.50767;-1.50337;-1.49853;-1.49308;-1.48696;-1.48012;-1.47244;-1.46381;-1.45415;-1.44329;-1.43111;-1.41744;-1.40209;-1.38485;-1.36548;-1.3437;-1.31919;-1.29161;-1.26052;-1.22545;-1.18585;-1.14106;-1.0903;-1.03261;-0.967014;-0.892174;-0.80662;-0.708627;-0.596213
3;8242658866461;20;absz;17048;13928.1;11373.3;9289.5;7587.34;6195.49;5059.47;4131.02;3372.65;2752.97;2246.35;1832.22;1493.86;1217.03;990.652;805.446;653.978;530.428;430.198;350.079
3;8242658866461;20;frequency;99999.99999990905;122862.535599424;150952.0265389597;185463.4873444638;227865.1431623047;279960.8926363817;343967.05137965;422606.6409511731;519225.2346839865;637933.2888043621;783781.0140572543;962973.2274171232;1183133.324347452;1453627.601814205;1785963.729760951;2194280.323268956;2695948.443325946;3312310.615921419;4069588.809647371;4999999.999999929
3;8242658866461;20;phasez;-1.52626;-1.52298;-1.51902;-1.51397;-1.50765;-1.49983;-1.49006;-1.47802;-1.46309;-1.44459;-1.42169;-1.39333;-1.35818;-1.3145;-1.2601;-1.19206;-1.10648;-0.998153;-0.859799;-0.681788
