0;1386382832935;20;absz;2.0361e+08;1.47066e+08;1.06372e+08;7.68269e+07;5.55287e+07;4.01492e+07;2.90009e+07;2.09571e+07;1.51457e+07;1.09481e+07;7.91368e+06;5.72114e+06;4.13609e+06;2.9901e+06;2.16167e+06;1.56281e+06;1.12986e+06;816871;590611;427035
0;1386382832935;20;frequency;9.999999974752427;13.86918846435492;19.23543905490988;26.67799336109056;37.00021196095804;51.31629158938722;71.17153245417285;98.70914048804025;136.9015682683994;189.8713664161278;263.3361782500288;365.2259113806622;506.5387032487934;702.5280792305466;974.3494403835484;1351.343611730726;1874.203936580443;2599.368780806799;3605.113577052066;4999.99999995282
0;1386382832935;20;phasez;-1.55992;-1.55942;-1.55937;-1.55947;-1.55951;-1.55929;-1.55898;-1.55885;-1.55841;-1.55795;-1.5574;-1.55679;-1.55603;-1.55508;-1.55382;-1.5521;-1.54972;-1.54645;-1.54196;-1.53579
1;1387153758453;50;absz;1.0319e+07;8.79813e+06;7.49961e+06;6.41789e+06;5.47475e+06;4.66814e+06;3.98488e+06;3.4016e+06;2.90234e+06;2.47752e+06;2.11431e+06;1.805e+06;1.54019e+06;1.31487e+06;1.12226e+06;957811;817611;697857;595658;508441;434028;370481;316257;269985;230480;196762;167983;143422;122452;104553;89274.5;76228.9;65093.1;55585.9;47469.2;40537.7;34618.9;29563.9;25246.4;21558.7;18408.5;15716.2;13415.6;11448.8;9766.62;8327.39;7094.87;6038.74;5132.55;4353.76
1;1387153758453;50;frequency;199.9999999213742;234.625769479635;275.2462588517801;322.8993264769997;378.802514688914;444.3841576318164;521.3198749487447;611.5753842550475;717.456725922716;841.6691823498468;987.3863981368913;1158.33146786315;1358.872060208682;1594.132014446359;1870.122253535556;2193.894364737048;2573.720768452858;3019.306079821149;3542.035062906734;4155.263512473084;4874.659497176026;5718.603679767398;6708.658946337209;7870.121340545211;9232.666380967203;10831.10727442716;12706.28439819177;14906.10877695531;17486.78621595445;20514.25336674129;24065.86241733066;28232.35745111674;33120.19296963342;38854.25382030405;45581.04601983359;53472.44000269313;62730.06193403319;73590.44528463698;86331.07429211862;101277.4737211686;118811.5260634959;139381.228686517;163512.140226203;191820.8086789974;225030.524286467;263989.7996954232;309694.0495706946;363311.0235703185;426210.642505751;499999.9999999716
1;1387153758453;50;phasez;-1.55854;-1.55888;-1.55789;-1.55735;-1.55728;-1.55726;-1.55897;-1.55829;-1.558;-1.55789;-1.55811;-1.55765;-1.55734;-1.55725;-1.55701;-1.55679;-1.5566;-1.55638;-1.55598;-1.55564;-1.55527;-1.55484;-1.55436;-1.55379;-1.55317;-1.55245;-1.55164;-1.55076;-1.54973;-1.54859;-1.54727;-1.5458;-1.54412;-1.54222;-1.54006;-1.53759;-1.53476;-1.53151;-1.52775;-1.5234;-1.51835;-1.51249;-1.50566;-1.49768;-1.48835;-1.4774;-1.4645;-1.44924;-1.43114;-1.40949
2;1387921275162;50;absz;107790;96378.5;86188.1;77081.4;68925;61651.8;55142.9;49334.1;44122.9;39467.6;35303.2;31578.2;28247.3;25264.7;22602;20218;18088;16182.1;14476.9;12951.8;11588.2;10367.8;9275.94;8299.15;7425.26;6643.56;5944.17;5318.37;4758.4;4257.31;3809.07;3407.74;3048.64;2727.27;2439.7;2182.2;1951.75;1745.48;1560.82;1395.53;1247.58;1115.13;996.617;890.585;795.941;711.445;636.24;569.577;510.825;459.627
2;1387921275162;50;frequency;20000.00000002444;22385.53853899816;25055.61678390222;28044.17375656954;31389.19662092121;35133.2035329932;39323.78408414649;44014.2042055669;49264.08322518227;55140.1516811012;61717.09952482729;69078.52549602467;77317.99973512921;86540.25314108083;96862.50859274992;108415.9709538568;121347.4948009008;135821.4510731415;152021.8163702936;170154.5114554648;190450.0186878266;213166.3116533389;238592.1342356312;267050.6708003728;298903.6541519141;334555.9634717432;374460.7706856584;419125.3006744233;469117.2785435782;525072.1459047724;587701.13789258;657800.3235824071;736260.7247225839;824079.6413975459;922373.3285811875;1032391.184709951;1155531.632626961;1293359.894754076;1447627.888434013;1620296.494325686;1813560.480908265;2029876.401899315;2271993.821195295;2542990.262224833;2846310.325953354;3185809.474764127;3565803.038745301;3991121.067296888;4467169.723268114;4999999.999999929
2;1387921275162;50;phasez;-1.55197;-1.55173;-1.55105;-1.55042;-1.54987;-1.54882;-1.54785;-1.54689;-1.54579;-1.54456;-1.54314;-1.54155;-1.53994;-1.53813;-1.53593;-1.53375;-1.53124;-1.52842;-1.5253;-1.52184;-1.51804;-1.51384;-1.50906;-1.50385;-1.49803;-1.49155;-1.48432;-1.47622;-1.46722;-1.45714;-1.44592;-1.43334;-1.41927;-1.40355;-1.38589;-1.36614;-1.34396;-1.31906;-1.29109;-1.25961;-1.22417;-1.1842;-1.13907;-1.08798;-1.03001;-0.964208;-0.889202;-0.803596;-0.705666;-0.593479
3;1388238241811;20;absz;22007.8;17958.9;14656.6;11957.4;9756.7;7962.71;6497.4;5302.59;4327.11;3530.88;2881.03;2350.08;1916.3;1562.26;1272.83;1036.4;843.371;686.276;559.327;458.542
3;1388238241811;20;frequency;99999.99999990905;122862.535599424;150952.0265389597;185463.4873444638;227865.1431623047;279960.8926363817;343967.05137965;422606.6409511731;519225.2346839865;637933.2888043621;783781.0140572543;962973.2274171232;1183133.324347452;1453627.601814205;1785963.729760951;2194280.323268956;2695948.443325946;3312310.615921419;4069588.809647371;4999999.999999929
3;1388238241811;20;phasez;-1.53508;-1.53115;-1.52642;-1.5206;-1.51359;-1.50505;-1.4946;-1.48182;-1.46616;-1.44695;-1.42334;-1.39426;-1.35838;-1.31398;-1.25887;-1.1902;-1.10404;-0.995286;-0.856766;-0.679051
