0;1394751686628;20;absz;2.03374e+08;1.46967e+08;1.063e+08;7.6772e+07;5.54733e+07;4.00691e+07;2.89783e+07;2.09379e+07;1.51331e+07;1.09381e+07;7.90637e+06;5.7158e+06;4.13208e+06;2.98722e+06;2.15957e+06;1.56125e+06;1.12872e+06;816030;589996;426588
0;1394751686628;20;frequency;9.999999974752427;13.86918846435492;19.23543905490988;26.67799336109056;37.00021196095804;51.31629158938722;71.17153245417285;98.70914048804025;136.9015682683994;189.8713664161278;263.3361782500288;365.2259113806622;506.5387032487934;702.5280792305466;974.3494403835484;1351.343611730726;1874.203936580443;2599.368780806799;3605.113577052066;4999.99999995282
0;1394751686628;20;phasez;-1.55941;-1.55903;-1.55917;-1.55929;-1.55917;-1.55915;-1.55907;-1.55881;-1.55844;-1.55801;-1.55747;-1.55684;-1.55608;-1.55516;-1.55388;-1.55215;-1.54978;-1.54651;-1.54202;-1.53585
1;1395521005783;50;absz;1.03162e+07;8.76866e+06;7.51095e+06;6.40039e+06;5.46895e+06;4.66383e+06;3.981e+06;3.39749e+06;2.89858e+06;2.47559e+06;2.11256e+06;1.80297e+06;1.53882e+06;1.31347e+06;1.12113e+06;956849;816723;697108;595028;507915;433568;370089;315926;269692;230227;196545;167799;143259;122313;104436;89170.8;76140.2;65016.3;55519.8;47412.3;40488.7;34576.6;29527.7;25215.3;21531.9;18385.2;15696.5;13398.6;11434;9753.81;8316.07;7085.14;6030.32;5125.29;4347.52
1;1395521005783;50;frequency;199.9999999213742;234.625769479635;275.2462588517801;322.8993264769997;378.802514688914;444.3841576318164;521.3198749487447;611.5753842550475;717.456725922716;841.6691823498468;987.3863981368913;1158.33146786315;1358.872060208682;1594.132014446359;1870.122253535556;2193.894364737048;2573.720768452858;3019.306079821149;3542.035062906734;4155.263512473084;4874.659497176026;5718.603679767398;6708.658946337209;7870.121340545211;9232.666380967203;10831.10727442716;12706.28439819177;14906.10877695531;17486.78621595445;20514.25336674129;24065.86241733066;28232.35745111674;33120.19296963342;38854.25382030405;45581.04601983359;53472.44000269313;62730.06193403319;73590.44528463698;86331.07429211862;101277.4737211686;118811.5260634959;139381.228686517;163512.140226203;191820.8086789974;225030.524286467;263989.7996954232;309694.0495706946;363311.0235703185;426210.642505751;499999.9999999716
1;1395521005783;50;phasez;-1.55776;-1.55931;-1.55947;-1.55942;-1.55877;-1.55803;-1.55751;-1.55823;-1.55765;-1.55758;-1.55785;-1.55743;-1.55755;-1.55722;-1.55724;-1.55689;-1.55665;-1.55638;-1.55613;-1.55578;-1.55537;-1.55497;-1.55442;-1.55387;-1.55325;-1.55253;-1.55172;-1.55082;-1.54981;-1.54865;-1.54735;-1.54588;-1.5442;-1.5423;-1.54014;-1.53768;-1.53485;-1.5316;-1.52784;-1.5235;-1.51847;-1.51262;-1.5058;-1.49783;-1.4885;-1.47754;-1.46464;-1.44938;-1.43126;-1.4096
2;1396291003237;50;absz;107657;96283.3;86096.6;77000.7;68859.6;61604.7;55087.8;49285.8;44070.9;39427.1;35255.7;31541;28209.8;25236.6;22574.4;20193.4;18064.9;16161.4;14457.8;12935.6;11572.4;10353.8;9263.18;8287.58;7414.83;6634.04;5935.45;5310.7;4751.51;4251.25;3803.45;3402.76;3044.18;2723.25;2436.09;2179.09;1948.97;1743.01;1558.61;1393.55;1245.81;1113.58;995.24;889.376;794.842;710.487;635.385;568.814;510.149;459.023
2;1396291003237;50;frequency;20000.00000002444;22385.53853899816;25055.61678390222;28044.17375656954;31389.19662092121;35133.2035329932;39323.78408414649;44014.2042055669;49264.08322518227;55140.1516811012;61717.09952482729;69078.52549602467;77317.99973512921;86540.25314108083;96862.50859274992;108415.9709538568;121347.4948009008;135821.4510731415;152021.8163702936;170154.5114554648;190450.0186878266;213166.3116533389;238592.1342356312;267050.6708003728;298903.6541519141;334555.9634717432;374460.7706856584;419125.3006744233;469117.2785435782;525072.1459047724;587701.13789258;657800.3235824071;736260.7247225839;824079.6413975459;922373.3285811875;1032391.184709951;1155531.632626961;1293359.894754076;1447627.888434013;1620296.494325686;1813560.480908265;2029876.401899315;2271993.821195295;2542990.262224833;2846310.325953354;3185809.474764127;3565803.038745301;3991121.067296888;4467169.723268114;4999999.999999929
2;1396291003237;50;phasez;-1.55244;-1.55185;-1.5515;-1.55052;-1.5497;-1.54883;-1.54793;-1.54691;-1.54584;-1.54464;-1.54321;-1.54172;-1.54007;-1.5382;-1.53618;-1.53393;-1.53139;-1.52853;-1.52546;-1.52197;-1.51818;-1.51393;-1.5092;-1.50398;-1.49811;-1.49163;-1.48436;-1.47628;-1.46723;-1.45718;-1.44591;-1.43334;-1.41925;-1.4035;-1.38585;-1.36606;-1.34387;-1.31896;-1.29096;-1.25948;-1.22404;-1.18407;-1.13892;-1.08782;-1.02986;-0.964033;-0.889039;-0.803435;-0.705494;-0.593308
3;1396607366783;20;absz;21978.8;17933.6;14635.6;11939.8;9742.38;7950.54;6487.81;5294.71;4320.78;3525.76;2876.9;2346.87;1913.71;1560.15;1271.12;1035.01;842.231;685.372;558.578;457.922
3;1396607366783;20;frequency;99999.99999990905;122862.535599424;150952.0265389597;185463.4873444638;227865.1431623047;279960.8926363817;343967.05137965;422606.6409511731;519225.2346839865;637933.2888043621;783781.0140572543;962973.2274171232;1183133.324347452;1453627.601814205;1785963.729760951;2194280.323268956;2695948.443325946;3312310.615921419;4069588.809647371;4999999.999999929
3;1396607366783;20;phasez;-1.53521;-1.53127;-1.52647;-1.5207;-1.51362;-1.50502;-1.49461;-1.4818;-1.46609;-1.4469;-1.42327;-1.39418;-1.3583;-1.3139;-1.25879;-1.19012;-1.10395;-0.995197;-0.856658;-0.678891
