0;5015655168331;20;absz;1.47243e+08;1.07161e+08;7.79394e+07;5.66935e+07;4.12299e+07;2.99806e+07;2.17854e+07;1.58285e+07;1.15026e+07;8.35735e+06;6.07129e+06;4.40986e+06;3.2025e+06;2.32529e+06;1.68803e+06;1.22517e+06;889042;645024;467911;339380
0;5015655168331;20;frequency;9.999999974752427;13.86918846435492;19.23543905490988;26.67799336109056;37.00021196095804;51.31629158938722;71.17153245417285;98.70914048804025;136.9015682683994;189.8713664161278;263.3361782500288;365.2259113806622;506.5387032487934;702.5280792305466;974.3494403835484;1351.343611730726;1874.203936580443;2599.368780806799;3605.113577052066;4999.99999995282
0;5015655168331;20;phasez;-1.52496;-1.52652;-1.52821;-1.5294;-1.53009;-1.53101;-1.53172;-1.53237;-1.5331;-1.53364;-1.5341;-1.5345;-1.53474;-1.53479;-1.53451;-1.53377;-1.53234;-1.53003;-1.52652;-1.52134
1;5016424518437;50;absz;7.88243e+06;6.7429e+06;5.76937e+06;4.92257e+06;4.22266e+06;3.60971e+06;3.08656e+06;2.63999e+06;2.25873e+06;1.93047e+06;1.65122e+06;1.41246e+06;1.20752e+06;1.03259e+06;883113;755012;645569;551937;471864;403410;344861;294827;252038;215447;184164;157426;134559;115016;98306.6;84023.4;71815.4;61380.2;52460.5;44835.5;38318.2;32747.7;27985.5;23914.7;20434.8;17459.8;14915.8;12740.3;10879.8;9287.82;7925.47;6759.02;5759.79;4902.8;4167.2;3534.76
1;5016424518437;50;frequency;199.9999999213742;234.625769479635;275.2462588517801;322.8993264769997;378.802514688914;444.3841576318164;521.3198749487447;611.5753842550475;717.456725922716;841.6691823498468;987.3863981368913;1158.33146786315;1358.872060208682;1594.132014446359;1870.122253535556;2193.894364737048;2573.720768452858;3019.306079821149;3542.035062906734;4155.263512473084;4874.659497176026;5718.603679767398;6708.658946337209;7870.121340545211;9232.666380967203;10831.10727442716;12706.28439819177;14906.10877695531;17486.78621595445;20514.25336674129;24065.86241733066;28232.35745111674;33120.19296963342;38854.25382030405;45581.04601983359;53472.44000269313;62730.06193403319;73590.44528463698;86331.07429211862;101277.4737211686;118811.5260634959;139381.228686517;163512.140226203;191820.8086789974;225030.524286467;263989.7996954232;309694.0495706946;363311.0235703185;426210.642505751;499999.9999999716
1;5016424518437;50;phasez;-1.53522;-1.53557;-1.53606;-1.53541;-1.53567;-1.53625;-1.53688;-1.53747;-1.53771;-1.53814;-1.53847;-1.53897;-1.53921;-1.5394;-1.53974;-1.53998;-1.5402;-1.54038;-1.54051;-1.54066;-1.54074;-1.54079;-1.54079;-1.54073;-1.54061;-1.5404;-1.5401;-1.53971;-1.5392;-1.53857;-1.53777;-1.53682;-1.53565;-1.53426;-1.5326;-1.53063;-1.52831;-1.52555;-1.52231;-1.51847;-1.51396;-1.50863;-1.50236;-1.49495;-1.48619;-1.47584;-1.46355;-1.44893;-1.43146;-1.41046
2;5017193419738;50;absz;86596.9;77496.1;69381.8;62072.7;55564.9;49717.4;44498.2;39824.1;35635.5;31889.3;28536.6;25537.9;22854.5;20451.6;18303.7;16379.9;14658.2;13117.6;11738.7;10505.4;9400.9;8412.47;7528.17;6736.32;6027.93;5393.82;4826.14;4318.09;3863.31;3456.17;3091.95;2765.82;2473.86;2212.48;1978.51;1769.09;1581.56;1413.67;1263.33;1128.7;1008.16;900.247;803.656;717.176;639.91;570.876;509.338;454.684;406.394;364.126
2;5017193419738;50;frequency;20000.00000002444;22385.53853899816;25055.61678390222;28044.17375656954;31389.19662092121;35133.2035329932;39323.78408414649;44014.2042055669;49264.08322518227;55140.1516811012;61717.09952482729;69078.52549602467;77317.99973512921;86540.25314108083;96862.50859274992;108415.9709538568;121347.4948009008;135821.4510731415;152021.8163702936;170154.5114554648;190450.0186878266;213166.3116533389;238592.1342356312;267050.6708003728;298903.6541519141;334555.9634717432;374460.7706856584;419125.3006744233;469117.2785435782;525072.1459047724;587701.13789258;657800.3235824071;736260.7247225839;824079.6413975459;922373.3285811875;1032391.184709951;1155531.632626961;1293359.894754076;1447627.888434013;1620296.494325686;1813560.480908265;2029876.401899315;2271993.821195295;2542990.262224833;2846310.325953354;3185809.474764127;3565803.038745301;3991121.067296888;4467169.723268114;4999999.999999929
2;5017193419738;50;phasez;-1.54195;-1.54193;-1.54169;-1.54154;-1.54108;-1.5407;-1.5399;-1.53937;-1.53856;-1.53789;-1.5367;-1.53553;-1.53416;-1.53277;-1.531;-1.52905;-1.5269;-1.52447;-1.52177;-1.51863;-1.51525;-1.51142;-1.5071;-1.50227;-1.49686;-1.49081;-1.48401;-1.47638;-1.4678;-1.45821;-1.44743;-1.43533;-1.42173;-1.40647;-1.3893;-1.37002;-1.34832;-1.3239;-1.2964;-1.26541;-1.23043;-1.19094;-1.14625;-1.09558;-1.03807;-0.972658;-0.898024;-0.81271;-0.715018;-0.602941
3;5017512718699;20;absz;17821.7;14552.2;11878.8;9697.2;7916.96;6462.26;5274.76;4305.04;3512.87;2866.07;2337.48;1905.56;1552.84;1264.44;1028.73;836.037;678.584;550.275;446.29;363.267
3;5017512718699;20;frequency;99999.99999990905;122862.535599424;150952.0265389597;185463.4873444638;227865.1431623047;279960.8926363817;343967.05137965;422606.6409511731;519225.2346839865;637933.2888043621;783781.0140572543;962973.2274171232;1183133.324347452;1453627.601814205;1785963.729760951;2194280.323268956;2695948.443325946;3312310.615921419;4069588.809647371;4999999.999999929
3;5017512718699;20;phasez;-1.53011;-1.52686;-1.52279;-1.51767;-1.5114;-1.50358;-1.49392;-1.48196;-1.46714;-1.44878;-1.42605;-1.39784;-1.36283;-1.31931;-1.26509;-1.19727;-1.11192;-1.00392;-0.866007;-0.688609
