0;9351248518496;20;absz;1.36371e+08;9.93971e+07;7.24271e+07;5.27587e+07;3.84219e+07;2.79732e+07;2.03504e+07;1.48063e+07;1.07697e+07;7.83219e+06;5.6945e+06;4.13946e+06;3.00855e+06;2.18631e+06;1.58852e+06;1.154e+06;838260;608806;442084;320972
0;9351248518496;20;frequency;9.999999974752427;13.86918846435492;19.23543905490988;26.67799336109056;37.00021196095804;51.31629158938722;71.17153245417285;98.70914048804025;136.9015682683994;189.8713664161278;263.3361782500288;365.2259113806622;506.5387032487934;702.5280792305466;974.3494403835484;1351.343611730726;1874.203936580443;2599.368780806799;3605.113577052066;4999.99999995282
0;9351248518496;20;phasez;-1.5113;-1.51417;-1.51711;-1.51983;-1.52168;-1.52318;-1.52515;-1.52654;-1.52762;-1.52862;-1.5294;-1.52998;-1.53026;-1.53029;-1.52994;-1.52911;-1.52764;-1.52532;-1.5218;-1.51665
1;9352016649192;50;absz;7.36676e+06;6.32262e+06;5.40907e+06;4.62604e+06;3.9603e+06;3.38705e+06;2.89892e+06;2.48018e+06;2.12307e+06;1.81706e+06;1.55393e+06;1.32954e+06;1.13762e+06;973277;832619;712284;609287;521195;445802;381333;326160;278956;238581;204045;174502;149235;127620;109136;93326.2;79804.2;68241.6;58353.1;49896.4;42664.3;36480.2;31190.9;26667.1;22798.2;19489.3;16658.6;14237.2;12165.3;10392.4;8875.03;7575.99;6463.21;5509.53;4691.51;3988.97;3384.88
1;9352016649192;50;frequency;199.9999999213742;234.625769479635;275.2462588517801;322.8993264769997;378.802514688914;444.3841576318164;521.3198749487447;611.5753842550475;717.456725922716;841.6691823498468;987.3863981368913;1158.33146786315;1358.872060208682;1594.132014446359;1870.122253535556;2193.894364737048;2573.720768452858;3019.306079821149;3542.035062906734;4155.263512473084;4874.659497176026;5718.603679767398;6708.658946337209;7870.121340545211;9232.666380967203;10831.10727442716;12706.28439819177;14906.10877695531;17486.78621595445;20514.25336674129;24065.86241733066;28232.35745111674;33120.19296963342;38854.25382030405;45581.04601983359;53472.44000269313;62730.06193403319;73590.44528463698;86331.07429211862;101277.4737211686;118811.5260634959;139381.228686517;163512.140226203;191820.8086789974;225030.524286467;263989.7996954232;309694.0495706946;363311.0235703185;426210.642505751;499999.9999999716
1;9352016649192;50;phasez;-1.53132;-1.52872;-1.53077;-1.53111;-1.53061;-1.53171;-1.53235;-1.53342;-1.53297;-1.53343;-1.53365;-1.53409;-1.53449;-1.53492;-1.53498;-1.53516;-1.53548;-1.53562;-1.5358;-1.53594;-1.53603;-1.53608;-1.5361;-1.53607;-1.53593;-1.53574;-1.53547;-1.5351;-1.5346;-1.53396;-1.5332;-1.53226;-1.53112;-1.52975;-1.52814;-1.52622;-1.52394;-1.52124;-1.51805;-1.51428;-1.50982;-1.50455;-1.49831;-1.49091;-1.48216;-1.47177;-1.45944;-1.44474;-1.42719;-1.40608
2;9352785004135;50;absz;82212.5;73594.2;65887.3;58993.6;52819.2;47275.4;42323.8;37895.9;33922.6;30368.8;27187.2;24337.4;21786.1;19501.5;17458.1;15627.8;13989.1;12523.2;11209.6;10034;8981.82;8039.3;7195.86;6440.78;5764.64;5159.63;4617.88;4132.84;3698.57;3309.81;2961.79;2650.16;2371.14;2121.27;1897.58;1697.21;1517.77;1357.05;1213.09;1084.16;968.626;865.169;772.515;689.539;615.353;549.035;489.876;437.323;390.841;350.114
2;9352785004135;50;frequency;20000.00000002444;22385.53853899816;25055.61678390222;28044.17375656954;31389.19662092121;35133.2035329932;39323.78408414649;44014.2042055669;49264.08322518227;55140.1516811012;61717.09952482729;69078.52549602467;77317.99973512921;86540.25314108083;96862.50859274992;108415.9709538568;121347.4948009008;135821.4510731415;152021.8163702936;170154.5114554648;190450.0186878266;213166.3116533389;238592.1342356312;267050.6708003728;298903.6541519141;334555.9634717432;374460.7706856584;419125.3006744233;469117.2785435782;525072.1459047724;587701.13789258;657800.3235824071;736260.7247225839;824079.6413975459;922373.3285811875;1032391.184709951;1155531.632626961;1293359.894754076;1447627.888434013;1620296.494325686;1813560.480908265;2029876.401899315;2271993.821195295;2542990.262224833;2846310.325953354;3185809.474764127;3565803.038745301;3991121.067296888;4467169.723268114;4999999.999999929
2;9352785004135;50;phasez;-1.53777;-1.53749;-1.53711;-1.53692;-1.5364;-1.53604;-1.53547;-1.53495;-1.53413;-1.53332;-1.53228;-1.53121;-1.52993;-1.52842;-1.5268;-1.52492;-1.52272;-1.52034;-1.51768;-1.51462;-1.51121;-1.50739;-1.50308;-1.4982;-1.49276;-1.48667;-1.4798;-1.47213;-1.46351;-1.45383;-1.44297;-1.43078;-1.41712;-1.40176;-1.38451;-1.36513;-1.34336;-1.31885;-1.29126;-1.26016;-1.2251;-1.18549;-1.14069;-1.08991;-1.03224;-0.966641;-0.891799;-0.806237;-0.708235;-0.595801
3;9353102442064;20;absz;16995.7;13886.5;11340.8;9262.48;7565.94;6178.63;5045.73;4119.87;3363.68;2745.78;2240.57;1827.59;1490.18;1214.06;988.288;803.535;652.458;529.211;429.207;349.26
3;9353102442064;20;frequency;99999.99999990905;122862.535599424;150952.0265389597;185463.4873444638;227865.1431623047;279960.8926363817;343967.05137965;422606.6409511731;519225.2346839865;637933.2888043621;783781.0140572543;962973.2274171232;1183133.324347452;1453627.601814205;1785963.729760951;2194280.323268956;2695948.443325946;3312310.615921419;4069588.809647371;4999999.999999929
3;9353102442064;20;phasez;-1.52595;-1.52274;-1.5187;-1.51364;-1.50734;-1.49951;-1.48979;-1.47771;-1.46277;-1.44426;-1.42137;-1.393;-1.35783;-1.31416;-1.25975;-1.19172;-1.10614;-0.997815;-0.859449;-0.681428
