0;8084602975903;20;absz;1.37115e+08;9.9931e+07;7.28422e+07;5.30448e+07;3.86336e+07;2.81183e+07;2.04584e+07;1.48821e+07;1.08228e+07;7.86893e+06;5.72058e+06;4.15821e+06;3.02209e+06;2.19607e+06;1.59559e+06;1.15917e+06;841970;611459;444004;322339
0;8084602975903;20;frequency;9.999999974752427;13.86918846435492;19.23543905490988;26.67799336109056;37.00021196095804;51.31629158938722;71.17153245417285;98.70914048804025;136.9015682683994;189.8713664161278;263.3361782500288;365.2259113806622;506.5387032487934;702.5280792305466;974.3494403835484;1351.343611730726;1874.203936580443;2599.368780806799;3605.113577052066;4999.99999995282
0;8084602975903;20;phasez;-1.51179;-1.51496;-1.518;-1.52052;-1.52246;-1.52389;-1.526;-1.5272;-1.5283;-1.52911;-1.52983;-1.53031;-1.53056;-1.53052;-1.53015;-1.52932;-1.52786;-1.52557;-1.52208;-1.51697
1;8085374108176;50;absz;7.40932e+06;6.3418e+06;5.43121e+06;4.64907e+06;3.97639e+06;3.40252e+06;2.91337e+06;2.49358e+06;2.13234e+06;1.82471e+06;1.56139e+06;1.33561e+06;1.14288e+06;977642;836265;715305;611934;523425;447728;382951;327527;280120;239571;204884;175214;149835;128132;109569;93693.9;80118.1;68505.4;58576.3;50086.6;42826;36617.1;31306.7;26765.4;22881.8;19559.9;16718.3;14287.5;12208.1;10428.5;8905.47;7601.48;6484.81;5527.72;4706.67;4001.75;3395.55
1;8085374108176;50;frequency;199.9999999213742;234.625769479635;275.2462588517801;322.8993264769997;378.802514688914;444.3841576318164;521.3198749487447;611.5753842550475;717.456725922716;841.6691823498468;987.3863981368913;1158.33146786315;1358.872060208682;1594.132014446359;1870.122253535556;2193.894364737048;2573.720768452858;3019.306079821149;3542.035062906734;4155.263512473084;4874.659497176026;5718.603679767398;6708.658946337209;7870.121340545211;9232.666380967203;10831.10727442716;12706.28439819177;14906.10877695531;17486.78621595445;20514.25336674129;24065.86241733066;28232.35745111674;33120.19296963342;38854.25382030405;45581.04601983359;53472.44000269313;62730.06193403319;73590.44528463698;86331.07429211862;101277.4737211686;118811.5260634959;139381.228686517;163512.140226203;191820.8086789974;225030.524286467;263989.7996954232;309694.0495706946;363311.0235703185;426210.642505751;499999.9999999716
1;8085374108176;50;phasez;-1.5311;-1.53026;-1.53052;-1.53162;-1.53121;-1.53286;-1.53263;-1.53329;-1.53292;-1.53381;-1.53415;-1.53413;-1.53478;-1.5349;-1.53513;-1.53553;-1.53567;-1.53593;-1.53602;-1.53623;-1.53633;-1.5364;-1.53642;-1.53638;-1.53627;-1.5361;-1.53583;-1.53544;-1.53494;-1.5343;-1.53352;-1.53258;-1.53144;-1.53009;-1.52847;-1.52656;-1.52429;-1.5216;-1.51842;-1.51467;-1.51021;-1.50494;-1.49869;-1.4913;-1.48255;-1.47216;-1.45983;-1.44514;-1.42758;-1.40648
2;8086145523251;50;absz;82491.2;73873.2;66145.6;59214;53013.9;47457.5;42490.3;38037.2;34048.7;30477;27283.7;24424.4;21861.6;19569.1;17518.9;15682.8;14037.2;12565.6;11247.3;10067.4;9011.23;8065.68;7219.23;6461.51;5783.13;5175.9;4632.33;4145.76;3710.05;3319.9;2970.78;2658.11;2378.23;2127.59;1903.16;1702.16;1522.15;1360.92;1216.54;1087.18;971.341;867.57;774.644;691.423;617.015;550.519;491.206;438.499;391.896;351.056
2;8086145523251;50;frequency;20000.00000002444;22385.53853899816;25055.61678390222;28044.17375656954;31389.19662092121;35133.2035329932;39323.78408414649;44014.2042055669;49264.08322518227;55140.1516811012;61717.09952482729;69078.52549602467;77317.99973512921;86540.25314108083;96862.50859274992;108415.9709538568;121347.4948009008;135821.4510731415;152021.8163702936;170154.5114554648;190450.0186878266;213166.3116533389;238592.1342356312;267050.6708003728;298903.6541519141;334555.9634717432;374460.7706856584;419125.3006744233;469117.2785435782;525072.1459047724;587701.13789258;657800.3235824071;736260.7247225839;824079.6413975459;922373.3285811875;1032391.184709951;1155531.632626961;1293359.894754076;1447627.888434013;1620296.494325686;1813560.480908265;2029876.401899315;2271993.821195295;2542990.262224833;2846310.325953354;3185809.474764127;3565803.038745301;3991121.067296888;4467169.723268114;4999999.999999929
2;8086145523251;50;phasez;-1.53786;-1.53765;-1.53776;-1.53725;-1.53711;-1.5364;-1.53588;-1.53514;-1.53447;-1.53355;-1.53271;-1.53162;-1.53022;-1.5288;-1.52715;-1.52526;-1.52312;-1.52072;-1.51804;-1.51502;-1.51162;-1.50775;-1.50343;-1.49861;-1.49316;-1.48706;-1.4802;-1.47252;-1.46391;-1.45422;-1.44337;-1.4312;-1.41752;-1.40218;-1.38493;-1.36558;-1.34379;-1.31929;-1.29171;-1.26062;-1.22556;-1.18595;-1.14116;-1.0904;-1.03272;-0.967128;-0.892291;-0.806745;-0.708756;-0.596344
3;8086461731549;20;absz;17052.2;13932.9;11378.2;9292.76;7590.46;6197.9;5061.45;4132.65;3374;2754.05;2247.26;1832.94;1494.44;1217.52;991.029;805.728;654.222;530.627;430.35;350.198
3;8086461731549;20;frequency;99999.99999990905;122862.535599424;150952.0265389597;185463.4873444638;227865.1431623047;279960.8926363817;343967.05137965;422606.6409511731;519225.2346839865;637933.2888043621;783781.0140572543;962973.2274171232;1183133.324347452;1453627.601814205;1785963.729760951;2194280.323268956;2695948.443325946;3312310.615921419;4069588.809647371;4999999.999999929
3;8086461731549;20;phasez;-1.52632;-1.52318;-1.51901;-1.51404;-1.50774;-1.49992;-1.49017;-1.4781;-1.46317;-1.44467;-1.42179;-1.39343;-1.35826;-1.3146;-1.2602;-1.19218;-1.10662;-0.998293;-0.859952;-0.681936
