0;8748563943799;20;absz;1.36631e+08;9.96155e+07;7.25785e+07;5.28735e+07;3.85059e+07;2.80129e+07;2.0394e+07;1.48345e+07;1.07899e+07;7.8459e+06;5.7045e+06;4.14644e+06;3.01359e+06;2.18994e+06;1.59115e+06;1.15596e+06;839627;609790;442800;321490
0;8748563943799;20;frequency;9.999999974752427;13.86918846435492;19.23543905490988;26.67799336109056;37.00021196095804;51.31629158938722;71.17153245417285;98.70914048804025;136.9015682683994;189.8713664161278;263.3361782500288;365.2259113806622;506.5387032487934;702.5280792305466;974.3494403835484;1351.343611730726;1874.203936580443;2599.368780806799;3605.113577052066;4999.99999995282
0;8748563943799;20;phasez;-1.5109;-1.51451;-1.51743;-1.51983;-1.52204;-1.52404;-1.52534;-1.52683;-1.52794;-1.52882;-1.52957;-1.53009;-1.53036;-1.53036;-1.52999;-1.52915;-1.52768;-1.52536;-1.52184;-1.51667
1;8749333946845;50;absz;7.39522e+06;6.33968e+06;5.41341e+06;4.63421e+06;3.96541e+06;3.39362e+06;2.90588e+06;2.48608e+06;2.1277e+06;1.81916e+06;1.55678e+06;1.33201e+06;1.13944e+06;974858;834015;713427;610279;522037;446515;381940;326663;279396;238956;204363;174770;149465;127821;109306;93472.2;79931.5;68352.6;58449.5;49980.3;42736.5;36543.4;31245.8;26714.7;22838.9;19524.4;16688.6;14262.8;12186.9;10410.9;8890.78;7589.2;6474.41;5518.92;4699.42;3995.74;3390.53
1;8749333946845;50;frequency;199.9999999213742;234.625769479635;275.2462588517801;322.8993264769997;378.802514688914;444.3841576318164;521.3198749487447;611.5753842550475;717.456725922716;841.6691823498468;987.3863981368913;1158.33146786315;1358.872060208682;1594.132014446359;1870.122253535556;2193.894364737048;2573.720768452858;3019.306079821149;3542.035062906734;4155.263512473084;4874.659497176026;5718.603679767398;6708.658946337209;7870.121340545211;9232.666380967203;10831.10727442716;12706.28439819177;14906.10877695531;17486.78621595445;20514.25336674129;24065.86241733066;28232.35745111674;33120.19296963342;38854.25382030405;45581.04601983359;53472.44000269313;62730.06193403319;73590.44528463698;86331.07429211862;101277.4737211686;118811.5260634959;139381.228686517;163512.140226203;191820.8086789974;225030.524286467;263989.7996954232;309694.0495706946;363311.0235703185;426210.642505751;499999.9999999716
1;8749333946845;50;phasez;-1.52953;-1.53158;-1.53026;-1.53052;-1.53153;-1.53188;-1.53307;-1.53266;-1.53328;-1.53343;-1.534;-1.53429;-1.53465;-1.53479;-1.53498;-1.53531;-1.53549;-1.53568;-1.53583;-1.53599;-1.53607;-1.53612;-1.53612;-1.53607;-1.53593;-1.53572;-1.53543;-1.53503;-1.53452;-1.53388;-1.53309;-1.53214;-1.53099;-1.52962;-1.52801;-1.52611;-1.52386;-1.52119;-1.51802;-1.51428;-1.50984;-1.50459;-1.49837;-1.49099;-1.48224;-1.47186;-1.45954;-1.44485;-1.4273;-1.4062
2;8750102447045;50;absz;82313.7;73711.2;65979.4;59087.6;52894.8;47354.4;42393.3;37954.4;33979.1;30418.4;27232.4;24377.6;21822.3;19536;17487.1;15653.4;14013.2;12543.8;11228.4;10050.7;8996.28;8052.37;7207.38;6451.06;5773.93;5167.73;4625.23;4139.41;3704.46;3315.03;2966.39;2654.25;2374.79;2124.55;1900.42;1699.81;1520.08;1359.08;1214.91;1085.77;970.071;866.449;773.653;690.527;616.233;549.82;490.589;437.953;391.404;350.625
2;8750102447045;50;frequency;20000.00000002444;22385.53853899816;25055.61678390222;28044.17375656954;31389.19662092121;35133.2035329932;39323.78408414649;44014.2042055669;49264.08322518227;55140.1516811012;61717.09952482729;69078.52549602467;77317.99973512921;86540.25314108083;96862.50859274992;108415.9709538568;121347.4948009008;135821.4510731415;152021.8163702936;170154.5114554648;190450.0186878266;213166.3116533389;238592.1342356312;267050.6708003728;298903.6541519141;334555.9634717432;374460.7706856584;419125.3006744233;469117.2785435782;525072.1459047724;587701.13789258;657800.3235824071;736260.7247225839;824079.6413975459;922373.3285811875;1032391.184709951;1155531.632626961;1293359.894754076;1447627.888434013;1620296.494325686;1813560.480908265;2029876.401899315;2271993.821195295;2542990.262224833;2846310.325953354;3185809.474764127;3565803.038745301;3991121.067296888;4467169.723268114;4999999.999999929
2;8750102447045;50;phasez;-1.53754;-1.53721;-1.537;-1.53662;-1.53649;-1.53597;-1.5353;-1.53488;-1.53408;-1.53326;-1.53231;-1.53108;-1.52985;-1.52838;-1.52683;-1.5249;-1.52285;-1.52044;-1.51772;-1.51471;-1.51131;-1.50747;-1.50315;-1.49831;-1.49289;-1.48677;-1.47991;-1.47225;-1.46362;-1.45395;-1.4431;-1.43092;-1.41726;-1.4019;-1.38466;-1.3653;-1.34351;-1.31901;-1.29143;-1.26034;-1.22528;-1.18568;-1.14088;-1.09009;-1.03243;-0.966838;-0.891993;-0.806438;-0.708437;-0.596015
3;8750421355194;20;absz;17022.8;13908.1;11357.9;9277.28;7578.25;6188.21;5053.49;4126.26;3368.85;2749.95;2244.03;1830.28;1492.34;1215.83;989.691;804.682;653.37;529.942;429.807;349.752
3;8750421355194;20;frequency;99999.99999990905;122862.535599424;150952.0265389597;185463.4873444638;227865.1431623047;279960.8926363817;343967.05137965;422606.6409511731;519225.2346839865;637933.2888043621;783781.0140572543;962973.2274171232;1183133.324347452;1453627.601814205;1785963.729760951;2194280.323268956;2695948.443325946;3312310.615921419;4069588.809647371;4999999.999999929
3;8750421355194;20;phasez;-1.52587;-1.52269;-1.51874;-1.51377;-1.50744;-1.4996;-1.4899;-1.47782;-1.4629;-1.44441;-1.4215;-1.39316;-1.358;-1.31433;-1.25993;-1.19192;-1.10633;-0.998015;-0.859659;-0.681636
