0;6206917615028;20;absz;1.40877e+08;1.02627e+08;7.47423e+07;5.43966e+07;3.95725e+07;2.87992e+07;2.09358e+07;1.52216e+07;1.10671e+07;8.0444e+06;5.84669e+06;4.24893e+06;3.08734e+06;2.24301e+06;1.62931e+06;1.18333e+06;859270;623836;452833;328650
0;6206917615028;20;frequency;9.999999974752427;13.86918846435492;19.23543905490988;26.67799336109056;37.00021196095804;51.31629158938722;71.17153245417285;98.70914048804025;136.9015682683994;189.8713664161278;263.3361782500288;365.2259113806622;506.5387032487934;702.5280792305466;974.3494403835484;1351.343611730726;1874.203936580443;2599.368780806799;3605.113577052066;4999.99999995282
0;6206917615028;20;phasez;-1.5181;-1.52079;-1.52266;-1.52451;-1.52616;-1.52732;-1.52856;-1.52945;-1.53029;-1.53089;-1.53137;-1.53171;-1.53189;-1.53185;-1.5315;-1.53072;-1.52927;-1.52698;-1.5235;-1.51834
1;6207685645339;50;absz;7.593e+06;6.47803e+06;5.54902e+06;4.74568e+06;4.06313e+06;3.47699e+06;2.97841e+06;2.54805e+06;2.17843e+06;1.86348e+06;1.59409e+06;1.36386e+06;1.16647e+06;997875;853468;730012;624393;533943;456641;390519;333956;285579;244200;208817;178555;152678;130545;111616;95429.6;81589;69754.4;59636;50983.6;43585.8;37260.1;31851.5;27226.3;23271.3;19889.5;16997.3;14523.9;12407.9;10597.6;9048.64;7722.85;6587.55;5614.63;4780.29;4063.97;3447.92
1;6207685645339;50;frequency;199.9999999213742;234.625769479635;275.2462588517801;322.8993264769997;378.802514688914;444.3841576318164;521.3198749487447;611.5753842550475;717.456725922716;841.6691823498468;987.3863981368913;1158.33146786315;1358.872060208682;1594.132014446359;1870.122253535556;2193.894364737048;2573.720768452858;3019.306079821149;3542.035062906734;4155.263512473084;4874.659497176026;5718.603679767398;6708.658946337209;7870.121340545211;9232.666380967203;10831.10727442716;12706.28439819177;14906.10877695531;17486.78621595445;20514.25336674129;24065.86241733066;28232.35745111674;33120.19296963342;38854.25382030405;45581.04601983359;53472.44000269313;62730.06193403319;73590.44528463698;86331.07429211862;101277.4737211686;118811.5260634959;139381.228686517;163512.140226203;191820.8086789974;225030.524286467;263989.7996954232;309694.0495706946;363311.0235703185;426210.642505751;499999.9999999716
1;6207685645339;50;phasez;-1.53206;-1.53121;-1.53259;-1.5325;-1.53326;-1.53339;-1.53399;-1.53395;-1.53491;-1.53503;-1.53552;-1.53574;-1.53613;-1.53634;-1.53657;-1.53685;-1.53708;-1.53733;-1.5375;-1.53762;-1.53772;-1.5378;-1.53781;-1.53777;-1.53766;-1.53747;-1.53722;-1.53685;-1.53637;-1.53577;-1.53502;-1.53409;-1.53298;-1.53163;-1.53002;-1.52812;-1.52585;-1.52315;-1.51997;-1.51619;-1.51171;-1.50641;-1.50015;-1.49273;-1.48395;-1.47356;-1.46122;-1.44654;-1.429;-1.40793
2;6208456938943;50;absz;84085.5;75259;67372.8;60312.9;53983.9;48327.2;43250.7;38717.5;34654.1;31019.2;27763;24848.9;22240.6;19907.7;17819.5;15948.2;14274.1;12775.1;11434;10233.8;9159.03;8197.33;7336.41;6565.68;5875.95;5258.62;4705.83;4211.13;3768.19;3371.79;3016.87;2699.17;2414.64;2159.96;1931.9;1727.71;1544.84;1381.07;1234.4;1103.05;985.421;880.059;785.72;701.252;625.746;558.28;498.125;444.678;397.429;356.036
2;6208456938943;50;frequency;20000.00000002444;22385.53853899816;25055.61678390222;28044.17375656954;31389.19662092121;35133.2035329932;39323.78408414649;44014.2042055669;49264.08322518227;55140.1516811012;61717.09952482729;69078.52549602467;77317.99973512921;86540.25314108083;96862.50859274992;108415.9709538568;121347.4948009008;135821.4510731415;152021.8163702936;170154.5114554648;190450.0186878266;213166.3116533389;238592.1342356312;267050.6708003728;298903.6541519141;334555.9634717432;374460.7706856584;419125.3006744233;469117.2785435782;525072.1459047724;587701.13789258;657800.3235824071;736260.7247225839;824079.6413975459;922373.3285811875;1032391.184709951;1155531.632626961;1293359.894754076;1447627.888434013;1620296.494325686;1813560.480908265;2029876.401899315;2271993.821195295;2542990.262224833;2846310.325953354;3185809.474764127;3565803.038745301;3991121.067296888;4467169.723268114;4999999.999999929
2;6208456938943;50;phasez;-1.53962;-1.53936;-1.53905;-1.5387;-1.53851;-1.53799;-1.53734;-1.53664;-1.53594;-1.53527;-1.53419;-1.53306;-1.53181;-1.53037;-1.52871;-1.52676;-1.52466;-1.52228;-1.51948;-1.51647;-1.51303;-1.5092;-1.50487;-1.50002;-1.49456;-1.48845;-1.48162;-1.47394;-1.46532;-1.45568;-1.44486;-1.43271;-1.41907;-1.40375;-1.38655;-1.36722;-1.34547;-1.321;-1.29346;-1.26242;-1.22741;-1.18785;-1.14311;-1.09237;-1.03475;-0.969235;-0.894469;-0.809015;-0.71113;-0.598843
3;6208776155675;20;absz;17348.1;14169.7;11569.7;9447.27;7715.1;6298.52;5142.92;4198.3;3427.04;2796.96;2281.77;1860.74;1516.85;1235.53;1005.48;817.354;663.555;538.141;436.448;355.191
3;6208776155675;20;frequency;99999.99999990905;122862.535599424;150952.0265389597;185463.4873444638;227865.1431623047;279960.8926363817;343967.05137965;422606.6409511731;519225.2346839865;637933.2888043621;783781.0140572543;962973.2274171232;1183133.324347452;1453627.601814205;1785963.729760951;2194280.323268956;2695948.443325946;3312310.615921419;4069588.809647371;4999999.999999929
3;6208776155675;20;phasez;-1.52779;-1.52461;-1.5205;-1.5155;-1.50911;-1.50129;-1.49156;-1.47952;-1.46462;-1.44619;-1.42334;-1.39505;-1.35997;-1.31638;-1.26207;-1.19412;-1.10865;-1.00045;-0.862268;-0.684516
