0;1101839531390;20;absz;2.11002e+08;1.52363e+08;1.10219e+08;7.96991e+07;5.76036e+07;4.16442e+07;3.01108e+07;2.17676e+07;1.57387e+07;1.13805e+07;8.22891e+06;5.95109e+06;4.30386e+06;3.11287e+06;2.25157e+06;1.62863e+06;1.1781e+06;852236;616544;446058
0;1101839531390;20;frequency;9.999999974752427;13.86918846435492;19.23543905490988;26.67799336109056;37.00021196095804;51.31629158938722;71.17153245417285;98.70914048804025;136.9015682683994;189.8713664161278;263.3361782500288;365.2259113806622;506.5387032487934;702.5280792305466;974.3494403835484;1351.343611730726;1874.203936580443;2599.368780806799;3605.113577052066;4999.99999995282
0;1101839531390;20;phasez;-1.55887;-1.55804;-1.55807;-1.55751;-1.55774;-1.5571;-1.55747;-1.55702;-1.5566;-1.55609;-1.55556;-1.55483;-1.55395;-1.55285;-1.55146;-1.54962;-1.54712;-1.54377;-1.53921;-1.53298
1;1102610950843;50;absz;1.07123e+07;9.1428e+06;7.80741e+06;6.67315e+06;5.69366e+06;4.85715e+06;4.14863e+06;3.54002e+06;3.02182e+06;2.57864e+06;2.2031e+06;1.88004e+06;1.6058e+06;1.3704e+06;1.17007e+06;998896;852886;728236;621792;530909;453319;387064;330520;282229;241012;205821;175772;150114;128208;109501;93527.5;79886.3;68236.9;58286.7;49789.4;42531.4;36330.5;31033.4;26508.1;22640.8;19336.5;16512.2;14097.6;12032.7;10266.4;8754.65;7459.88;6350.24;5397.8;4579.19
1;1102610950843;50;frequency;199.9999999213742;234.625769479635;275.2462588517801;322.8993264769997;378.802514688914;444.3841576318164;521.3198749487447;611.5753842550475;717.456725922716;841.6691823498468;987.3863981368913;1158.33146786315;1358.872060208682;1594.132014446359;1870.122253535556;2193.894364737048;2573.720768452858;3019.306079821149;3542.035062906734;4155.263512473084;4874.659497176026;5718.603679767398;6708.658946337209;7870.121340545211;9232.666380967203;10831.10727442716;12706.28439819177;14906.10877695531;17486.78621595445;20514.25336674129;24065.86241733066;28232.35745111674;33120.19296963342;38854.25382030405;45581.04601983359;53472.44000269313;62730.06193403319;73590.44528463698;86331.07429211862;101277.4737211686;118811.5260634959;139381.228686517;163512.140226203;191820.8086789974;225030.524286467;263989.7996954232;309694.0495706946;363311.0235703185;426210.642505751;499999.9999999716
1;1102610950843;50;phasez;-1.55888;-1.55696;-1.55689;-1.55585;-1.55541;-1.55552;-1.55593;-1.5561;-1.55563;-1.55497;-1.55516;-1.55526;-1.55516;-1.55474;-1.55445;-1.55422;-1.55399;-1.55362;-1.55324;-1.55295;-1.55244;-1.55203;-1.55152;-1.55094;-1.55031;-1.54959;-1.54879;-1.54791;-1.5469;-1.54578;-1.5445;-1.54309;-1.54147;-1.53963;-1.53753;-1.53515;-1.5324;-1.52923;-1.52557;-1.52134;-1.5164;-1.51066;-1.50394;-1.49609;-1.48687;-1.47603;-1.46324;-1.4481;-1.4301;-1.40855
2;1103378966123;50;absz;112870;100976;90331.9;80793.3;72272.8;64657.3;57836.8;51733.9;46285.7;41408.9;37050.5;33144.5;29652.9;26526.3;23735.4;21236.6;18999.2;16999.5;15210.5;13610.9;12178.4;10897.2;9750.58;8725.18;7806.84;6985.45;6250.61;5593.07;5004.63;4477.85;4006.64;3584.83;3207.35;2869.39;2566.94;2296.21;2053.89;1836.96;1642.75;1468.89;1313.3;1174.03;1049.41;937.886;838.39;749.575;670.531;600.502;538.845;485.145
2;1103378966123;50;frequency;20000.00000002444;22385.53853899816;25055.61678390222;28044.17375656954;31389.19662092121;35133.2035329932;39323.78408414649;44014.2042055669;49264.08322518227;55140.1516811012;61717.09952482729;69078.52549602467;77317.99973512921;86540.25314108083;96862.50859274992;108415.9709538568;121347.4948009008;135821.4510731415;152021.8163702936;170154.5114554648;190450.0186878266;213166.3116533389;238592.1342356312;267050.6708003728;298903.6541519141;334555.9634717432;374460.7706856584;419125.3006744233;469117.2785435782;525072.1459047724;587701.13789258;657800.3235824071;736260.7247225839;824079.6413975459;922373.3285811875;1032391.184709951;1155531.632626961;1293359.894754076;1447627.888434013;1620296.494325686;1813560.480908265;2029876.401899315;2271993.821195295;2542990.262224833;2846310.325953354;3185809.474764127;3565803.038745301;3991121.067296888;4467169.723268114;4999999.999999929
2;1103378966123;50;phasez;-1.54949;-1.54851;-1.54811;-1.54798;-1.54711;-1.5462;-1.54518;-1.54446;-1.54336;-1.54209;-1.54092;-1.53923;-1.53773;-1.53604;-1.53401;-1.53172;-1.52929;-1.52655;-1.52354;-1.52017;-1.51645;-1.51228;-1.50765;-1.50248;-1.49672;-1.49031;-1.48315;-1.47513;-1.46619;-1.45619;-1.44504;-1.43253;-1.41853;-1.40285;-1.38529;-1.36559;-1.34348;-1.31864;-1.29075;-1.25934;-1.22398;-1.1841;-1.13905;-1.08807;-1.03016;-0.964458;-0.889569;-0.804091;-0.706307;-0.594313
3;1103695458602;20;absz;23105.6;18862.7;15394.8;12565.6;10254.2;8370.06;6831.69;5575.61;4551.06;3713.82;3030.73;2472.57;2016.5;1644.05;1339.74;1091.11;888.174;723.094;589.728;483.967
3;1103695458602;20;frequency;99999.99999990905;122862.535599424;150952.0265389597;185463.4873444638;227865.1431623047;279960.8926363817;343967.05137965;422606.6409511731;519225.2346839865;637933.2888043621;783781.0140572543;962973.2274171232;1183133.324347452;1453627.601814205;1785963.729760951;2194280.323268956;2695948.443325946;3312310.615921419;4069588.809647371;4999999.999999929
3;1103695458602;20;phasez;-1.53294;-1.5292;-1.52458;-1.51894;-1.51203;-1.50364;-1.4933;-1.48068;-1.46517;-1.44609;-1.42261;-1.39366;-1.35789;-1.31364;-1.25867;-1.19014;-1.10412;-0.995578;-0.857278;-0.679847
