0;2041976520721;20;absz;1.88869e+08;1.36654e+08;9.89304e+07;7.15678e+07;5.17757e+07;3.7469e+07;2.71122e+07;1.9617e+07;1.41936e+07;1.02706e+07;7.43113e+06;5.37616e+06;3.88896e+06;2.81276e+06;2.03406e+06;1.47077e+06;1.06332e+06;768656;555588;401549
0;2041976520721;20;frequency;9.999999974752427;13.86918846435492;19.23543905490988;26.67799336109056;37.00021196095804;51.31629158938722;71.17153245417285;98.70914048804025;136.9015682683994;189.8713664161278;263.3361782500288;365.2259113806622;506.5387032487934;702.5280792305466;974.3494403835484;1351.343611730726;1874.203936580443;2599.368780806799;3605.113577052066;4999.99999995282
0;2041976520721;20;phasez;-1.5531;-1.55329;-1.55336;-1.55344;-1.55358;-1.55313;-1.55376;-1.5537;-1.55367;-1.55371;-1.55371;-1.55374;-1.55365;-1.55333;-1.55275;-1.55167;-1.54996;-1.54732;-1.54345;-1.53787
1;2042747473792;50;absz;9.66596e+06;8.26819e+06;7.05308e+06;6.02054e+06;5.14065e+06;4.39189e+06;3.74704e+06;3.19906e+06;2.73294e+06;2.33138e+06;1.99037e+06;1.69853e+06;1.44977e+06;1.23723e+06;1.05614e+06;901448;769355;656622;560378;478267;408146;348319;297253;253672;216483;184749;157667;134559;114838;98009.5;83643.2;71388.8;60929.7;52003.3;44385.6;37883.7;32333.7;27596;23552.2;20100;17151.9;14634.4;12483.9;10646.5;9076.11;7733.16;6584.15;5600.1;4756.45;4031.85
1;2042747473792;50;frequency;199.9999999213742;234.625769479635;275.2462588517801;322.8993264769997;378.802514688914;444.3841576318164;521.3198749487447;611.5753842550475;717.456725922716;841.6691823498468;987.3863981368913;1158.33146786315;1358.872060208682;1594.132014446359;1870.122253535556;2193.894364737048;2573.720768452858;3019.306079821149;3542.035062906734;4155.263512473084;4874.659497176026;5718.603679767398;6708.658946337209;7870.121340545211;9232.666380967203;10831.10727442716;12706.28439819177;14906.10877695531;17486.78621595445;20514.25336674129;24065.86241733066;28232.35745111674;33120.19296963342;38854.25382030405;45581.04601983359;53472.44000269313;62730.06193403319;73590.44528463698;86331.07429211862;101277.4737211686;118811.5260634959;139381.228686517;163512.140226203;191820.8086789974;225030.524286467;263989.7996954232;309694.0495706946;363311.0235703185;426210.642505751;499999.9999999716
1;2042747473792;50;phasez;-1.55259;-1.5543;-1.55396;-1.55459;-1.55559;-1.55513;-1.55565;-1.55508;-1.55634;-1.55641;-1.55639;-1.5568;-1.55694;-1.55724;-1.55736;-1.55746;-1.55752;-1.55746;-1.55747;-1.55746;-1.55734;-1.55713;-1.55693;-1.55663;-1.55624;-1.55578;-1.55521;-1.55453;-1.55373;-1.55278;-1.55168;-1.55039;-1.54889;-1.54716;-1.54516;-1.54285;-1.54016;-1.53704;-1.53342;-1.52919;-1.52427;-1.51851;-1.51177;-1.50388;-1.49461;-1.48371;-1.47084;-1.45562;-1.43752;-1.41586
2;2043518073406;50;absz;101025;90334.5;80755.2;72186.8;64549.8;57713.6;51598;46132.5;41249.5;36878.8;32975.6;29483.4;26362.7;23570.3;21076;18844.4;16852.3;15069.4;13475.9;12050;10776.5;9636.88;8617.99;7706.43;6891.7;6163.1;5511.56;4928.89;4407.8;3941.73;3524.84;3151.96;2818.4;2520.03;2253.1;2014.3;1800.64;1609.48;1438.42;1285.34;1148.38;1025.83;916.203;818.151;730.602;652.493;582.933;521.255;466.867;419.414
2;2043518073406;50;frequency;20000.00000002444;22385.53853899816;25055.61678390222;28044.17375656954;31389.19662092121;35133.2035329932;39323.78408414649;44014.2042055669;49264.08322518227;55140.1516811012;61717.09952482729;69078.52549602467;77317.99973512921;86540.25314108083;96862.50859274992;108415.9709538568;121347.4948009008;135821.4510731415;152021.8163702936;170154.5114554648;190450.0186878266;213166.3116533389;238592.1342356312;267050.6708003728;298903.6541519141;334555.9634717432;374460.7706856584;419125.3006744233;469117.2785435782;525072.1459047724;587701.13789258;657800.3235824071;736260.7247225839;824079.6413975459;922373.3285811875;1032391.184709951;1155531.632626961;1293359.894754076;1447627.888434013;1620296.494325686;1813560.480908265;2029876.401899315;2271993.821195295;2542990.262224833;2846310.325953354;3185809.474764127;3565803.038745301;3991121.067296888;4467169.723268114;4999999.999999929
2;2043518073406;50;phasez;-1.55637;-1.55588;-1.55561;-1.55494;-1.5544;-1.5537;-1.55289;-1.55217;-1.55109;-1.54978;-1.54858;-1.54723;-1.54561;-1.54381;-1.54188;-1.53961;-1.53717;-1.53441;-1.53141;-1.52804;-1.52424;-1.52001;-1.51536;-1.51017;-1.50428;-1.49784;-1.49061;-1.48254;-1.47353;-1.46345;-1.45218;-1.4396;-1.42549;-1.40971;-1.39202;-1.3722;-1.34996;-1.325;-1.29694;-1.26538;-1.22985;-1.18978;-1.14453;-1.09333;-1.03519;-0.969218;-0.894037;-0.808217;-0.710032;-0.59755
3;2043834932029;20;absz;20518.1;16729.1;13640.9;11118.1;9065.14;7391.76;6026.2;4913.85;4006.23;3266.21;2662.57;2169.82;1767.71;1439.65;1171.68;952.931;774.423;629.188;511.762;418.402
3;2043834932029;20;frequency;99999.99999990905;122862.535599424;150952.0265389597;185463.4873444638;227865.1431623047;279960.8926363817;343967.05137965;422606.6409511731;519225.2346839865;637933.2888043621;783781.0140572543;962973.2274171232;1183133.324347452;1453627.601814205;1785963.729760951;2194280.323268956;2695948.443325946;3312310.615921419;4069588.809647371;4999999.999999929
3;2043834932029;20;phasez;-1.54096;-1.53703;-1.53243;-1.52667;-1.51974;-1.51127;-1.50087;-1.48808;-1.47244;-1.45317;-1.4295;-1.40035;-1.36435;-1.31984;-1.26457;-1.19569;-1.1093;-1.00026;-0.86137;-0.683167
