0;722428720032;20;absz;2.27978e+08;1.64881e+08;1.193e+08;8.62487e+07;6.24005e+07;4.51029e+07;3.26525e+07;2.36252e+07;1.70937e+07;1.23668e+07;8.94846e+06;6.47543e+06;4.68619e+06;3.39119e+06;2.45409e+06;1.7759e+06;1.28513e+06;929975;672985;487018
0;722428720032;20;frequency;9.999999974752427;13.86918846435492;19.23543905490988;26.67799336109056;37.00021196095804;51.31629158938722;71.17153245417285;98.70914048804025;136.9015682683994;189.8713664161278;263.3361782500288;365.2259113806622;506.5387032487934;702.5280792305466;974.3494403835484;1351.343611730726;1874.203936580443;2599.368780806799;3605.113577052066;4999.99999995282
0;722428720032;20;phasez;-1.55548;-1.55531;-1.55545;-1.55487;-1.55502;-1.55495;-1.55442;-1.554;-1.55363;-1.55318;-1.55267;-1.55206;-1.55133;-1.55044;-1.54926;-1.54762;-1.54536;-1.54221;-1.53785;-1.53187
1;723199820435;50;absz;1.16499e+07;9.9625e+06;8.48668e+06;7.25335e+06;6.18566e+06;5.29033e+06;4.51389e+06;3.8568e+06;3.29353e+06;2.81101e+06;2.40125e+06;2.0499e+06;1.75083e+06;1.49502e+06;1.27634e+06;1.09001e+06;930694;794745;678677;579579;494919;422647;360931;308233;263235;224806;191997;163979;140053;119619;102169;87267.5;74540.9;63671.4;54386.8;46455.6;39680.2;33892;28947.4;24722.1;21111.8;18026.1;15388.4;13132.7;11203.4;9552.39;8138.44;6926.61;5886.83;4993.2
1;723199820435;50;frequency;199.9999999213742;234.625769479635;275.2462588517801;322.8993264769997;378.802514688914;444.3841576318164;521.3198749487447;611.5753842550475;717.456725922716;841.6691823498468;987.3863981368913;1158.33146786315;1358.872060208682;1594.132014446359;1870.122253535556;2193.894364737048;2573.720768452858;3019.306079821149;3542.035062906734;4155.263512473084;4874.659497176026;5718.603679767398;6708.658946337209;7870.121340545211;9232.666380967203;10831.10727442716;12706.28439819177;14906.10877695531;17486.78621595445;20514.25336674129;24065.86241733066;28232.35745111674;33120.19296963342;38854.25382030405;45581.04601983359;53472.44000269313;62730.06193403319;73590.44528463698;86331.07429211862;101277.4737211686;118811.5260634959;139381.228686517;163512.140226203;191820.8086789974;225030.524286467;263989.7996954232;309694.0495706946;363311.0235703185;426210.642505751;499999.9999999716
1;723199820435;50;phasez;-1.55555;-1.55276;-1.55314;-1.55433;-1.55367;-1.55354;-1.55353;-1.55338;-1.55314;-1.55357;-1.55293;-1.55277;-1.55274;-1.55299;-1.55269;-1.5527;-1.55233;-1.55217;-1.55193;-1.55166;-1.55137;-1.55098;-1.55061;-1.55012;-1.5496;-1.54901;-1.54832;-1.54754;-1.54664;-1.54565;-1.54449;-1.54316;-1.54166;-1.53994;-1.53796;-1.53568;-1.53304;-1.52998;-1.52642;-1.52228;-1.51745;-1.51178;-1.50517;-1.49741;-1.48829;-1.47754;-1.46485;-1.44982;-1.43192;-1.41049
2;723970814461;50;absz;123259;110268;98698.7;88242.6;78957.8;70625.2;63178.1;56521.9;50562.6;45233.2;40465.8;36198.9;32385.4;28967.7;25918.2;23185.8;20743.4;18558.4;16605.5;14855.5;13291.5;11892.4;10640.3;9519.83;8517.38;7620.46;6817.79;6100.01;5457.51;4882.68;4368.11;3907.75;3495.63;3127.02;2797.02;2501.68;2237.39;2000.81;1789.1;1599.61;1430.05;1278.32;1142.6;1021.22;912.957;816.377;730.477;654.437;587.551;529.394
2;723970814461;50;frequency;20000.00000002444;22385.53853899816;25055.61678390222;28044.17375656954;31389.19662092121;35133.2035329932;39323.78408414649;44014.2042055669;49264.08322518227;55140.1516811012;61717.09952482729;69078.52549602467;77317.99973512921;86540.25314108083;96862.50859274992;108415.9709538568;121347.4948009008;135821.4510731415;152021.8163702936;170154.5114554648;190450.0186878266;213166.3116533389;238592.1342356312;267050.6708003728;298903.6541519141;334555.9634717432;374460.7706856584;419125.3006744233;469117.2785435782;525072.1459047724;587701.13789258;657800.3235824071;736260.7247225839;824079.6413975459;922373.3285811875;1032391.184709951;1155531.632626961;1293359.894754076;1447627.888434013;1620296.494325686;1813560.480908265;2029876.401899315;2271993.821195295;2542990.262224833;2846310.325953354;3185809.474764127;3565803.038745301;3991121.067296888;4467169.723268114;4999999.999999929
2;723970814461;50;phasez;-1.54922;-1.54866;-1.54851;-1.548;-1.54711;-1.54652;-1.54549;-1.54475;-1.54364;-1.54278;-1.54148;-1.54002;-1.53858;-1.5369;-1.53494;-1.53271;-1.53037;-1.52767;-1.52474;-1.52147;-1.51774;-1.51368;-1.50912;-1.50402;-1.49833;-1.49194;-1.48488;-1.47695;-1.46807;-1.45819;-1.44708;-1.43466;-1.42074;-1.40515;-1.38768;-1.36806;-1.34605;-1.32131;-1.2935;-1.26218;-1.22692;-1.18713;-1.14219;-1.09133;-1.03353;-0.967973;-0.893244;-0.807945;-0.710394;-0.598677
3;724286989090;20;absz;25235.8;20596.3;16809.4;13717.4;11191.4;9132.03;7452.95;6081.31;4962.63;4048.77;3303.02;2694.08;2196.68;1790.48;1458.91;1188.06;967.159;787.628;642.755;528.088
3;724286989090;20;frequency;99999.99999990905;122862.535599424;150952.0265389597;185463.4873444638;227865.1431623047;279960.8926363817;343967.05137965;422606.6409511731;519225.2346839865;637933.2888043621;783781.0140572543;962973.2274171232;1183133.324347452;1453627.601814205;1785963.729760951;2194280.323268956;2695948.443325946;3312310.615921419;4069588.809647371;4999999.999999929
3;724286989090;20;phasez;-1.53399;-1.5302;-1.52578;-1.52025;-1.51351;-1.50517;-1.49502;-1.48251;-1.46714;-1.44821;-1.42488;-1.39606;-1.36048;-1.31638;-1.26158;-1.19324;-1.10743;-0.999113;-0.861145;-0.684157
