0;3021108398820;20;absz;1.7104e+08;1.23976e+08;8.99398e+07;6.5197e+07;4.72808e+07;3.42475e+07;2.48351e+07;1.79968e+07;1.30384e+07;9.44369e+06;6.83903e+06;4.9522e+06;3.5855e+06;2.59581e+06;1.87921e+06;1.36043e+06;984821;712907;516045;373541
0;3021108398820;20;frequency;9.999999974752427;13.86918846435492;19.23543905490988;26.67799336109056;37.00021196095804;51.31629158938722;71.17153245417285;98.70914048804025;136.9015682683994;189.8713664161278;263.3361782500288;365.2259113806622;506.5387032487934;702.5280792305466;974.3494403835484;1351.343611730726;1874.203936580443;2599.368780806799;3605.113577052066;4999.99999995282
0;3021108398820;20;phasez;-1.54173;-1.54213;-1.54333;-1.54433;-1.54451;-1.54565;-1.54626;-1.54686;-1.54745;-1.54793;-1.54831;-1.54846;-1.54833;-1.54788;-1.54705;-1.54571;-1.54372;-1.54088;-1.53687;-1.53125
1;3021879615717;50;absz;8.90696e+06;7.60614e+06;6.49828e+06;5.54603e+06;4.73776e+06;4.04141e+06;3.45566e+06;2.95037e+06;2.52005e+06;2.15228e+06;1.83883e+06;1.57009e+06;1.34111e+06;1.14514e+06;978169;835480;713506;609378;520442;444497;379625;324211;276897;236479;201965;172484;147310;125809;107443;91759.5;78360.8;66920.7;57148.4;48802.7;41675.6;35586.2;30385.3;25943.2;22148.2;18906.9;16137.7;13771;11748.6;10020.2;8542.2;7278.05;6196.13;5269.25;4474.49;3792
1;3021879615717;50;frequency;199.9999999213742;234.625769479635;275.2462588517801;322.8993264769997;378.802514688914;444.3841576318164;521.3198749487447;611.5753842550475;717.456725922716;841.6691823498468;987.3863981368913;1158.33146786315;1358.872060208682;1594.132014446359;1870.122253535556;2193.894364737048;2573.720768452858;3019.306079821149;3542.035062906734;4155.263512473084;4874.659497176026;5718.603679767398;6708.658946337209;7870.121340545211;9232.666380967203;10831.10727442716;12706.28439819177;14906.10877695531;17486.78621595445;20514.25336674129;24065.86241733066;28232.35745111674;33120.19296963342;38854.25382030405;45581.04601983359;53472.44000269313;62730.06193403319;73590.44528463698;86331.07429211862;101277.4737211686;118811.5260634959;139381.228686517;163512.140226203;191820.8086789974;225030.524286467;263989.7996954232;309694.0495706946;363311.0235703185;426210.642505751;499999.9999999716
1;3021879615717;50;phasez;-1.54843;-1.54927;-1.54855;-1.54887;-1.5501;-1.55094;-1.55053;-1.55096;-1.55077;-1.55124;-1.55074;-1.55122;-1.55103;-1.55101;-1.55105;-1.551;-1.55108;-1.55095;-1.55089;-1.55081;-1.55067;-1.55049;-1.55033;-1.55009;-1.54981;-1.54944;-1.54902;-1.54851;-1.54791;-1.54718;-1.54632;-1.54532;-1.54412;-1.54271;-1.54105;-1.53911;-1.53681;-1.53409;-1.53088;-1.52708;-1.52259;-1.51728;-1.511;-1.50356;-1.49476;-1.48434;-1.47194;-1.45717;-1.43952;-1.41831
2;3022647851782;50;absz;94570.1;84575;75680.2;67686.9;60542.2;54153.1;48424;43309.8;38742.7;34646.1;30985.3;27714.2;24785.2;22164.7;19824.7;17729.5;15856.4;14180.2;12681.8;11341.4;10142.4;9070.06;8110.98;7253.38;6485.97;5799.65;5186.07;4637.11;4146.1;3706.9;3314.17;2962.8;2648.53;2367.46;2116;1891.03;1689.81;1509.78;1348.71;1204.6;1075.68;960.317;857.144;764.847;682.449;608.926;543.434;485.336;434.082;389.283
2;3022647851782;50;frequency;20000.00000002444;22385.53853899816;25055.61678390222;28044.17375656954;31389.19662092121;35133.2035329932;39323.78408414649;44014.2042055669;49264.08322518227;55140.1516811012;61717.09952482729;69078.52549602467;77317.99973512921;86540.25314108083;96862.50859274992;108415.9709538568;121347.4948009008;135821.4510731415;152021.8163702936;170154.5114554648;190450.0186878266;213166.3116533389;238592.1342356312;267050.6708003728;298903.6541519141;334555.9634717432;374460.7706856584;419125.3006744233;469117.2785435782;525072.1459047724;587701.13789258;657800.3235824071;736260.7247225839;824079.6413975459;922373.3285811875;1032391.184709951;1155531.632626961;1293359.894754076;1447627.888434013;1620296.494325686;1813560.480908265;2029876.401899315;2271993.821195295;2542990.262224833;2846310.325953354;3185809.474764127;3565803.038745301;3991121.067296888;4467169.723268114;4999999.999999929
2;3022647851782;50;phasez;-1.55078;-1.55083;-1.55037;-1.54981;-1.54956;-1.54905;-1.54851;-1.548;-1.5471;-1.54627;-1.54513;-1.54407;-1.5427;-1.5412;-1.5396;-1.5377;-1.53552;-1.53311;-1.53034;-1.52733;-1.52387;-1.51999;-1.51566;-1.51073;-1.50525;-1.49911;-1.4922;-1.48443;-1.47573;-1.46596;-1.455;-1.44269;-1.42889;-1.41339;-1.396;-1.37644;-1.35448;-1.32978;-1.30199;-1.27069;-1.23541;-1.1956;-1.15061;-1.09964;-1.04178;-0.976035;-0.901083;-0.815469;-0.717487;-0.605185
3;3022966460513;20;absz;19296.6;15739.6;12836.1;10464;8532.53;6956.71;5671.45;4623.48;3768.07;3070.79;2501.91;2037.7;1659.02;1349.98;1097.69;891.739;723.715;586.999;476.418;388.362
3;3022966460513;20;frequency;99999.99999990905;122862.535599424;150952.0265389597;185463.4873444638;227865.1431623047;279960.8926363817;343967.05137965;422606.6409511731;519225.2346839865;637933.2888043621;783781.0140572543;962973.2274171232;1183133.324347452;1453627.601814205;1785963.729760951;2194280.323268956;2695948.443325946;3312310.615921419;4069588.809647371;4999999.999999929
3;3022966460513;20;phasez;-1.53863;-1.53549;-1.53142;-1.52627;-1.51994;-1.51196;-1.50218;-1.48996;-1.47486;-1.45618;-1.43305;-1.40442;-1.36894;-1.3249;-1.27011;-1.20171;-1.11577;-1.00717;-0.868683;-0.690806
