0;4164819989230;20;absz;1.55129e+08;1.12778e+08;8.2034e+07;5.96037e+07;4.32961e+07;3.14497e+07;2.28411e+07;1.6589e+07;1.2043e+07;8.74269e+06;6.34531e+06;4.60431e+06;3.34067e+06;2.42319e+06;1.7574e+06;1.27431e+06;923868;669693;485381;351749
0;4164819989230;20;frequency;9.999999974752427;13.86918846435492;19.23543905490988;26.67799336109056;37.00021196095804;51.31629158938722;71.17153245417285;98.70914048804025;136.9015682683994;189.8713664161278;263.3361782500288;365.2259113806622;506.5387032487934;702.5280792305466;974.3494403835484;1351.343611730726;1874.203936580443;2599.368780806799;3605.113577052066;4999.99999995282
0;4164819989230;20;phasez;-1.52918;-1.53077;-1.53206;-1.53284;-1.53392;-1.53533;-1.53572;-1.53647;-1.53733;-1.53789;-1.53847;-1.5389;-1.53919;-1.53922;-1.5389;-1.53809;-1.5366;-1.53422;-1.53063;-1.52537
1;4165588269602;50;absz;8.2325e+06;7.04793e+06;6.02295e+06;5.14895e+06;4.40866e+06;3.76732e+06;3.22062e+06;2.75247e+06;2.35303e+06;2.01217e+06;1.71946e+06;1.46986e+06;1.2565e+06;1.07373e+06;917622;784276;670237;572811;489500;418318;357452;305448;261011;223025;190568;162829;139130;118876;101571;86782.9;74148.6;63354.1;54130.9;46250.1;39517.1;33763;28846.3;24644.4;21052.8;17983.1;15359;13115.5;11197;9556.15;8152.07;6950.19;5920.89;5038.41;4281.02;3630.14
1;4165588269602;50;frequency;199.9999999213742;234.625769479635;275.2462588517801;322.8993264769997;378.802514688914;444.3841576318164;521.3198749487447;611.5753842550475;717.456725922716;841.6691823498468;987.3863981368913;1158.33146786315;1358.872060208682;1594.132014446359;1870.122253535556;2193.894364737048;2573.720768452858;3019.306079821149;3542.035062906734;4155.263512473084;4874.659497176026;5718.603679767398;6708.658946337209;7870.121340545211;9232.666380967203;10831.10727442716;12706.28439819177;14906.10877695531;17486.78621595445;20514.25336674129;24065.86241733066;28232.35745111674;33120.19296963342;38854.25382030405;45581.04601983359;53472.44000269313;62730.06193403319;73590.44528463698;86331.07429211862;101277.4737211686;118811.5260634959;139381.228686517;163512.140226203;191820.8086789974;225030.524286467;263989.7996954232;309694.0495706946;363311.0235703185;426210.642505751;499999.9999999716
1;4165588269602;50;phasez;-1.54305;-1.53918;-1.54196;-1.54;-1.54055;-1.54064;-1.54089;-1.54175;-1.54207;-1.54237;-1.54268;-1.54318;-1.54361;-1.54382;-1.54379;-1.54417;-1.54434;-1.54452;-1.54463;-1.54473;-1.54477;-1.54481;-1.54471;-1.54457;-1.54439;-1.54412;-1.54374;-1.54326;-1.54266;-1.54193;-1.54105;-1.53998;-1.53872;-1.53724;-1.53551;-1.53348;-1.53112;-1.52833;-1.52507;-1.52124;-1.51674;-1.51144;-1.50518;-1.4978;-1.48908;-1.47874;-1.46648;-1.45187;-1.43441;-1.41341
2;4166357465579;50;absz;89440.1;80030.4;71581.3;64074;57311.3;51280.6;45887.5;41059;36740.9;32869.9;29413.6;26315.8;23546.5;21069;18850.4;16865.5;15091.2;13502.9;12081.5;10809.2;9671.03;8652.77;7741.35;6925.81;6195.87;5542.74;4958.6;4435.44;3967.59;3548.74;3173.93;2838.49;2538.34;2269.69;2029.26;1814.05;1621.45;1449.04;1294.72;1156.56;1032.88;922.185;823.128;734.49;655.318;584.612;521.602;465.663;416.266;373.049
2;4166357465579;50;frequency;20000.00000002444;22385.53853899816;25055.61678390222;28044.17375656954;31389.19662092121;35133.2035329932;39323.78408414649;44014.2042055669;49264.08322518227;55140.1516811012;61717.09952482729;69078.52549602467;77317.99973512921;86540.25314108083;96862.50859274992;108415.9709538568;121347.4948009008;135821.4510731415;152021.8163702936;170154.5114554648;190450.0186878266;213166.3116533389;238592.1342356312;267050.6708003728;298903.6541519141;334555.9634717432;374460.7706856584;419125.3006744233;469117.2785435782;525072.1459047724;587701.13789258;657800.3235824071;736260.7247225839;824079.6413975459;922373.3285811875;1032391.184709951;1155531.632626961;1293359.894754076;1447627.888434013;1620296.494325686;1813560.480908265;2029876.401899315;2271993.821195295;2542990.262224833;2846310.325953354;3185809.474764127;3565803.038745301;3991121.067296888;4467169.723268114;4999999.999999929
2;4166357465579;50;phasez;-1.54542;-1.54541;-1.54507;-1.54472;-1.54422;-1.54358;-1.54286;-1.5423;-1.54144;-1.54067;-1.53947;-1.53836;-1.53697;-1.53546;-1.53376;-1.53185;-1.52966;-1.52725;-1.52456;-1.52158;-1.51806;-1.5143;-1.51;-1.50519;-1.49978;-1.49375;-1.48694;-1.47933;-1.47077;-1.46116;-1.45038;-1.43827;-1.42465;-1.40936;-1.39218;-1.37287;-1.35115;-1.32669;-1.29916;-1.26813;-1.23312;-1.19359;-1.14886;-1.09819;-1.04058;-0.975147;-0.900485;-0.815159;-0.717455;-0.605396
3;4166673488461;20;absz;18350;14980.5;12225.8;9976.91;8141.61;6643.53;5420.42;4422.16;3606.88;2941.58;2398.07;1954.21;1591.9;1295.81;1053.94;856.31;694.927;563.486;457.047;372.144
3;4166673488461;20;frequency;99999.99999990905;122862.535599424;150952.0265389597;185463.4873444638;227865.1431623047;279960.8926363817;343967.05137965;422606.6409511731;519225.2346839865;637933.2888043621;783781.0140572543;962973.2274171232;1183133.324347452;1453627.601814205;1785963.729760951;2194280.323268956;2695948.443325946;3312310.615921419;4069588.809647371;4999999.999999929
3;4166673488461;20;phasez;-1.53289;-1.52963;-1.52559;-1.5205;-1.51429;-1.50646;-1.49689;-1.48491;-1.47009;-1.45174;-1.42893;-1.40071;-1.36565;-1.32208;-1.26779;-1.19989;-1.11448;-1.00642;-0.868454;-0.691091
