0;608079932086;20;absz;2.36158e+08;1.70752e+08;1.23499e+08;8.93505e+07;6.46501e+07;4.67709e+07;3.3827e+07;2.44701e+07;1.77052e+07;1.28109e+07;9.26901e+06;6.70715e+06;4.85356e+06;3.51234e+06;2.54158e+06;1.8391e+06;1.33073e+06;962858;696689;504103
0;608079932086;20;frequency;9.999999974752427;13.86918846435492;19.23543905490988;26.67799336109056;37.00021196095804;51.31629158938722;71.17153245417285;98.70914048804025;136.9015682683994;189.8713664161278;263.3361782500288;365.2259113806622;506.5387032487934;702.5280792305466;974.3494403835484;1351.343611730726;1874.203936580443;2599.368780806799;3605.113577052066;4999.99999995282
0;608079932086;20;phasez;-1.55549;-1.55602;-1.55553;-1.55457;-1.55494;-1.55391;-1.55429;-1.55415;-1.55378;-1.55338;-1.55284;-1.55227;-1.55157;-1.55074;-1.54962;-1.54807;-1.54589;-1.54282;-1.53855;-1.5326
1;608849689355;50;absz;1.20409e+07;1.03185e+07;8.79369e+06;7.51512e+06;6.4091e+06;5.48477e+06;4.67366e+06;3.99487e+06;3.40845e+06;2.91135e+06;2.48666e+06;2.12296e+06;1.81252e+06;1.54763e+06;1.32135e+06;1.12851e+06;963654;822794;702592;599934;512266;437409;373522;318952;272366;232590;198626;169623;144858;123712;105655;90234.3;77065.1;65818.2;56215.1;48011.7;41004.7;35019;29906;25537.6;21805.5;18616;15889.4;13558.4;11564.8;9858.97;8398.24;7146.5;6072.68;5150.05
1;608849689355;50;frequency;199.9999999213742;234.625769479635;275.2462588517801;322.8993264769997;378.802514688914;444.3841576318164;521.3198749487447;611.5753842550475;717.456725922716;841.6691823498468;987.3863981368913;1158.33146786315;1358.872060208682;1594.132014446359;1870.122253535556;2193.894364737048;2573.720768452858;3019.306079821149;3542.035062906734;4155.263512473084;4874.659497176026;5718.603679767398;6708.658946337209;7870.121340545211;9232.666380967203;10831.10727442716;12706.28439819177;14906.10877695531;17486.78621595445;20514.25336674129;24065.86241733066;28232.35745111674;33120.19296963342;38854.25382030405;45581.04601983359;53472.44000269313;62730.06193403319;73590.44528463698;86331.07429211862;101277.4737211686;118811.5260634959;139381.228686517;163512.140226203;191820.8086789974;225030.524286467;263989.7996954232;309694.0495706946;363311.0235703185;426210.642505751;499999.9999999716
1;608849689355;50;phasez;-1.55531;-1.55389;-1.55483;-1.55358;-1.55245;-1.55374;-1.55327;-1.55327;-1.5535;-1.55313;-1.55373;-1.55336;-1.55324;-1.55342;-1.55323;-1.55295;-1.55303;-1.55277;-1.55258;-1.55244;-1.55207;-1.55176;-1.55142;-1.55095;-1.55047;-1.54991;-1.54925;-1.54851;-1.54763;-1.54664;-1.54554;-1.54425;-1.54276;-1.54106;-1.53911;-1.53685;-1.53424;-1.53121;-1.52768;-1.52357;-1.51877;-1.51316;-1.50657;-1.49884;-1.48974;-1.47903;-1.46636;-1.45134;-1.43346;-1.41203
2;609617900027;50;absz;127501;114065;102039;91255.7;81620.9;73025.5;65329.1;58422.8;52251.6;46739.1;41816.1;37403.3;33459.5;29927.7;26771.9;23950.4;21423.3;19165.4;17145.4;15338.5;13722.2;12275.1;10982;9824.45;8788.95;7862.89;7033.83;6292.47;5629.16;5035.76;4504.51;4029.24;3604.03;3223.59;2883.12;2578.47;2305.79;2061.76;1843.48;1648.13;1473.31;1316.93;1177.06;1052.03;940.456;841.006;752.555;674.27;605.441;545.631
2;609617900027;50;frequency;20000.00000002444;22385.53853899816;25055.61678390222;28044.17375656954;31389.19662092121;35133.2035329932;39323.78408414649;44014.2042055669;49264.08322518227;55140.1516811012;61717.09952482729;69078.52549602467;77317.99973512921;86540.25314108083;96862.50859274992;108415.9709538568;121347.4948009008;135821.4510731415;152021.8163702936;170154.5114554648;190450.0186878266;213166.3116533389;238592.1342356312;267050.6708003728;298903.6541519141;334555.9634717432;374460.7706856584;419125.3006744233;469117.2785435782;525072.1459047724;587701.13789258;657800.3235824071;736260.7247225839;824079.6413975459;922373.3285811875;1032391.184709951;1155531.632626961;1293359.894754076;1447627.888434013;1620296.494325686;1813560.480908265;2029876.401899315;2271993.821195295;2542990.262224833;2846310.325953354;3185809.474764127;3565803.038745301;3991121.067296888;4467169.723268114;4999999.999999929
2;609617900027;50;phasez;-1.55027;-1.5499;-1.54978;-1.54863;-1.54818;-1.54733;-1.54683;-1.54599;-1.54488;-1.54372;-1.54267;-1.54133;-1.53976;-1.53792;-1.53617;-1.53399;-1.53161;-1.52905;-1.5261;-1.52284;-1.51918;-1.51506;-1.51058;-1.50549;-1.49979;-1.49343;-1.48638;-1.47848;-1.46962;-1.45971;-1.44864;-1.43621;-1.42233;-1.40673;-1.38925;-1.36962;-1.34762;-1.32287;-1.29505;-1.26375;-1.22849;-1.18871;-1.14379;-1.09292;-1.03519;-0.969638;-0.894945;-0.809705;-0.712205;-0.600579
3;609936577717;20;absz;26063.2;21268.9;17355.1;14161.5;11551.5;9424.68;7689.63;6272.96;5117.85;4174.63;3404.9;2776.86;2263.77;1844.8;1502.99;1223.87;996.266;811.339;662.218;544.281
3;609936577717;20;frequency;99999.99999990905;122862.535599424;150952.0265389597;185463.4873444638;227865.1431623047;279960.8926363817;343967.05137965;422606.6409511731;519225.2346839865;637933.2888043621;783781.0140572543;962973.2274171232;1183133.324347452;1453627.601814205;1785963.729760951;2194280.323268956;2695948.443325946;3312310.615921419;4069588.809647371;4999999.999999929
3;609936577717;20;phasez;-1.53519;-1.53161;-1.52712;-1.52163;-1.51488;-1.50668;-1.4965;-1.48402;-1.46867;-1.44972;-1.42643;-1.39762;-1.36203;-1.31795;-1.26315;-1.19484;-1.10905;-1.0008;-0.862907;-0.686046
