0;2192651490191;20;absz;1.8611e+08;1.34696e+08;9.74614e+07;7.05392e+07;5.10357e+07;3.69406e+07;2.67191e+07;1.93316e+07;1.39901e+07;1.01247e+07;7.32664e+06;5.30168e+06;3.8362e+06;2.77538e+06;2.00779e+06;1.45228e+06;1.05035e+06;759536;549171;397023
0;2192651490191;20;frequency;9.999999974752427;13.86918846435492;19.23543905490988;26.67799336109056;37.00021196095804;51.31629158938722;71.17153245417285;98.70914048804025;136.9015682683994;189.8713664161278;263.3361782500288;365.2259113806622;506.5387032487934;702.5280792305466;974.3494403835484;1351.343611730726;1874.203936580443;2599.368780806799;3605.113577052066;4999.99999995282
0;2192651490191;20;phasez;-1.55257;-1.55202;-1.55279;-1.55273;-1.55307;-1.55324;-1.55304;-1.55306;-1.55304;-1.55293;-1.55281;-1.55265;-1.55241;-1.55201;-1.55134;-1.55024;-1.54855;-1.546;-1.54226;-1.53683
1;2193420655902;50;absz;9.53882e+06;8.11668e+06;6.94622e+06;5.93627e+06;5.07057e+06;4.33006e+06;3.69565e+06;3.15792e+06;2.69292e+06;2.2998e+06;1.96445e+06;1.67682e+06;1.43142e+06;1.22201e+06;1.04325e+06;890484;760212;648903;553869;472773;403534;344415;293960;250885;214125;182750;155973;133121;113613;96965.6;82755.9;70629.9;60281.6;51448.7;43911;37477.5;31985;27297.7;23296.3;19879.7;16962.9;14471.7;12344.2;10526.5;8972.95;7644.48;6507.82;5534.55;4700.1;3983.75
1;2193420655902;50;frequency;199.9999999213742;234.625769479635;275.2462588517801;322.8993264769997;378.802514688914;444.3841576318164;521.3198749487447;611.5753842550475;717.456725922716;841.6691823498468;987.3863981368913;1158.33146786315;1358.872060208682;1594.132014446359;1870.122253535556;2193.894364737048;2573.720768452858;3019.306079821149;3542.035062906734;4155.263512473084;4874.659497176026;5718.603679767398;6708.658946337209;7870.121340545211;9232.666380967203;10831.10727442716;12706.28439819177;14906.10877695531;17486.78621595445;20514.25336674129;24065.86241733066;28232.35745111674;33120.19296963342;38854.25382030405;45581.04601983359;53472.44000269313;62730.06193403319;73590.44528463698;86331.07429211862;101277.4737211686;118811.5260634959;139381.228686517;163512.140226203;191820.8086789974;225030.524286467;263989.7996954232;309694.0495706946;363311.0235703185;426210.642505751;499999.9999999716
1;2193420655902;50;phasez;-1.55233;-1.55453;-1.55173;-1.55315;-1.55382;-1.5544;-1.55475;-1.55441;-1.5549;-1.55524;-1.55553;-1.55545;-1.55549;-1.5558;-1.55587;-1.55608;-1.55607;-1.55626;-1.55623;-1.55628;-1.55627;-1.55616;-1.55602;-1.55583;-1.55556;-1.55518;-1.55472;-1.55412;-1.55341;-1.55256;-1.55155;-1.55036;-1.54895;-1.5473;-1.54538;-1.54315;-1.54055;-1.53751;-1.53395;-1.52979;-1.52493;-1.51924;-1.51256;-1.50472;-1.4955;-1.48465;-1.47183;-1.45664;-1.43858;-1.41696
2;2194189597651;50;absz;99902.5;89335.9;79862.6;71400.9;63846.5;57102.9;51053;45638.4;40804.1;36483.1;32616.5;29159.8;26071;23310.6;20843.6;18637;16663.3;14900.6;13324.4;11914.3;10653.3;9526.05;8518.35;7616.95;6811.38;6090.76;5446.33;4870.28;4354.94;3894.08;3481.91;3113.34;2783.59;2488.71;2224.93;1988.89;1777.78;1588.86;1419.82;1268.6;1133.29;1012.21;903.921;807.054;720.57;643.415;574.692;513.756;460.031;413.137
2;2194189597651;50;frequency;20000.00000002444;22385.53853899816;25055.61678390222;28044.17375656954;31389.19662092121;35133.2035329932;39323.78408414649;44014.2042055669;49264.08322518227;55140.1516811012;61717.09952482729;69078.52549602467;77317.99973512921;86540.25314108083;96862.50859274992;108415.9709538568;121347.4948009008;135821.4510731415;152021.8163702936;170154.5114554648;190450.0186878266;213166.3116533389;238592.1342356312;267050.6708003728;298903.6541519141;334555.9634717432;374460.7706856584;419125.3006744233;469117.2785435782;525072.1459047724;587701.13789258;657800.3235824071;736260.7247225839;824079.6413975459;922373.3285811875;1032391.184709951;1155531.632626961;1293359.894754076;1447627.888434013;1620296.494325686;1813560.480908265;2029876.401899315;2271993.821195295;2542990.262224833;2846310.325953354;3185809.474764127;3565803.038745301;3991121.067296888;4467169.723268114;4999999.999999929
2;2194189597651;50;phasez;-1.55604;-1.55574;-1.55541;-1.55488;-1.55461;-1.55364;-1.55301;-1.55207;-1.55143;-1.55023;-1.54897;-1.54758;-1.546;-1.54431;-1.54249;-1.54022;-1.53783;-1.53514;-1.53218;-1.52879;-1.52506;-1.52089;-1.51624;-1.51105;-1.50528;-1.49885;-1.49165;-1.48358;-1.4746;-1.46454;-1.45331;-1.44075;-1.42667;-1.41091;-1.39325;-1.37344;-1.35123;-1.32627;-1.29823;-1.26669;-1.23117;-1.19112;-1.1459;-1.09471;-1.03659;-0.970636;-0.895468;-0.809655;-0.711469;-0.598998
3;2194505926201;20;absz;20283.6;16538.5;13483.5;10990.6;8959.65;7305.21;5954.5;4854.9;3957.43;3226.03;2629.29;2142.38;1745.03;1420.92;1156.19;940.107;763.78;620.326;504.341;412.087
3;2194505926201;20;frequency;99999.99999990905;122862.535599424;150952.0265389597;185463.4873444638;227865.1431623047;279960.8926363817;343967.05137965;422606.6409511731;519225.2346839865;637933.2888043621;783781.0140572543;962973.2274171232;1183133.324347452;1453627.601814205;1785963.729760951;2194280.323268956;2695948.443325946;3312310.615921419;4069588.809647371;4999999.999999929
3;2194505926201;20;phasez;-1.54144;-1.53782;-1.53317;-1.52756;-1.52064;-1.51223;-1.50185;-1.48912;-1.47353;-1.45431;-1.43068;-1.40157;-1.36562;-1.32114;-1.2659;-1.19706;-1.11069;-1.0017;-0.86283;-0.684619
