0;7420569379415;20;absz;1.3802e+08;1.00616e+08;7.32969e+07;5.33797e+07;3.8851e+07;2.82795e+07;2.05673e+07;1.49594e+07;1.08772e+07;7.90806e+06;5.74875e+06;4.17826e+06;3.03637e+06;2.20632e+06;1.60295e+06;1.16445e+06;845783;614207;445963;323742
0;7420569379415;20;frequency;9.999999974752427;13.86918846435492;19.23543905490988;26.67799336109056;37.00021196095804;51.31629158938722;71.17153245417285;98.70914048804025;136.9015682683994;189.8713664161278;263.3361782500288;365.2259113806622;506.5387032487934;702.5280792305466;974.3494403835484;1351.343611730726;1874.203936580443;2599.368780806799;3605.113577052066;4999.99999995282
0;7420569379415;20;phasez;-1.51287;-1.51643;-1.51913;-1.52139;-1.52359;-1.52557;-1.52677;-1.52793;-1.52898;-1.52976;-1.53032;-1.53072;-1.53093;-1.53087;-1.53047;-1.52961;-1.52816;-1.52587;-1.5224;-1.51729
1;7421339126869;50;absz;7.46569e+06;6.37768e+06;5.45892e+06;4.67138e+06;3.99694e+06;3.42137e+06;2.92775e+06;2.50512e+06;2.1425e+06;1.83335e+06;1.56829e+06;1.34193e+06;1.14798e+06;982113;840007;718623;614750;525776;449706;384638;328967;281339;240601;205762;175952;150466;128661;110017;94073.4;80439.6;68779.6;58809.2;50282.9;42992.3;36757.5;31425.6;26866.4;22967;19631.5;16779;14339;12251.5;10465.2;8936.45;7627.74;6507;5546.52;4722.63;4015.15;3406.81
1;7421339126869;50;frequency;199.9999999213742;234.625769479635;275.2462588517801;322.8993264769997;378.802514688914;444.3841576318164;521.3198749487447;611.5753842550475;717.456725922716;841.6691823498468;987.3863981368913;1158.33146786315;1358.872060208682;1594.132014446359;1870.122253535556;2193.894364737048;2573.720768452858;3019.306079821149;3542.035062906734;4155.263512473084;4874.659497176026;5718.603679767398;6708.658946337209;7870.121340545211;9232.666380967203;10831.10727442716;12706.28439819177;14906.10877695531;17486.78621595445;20514.25336674129;24065.86241733066;28232.35745111674;33120.19296963342;38854.25382030405;45581.04601983359;53472.44000269313;62730.06193403319;73590.44528463698;86331.07429211862;101277.4737211686;118811.5260634959;139381.228686517;163512.140226203;191820.8086789974;225030.524286467;263989.7996954232;309694.0495706946;363311.0235703185;426210.642505751;499999.9999999716
1;7421339126869;50;phasez;-1.53127;-1.53271;-1.53166;-1.53282;-1.53251;-1.53276;-1.53281;-1.53335;-1.53348;-1.53376;-1.53437;-1.53482;-1.53501;-1.5352;-1.53544;-1.53581;-1.53601;-1.5362;-1.53642;-1.53656;-1.53669;-1.53674;-1.53678;-1.53673;-1.53665;-1.53646;-1.53618;-1.5358;-1.53531;-1.53469;-1.5339;-1.53296;-1.53182;-1.53045;-1.52884;-1.52693;-1.52467;-1.52199;-1.51881;-1.51505;-1.5106;-1.50533;-1.49909;-1.4917;-1.48294;-1.47255;-1.46022;-1.44554;-1.42799;-1.4069
2;7422109692677;50;absz;82869.2;74197.8;66424.1;59465.6;53227.1;47655.1;42665.4;38194.1;34185.5;30600.7;27393.7;24519.5;21948.7;19646.6;17586.5;15742.2;14091.1;12612.8;11289;10105;9044.29;8095.2;7245.22;6484.66;5803.7;5194.18;4648.59;4160.19;3722.89;3331.39;2980.96;2667.16;2386.19;2134.68;1909.42;1707.72;1527.08;1365.31;1220.4;1090.61;974.362;870.246;777.009;693.53;618.877;552.157;492.653;439.788;393.047;352.104
2;7422109692677;50;frequency;20000.00000002444;22385.53853899816;25055.61678390222;28044.17375656954;31389.19662092121;35133.2035329932;39323.78408414649;44014.2042055669;49264.08322518227;55140.1516811012;61717.09952482729;69078.52549602467;77317.99973512921;86540.25314108083;96862.50859274992;108415.9709538568;121347.4948009008;135821.4510731415;152021.8163702936;170154.5114554648;190450.0186878266;213166.3116533389;238592.1342356312;267050.6708003728;298903.6541519141;334555.9634717432;374460.7706856584;419125.3006744233;469117.2785435782;525072.1459047724;587701.13789258;657800.3235824071;736260.7247225839;824079.6413975459;922373.3285811875;1032391.184709951;1155531.632626961;1293359.894754076;1447627.888434013;1620296.494325686;1813560.480908265;2029876.401899315;2271993.821195295;2542990.262224833;2846310.325953354;3185809.474764127;3565803.038745301;3991121.067296888;4467169.723268114;4999999.999999929
2;7422109692677;50;phasez;-1.5385;-1.53838;-1.53807;-1.53751;-1.53704;-1.53663;-1.53617;-1.53563;-1.53486;-1.53404;-1.53304;-1.53192;-1.5307;-1.52923;-1.52756;-1.52568;-1.52354;-1.52113;-1.51841;-1.5154;-1.51199;-1.50816;-1.50384;-1.49899;-1.49354;-1.48743;-1.48062;-1.47292;-1.4643;-1.45464;-1.4438;-1.43164;-1.41796;-1.40263;-1.38539;-1.36604;-1.34428;-1.31978;-1.29222;-1.26115;-1.2261;-1.18651;-1.14174;-1.091;-1.03334;-0.96777;-0.892965;-0.807448;-0.7095;-0.59713
3;7422426670991;20;absz;17120.8;13987;11422.1;9327.84;7618.38;6220.64;5079.63;4147.3;3385.65;2763.51;2254.86;1839.01;1499.31;1221.42;994.16;808.24;656.217;532.221;431.632;351.241
3;7422426670991;20;frequency;99999.99999990905;122862.535599424;150952.0265389597;185463.4873444638;227865.1431623047;279960.8926363817;343967.05137965;422606.6409511731;519225.2346839865;637933.2888043621;783781.0140572543;962973.2274171232;1183133.324347452;1453627.601814205;1785963.729760951;2194280.323268956;2695948.443325946;3312310.615921419;4069588.809647371;4999999.999999929
3;7422426670991;20;phasez;-1.52663;-1.52348;-1.51943;-1.51435;-1.50813;-1.5003;-1.49057;-1.47851;-1.46359;-1.44509;-1.42222;-1.39389;-1.35875;-1.31512;-1.26075;-1.19277;-1.10722;-0.998954;-0.860671;-0.682769
