0;8483535491615;20;absz;1.36781e+08;9.97336e+07;7.26477e+07;5.29329e+07;3.85456e+07;2.80456e+07;2.0417e+07;1.48523e+07;1.08003e+07;7.85374e+06;5.70965e+06;4.15031e+06;3.01633e+06;2.19197e+06;1.59266e+06;1.15698e+06;840412;610356;443197;321763
0;8483535491615;20;frequency;9.999999974752427;13.86918846435492;19.23543905490988;26.67799336109056;37.00021196095804;51.31629158938722;71.17153245417285;98.70914048804025;136.9015682683994;189.8713664161278;263.3361782500288;365.2259113806622;506.5387032487934;702.5280792305466;974.3494403835484;1351.343611730726;1874.203936580443;2599.368780806799;3605.113577052066;4999.99999995282
0;8483535491615;20;phasez;-1.51105;-1.51491;-1.51724;-1.52011;-1.52196;-1.5236;-1.5255;-1.52689;-1.52803;-1.5289;-1.52967;-1.53015;-1.53041;-1.5304;-1.53004;-1.52921;-1.52775;-1.52545;-1.52196;-1.51683
1;8484303971152;50;absz;7.39689e+06;6.3547e+06;5.42854e+06;4.63822e+06;3.97328e+06;3.39727e+06;2.90906e+06;2.48771e+06;2.12869e+06;1.82106e+06;1.55844e+06;1.33319e+06;1.14063e+06;975650;834756;714122;610842;522515;446940;382271;326947;279632;239160;204528;174912;149583;127917;109385;93538.5;79985.1;68395.1;58484.8;50008.4;42760.2;36562.4;31261.5;26728;22850.1;19533.9;16697.4;14270.5;12193.8;10417;8896.11;7593.93;6478.69;5522.43;4702.45;3998.35;3392.76
1;8484303971152;50;frequency;199.9999999213742;234.625769479635;275.2462588517801;322.8993264769997;378.802514688914;444.3841576318164;521.3198749487447;611.5753842550475;717.456725922716;841.6691823498468;987.3863981368913;1158.33146786315;1358.872060208682;1594.132014446359;1870.122253535556;2193.894364737048;2573.720768452858;3019.306079821149;3542.035062906734;4155.263512473084;4874.659497176026;5718.603679767398;6708.658946337209;7870.121340545211;9232.666380967203;10831.10727442716;12706.28439819177;14906.10877695531;17486.78621595445;20514.25336674129;24065.86241733066;28232.35745111674;33120.19296963342;38854.25382030405;45581.04601983359;53472.44000269313;62730.06193403319;73590.44528463698;86331.07429211862;101277.4737211686;118811.5260634959;139381.228686517;163512.140226203;191820.8086789974;225030.524286467;263989.7996954232;309694.0495706946;363311.0235703185;426210.642505751;499999.9999999716
1;8484303971152;50;phasez;-1.52876;-1.52898;-1.53035;-1.53193;-1.53188;-1.53212;-1.53306;-1.53336;-1.53322;-1.53371;-1.53397;-1.53417;-1.53452;-1.53485;-1.53508;-1.53531;-1.53553;-1.53571;-1.5359;-1.5361;-1.53619;-1.53625;-1.53629;-1.53621;-1.53611;-1.53591;-1.53561;-1.53522;-1.53472;-1.53409;-1.53328;-1.53232;-1.53116;-1.52977;-1.52813;-1.5262;-1.52391;-1.52121;-1.51802;-1.51424;-1.50979;-1.50452;-1.49828;-1.49091;-1.48216;-1.4718;-1.45947;-1.4448;-1.42726;-1.40618
2;8485074968725;50;absz;82392.7;73771;66045.7;59119.5;52929.5;47382.7;42426.2;37978.3;33998.1;30435.9;27246.9;24390.3;21834.3;19545.6;17496.6;15663.4;14021.2;12551.2;11235.1;10057.2;9002.33;8058.06;7212.57;6455.59;5778.16;5171.61;4628.67;4142.43;3707.15;3317.44;2968.59;2656.22;2376.52;2126.07;1901.81;1701;1521.12;1360.06;1215.76;1086.49;970.731;867.045;774.156;691.005;616.667;550.208;490.919;438.259;391.681;350.88
2;8485074968725;50;frequency;20000.00000002444;22385.53853899816;25055.61678390222;28044.17375656954;31389.19662092121;35133.2035329932;39323.78408414649;44014.2042055669;49264.08322518227;55140.1516811012;61717.09952482729;69078.52549602467;77317.99973512921;86540.25314108083;96862.50859274992;108415.9709538568;121347.4948009008;135821.4510731415;152021.8163702936;170154.5114554648;190450.0186878266;213166.3116533389;238592.1342356312;267050.6708003728;298903.6541519141;334555.9634717432;374460.7706856584;419125.3006744233;469117.2785435782;525072.1459047724;587701.13789258;657800.3235824071;736260.7247225839;824079.6413975459;922373.3285811875;1032391.184709951;1155531.632626961;1293359.894754076;1447627.888434013;1620296.494325686;1813560.480908265;2029876.401899315;2271993.821195295;2542990.262224833;2846310.325953354;3185809.474764127;3565803.038745301;3991121.067296888;4467169.723268114;4999999.999999929
2;8485074968725;50;phasez;-1.53758;-1.53755;-1.53719;-1.53696;-1.53665;-1.53607;-1.53544;-1.53486;-1.53416;-1.53328;-1.53223;-1.53114;-1.52982;-1.52839;-1.52675;-1.52485;-1.52273;-1.52029;-1.51762;-1.51459;-1.51123;-1.50736;-1.50308;-1.49822;-1.49283;-1.48674;-1.47988;-1.47223;-1.46361;-1.45394;-1.4431;-1.43093;-1.41727;-1.40192;-1.38469;-1.36532;-1.34355;-1.31905;-1.29147;-1.26039;-1.22533;-1.18572;-1.14094;-1.09015;-1.03249;-0.9669;-0.892059;-0.806507;-0.708523;-0.596102
3;8485391382703;20;absz;17034.9;13917;11367.1;9283.74;7583.36;6192.72;5057.41;4129.44;3371.39;2752.03;2245.65;1831.68;1493.48;1216.74;990.422;805.257;653.844;530.326;430.121;350.009
3;8485391382703;20;frequency;99999.99999990905;122862.535599424;150952.0265389597;185463.4873444638;227865.1431623047;279960.8926363817;343967.05137965;422606.6409511731;519225.2346839865;637933.2888043621;783781.0140572543;962973.2274171232;1183133.324347452;1453627.601814205;1785963.729760951;2194280.323268956;2695948.443325946;3312310.615921419;4069588.809647371;4999999.999999929
3;8485391382703;20;phasez;-1.52586;-1.52269;-1.51867;-1.51362;-1.50734;-1.49957;-1.48984;-1.47779;-1.46287;-1.44438;-1.42151;-1.39317;-1.35802;-1.31437;-1.25997;-1.19195;-1.10638;-0.998055;-0.859702;-0.681685
