0;7135889376787;20;absz;1.38525e+08;1.01035e+08;7.35583e+07;5.35471e+07;3.89793e+07;2.83753e+07;2.06332e+07;1.50065e+07;1.09111e+07;7.93212e+06;5.76585e+06;4.19057e+06;3.04531e+06;2.21266e+06;1.60749e+06;1.16768e+06;848032;615800;447082;324532
0;7135889376787;20;frequency;9.999999974752427;13.86918846435492;19.23543905490988;26.67799336109056;37.00021196095804;51.31629158938722;71.17153245417285;98.70914048804025;136.9015682683994;189.8713664161278;263.3361782500288;365.2259113806622;506.5387032487934;702.5280792305466;974.3494403835484;1351.343611730726;1874.203936580443;2599.368780806799;3605.113577052066;4999.99999995282
0;7135889376787;20;phasez;-1.51323;-1.51777;-1.51997;-1.52227;-1.52403;-1.52528;-1.52709;-1.52833;-1.5293;-1.52999;-1.53059;-1.53101;-1.53119;-1.53115;-1.53076;-1.52992;-1.52847;-1.52617;-1.52269;-1.51757
1;7136660693077;50;absz;7.46979e+06;6.39907e+06;5.48132e+06;4.68458e+06;4.00839e+06;3.4319e+06;2.93544e+06;2.51063e+06;2.14918e+06;1.83831e+06;1.57245e+06;1.34529e+06;1.15102e+06;984650;842345;720556;616267;527115;450839;385580;329763;282010;241169;206244;176363;150808;128955;110266;94285.5;80617.6;68929.1;58937.4;50392;43085.1;36836.6;31493;26923.8;23015.5;19673.4;16814.6;14369.4;12277.4;10487.3;8955.4;7643.64;6520.51;5557.89;4732.33;4023.39;3413.81
1;7136660693077;50;frequency;199.9999999213742;234.625769479635;275.2462588517801;322.8993264769997;378.802514688914;444.3841576318164;521.3198749487447;611.5753842550475;717.456725922716;841.6691823498468;987.3863981368913;1158.33146786315;1358.872060208682;1594.132014446359;1870.122253535556;2193.894364737048;2573.720768452858;3019.306079821149;3542.035062906734;4155.263512473084;4874.659497176026;5718.603679767398;6708.658946337209;7870.121340545211;9232.666380967203;10831.10727442716;12706.28439819177;14906.10877695531;17486.78621595445;20514.25336674129;24065.86241733066;28232.35745111674;33120.19296963342;38854.25382030405;45581.04601983359;53472.44000269313;62730.06193403319;73590.44528463698;86331.07429211862;101277.4737211686;118811.5260634959;139381.228686517;163512.140226203;191820.8086789974;225030.524286467;263989.7996954232;309694.0495706946;363311.0235703185;426210.642505751;499999.9999999716
1;7136660693077;50;phasez;-1.53089;-1.53119;-1.53227;-1.53186;-1.53263;-1.53302;-1.53358;-1.53396;-1.53409;-1.53445;-1.53453;-1.53506;-1.5351;-1.53566;-1.53579;-1.53607;-1.53629;-1.53648;-1.5367;-1.53681;-1.537;-1.53706;-1.53705;-1.537;-1.53688;-1.53668;-1.53639;-1.53601;-1.5355;-1.53485;-1.53407;-1.53311;-1.53196;-1.53059;-1.52897;-1.52705;-1.52478;-1.52208;-1.5189;-1.51513;-1.51068;-1.50541;-1.49917;-1.49178;-1.48303;-1.47265;-1.46033;-1.44565;-1.42811;-1.40704
2;7137428932345;50;absz;83060.9;74357;66555.3;59584;53335;47753.6;42745.2;38271.1;34256.5;30662.6;27447;24568.1;21993.2;19685.9;17621.3;15773.6;14118.5;12637.8;11312;10125.3;9062.69;8111.09;7259.71;6497.42;5815.18;5204.5;4657.77;4168.39;3730.19;3337.92;2986.73;2672.31;2390.8;2138.77;1913.09;1710.97;1529.97;1367.88;1222.67;1092.63;976.153;871.836;778.412;694.764;619.983;553.16;493.544;440.585;393.751;352.731
2;7137428932345;50;frequency;20000.00000002444;22385.53853899816;25055.61678390222;28044.17375656954;31389.19662092121;35133.2035329932;39323.78408414649;44014.2042055669;49264.08322518227;55140.1516811012;61717.09952482729;69078.52549602467;77317.99973512921;86540.25314108083;96862.50859274992;108415.9709538568;121347.4948009008;135821.4510731415;152021.8163702936;170154.5114554648;190450.0186878266;213166.3116533389;238592.1342356312;267050.6708003728;298903.6541519141;334555.9634717432;374460.7706856584;419125.3006744233;469117.2785435782;525072.1459047724;587701.13789258;657800.3235824071;736260.7247225839;824079.6413975459;922373.3285811875;1032391.184709951;1155531.632626961;1293359.894754076;1447627.888434013;1620296.494325686;1813560.480908265;2029876.401899315;2271993.821195295;2542990.262224833;2846310.325953354;3185809.474764127;3565803.038745301;3991121.067296888;4467169.723268114;4999999.999999929
2;7137428932345;50;phasez;-1.5382;-1.53837;-1.53805;-1.53768;-1.53742;-1.53692;-1.5362;-1.53577;-1.53504;-1.53422;-1.53324;-1.53205;-1.53076;-1.52934;-1.52761;-1.52579;-1.52362;-1.52123;-1.51852;-1.51551;-1.51206;-1.50822;-1.50393;-1.49912;-1.49366;-1.48756;-1.48072;-1.47306;-1.46446;-1.45479;-1.44395;-1.43179;-1.41814;-1.40281;-1.38558;-1.36624;-1.34449;-1.32001;-1.29246;-1.26139;-1.22635;-1.18678;-1.14201;-1.09127;-1.03363;-0.968085;-0.893298;-0.807805;-0.709876;-0.597539
3;7137747571776;20;absz;17153.1;14014.2;11443;9345.76;7632.6;6232.29;5088.98;4154.85;3391.89;2768.52;2258.9;1842.28;1501.97;1223.54;995.859;809.603;657.304;533.108;432.36;351.836
3;7137747571776;20;frequency;99999.99999990905;122862.535599424;150952.0265389597;185463.4873444638;227865.1431623047;279960.8926363817;343967.05137965;422606.6409511731;519225.2346839865;637933.2888043621;783781.0140572543;962973.2274171232;1183133.324347452;1453627.601814205;1785963.729760951;2194280.323268956;2695948.443325946;3312310.615921419;4069588.809647371;4999999.999999929
3;7137747571776;20;phasez;-1.52684;-1.52356;-1.51955;-1.51454;-1.50821;-1.50038;-1.49067;-1.47864;-1.46373;-1.44525;-1.42239;-1.3941;-1.359;-1.31538;-1.26103;-1.19306;-1.10756;-0.999321;-0.861082;-0.683253
