0;5478785794861;20;absz;1.44148e+08;1.04981e+08;7.63891e+07;5.55883e+07;4.04226e+07;2.94081e+07;2.13753e+07;1.55383e+07;1.12931e+07;8.20727e+06;5.96349e+06;4.33245e+06;3.14716e+06;2.28574e+06;1.6598e+06;1.2051e+06;874787;634929;460744;334303
0;5478785794861;20;frequency;9.999999974752427;13.86918846435492;19.23543905490988;26.67799336109056;37.00021196095804;51.31629158938722;71.17153245417285;98.70914048804025;136.9015682683994;189.8713664161278;263.3361782500288;365.2259113806622;506.5387032487934;702.5280792305466;974.3494403835484;1351.343611730726;1874.203936580443;2599.368780806799;3605.113577052066;4999.99999995282
0;5478785794861;20;phasez;-1.52271;-1.52433;-1.52586;-1.52736;-1.52831;-1.5299;-1.53026;-1.53109;-1.53177;-1.53235;-1.53282;-1.53317;-1.53337;-1.53337;-1.533;-1.53219;-1.53074;-1.52842;-1.52492;-1.51977
1;5479554035724;50;absz;7.73493e+06;6.61973e+06;5.65325e+06;4.84352e+06;4.14529e+06;3.54538e+06;3.03296e+06;2.59462e+06;2.21907e+06;1.89884e+06;1.62407e+06;1.38896e+06;1.18831e+06;1.01602e+06;868791;743072;635467;543404;464627;397302;339711;290456;248337;212316;181517;155184;132666;113415;96954.4;82880.6;70849.3;60562.6;51768.6;44251.2;37824.1;32329;27630.7;23614.3;20180.1;17243.6;14732.5;12584.9;10747.9;9176.17;7830.95;6679.06;5692.05;4845.69;4119.13;3494.37
1;5479554035724;50;frequency;199.9999999213742;234.625769479635;275.2462588517801;322.8993264769997;378.802514688914;444.3841576318164;521.3198749487447;611.5753842550475;717.456725922716;841.6691823498468;987.3863981368913;1158.33146786315;1358.872060208682;1594.132014446359;1870.122253535556;2193.894364737048;2573.720768452858;3019.306079821149;3542.035062906734;4155.263512473084;4874.659497176026;5718.603679767398;6708.658946337209;7870.121340545211;9232.666380967203;10831.10727442716;12706.28439819177;14906.10877695531;17486.78621595445;20514.25336674129;24065.86241733066;28232.35745111674;33120.19296963342;38854.25382030405;45581.04601983359;53472.44000269313;62730.06193403319;73590.44528463698;86331.07429211862;101277.4737211686;118811.5260634959;139381.228686517;163512.140226203;191820.8086789974;225030.524286467;263989.7996954232;309694.0495706946;363311.0235703185;426210.642505751;499999.9999999716
1;5479554035724;50;phasez;-1.53347;-1.53339;-1.53371;-1.53353;-1.53492;-1.53415;-1.53537;-1.53621;-1.53617;-1.53638;-1.5369;-1.53719;-1.53766;-1.53778;-1.53804;-1.53833;-1.53852;-1.53878;-1.53895;-1.53908;-1.53917;-1.53924;-1.53926;-1.53922;-1.5391;-1.53891;-1.53863;-1.53826;-1.53777;-1.53714;-1.53638;-1.53544;-1.53432;-1.53296;-1.53134;-1.52941;-1.52713;-1.52441;-1.52119;-1.51738;-1.51289;-1.50758;-1.5013;-1.49389;-1.48513;-1.47475;-1.46244;-1.4478;-1.4303;-1.40928
2;5480325353759;50;absz;85408.8;76448.5;68420.5;61251.9;54816.6;49061.1;43913.9;39297.3;35175.1;31483.7;28173.7;25215;22566.5;20196.2;18075.7;16175.9;14478;12957.2;11595.8;10377.9;9287.94;8311.77;7438.54;6656.58;5956.98;5330.63;4769.87;4268.07;3818.97;3416.81;3056.93;2734.62;2446.2;2187.96;1956.76;1749.78;1564.43;1398.46;1249.86;1116.75;997.583;890.852;795.304;709.755;633.337;565.032;504.131;450.026;402.216;360.355
2;5480325353759;50;frequency;20000.00000002444;22385.53853899816;25055.61678390222;28044.17375656954;31389.19662092121;35133.2035329932;39323.78408414649;44014.2042055669;49264.08322518227;55140.1516811012;61717.09952482729;69078.52549602467;77317.99973512921;86540.25314108083;96862.50859274992;108415.9709538568;121347.4948009008;135821.4510731415;152021.8163702936;170154.5114554648;190450.0186878266;213166.3116533389;238592.1342356312;267050.6708003728;298903.6541519141;334555.9634717432;374460.7706856584;419125.3006744233;469117.2785435782;525072.1459047724;587701.13789258;657800.3235824071;736260.7247225839;824079.6413975459;922373.3285811875;1032391.184709951;1155531.632626961;1293359.894754076;1447627.888434013;1620296.494325686;1813560.480908265;2029876.401899315;2271993.821195295;2542990.262224833;2846310.325953354;3185809.474764127;3565803.038745301;3991121.067296888;4467169.723268114;4999999.999999929
2;5480325353759;50;phasez;-1.54083;-1.54076;-1.54039;-1.54019;-1.53971;-1.5394;-1.53869;-1.53823;-1.53726;-1.53642;-1.53561;-1.53433;-1.53301;-1.53154;-1.52987;-1.52795;-1.52585;-1.52342;-1.52067;-1.5176;-1.51418;-1.51034;-1.50605;-1.5012;-1.49577;-1.48968;-1.48289;-1.47524;-1.46664;-1.45703;-1.44623;-1.43412;-1.42051;-1.40523;-1.38805;-1.36876;-1.34704;-1.32262;-1.29511;-1.2641;-1.22913;-1.18962;-1.14492;-1.09426;-1.03671;-0.971278;-0.896614;-0.811271;-0.713528;-0.601415
3;5480641917948;20;absz;17598.5;14372;11733.5;9579.76;7822.24;6385.53;5212.81;4254.98;3472.68;2833.8;2311.43;1884.62;1536.04;1250.95;1017.88;827.315;671.599;544.618;441.699;359.479
3;5480641917948;20;frequency;99999.99999990905;122862.535599424;150952.0265389597;185463.4873444638;227865.1431623047;279960.8926363817;343967.05137965;422606.6409511731;519225.2346839865;637933.2888043621;783781.0140572543;962973.2274171232;1183133.324347452;1453627.601814205;1785963.729760951;2194280.323268956;2695948.443325946;3312310.615921419;4069588.809647371;4999999.999999929
3;5480641917948;20;phasez;-1.52901;-1.52586;-1.52169;-1.51659;-1.51032;-1.50249;-1.49281;-1.48084;-1.46596;-1.44759;-1.42481;-1.39658;-1.36156;-1.31803;-1.26379;-1.19595;-1.11059;-1.00254;-0.864563;-0.687098
