0;8383083720090;20;absz;1.36775e+08;9.97726e+07;7.26813e+07;5.29732e+07;3.85649e+07;2.80775e+07;2.0425e+07;1.48591e+07;1.08059e+07;7.85772e+06;5.71235e+06;4.15226e+06;3.01769e+06;2.19288e+06;1.59334e+06;1.15752e+06;840793;610620;443392;321901
0;8383083720090;20;frequency;9.999999974752427;13.86918846435492;19.23543905490988;26.67799336109056;37.00021196095804;51.31629158938722;71.17153245417285;98.70914048804025;136.9015682683994;189.8713664161278;263.3361782500288;365.2259113806622;506.5387032487934;702.5280792305466;974.3494403835484;1351.343611730726;1874.203936580443;2599.368780806799;3605.113577052066;4999.99999995282
0;8383083720090;20;phasez;-1.51148;-1.51471;-1.51773;-1.51984;-1.52207;-1.52364;-1.52543;-1.52697;-1.52817;-1.52904;-1.52973;-1.5302;-1.53045;-1.53042;-1.53005;-1.52925;-1.52777;-1.52545;-1.52195;-1.5168
1;8383853716739;50;absz;7.39148e+06;6.34415e+06;5.41766e+06;4.64306e+06;3.97631e+06;3.39805e+06;2.90803e+06;2.48865e+06;2.12952e+06;1.82243e+06;1.5588e+06;1.33396e+06;1.14098e+06;976183;835085;714393;611079;522728;447121;382437;327103;279752;239262;204618;174993;149652;127977;109437;93582.8;80024.8;68431.3;58516.2;50037.2;42786.3;36584.4;31281;26744.7;22864.7;19546.1;16706.9;14278.2;12200.3;10422;8900.18;7597.23;6481.14;5524.77;4704.35;3999.88;3393.96
1;8383853716739;50;frequency;199.9999999213742;234.625769479635;275.2462588517801;322.8993264769997;378.802514688914;444.3841576318164;521.3198749487447;611.5753842550475;717.456725922716;841.6691823498468;987.3863981368913;1158.33146786315;1358.872060208682;1594.132014446359;1870.122253535556;2193.894364737048;2573.720768452858;3019.306079821149;3542.035062906734;4155.263512473084;4874.659497176026;5718.603679767398;6708.658946337209;7870.121340545211;9232.666380967203;10831.10727442716;12706.28439819177;14906.10877695531;17486.78621595445;20514.25336674129;24065.86241733066;28232.35745111674;33120.19296963342;38854.25382030405;45581.04601983359;53472.44000269313;62730.06193403319;73590.44528463698;86331.07429211862;101277.4737211686;118811.5260634959;139381.228686517;163512.140226203;191820.8086789974;225030.524286467;263989.7996954232;309694.0495706946;363311.0235703185;426210.642505751;499999.9999999716
1;8383853716739;50;phasez;-1.52834;-1.53169;-1.53058;-1.53175;-1.53265;-1.53222;-1.53276;-1.53304;-1.53397;-1.53347;-1.53408;-1.53418;-1.53449;-1.53485;-1.53516;-1.53533;-1.5356;-1.53572;-1.53595;-1.53606;-1.53617;-1.53626;-1.53624;-1.53618;-1.53606;-1.53584;-1.53554;-1.53515;-1.53462;-1.534;-1.53318;-1.53222;-1.53107;-1.52971;-1.52809;-1.52619;-1.52394;-1.52126;-1.51811;-1.51435;-1.50992;-1.50468;-1.49844;-1.49106;-1.48233;-1.47195;-1.45963;-1.44496;-1.42741;-1.40631
2;8384625062480;50;absz;82422.4;73808.5;66062.3;59150.8;52961.2;47412.7;42449.9;38003.2;34018.8;30453.8;27264.9;24407.2;21848.6;19557.1;17507.8;15672.7;14029.1;12558.1;11241.2;10062.5;9006.87;8062.03;7215.88;6458.57;5780.78;5173.77;4630.37;4143.99;3708.54;3318.63;2969.6;2657.09;2377.31;2126.79;1902.4;1701.49;1521.59;1360.44;1216.12;1086.81;971.01;867.275;774.401;691.209;616.835;550.359;491.065;438.384;391.792;350.976
2;8384625062480;50;frequency;20000.00000002444;22385.53853899816;25055.61678390222;28044.17375656954;31389.19662092121;35133.2035329932;39323.78408414649;44014.2042055669;49264.08322518227;55140.1516811012;61717.09952482729;69078.52549602467;77317.99973512921;86540.25314108083;96862.50859274992;108415.9709538568;121347.4948009008;135821.4510731415;152021.8163702936;170154.5114554648;190450.0186878266;213166.3116533389;238592.1342356312;267050.6708003728;298903.6541519141;334555.9634717432;374460.7706856584;419125.3006744233;469117.2785435782;525072.1459047724;587701.13789258;657800.3235824071;736260.7247225839;824079.6413975459;922373.3285811875;1032391.184709951;1155531.632626961;1293359.894754076;1447627.888434013;1620296.494325686;1813560.480908265;2029876.401899315;2271993.821195295;2542990.262224833;2846310.325953354;3185809.474764127;3565803.038745301;3991121.067296888;4467169.723268114;4999999.999999929
2;8384625062480;50;phasez;-1.53771;-1.53748;-1.53705;-1.53699;-1.5364;-1.53583;-1.53553;-1.53489;-1.53404;-1.53329;-1.53228;-1.53114;-1.52993;-1.52845;-1.52685;-1.52496;-1.52278;-1.5205;-1.51778;-1.51475;-1.51134;-1.50754;-1.50323;-1.49838;-1.49296;-1.48686;-1.48;-1.47234;-1.46372;-1.45405;-1.44319;-1.43103;-1.41736;-1.40202;-1.38478;-1.36541;-1.34363;-1.31912;-1.29154;-1.26045;-1.22538;-1.18578;-1.14098;-1.09021;-1.03253;-0.966944;-0.892104;-0.806553;-0.708561;-0.596135
3;8384943509724;20;absz;17039.8;13923.4;11371.6;9287.43;7586.03;6194.57;5058.82;4130.52;3372.36;2752.75;2246.21;1832.1;1493.81;1217.01;990.637;805.43;653.986;530.442;430.209;350.084
3;8384943509724;20;frequency;99999.99999990905;122862.535599424;150952.0265389597;185463.4873444638;227865.1431623047;279960.8926363817;343967.05137965;422606.6409511731;519225.2346839865;637933.2888043621;783781.0140572543;962973.2274171232;1183133.324347452;1453627.601814205;1785963.729760951;2194280.323268956;2695948.443325946;3312310.615921419;4069588.809647371;4999999.999999929
3;8384943509724;20;phasez;-1.52588;-1.52276;-1.5188;-1.51381;-1.50753;-1.49965;-1.48998;-1.47794;-1.46299;-1.44451;-1.42162;-1.39327;-1.35811;-1.31444;-1.26004;-1.19202;-1.10645;-0.998121;-0.859771;-0.6818
