0;3793895817174;20;absz;1.59567e+08;1.15992e+08;8.4262e+07;6.12105e+07;4.44474e+07;3.22868e+07;2.34239e+07;1.69985e+07;1.23333e+07;8.94618e+06;6.48859e+06;4.7052e+06;3.41157e+06;2.47318e+06;1.79257e+06;1.29908e+06;941342;682007;494044;357845
0;3793895817174;20;frequency;9.999999974752427;13.86918846435492;19.23543905490988;26.67799336109056;37.00021196095804;51.31629158938722;71.17153245417285;98.70914048804025;136.9015682683994;189.8713664161278;263.3361782500288;365.2259113806622;506.5387032487934;702.5280792305466;974.3494403835484;1351.343611730726;1874.203936580443;2599.368780806799;3605.113577052066;4999.99999995282
0;3793895817174;20;phasez;-1.53238;-1.53341;-1.5346;-1.53529;-1.53677;-1.53778;-1.53862;-1.53946;-1.54038;-1.54102;-1.54153;-1.5419;-1.5421;-1.54202;-1.5416;-1.54068;-1.53912;-1.53667;-1.53297;-1.52757
1;3794664873833;50;absz;8.44908e+06;7.19783e+06;6.15469e+06;5.26037e+06;4.50644e+06;3.84461e+06;3.28757e+06;2.80997e+06;2.40167e+06;2.05121e+06;1.75352e+06;1.49884e+06;1.28072e+06;1.09432e+06;935005;798942;682575;583147;498252;425680;363657;310691;265422;226745;193709;165487;141376;120775;103180;88146;75304.8;64334.5;54962.3;46954.3;40113.2;34267.5;29272.7;25004.5;21357.2;18240.1;15575.7;13298;11350.9;9685.62;8260.95;7041.62;5997.53;5102.63;4334.84;3675.1
1;3794664873833;50;frequency;199.9999999213742;234.625769479635;275.2462588517801;322.8993264769997;378.802514688914;444.3841576318164;521.3198749487447;611.5753842550475;717.456725922716;841.6691823498468;987.3863981368913;1158.33146786315;1358.872060208682;1594.132014446359;1870.122253535556;2193.894364737048;2573.720768452858;3019.306079821149;3542.035062906734;4155.263512473084;4874.659497176026;5718.603679767398;6708.658946337209;7870.121340545211;9232.666380967203;10831.10727442716;12706.28439819177;14906.10877695531;17486.78621595445;20514.25336674129;24065.86241733066;28232.35745111674;33120.19296963342;38854.25382030405;45581.04601983359;53472.44000269313;62730.06193403319;73590.44528463698;86331.07429211862;101277.4737211686;118811.5260634959;139381.228686517;163512.140226203;191820.8086789974;225030.524286467;263989.7996954232;309694.0495706946;363311.0235703185;426210.642505751;499999.9999999716
1;3794664873833;50;phasez;-1.54067;-1.54129;-1.54146;-1.54322;-1.54332;-1.54495;-1.54455;-1.54423;-1.54493;-1.5454;-1.54555;-1.54595;-1.54604;-1.54628;-1.54636;-1.54661;-1.54687;-1.54687;-1.54695;-1.54703;-1.54697;-1.54693;-1.54678;-1.54658;-1.54631;-1.54594;-1.54549;-1.54494;-1.54428;-1.5435;-1.54258;-1.5415;-1.54023;-1.53876;-1.53704;-1.53504;-1.53269;-1.52994;-1.5267;-1.5229;-1.51842;-1.51314;-1.5069;-1.49953;-1.4908;-1.48047;-1.4682;-1.45358;-1.4361;-1.41508
2;3795433007196;50;absz;90852.9;81304.9;72735.8;65056.5;58207.2;52083.9;46600.1;41689.2;37302.5;33369.4;29851.9;26707.2;23893.7;21376.4;19123;17109.6;15306.2;13692.9;12250.9;10959.8;9804.13;8770.2;7845.53;7017.88;6277.7;5615.18;5022.58;4492.28;4017.68;3593.02;3213.17;2873.23;2569.06;2296.88;2053.31;1835.36;1640.32;1465.72;1309.46;1169.61;1044.47;932.457;832.245;742.578;662.513;591.023;527.306;470.78;420.864;377.208
2;3795433007196;50;frequency;20000.00000002444;22385.53853899816;25055.61678390222;28044.17375656954;31389.19662092121;35133.2035329932;39323.78408414649;44014.2042055669;49264.08322518227;55140.1516811012;61717.09952482729;69078.52549602467;77317.99973512921;86540.25314108083;96862.50859274992;108415.9709538568;121347.4948009008;135821.4510731415;152021.8163702936;170154.5114554648;190450.0186878266;213166.3116533389;238592.1342356312;267050.6708003728;298903.6541519141;334555.9634717432;374460.7706856584;419125.3006744233;469117.2785435782;525072.1459047724;587701.13789258;657800.3235824071;736260.7247225839;824079.6413975459;922373.3285811875;1032391.184709951;1155531.632626961;1293359.894754076;1447627.888434013;1620296.494325686;1813560.480908265;2029876.401899315;2271993.821195295;2542990.262224833;2846310.325953354;3185809.474764127;3565803.038745301;3991121.067296888;4467169.723268114;4999999.999999929
2;3795433007196;50;phasez;-1.54691;-1.54691;-1.5465;-1.5461;-1.54573;-1.54517;-1.5445;-1.54383;-1.54289;-1.54222;-1.5411;-1.53987;-1.53857;-1.53712;-1.53541;-1.53351;-1.53137;-1.52893;-1.52626;-1.52323;-1.51984;-1.516;-1.51173;-1.5069;-1.5015;-1.49546;-1.48864;-1.48102;-1.47245;-1.46284;-1.45202;-1.43988;-1.42625;-1.41094;-1.39373;-1.37438;-1.35263;-1.32813;-1.30056;-1.26949;-1.23444;-1.19485;-1.15008;-1.09935;-1.0417;-0.976217;-0.901497;-0.816127;-0.718361;-0.606263
3;3795752469570;20;absz;18620.1;15195.6;12398.5;10114.6;8252.53;6731.9;5490.9;4478.87;3652.16;2977.82;2427.05;1977.43;1610.47;1310.69;1065.86;865.872;702.624;569.703;462.105;376.323
3;3795752469570;20;frequency;99999.99999990905;122862.535599424;150952.0265389597;185463.4873444638;227865.1431623047;279960.8926363817;343967.05137965;422606.6409511731;519225.2346839865;637933.2888043621;783781.0140572543;962973.2274171232;1183133.324347452;1453627.601814205;1785963.729760951;2194280.323268956;2695948.443325946;3312310.615921419;4069588.809647371;4999999.999999929
3;3795752469570;20;phasez;-1.53445;-1.53123;-1.5273;-1.52222;-1.51597;-1.50823;-1.49857;-1.48659;-1.47177;-1.45337;-1.43051;-1.40224;-1.36712;-1.32347;-1.2691;-1.20112;-1.11563;-1.00745;-0.869395;-0.691944
