0;6298906638367;20;absz;1.406e+08;1.02435e+08;7.45339e+07;5.42694e+07;3.94892e+07;2.8743e+07;2.08925e+07;1.5192e+07;1.10447e+07;8.02894e+06;5.83556e+06;4.24089e+06;3.08166e+06;2.23889e+06;1.62637e+06;1.1812e+06;857787;622791;452099;328138
0;6298906638367;20;frequency;9.999999974752427;13.86918846435492;19.23543905490988;26.67799336109056;37.00021196095804;51.31629158938722;71.17153245417285;98.70914048804025;136.9015682683994;189.8713664161278;263.3361782500288;365.2259113806622;506.5387032487934;702.5280792305466;974.3494403835484;1351.343611730726;1874.203936580443;2599.368780806799;3605.113577052066;4999.99999995282
0;6298906638367;20;phasez;-1.51823;-1.52033;-1.52247;-1.52416;-1.52578;-1.52735;-1.52836;-1.52929;-1.53016;-1.53077;-1.53119;-1.53158;-1.53176;-1.5317;-1.53134;-1.5305;-1.52909;-1.5268;-1.52331;-1.51818
1;6299679480433;50;absz;7.57474e+06;6.47217e+06;5.54304e+06;4.7434e+06;4.05709e+06;3.4738e+06;2.96986e+06;2.54223e+06;2.1742e+06;1.86019e+06;1.59108e+06;1.3613e+06;1.16446e+06;996017;852008;728720;623272;533092;455889;389892;333438;285142;243827;208495;178274;152435;130337;111442;95280.6;81462.6;69647.5;59546.1;50906.7;43520.2;37205.4;31805.5;27187.3;23238.9;19862;16974.2;14504.4;12391.5;10583.8;9037.12;7713.11;6579.24;5607.61;4774.39;4058.87;3443.66
1;6299679480433;50;frequency;199.9999999213742;234.625769479635;275.2462588517801;322.8993264769997;378.802514688914;444.3841576318164;521.3198749487447;611.5753842550475;717.456725922716;841.6691823498468;987.3863981368913;1158.33146786315;1358.872060208682;1594.132014446359;1870.122253535556;2193.894364737048;2573.720768452858;3019.306079821149;3542.035062906734;4155.263512473084;4874.659497176026;5718.603679767398;6708.658946337209;7870.121340545211;9232.666380967203;10831.10727442716;12706.28439819177;14906.10877695531;17486.78621595445;20514.25336674129;24065.86241733066;28232.35745111674;33120.19296963342;38854.25382030405;45581.04601983359;53472.44000269313;62730.06193403319;73590.44528463698;86331.07429211862;101277.4737211686;118811.5260634959;139381.228686517;163512.140226203;191820.8086789974;225030.524286467;263989.7996954232;309694.0495706946;363311.0235703185;426210.642505751;499999.9999999716
1;6299679480433;50;phasez;-1.53356;-1.53167;-1.53272;-1.53045;-1.53338;-1.53324;-1.53416;-1.53469;-1.53467;-1.53478;-1.53552;-1.53571;-1.53578;-1.53616;-1.53651;-1.53676;-1.53693;-1.5371;-1.53726;-1.53744;-1.53757;-1.53766;-1.53769;-1.53765;-1.53753;-1.53737;-1.5371;-1.53674;-1.53627;-1.53564;-1.53489;-1.53395;-1.53283;-1.53147;-1.52986;-1.52795;-1.52568;-1.52299;-1.5198;-1.51602;-1.51154;-1.50625;-1.5;-1.49259;-1.48382;-1.47343;-1.46111;-1.44643;-1.4289;-1.40783
2;6300450796090;50;absz;83934.8;75142.7;67254.2;60213.8;53902.4;48244.8;43186.8;38661.2;34602.4;30972.6;27721.7;24813.4;22208.6;19877;17790.9;15923.7;14253;12757.3;11418.1;10220.3;9146.47;8186.26;7326.4;6556.84;5867.97;5251.59;4699.72;4205.64;3763.33;3367.42;3012.95;2695.62;2411.53;2157.14;1929.41;1725.48;1542.85;1379.3;1232.83;1101.65;984.15;878.93;784.726;700.365;624.969;557.582;497.491;444.105;396.912;355.59
2;6300450796090;50;frequency;20000.00000002444;22385.53853899816;25055.61678390222;28044.17375656954;31389.19662092121;35133.2035329932;39323.78408414649;44014.2042055669;49264.08322518227;55140.1516811012;61717.09952482729;69078.52549602467;77317.99973512921;86540.25314108083;96862.50859274992;108415.9709538568;121347.4948009008;135821.4510731415;152021.8163702936;170154.5114554648;190450.0186878266;213166.3116533389;238592.1342356312;267050.6708003728;298903.6541519141;334555.9634717432;374460.7706856584;419125.3006744233;469117.2785435782;525072.1459047724;587701.13789258;657800.3235824071;736260.7247225839;824079.6413975459;922373.3285811875;1032391.184709951;1155531.632626961;1293359.894754076;1447627.888434013;1620296.494325686;1813560.480908265;2029876.401899315;2271993.821195295;2542990.262224833;2846310.325953354;3185809.474764127;3565803.038745301;3991121.067296888;4467169.723268114;4999999.999999929
2;6300450796090;50;phasez;-1.53913;-1.53898;-1.53907;-1.5385;-1.53829;-1.53794;-1.53726;-1.5367;-1.53594;-1.5351;-1.53403;-1.53294;-1.53159;-1.53015;-1.52853;-1.52665;-1.52446;-1.52205;-1.51939;-1.5163;-1.51289;-1.50905;-1.50473;-1.49988;-1.49446;-1.48834;-1.48152;-1.47385;-1.46524;-1.45559;-1.44477;-1.43262;-1.41898;-1.40367;-1.38646;-1.36712;-1.34539;-1.32092;-1.29338;-1.26233;-1.22731;-1.18775;-1.143;-1.09227;-1.03464;-0.969112;-0.894344;-0.808877;-0.710979;-0.598671
3;6300770150412;20;absz;17322.6;14147.6;11551.9;9433.08;7703.43;6289.55;5135.51;4192.35;3422.28;2792.97;2278.64;1858.16;1514.78;1233.85;1004.14;816.244;662.672;537.42;435.852;354.705
3;6300770150412;20;frequency;99999.99999990905;122862.535599424;150952.0265389597;185463.4873444638;227865.1431623047;279960.8926363817;343967.05137965;422606.6409511731;519225.2346839865;637933.2888043621;783781.0140572543;962973.2274171232;1183133.324347452;1453627.601814205;1785963.729760951;2194280.323268956;2695948.443325946;3312310.615921419;4069588.809647371;4999999.999999929
3;6300770150412;20;phasez;-1.52765;-1.52454;-1.52045;-1.5153;-1.50905;-1.50117;-1.49149;-1.47942;-1.46454;-1.44609;-1.42327;-1.39497;-1.35989;-1.3163;-1.26198;-1.19404;-1.10856;-1.00035;-0.862144;-0.684363
