0;8575565230747;20;absz;1.36683e+08;9.96823e+07;7.26644e+07;5.29131e+07;3.85304e+07;2.80315e+07;2.04086e+07;1.48441e+07;1.07965e+07;7.85102e+06;5.70783e+06;4.14903e+06;3.01544e+06;2.1913e+06;1.59213e+06;1.15667e+06;840158;610154;443060;321662
0;8575565230747;20;frequency;9.999999974752427;13.86918846435492;19.23543905490988;26.67799336109056;37.00021196095804;51.31629158938722;71.17153245417285;98.70914048804025;136.9015682683994;189.8713664161278;263.3361782500288;365.2259113806622;506.5387032487934;702.5280792305466;974.3494403835484;1351.343611730726;1874.203936580443;2599.368780806799;3605.113577052066;4999.99999995282
0;8575565230747;20;phasez;-1.51066;-1.51447;-1.51749;-1.51988;-1.52205;-1.5238;-1.5255;-1.52682;-1.52796;-1.52886;-1.52961;-1.53012;-1.53039;-1.5304;-1.53004;-1.52919;-1.52776;-1.52544;-1.52195;-1.51681
1;8576333310319;50;absz;7.39973e+06;6.33451e+06;5.41236e+06;4.64212e+06;3.9707e+06;3.3969e+06;2.90477e+06;2.48734e+06;2.12776e+06;1.82069e+06;1.55769e+06;1.33287e+06;1.14007e+06;975511;834475;713842;610625;522334;446786;382151;326854;279539;239081;204467;174862;149537;127878;109356;93513.2;79963.9;68375.2;58468.1;49995;42748.8;36552.3;31252.5;26719.7;22844.1;19527.9;16691.9;14265.5;12189.9;10413.9;8893.45;7591.65;6476.84;5521.18;4701.41;3997.48;3392.01
1;8576333310319;50;frequency;199.9999999213742;234.625769479635;275.2462588517801;322.8993264769997;378.802514688914;444.3841576318164;521.3198749487447;611.5753842550475;717.456725922716;841.6691823498468;987.3863981368913;1158.33146786315;1358.872060208682;1594.132014446359;1870.122253535556;2193.894364737048;2573.720768452858;3019.306079821149;3542.035062906734;4155.263512473084;4874.659497176026;5718.603679767398;6708.658946337209;7870.121340545211;9232.666380967203;10831.10727442716;12706.28439819177;14906.10877695531;17486.78621595445;20514.25336674129;24065.86241733066;28232.35745111674;33120.19296963342;38854.25382030405;45581.04601983359;53472.44000269313;62730.06193403319;73590.44528463698;86331.07429211862;101277.4737211686;118811.5260634959;139381.228686517;163512.140226203;191820.8086789974;225030.524286467;263989.7996954232;309694.0495706946;363311.0235703185;426210.642505751;499999.9999999716
1;8576333310319;50;phasez;-1.52992;-1.53052;-1.53033;-1.53126;-1.53278;-1.53265;-1.53256;-1.53278;-1.53375;-1.53382;-1.534;-1.53432;-1.53454;-1.53497;-1.53513;-1.53523;-1.53556;-1.53575;-1.53589;-1.53611;-1.53617;-1.53622;-1.53623;-1.53622;-1.53608;-1.53588;-1.5356;-1.53521;-1.53469;-1.53405;-1.53327;-1.53231;-1.53116;-1.52978;-1.52814;-1.52622;-1.52393;-1.52122;-1.51802;-1.51425;-1.50978;-1.5045;-1.49825;-1.49087;-1.48212;-1.47175;-1.45943;-1.44476;-1.42722;-1.40614
2;8577104912710;50;absz;82323.6;73729.7;66001.5;59100.6;52892.3;47364.7;42403.7;37963.3;33981.8;30425;27233.5;24376.9;21825.2;19535.6;17487.9;15655.4;14014.8;12545.2;11230;10052.7;8998.07;8054.23;7209.24;6452.7;5775.6;5169.41;4626.56;4140.67;3705.66;3316.15;2967.37;2655.14;2375.56;2125.23;1901.08;1700.35;1520.56;1359.54;1215.29;1086.11;970.384;866.727;773.91;690.756;616.452;550.015;490.756;438.092;391.534;350.743
2;8577104912710;50;frequency;20000.00000002444;22385.53853899816;25055.61678390222;28044.17375656954;31389.19662092121;35133.2035329932;39323.78408414649;44014.2042055669;49264.08322518227;55140.1516811012;61717.09952482729;69078.52549602467;77317.99973512921;86540.25314108083;96862.50859274992;108415.9709538568;121347.4948009008;135821.4510731415;152021.8163702936;170154.5114554648;190450.0186878266;213166.3116533389;238592.1342356312;267050.6708003728;298903.6541519141;334555.9634717432;374460.7706856584;419125.3006744233;469117.2785435782;525072.1459047724;587701.13789258;657800.3235824071;736260.7247225839;824079.6413975459;922373.3285811875;1032391.184709951;1155531.632626961;1293359.894754076;1447627.888434013;1620296.494325686;1813560.480908265;2029876.401899315;2271993.821195295;2542990.262224833;2846310.325953354;3185809.474764127;3565803.038745301;3991121.067296888;4467169.723268114;4999999.999999929
2;8577104912710;50;phasez;-1.53756;-1.53742;-1.53732;-1.5369;-1.53637;-1.53589;-1.53547;-1.53492;-1.53423;-1.53334;-1.53232;-1.53119;-1.52984;-1.52846;-1.52672;-1.52481;-1.52269;-1.52027;-1.51763;-1.51456;-1.51119;-1.50733;-1.50304;-1.4982;-1.49278;-1.48669;-1.47987;-1.47218;-1.46357;-1.45391;-1.44307;-1.43091;-1.41723;-1.4019;-1.38467;-1.3653;-1.34352;-1.31903;-1.29145;-1.26037;-1.22531;-1.18572;-1.14093;-1.09015;-1.0325;-0.966908;-0.892077;-0.806532;-0.708539;-0.596121
3;8577421027990;20;absz;17022.1;13906.8;11359.5;9278.44;7579.3;6189.18;5054.63;4127.24;3369.69;2750.63;2244.6;1830.79;1492.77;1216.17;989.961;804.89;653.559;530.092;429.928;349.849
3;8577421027990;20;frequency;99999.99999990905;122862.535599424;150952.0265389597;185463.4873444638;227865.1431623047;279960.8926363817;343967.05137965;422606.6409511731;519225.2346839865;637933.2888043621;783781.0140572543;962973.2274171232;1183133.324347452;1453627.601814205;1785963.729760951;2194280.323268956;2695948.443325946;3312310.615921419;4069588.809647371;4999999.999999929
3;8577421027990;20;phasez;-1.52577;-1.52272;-1.51865;-1.51362;-1.50735;-1.49953;-1.48983;-1.47779;-1.46283;-1.44437;-1.42151;-1.39317;-1.35802;-1.31436;-1.25997;-1.19196;-1.10639;-0.998079;-0.859735;-0.68175
