0;5010068629885;20;absz;1.47327e+08;1.07163e+08;7.79535e+07;5.67172e+07;4.12344e+07;2.99652e+07;2.17891e+07;1.58352e+07;1.15061e+07;8.35949e+06;6.0728e+06;4.41104e+06;3.20337e+06;2.32585e+06;1.68843e+06;1.22541e+06;889237;645161;468017;339452
0;5010068629885;20;frequency;9.999999974752427;13.86918846435492;19.23543905490988;26.67799336109056;37.00021196095804;51.31629158938722;71.17153245417285;98.70914048804025;136.9015682683994;189.8713664161278;263.3361782500288;365.2259113806622;506.5387032487934;702.5280792305466;974.3494403835484;1351.343611730726;1874.203936580443;2599.368780806799;3605.113577052066;4999.99999995282
0;5010068629885;20;phasez;-1.5248;-1.52629;-1.52819;-1.52898;-1.53011;-1.53132;-1.53161;-1.53239;-1.53312;-1.53362;-1.53414;-1.53452;-1.53477;-1.53481;-1.53453;-1.53373;-1.53236;-1.53005;-1.52654;-1.52136
1;5010836642771;50;absz;7.89761e+06;6.73258e+06;5.76533e+06;4.92838e+06;4.2228e+06;3.60736e+06;3.08564e+06;2.63892e+06;2.259e+06;1.9313e+06;1.6517e+06;1.41274e+06;1.20794e+06;1.03294e+06;883200;755150;645684;552051;471971;403494;344942;294882;252082;215484;184201;157451;134585;115036;98327;84040.5;71828.9;61391.3;52470.1;44843.3;38325.3;32753.4;27990.3;23918.7;20437.9;17462.5;14918;12742.1;10881.3;9289.2;7926.65;6760.07;5760.5;4903.48;4167.71;3535.27
1;5010836642771;50;frequency;199.9999999213742;234.625769479635;275.2462588517801;322.8993264769997;378.802514688914;444.3841576318164;521.3198749487447;611.5753842550475;717.456725922716;841.6691823498468;987.3863981368913;1158.33146786315;1358.872060208682;1594.132014446359;1870.122253535556;2193.894364737048;2573.720768452858;3019.306079821149;3542.035062906734;4155.263512473084;4874.659497176026;5718.603679767398;6708.658946337209;7870.121340545211;9232.666380967203;10831.10727442716;12706.28439819177;14906.10877695531;17486.78621595445;20514.25336674129;24065.86241733066;28232.35745111674;33120.19296963342;38854.25382030405;45581.04601983359;53472.44000269313;62730.06193403319;73590.44528463698;86331.07429211862;101277.4737211686;118811.5260634959;139381.228686517;163512.140226203;191820.8086789974;225030.524286467;263989.7996954232;309694.0495706946;363311.0235703185;426210.642505751;499999.9999999716
1;5010836642771;50;phasez;-1.53614;-1.5343;-1.53415;-1.53411;-1.53652;-1.53665;-1.5367;-1.53789;-1.5374;-1.5384;-1.53818;-1.53883;-1.53912;-1.53931;-1.53969;-1.53982;-1.54014;-1.54039;-1.54053;-1.54068;-1.54079;-1.54081;-1.5408;-1.54075;-1.54062;-1.54042;-1.54013;-1.53971;-1.53922;-1.53858;-1.53779;-1.53682;-1.53566;-1.53427;-1.53261;-1.53065;-1.52832;-1.52557;-1.52232;-1.51849;-1.51397;-1.50865;-1.50237;-1.49496;-1.48621;-1.47585;-1.46356;-1.44894;-1.43147;-1.41047
2;5011606365032;50;absz;86596.8;77510.3;69375.9;62096.3;55559.6;49725.2;44502;39827.9;35640.5;31896.6;28543.1;25540.9;22857;20455.3;18305.4;16382.4;14660.7;13120;11740.9;10506.9;9402.56;8414.11;7528.97;6737.31;6028.57;5394.48;4826.81;4318.69;3863.87;3456.72;3092.34;2766.13;2474.15;2212.74;1978.75;1769.28;1581.73;1413.83;1263.48;1128.84;1008.29;900.353;803.747;717.273;639.986;570.95;509.396;454.744;406.455;364.169
2;5011606365032;50;frequency;20000.00000002444;22385.53853899816;25055.61678390222;28044.17375656954;31389.19662092121;35133.2035329932;39323.78408414649;44014.2042055669;49264.08322518227;55140.1516811012;61717.09952482729;69078.52549602467;77317.99973512921;86540.25314108083;96862.50859274992;108415.9709538568;121347.4948009008;135821.4510731415;152021.8163702936;170154.5114554648;190450.0186878266;213166.3116533389;238592.1342356312;267050.6708003728;298903.6541519141;334555.9634717432;374460.7706856584;419125.3006744233;469117.2785435782;525072.1459047724;587701.13789258;657800.3235824071;736260.7247225839;824079.6413975459;922373.3285811875;1032391.184709951;1155531.632626961;1293359.894754076;1447627.888434013;1620296.494325686;1813560.480908265;2029876.401899315;2271993.821195295;2542990.262224833;2846310.325953354;3185809.474764127;3565803.038745301;3991121.067296888;4467169.723268114;4999999.999999929
2;5011606365032;50;phasez;-1.54236;-1.54212;-1.54206;-1.54144;-1.54105;-1.54057;-1.54003;-1.53933;-1.53868;-1.53772;-1.53671;-1.53553;-1.53416;-1.53263;-1.531;-1.52906;-1.52689;-1.52449;-1.52175;-1.51868;-1.51524;-1.51142;-1.50714;-1.5023;-1.49688;-1.49083;-1.484;-1.47639;-1.46783;-1.45822;-1.44745;-1.43534;-1.42174;-1.40648;-1.38932;-1.37003;-1.34833;-1.3239;-1.29641;-1.26541;-1.23044;-1.19094;-1.14626;-1.09562;-1.03807;-0.972664;-0.898029;-0.81271;-0.715026;-0.602973
3;5011925593573;20;absz;17824.3;14554.8;11880.8;9698.68;7918.37;6463.24;5275.57;4305.68;3513.37;2866.53;2337.77;1905.78;1553.06;1264.64;1028.86;836.131;678.668;550.343;446.337;363.303
3;5011925593573;20;frequency;99999.99999990905;122862.535599424;150952.0265389597;185463.4873444638;227865.1431623047;279960.8926363817;343967.05137965;422606.6409511731;519225.2346839865;637933.2888043621;783781.0140572543;962973.2274171232;1183133.324347452;1453627.601814205;1785963.729760951;2194280.323268956;2695948.443325946;3312310.615921419;4069588.809647371;4999999.999999929
3;5011925593573;20;phasez;-1.5301;-1.52688;-1.5228;-1.51768;-1.51141;-1.50359;-1.49394;-1.48197;-1.46714;-1.4488;-1.42604;-1.39783;-1.36284;-1.31933;-1.26511;-1.19729;-1.11195;-1.00394;-0.86603;-0.688616
