0;8380297106233;20;absz;1.36937e+08;9.98119e+07;7.27246e+07;5.29494e+07;3.85659e+07;2.80723e+07;2.04238e+07;1.48576e+07;1.08065e+07;7.85747e+06;5.71243e+06;4.15215e+06;3.01768e+06;2.19286e+06;1.59333e+06;1.15755e+06;840787;610626;443393;321907
0;8380297106233;20;frequency;9.999999974752427;13.86918846435492;19.23543905490988;26.67799336109056;37.00021196095804;51.31629158938722;71.17153245417285;98.70914048804025;136.9015682683994;189.8713664161278;263.3361782500288;365.2259113806622;506.5387032487934;702.5280792305466;974.3494403835484;1351.343611730726;1874.203936580443;2599.368780806799;3605.113577052066;4999.99999995282
0;8380297106233;20;phasez;-1.51142;-1.51502;-1.5174;-1.51991;-1.52204;-1.52444;-1.5256;-1.52695;-1.52811;-1.529;-1.52969;-1.5302;-1.53046;-1.53043;-1.53005;-1.52924;-1.52776;-1.52544;-1.52195;-1.5168
1;8381067035870;50;absz;7.39617e+06;6.34752e+06;5.42578e+06;4.64376e+06;3.97212e+06;3.39708e+06;2.90855e+06;2.48993e+06;2.12986e+06;1.8223e+06;1.55863e+06;1.33365e+06;1.14127e+06;976178;835049;714418;611134;522728;447121;382442;327104;279758;239260;204622;174989;149650;127975;109437;93585.2;80025.8;68431.5;58515.9;50036.9;42786;36584.4;31280.4;26744.4;22864.6;19546;16707.2;14278.3;12200.3;10422.3;8900.41;7597.25;6481.29;5524.77;4704.33;3999.82;3393.98
1;8381067035870;50;frequency;199.9999999213742;234.625769479635;275.2462588517801;322.8993264769997;378.802514688914;444.3841576318164;521.3198749487447;611.5753842550475;717.456725922716;841.6691823498468;987.3863981368913;1158.33146786315;1358.872060208682;1594.132014446359;1870.122253535556;2193.894364737048;2573.720768452858;3019.306079821149;3542.035062906734;4155.263512473084;4874.659497176026;5718.603679767398;6708.658946337209;7870.121340545211;9232.666380967203;10831.10727442716;12706.28439819177;14906.10877695531;17486.78621595445;20514.25336674129;24065.86241733066;28232.35745111674;33120.19296963342;38854.25382030405;45581.04601983359;53472.44000269313;62730.06193403319;73590.44528463698;86331.07429211862;101277.4737211686;118811.5260634959;139381.228686517;163512.140226203;191820.8086789974;225030.524286467;263989.7996954232;309694.0495706946;363311.0235703185;426210.642505751;499999.9999999716
1;8381067035870;50;phasez;-1.53036;-1.53059;-1.53104;-1.53199;-1.53274;-1.53233;-1.53265;-1.53314;-1.53343;-1.5337;-1.53413;-1.5343;-1.53448;-1.53489;-1.53499;-1.53526;-1.53555;-1.53573;-1.53594;-1.53609;-1.53618;-1.53622;-1.53623;-1.53619;-1.53605;-1.53585;-1.53555;-1.53515;-1.53463;-1.534;-1.5332;-1.53223;-1.53108;-1.52971;-1.52809;-1.52618;-1.52392;-1.52126;-1.5181;-1.51436;-1.50993;-1.50467;-1.49845;-1.49108;-1.48234;-1.47196;-1.45964;-1.44496;-1.42741;-1.40632
2;8381835197061;50;absz;82440.3;73822.7;66085.7;59156.3;52967.1;47413.7;42451.2;37999.3;34018.6;30455.7;27264.8;24406.7;21849.3;19557.2;17507.3;15672.3;14028.8;12557.9;11241.6;10062.2;9006.66;8061.8;7215.75;6458.45;5780.39;5173.57;4630.28;4143.84;3708.51;3318.65;2969.59;2657.04;2377.23;2126.71;1902.4;1701.5;1521.58;1360.43;1216.1;1086.83;971.009;867.288;774.388;691.21;616.83;550.357;491.068;438.372;391.782;350.97
2;8381835197061;50;frequency;20000.00000002444;22385.53853899816;25055.61678390222;28044.17375656954;31389.19662092121;35133.2035329932;39323.78408414649;44014.2042055669;49264.08322518227;55140.1516811012;61717.09952482729;69078.52549602467;77317.99973512921;86540.25314108083;96862.50859274992;108415.9709538568;121347.4948009008;135821.4510731415;152021.8163702936;170154.5114554648;190450.0186878266;213166.3116533389;238592.1342356312;267050.6708003728;298903.6541519141;334555.9634717432;374460.7706856584;419125.3006744233;469117.2785435782;525072.1459047724;587701.13789258;657800.3235824071;736260.7247225839;824079.6413975459;922373.3285811875;1032391.184709951;1155531.632626961;1293359.894754076;1447627.888434013;1620296.494325686;1813560.480908265;2029876.401899315;2271993.821195295;2542990.262224833;2846310.325953354;3185809.474764127;3565803.038745301;3991121.067296888;4467169.723268114;4999999.999999929
2;8381835197061;50;phasez;-1.5375;-1.53739;-1.53726;-1.53676;-1.53641;-1.53619;-1.53549;-1.53485;-1.53426;-1.53332;-1.53235;-1.53114;-1.52992;-1.5285;-1.52682;-1.52498;-1.52285;-1.52048;-1.5178;-1.51475;-1.51137;-1.50755;-1.50324;-1.49838;-1.49297;-1.48688;-1.48002;-1.47236;-1.46373;-1.45405;-1.44321;-1.43103;-1.41737;-1.40202;-1.38478;-1.36541;-1.34362;-1.31913;-1.29154;-1.26046;-1.22539;-1.18579;-1.14099;-1.09023;-1.03254;-0.966955;-0.892112;-0.806563;-0.708574;-0.596146
3;8382154515360;20;absz;17043.3;13924.1;11371;9287.67;7586.26;6194.85;5059.01;4130.59;3372.33;2752.75;2246.18;1832.1;1493.8;1217;990.632;805.442;653.97;530.429;430.206;350.077
3;8382154515360;20;frequency;99999.99999990905;122862.535599424;150952.0265389597;185463.4873444638;227865.1431623047;279960.8926363817;343967.05137965;422606.6409511731;519225.2346839865;637933.2888043621;783781.0140572543;962973.2274171232;1183133.324347452;1453627.601814205;1785963.729760951;2194280.323268956;2695948.443325946;3312310.615921419;4069588.809647371;4999999.999999929
3;8382154515360;20;phasez;-1.52598;-1.52287;-1.51886;-1.51378;-1.5075;-1.49973;-1.49001;-1.47794;-1.463;-1.44451;-1.42162;-1.39327;-1.35812;-1.31445;-1.26004;-1.19202;-1.10644;-0.998123;-0.859774;-0.681757
