0;1637435561363;20;absz;1.97843e+08;1.43022e+08;1.03457e+08;7.48171e+07;5.40917e+07;3.91277e+07;2.82704e+07;2.04348e+07;1.47722e+07;1.06762e+07;7.7168e+06;5.57751e+06;4.03098e+06;2.91338e+06;2.10546e+06;1.52166e+06;1.0997e+06;794766;574419;415164
0;1637435561363;20;frequency;9.999999974752427;13.86918846435492;19.23543905490988;26.67799336109056;37.00021196095804;51.31629158938722;71.17153245417285;98.70914048804025;136.9015682683994;189.8713664161278;263.3361782500288;365.2259113806622;506.5387032487934;702.5280792305466;974.3494403835484;1351.343611730726;1874.203936580443;2599.368780806799;3605.113577052066;4999.99999995282
0;1637435561363;20;phasez;-1.55569;-1.55595;-1.55592;-1.55658;-1.55698;-1.55786;-1.55778;-1.55787;-1.55802;-1.55796;-1.55781;-1.55749;-1.55702;-1.55628;-1.55518;-1.55361;-1.55133;-1.54815;-1.54373;-1.53763
1;1638205321870;50;absz;1.00438e+07;8.57156e+06;7.32149e+06;6.24711e+06;5.33508e+06;4.55205e+06;3.88367e+06;3.31349e+06;2.83032e+06;2.41388e+06;2.05983e+06;1.75812e+06;1.49997e+06;1.27998e+06;1.09233e+06;932165;795450;678867;579382;494425;421986;360124;307354;262334;223900;191105;163123;139241;118859;101462;86616.6;73942.5;63127.2;53894.9;46014.1;39286.4;33542.1;28637.5;24449.6;20873;17818.2;15208.7;12978.7;11072.8;9443.37;8049.51;6856.32;5834.08;4957.29;4203.95
1;1638205321870;50;frequency;199.9999999213742;234.625769479635;275.2462588517801;322.8993264769997;378.802514688914;444.3841576318164;521.3198749487447;611.5753842550475;717.456725922716;841.6691823498468;987.3863981368913;1158.33146786315;1358.872060208682;1594.132014446359;1870.122253535556;2193.894364737048;2573.720768452858;3019.306079821149;3542.035062906734;4155.263512473084;4874.659497176026;5718.603679767398;6708.658946337209;7870.121340545211;9232.666380967203;10831.10727442716;12706.28439819177;14906.10877695531;17486.78621595445;20514.25336674129;24065.86241733066;28232.35745111674;33120.19296963342;38854.25382030405;45581.04601983359;53472.44000269313;62730.06193403319;73590.44528463698;86331.07429211862;101277.4737211686;118811.5260634959;139381.228686517;163512.140226203;191820.8086789974;225030.524286467;263989.7996954232;309694.0495706946;363311.0235703185;426210.642505751;499999.9999999716
1;1638205321870;50;phasez;-1.55775;-1.5587;-1.55986;-1.56035;-1.55845;-1.55917;-1.56034;-1.55947;-1.55936;-1.55901;-1.55925;-1.55912;-1.5592;-1.55876;-1.55881;-1.55848;-1.55838;-1.55808;-1.55779;-1.55746;-1.55712;-1.55673;-1.55625;-1.55571;-1.55511;-1.55442;-1.55366;-1.55279;-1.55181;-1.55066;-1.5494;-1.54797;-1.54634;-1.54446;-1.54231;-1.53988;-1.53708;-1.53384;-1.53012;-1.5258;-1.52078;-1.51494;-1.50812;-1.50015;-1.49082;-1.47985;-1.46693;-1.45165;-1.43349;-1.41179
2;1638976682338;50;absz;104626;93502.3;83609.3;74765.5;66866.3;59795.6;53472.5;47830;42769.3;38247.5;34211.6;30592.8;27357.9;24469;21883.9;19573.8;17507.2;15658.6;14007.1;12529.4;11206.5;10024.8;8967.8;8021.65;7175.61;6418.98;5742.13;5136.62;4595.01;4110.42;3676.83;3288.94;2941.86;2631.29;2353.42;2104.72;1882.12;1682.91;1504.62;1345.01;1202.18;1074.36;959.965;857.655;766.278;684.723;612.128;547.762;491.023;441.551
2;1638976682338;50;frequency;20000.00000002444;22385.53853899816;25055.61678390222;28044.17375656954;31389.19662092121;35133.2035329932;39323.78408414649;44014.2042055669;49264.08322518227;55140.1516811012;61717.09952482729;69078.52549602467;77317.99973512921;86540.25314108083;96862.50859274992;108415.9709538568;121347.4948009008;135821.4510731415;152021.8163702936;170154.5114554648;190450.0186878266;213166.3116533389;238592.1342356312;267050.6708003728;298903.6541519141;334555.9634717432;374460.7706856584;419125.3006744233;469117.2785435782;525072.1459047724;587701.13789258;657800.3235824071;736260.7247225839;824079.6413975459;922373.3285811875;1032391.184709951;1155531.632626961;1293359.894754076;1447627.888434013;1620296.494325686;1813560.480908265;2029876.401899315;2271993.821195295;2542990.262224833;2846310.325953354;3185809.474764127;3565803.038745301;3991121.067296888;4467169.723268114;4999999.999999929
2;1638976682338;50;phasez;-1.55432;-1.55374;-1.55318;-1.55264;-1.55172;-1.55092;-1.55006;-1.54912;-1.54801;-1.54681;-1.5455;-1.54405;-1.54229;-1.54048;-1.5385;-1.53618;-1.53362;-1.53087;-1.52773;-1.52432;-1.5205;-1.51623;-1.51151;-1.50624;-1.50041;-1.4939;-1.48664;-1.47852;-1.46948;-1.45939;-1.4481;-1.43548;-1.42137;-1.40557;-1.38788;-1.36806;-1.34583;-1.32087;-1.29283;-1.2613;-1.2258;-1.18577;-1.14057;-1.0894;-1.03135;-0.965461;-0.890377;-0.804662;-0.706606;-0.594295
3;1639292917435;20;absz;21303.9;17376.9;14176;11562.2;9431.31;7694.54;6276.66;5121.04;4177.43;3407.76;2779.6;2266.67;1847.74;1505.88;1226.47;998.289;811.997;660.398;537.83;440.458
3;1639292917435;20;frequency;99999.99999990905;122862.535599424;150952.0265389597;185463.4873444638;227865.1431623047;279960.8926363817;343967.05137965;422606.6409511731;519225.2346839865;637933.2888043621;783781.0140572543;962973.2274171232;1183133.324347452;1453627.601814205;1785963.729760951;2194280.323268956;2695948.443325946;3312310.615921419;4069588.809647371;4999999.999999929
3;1639292917435;20;phasez;-1.5375;-1.53359;-1.52879;-1.52301;-1.51594;-1.50739;-1.49687;-1.48408;-1.46833;-1.44907;-1.42537;-1.3962;-1.36023;-1.31572;-1.26051;-1.19172;-1.10542;-0.996539;-0.857828;-0.679886
