0;3601393811881;20;absz;1.62258e+08;1.17811e+08;8.55414e+07;6.2144e+07;4.51087e+07;3.27193e+07;2.37493e+07;1.72295e+07;1.24944e+07;9.0596e+06;6.5682e+06;4.76134e+06;3.4511e+06;2.50103e+06;1.81222e+06;1.31289e+06;951028;688812;498860;361252
0;3601393811881;20;frequency;9.999999974752427;13.86918846435492;19.23543905490988;26.67799336109056;37.00021196095804;51.31629158938722;71.17153245417285;98.70914048804025;136.9015682683994;189.8713664161278;263.3361782500288;365.2259113806622;506.5387032487934;702.5280792305466;974.3494403835484;1351.343611730726;1874.203936580443;2599.368780806799;3605.113577052066;4999.99999995282
0;3601393811881;20;phasez;-1.53442;-1.53564;-1.53628;-1.53745;-1.53864;-1.53986;-1.54074;-1.54146;-1.54225;-1.5428;-1.54328;-1.54358;-1.54369;-1.54359;-1.54311;-1.54215;-1.5405;-1.53793;-1.53412;-1.52861
1;3602163708366;50;absz;8.52555e+06;7.29926e+06;6.2393e+06;5.33167e+06;4.55425e+06;3.89218e+06;3.32484e+06;2.84459e+06;2.42861e+06;2.07551e+06;1.77302e+06;1.51504e+06;1.29402e+06;1.10569e+06;944564;806988;689431;588925;503102;429794;367137;313623;267915;228857;195498;167003;142662;121868;104107;88933.6;75972.6;64898.8;55439.3;47357.4;40454.2;34555.6;29515.2;25209;21529.7;18385.2;15698.2;13401.4;11437.8;9758.53;8322.32;7093.21;6040.73;5138.92;4365.21;3700.54
1;3602163708366;50;frequency;199.9999999213742;234.625769479635;275.2462588517801;322.8993264769997;378.802514688914;444.3841576318164;521.3198749487447;611.5753842550475;717.456725922716;841.6691823498468;987.3863981368913;1158.33146786315;1358.872060208682;1594.132014446359;1870.122253535556;2193.894364737048;2573.720768452858;3019.306079821149;3542.035062906734;4155.263512473084;4874.659497176026;5718.603679767398;6708.658946337209;7870.121340545211;9232.666380967203;10831.10727442716;12706.28439819177;14906.10877695531;17486.78621595445;20514.25336674129;24065.86241733066;28232.35745111674;33120.19296963342;38854.25382030405;45581.04601983359;53472.44000269313;62730.06193403319;73590.44528463698;86331.07429211862;101277.4737211686;118811.5260634959;139381.228686517;163512.140226203;191820.8086789974;225030.524286467;263989.7996954232;309694.0495706946;363311.0235703185;426210.642505751;499999.9999999716
1;3602163708366;50;phasez;-1.54227;-1.5429;-1.54346;-1.54527;-1.54538;-1.54551;-1.5463;-1.54583;-1.54694;-1.54715;-1.54685;-1.54718;-1.54747;-1.54768;-1.54781;-1.54799;-1.54801;-1.54809;-1.54807;-1.54811;-1.54804;-1.54788;-1.54772;-1.54748;-1.54717;-1.54678;-1.54631;-1.54576;-1.54509;-1.54434;-1.54341;-1.54234;-1.5411;-1.53965;-1.53795;-1.53596;-1.53363;-1.5309;-1.52767;-1.52387;-1.5194;-1.51412;-1.50788;-1.5005;-1.49178;-1.48143;-1.46915;-1.45452;-1.43702;-1.41598
2;3602931922565;50;absz;91652.7;82017.6;73377.7;65642.9;58720.6;52537.2;46990.9;42050.2;37618.7;33646.2;30102;26928.7;24089.4;21548.8;19277.1;17245.8;15426.4;13800.1;12344.9;11042.7;9877.83;8835.85;7903.63;7069.44;6323.12;5655.41;5058.14;4523.76;4045.58;3617.78;3235.04;2892.63;2586.2;2312.05;2066.75;1847.25;1650.83;1475.05;1317.75;1176.98;1051;938.272;837.412;747.173;666.611;594.684;530.608;473.737;423.534;379.642
2;3602931922565;50;frequency;20000.00000002444;22385.53853899816;25055.61678390222;28044.17375656954;31389.19662092121;35133.2035329932;39323.78408414649;44014.2042055669;49264.08322518227;55140.1516811012;61717.09952482729;69078.52549602467;77317.99973512921;86540.25314108083;96862.50859274992;108415.9709538568;121347.4948009008;135821.4510731415;152021.8163702936;170154.5114554648;190450.0186878266;213166.3116533389;238592.1342356312;267050.6708003728;298903.6541519141;334555.9634717432;374460.7706856584;419125.3006744233;469117.2785435782;525072.1459047724;587701.13789258;657800.3235824071;736260.7247225839;824079.6413975459;922373.3285811875;1032391.184709951;1155531.632626961;1293359.894754076;1447627.888434013;1620296.494325686;1813560.480908265;2029876.401899315;2271993.821195295;2542990.262224833;2846310.325953354;3185809.474764127;3565803.038745301;3991121.067296888;4467169.723268114;4999999.999999929
2;3602931922565;50;phasez;-1.54762;-1.54764;-1.54718;-1.54696;-1.54644;-1.54603;-1.54558;-1.54458;-1.54404;-1.54308;-1.54198;-1.54078;-1.53959;-1.53804;-1.53634;-1.53452;-1.53233;-1.52992;-1.52726;-1.52423;-1.52077;-1.51698;-1.51268;-1.50789;-1.50246;-1.49639;-1.48957;-1.48193;-1.47334;-1.46371;-1.45289;-1.44072;-1.42707;-1.41174;-1.3945;-1.37512;-1.35332;-1.3288;-1.30119;-1.27007;-1.23498;-1.19534;-1.15053;-1.09975;-1.04207;-0.97652;-0.901752;-0.816334;-0.718533;-0.60639
3;3603250735651;20;absz;18770.2;15314.8;12494;10191.4;8314.03;6781.41;5530.71;4510.51;3677.42;2997.98;2443.27;1990.37;1620.78;1318.99;1072.52;871.232;706.977;573.238;465.008;378.747
3;3603250735651;20;frequency;99999.99999990905;122862.535599424;150952.0265389597;185463.4873444638;227865.1431623047;279960.8926363817;343967.05137965;422606.6409511731;519225.2346839865;637933.2888043621;783781.0140572543;962973.2274171232;1183133.324347452;1453627.601814205;1785963.729760951;2194280.323268956;2695948.443325946;3312310.615921419;4069588.809647371;4999999.999999929
3;3603250735651;20;phasez;-1.53559;-1.53228;-1.52825;-1.52325;-1.51698;-1.50919;-1.49953;-1.4875;-1.47266;-1.4542;-1.43135;-1.403;-1.36781;-1.3241;-1.26964;-1.20157;-1.11598;-1.00771;-0.869571;-0.692022
