0;4901261309425;20;absz;1.481e+08;1.07817e+08;7.8417e+07;5.70082e+07;4.14423e+07;3.01376e+07;2.18969e+07;1.59141e+07;1.15631e+07;8.40064e+06;6.10196e+06;4.43181e+06;3.21803e+06;2.33632e+06;1.69587e+06;1.23077e+06;893056;647891;469943;340820
0;4901261309425;20;frequency;9.999999974752427;13.86918846435492;19.23543905490988;26.67799336109056;37.00021196095804;51.31629158938722;71.17153245417285;98.70914048804025;136.9015682683994;189.8713664161278;263.3361782500288;365.2259113806622;506.5387032487934;702.5280792305466;974.3494403835484;1351.343611730726;1874.203936580443;2599.368780806799;3605.113577052066;4999.99999995282
0;4901261309425;20;phasez;-1.52553;-1.52723;-1.52869;-1.52923;-1.53034;-1.53199;-1.53207;-1.53285;-1.53354;-1.53409;-1.53454;-1.53493;-1.53518;-1.53522;-1.53492;-1.53418;-1.53276;-1.53046;-1.52696;-1.52179
1;4902027974599;50;absz;7.91033e+06;6.78141e+06;5.7911e+06;4.95283e+06;4.23974e+06;3.62692e+06;3.10299e+06;2.65223e+06;2.26844e+06;1.93923e+06;1.65946e+06;1.41869e+06;1.21328e+06;1.03735e+06;887015;758426;648453;554356;473923;405125;346345;296062;253077;216327;184908;158051;135089;115461;98683.9;84344.5;72085.4;61608.4;52652.8;44998.6;38456.5;32864.6;28084.2;23998.3;20505.3;17519.7;14966.9;12783.9;10916.6;9318.95;7951.96;6781.57;5778.65;4918.76;4180.64;3546.05
1;4902027974599;50;frequency;199.9999999213742;234.625769479635;275.2462588517801;322.8993264769997;378.802514688914;444.3841576318164;521.3198749487447;611.5753842550475;717.456725922716;841.6691823498468;987.3863981368913;1158.33146786315;1358.872060208682;1594.132014446359;1870.122253535556;2193.894364737048;2573.720768452858;3019.306079821149;3542.035062906734;4155.263512473084;4874.659497176026;5718.603679767398;6708.658946337209;7870.121340545211;9232.666380967203;10831.10727442716;12706.28439819177;14906.10877695531;17486.78621595445;20514.25336674129;24065.86241733066;28232.35745111674;33120.19296963342;38854.25382030405;45581.04601983359;53472.44000269313;62730.06193403319;73590.44528463698;86331.07429211862;101277.4737211686;118811.5260634959;139381.228686517;163512.140226203;191820.8086789974;225030.524286467;263989.7996954232;309694.0495706946;363311.0235703185;426210.642505751;499999.9999999716
1;4902027974599;50;phasez;-1.53488;-1.53495;-1.53576;-1.53646;-1.53632;-1.53761;-1.53792;-1.53772;-1.53773;-1.53842;-1.53902;-1.53918;-1.53952;-1.5398;-1.54014;-1.54021;-1.54063;-1.54077;-1.54098;-1.54107;-1.54119;-1.54126;-1.54124;-1.54116;-1.54105;-1.54084;-1.54054;-1.54013;-1.53963;-1.53898;-1.53818;-1.53719;-1.53603;-1.53461;-1.53293;-1.53096;-1.52862;-1.52585;-1.52259;-1.51876;-1.51423;-1.50891;-1.50263;-1.49522;-1.48647;-1.47612;-1.46384;-1.44922;-1.43176;-1.41077
2;4902796101876;50;absz;86938.2;77797.2;69630;62303;55754.1;49883.3;44657.6;39962.6;35763.5;32001.4;28638.5;25627.9;22933.4;20522.7;18365.5;16435.9;14708.2;13161.7;11778.3;10540.3;9432.61;8440.58;7553.02;6758.67;6047.5;5411.13;4841.69;4331.93;3875.66;3467.15;3101.6;2774.39;2481.43;2219.2;1984.49;1774.42;1586.28;1417.83;1267.02;1131.99;1011.1;902.846;805.974;719.241;641.736;572.518;510.807;456.002;407.585;365.185
2;4902796101876;50;frequency;20000.00000002444;22385.53853899816;25055.61678390222;28044.17375656954;31389.19662092121;35133.2035329932;39323.78408414649;44014.2042055669;49264.08322518227;55140.1516811012;61717.09952482729;69078.52549602467;77317.99973512921;86540.25314108083;96862.50859274992;108415.9709538568;121347.4948009008;135821.4510731415;152021.8163702936;170154.5114554648;190450.0186878266;213166.3116533389;238592.1342356312;267050.6708003728;298903.6541519141;334555.9634717432;374460.7706856584;419125.3006744233;469117.2785435782;525072.1459047724;587701.13789258;657800.3235824071;736260.7247225839;824079.6413975459;922373.3285811875;1032391.184709951;1155531.632626961;1293359.894754076;1447627.888434013;1620296.494325686;1813560.480908265;2029876.401899315;2271993.821195295;2542990.262224833;2846310.325953354;3185809.474764127;3565803.038745301;3991121.067296888;4467169.723268114;4999999.999999929
2;4902796101876;50;phasez;-1.54272;-1.54237;-1.54203;-1.54183;-1.54138;-1.54103;-1.54027;-1.53971;-1.53897;-1.53812;-1.53712;-1.53586;-1.53451;-1.53302;-1.53127;-1.52934;-1.52715;-1.52473;-1.52198;-1.51893;-1.51551;-1.51168;-1.50736;-1.50255;-1.49717;-1.4911;-1.4843;-1.47668;-1.46814;-1.45853;-1.44775;-1.43565;-1.42206;-1.40679;-1.38963;-1.37034;-1.34864;-1.32422;-1.29671;-1.26572;-1.23074;-1.19124;-1.14656;-1.0959;-1.03838;-0.97296;-0.898325;-0.813036;-0.715333;-0.603283
3;4903114143210;20;absz;17882.2;14601.9;11919.7;9729.47;7943.48;6483.32;5291.99;4318.77;3524.04;2875.09;2344.63;1911.29;1557.46;1268.19;1031.74;838.455;680.547;551.863;447.584;364.323
3;4903114143210;20;frequency;99999.99999990905;122862.535599424;150952.0265389597;185463.4873444638;227865.1431623047;279960.8926363817;343967.05137965;422606.6409511731;519225.2346839865;637933.2888043621;783781.0140572543;962973.2274171232;1183133.324347452;1453627.601814205;1785963.729760951;2194280.323268956;2695948.443325946;3312310.615921419;4069588.809647371;4999999.999999929
3;4903114143210;20;phasez;-1.53038;-1.52709;-1.52296;-1.51794;-1.51166;-1.50389;-1.49424;-1.48227;-1.46746;-1.4491;-1.42636;-1.39815;-1.36315;-1.31963;-1.26541;-1.19758;-1.11223;-1.00423;-0.866324;-0.688939
