0;4189927397770;20;absz;1.54823e+08;1.12578e+08;8.18326e+07;5.94782e+07;4.32227e+07;3.14049e+07;2.28098e+07;1.6562e+07;1.20257e+07;8.72946e+06;6.33539e+06;4.59737e+06;3.33565e+06;2.41976e+06;1.75501e+06;1.27267e+06;922725;668896;484827;351359
0;4189927397770;20;frequency;9.999999974752427;13.86918846435492;19.23543905490988;26.67799336109056;37.00021196095804;51.31629158938722;71.17153245417285;98.70914048804025;136.9015682683994;189.8713664161278;263.3361782500288;365.2259113806622;506.5387032487934;702.5280792305466;974.3494403835484;1351.343611730726;1874.203936580443;2599.368780806799;3605.113577052066;4999.99999995282
0;4189927397770;20;phasez;-1.52876;-1.5303;-1.53123;-1.53276;-1.53359;-1.53523;-1.53561;-1.53644;-1.53714;-1.53777;-1.53831;-1.53872;-1.53897;-1.53899;-1.53865;-1.53786;-1.53639;-1.53402;-1.53046;-1.52521
1;4190696187338;50;absz;8.23697e+06;7.03354e+06;6.01133e+06;5.14119e+06;4.39278e+06;3.76091e+06;3.21431e+06;2.74783e+06;2.34925e+06;2.00855e+06;1.71723e+06;1.4678e+06;1.2544e+06;1.07238e+06;916468;783279;669442;572165;488962;417823;357060;305123;260722;222782;190361;162656;138980;118749;101463;86694.6;74074.4;63290.9;54077.4;46205.5;39478;33730.3;28818.6;24620.5;21033.1;17966.6;15345.2;13103.7;11187.1;9547.65;8145.09;6944.32;5915.78;5034.18;4277.54;3627.28
1;4190696187338;50;frequency;199.9999999213742;234.625769479635;275.2462588517801;322.8993264769997;378.802514688914;444.3841576318164;521.3198749487447;611.5753842550475;717.456725922716;841.6691823498468;987.3863981368913;1158.33146786315;1358.872060208682;1594.132014446359;1870.122253535556;2193.894364737048;2573.720768452858;3019.306079821149;3542.035062906734;4155.263512473084;4874.659497176026;5718.603679767398;6708.658946337209;7870.121340545211;9232.666380967203;10831.10727442716;12706.28439819177;14906.10877695531;17486.78621595445;20514.25336674129;24065.86241733066;28232.35745111674;33120.19296963342;38854.25382030405;45581.04601983359;53472.44000269313;62730.06193403319;73590.44528463698;86331.07429211862;101277.4737211686;118811.5260634959;139381.228686517;163512.140226203;191820.8086789974;225030.524286467;263989.7996954232;309694.0495706946;363311.0235703185;426210.642505751;499999.9999999716
1;4190696187338;50;phasez;-1.53965;-1.53852;-1.53929;-1.53868;-1.54069;-1.54125;-1.54151;-1.54122;-1.54202;-1.54195;-1.54264;-1.54291;-1.5433;-1.54341;-1.54369;-1.54396;-1.54419;-1.54432;-1.54446;-1.54455;-1.54462;-1.54461;-1.54457;-1.54446;-1.54429;-1.544;-1.54363;-1.54315;-1.54255;-1.5418;-1.54093;-1.53986;-1.5386;-1.53713;-1.53539;-1.53337;-1.531;-1.52822;-1.52495;-1.52112;-1.51662;-1.51132;-1.50506;-1.49768;-1.48896;-1.47862;-1.46635;-1.45175;-1.43428;-1.41329
2;4191464401070;50;absz;89350.5;79936.9;71525.8;63992.6;57263.8;51234.7;45845.4;41024.2;36707.5;32844.9;29387.6;26295.3;23527.4;21050.9;18835;16852.2;15079.2;13492.1;12072.9;10801.5;9663.95;8646.26;7735.85;6920.75;6191.45;5539;4955.1;4432.5;3964.84;3546.31;3171.78;2836.64;2536.66;2268.21;2027.96;1812.89;1620.42;1448.13;1293.9;1155.83;1032.26;921.646;822.629;734.048;654.929;584.266;521.297;465.39;416.016;372.82
2;4191464401070;50;frequency;20000.00000002444;22385.53853899816;25055.61678390222;28044.17375656954;31389.19662092121;35133.2035329932;39323.78408414649;44014.2042055669;49264.08322518227;55140.1516811012;61717.09952482729;69078.52549602467;77317.99973512921;86540.25314108083;96862.50859274992;108415.9709538568;121347.4948009008;135821.4510731415;152021.8163702936;170154.5114554648;190450.0186878266;213166.3116533389;238592.1342356312;267050.6708003728;298903.6541519141;334555.9634717432;374460.7706856584;419125.3006744233;469117.2785435782;525072.1459047724;587701.13789258;657800.3235824071;736260.7247225839;824079.6413975459;922373.3285811875;1032391.184709951;1155531.632626961;1293359.894754076;1447627.888434013;1620296.494325686;1813560.480908265;2029876.401899315;2271993.821195295;2542990.262224833;2846310.325953354;3185809.474764127;3565803.038745301;3991121.067296888;4467169.723268114;4999999.999999929
2;4191464401070;50;phasez;-1.54541;-1.54503;-1.54471;-1.54477;-1.54396;-1.54338;-1.54281;-1.5422;-1.54144;-1.54048;-1.53939;-1.53826;-1.53682;-1.53545;-1.53368;-1.53177;-1.52958;-1.52714;-1.52441;-1.52139;-1.51799;-1.51415;-1.50987;-1.50509;-1.49966;-1.49363;-1.48683;-1.4792;-1.47065;-1.46105;-1.45026;-1.43815;-1.42454;-1.40925;-1.39207;-1.37276;-1.35104;-1.32658;-1.29906;-1.26802;-1.23301;-1.19348;-1.14876;-1.09806;-1.0405;-0.975056;-0.900395;-0.815078;-0.717367;-0.60532
3;4191780757994;20;absz;18338.8;14969.7;12216;9968.76;8135.86;6638.25;5416.39;4418.9;3604.34;2939.61;2396.48;1952.96;1590.88;1295.03;1053.33;855.801;694.525;563.162;456.774;371.915
3;4191780757994;20;frequency;99999.99999990905;122862.535599424;150952.0265389597;185463.4873444638;227865.1431623047;279960.8926363817;343967.05137965;422606.6409511731;519225.2346839865;637933.2888043621;783781.0140572543;962973.2274171232;1183133.324347452;1453627.601814205;1785963.729760951;2194280.323268956;2695948.443325946;3312310.615921419;4069588.809647371;4999999.999999929
3;4191780757994;20;phasez;-1.53278;-1.52959;-1.52545;-1.52038;-1.51413;-1.50635;-1.49674;-1.48479;-1.46997;-1.4516;-1.42883;-1.40059;-1.36554;-1.32197;-1.26769;-1.19979;-1.11438;-1.00632;-0.868369;-0.69099
