0;10135264779630;20;absz;1.36018e+08;9.92468e+07;7.22986e+07;5.26706e+07;3.83589e+07;2.79314e+07;2.03225e+07;1.47842e+07;1.07539e+07;7.82008e+06;5.68582e+06;4.13321e+06;3.00408e+06;2.18305e+06;1.58624e+06;1.15237e+06;837049;607950;441476;320529
0;10135264779630;20;frequency;9.999999974752427;13.86918846435492;19.23543905490988;26.67799336109056;37.00021196095804;51.31629158938722;71.17153245417285;98.70914048804025;136.9015682683994;189.8713664161278;263.3361782500288;365.2259113806622;506.5387032487934;702.5280792305466;974.3494403835484;1351.343611730726;1874.203936580443;2599.368780806799;3605.113577052066;4999.99999995282
0;10135264779630;20;phasez;-1.5098;-1.51335;-1.51647;-1.51925;-1.52131;-1.52289;-1.52495;-1.5263;-1.52753;-1.52857;-1.52927;-1.52986;-1.53016;-1.53018;-1.52985;-1.52902;-1.52755;-1.52521;-1.52169;-1.51654
1;10136032823666;50;absz;7.36634e+06;6.30628e+06;5.39822e+06;4.62481e+06;3.95281e+06;3.38442e+06;2.89521e+06;2.47782e+06;2.11975e+06;1.81383e+06;1.55203e+06;1.32789e+06;1.136e+06;971808;831457;711243;608442;520477;445190;380789;325702;278571;238263;203771;174268;149035;127455;108994;93207.4;79703.9;68155.4;58279.9;49834.4;42611.9;36435.1;31152.9;26635.1;22770.7;19466;16639.3;14220.8;12151.5;10380.9;8865.22;7567.7;6456.17;5503.59;4686.46;3984.79;3381.27
1;10136032823666;50;frequency;199.9999999213742;234.625769479635;275.2462588517801;322.8993264769997;378.802514688914;444.3841576318164;521.3198749487447;611.5753842550475;717.456725922716;841.6691823498468;987.3863981368913;1158.33146786315;1358.872060208682;1594.132014446359;1870.122253535556;2193.894364737048;2573.720768452858;3019.306079821149;3542.035062906734;4155.263512473084;4874.659497176026;5718.603679767398;6708.658946337209;7870.121340545211;9232.666380967203;10831.10727442716;12706.28439819177;14906.10877695531;17486.78621595445;20514.25336674129;24065.86241733066;28232.35745111674;33120.19296963342;38854.25382030405;45581.04601983359;53472.44000269313;62730.06193403319;73590.44528463698;86331.07429211862;101277.4737211686;118811.5260634959;139381.228686517;163512.140226203;191820.8086789974;225030.524286467;263989.7996954232;309694.0495706946;363311.0235703185;426210.642505751;499999.9999999716
1;10136032823666;50;phasez;-1.52856;-1.53286;-1.53198;-1.53079;-1.53106;-1.53081;-1.53207;-1.53317;-1.53316;-1.53353;-1.53373;-1.53412;-1.53435;-1.53472;-1.53495;-1.53506;-1.53531;-1.5355;-1.5357;-1.53583;-1.53592;-1.53599;-1.53599;-1.53596;-1.53584;-1.53566;-1.53537;-1.53499;-1.53449;-1.53386;-1.5331;-1.53215;-1.53101;-1.52964;-1.52801;-1.5261;-1.52382;-1.52112;-1.51793;-1.51416;-1.5097;-1.50442;-1.49818;-1.49079;-1.48203;-1.47165;-1.45932;-1.44463;-1.42707;-1.40597
2;10136802139820;50;absz;82103;73519.3;65812.2;58927.9;52758.2;47232;42289.2;37853.9;33888.7;30334.7;27155.7;24310.2;21762.3;19480.2;17438.8;15611.5;13974.5;12509.5;11197.8;10023.7;8972.45;8030.89;7188.4;6434.22;5758.88;5154.44;4613.32;4128.76;3694.94;3306.56;2958.89;2647.56;2368.85;2119.26;1895.76;1695.62;1516.35;1355.8;1211.99;1083.17;967.768;864.42;771.857;688.939;614.819;548.571;489.47;436.953;390.504;349.808
2;10136802139820;50;frequency;20000.00000002444;22385.53853899816;25055.61678390222;28044.17375656954;31389.19662092121;35133.2035329932;39323.78408414649;44014.2042055669;49264.08322518227;55140.1516811012;61717.09952482729;69078.52549602467;77317.99973512921;86540.25314108083;96862.50859274992;108415.9709538568;121347.4948009008;135821.4510731415;152021.8163702936;170154.5114554648;190450.0186878266;213166.3116533389;238592.1342356312;267050.6708003728;298903.6541519141;334555.9634717432;374460.7706856584;419125.3006744233;469117.2785435782;525072.1459047724;587701.13789258;657800.3235824071;736260.7247225839;824079.6413975459;922373.3285811875;1032391.184709951;1155531.632626961;1293359.894754076;1447627.888434013;1620296.494325686;1813560.480908265;2029876.401899315;2271993.821195295;2542990.262224833;2846310.325953354;3185809.474764127;3565803.038745301;3991121.067296888;4467169.723268114;4999999.999999929
2;10136802139820;50;phasez;-1.5378;-1.53747;-1.5369;-1.53673;-1.53642;-1.53603;-1.53549;-1.53471;-1.53406;-1.53317;-1.53223;-1.53108;-1.52979;-1.52828;-1.52665;-1.52476;-1.52261;-1.52028;-1.51755;-1.5145;-1.5111;-1.50724;-1.50292;-1.4981;-1.49266;-1.48655;-1.47971;-1.47201;-1.4634;-1.45373;-1.44288;-1.43067;-1.41699;-1.40164;-1.38439;-1.365;-1.34322;-1.31871;-1.29111;-1.26002;-1.22494;-1.18533;-1.14054;-1.08974;-1.03207;-0.966475;-0.891624;-0.806063;-0.708052;-0.595603
3;10137120091990;20;absz;16980.2;13872.6;11329.3;9253.98;7559.15;6172.52;5041.14;4116.24;3360.69;2743.36;2238.62;1826;1488.9;1213.06;987.465;802.902;651.952;528.79;428.865;348.974
3;10137120091990;20;frequency;99999.99999990905;122862.535599424;150952.0265389597;185463.4873444638;227865.1431623047;279960.8926363817;343967.05137965;422606.6409511731;519225.2346839865;637933.2888043621;783781.0140572543;962973.2274171232;1183133.324347452;1453627.601814205;1785963.729760951;2194280.323268956;2695948.443325946;3312310.615921419;4069588.809647371;4999999.999999929
3;10137120091990;20;phasez;-1.52579;-1.52261;-1.51852;-1.51351;-1.50724;-1.49939;-1.48965;-1.4776;-1.46264;-1.44414;-1.42124;-1.39287;-1.35769;-1.31402;-1.2596;-1.19157;-1.10599;-0.997649;-0.859277;-0.68124
