0;4047682849591;20;absz;1.5636e+08;1.13721e+08;8.2713e+07;6.0068e+07;4.36373e+07;3.16894e+07;2.30174e+07;1.67128e+07;1.21322e+07;8.80492e+06;6.38935e+06;4.63573e+06;3.3626e+06;2.43863e+06;1.76823e+06;1.28194e+06;929243;673484;488054;353628
0;4047682849591;20;frequency;9.999999974752427;13.86918846435492;19.23543905490988;26.67799336109056;37.00021196095804;51.31629158938722;71.17153245417285;98.70914048804025;136.9015682683994;189.8713664161278;263.3361782500288;365.2259113806622;506.5387032487934;702.5280792305466;974.3494403835484;1351.343611730726;1874.203936580443;2599.368780806799;3605.113577052066;4999.99999995282
0;4047682849591;20;phasez;-1.53019;-1.53127;-1.5328;-1.53362;-1.53456;-1.53615;-1.53663;-1.53735;-1.53803;-1.53872;-1.53932;-1.53979;-1.54006;-1.54008;-1.53975;-1.53891;-1.5374;-1.535;-1.53138;-1.52609
1;4048454811334;50;absz;8.28973e+06;7.09396e+06;6.06269e+06;5.18665e+06;4.4331e+06;3.79484e+06;3.24107e+06;2.76996e+06;2.36787e+06;2.02398e+06;1.72976e+06;1.4788e+06;1.26363e+06;1.08014e+06;922981;788764;674050;576037;492214;420573;359368;307055;262366;224166;191527;163641;139812;119453;102059;87195.9;74498.2;63650.6;54381.9;46463.2;39697;33915.5;28975.1;24753.5;21145.5;18061.5;15425.2;13171.4;11244.3;9595.75;8185.4;6978.2;5944.35;5058.12;4297.58;3643.97
1;4048454811334;50;frequency;199.9999999213742;234.625769479635;275.2462588517801;322.8993264769997;378.802514688914;444.3841576318164;521.3198749487447;611.5753842550475;717.456725922716;841.6691823498468;987.3863981368913;1158.33146786315;1358.872060208682;1594.132014446359;1870.122253535556;2193.894364737048;2573.720768452858;3019.306079821149;3542.035062906734;4155.263512473084;4874.659497176026;5718.603679767398;6708.658946337209;7870.121340545211;9232.666380967203;10831.10727442716;12706.28439819177;14906.10877695531;17486.78621595445;20514.25336674129;24065.86241733066;28232.35745111674;33120.19296963342;38854.25382030405;45581.04601983359;53472.44000269313;62730.06193403319;73590.44528463698;86331.07429211862;101277.4737211686;118811.5260634959;139381.228686517;163512.140226203;191820.8086789974;225030.524286467;263989.7996954232;309694.0495706946;363311.0235703185;426210.642505751;499999.9999999716
1;4048454811334;50;phasez;-1.54163;-1.539;-1.5401;-1.54036;-1.5419;-1.54129;-1.54233;-1.5424;-1.54275;-1.54333;-1.54381;-1.54391;-1.54418;-1.54442;-1.54466;-1.54495;-1.54514;-1.5453;-1.54539;-1.54547;-1.5455;-1.54548;-1.5454;-1.54526;-1.54505;-1.54476;-1.54434;-1.54383;-1.54321;-1.54245;-1.54155;-1.54047;-1.5392;-1.5377;-1.53597;-1.53395;-1.53157;-1.52879;-1.52554;-1.52171;-1.51721;-1.51191;-1.50567;-1.49829;-1.48957;-1.47924;-1.46697;-1.45237;-1.4349;-1.41391
2;4049226454260;50;absz;89853;80390.3;71938.4;64375.1;57597.3;51539.9;46110;41249.9;36911.9;33022.1;29548.2;26433.1;23652.3;21161.4;18933.8;16940.7;15157.2;13561.5;12133.6;10856.2;9712.61;8689.47;7773.62;6954.35;6221.25;5565.4;4978.58;4453.26;3983.23;3562.58;3186.18;2849.33;2547.93;2278.17;2036.78;1820.7;1627.32;1454.25;1299.32;1160.64;1036.5;925.387;825.976;737.021;657.565;586.623;523.39;467.269;417.708;374.348
2;4049226454260;50;frequency;20000.00000002444;22385.53853899816;25055.61678390222;28044.17375656954;31389.19662092121;35133.2035329932;39323.78408414649;44014.2042055669;49264.08322518227;55140.1516811012;61717.09952482729;69078.52549602467;77317.99973512921;86540.25314108083;96862.50859274992;108415.9709538568;121347.4948009008;135821.4510731415;152021.8163702936;170154.5114554648;190450.0186878266;213166.3116533389;238592.1342356312;267050.6708003728;298903.6541519141;334555.9634717432;374460.7706856584;419125.3006744233;469117.2785435782;525072.1459047724;587701.13789258;657800.3235824071;736260.7247225839;824079.6413975459;922373.3285811875;1032391.184709951;1155531.632626961;1293359.894754076;1447627.888434013;1620296.494325686;1813560.480908265;2029876.401899315;2271993.821195295;2542990.262224833;2846310.325953354;3185809.474764127;3565803.038745301;3991121.067296888;4467169.723268114;4999999.999999929
2;4049226454260;50;phasez;-1.5462;-1.54592;-1.54557;-1.5449;-1.54468;-1.54416;-1.54351;-1.54272;-1.54189;-1.54099;-1.53997;-1.53875;-1.53742;-1.53591;-1.53427;-1.53231;-1.53016;-1.52773;-1.52503;-1.52199;-1.51859;-1.51476;-1.51051;-1.50568;-1.5003;-1.49424;-1.48745;-1.47984;-1.47127;-1.46165;-1.45086;-1.43875;-1.42514;-1.40984;-1.39265;-1.37333;-1.35158;-1.32713;-1.29958;-1.26854;-1.23351;-1.19396;-1.14922;-1.09851;-1.04092;-0.975455;-0.900781;-0.815439;-0.717708;-0.605633
3;4049542697789;20;absz;18433.3;15047.4;12279.3;10019.2;8176.57;6670.67;5442.64;4439.79;3621.05;2952.91;2407.15;1961.5;1597.7;1300.49;1057.68;859.303;697.355;565.453;458.642;373.456
3;4049542697789;20;frequency;99999.99999990905;122862.535599424;150952.0265389597;185463.4873444638;227865.1431623047;279960.8926363817;343967.05137965;422606.6409511731;519225.2346839865;637933.2888043621;783781.0140572543;962973.2274171232;1183133.324347452;1453627.601814205;1785963.729760951;2194280.323268956;2695948.443325946;3312310.615921419;4069588.809647371;4999999.999999929
3;4049542697789;20;phasez;-1.53333;-1.5301;-1.52602;-1.52099;-1.51476;-1.50701;-1.49735;-1.48541;-1.47059;-1.45221;-1.42939;-1.40116;-1.36609;-1.3225;-1.26818;-1.20025;-1.11481;-1.0067;-0.868709;-0.691302
