0;1804797898557;20;absz;1.93944e+08;1.40417e+08;1.01542e+08;7.34254e+07;5.31341e+07;3.84448e+07;2.77971e+07;2.01079e+07;1.45399e+07;1.0515e+07;7.6033e+06;5.49722e+06;3.97416e+06;2.87269e+06;2.07628e+06;1.50049e+06;1.08434e+06;783588;566250;409195
0;1804797898557;20;frequency;9.999999974752427;13.86918846435492;19.23543905490988;26.67799336109056;37.00021196095804;51.31629158938722;71.17153245417285;98.70914048804025;136.9015682683994;189.8713664161278;263.3361782500288;365.2259113806622;506.5387032487934;702.5280792305466;974.3494403835484;1351.343611730726;1874.203936580443;2599.368780806799;3605.113577052066;4999.99999995282
0;1804797898557;20;phasez;-1.55443;-1.55365;-1.55449;-1.55466;-1.55484;-1.55586;-1.55565;-1.55573;-1.55603;-1.55617;-1.55623;-1.55625;-1.55608;-1.55569;-1.55491;-1.55359;-1.55155;-1.54858;-1.54435;-1.53843
1;1805569115510;50;absz;9.91651e+06;8.45239e+06;7.20688e+06;6.13992e+06;5.26182e+06;4.48371e+06;3.82756e+06;3.26827e+06;2.78846e+06;2.37956e+06;2.03045e+06;1.73327e+06;1.47912e+06;1.26198e+06;1.07707e+06;919134;784322;669323;571110;487377;415925;354927;302887;258485;220593;188263;160677;137134;117043;99899.7;85271.1;72783.6;62128.8;53034.7;45273.1;38647;32990.3;28162;24039.3;20518.9;17512.8;14945.3;12751.5;10877.1;9274.61;7903.85;6730.86;5726.07;4864.43;4124.36
1;1805569115510;50;frequency;199.9999999213742;234.625769479635;275.2462588517801;322.8993264769997;378.802514688914;444.3841576318164;521.3198749487447;611.5753842550475;717.456725922716;841.6691823498468;987.3863981368913;1158.33146786315;1358.872060208682;1594.132014446359;1870.122253535556;2193.894364737048;2573.720768452858;3019.306079821149;3542.035062906734;4155.263512473084;4874.659497176026;5718.603679767398;6708.658946337209;7870.121340545211;9232.666380967203;10831.10727442716;12706.28439819177;14906.10877695531;17486.78621595445;20514.25336674129;24065.86241733066;28232.35745111674;33120.19296963342;38854.25382030405;45581.04601983359;53472.44000269313;62730.06193403319;73590.44528463698;86331.07429211862;101277.4737211686;118811.5260634959;139381.228686517;163512.140226203;191820.8086789974;225030.524286467;263989.7996954232;309694.0495706946;363311.0235703185;426210.642505751;499999.9999999716
1;1805569115510;50;phasez;-1.55618;-1.55802;-1.55783;-1.55836;-1.55887;-1.55892;-1.55905;-1.55918;-1.55861;-1.55876;-1.55863;-1.55879;-1.55897;-1.5589;-1.55892;-1.55877;-1.5587;-1.55852;-1.55844;-1.55818;-1.55789;-1.55754;-1.55715;-1.5567;-1.55617;-1.55554;-1.55481;-1.55401;-1.55306;-1.55197;-1.55076;-1.54935;-1.54775;-1.54592;-1.54383;-1.54143;-1.53867;-1.53548;-1.53178;-1.5275;-1.52252;-1.51671;-1.50993;-1.50199;-1.49268;-1.48174;-1.46883;-1.45357;-1.43543;-1.41374
2;1806337372164;50;absz;102998;92073.5;82315.1;73610.7;65830.2;58855;52619.9;47046.5;42076;37624.7;33639.5;30086.2;26902.3;24058.1;21515.2;19240.7;17206.9;15389.5;13763.7;12309.4;11009.3;9846.88;8807.18;7876.74;7045.12;6301.3;5635.83;5040.97;4508.62;4032.53;3606.58;3225.62;2884.73;2579.77;2306.91;2062.83;1844.34;1648.85;1473.89;1317.34;1177.25;1051.86;939.7;839.356;749.771;669.824;598.635;535.51;479.874;431.337
2;1806337372164;50;frequency;20000.00000002444;22385.53853899816;25055.61678390222;28044.17375656954;31389.19662092121;35133.2035329932;39323.78408414649;44014.2042055669;49264.08322518227;55140.1516811012;61717.09952482729;69078.52549602467;77317.99973512921;86540.25314108083;96862.50859274992;108415.9709538568;121347.4948009008;135821.4510731415;152021.8163702936;170154.5114554648;190450.0186878266;213166.3116533389;238592.1342356312;267050.6708003728;298903.6541519141;334555.9634717432;374460.7706856584;419125.3006744233;469117.2785435782;525072.1459047724;587701.13789258;657800.3235824071;736260.7247225839;824079.6413975459;922373.3285811875;1032391.184709951;1155531.632626961;1293359.894754076;1447627.888434013;1620296.494325686;1813560.480908265;2029876.401899315;2271993.821195295;2542990.262224833;2846310.325953354;3185809.474764127;3565803.038745301;3991121.067296888;4467169.723268114;4999999.999999929
2;1806337372164;50;phasez;-1.55526;-1.55551;-1.55479;-1.554;-1.55347;-1.55261;-1.55171;-1.55067;-1.54962;-1.54847;-1.54702;-1.54575;-1.54402;-1.54219;-1.54019;-1.5379;-1.53543;-1.53263;-1.52957;-1.52614;-1.52232;-1.51808;-1.51339;-1.50816;-1.50232;-1.49582;-1.48854;-1.48046;-1.47142;-1.46131;-1.45003;-1.43742;-1.4233;-1.4075;-1.38981;-1.36996;-1.34771;-1.32273;-1.29466;-1.2631;-1.22756;-1.18749;-1.14225;-1.09101;-1.03295;-0.966995;-0.891846;-0.806061;-0.707932;-0.595539
3;1806654968506;20;absz;20942.6;17082.6;13931.1;11358.4;9263.34;7555.75;6161.21;5025.28;4098.28;3342.34;2725.47;2221.81;1810.68;1475.22;1201.1;977.3;794.614;645.978;525.81;430.308
3;1806654968506;20;frequency;99999.99999990905;122862.535599424;150952.0265389597;185463.4873444638;227865.1431623047;279960.8926363817;343967.05137965;422606.6409511731;519225.2346839865;637933.2888043621;783781.0140572543;962973.2274171232;1183133.324347452;1453627.601814205;1785963.729760951;2194280.323268956;2695948.443325946;3312310.615921419;4069588.809647371;4999999.999999929
3;1806654968506;20;phasez;-1.53925;-1.53527;-1.53061;-1.52485;-1.51782;-1.50931;-1.49881;-1.48601;-1.47032;-1.45101;-1.42732;-1.39812;-1.36209;-1.31755;-1.26228;-1.19342;-1.10704;-0.998049;-0.859222;-0.681111
