0;2820269731837;20;absz;1.74502e+08;1.26418e+08;9.16679e+07;6.64182e+07;4.8113e+07;3.48647e+07;2.5248e+07;1.82868e+07;1.32439e+07;9.58945e+06;6.9427e+06;5.02641e+06;3.6386e+06;2.63392e+06;1.90663e+06;1.38012e+06;998933;723015;523282;378693
0;2820269731837;20;frequency;9.999999974752427;13.86918846435492;19.23543905490988;26.67799336109056;37.00021196095804;51.31629158938722;71.17153245417285;98.70914048804025;136.9015682683994;189.8713664161278;263.3361782500288;365.2259113806622;506.5387032487934;702.5280792305466;974.3494403835484;1351.343611730726;1874.203936580443;2599.368780806799;3605.113577052066;4999.99999995282
0;2820269731837;20;phasez;-1.54402;-1.54469;-1.54587;-1.54682;-1.5472;-1.54849;-1.54835;-1.54876;-1.54924;-1.54948;-1.5496;-1.54955;-1.54926;-1.54875;-1.54787;-1.54651;-1.54458;-1.54178;-1.53782;-1.53226
1;2821039872967;50;absz;9.04194e+06;7.72436e+06;6.59805e+06;5.62531e+06;4.80494e+06;4.10349e+06;3.50516e+06;2.99516e+06;2.55876e+06;2.18371e+06;1.86486e+06;1.5929e+06;1.36036e+06;1.16188e+06;992096;847420;723630;617947;527729;450677;384872;328676;280665;239672;204663;174775;149243;127444;108826;92925;79347.7;67752.4;57849.8;49394.4;42173.8;36006.5;30738.8;26240.7;22399.1;19117.5;16314.7;13920.3;11874.4;10126;8631.18;7352.84;6259.12;5322.31;4519.2;3829.64
1;2821039872967;50;frequency;199.9999999213742;234.625769479635;275.2462588517801;322.8993264769997;378.802514688914;444.3841576318164;521.3198749487447;611.5753842550475;717.456725922716;841.6691823498468;987.3863981368913;1158.33146786315;1358.872060208682;1594.132014446359;1870.122253535556;2193.894364737048;2573.720768452858;3019.306079821149;3542.035062906734;4155.263512473084;4874.659497176026;5718.603679767398;6708.658946337209;7870.121340545211;9232.666380967203;10831.10727442716;12706.28439819177;14906.10877695531;17486.78621595445;20514.25336674129;24065.86241733066;28232.35745111674;33120.19296963342;38854.25382030405;45581.04601983359;53472.44000269313;62730.06193403319;73590.44528463698;86331.07429211862;101277.4737211686;118811.5260634959;139381.228686517;163512.140226203;191820.8086789974;225030.524286467;263989.7996954232;309694.0495706946;363311.0235703185;426210.642505751;499999.9999999716
1;2821039872967;50;phasez;-1.54623;-1.55185;-1.55136;-1.55114;-1.54998;-1.5509;-1.55083;-1.55182;-1.55193;-1.55148;-1.55183;-1.55176;-1.55178;-1.55186;-1.55183;-1.55196;-1.55196;-1.55184;-1.55183;-1.55175;-1.55173;-1.55153;-1.55138;-1.55119;-1.55093;-1.5506;-1.55021;-1.54973;-1.54914;-1.54846;-1.54763;-1.54664;-1.54547;-1.54408;-1.54243;-1.54048;-1.53818;-1.53545;-1.53222;-1.52839;-1.52386;-1.5185;-1.51216;-1.50465;-1.49577;-1.48523;-1.47273;-1.45786;-1.4401;-1.41877
2;2821809309612;50;absz;95744.9;85637.2;76595.3;68500.8;61270.7;54783.7;49007.8;43828.9;39200.9;35049.8;31340;28028.4;25064.1;22413.7;20043.8;17923.2;16029;14332.7;12816.2;11460.3;10248;9163.76;8193.83;7326.88;6551.12;5857.62;5237.53;4682.77;4186.84;3743.15;3346.4;2991.66;2674.23;2390.42;2136.53;1909.41;1706.25;1524.49;1361.9;1216.42;1086.26;969.831;865.695;772.542;689.399;615.198;549.112;490.507;438.793;393.606
2;2821809309612;50;frequency;20000.00000002444;22385.53853899816;25055.61678390222;28044.17375656954;31389.19662092121;35133.2035329932;39323.78408414649;44014.2042055669;49264.08322518227;55140.1516811012;61717.09952482729;69078.52549602467;77317.99973512921;86540.25314108083;96862.50859274992;108415.9709538568;121347.4948009008;135821.4510731415;152021.8163702936;170154.5114554648;190450.0186878266;213166.3116533389;238592.1342356312;267050.6708003728;298903.6541519141;334555.9634717432;374460.7706856584;419125.3006744233;469117.2785435782;525072.1459047724;587701.13789258;657800.3235824071;736260.7247225839;824079.6413975459;922373.3285811875;1032391.184709951;1155531.632626961;1293359.894754076;1447627.888434013;1620296.494325686;1813560.480908265;2029876.401899315;2271993.821195295;2542990.262224833;2846310.325953354;3185809.474764127;3565803.038745301;3991121.067296888;4467169.723268114;4999999.999999929
2;2821809309612;50;phasez;-1.55178;-1.55196;-1.55134;-1.55139;-1.551;-1.55036;-1.54988;-1.54915;-1.54836;-1.54757;-1.54659;-1.54553;-1.54412;-1.54257;-1.5409;-1.53898;-1.53681;-1.53441;-1.53159;-1.52844;-1.52497;-1.52104;-1.5166;-1.51166;-1.50612;-1.49989;-1.49289;-1.48506;-1.47628;-1.46642;-1.45539;-1.44301;-1.42912;-1.41355;-1.39605;-1.37643;-1.35437;-1.3296;-1.30172;-1.27035;-1.235;-1.19511;-1.15003;-1.09899;-1.04105;-0.975233;-0.900204;-0.814534;-0.716483;-0.604124
3;2822124480433;20;absz;19507.6;15909.6;12970.1;10572;8619.2;7026.4;5727.04;4668.25;3804.31;3100.34;2525.86;2057.21;1674.96;1363.07;1108.41;900.572;731.016;593.054;481.472;392.653
3;2822124480433;20;frequency;99999.99999990905;122862.535599424;150952.0265389597;185463.4873444638;227865.1431623047;279960.8926363817;343967.05137965;422606.6409511731;519225.2346839865;637933.2888043621;783781.0140572543;962973.2274171232;1183133.324347452;1453627.601814205;1785963.729760951;2194280.323268956;2695948.443325946;3312310.615921419;4069588.809647371;4999999.999999929
3;2822124480433;20;phasez;-1.53991;-1.53673;-1.53254;-1.52739;-1.52102;-1.51292;-1.50293;-1.49065;-1.47537;-1.45657;-1.43324;-1.40445;-1.36882;-1.32463;-1.2697;-1.20115;-1.11507;-1.00635;-0.867743;-0.689734
