0;4039323408601;20;absz;1.56582e+08;1.1376e+08;8.2708e+07;6.01099e+07;4.36634e+07;3.17173e+07;2.30332e+07;1.67202e+07;1.21382e+07;8.80936e+06;6.39258e+06;4.63792e+06;3.36413e+06;2.4398e+06;1.76904e+06;1.28251e+06;929628;673744;488239;353757
0;4039323408601;20;frequency;9.999999974752427;13.86918846435492;19.23543905490988;26.67799336109056;37.00021196095804;51.31629158938722;71.17153245417285;98.70914048804025;136.9015682683994;189.8713664161278;263.3361782500288;365.2259113806622;506.5387032487934;702.5280792305466;974.3494403835484;1351.343611730726;1874.203936580443;2599.368780806799;3605.113577052066;4999.99999995282
0;4039323408601;20;phasez;-1.53042;-1.53179;-1.53264;-1.53371;-1.53461;-1.53521;-1.53659;-1.53732;-1.53816;-1.53879;-1.53937;-1.53983;-1.54014;-1.54017;-1.53982;-1.53899;-1.53745;-1.53505;-1.53143;-1.52613
1;4040091715922;50;absz;8.3024e+06;7.09661e+06;6.06679e+06;5.18467e+06;4.43891e+06;3.79105e+06;3.24212e+06;2.77206e+06;2.36891e+06;2.02507e+06;1.7309e+06;1.47923e+06;1.26431e+06;1.08055e+06;923410;789026;674312;576192;492377;420722;359500;307176;262449;224244;191586;163693;139860;119494;102094;87226.3;74523.8;63672.2;54399.1;46478.2;39709.9;33926.4;28984.4;24760.7;21151.7;18066.9;15429.8;13175.1;11247.4;9598.53;8187.75;6980.19;5946.07;5059.5;4298.79;3645.02
1;4040091715922;50;frequency;199.9999999213742;234.625769479635;275.2462588517801;322.8993264769997;378.802514688914;444.3841576318164;521.3198749487447;611.5753842550475;717.456725922716;841.6691823498468;987.3863981368913;1158.33146786315;1358.872060208682;1594.132014446359;1870.122253535556;2193.894364737048;2573.720768452858;3019.306079821149;3542.035062906734;4155.263512473084;4874.659497176026;5718.603679767398;6708.658946337209;7870.121340545211;9232.666380967203;10831.10727442716;12706.28439819177;14906.10877695531;17486.78621595445;20514.25336674129;24065.86241733066;28232.35745111674;33120.19296963342;38854.25382030405;45581.04601983359;53472.44000269313;62730.06193403319;73590.44528463698;86331.07429211862;101277.4737211686;118811.5260634959;139381.228686517;163512.140226203;191820.8086789974;225030.524286467;263989.7996954232;309694.0495706946;363311.0235703185;426210.642505751;499999.9999999716
1;4040091715922;50;phasez;-1.53843;-1.53965;-1.54077;-1.54227;-1.54143;-1.54235;-1.54186;-1.54307;-1.54321;-1.54371;-1.54397;-1.54393;-1.5442;-1.54464;-1.54474;-1.54492;-1.54518;-1.54531;-1.54543;-1.5455;-1.54553;-1.54555;-1.54544;-1.5453;-1.54508;-1.54477;-1.54436;-1.54386;-1.54323;-1.54248;-1.54158;-1.5405;-1.53923;-1.53774;-1.536;-1.53398;-1.53161;-1.52883;-1.52557;-1.52175;-1.51725;-1.51195;-1.5057;-1.49833;-1.4896;-1.47927;-1.46701;-1.4524;-1.43494;-1.41393
2;4040860108050;50;absz;89873.5;80427.5;71958.7;64380.6;57610.8;51553.2;46128.1;41263.8;36922.1;33033.7;29555.1;26441.7;23659.2;21169.5;18939.3;16945.6;15161.1;13565.8;12136.9;10858.8;9715.16;8691.63;7775.67;6956.41;6222.94;5566.91;4979.82;4454.34;3984.21;3563.42;3186.96;2850.02;2548.52;2278.68;2037.25;1821.15;1627.71;1454.59;1299.62;1160.9;1036.73;925.602;826.166;737.185;657.712;586.738;523.502;467.377;417.8;374.43
2;4040860108050;50;frequency;20000.00000002444;22385.53853899816;25055.61678390222;28044.17375656954;31389.19662092121;35133.2035329932;39323.78408414649;44014.2042055669;49264.08322518227;55140.1516811012;61717.09952482729;69078.52549602467;77317.99973512921;86540.25314108083;96862.50859274992;108415.9709538568;121347.4948009008;135821.4510731415;152021.8163702936;170154.5114554648;190450.0186878266;213166.3116533389;238592.1342356312;267050.6708003728;298903.6541519141;334555.9634717432;374460.7706856584;419125.3006744233;469117.2785435782;525072.1459047724;587701.13789258;657800.3235824071;736260.7247225839;824079.6413975459;922373.3285811875;1032391.184709951;1155531.632626961;1293359.894754076;1447627.888434013;1620296.494325686;1813560.480908265;2029876.401899315;2271993.821195295;2542990.262224833;2846310.325953354;3185809.474764127;3565803.038745301;3991121.067296888;4467169.723268114;4999999.999999929
2;4040860108050;50;phasez;-1.54631;-1.54597;-1.54564;-1.54507;-1.54459;-1.54412;-1.54346;-1.54283;-1.54194;-1.54104;-1.54002;-1.53887;-1.53745;-1.536;-1.5343;-1.53237;-1.53021;-1.52774;-1.52505;-1.52201;-1.51861;-1.51479;-1.51052;-1.50571;-1.50032;-1.49428;-1.48748;-1.47987;-1.4713;-1.46168;-1.45089;-1.43877;-1.42516;-1.40987;-1.39269;-1.37334;-1.35161;-1.32715;-1.2996;-1.26855;-1.23353;-1.19397;-1.14923;-1.09853;-1.04093;-0.97547;-0.90079;-0.815443;-0.717722;-0.605669
3;4041178867859;20;absz;18442.1;15051.9;12283;10021.3;8178.18;6672.57;5443.98;4440.93;3621.86;2953.63;2407.73;1961.91;1598.06;1300.77;1057.91;859.511;697.501;565.573;458.746;373.551
3;4041178867859;20;frequency;99999.99999990905;122862.535599424;150952.0265389597;185463.4873444638;227865.1431623047;279960.8926363817;343967.05137965;422606.6409511731;519225.2346839865;637933.2888043621;783781.0140572543;962973.2274171232;1183133.324347452;1453627.601814205;1785963.729760951;2194280.323268956;2695948.443325946;3312310.615921419;4069588.809647371;4999999.999999929
3;4041178867859;20;phasez;-1.53326;-1.53021;-1.52605;-1.52106;-1.51478;-1.50705;-1.49737;-1.48546;-1.47062;-1.45223;-1.42943;-1.40119;-1.36612;-1.32252;-1.26819;-1.20026;-1.11482;-1.00672;-0.868725;-0.691327
