0;5300237333762;20;absz;1.45357e+08;1.05803e+08;7.69571e+07;5.59744e+07;4.0709e+07;2.9616e+07;2.15191e+07;1.56421e+07;1.13676e+07;8.26063e+06;6.00177e+06;4.36014e+06;3.1669e+06;2.29986e+06;1.6699e+06;1.21228e+06;879946;638585;463349;336139
0;5300237333762;20;frequency;9.999999974752427;13.86918846435492;19.23543905490988;26.67799336109056;37.00021196095804;51.31629158938722;71.17153245417285;98.70914048804025;136.9015682683994;189.8713664161278;263.3361782500288;365.2259113806622;506.5387032487934;702.5280792305466;974.3494403835484;1351.343611730726;1874.203936580443;2599.368780806799;3605.113577052066;4999.99999995282
0;5300237333762;20;phasez;-1.52353;-1.52544;-1.5264;-1.52806;-1.52898;-1.53009;-1.53079;-1.53154;-1.53225;-1.53281;-1.53327;-1.5336;-1.53381;-1.5338;-1.53346;-1.53268;-1.53126;-1.52898;-1.52547;-1.5203
1;5301007362928;50;absz;7.77091e+06;6.65715e+06;5.69715e+06;4.87429e+06;4.16541e+06;3.56995e+06;3.05216e+06;2.6118e+06;2.2331e+06;1.90984e+06;1.63395e+06;1.39755e+06;1.19511e+06;1.0221e+06;874005;747372;639113;546461;467249;399526;341576;292051;249684;213457;182482;155999;133358;114001;97450.6;83300.2;71204.3;60863.3;52023;44466.3;38005.2;32482.4;27760.6;23724.4;20273.1;17322.5;14799.5;12641.9;10796.1;9216.96;7865.47;6708.32;5716.96;4866.66;4136.76;3509.24
1;5301007362928;50;frequency;199.9999999213742;234.625769479635;275.2462588517801;322.8993264769997;378.802514688914;444.3841576318164;521.3198749487447;611.5753842550475;717.456725922716;841.6691823498468;987.3863981368913;1158.33146786315;1358.872060208682;1594.132014446359;1870.122253535556;2193.894364737048;2573.720768452858;3019.306079821149;3542.035062906734;4155.263512473084;4874.659497176026;5718.603679767398;6708.658946337209;7870.121340545211;9232.666380967203;10831.10727442716;12706.28439819177;14906.10877695531;17486.78621595445;20514.25336674129;24065.86241733066;28232.35745111674;33120.19296963342;38854.25382030405;45581.04601983359;53472.44000269313;62730.06193403319;73590.44528463698;86331.07429211862;101277.4737211686;118811.5260634959;139381.228686517;163512.140226203;191820.8086789974;225030.524286467;263989.7996954232;309694.0495706946;363311.0235703185;426210.642505751;499999.9999999716
1;5301007362928;50;phasez;-1.5338;-1.53166;-1.53485;-1.5348;-1.53545;-1.53622;-1.53626;-1.5369;-1.5368;-1.53698;-1.5373;-1.53752;-1.53787;-1.53822;-1.53863;-1.53888;-1.53915;-1.53933;-1.5395;-1.53959;-1.53976;-1.53974;-1.5398;-1.53971;-1.5396;-1.53939;-1.53912;-1.53875;-1.53826;-1.53762;-1.53687;-1.53594;-1.53478;-1.53341;-1.53178;-1.52985;-1.52755;-1.52482;-1.52159;-1.51778;-1.51328;-1.50796;-1.50168;-1.49426;-1.4855;-1.47513;-1.46282;-1.44818;-1.43068;-1.40967
2;5301778804614;50;absz;85820.3;76832.9;68762.7;61539.9;55084.1;49308.7;44127.8;39492;35343.9;31631;28307.6;25332.5;22672;20290.3;18158.1;16251.3;14544.7;13016.1;11648;10424.7;9328.73;8348.81;7471.11;6685.62;5982.65;5353.62;4790.63;4286.47;3835.16;3431.27;3069.79;2746.14;2456.38;2197.02;1964.83;1756.92;1570.79;1404.12;1254.86;1121.22;1001.55;894.387;798.445;712.559;635.814;567.245;506.099;451.797;403.81;361.787
2;5301778804614;50;frequency;20000.00000002444;22385.53853899816;25055.61678390222;28044.17375656954;31389.19662092121;35133.2035329932;39323.78408414649;44014.2042055669;49264.08322518227;55140.1516811012;61717.09952482729;69078.52549602467;77317.99973512921;86540.25314108083;96862.50859274992;108415.9709538568;121347.4948009008;135821.4510731415;152021.8163702936;170154.5114554648;190450.0186878266;213166.3116533389;238592.1342356312;267050.6708003728;298903.6541519141;334555.9634717432;374460.7706856584;419125.3006744233;469117.2785435782;525072.1459047724;587701.13789258;657800.3235824071;736260.7247225839;824079.6413975459;922373.3285811875;1032391.184709951;1155531.632626961;1293359.894754076;1447627.888434013;1620296.494325686;1813560.480908265;2029876.401899315;2271993.821195295;2542990.262224833;2846310.325953354;3185809.474764127;3565803.038745301;3991121.067296888;4467169.723268114;4999999.999999929
2;5301778804614;50;phasez;-1.54109;-1.54092;-1.54069;-1.54074;-1.54008;-1.53974;-1.53911;-1.5385;-1.5378;-1.53693;-1.53589;-1.53484;-1.53344;-1.53197;-1.53031;-1.52835;-1.52624;-1.52374;-1.52108;-1.51798;-1.51455;-1.51071;-1.50638;-1.50158;-1.49612;-1.49007;-1.48325;-1.47561;-1.46705;-1.45742;-1.44663;-1.43451;-1.42091;-1.40562;-1.38846;-1.36916;-1.34746;-1.32303;-1.29553;-1.26453;-1.22955;-1.19005;-1.14536;-1.0947;-1.03718;-0.971754;-0.89711;-0.811792;-0.714071;-0.601993
3;5302098072206;20;absz;17680.4;14438.1;11786.2;9622.08;7856.45;6413.61;5235.74;4273.33;3487.55;2845.65;2321.08;1892.33;1542.27;1255.97;1021.92;830.578;674.22;546.747;443.427;360.906
3;5302098072206;20;frequency;99999.99999990905;122862.535599424;150952.0265389597;185463.4873444638;227865.1431623047;279960.8926363817;343967.05137965;422606.6409511731;519225.2346839865;637933.2888043621;783781.0140572543;962973.2274171232;1183133.324347452;1453627.601814205;1785963.729760951;2194280.323268956;2695948.443325946;3312310.615921419;4069588.809647371;4999999.999999929
3;5302098072206;20;phasez;-1.52945;-1.52614;-1.52205;-1.51699;-1.51067;-1.50286;-1.4932;-1.4812;-1.46636;-1.44796;-1.4252;-1.39698;-1.36197;-1.31845;-1.26421;-1.19639;-1.11103;-1.00302;-0.865085;-0.687671
