0;1506304754767;20;absz;2.00693e+08;1.45245e+08;1.04996e+08;7.59126e+07;5.48564e+07;3.9655e+07;2.86449e+07;2.07005e+07;1.49608e+07;1.08121e+07;7.8148e+06;5.64868e+06;4.0831e+06;2.95146e+06;2.13341e+06;1.54211e+06;1.11473e+06;805787;582490;421092
0;1506304754767;20;frequency;9.999999974752427;13.86918846435492;19.23543905490988;26.67799336109056;37.00021196095804;51.31629158938722;71.17153245417285;98.70914048804025;136.9015682683994;189.8713664161278;263.3361782500288;365.2259113806622;506.5387032487934;702.5280792305466;974.3494403835484;1351.343611730726;1874.203936580443;2599.368780806799;3605.113577052066;4999.99999995282
0;1506304754767;20;phasez;-1.55732;-1.558;-1.55827;-1.55838;-1.55879;-1.55846;-1.55889;-1.55898;-1.55867;-1.55837;-1.55789;-1.55733;-1.55664;-1.55573;-1.55451;-1.55282;-1.55047;-1.54725;-1.54278;-1.53666
1;1507075853407;50;absz;1.01921e+07;8.68903e+06;7.41073e+06;6.31927e+06;5.39632e+06;4.61144e+06;3.93151e+06;3.35689e+06;2.86571e+06;2.44534e+06;2.08744e+06;1.78124e+06;1.52014e+06;1.29746e+06;1.10716e+06;944928;806548;688370;587501;501410;427997;365312;311818;266158;227195;193941;165558;141334;120656;103010;87946.8;75088.2;64111.3;54741.4;46741.8;39912.6;34081;29100.8;24848.3;21215.9;18113.4;15462.3;13197.1;11260.7;9604.84;8188.2;6975.55;5936.28;5044.69;4278.74
1;1507075853407;50;frequency;199.9999999213742;234.625769479635;275.2462588517801;322.8993264769997;378.802514688914;444.3841576318164;521.3198749487447;611.5753842550475;717.456725922716;841.6691823498468;987.3863981368913;1158.33146786315;1358.872060208682;1594.132014446359;1870.122253535556;2193.894364737048;2573.720768452858;3019.306079821149;3542.035062906734;4155.263512473084;4874.659497176026;5718.603679767398;6708.658946337209;7870.121340545211;9232.666380967203;10831.10727442716;12706.28439819177;14906.10877695531;17486.78621595445;20514.25336674129;24065.86241733066;28232.35745111674;33120.19296963342;38854.25382030405;45581.04601983359;53472.44000269313;62730.06193403319;73590.44528463698;86331.07429211862;101277.4737211686;118811.5260634959;139381.228686517;163512.140226203;191820.8086789974;225030.524286467;263989.7996954232;309694.0495706946;363311.0235703185;426210.642505751;499999.9999999716
1;1507075853407;50;phasez;-1.55951;-1.56024;-1.5601;-1.5587;-1.55695;-1.5589;-1.55801;-1.55893;-1.55839;-1.55841;-1.55823;-1.55825;-1.55818;-1.5581;-1.55782;-1.55754;-1.55742;-1.55718;-1.55688;-1.55652;-1.55613;-1.55572;-1.55526;-1.5547;-1.55409;-1.55341;-1.55263;-1.55173;-1.55073;-1.54961;-1.54833;-1.54687;-1.54521;-1.54333;-1.54118;-1.53873;-1.53592;-1.53267;-1.52893;-1.52459;-1.51956;-1.5137;-1.50687;-1.4989;-1.48956;-1.47859;-1.46567;-1.4504;-1.43227;-1.41058
2;1507845970086;50;absz;106166;94968.4;84904.4;75924.8;67908.3;60737.2;54322;48573.4;43449.3;38859.1;34750;31081.7;27799.6;24865.7;22242.1;19896.1;17798;15920.3;14241.3;12739.9;11397.2;10195.9;9121.08;8159.98;7300.18;6530.93;5842.94;5227.3;4676.58;4183.72;3742.88;3348.34;2995.25;2679.31;2396.58;2143.53;1917.03;1714.31;1532.83;1370.41;1225.01;1094.87;978.422;874.217;781.217;698.205;624.279;558.759;501.01;450.668
2;1507845970086;50;frequency;20000.00000002444;22385.53853899816;25055.61678390222;28044.17375656954;31389.19662092121;35133.2035329932;39323.78408414649;44014.2042055669;49264.08322518227;55140.1516811012;61717.09952482729;69078.52549602467;77317.99973512921;86540.25314108083;96862.50859274992;108415.9709538568;121347.4948009008;135821.4510731415;152021.8163702936;170154.5114554648;190450.0186878266;213166.3116533389;238592.1342356312;267050.6708003728;298903.6541519141;334555.9634717432;374460.7706856584;419125.3006744233;469117.2785435782;525072.1459047724;587701.13789258;657800.3235824071;736260.7247225839;824079.6413975459;922373.3285811875;1032391.184709951;1155531.632626961;1293359.894754076;1447627.888434013;1620296.494325686;1813560.480908265;2029876.401899315;2271993.821195295;2542990.262224833;2846310.325953354;3185809.474764127;3565803.038745301;3991121.067296888;4467169.723268114;4999999.999999929
2;1507845970086;50;phasez;-1.55325;-1.55265;-1.55213;-1.55122;-1.55085;-1.54987;-1.54912;-1.54797;-1.54696;-1.54577;-1.54431;-1.54282;-1.5412;-1.53928;-1.5373;-1.53501;-1.53245;-1.52959;-1.52653;-1.52308;-1.51926;-1.51498;-1.51029;-1.50501;-1.49918;-1.49265;-1.48537;-1.47729;-1.46828;-1.45818;-1.44691;-1.4343;-1.42022;-1.40444;-1.38678;-1.36698;-1.34477;-1.31985;-1.29185;-1.26034;-1.22488;-1.18489;-1.13973;-1.08863;-1.03061;-0.964783;-0.889757;-0.804111;-0.706139;-0.593909
3;1508163467363;20;absz;21651.3;17666.9;14414.3;11757.9;9592.42;7827.67;6386.42;5211.13;4252.01;3469.11;2830.23;2308.38;1882.02;1534.14;1249.76;1017.43;827.763;673.421;548.651;449.577
3;1508163467363;20;frequency;99999.99999990905;122862.535599424;150952.0265389597;185463.4873444638;227865.1431623047;279960.8926363817;343967.05137965;422606.6409511731;519225.2346839865;637933.2888043621;783781.0140572543;962973.2274171232;1183133.324347452;1453627.601814205;1785963.729760951;2194280.323268956;2695948.443325946;3312310.615921419;4069588.809647371;4999999.999999929
3;1508163467363;20;phasez;-1.53623;-1.53239;-1.52761;-1.52177;-1.51475;-1.50612;-1.49565;-1.48284;-1.46715;-1.4479;-1.42425;-1.3951;-1.35918;-1.31473;-1.25959;-1.19087;-1.10466;-0.995867;-0.857286;-0.679478
