0;9083372556595;20;absz;1.36423e+08;9.94549e+07;7.24822e+07;5.28018e+07;3.84507e+07;2.79754e+07;2.03672e+07;1.48182e+07;1.07782e+07;7.83777e+06;5.69855e+06;4.14239e+06;3.0107e+06;2.18778e+06;1.58964e+06;1.15481e+06;838825;609199;442369;321174
0;9083372556595;20;frequency;9.999999974752427;13.86918846435492;19.23543905490988;26.67799336109056;37.00021196095804;51.31629158938722;71.17153245417285;98.70914048804025;136.9015682683994;189.8713664161278;263.3361782500288;365.2259113806622;506.5387032487934;702.5280792305466;974.3494403835484;1351.343611730726;1874.203936580443;2599.368780806799;3605.113577052066;4999.99999995282
0;9083372556595;20;phasez;-1.5104;-1.5142;-1.51726;-1.51966;-1.52163;-1.52342;-1.52524;-1.52647;-1.52773;-1.52868;-1.52941;-1.52995;-1.53028;-1.53032;-1.52997;-1.52913;-1.52769;-1.52537;-1.52187;-1.51672
1;9084141870250;50;absz;7.40488e+06;6.31192e+06;5.4168e+06;4.63384e+06;3.96207e+06;3.39025e+06;2.90155e+06;2.48198e+06;2.12432e+06;1.81756e+06;1.55494e+06;1.33078e+06;1.13839e+06;973922;833203;712736;609668;521515;446117;381556;326350;279113;238721;204163;174604;149318;127690;109198;93379.3;79849.2;68279;58385.2;49924.5;42688;36500.1;31207.9;26681.6;22810.4;19499.5;16667.2;14244.6;12171.7;10397.8;8879.57;7579.76;6466.39;5512.13;4693.65;3990.89;3386.37
1;9084141870250;50;frequency;199.9999999213742;234.625769479635;275.2462588517801;322.8993264769997;378.802514688914;444.3841576318164;521.3198749487447;611.5753842550475;717.456725922716;841.6691823498468;987.3863981368913;1158.33146786315;1358.872060208682;1594.132014446359;1870.122253535556;2193.894364737048;2573.720768452858;3019.306079821149;3542.035062906734;4155.263512473084;4874.659497176026;5718.603679767398;6708.658946337209;7870.121340545211;9232.666380967203;10831.10727442716;12706.28439819177;14906.10877695531;17486.78621595445;20514.25336674129;24065.86241733066;28232.35745111674;33120.19296963342;38854.25382030405;45581.04601983359;53472.44000269313;62730.06193403319;73590.44528463698;86331.07429211862;101277.4737211686;118811.5260634959;139381.228686517;163512.140226203;191820.8086789974;225030.524286467;263989.7996954232;309694.0495706946;363311.0235703185;426210.642505751;499999.9999999716
1;9084141870250;50;phasez;-1.52891;-1.52904;-1.53127;-1.53066;-1.53143;-1.53163;-1.53306;-1.53297;-1.53318;-1.53354;-1.53405;-1.53429;-1.53459;-1.53482;-1.53506;-1.53521;-1.53541;-1.53574;-1.53584;-1.53596;-1.5361;-1.53615;-1.53616;-1.53613;-1.53601;-1.53582;-1.53553;-1.53515;-1.53464;-1.53402;-1.53325;-1.5323;-1.53116;-1.52979;-1.52817;-1.52626;-1.52398;-1.52129;-1.5181;-1.51434;-1.50988;-1.5046;-1.49836;-1.49097;-1.48221;-1.47182;-1.45949;-1.4448;-1.42724;-1.40613
2;9084910789801;50;absz;82252.6;73630.1;65917.2;59025;52851.1;47313.3;42350.6;37919;33948.5;30384.4;27199.7;24349.2;21797.5;19512.3;17467;15634.7;13996.9;12529.2;11215.2;10038.7;8986.09;8043.39;7199.37;6443.8;5767.43;5161.98;4619.96;4134.71;3700.28;3311.33;2963.14;2651.31;2372.14;2122.23;1898.38;1697.93;1518.41;1357.63;1213.61;1084.62;969.051;865.537;772.832;689.819;615.606;549.268;490.082;437.503;391.002;350.263
2;9084910789801;50;frequency;20000.00000002444;22385.53853899816;25055.61678390222;28044.17375656954;31389.19662092121;35133.2035329932;39323.78408414649;44014.2042055669;49264.08322518227;55140.1516811012;61717.09952482729;69078.52549602467;77317.99973512921;86540.25314108083;96862.50859274992;108415.9709538568;121347.4948009008;135821.4510731415;152021.8163702936;170154.5114554648;190450.0186878266;213166.3116533389;238592.1342356312;267050.6708003728;298903.6541519141;334555.9634717432;374460.7706856584;419125.3006744233;469117.2785435782;525072.1459047724;587701.13789258;657800.3235824071;736260.7247225839;824079.6413975459;922373.3285811875;1032391.184709951;1155531.632626961;1293359.894754076;1447627.888434013;1620296.494325686;1813560.480908265;2029876.401899315;2271993.821195295;2542990.262224833;2846310.325953354;3185809.474764127;3565803.038745301;3991121.067296888;4467169.723268114;4999999.999999929
2;9084910789801;50;phasez;-1.53794;-1.5376;-1.53748;-1.53686;-1.53651;-1.53602;-1.53563;-1.53499;-1.53423;-1.53343;-1.53238;-1.53129;-1.52996;-1.52848;-1.52683;-1.52493;-1.52282;-1.52039;-1.51771;-1.5147;-1.51126;-1.50743;-1.50311;-1.49824;-1.49282;-1.48672;-1.47986;-1.47219;-1.46356;-1.45389;-1.44302;-1.43085;-1.41716;-1.40181;-1.38458;-1.36521;-1.34341;-1.31891;-1.29132;-1.26023;-1.22516;-1.18555;-1.14075;-1.08998;-1.0323;-0.966709;-0.891863;-0.8063;-0.708303;-0.595865
3;9085227080421;20;absz;17002.4;13891;11345.4;9266.7;7569.05;6180.8;5047.71;4121.55;3365.16;2746.84;2241.51;1828.3;1490.76;1214.54;988.645;803.819;652.685;529.385;429.352;349.381
3;9085227080421;20;frequency;99999.99999990905;122862.535599424;150952.0265389597;185463.4873444638;227865.1431623047;279960.8926363817;343967.05137965;422606.6409511731;519225.2346839865;637933.2888043621;783781.0140572543;962973.2274171232;1183133.324347452;1453627.601814205;1785963.729760951;2194280.323268956;2695948.443325946;3312310.615921419;4069588.809647371;4999999.999999929
3;9085227080421;20;phasez;-1.52601;-1.52282;-1.51873;-1.51366;-1.50744;-1.49957;-1.48985;-1.47777;-1.46282;-1.44433;-1.42142;-1.39306;-1.3579;-1.31422;-1.25982;-1.1918;-1.10622;-0.997883;-0.859517;-0.68147
