0;3520464032284;20;absz;1.63455e+08;1.18699e+08;8.61917e+07;6.25614e+07;4.54017e+07;3.2949e+07;2.38887e+07;1.73271e+07;1.25656e+07;9.1099e+06;6.60384e+06;4.78656e+06;3.46886e+06;2.51344e+06;1.82095e+06;1.31902e+06;955341;691858;501007;362782
0;3520464032284;20;frequency;9.999999974752427;13.86918846435492;19.23543905490988;26.67799336109056;37.00021196095804;51.31629158938722;71.17153245417285;98.70914048804025;136.9015682683994;189.8713664161278;263.3361782500288;365.2259113806622;506.5387032487934;702.5280792305466;974.3494403835484;1351.343611730726;1874.203936580443;2599.368780806799;3605.113577052066;4999.99999995282
0;3520464032284;20;phasez;-1.53635;-1.53644;-1.53743;-1.5387;-1.53964;-1.54048;-1.54152;-1.54218;-1.54299;-1.54352;-1.54399;-1.54426;-1.54438;-1.54426;-1.54377;-1.54277;-1.54108;-1.53846;-1.53458;-1.52902
1;3521233651814;50;absz;8.59194e+06;7.34673e+06;6.26749e+06;5.35861e+06;4.57913e+06;3.91009e+06;3.34176e+06;2.85671e+06;2.44053e+06;2.08467e+06;1.78163e+06;1.52185e+06;1.30021e+06;1.1107e+06;948871;810568;692440;591468;505259;431607;368678;314929;269022;229800;196297;167682;143239;122359;104521;89286.3;76270.4;65150.7;55652;47538.7;40606.8;34684.3;29624;25301.3;21606.9;18450.5;15753.1;13447.4;11476.6;9791.1;8349.6;7116.2;6060.07;5155.08;4378.76;3711.79
1;3521233651814;50;frequency;199.9999999213742;234.625769479635;275.2462588517801;322.8993264769997;378.802514688914;444.3841576318164;521.3198749487447;611.5753842550475;717.456725922716;841.6691823498468;987.3863981368913;1158.33146786315;1358.872060208682;1594.132014446359;1870.122253535556;2193.894364737048;2573.720768452858;3019.306079821149;3542.035062906734;4155.263512473084;4874.659497176026;5718.603679767398;6708.658946337209;7870.121340545211;9232.666380967203;10831.10727442716;12706.28439819177;14906.10877695531;17486.78621595445;20514.25336674129;24065.86241733066;28232.35745111674;33120.19296963342;38854.25382030405;45581.04601983359;53472.44000269313;62730.06193403319;73590.44528463698;86331.07429211862;101277.4737211686;118811.5260634959;139381.228686517;163512.140226203;191820.8086789974;225030.524286467;263989.7996954232;309694.0495706946;363311.0235703185;426210.642505751;499999.9999999716
1;3521233651814;50;phasez;-1.54563;-1.54258;-1.54525;-1.54555;-1.54529;-1.54688;-1.54665;-1.54664;-1.54735;-1.54722;-1.54773;-1.54809;-1.5479;-1.54829;-1.54842;-1.54859;-1.54862;-1.54859;-1.54861;-1.54852;-1.54842;-1.54831;-1.54808;-1.54782;-1.54751;-1.54713;-1.54666;-1.5461;-1.54545;-1.54468;-1.54378;-1.54273;-1.54149;-1.54004;-1.53835;-1.53638;-1.53406;-1.53132;-1.52811;-1.52431;-1.51984;-1.51455;-1.50831;-1.50093;-1.4922;-1.48185;-1.46955;-1.45491;-1.4374;-1.41635
2;3522006681096;50;absz;92019.4;82306.5;73660;65868.8;58936.8;52722.8;47164.3;42193.1;37750;33768.8;30207;27021.5;24172.4;21623.1;19341.3;17303.2;15478.7;13845.5;12385.1;11078.8;9909.5;8863.81;7928.55;7091.43;6342.46;5672.69;5073.39;4537.3;4057.54;3628.41;3244.39;2900.93;2593.54;2318.55;2072.5;1852.37;1655.4;1479.1;1321.32;1180.15;1053.82;940.776;839.666;749.18;668.406;596.285;532.034;475.032;424.707;380.707
2;3522006681096;50;frequency;20000.00000002444;22385.53853899816;25055.61678390222;28044.17375656954;31389.19662092121;35133.2035329932;39323.78408414649;44014.2042055669;49264.08322518227;55140.1516811012;61717.09952482729;69078.52549602467;77317.99973512921;86540.25314108083;96862.50859274992;108415.9709538568;121347.4948009008;135821.4510731415;152021.8163702936;170154.5114554648;190450.0186878266;213166.3116533389;238592.1342356312;267050.6708003728;298903.6541519141;334555.9634717432;374460.7706856584;419125.3006744233;469117.2785435782;525072.1459047724;587701.13789258;657800.3235824071;736260.7247225839;824079.6413975459;922373.3285811875;1032391.184709951;1155531.632626961;1293359.894754076;1447627.888434013;1620296.494325686;1813560.480908265;2029876.401899315;2271993.821195295;2542990.262224833;2846310.325953354;3185809.474764127;3565803.038745301;3991121.067296888;4467169.723268114;4999999.999999929
2;3522006681096;50;phasez;-1.54817;-1.54773;-1.5479;-1.54721;-1.54716;-1.54645;-1.54581;-1.54511;-1.54427;-1.54339;-1.54238;-1.54122;-1.54003;-1.53855;-1.53687;-1.53491;-1.5328;-1.53033;-1.5277;-1.52465;-1.52123;-1.5174;-1.51311;-1.50829;-1.50289;-1.4968;-1.48998;-1.48232;-1.47373;-1.46409;-1.45324;-1.44108;-1.42741;-1.41205;-1.39479;-1.3754;-1.35359;-1.32905;-1.30141;-1.27028;-1.23516;-1.19551;-1.15066;-1.09988;-1.04217;-0.976599;-0.901818;-0.816371;-0.718553;-0.606399
3;3522324225296;20;absz;18831.4;15365.5;12534.3;10223.7;8339.89;6801.96;5547.07;4523.73;3688.05;3006.52;2450.01;1995.83;1625.17;1322.48;1075.35;873.548;708.845;574.769;466.274;379.812
3;3522324225296;20;frequency;99999.99999990905;122862.535599424;150952.0265389597;185463.4873444638;227865.1431623047;279960.8926363817;343967.05137965;422606.6409511731;519225.2346839865;637933.2888043621;783781.0140572543;962973.2274171232;1183133.324347452;1453627.601814205;1785963.729760951;2194280.323268956;2695948.443325946;3312310.615921419;4069588.809647371;4999999.999999929
3;3522324225296;20;phasez;-1.53598;-1.53276;-1.52868;-1.52367;-1.51741;-1.5096;-1.49994;-1.48791;-1.47302;-1.45454;-1.43165;-1.40329;-1.36807;-1.32431;-1.26983;-1.20172;-1.11609;-1.00779;-0.869619;-0.692051
