0;8106906791420;20;absz;1.37013e+08;9.99491e+07;7.28397e+07;5.30621e+07;3.86282e+07;2.81053e+07;2.04564e+07;1.48792e+07;1.08213e+07;7.86824e+06;5.72009e+06;4.15777e+06;3.02176e+06;2.19582e+06;1.59542e+06;1.159e+06;841842;611397;443944;322302
0;8106906791420;20;frequency;9.999999974752427;13.86918846435492;19.23543905490988;26.67799336109056;37.00021196095804;51.31629158938722;71.17153245417285;98.70914048804025;136.9015682683994;189.8713664161278;263.3361782500288;365.2259113806622;506.5387032487934;702.5280792305466;974.3494403835484;1351.343611730726;1874.203936580443;2599.368780806799;3605.113577052066;4999.99999995282
0;8106906791420;20;phasez;-1.51129;-1.51506;-1.51789;-1.52017;-1.52252;-1.52407;-1.52588;-1.52724;-1.52826;-1.52917;-1.52986;-1.53029;-1.53055;-1.53054;-1.53016;-1.52933;-1.52787;-1.52556;-1.52208;-1.51695
1;8107676816584;50;absz;7.42846e+06;6.3467e+06;5.43151e+06;4.64997e+06;3.97924e+06;3.40607e+06;2.91316e+06;2.49212e+06;2.13167e+06;1.8249e+06;1.56098e+06;1.3355e+06;1.14244e+06;977477;836252;715298;611861;523372;447666;382908;327499;280094;239547;204865;175194;149821;128119;109556;93684.4;80108.6;68499.6;58570.7;50081.6;42821.7;36613.3;31304.2;26763.3;22879.8;19557.8;16716.6;14286;12206.7;10427.6;8904.68;7600.78;6484.09;5527.18;4706.3;4001.5;3395.37
1;8107676816584;50;frequency;199.9999999213742;234.625769479635;275.2462588517801;322.8993264769997;378.802514688914;444.3841576318164;521.3198749487447;611.5753842550475;717.456725922716;841.6691823498468;987.3863981368913;1158.33146786315;1358.872060208682;1594.132014446359;1870.122253535556;2193.894364737048;2573.720768452858;3019.306079821149;3542.035062906734;4155.263512473084;4874.659497176026;5718.603679767398;6708.658946337209;7870.121340545211;9232.666380967203;10831.10727442716;12706.28439819177;14906.10877695531;17486.78621595445;20514.25336674129;24065.86241733066;28232.35745111674;33120.19296963342;38854.25382030405;45581.04601983359;53472.44000269313;62730.06193403319;73590.44528463698;86331.07429211862;101277.4737211686;118811.5260634959;139381.228686517;163512.140226203;191820.8086789974;225030.524286467;263989.7996954232;309694.0495706946;363311.0235703185;426210.642505751;499999.9999999716
1;8107676816584;50;phasez;-1.53087;-1.53127;-1.5309;-1.53132;-1.53252;-1.53207;-1.53207;-1.53366;-1.5333;-1.53373;-1.53401;-1.53454;-1.53472;-1.53502;-1.53507;-1.53548;-1.53567;-1.53586;-1.53605;-1.53625;-1.53634;-1.53639;-1.53641;-1.53637;-1.53626;-1.53607;-1.53579;-1.53541;-1.53491;-1.5343;-1.53351;-1.53257;-1.53144;-1.53008;-1.52845;-1.52655;-1.52428;-1.5216;-1.51841;-1.51465;-1.51019;-1.50492;-1.49868;-1.49129;-1.48254;-1.47215;-1.45982;-1.44513;-1.42757;-1.40647
2;8108444315034;50;absz;82531.1;73894.2;66131.1;59215.9;53022.6;47461.2;42480.7;38038.3;34054.1;30480;27286;24425.4;21863;19571.9;17519.8;15682.6;14038.3;12566.2;11248.4;10068.1;9011.81;8066.08;7219.79;6461.91;5783.59;5176.32;4632.65;4146.02;3710.29;3320.23;2971;2658.29;2378.4;2127.74;1903.25;1702.25;1522.21;1361;1216.59;1087.25;971.384;867.618;774.669;691.455;617.035;550.533;491.217;438.509;391.904;351.07
2;8108444315034;50;frequency;20000.00000002444;22385.53853899816;25055.61678390222;28044.17375656954;31389.19662092121;35133.2035329932;39323.78408414649;44014.2042055669;49264.08322518227;55140.1516811012;61717.09952482729;69078.52549602467;77317.99973512921;86540.25314108083;96862.50859274992;108415.9709538568;121347.4948009008;135821.4510731415;152021.8163702936;170154.5114554648;190450.0186878266;213166.3116533389;238592.1342356312;267050.6708003728;298903.6541519141;334555.9634717432;374460.7706856584;419125.3006744233;469117.2785435782;525072.1459047724;587701.13789258;657800.3235824071;736260.7247225839;824079.6413975459;922373.3285811875;1032391.184709951;1155531.632626961;1293359.894754076;1447627.888434013;1620296.494325686;1813560.480908265;2029876.401899315;2271993.821195295;2542990.262224833;2846310.325953354;3185809.474764127;3565803.038745301;3991121.067296888;4467169.723268114;4999999.999999929
2;8108444315034;50;phasez;-1.53818;-1.53773;-1.53765;-1.53702;-1.53685;-1.53652;-1.53573;-1.53521;-1.53455;-1.5335;-1.53265;-1.53148;-1.53024;-1.52875;-1.52712;-1.52524;-1.5231;-1.52071;-1.51802;-1.515;-1.51158;-1.50773;-1.50343;-1.49859;-1.49315;-1.48704;-1.48019;-1.47251;-1.46389;-1.45422;-1.44335;-1.43117;-1.41752;-1.40217;-1.38492;-1.36554;-1.34378;-1.31926;-1.29168;-1.26059;-1.22553;-1.18592;-1.14113;-1.09036;-1.03267;-0.967083;-0.89224;-0.806688;-0.708693;-0.596275
3;8108763522882;20;absz;17052.8;13933;11379;9293.06;7590.47;6198.25;5061.69;4132.71;3373.93;2754.06;2247.22;1832.92;1494.46;1217.48;991;805.725;654.206;530.614;430.351;350.192
3;8108763522882;20;frequency;99999.99999990905;122862.535599424;150952.0265389597;185463.4873444638;227865.1431623047;279960.8926363817;343967.05137965;422606.6409511731;519225.2346839865;637933.2888043621;783781.0140572543;962973.2274171232;1183133.324347452;1453627.601814205;1785963.729760951;2194280.323268956;2695948.443325946;3312310.615921419;4069588.809647371;4999999.999999929
3;8108763522882;20;phasez;-1.52623;-1.52309;-1.51909;-1.51401;-1.50768;-1.49989;-1.49015;-1.47809;-1.46315;-1.44467;-1.42177;-1.39341;-1.35826;-1.31459;-1.26018;-1.19216;-1.10658;-0.998263;-0.859914;-0.681933
