0;1863381586915;20;absz;1.9253e+08;1.39293e+08;1.00802e+08;7.29065e+07;5.27604e+07;3.81597e+07;2.76084e+07;1.99748e+07;1.44473e+07;1.04491e+07;7.55765e+06;5.46569e+06;3.95199e+06;2.85689e+06;2.06513e+06;1.49265e+06;1.07875e+06;779577;563354;407096
0;1863381586915;20;frequency;9.999999974752427;13.86918846435492;19.23543905490988;26.67799336109056;37.00021196095804;51.31629158938722;71.17153245417285;98.70914048804025;136.9015682683994;189.8713664161278;263.3361782500288;365.2259113806622;506.5387032487934;702.5280792305466;974.3494403835484;1351.343611730726;1874.203936580443;2599.368780806799;3605.113577052066;4999.99999995282
0;1863381586915;20;phasez;-1.55376;-1.55371;-1.55408;-1.55409;-1.55435;-1.55526;-1.55498;-1.55524;-1.55526;-1.55543;-1.5555;-1.55554;-1.55548;-1.55507;-1.55438;-1.55319;-1.55124;-1.5484;-1.54427;-1.53842
1;1864149809345;50;absz;9.84727e+06;8.41977e+06;7.16942e+06;6.12958e+06;5.22699e+06;4.45659e+06;3.80854e+06;3.24957e+06;2.77399e+06;2.36752e+06;2.02041e+06;1.72414e+06;1.47124e+06;1.25557e+06;1.07148e+06;914454;780335;665910;568222;484878;413779;353103;301329;257148;219453;187283;159837;136416;116426;99369.8;84816.6;72396.1;61797.2;52749.8;45028.8;38436.9;32811;28007.7;23907;20405.4;17415.3;14861.5;12679.4;10814.8;9220.78;7857.75;6691.33;5692.16;4835.27;4099.39
1;1864149809345;50;frequency;199.9999999213742;234.625769479635;275.2462588517801;322.8993264769997;378.802514688914;444.3841576318164;521.3198749487447;611.5753842550475;717.456725922716;841.6691823498468;987.3863981368913;1158.33146786315;1358.872060208682;1594.132014446359;1870.122253535556;2193.894364737048;2573.720768452858;3019.306079821149;3542.035062906734;4155.263512473084;4874.659497176026;5718.603679767398;6708.658946337209;7870.121340545211;9232.666380967203;10831.10727442716;12706.28439819177;14906.10877695531;17486.78621595445;20514.25336674129;24065.86241733066;28232.35745111674;33120.19296963342;38854.25382030405;45581.04601983359;53472.44000269313;62730.06193403319;73590.44528463698;86331.07429211862;101277.4737211686;118811.5260634959;139381.228686517;163512.140226203;191820.8086789974;225030.524286467;263989.7996954232;309694.0495706946;363311.0235703185;426210.642505751;499999.9999999716
1;1864149809345;50;phasez;-1.55492;-1.5552;-1.55708;-1.55721;-1.55791;-1.55677;-1.55798;-1.55805;-1.55745;-1.55807;-1.55865;-1.55832;-1.55869;-1.55871;-1.55873;-1.55861;-1.55855;-1.55848;-1.55829;-1.55812;-1.55792;-1.55758;-1.55722;-1.55678;-1.55628;-1.55567;-1.55497;-1.55417;-1.55324;-1.55217;-1.55097;-1.54957;-1.54799;-1.54617;-1.54409;-1.54172;-1.53898;-1.53581;-1.53214;-1.52789;-1.52293;-1.51714;-1.51037;-1.50245;-1.49315;-1.48224;-1.46934;-1.45409;-1.43596;-1.41428
2;1864921234460;50;absz;102405;91566.5;81904.8;73212.6;65460.8;58534.1;52350.6;46801.1;41844;37420.1;33458.2;29916.1;26753.8;23926;21395.4;19131.9;17109.7;15302.4;13684.9;12238.9;10945.8;9788.97;8755.16;7830.37;7003.27;6263.68;5602;5010.44;4481.25;4007.87;3584.42;3205.6;2866.78;2563.53;2292.35;2049.6;1832.49;1638.15;1464.28;1308.64;1169.41;1044.79;933.303;833.605;744.558;665.117;594.366;531.642;476.337;428.103
2;1864921234460;50;frequency;20000.00000002444;22385.53853899816;25055.61678390222;28044.17375656954;31389.19662092121;35133.2035329932;39323.78408414649;44014.2042055669;49264.08322518227;55140.1516811012;61717.09952482729;69078.52549602467;77317.99973512921;86540.25314108083;96862.50859274992;108415.9709538568;121347.4948009008;135821.4510731415;152021.8163702936;170154.5114554648;190450.0186878266;213166.3116533389;238592.1342356312;267050.6708003728;298903.6541519141;334555.9634717432;374460.7706856584;419125.3006744233;469117.2785435782;525072.1459047724;587701.13789258;657800.3235824071;736260.7247225839;824079.6413975459;922373.3285811875;1032391.184709951;1155531.632626961;1293359.894754076;1447627.888434013;1620296.494325686;1813560.480908265;2029876.401899315;2271993.821195295;2542990.262224833;2846310.325953354;3185809.474764127;3565803.038745301;3991121.067296888;4467169.723268114;4999999.999999929
2;1864921234460;50;phasez;-1.55592;-1.55525;-1.55485;-1.5541;-1.55358;-1.55289;-1.5518;-1.55099;-1.54988;-1.54878;-1.54744;-1.54604;-1.54433;-1.54256;-1.54059;-1.53828;-1.53592;-1.53314;-1.53003;-1.52659;-1.52284;-1.5186;-1.5139;-1.50868;-1.50285;-1.49633;-1.48912;-1.48102;-1.47198;-1.4619;-1.45062;-1.43801;-1.4239;-1.4081;-1.3904;-1.37056;-1.34832;-1.32334;-1.29528;-1.26372;-1.22818;-1.18811;-1.14287;-1.09166;-1.03355;-0.967594;-0.892437;-0.806639;-0.7085;-0.596066
3;1865236572570;20;absz;20823.2;16983.1;13850.1;11292.3;9208.36;7510.5;6124.23;4994.73;4072.99;3321.5;2708.24;2207.53;1798.88;1465.45;1193.04;970.615;789.081;641.373;521.951;427.048
3;1865236572570;20;frequency;99999.99999990905;122862.535599424;150952.0265389597;185463.4873444638;227865.1431623047;279960.8926363817;343967.05137965;422606.6409511731;519225.2346839865;637933.2888043621;783781.0140572543;962973.2274171232;1183133.324347452;1453627.601814205;1785963.729760951;2194280.323268956;2695948.443325946;3312310.615921419;4069588.809647371;4999999.999999929
3;1865236572570;20;phasez;-1.53955;-1.53578;-1.5311;-1.52535;-1.51834;-1.50979;-1.49937;-1.48656;-1.47088;-1.45161;-1.42793;-1.39873;-1.36273;-1.31818;-1.26291;-1.19404;-1.10764;-0.998656;-0.859814;-0.681685
