0;9303808442828;20;absz;1.36309e+08;9.94132e+07;7.24406e+07;5.27641e+07;3.84229e+07;2.79789e+07;2.03554e+07;1.48082e+07;1.07716e+07;7.83307e+06;5.69521e+06;4.13991e+06;3.00889e+06;2.18652e+06;1.58868e+06;1.15414e+06;838338;608876;442135;320997
0;9303808442828;20;frequency;9.999999974752427;13.86918846435492;19.23543905490988;26.67799336109056;37.00021196095804;51.31629158938722;71.17153245417285;98.70914048804025;136.9015682683994;189.8713664161278;263.3361782500288;365.2259113806622;506.5387032487934;702.5280792305466;974.3494403835484;1351.343611730726;1874.203936580443;2599.368780806799;3605.113577052066;4999.99999995282
0;9303808442828;20;phasez;-1.51088;-1.51371;-1.51737;-1.51977;-1.52191;-1.52326;-1.5252;-1.52657;-1.52763;-1.52865;-1.52937;-1.52992;-1.53025;-1.53026;-1.52994;-1.52909;-1.52764;-1.52532;-1.52182;-1.51666
1;9304578460849;50;absz;7.37518e+06;6.31944e+06;5.40381e+06;4.62823e+06;3.96189e+06;3.38755e+06;2.89983e+06;2.48127e+06;2.12372e+06;1.81652e+06;1.55497e+06;1.32993e+06;1.13772e+06;973448;832800;712419;609332;521259;445852;381369;326185;278976;238593;204064;174517;149245;127632;109146;93335.1;79812.8;68246.7;58357.9;49901.2;42668.3;36483.2;31193.6;26669.4;22800;19491;16660;14238.6;12166.6;10393.4;8875.9;7576.63;6463.75;5510;4691.88;3989.28;3385.1
1;9304578460849;50;frequency;199.9999999213742;234.625769479635;275.2462588517801;322.8993264769997;378.802514688914;444.3841576318164;521.3198749487447;611.5753842550475;717.456725922716;841.6691823498468;987.3863981368913;1158.33146786315;1358.872060208682;1594.132014446359;1870.122253535556;2193.894364737048;2573.720768452858;3019.306079821149;3542.035062906734;4155.263512473084;4874.659497176026;5718.603679767398;6708.658946337209;7870.121340545211;9232.666380967203;10831.10727442716;12706.28439819177;14906.10877695531;17486.78621595445;20514.25336674129;24065.86241733066;28232.35745111674;33120.19296963342;38854.25382030405;45581.04601983359;53472.44000269313;62730.06193403319;73590.44528463698;86331.07429211862;101277.4737211686;118811.5260634959;139381.228686517;163512.140226203;191820.8086789974;225030.524286467;263989.7996954232;309694.0495706946;363311.0235703185;426210.642505751;499999.9999999716
1;9304578460849;50;phasez;-1.5318;-1.53136;-1.53188;-1.53098;-1.53069;-1.53205;-1.53277;-1.5325;-1.53312;-1.53327;-1.53381;-1.53423;-1.53451;-1.5348;-1.53492;-1.53519;-1.53541;-1.53563;-1.53583;-1.53594;-1.53604;-1.5361;-1.53611;-1.53608;-1.53596;-1.53577;-1.53548;-1.53509;-1.53461;-1.53397;-1.5332;-1.53226;-1.53112;-1.52975;-1.52813;-1.52622;-1.52394;-1.52125;-1.51806;-1.51429;-1.50983;-1.50455;-1.49831;-1.49091;-1.48216;-1.47177;-1.45944;-1.44475;-1.42719;-1.40608
2;9305347896893;50;absz;82215.7;73603.8;65896.8;58993;52823.4;47287;42325.1;37892.1;33926.1;30370.3;27187.3;24336.9;21786;19500.4;17457;15627.7;13989.6;12522.8;11210.1;10034.5;8981.88;8039.6;7195.8;6440.73;5764.9;5159.73;4617.97;4132.91;3698.68;3309.92;2961.82;2650.18;2371.16;2121.33;1897.61;1697.23;1517.78;1357.08;1213.13;1084.18;968.665;865.192;772.54;689.564;615.364;549.055;489.907;437.331;390.848;350.115
2;9305347896893;50;frequency;20000.00000002444;22385.53853899816;25055.61678390222;28044.17375656954;31389.19662092121;35133.2035329932;39323.78408414649;44014.2042055669;49264.08322518227;55140.1516811012;61717.09952482729;69078.52549602467;77317.99973512921;86540.25314108083;96862.50859274992;108415.9709538568;121347.4948009008;135821.4510731415;152021.8163702936;170154.5114554648;190450.0186878266;213166.3116533389;238592.1342356312;267050.6708003728;298903.6541519141;334555.9634717432;374460.7706856584;419125.3006744233;469117.2785435782;525072.1459047724;587701.13789258;657800.3235824071;736260.7247225839;824079.6413975459;922373.3285811875;1032391.184709951;1155531.632626961;1293359.894754076;1447627.888434013;1620296.494325686;1813560.480908265;2029876.401899315;2271993.821195295;2542990.262224833;2846310.325953354;3185809.474764127;3565803.038745301;3991121.067296888;4467169.723268114;4999999.999999929
2;9305347896893;50;phasez;-1.53763;-1.53763;-1.5373;-1.53683;-1.53658;-1.53603;-1.53548;-1.53494;-1.53418;-1.53332;-1.53233;-1.53119;-1.52984;-1.52846;-1.52678;-1.52491;-1.52275;-1.52038;-1.51767;-1.51465;-1.51123;-1.50737;-1.50303;-1.49822;-1.49279;-1.48668;-1.47983;-1.47215;-1.46351;-1.45384;-1.44299;-1.4308;-1.41712;-1.40177;-1.38452;-1.36515;-1.34337;-1.31886;-1.29127;-1.26019;-1.22511;-1.18551;-1.14071;-1.08992;-1.03225;-0.96666;-0.891821;-0.806257;-0.708253;-0.595819
3;9305664386605;20;absz;16992;13882.7;11338;9261.21;7565.44;6177.74;5045.19;4119.54;3363.28;2745.47;2240.34;1827.38;1490.01;1213.97;988.188;803.447;652.381;529.155;429.161;349.221
3;9305664386605;20;frequency;99999.99999990905;122862.535599424;150952.0265389597;185463.4873444638;227865.1431623047;279960.8926363817;343967.05137965;422606.6409511731;519225.2346839865;637933.2888043621;783781.0140572543;962973.2274171232;1183133.324347452;1453627.601814205;1785963.729760951;2194280.323268956;2695948.443325946;3312310.615921419;4069588.809647371;4999999.999999929
3;9305664386605;20;phasez;-1.52591;-1.52274;-1.51871;-1.51364;-1.50737;-1.49953;-1.48979;-1.47773;-1.4628;-1.44429;-1.4214;-1.39302;-1.35786;-1.31419;-1.25979;-1.19177;-1.10619;-0.99786;-0.859507;-0.681501
