0;9432164644067;20;absz;1.36315e+08;9.93544e+07;7.24222e+07;5.27492e+07;3.84109e+07;2.79612e+07;2.03471e+07;1.48038e+07;1.07684e+07;7.83038e+06;5.69311e+06;4.13859e+06;3.00794e+06;2.18584e+06;1.58821e+06;1.15384e+06;838101;608695;442008;320920
0;9432164644067;20;frequency;9.999999974752427;13.86918846435492;19.23543905490988;26.67799336109056;37.00021196095804;51.31629158938722;71.17153245417285;98.70914048804025;136.9015682683994;189.8713664161278;263.3361782500288;365.2259113806622;506.5387032487934;702.5280792305466;974.3494403835484;1351.343611730726;1874.203936580443;2599.368780806799;3605.113577052066;4999.99999995282
0;9432164644067;20;phasez;-1.51088;-1.51406;-1.51711;-1.51979;-1.52187;-1.52418;-1.52505;-1.5265;-1.52765;-1.5286;-1.52934;-1.52994;-1.53024;-1.53025;-1.52991;-1.5291;-1.52761;-1.52527;-1.52176;-1.51661
1;9432932903629;50;absz;7.38879e+06;6.30289e+06;5.4115e+06;4.62361e+06;3.95673e+06;3.38618e+06;2.89818e+06;2.47925e+06;2.12229e+06;1.81627e+06;1.55422e+06;1.32932e+06;1.13732e+06;973063;832407;712147;609189;521141;445735;381262;326097;278912;238540;204009;174471;149212;127599;109119;93310.4;79791.3;68230;58343.6;49888;42657.3;36474;31185.7;26663;22794.2;19485.8;16656;14234.6;12163.2;10390.7;8873.56;7574.75;6462.2;5508.62;4690.78;3988.41;3384.31
1;9432932903629;50;frequency;199.9999999213742;234.625769479635;275.2462588517801;322.8993264769997;378.802514688914;444.3841576318164;521.3198749487447;611.5753842550475;717.456725922716;841.6691823498468;987.3863981368913;1158.33146786315;1358.872060208682;1594.132014446359;1870.122253535556;2193.894364737048;2573.720768452858;3019.306079821149;3542.035062906734;4155.263512473084;4874.659497176026;5718.603679767398;6708.658946337209;7870.121340545211;9232.666380967203;10831.10727442716;12706.28439819177;14906.10877695531;17486.78621595445;20514.25336674129;24065.86241733066;28232.35745111674;33120.19296963342;38854.25382030405;45581.04601983359;53472.44000269313;62730.06193403319;73590.44528463698;86331.07429211862;101277.4737211686;118811.5260634959;139381.228686517;163512.140226203;191820.8086789974;225030.524286467;263989.7996954232;309694.0495706946;363311.0235703185;426210.642505751;499999.9999999716
1;9432932903629;50;phasez;-1.5293;-1.52921;-1.53159;-1.53108;-1.53115;-1.53217;-1.53273;-1.53285;-1.53362;-1.53325;-1.53353;-1.53418;-1.53438;-1.53475;-1.53494;-1.53519;-1.5354;-1.53555;-1.5358;-1.53589;-1.53599;-1.53606;-1.53607;-1.53604;-1.53594;-1.53574;-1.53546;-1.53509;-1.5346;-1.53396;-1.5332;-1.53226;-1.53112;-1.52975;-1.52813;-1.52622;-1.52394;-1.52124;-1.51805;-1.51427;-1.50981;-1.50453;-1.49828;-1.49088;-1.48213;-1.47174;-1.45941;-1.44471;-1.42716;-1.40605
2;9433700962044;50;absz;82191.9;73606.9;65882.6;59001.6;52814.4;47279.5;42318.9;37891.1;33918.9;30362.1;27180.4;24331.1;21782.2;19497.9;17454.6;15624.5;13986.8;12520.3;11208.1;10032.4;8979.8;8037.79;7194.46;6439.6;5763.83;5158.77;4617.17;4132.33;3698.06;3309.4;2961.41;2649.81;2370.81;2121.02;1897.32;1696.98;1517.55;1356.87;1212.95;1084.02;968.509;865.076;772.434;689.456;615.27;548.975;489.815;437.262;390.789;350.064
2;9433700962044;50;frequency;20000.00000002444;22385.53853899816;25055.61678390222;28044.17375656954;31389.19662092121;35133.2035329932;39323.78408414649;44014.2042055669;49264.08322518227;55140.1516811012;61717.09952482729;69078.52549602467;77317.99973512921;86540.25314108083;96862.50859274992;108415.9709538568;121347.4948009008;135821.4510731415;152021.8163702936;170154.5114554648;190450.0186878266;213166.3116533389;238592.1342356312;267050.6708003728;298903.6541519141;334555.9634717432;374460.7706856584;419125.3006744233;469117.2785435782;525072.1459047724;587701.13789258;657800.3235824071;736260.7247225839;824079.6413975459;922373.3285811875;1032391.184709951;1155531.632626961;1293359.894754076;1447627.888434013;1620296.494325686;1813560.480908265;2029876.401899315;2271993.821195295;2542990.262224833;2846310.325953354;3185809.474764127;3565803.038745301;3991121.067296888;4467169.723268114;4999999.999999929
2;9433700962044;50;phasez;-1.53778;-1.5374;-1.5373;-1.53684;-1.53655;-1.53603;-1.53551;-1.53489;-1.53421;-1.53337;-1.53231;-1.53126;-1.52987;-1.52842;-1.52675;-1.52484;-1.52281;-1.52038;-1.51766;-1.51459;-1.51121;-1.50735;-1.50305;-1.49819;-1.49273;-1.48665;-1.47978;-1.47211;-1.46348;-1.45381;-1.44295;-1.43078;-1.41711;-1.40176;-1.38451;-1.36514;-1.34335;-1.31885;-1.29125;-1.26017;-1.22511;-1.1855;-1.1407;-1.08996;-1.03225;-0.966663;-0.89182;-0.806263;-0.708268;-0.595828
3;9434019840890;20;absz;16990.9;13882;11337.3;9260.35;7564.32;6177.06;5044.53;4119.07;3363.07;2745.29;2240.2;1827.25;1489.91;1213.89;988.119;803.424;652.375;529.132;429.143;349.201
3;9434019840890;20;frequency;99999.99999990905;122862.535599424;150952.0265389597;185463.4873444638;227865.1431623047;279960.8926363817;343967.05137965;422606.6409511731;519225.2346839865;637933.2888043621;783781.0140572543;962973.2274171232;1183133.324347452;1453627.601814205;1785963.729760951;2194280.323268956;2695948.443325946;3312310.615921419;4069588.809647371;4999999.999999929
3;9434019840890;20;phasez;-1.52592;-1.52277;-1.51869;-1.51361;-1.50731;-1.49949;-1.48974;-1.4777;-1.46274;-1.44425;-1.42135;-1.39299;-1.35781;-1.31414;-1.25973;-1.1917;-1.10613;-0.997802;-0.859447;-0.681406
