0;6876367763846;20;absz;1.39129e+08;1.01367e+08;7.38211e+07;5.37587e+07;3.91232e+07;2.84794e+07;2.07055e+07;1.50566e+07;1.09474e+07;7.95869e+06;5.78475e+06;4.20407e+06;3.0549e+06;2.21957e+06;1.61246e+06;1.17124e+06;850580;617620;448383;325456
0;6876367763846;20;frequency;9.999999974752427;13.86918846435492;19.23543905490988;26.67799336109056;37.00021196095804;51.31629158938722;71.17153245417285;98.70914048804025;136.9015682683994;189.8713664161278;263.3361782500288;365.2259113806622;506.5387032487934;702.5280792305466;974.3494403835484;1351.343611730726;1874.203936580443;2599.368780806799;3605.113577052066;4999.99999995282
0;6876367763846;20;phasez;-1.51563;-1.51775;-1.52038;-1.52255;-1.52458;-1.52635;-1.52749;-1.52857;-1.52949;-1.53024;-1.53085;-1.53121;-1.53141;-1.53134;-1.53097;-1.53013;-1.5287;-1.52642;-1.52295;-1.51783
1;6877140528415;50;absz;7.50343e+06;6.42324e+06;5.49159e+06;4.70301e+06;4.02058e+06;3.44041e+06;2.94381e+06;2.51965e+06;2.1552e+06;1.84436e+06;1.57774e+06;1.34959e+06;1.1546e+06;987770;844884;722641;618077;528652;452150;386690;330702;282810;241837;206811;176843;151216;129301;110560;94532.6;80827.8;69109.5;59088.3;50519.7;43192.9;36928.4;31570.8;26989.2;23071.2;19720.1;16854.1;14402.4;12305;10510.6;8975.01;7660.53;6534.71;5569.86;4742.38;4031.92;3420.91
1;6877140528415;50;frequency;199.9999999213742;234.625769479635;275.2462588517801;322.8993264769997;378.802514688914;444.3841576318164;521.3198749487447;611.5753842550475;717.456725922716;841.6691823498468;987.3863981368913;1158.33146786315;1358.872060208682;1594.132014446359;1870.122253535556;2193.894364737048;2573.720768452858;3019.306079821149;3542.035062906734;4155.263512473084;4874.659497176026;5718.603679767398;6708.658946337209;7870.121340545211;9232.666380967203;10831.10727442716;12706.28439819177;14906.10877695531;17486.78621595445;20514.25336674129;24065.86241733066;28232.35745111674;33120.19296963342;38854.25382030405;45581.04601983359;53472.44000269313;62730.06193403319;73590.44528463698;86331.07429211862;101277.4737211686;118811.5260634959;139381.228686517;163512.140226203;191820.8086789974;225030.524286467;263989.7996954232;309694.0495706946;363311.0235703185;426210.642505751;499999.9999999716
1;6877140528415;50;phasez;-1.53022;-1.53245;-1.53316;-1.5312;-1.53324;-1.53286;-1.53366;-1.53349;-1.53458;-1.53474;-1.53498;-1.53525;-1.53542;-1.53599;-1.53599;-1.53627;-1.53653;-1.53676;-1.53694;-1.53712;-1.53721;-1.53728;-1.53732;-1.53727;-1.53714;-1.53697;-1.53667;-1.53627;-1.53576;-1.53512;-1.53434;-1.53338;-1.53223;-1.53086;-1.52924;-1.52733;-1.52505;-1.52237;-1.51919;-1.51542;-1.51097;-1.50569;-1.49944;-1.49205;-1.48329;-1.4729;-1.46057;-1.44589;-1.42835;-1.40727
2;6877911744770;50;absz;83283.5;74547.3;66732.1;59733.1;53489.2;47882.1;42862.4;38365.8;34346.8;30744.1;27516.3;24632.3;22048.1;19736;17664.9;15811.8;14152.7;12668;11339;10148.7;9083.26;8129.79;7276.1;6512.06;5828.21;5216.14;4668.08;4177.47;3738.31;3345.07;2993.2;2678.01;2395.86;2143.25;1917.06;1714.52;1533.09;1370.63;1225.13;1094.81;978.087;873.546;779.951;696.126;621.189;554.213;494.485;441.422;394.512;353.412
2;6877911744770;50;frequency;20000.00000002444;22385.53853899816;25055.61678390222;28044.17375656954;31389.19662092121;35133.2035329932;39323.78408414649;44014.2042055669;49264.08322518227;55140.1516811012;61717.09952482729;69078.52549602467;77317.99973512921;86540.25314108083;96862.50859274992;108415.9709538568;121347.4948009008;135821.4510731415;152021.8163702936;170154.5114554648;190450.0186878266;213166.3116533389;238592.1342356312;267050.6708003728;298903.6541519141;334555.9634717432;374460.7706856584;419125.3006744233;469117.2785435782;525072.1459047724;587701.13789258;657800.3235824071;736260.7247225839;824079.6413975459;922373.3285811875;1032391.184709951;1155531.632626961;1293359.894754076;1447627.888434013;1620296.494325686;1813560.480908265;2029876.401899315;2271993.821195295;2542990.262224833;2846310.325953354;3185809.474764127;3565803.038745301;3991121.067296888;4467169.723268114;4999999.999999929
2;6877911744770;50;phasez;-1.53881;-1.53858;-1.53833;-1.53785;-1.53751;-1.53724;-1.53664;-1.53595;-1.53529;-1.53447;-1.53343;-1.53236;-1.53111;-1.52958;-1.52788;-1.52599;-1.52389;-1.5215;-1.5188;-1.51576;-1.51234;-1.50853;-1.50416;-1.49933;-1.49389;-1.48779;-1.48096;-1.47329;-1.46467;-1.45502;-1.44419;-1.43203;-1.41838;-1.40305;-1.38583;-1.36649;-1.34473;-1.32026;-1.2927;-1.26165;-1.22662;-1.18705;-1.14229;-1.09153;-1.03391;-0.968368;-0.893587;-0.808099;-0.710187;-0.597857
3;6878228071476;20;absz;17196.4;14048.6;11470.2;9367.57;7650.08;6246.25;5100.77;4164.24;3399.36;2774.6;2263.83;1846.26;1505.13;1226.09;997.901;811.243;658.628;534.163;433.218;352.526
3;6878228071476;20;frequency;99999.99999990905;122862.535599424;150952.0265389597;185463.4873444638;227865.1431623047;279960.8926363817;343967.05137965;422606.6409511731;519225.2346839865;637933.2888043621;783781.0140572543;962973.2274171232;1183133.324347452;1453627.601814205;1785963.729760951;2194280.323268956;2695948.443325946;3312310.615921419;4069588.809647371;4999999.999999929
3;6878228071476;20;phasez;-1.52696;-1.52394;-1.51979;-1.51481;-1.50848;-1.50064;-1.49093;-1.47885;-1.46396;-1.44551;-1.42265;-1.39434;-1.35924;-1.31562;-1.26129;-1.19333;-1.10784;-0.999595;-0.861363;-0.683508
