0;6432819725052;20;absz;1.40032e+08;1.0208e+08;7.43283e+07;5.41249e+07;3.93801e+07;2.86389e+07;2.08364e+07;1.51522e+07;1.10163e+07;8.00866e+06;5.82124e+06;4.23056e+06;3.07419e+06;2.23358e+06;1.62258e+06;1.17857e+06;855898;621474;451171;327469
0;6432819725052;20;frequency;9.999999974752427;13.86918846435492;19.23543905490988;26.67799336109056;37.00021196095804;51.31629158938722;71.17153245417285;98.70914048804025;136.9015682683994;189.8713664161278;263.3361782500288;365.2259113806622;506.5387032487934;702.5280792305466;974.3494403835484;1351.343611730726;1874.203936580443;2599.368780806799;3605.113577052066;4999.99999995282
0;6432819725052;20;phasez;-1.51675;-1.52;-1.52179;-1.52376;-1.52541;-1.52712;-1.528;-1.52892;-1.52981;-1.53044;-1.53098;-1.53135;-1.53155;-1.5315;-1.53111;-1.53027;-1.52884;-1.52659;-1.52317;-1.5181
1;6433590844105;50;absz;7.54036e+06;6.46045e+06;5.52828e+06;4.72872e+06;4.04924e+06;3.46266e+06;2.96247e+06;2.53461e+06;2.16923e+06;1.85537e+06;1.58738e+06;1.35784e+06;1.16189e+06;993872;850176;727140;621971;531966;454952;389102;332749;284545;243321;208061;177907;152119;130065;111207;95082.8;81293;69502.7;59421.9;50803.2;43433.2;37130.5;31742.5;27134.1;23193.7;19823.9;16942.2;14477.1;12368.5;10564.4;9020.62;7699.06;6567.38;5597.53;4765.81;4051.66;3437.53
1;6433590844105;50;frequency;199.9999999213742;234.625769479635;275.2462588517801;322.8993264769997;378.802514688914;444.3841576318164;521.3198749487447;611.5753842550475;717.456725922716;841.6691823498468;987.3863981368913;1158.33146786315;1358.872060208682;1594.132014446359;1870.122253535556;2193.894364737048;2573.720768452858;3019.306079821149;3542.035062906734;4155.263512473084;4874.659497176026;5718.603679767398;6708.658946337209;7870.121340545211;9232.666380967203;10831.10727442716;12706.28439819177;14906.10877695531;17486.78621595445;20514.25336674129;24065.86241733066;28232.35745111674;33120.19296963342;38854.25382030405;45581.04601983359;53472.44000269313;62730.06193403319;73590.44528463698;86331.07429211862;101277.4737211686;118811.5260634959;139381.228686517;163512.140226203;191820.8086789974;225030.524286467;263989.7996954232;309694.0495706946;363311.0235703185;426210.642505751;499999.9999999716
1;6433590844105;50;phasez;-1.53163;-1.53018;-1.5321;-1.53255;-1.53194;-1.53317;-1.53444;-1.53418;-1.53419;-1.53453;-1.53505;-1.53535;-1.53559;-1.53591;-1.53627;-1.53642;-1.53674;-1.53694;-1.53715;-1.53732;-1.5375;-1.53759;-1.53763;-1.53762;-1.53752;-1.53736;-1.53708;-1.53669;-1.5362;-1.53556;-1.53479;-1.53384;-1.53269;-1.53133;-1.5297;-1.52779;-1.52552;-1.52282;-1.51963;-1.51586;-1.51139;-1.5061;-1.49985;-1.49245;-1.48368;-1.4733;-1.46097;-1.44629;-1.42876;-1.40769
2;6434359026635;50;absz;83756.6;74981.9;67110.2;60086;53787.8;48144;43105.4;38577.4;34532.6;30910.1;27668;24764.9;22164.4;19839.3;17758.2;15894.8;14226.5;12733.3;11397.2;10200.6;9129.56;8170.99;7313.16;6544.97;5857.65;5242.07;4691.29;4198.07;3756.66;3361.44;3007.73;2690.9;2407.31;2153.42;1926.1;1722.55;1540.23;1377;1230.77;1099.82;982.529;877.5;783.441;699.23;623.955;556.681;496.695;443.392;396.272;354.998
2;6434359026635;50;frequency;20000.00000002444;22385.53853899816;25055.61678390222;28044.17375656954;31389.19662092121;35133.2035329932;39323.78408414649;44014.2042055669;49264.08322518227;55140.1516811012;61717.09952482729;69078.52549602467;77317.99973512921;86540.25314108083;96862.50859274992;108415.9709538568;121347.4948009008;135821.4510731415;152021.8163702936;170154.5114554648;190450.0186878266;213166.3116533389;238592.1342356312;267050.6708003728;298903.6541519141;334555.9634717432;374460.7706856584;419125.3006744233;469117.2785435782;525072.1459047724;587701.13789258;657800.3235824071;736260.7247225839;824079.6413975459;922373.3285811875;1032391.184709951;1155531.632626961;1293359.894754076;1447627.888434013;1620296.494325686;1813560.480908265;2029876.401899315;2271993.821195295;2542990.262224833;2846310.325953354;3185809.474764127;3565803.038745301;3991121.067296888;4467169.723268114;4999999.999999929
2;6434359026635;50;phasez;-1.53926;-1.53884;-1.53889;-1.53836;-1.53809;-1.53753;-1.53702;-1.53636;-1.53572;-1.53496;-1.53392;-1.53285;-1.53154;-1.53003;-1.52838;-1.52645;-1.52431;-1.52192;-1.51921;-1.51613;-1.51277;-1.50888;-1.50461;-1.49975;-1.49431;-1.48821;-1.48137;-1.4737;-1.46509;-1.45545;-1.44462;-1.43246;-1.41882;-1.4035;-1.3863;-1.36695;-1.34521;-1.32075;-1.2932;-1.26215;-1.22712;-1.18756;-1.14281;-1.09208;-1.03445;-0.968921;-0.894147;-0.808674;-0.710775;-0.598465
3;6434674642360;20;absz;17289.2;14121.4;11530.8;9416.3;7689.91;6278.33;5126.59;4185.02;3416.22;2788.19;2274.75;1855.03;1512.24;1231.81;1002.48;814.925;661.596;536.553;435.155;354.124
3;6434674642360;20;frequency;99999.99999990905;122862.535599424;150952.0265389597;185463.4873444638;227865.1431623047;279960.8926363817;343967.05137965;422606.6409511731;519225.2346839865;637933.2888043621;783781.0140572543;962973.2274171232;1183133.324347452;1453627.601814205;1785963.729760951;2194280.323268956;2695948.443325946;3312310.615921419;4069588.809647371;4999999.999999929
3;6434674642360;20;phasez;-1.52749;-1.52425;-1.52023;-1.51516;-1.50889;-1.50106;-1.49132;-1.47929;-1.46438;-1.44593;-1.4231;-1.39482;-1.35972;-1.31611;-1.26178;-1.19384;-1.10835;-1.00014;-0.861931;-0.684125
