0;5685281894810;20;absz;1.43169e+08;1.04195e+08;7.58643e+07;5.51828e+07;4.01401e+07;2.92004e+07;2.12304e+07;1.54341e+07;1.1218e+07;8.15272e+06;5.92449e+06;4.30449e+06;3.12702e+06;2.27134e+06;1.64952e+06;1.19774e+06;869517;631156;458066;332386
0;5685281894810;20;frequency;9.999999974752427;13.86918846435492;19.23543905490988;26.67799336109056;37.00021196095804;51.31629158938722;71.17153245417285;98.70914048804025;136.9015682683994;189.8713664161278;263.3361782500288;365.2259113806622;506.5387032487934;702.5280792305466;974.3494403835484;1351.343611730726;1874.203936580443;2599.368780806799;3605.113577052066;4999.99999995282
0;5685281894810;20;phasez;-1.52218;-1.52371;-1.52512;-1.52653;-1.52768;-1.52827;-1.52982;-1.53061;-1.5313;-1.53192;-1.5324;-1.53275;-1.53293;-1.53289;-1.53254;-1.53172;-1.53027;-1.52794;-1.52443;-1.51925
1;5686051709474;50;absz;7.68545e+06;6.57247e+06;5.62781e+06;4.83066e+06;4.11982e+06;3.5249e+06;3.01392e+06;2.578e+06;2.2054e+06;1.88727e+06;1.61406e+06;1.38059e+06;1.18064e+06;1.00982e+06;863679;738644;631655;540213;461942;394993;337757;288802;246934;211139;180523;154343;131957;112815;96445.7;82451.9;70486.3;60254.7;51509.2;44031.6;37637.7;32171.5;27497.4;23501.2;20083.9;17162.3;14663.5;12526.4;10698.4;9134.18;7795.23;6648.79;5666.44;4824.06;4100.87;3479.03
1;5686051709474;50;frequency;199.9999999213742;234.625769479635;275.2462588517801;322.8993264769997;378.802514688914;444.3841576318164;521.3198749487447;611.5753842550475;717.456725922716;841.6691823498468;987.3863981368913;1158.33146786315;1358.872060208682;1594.132014446359;1870.122253535556;2193.894364737048;2573.720768452858;3019.306079821149;3542.035062906734;4155.263512473084;4874.659497176026;5718.603679767398;6708.658946337209;7870.121340545211;9232.666380967203;10831.10727442716;12706.28439819177;14906.10877695531;17486.78621595445;20514.25336674129;24065.86241733066;28232.35745111674;33120.19296963342;38854.25382030405;45581.04601983359;53472.44000269313;62730.06193403319;73590.44528463698;86331.07429211862;101277.4737211686;118811.5260634959;139381.228686517;163512.140226203;191820.8086789974;225030.524286467;263989.7996954232;309694.0495706946;363311.0235703185;426210.642505751;499999.9999999716
1;5686051709474;50;phasez;-1.53392;-1.53441;-1.5339;-1.53283;-1.53371;-1.53539;-1.53466;-1.53563;-1.53574;-1.53592;-1.53647;-1.53671;-1.53711;-1.53732;-1.53757;-1.5379;-1.53805;-1.53828;-1.5384;-1.53856;-1.53863;-1.53871;-1.5387;-1.53865;-1.53855;-1.53836;-1.53808;-1.53773;-1.53724;-1.53662;-1.53587;-1.53495;-1.53382;-1.53248;-1.53086;-1.52895;-1.52667;-1.52397;-1.52076;-1.51697;-1.51248;-1.50718;-1.50091;-1.4935;-1.48473;-1.47434;-1.46202;-1.44736;-1.42985;-1.40881
2;5686819093634;50;absz;84946.5;76048.6;68061.9;60935.1;54541.4;48811.1;43688;39103;34998.8;31320.2;28036.8;25090.9;22458.4;20098.3;17989;16099.6;14410;12896.3;11541.4;10329.5;9244.24;8273.22;7404.06;6625.9;5929.49;5306.32;4748.39;4248.95;3801.85;3401.67;3043.45;2722.77;2435.64;2178.62;1948.47;1742.42;1557.89;1392.65;1244.69;1112.17;993.501;887.244;792.102;706.936;630.804;562.783;502.127;448.252;400.62;358.907
2;5686819093634;50;frequency;20000.00000002444;22385.53853899816;25055.61678390222;28044.17375656954;31389.19662092121;35133.2035329932;39323.78408414649;44014.2042055669;49264.08322518227;55140.1516811012;61717.09952482729;69078.52549602467;77317.99973512921;86540.25314108083;96862.50859274992;108415.9709538568;121347.4948009008;135821.4510731415;152021.8163702936;170154.5114554648;190450.0186878266;213166.3116533389;238592.1342356312;267050.6708003728;298903.6541519141;334555.9634717432;374460.7706856584;419125.3006744233;469117.2785435782;525072.1459047724;587701.13789258;657800.3235824071;736260.7247225839;824079.6413975459;922373.3285811875;1032391.184709951;1155531.632626961;1293359.894754076;1447627.888434013;1620296.494325686;1813560.480908265;2029876.401899315;2271993.821195295;2542990.262224833;2846310.325953354;3185809.474764127;3565803.038745301;3991121.067296888;4467169.723268114;4999999.999999929
2;5686819093634;50;phasez;-1.54033;-1.54013;-1.53972;-1.53968;-1.5391;-1.53872;-1.53831;-1.5376;-1.53688;-1.53606;-1.53507;-1.53393;-1.53271;-1.53116;-1.52944;-1.52754;-1.52541;-1.52299;-1.52028;-1.51725;-1.51379;-1.50993;-1.50563;-1.50077;-1.49535;-1.48926;-1.48243;-1.47479;-1.46619;-1.45657;-1.44575;-1.43363;-1.42;-1.40472;-1.38753;-1.36822;-1.3465;-1.32205;-1.29454;-1.26352;-1.22852;-1.189;-1.14429;-1.0936;-1.03603;-0.970559;-0.895857;-0.810473;-0.71268;-0.600485
3;5687136132043;20;absz;17514;14303.4;11677.9;9535.11;7786.05;6356.17;5189.22;4235.87;3457.25;2821.3;2301.45;1876.57;1529.57;1245.75;1013.74;823.972;668.89;542.437;439.938;358.055
3;5687136132043;20;frequency;99999.99999990905;122862.535599424;150952.0265389597;185463.4873444638;227865.1431623047;279960.8926363817;343967.05137965;422606.6409511731;519225.2346839865;637933.2888043621;783781.0140572543;962973.2274171232;1183133.324347452;1453627.601814205;1785963.729760951;2194280.323268956;2695948.443325946;3312310.615921419;4069588.809647371;4999999.999999929
3;5687136132043;20;phasez;-1.52864;-1.52532;-1.52125;-1.51618;-1.5099;-1.50206;-1.4924;-1.48036;-1.4655;-1.44708;-1.42428;-1.39605;-1.36101;-1.31746;-1.26318;-1.19531;-1.10992;-1.00181;-0.863761;-0.686185
