0;9853439061702;20;absz;1.36124e+08;9.92183e+07;7.23392e+07;5.2708e+07;3.83777e+07;2.79236e+07;2.03309e+07;1.47907e+07;1.07593e+07;7.82343e+06;5.68831e+06;4.13504e+06;3.0054e+06;2.18407e+06;1.58694e+06;1.15286e+06;837446;608208;441661;320665
0;9853439061702;20;frequency;9.999999974752427;13.86918846435492;19.23543905490988;26.67799336109056;37.00021196095804;51.31629158938722;71.17153245417285;98.70914048804025;136.9015682683994;189.8713664161278;263.3361782500288;365.2259113806622;506.5387032487934;702.5280792305466;974.3494403835484;1351.343611730726;1874.203936580443;2599.368780806799;3605.113577052066;4999.99999995282
0;9853439061702;20;phasez;-1.5101;-1.51399;-1.51668;-1.51923;-1.52161;-1.52372;-1.52498;-1.52643;-1.52757;-1.52857;-1.5293;-1.52984;-1.53016;-1.53019;-1.52985;-1.52903;-1.52756;-1.52524;-1.52172;-1.51657
1;9854210371001;50;absz;7.37203e+06;6.31534e+06;5.40807e+06;4.6231e+06;3.95585e+06;3.38602e+06;2.89779e+06;2.47978e+06;2.12129e+06;1.81419e+06;1.55245e+06;1.32842e+06;1.13651e+06;972336;831781;711587;608708;520676;445400;380970;325840;278692;238360;203854;174341;149097;127504;109038;93243.1;79734.3;68180.9;58301.5;49852.3;42627.2;36449.1;31164.3;26644.5;22779;19472.9;16645.1;14225.7;12155.7;10384.5;8868.29;7570.24;6458.34;5505.49;4688.05;3986.02;3382.34
1;9854210371001;50;frequency;199.9999999213742;234.625769479635;275.2462588517801;322.8993264769997;378.802514688914;444.3841576318164;521.3198749487447;611.5753842550475;717.456725922716;841.6691823498468;987.3863981368913;1158.33146786315;1358.872060208682;1594.132014446359;1870.122253535556;2193.894364737048;2573.720768452858;3019.306079821149;3542.035062906734;4155.263512473084;4874.659497176026;5718.603679767398;6708.658946337209;7870.121340545211;9232.666380967203;10831.10727442716;12706.28439819177;14906.10877695531;17486.78621595445;20514.25336674129;24065.86241733066;28232.35745111674;33120.19296963342;38854.25382030405;45581.04601983359;53472.44000269313;62730.06193403319;73590.44528463698;86331.07429211862;101277.4737211686;118811.5260634959;139381.228686517;163512.140226203;191820.8086789974;225030.524286467;263989.7996954232;309694.0495706946;363311.0235703185;426210.642505751;499999.9999999716
1;9854210371001;50;phasez;-1.52826;-1.53124;-1.53047;-1.53094;-1.53118;-1.53244;-1.53192;-1.53317;-1.53336;-1.53352;-1.53384;-1.53393;-1.53427;-1.53453;-1.53489;-1.53518;-1.53534;-1.53556;-1.53574;-1.53586;-1.53597;-1.53603;-1.53603;-1.53599;-1.53587;-1.53569;-1.53541;-1.53503;-1.53454;-1.53391;-1.53313;-1.5322;-1.53106;-1.52969;-1.52806;-1.52614;-1.52386;-1.52116;-1.51797;-1.5142;-1.50973;-1.50445;-1.49821;-1.49083;-1.48207;-1.47169;-1.45936;-1.44467;-1.42711;-1.40601
2;9854981352245;50;absz;82131.7;73532.6;65830.5;58931.1;52765.3;47242.6;42290.9;37858.4;33893.4;30339.9;27159.8;24314.8;21766.6;19484.9;17443.1;15613.5;13978;12512;11199.9;10025.6;8974.3;8032.73;7190.06;6435.76;5760.22;5155.58;4614.21;4129.52;3695.65;3307.23;2959.49;2648.13;2369.32;2119.66;1896.1;1695.93;1516.65;1356.05;1212.2;1083.37;967.946;864.566;771.976;689.064;614.928;548.668;489.553;437.023;390.575;349.876
2;9854981352245;50;frequency;20000.00000002444;22385.53853899816;25055.61678390222;28044.17375656954;31389.19662092121;35133.2035329932;39323.78408414649;44014.2042055669;49264.08322518227;55140.1516811012;61717.09952482729;69078.52549602467;77317.99973512921;86540.25314108083;96862.50859274992;108415.9709538568;121347.4948009008;135821.4510731415;152021.8163702936;170154.5114554648;190450.0186878266;213166.3116533389;238592.1342356312;267050.6708003728;298903.6541519141;334555.9634717432;374460.7706856584;419125.3006744233;469117.2785435782;525072.1459047724;587701.13789258;657800.3235824071;736260.7247225839;824079.6413975459;922373.3285811875;1032391.184709951;1155531.632626961;1293359.894754076;1447627.888434013;1620296.494325686;1813560.480908265;2029876.401899315;2271993.821195295;2542990.262224833;2846310.325953354;3185809.474764127;3565803.038745301;3991121.067296888;4467169.723268114;4999999.999999929
2;9854981352245;50;phasez;-1.53761;-1.53721;-1.53723;-1.53691;-1.53642;-1.53609;-1.5353;-1.53496;-1.53409;-1.53315;-1.53229;-1.53117;-1.52978;-1.52832;-1.52672;-1.52485;-1.52267;-1.52028;-1.51756;-1.51455;-1.51115;-1.50728;-1.50299;-1.49815;-1.49269;-1.4866;-1.47975;-1.47204;-1.46345;-1.45377;-1.4429;-1.43073;-1.41705;-1.4017;-1.38444;-1.36507;-1.34327;-1.31876;-1.29117;-1.26007;-1.225;-1.18539;-1.14059;-1.08982;-1.03212;-0.966537;-0.891689;-0.806127;-0.708118;-0.595686
3;9855296970374;20;absz;16976.9;13870.4;11328.9;9253.54;7558.52;6172.2;5040.95;4116.09;3360.7;2743.31;2238.58;1825.94;1488.86;1213.03;987.434;802.86;651.916;528.769;428.853;348.968
3;9855296970374;20;frequency;99999.99999990905;122862.535599424;150952.0265389597;185463.4873444638;227865.1431623047;279960.8926363817;343967.05137965;422606.6409511731;519225.2346839865;637933.2888043621;783781.0140572543;962973.2274171232;1183133.324347452;1453627.601814205;1785963.729760951;2194280.323268956;2695948.443325946;3312310.615921419;4069588.809647371;4999999.999999929
3;9855296970374;20;phasez;-1.5258;-1.5226;-1.5186;-1.51354;-1.50728;-1.49947;-1.48971;-1.47764;-1.46271;-1.4442;-1.4213;-1.39294;-1.35777;-1.31409;-1.25967;-1.19164;-1.10607;-0.997726;-0.859365;-0.681322
