0;6851253022396;20;absz;1.39143e+08;1.01417e+08;7.38695e+07;5.37766e+07;3.91371e+07;2.84691e+07;2.07138e+07;1.50627e+07;1.09513e+07;7.96097e+06;5.78664e+06;4.2056e+06;3.05597e+06;2.2204e+06;1.61303e+06;1.17164e+06;850875;617824;448529;325564
0;6851253022396;20;frequency;9.999999974752427;13.86918846435492;19.23543905490988;26.67799336109056;37.00021196095804;51.31629158938722;71.17153245417285;98.70914048804025;136.9015682683994;189.8713664161278;263.3361782500288;365.2259113806622;506.5387032487934;702.5280792305466;974.3494403835484;1351.343611730726;1874.203936580443;2599.368780806799;3605.113577052066;4999.99999995282
0;6851253022396;20;phasez;-1.51527;-1.51827;-1.5208;-1.52273;-1.52474;-1.52676;-1.52745;-1.52861;-1.5295;-1.5303;-1.53086;-1.53125;-1.53144;-1.53137;-1.531;-1.53016;-1.52872;-1.52643;-1.52297;-1.51786
1;6852021341874;50;absz;7.5072e+06;6.4153e+06;5.50162e+06;4.69626e+06;4.0204e+06;3.44362e+06;2.94663e+06;2.51923e+06;2.15661e+06;1.84449e+06;1.5782e+06;1.35004e+06;1.1549e+06;987994;845087;722920;618321;528871;452323;386827;330811;282901;241927;206877;176901;151263;129339;110591;94559.4;80850.6;69128.3;59105.2;50534.4;43205;36938.5;31579.1;26996.1;23076.8;19724.8;16858;14405.7;12307.9;10512.9;8976.97;7662.06;6536;5570.95;4743.35;4032.7;3421.58
1;6852021341874;50;frequency;199.9999999213742;234.625769479635;275.2462588517801;322.8993264769997;378.802514688914;444.3841576318164;521.3198749487447;611.5753842550475;717.456725922716;841.6691823498468;987.3863981368913;1158.33146786315;1358.872060208682;1594.132014446359;1870.122253535556;2193.894364737048;2573.720768452858;3019.306079821149;3542.035062906734;4155.263512473084;4874.659497176026;5718.603679767398;6708.658946337209;7870.121340545211;9232.666380967203;10831.10727442716;12706.28439819177;14906.10877695531;17486.78621595445;20514.25336674129;24065.86241733066;28232.35745111674;33120.19296963342;38854.25382030405;45581.04601983359;53472.44000269313;62730.06193403319;73590.44528463698;86331.07429211862;101277.4737211686;118811.5260634959;139381.228686517;163512.140226203;191820.8086789974;225030.524286467;263989.7996954232;309694.0495706946;363311.0235703185;426210.642505751;499999.9999999716
1;6852021341874;50;phasez;-1.53118;-1.53424;-1.53219;-1.53293;-1.53347;-1.53361;-1.53415;-1.53375;-1.53445;-1.53479;-1.53479;-1.53523;-1.53565;-1.53582;-1.536;-1.53636;-1.53655;-1.53677;-1.53698;-1.53711;-1.53722;-1.53731;-1.53734;-1.53731;-1.53719;-1.53699;-1.53669;-1.5363;-1.53579;-1.53514;-1.53436;-1.5334;-1.53226;-1.53089;-1.52927;-1.52736;-1.52509;-1.5224;-1.51922;-1.51546;-1.511;-1.50572;-1.49948;-1.49208;-1.48332;-1.47293;-1.4606;-1.44592;-1.42837;-1.40729
2;6852789453380;50;absz;83280.1;74549.2;66737.5;59752.9;53475.1;47876;42857.1;38367.5;34347.3;30744.4;27518.3;24629.2;22049.4;19735.7;17664.1;15811.8;14152.9;12668;11338.6;10149;9083.84;8129.88;7276.35;6512.34;5828.4;5216.3;4668.26;4177.69;3738.42;3345.28;2993.27;2678.11;2395.93;2143.31;1917.1;1714.56;1533.16;1370.7;1225.19;1094.87;978.145;873.594;779.973;696.139;621.204;554.236;494.514;441.446;394.516;353.42
2;6852789453380;50;frequency;20000.00000002444;22385.53853899816;25055.61678390222;28044.17375656954;31389.19662092121;35133.2035329932;39323.78408414649;44014.2042055669;49264.08322518227;55140.1516811012;61717.09952482729;69078.52549602467;77317.99973512921;86540.25314108083;96862.50859274992;108415.9709538568;121347.4948009008;135821.4510731415;152021.8163702936;170154.5114554648;190450.0186878266;213166.3116533389;238592.1342356312;267050.6708003728;298903.6541519141;334555.9634717432;374460.7706856584;419125.3006744233;469117.2785435782;525072.1459047724;587701.13789258;657800.3235824071;736260.7247225839;824079.6413975459;922373.3285811875;1032391.184709951;1155531.632626961;1293359.894754076;1447627.888434013;1620296.494325686;1813560.480908265;2029876.401899315;2271993.821195295;2542990.262224833;2846310.325953354;3185809.474764127;3565803.038745301;3991121.067296888;4467169.723268114;4999999.999999929
2;6852789453380;50;phasez;-1.53889;-1.53882;-1.53827;-1.53794;-1.53752;-1.53721;-1.53662;-1.536;-1.53536;-1.53437;-1.53347;-1.53236;-1.53107;-1.52957;-1.52802;-1.52606;-1.52393;-1.52156;-1.51885;-1.51578;-1.51237;-1.50854;-1.50422;-1.49937;-1.49393;-1.48783;-1.481;-1.47331;-1.4647;-1.45505;-1.44421;-1.43206;-1.41841;-1.40308;-1.38587;-1.36652;-1.34477;-1.3203;-1.29274;-1.2617;-1.22666;-1.18709;-1.14234;-1.09162;-1.03397;-0.968435;-0.893655;-0.808174;-0.710259;-0.597948
3;6853108151675;20;absz;17197.2;14047.9;11470.6;9367.26;7650.53;6246.61;5100.86;4164.4;3399.58;2774.72;2263.91;1846.32;1505.23;1226.15;997.963;811.294;658.665;534.186;433.231;352.543
3;6853108151675;20;frequency;99999.99999990905;122862.535599424;150952.0265389597;185463.4873444638;227865.1431623047;279960.8926363817;343967.05137965;422606.6409511731;519225.2346839865;637933.2888043621;783781.0140572543;962973.2274171232;1183133.324347452;1453627.601814205;1785963.729760951;2194280.323268956;2695948.443325946;3312310.615921419;4069588.809647371;4999999.999999929
3;6853108151675;20;phasez;-1.527;-1.52386;-1.5199;-1.5148;-1.50847;-1.50066;-1.49092;-1.47889;-1.46398;-1.44553;-1.42267;-1.39437;-1.35928;-1.31566;-1.26132;-1.19337;-1.10788;-0.999657;-0.861431;-0.683594
