0;4016995350344;20;absz;1.56765e+08;1.13995e+08;8.28245e+07;6.02471e+07;4.37293e+07;3.17479e+07;2.30633e+07;1.67446e+07;1.21531e+07;8.81997e+06;6.40015e+06;4.64343e+06;3.36811e+06;2.44257e+06;1.77104e+06;1.28391e+06;930629;674471;488741;354107
0;4016995350344;20;frequency;9.999999974752427;13.86918846435492;19.23543905490988;26.67799336109056;37.00021196095804;51.31629158938722;71.17153245417285;98.70914048804025;136.9015682683994;189.8713664161278;263.3361782500288;365.2259113806622;506.5387032487934;702.5280792305466;974.3494403835484;1351.343611730726;1874.203936580443;2599.368780806799;3605.113577052066;4999.99999995282
0;4016995350344;20;phasez;-1.53121;-1.5319;-1.53276;-1.53299;-1.53483;-1.53557;-1.53676;-1.53747;-1.53823;-1.53892;-1.5395;-1.53994;-1.54022;-1.54025;-1.53991;-1.53907;-1.53758;-1.53516;-1.53154;-1.52624
1;4017762729684;50;absz;8.30461e+06;7.08449e+06;6.07024e+06;5.19647e+06;4.44381e+06;3.79794e+06;3.24503e+06;2.77393e+06;2.37236e+06;2.02675e+06;1.73269e+06;1.48092e+06;1.26566e+06;1.08173e+06;924376;789926;675013;576843;492886;421158;359861;307489;262727;224473;191787;163857;139994;119604;102187;87307.7;74591;63728;54448.4;46520.2;39745.6;33956.9;29010.2;24782.6;21170;18082;15442.8;13186.2;11256.4;9606.14;8194.05;6985.54;5950.41;5063.16;4301.81;3647.54
1;4017762729684;50;frequency;199.9999999213742;234.625769479635;275.2462588517801;322.8993264769997;378.802514688914;444.3841576318164;521.3198749487447;611.5753842550475;717.456725922716;841.6691823498468;987.3863981368913;1158.33146786315;1358.872060208682;1594.132014446359;1870.122253535556;2193.894364737048;2573.720768452858;3019.306079821149;3542.035062906734;4155.263512473084;4874.659497176026;5718.603679767398;6708.658946337209;7870.121340545211;9232.666380967203;10831.10727442716;12706.28439819177;14906.10877695531;17486.78621595445;20514.25336674129;24065.86241733066;28232.35745111674;33120.19296963342;38854.25382030405;45581.04601983359;53472.44000269313;62730.06193403319;73590.44528463698;86331.07429211862;101277.4737211686;118811.5260634959;139381.228686517;163512.140226203;191820.8086789974;225030.524286467;263989.7996954232;309694.0495706946;363311.0235703185;426210.642505751;499999.9999999716
1;4017762729684;50;phasez;-1.53867;-1.54048;-1.54186;-1.54205;-1.54053;-1.54145;-1.54249;-1.5429;-1.54289;-1.54377;-1.54373;-1.54415;-1.54437;-1.54459;-1.54492;-1.54512;-1.54523;-1.5455;-1.54557;-1.5456;-1.54564;-1.54564;-1.54557;-1.54542;-1.54519;-1.54488;-1.54449;-1.54397;-1.54334;-1.54259;-1.54167;-1.5406;-1.53932;-1.53783;-1.53609;-1.53408;-1.53171;-1.52894;-1.52568;-1.52186;-1.51737;-1.51208;-1.50584;-1.49847;-1.48975;-1.47943;-1.46717;-1.45257;-1.43511;-1.41411
2;4018530524702;50;absz;89981.6;80507.9;72037.8;64441.8;57664.8;51597.8;46154.6;41301;36956.4;33059.6;29579.9;26465.9;23680.9;21187.3;18956.2;16960;15174.4;13576.6;12146.9;10867.9;9722.96;8698.3;7781.95;6961.67;6227.7;5571.01;4983.43;4457.54;3986.99;3565.86;3189.08;2851.95;2550.19;2280.2;2038.52;1822.27;1628.73;1455.44;1300.36;1161.54;1037.29;926.078;826.58;737.553;658.035;587.017;523.745;467.569;417.967;374.582
2;4018530524702;50;frequency;20000.00000002444;22385.53853899816;25055.61678390222;28044.17375656954;31389.19662092121;35133.2035329932;39323.78408414649;44014.2042055669;49264.08322518227;55140.1516811012;61717.09952482729;69078.52549602467;77317.99973512921;86540.25314108083;96862.50859274992;108415.9709538568;121347.4948009008;135821.4510731415;152021.8163702936;170154.5114554648;190450.0186878266;213166.3116533389;238592.1342356312;267050.6708003728;298903.6541519141;334555.9634717432;374460.7706856584;419125.3006744233;469117.2785435782;525072.1459047724;587701.13789258;657800.3235824071;736260.7247225839;824079.6413975459;922373.3285811875;1032391.184709951;1155531.632626961;1293359.894754076;1447627.888434013;1620296.494325686;1813560.480908265;2029876.401899315;2271993.821195295;2542990.262224833;2846310.325953354;3185809.474764127;3565803.038745301;3991121.067296888;4467169.723268114;4999999.999999929
2;4018530524702;50;phasez;-1.54638;-1.54624;-1.54566;-1.54516;-1.54469;-1.54413;-1.54365;-1.54295;-1.54207;-1.54108;-1.54006;-1.53894;-1.53753;-1.53605;-1.53435;-1.53242;-1.5303;-1.52787;-1.52517;-1.52217;-1.51876;-1.51497;-1.5107;-1.50587;-1.50047;-1.49445;-1.48765;-1.48004;-1.47148;-1.46187;-1.45108;-1.43896;-1.42535;-1.41006;-1.39287;-1.37355;-1.35182;-1.32736;-1.29982;-1.26877;-1.23375;-1.1942;-1.14946;-1.09879;-1.04119;-0.975728;-0.901053;-0.815713;-0.718003;-0.605948
3;4018846801015;20;absz;18455.3;15063.7;12292.1;10029.8;8184.58;6677.5;5447.68;4443.99;3624.42;2955.56;2409.22;1963.1;1598.96;1301.46;1058.45;859.92;697.833;565.825;458.934;373.687
3;4018846801015;20;frequency;99999.99999990905;122862.535599424;150952.0265389597;185463.4873444638;227865.1431623047;279960.8926363817;343967.05137965;422606.6409511731;519225.2346839865;637933.2888043621;783781.0140572543;962973.2274171232;1183133.324347452;1453627.601814205;1785963.729760951;2194280.323268956;2695948.443325946;3312310.615921419;4069588.809647371;4999999.999999929
3;4018846801015;20;phasez;-1.53351;-1.53022;-1.52623;-1.5212;-1.51497;-1.50718;-1.49756;-1.4856;-1.4708;-1.45243;-1.42962;-1.4014;-1.36632;-1.32273;-1.26842;-1.20051;-1.11507;-1.00698;-0.869009;-0.691616
