0;7774901591740;20;absz;1.37531e+08;1.0023e+08;7.30206e+07;5.31907e+07;3.8721e+07;2.81683e+07;2.05023e+07;1.49123e+07;1.0845e+07;7.88498e+06;5.73227e+06;4.16633e+06;3.02782e+06;2.20017e+06;1.59857e+06;1.16129e+06;843498;612570;444794;322906
0;7774901591740;20;frequency;9.999999974752427;13.86918846435492;19.23543905490988;26.67799336109056;37.00021196095804;51.31629158938722;71.17153245417285;98.70914048804025;136.9015682683994;189.8713664161278;263.3361782500288;365.2259113806622;506.5387032487934;702.5280792305466;974.3494403835484;1351.343611730726;1874.203936580443;2599.368780806799;3605.113577052066;4999.99999995282
0;7774901591740;20;phasez;-1.513;-1.51567;-1.51845;-1.52103;-1.52295;-1.52471;-1.5263;-1.52754;-1.52858;-1.52941;-1.53003;-1.53049;-1.53072;-1.53067;-1.53029;-1.52944;-1.52798;-1.52567;-1.5222;-1.51708
1;7775672579016;50;absz;7.45794e+06;6.36693e+06;5.44115e+06;4.65826e+06;3.9857e+06;3.40992e+06;2.91943e+06;2.49825e+06;2.13694e+06;1.82821e+06;1.56436e+06;1.33801e+06;1.14477e+06;979441;837819;716707;613072;524405;448537;383637;328107;280620;239983;205238;175513;150090;128351;109752;93848.2;80248;68617.8;58672.1;50167;42893.5;36674.8;31356.4;26806.9;22917;19589.7;16743.5;14308.9;12226;10443.7;8918.39;7612.55;6494.04;5535.42;4713.29;4007.27;3400.24
1;7775672579016;50;frequency;199.9999999213742;234.625769479635;275.2462588517801;322.8993264769997;378.802514688914;444.3841576318164;521.3198749487447;611.5753842550475;717.456725922716;841.6691823498468;987.3863981368913;1158.33146786315;1358.872060208682;1594.132014446359;1870.122253535556;2193.894364737048;2573.720768452858;3019.306079821149;3542.035062906734;4155.263512473084;4874.659497176026;5718.603679767398;6708.658946337209;7870.121340545211;9232.666380967203;10831.10727442716;12706.28439819177;14906.10877695531;17486.78621595445;20514.25336674129;24065.86241733066;28232.35745111674;33120.19296963342;38854.25382030405;45581.04601983359;53472.44000269313;62730.06193403319;73590.44528463698;86331.07429211862;101277.4737211686;118811.5260634959;139381.228686517;163512.140226203;191820.8086789974;225030.524286467;263989.7996954232;309694.0495706946;363311.0235703185;426210.642505751;499999.9999999716
1;7775672579016;50;phasez;-1.53246;-1.5318;-1.52992;-1.53127;-1.53305;-1.53226;-1.53301;-1.53336;-1.53358;-1.53391;-1.53424;-1.53469;-1.5349;-1.53503;-1.53523;-1.53567;-1.53585;-1.53601;-1.53618;-1.53637;-1.53646;-1.53654;-1.53656;-1.53652;-1.53643;-1.53624;-1.53596;-1.53556;-1.53507;-1.53445;-1.53366;-1.53272;-1.53158;-1.53021;-1.5286;-1.52669;-1.52443;-1.52175;-1.51858;-1.51482;-1.51037;-1.5051;-1.49886;-1.49147;-1.48272;-1.47233;-1.46;-1.44531;-1.42776;-1.40667
2;7776440952725;50;absz;82651.8;74002.7;66236.4;59312.4;53100.9;47543.9;42563;38104.5;34105;30530.6;27329;24462.6;21897.9;19601.7;17546.6;15706.7;14059.6;12585;11265.1;10083;9025.11;8078.07;7230.04;6471.22;5791.75;5183.44;4639.13;4151.67;3715.39;3324.78;2975;2661.91;2381.53;2130.47;1905.7;1704.42;1524.16;1362.71;1218.09;1088.58;972.557;868.646;775.593;692.236;617.75;551.173;491.774;439.003;392.35;351.465
2;7776440952725;50;frequency;20000.00000002444;22385.53853899816;25055.61678390222;28044.17375656954;31389.19662092121;35133.2035329932;39323.78408414649;44014.2042055669;49264.08322518227;55140.1516811012;61717.09952482729;69078.52549602467;77317.99973512921;86540.25314108083;96862.50859274992;108415.9709538568;121347.4948009008;135821.4510731415;152021.8163702936;170154.5114554648;190450.0186878266;213166.3116533389;238592.1342356312;267050.6708003728;298903.6541519141;334555.9634717432;374460.7706856584;419125.3006744233;469117.2785435782;525072.1459047724;587701.13789258;657800.3235824071;736260.7247225839;824079.6413975459;922373.3285811875;1032391.184709951;1155531.632626961;1293359.894754076;1447627.888434013;1620296.494325686;1813560.480908265;2029876.401899315;2271993.821195295;2542990.262224833;2846310.325953354;3185809.474764127;3565803.038745301;3991121.067296888;4467169.723268114;4999999.999999929
2;7776440952725;50;phasez;-1.53799;-1.53797;-1.53779;-1.53723;-1.53708;-1.53657;-1.53604;-1.53531;-1.53459;-1.53371;-1.53279;-1.53161;-1.53037;-1.52896;-1.52727;-1.52543;-1.52332;-1.52089;-1.51825;-1.51517;-1.51178;-1.50793;-1.50362;-1.49879;-1.49335;-1.48723;-1.48038;-1.47269;-1.46408;-1.45442;-1.44357;-1.4314;-1.41773;-1.40239;-1.38517;-1.3658;-1.34403;-1.31953;-1.29196;-1.26088;-1.22583;-1.18623;-1.14145;-1.09067;-1.03301;-0.967438;-0.89262;-0.807081;-0.70911;-0.596708
3;7776759793938;20;absz;17080.9;13953.2;11395.2;9306.47;7601.35;6206.63;5068.53;4138.15;3378.43;2757.56;2250.12;1835.2;1496.27;1218.93;992.172;806.652;654.934;531.188;430.805;350.559
3;7776759793938;20;frequency;99999.99999990905;122862.535599424;150952.0265389597;185463.4873444638;227865.1431623047;279960.8926363817;343967.05137965;422606.6409511731;519225.2346839865;637933.2888043621;783781.0140572543;962973.2274171232;1183133.324347452;1453627.601814205;1785963.729760951;2194280.323268956;2695948.443325946;3312310.615921419;4069588.809647371;4999999.999999929
3;7776759793938;20;phasez;-1.52643;-1.52323;-1.51926;-1.51417;-1.5079;-1.5001;-1.49036;-1.47829;-1.46337;-1.44488;-1.42201;-1.39366;-1.35853;-1.31487;-1.2605;-1.19249;-1.10693;-0.998642;-0.860329;-0.682363
