0;5127288221152;20;absz;1.46502e+08;1.06609e+08;7.75754e+07;5.64064e+07;4.1017e+07;2.98098e+07;2.16751e+07;1.57536e+07;1.14482e+07;8.31791e+06;6.04312e+06;4.38968e+06;3.18807e+06;2.315e+06;1.6807e+06;1.21992e+06;885325;642369;466024;338043
0;5127288221152;20;frequency;9.999999974752427;13.86918846435492;19.23543905490988;26.67799336109056;37.00021196095804;51.31629158938722;71.17153245417285;98.70914048804025;136.9015682683994;189.8713664161278;263.3361782500288;365.2259113806622;506.5387032487934;702.5280792305466;974.3494403835484;1351.343611730726;1874.203936580443;2599.368780806799;3605.113577052066;4999.99999995282
0;5127288221152;20;phasez;-1.52418;-1.52611;-1.52741;-1.52857;-1.52976;-1.53015;-1.53132;-1.53202;-1.53268;-1.53331;-1.53375;-1.53414;-1.53437;-1.53439;-1.53412;-1.53334;-1.53196;-1.52965;-1.52613;-1.52094
1;5128058619373;50;absz;7.85043e+06;6.71538e+06;5.73767e+06;4.90915e+06;4.19835e+06;3.59109e+06;3.07362e+06;2.62906e+06;2.24878e+06;1.92247e+06;1.64421e+06;1.40618e+06;1.20265e+06;1.02834e+06;879396;751846;642923;549684;469959;401780;343504;293661;251052;214615;183460;156828;134058;114594;97950.7;83723;71562.3;61166.5;52279.8;44682.3;38188.8;32637.6;27892.3;23835.6;20367.9;17402.9;14867.5;12699.6;10845.1;9258.6;7900.69;6738.13;5742.03;4887.91;4154.65;3524.25
1;5128058619373;50;frequency;199.9999999213742;234.625769479635;275.2462588517801;322.8993264769997;378.802514688914;444.3841576318164;521.3198749487447;611.5753842550475;717.456725922716;841.6691823498468;987.3863981368913;1158.33146786315;1358.872060208682;1594.132014446359;1870.122253535556;2193.894364737048;2573.720768452858;3019.306079821149;3542.035062906734;4155.263512473084;4874.659497176026;5718.603679767398;6708.658946337209;7870.121340545211;9232.666380967203;10831.10727442716;12706.28439819177;14906.10877695531;17486.78621595445;20514.25336674129;24065.86241733066;28232.35745111674;33120.19296963342;38854.25382030405;45581.04601983359;53472.44000269313;62730.06193403319;73590.44528463698;86331.07429211862;101277.4737211686;118811.5260634959;139381.228686517;163512.140226203;191820.8086789974;225030.524286467;263989.7996954232;309694.0495706946;363311.0235703185;426210.642505751;499999.9999999716
1;5128058619373;50;phasez;-1.53353;-1.53473;-1.53476;-1.53453;-1.53594;-1.53642;-1.53627;-1.53715;-1.53748;-1.53769;-1.53793;-1.53832;-1.53859;-1.53896;-1.53932;-1.53954;-1.53976;-1.53999;-1.54013;-1.54023;-1.54033;-1.54037;-1.54038;-1.54032;-1.5402;-1.54;-1.53972;-1.53932;-1.53883;-1.53819;-1.53741;-1.53645;-1.5353;-1.53391;-1.53226;-1.53031;-1.52799;-1.52524;-1.52201;-1.51818;-1.51367;-1.50834;-1.50207;-1.49465;-1.48589;-1.47552;-1.46323;-1.4486;-1.43112;-1.41011
2;5128826777726;50;absz;86291.5;77215.3;69097.2;61855.1;55357.6;49543.6;44340.5;39681.1;35512.9;31776.9;28440.3;25450.7;22777.9;20382.5;18242.3;16325.2;14609.9;13075.4;11701.1;10470.9;9370.45;8385.56;7504.21;6715.06;6008.81;5376.96;4811;4304.72;3851.43;3445.71;3082.66;2757.53;2466.49;2206;1972.8;1764.03;1577.07;1409.66;1259.79;1125.58;1005.39;897.788;801.47;715.256;638.187;569.359;507.99;453.48;405.316;363.141
2;5128826777726;50;frequency;20000.00000002444;22385.53853899816;25055.61678390222;28044.17375656954;31389.19662092121;35133.2035329932;39323.78408414649;44014.2042055669;49264.08322518227;55140.1516811012;61717.09952482729;69078.52549602467;77317.99973512921;86540.25314108083;96862.50859274992;108415.9709538568;121347.4948009008;135821.4510731415;152021.8163702936;170154.5114554648;190450.0186878266;213166.3116533389;238592.1342356312;267050.6708003728;298903.6541519141;334555.9634717432;374460.7706856584;419125.3006744233;469117.2785435782;525072.1459047724;587701.13789258;657800.3235824071;736260.7247225839;824079.6413975459;922373.3285811875;1032391.184709951;1155531.632626961;1293359.894754076;1447627.888434013;1620296.494325686;1813560.480908265;2029876.401899315;2271993.821195295;2542990.262224833;2846310.325953354;3185809.474764127;3565803.038745301;3991121.067296888;4467169.723268114;4999999.999999929
2;5128826777726;50;phasez;-1.54181;-1.54162;-1.54125;-1.54125;-1.54078;-1.54041;-1.53978;-1.53914;-1.53825;-1.53737;-1.53648;-1.53527;-1.53393;-1.53241;-1.53074;-1.5288;-1.52663;-1.52417;-1.52146;-1.51838;-1.51496;-1.5111;-1.50677;-1.50199;-1.49654;-1.49049;-1.48368;-1.47603;-1.46748;-1.45787;-1.44708;-1.43498;-1.42137;-1.40611;-1.38895;-1.36965;-1.34796;-1.32353;-1.29604;-1.26504;-1.23007;-1.19057;-1.14589;-1.09525;-1.03771;-0.972294;-0.897657;-0.812351;-0.714652;-0.602579
3;5129145134317;20;absz;17759;14503.3;11838.7;9664.88;7891.41;6441.73;5258.3;4291.57;3502.11;2857.39;2330.54;1899.96;1548.39;1260.88;1025.88;833.742;676.744;548.784;445.089;362.275
3;5129145134317;20;frequency;99999.99999990905;122862.535599424;150952.0265389597;185463.4873444638;227865.1431623047;279960.8926363817;343967.05137965;422606.6409511731;519225.2346839865;637933.2888043621;783781.0140572543;962973.2274171232;1183133.324347452;1453627.601814205;1785963.729760951;2194280.323268956;2695948.443325946;3312310.615921419;4069588.809647371;4999999.999999929
3;5129145134317;20;phasez;-1.52981;-1.52649;-1.52252;-1.51736;-1.51105;-1.50325;-1.4936;-1.48164;-1.4668;-1.44842;-1.42568;-1.39748;-1.36247;-1.31896;-1.26473;-1.19691;-1.11156;-1.00357;-0.865656;-0.688239
