0;4733843389430;20;absz;1.49451e+08;1.08775e+08;7.91151e+07;5.75176e+07;4.18179e+07;3.03757e+07;2.209e+07;1.60517e+07;1.1661e+07;8.4707e+06;6.15207e+06;4.4674e+06;3.24343e+06;2.35432e+06;1.70861e+06;1.23977e+06;899465;652476;473215;343144
0;4733843389430;20;frequency;9.999999974752427;13.86918846435492;19.23543905490988;26.67799336109056;37.00021196095804;51.31629158938722;71.17153245417285;98.70914048804025;136.9015682683994;189.8713664161278;263.3361782500288;365.2259113806622;506.5387032487934;702.5280792305466;974.3494403835484;1351.343611730726;1874.203936580443;2599.368780806799;3605.113577052066;4999.99999995282
0;4733843389430;20;phasez;-1.52644;-1.52767;-1.52864;-1.53007;-1.53109;-1.53149;-1.53258;-1.53333;-1.53396;-1.53465;-1.53522;-1.53566;-1.53592;-1.53595;-1.53565;-1.53487;-1.53342;-1.53112;-1.52759;-1.52242
1;4734611980843;50;absz;7.98556e+06;6.82474e+06;5.84119e+06;4.99215e+06;4.27327e+06;3.65689e+06;3.12648e+06;2.67406e+06;2.28604e+06;1.95509e+06;1.67176e+06;1.42909e+06;1.2222e+06;1.04486e+06;893353;763798;652983;558207;477199;407924;348709;298072;254768;217759;186123;159077;135957;116196;99305.5;84867.9;72529.9;61984.1;52971.8;45268.5;38684.6;33058.1;28248.3;24137.8;20623.6;17620.1;15052.1;12856.1;10977.6;9370.78;7995.73;6818.45;5809.81;4945.2;4202.96;3564.79
1;4734611980843;50;frequency;199.9999999213742;234.625769479635;275.2462588517801;322.8993264769997;378.802514688914;444.3841576318164;521.3198749487447;611.5753842550475;717.456725922716;841.6691823498468;987.3863981368913;1158.33146786315;1358.872060208682;1594.132014446359;1870.122253535556;2193.894364737048;2573.720768452858;3019.306079821149;3542.035062906734;4155.263512473084;4874.659497176026;5718.603679767398;6708.658946337209;7870.121340545211;9232.666380967203;10831.10727442716;12706.28439819177;14906.10877695531;17486.78621595445;20514.25336674129;24065.86241733066;28232.35745111674;33120.19296963342;38854.25382030405;45581.04601983359;53472.44000269313;62730.06193403319;73590.44528463698;86331.07429211862;101277.4737211686;118811.5260634959;139381.228686517;163512.140226203;191820.8086789974;225030.524286467;263989.7996954232;309694.0495706946;363311.0235703185;426210.642505751;499999.9999999716
1;4734611980843;50;phasez;-1.53647;-1.5355;-1.53586;-1.53715;-1.53712;-1.53779;-1.53739;-1.53837;-1.53851;-1.53938;-1.53947;-1.53984;-1.5402;-1.5405;-1.54078;-1.54106;-1.54119;-1.54137;-1.54161;-1.5417;-1.54185;-1.54188;-1.54186;-1.5418;-1.54167;-1.54147;-1.54116;-1.54075;-1.54022;-1.53958;-1.53874;-1.53775;-1.53656;-1.53514;-1.53345;-1.53146;-1.5291;-1.52632;-1.52305;-1.51921;-1.51468;-1.50935;-1.50307;-1.49567;-1.48692;-1.47656;-1.46428;-1.44966;-1.4322;-1.4112
2;4735380352541;50;absz;87426.4;78265.9;70034;62675.9;56094.6;50193.5;44920.1;40198.5;35972.4;32190.8;28806.9;25776;23067.3;20640.8;18471.9;16528.6;14791.4;13237.1;11844.4;10599;9484.43;8486.96;7594.27;6795.43;6080.34;5440.44;4867.63;4354.98;3896.1;3485.46;3117.88;2788.85;2494.27;2230.69;1994.71;1783.44;1594.29;1424.97;1273.36;1137.65;1016.11;907.324;809.951;722.777;644.918;575.352;513.336;458.274;409.622;367.035
2;4735380352541;50;frequency;20000.00000002444;22385.53853899816;25055.61678390222;28044.17375656954;31389.19662092121;35133.2035329932;39323.78408414649;44014.2042055669;49264.08322518227;55140.1516811012;61717.09952482729;69078.52549602467;77317.99973512921;86540.25314108083;96862.50859274992;108415.9709538568;121347.4948009008;135821.4510731415;152021.8163702936;170154.5114554648;190450.0186878266;213166.3116533389;238592.1342356312;267050.6708003728;298903.6541519141;334555.9634717432;374460.7706856584;419125.3006744233;469117.2785435782;525072.1459047724;587701.13789258;657800.3235824071;736260.7247225839;824079.6413975459;922373.3285811875;1032391.184709951;1155531.632626961;1293359.894754076;1447627.888434013;1620296.494325686;1813560.480908265;2029876.401899315;2271993.821195295;2542990.262224833;2846310.325953354;3185809.474764127;3565803.038745301;3991121.067296888;4467169.723268114;4999999.999999929
2;4735380352541;50;phasez;-1.54349;-1.54286;-1.5426;-1.54226;-1.54194;-1.54169;-1.54074;-1.54016;-1.53951;-1.53843;-1.53751;-1.53632;-1.535;-1.53342;-1.53167;-1.52979;-1.52759;-1.52519;-1.52245;-1.51939;-1.51598;-1.51213;-1.50785;-1.50302;-1.49759;-1.49154;-1.48475;-1.47713;-1.46858;-1.45898;-1.44818;-1.43607;-1.42248;-1.4072;-1.39004;-1.37074;-1.34904;-1.32462;-1.29712;-1.26612;-1.23114;-1.19163;-1.14694;-1.09629;-1.03876;-0.973336;-0.898701;-0.813409;-0.715723;-0.603688
3;4735699181149;20;absz;17984.4;14683.8;11985.2;9783.21;7986.95;6518.37;5320.2;4341.73;3542.43;2889.94;2356.68;1920.99;1565.3;1274.47;1036.82;842.569;683.884;554.559;449.79;366.149
3;4735699181149;20;frequency;99999.99999990905;122862.535599424;150952.0265389597;185463.4873444638;227865.1431623047;279960.8926363817;343967.05137965;422606.6409511731;519225.2346839865;637933.2888043621;783781.0140572543;962973.2274171232;1183133.324347452;1453627.601814205;1785963.729760951;2194280.323268956;2695948.443325946;3312310.615921419;4069588.809647371;4999999.999999929
3;4735699181149;20;phasez;-1.53091;-1.52763;-1.52344;-1.51831;-1.51207;-1.50431;-1.4947;-1.48269;-1.4679;-1.44953;-1.42678;-1.39857;-1.36356;-1.32004;-1.2658;-1.19797;-1.11263;-1.00462;-0.866726;-0.689371
