0;9619116464388;20;absz;1.36211e+08;9.93316e+07;7.24038e+07;5.27258e+07;3.83892e+07;2.79358e+07;2.03377e+07;1.47956e+07;1.07618e+07;7.82664e+06;5.69047e+06;4.13681e+06;3.0067e+06;2.18503e+06;1.58761e+06;1.15338e+06;837818;608494;441863;320807
0;9619116464388;20;frequency;9.999999974752427;13.86918846435492;19.23543905490988;26.67799336109056;37.00021196095804;51.31629158938722;71.17153245417285;98.70914048804025;136.9015682683994;189.8713664161278;263.3361782500288;365.2259113806622;506.5387032487934;702.5280792305466;974.3494403835484;1351.343611730726;1874.203936580443;2599.368780806799;3605.113577052066;4999.99999995282
0;9619116464388;20;phasez;-1.51027;-1.5136;-1.51674;-1.51963;-1.52176;-1.52359;-1.5251;-1.52649;-1.52758;-1.5285;-1.52923;-1.52978;-1.53013;-1.53017;-1.52984;-1.52902;-1.52757;-1.52525;-1.52175;-1.5166
1;9619884843722;50;absz;7.38732e+06;6.31191e+06;5.39696e+06;4.62456e+06;3.95712e+06;3.3873e+06;2.89988e+06;2.48044e+06;2.12208e+06;1.81532e+06;1.55325e+06;1.329e+06;1.13712e+06;972677;832202;711834;608980;520897;445562;381115;325981;278807;238450;203933;174411;149156;127554;109079;93280.3;79765.3;68207.9;58324.4;49872.1;42644;36462.5;31176;26654.6;22787.6;19480;16651.3;14231.1;12160.1;10388;8871.46;7572.85;6460.63;5507.3;4689.56;3987.38;3383.53
1;9619884843722;50;frequency;199.9999999213742;234.625769479635;275.2462588517801;322.8993264769997;378.802514688914;444.3841576318164;521.3198749487447;611.5753842550475;717.456725922716;841.6691823498468;987.3863981368913;1158.33146786315;1358.872060208682;1594.132014446359;1870.122253535556;2193.894364737048;2573.720768452858;3019.306079821149;3542.035062906734;4155.263512473084;4874.659497176026;5718.603679767398;6708.658946337209;7870.121340545211;9232.666380967203;10831.10727442716;12706.28439819177;14906.10877695531;17486.78621595445;20514.25336674129;24065.86241733066;28232.35745111674;33120.19296963342;38854.25382030405;45581.04601983359;53472.44000269313;62730.06193403319;73590.44528463698;86331.07429211862;101277.4737211686;118811.5260634959;139381.228686517;163512.140226203;191820.8086789974;225030.524286467;263989.7996954232;309694.0495706946;363311.0235703185;426210.642505751;499999.9999999716
1;9619884843722;50;phasez;-1.52896;-1.53045;-1.53064;-1.53206;-1.53098;-1.53175;-1.53228;-1.53244;-1.53323;-1.53335;-1.5338;-1.53421;-1.5344;-1.5346;-1.53493;-1.53513;-1.53542;-1.53561;-1.53569;-1.53588;-1.53599;-1.53609;-1.53606;-1.53602;-1.53592;-1.53572;-1.53545;-1.53507;-1.53457;-1.53395;-1.53317;-1.53222;-1.53108;-1.52972;-1.52809;-1.52617;-1.52389;-1.5212;-1.518;-1.51423;-1.50977;-1.50449;-1.49825;-1.49085;-1.4821;-1.47172;-1.45938;-1.44469;-1.42714;-1.40603
2;9620652966542;50;absz;82166.5;73565.9;65880.4;58980;52795.3;47268.9;42317.8;37883;33910.4;30352.3;27173.2;24326.6;21775.6;19493.5;17450.5;15622.1;13984.2;12517.9;11205.2;10030.8;8978.18;8036.54;7193.16;6438.4;5762.54;5157.79;4616.26;4131.41;3697.26;3308.68;2960.73;2649.23;2370.29;2120.54;1896.86;1696.58;1517.25;1356.59;1212.68;1083.77;968.321;864.913;772.291;689.334;615.165;548.881;489.732;437.179;390.722;350.011
2;9620652966542;50;frequency;20000.00000002444;22385.53853899816;25055.61678390222;28044.17375656954;31389.19662092121;35133.2035329932;39323.78408414649;44014.2042055669;49264.08322518227;55140.1516811012;61717.09952482729;69078.52549602467;77317.99973512921;86540.25314108083;96862.50859274992;108415.9709538568;121347.4948009008;135821.4510731415;152021.8163702936;170154.5114554648;190450.0186878266;213166.3116533389;238592.1342356312;267050.6708003728;298903.6541519141;334555.9634717432;374460.7706856584;419125.3006744233;469117.2785435782;525072.1459047724;587701.13789258;657800.3235824071;736260.7247225839;824079.6413975459;922373.3285811875;1032391.184709951;1155531.632626961;1293359.894754076;1447627.888434013;1620296.494325686;1813560.480908265;2029876.401899315;2271993.821195295;2542990.262224833;2846310.325953354;3185809.474764127;3565803.038745301;3991121.067296888;4467169.723268114;4999999.999999929
2;9620652966542;50;phasez;-1.53734;-1.53726;-1.5372;-1.53689;-1.5365;-1.5361;-1.53544;-1.53489;-1.53414;-1.53329;-1.53229;-1.53109;-1.52983;-1.52841;-1.52665;-1.52486;-1.52275;-1.52034;-1.51761;-1.51456;-1.51116;-1.50731;-1.50301;-1.49816;-1.49274;-1.4866;-1.47977;-1.47209;-1.46344;-1.45379;-1.44293;-1.43074;-1.41707;-1.40171;-1.38447;-1.36508;-1.34329;-1.31879;-1.2912;-1.2601;-1.22503;-1.18543;-1.14063;-1.08985;-1.03217;-0.966576;-0.891729;-0.806171;-0.708164;-0.595743
3;9620972410410;20;absz;16990.8;13881;11336.8;9259.66;7563.47;6176.31;5044.16;4118.55;3362.65;2744.88;2239.89;1827.06;1489.72;1213.74;988.012;803.324;652.297;529.071;429.091;349.167
3;9620972410410;20;frequency;99999.99999990905;122862.535599424;150952.0265389597;185463.4873444638;227865.1431623047;279960.8926363817;343967.05137965;422606.6409511731;519225.2346839865;637933.2888043621;783781.0140572543;962973.2274171232;1183133.324347452;1453627.601814205;1785963.729760951;2194280.323268956;2695948.443325946;3312310.615921419;4069588.809647371;4999999.999999929
3;9620972410410;20;phasez;-1.52586;-1.52262;-1.51862;-1.5136;-1.50728;-1.49947;-1.48972;-1.47766;-1.46273;-1.44422;-1.42131;-1.39295;-1.35778;-1.31411;-1.25969;-1.19165;-1.10607;-0.997744;-0.859391;-0.681383
