0;7253074770476;20;absz;1.38374e+08;1.00777e+08;7.34438e+07;5.34772e+07;3.89241e+07;2.83138e+07;2.06054e+07;1.49865e+07;1.08965e+07;7.92206e+06;5.75839e+06;4.18515e+06;3.04139e+06;2.2099e+06;1.6055e+06;1.16629e+06;847056;615141;446623;324213
0;7253074770476;20;frequency;9.999999974752427;13.86918846435492;19.23543905490988;26.67799336109056;37.00021196095804;51.31629158938722;71.17153245417285;98.70914048804025;136.9015682683994;189.8713664161278;263.3361782500288;365.2259113806622;506.5387032487934;702.5280792305466;974.3494403835484;1351.343611730726;1874.203936580443;2599.368780806799;3605.113577052066;4999.99999995282
0;7253074770476;20;phasez;-1.51421;-1.517;-1.51984;-1.52209;-1.52379;-1.52545;-1.52703;-1.52816;-1.52911;-1.5299;-1.53049;-1.5309;-1.53108;-1.53101;-1.53059;-1.52973;-1.52827;-1.52598;-1.52251;-1.5174
1;7253845827907;50;absz;7.46654e+06;6.40402e+06;5.46657e+06;4.6809e+06;4.0058e+06;3.42709e+06;2.93265e+06;2.50819e+06;2.14549e+06;1.8362e+06;1.57059e+06;1.34387e+06;1.14978e+06;983461;841434;719710;615598;526555;450396;385213;329452;281759;240952;206048;176199;150671;128841;110169;94201;80548.4;68871.8;58886.7;50349.8;43048.9;36806.1;31466.9;26900.7;22996.1;19656.8;16800.1;14356.8;12266.6;10478.1;8947.3;7636.89;6514.65;5552.9;4728.07;4019.84;3410.72
1;7253845827907;50;frequency;199.9999999213742;234.625769479635;275.2462588517801;322.8993264769997;378.802514688914;444.3841576318164;521.3198749487447;611.5753842550475;717.456725922716;841.6691823498468;987.3863981368913;1158.33146786315;1358.872060208682;1594.132014446359;1870.122253535556;2193.894364737048;2573.720768452858;3019.306079821149;3542.035062906734;4155.263512473084;4874.659497176026;5718.603679767398;6708.658946337209;7870.121340545211;9232.666380967203;10831.10727442716;12706.28439819177;14906.10877695531;17486.78621595445;20514.25336674129;24065.86241733066;28232.35745111674;33120.19296963342;38854.25382030405;45581.04601983359;53472.44000269313;62730.06193403319;73590.44528463698;86331.07429211862;101277.4737211686;118811.5260634959;139381.228686517;163512.140226203;191820.8086789974;225030.524286467;263989.7996954232;309694.0495706946;363311.0235703185;426210.642505751;499999.9999999716
1;7253845827907;50;phasez;-1.53198;-1.53251;-1.53165;-1.53287;-1.53342;-1.53295;-1.53397;-1.53362;-1.53415;-1.53438;-1.53457;-1.5346;-1.53521;-1.53534;-1.53563;-1.53583;-1.53606;-1.53632;-1.53657;-1.53668;-1.53677;-1.53688;-1.53688;-1.53686;-1.53676;-1.53658;-1.53629;-1.53592;-1.53542;-1.5348;-1.53402;-1.53307;-1.53193;-1.53057;-1.52895;-1.52705;-1.52478;-1.52209;-1.51891;-1.51515;-1.5107;-1.50543;-1.49918;-1.49179;-1.48303;-1.47265;-1.46031;-1.44563;-1.42808;-1.40699
2;7254614106236;50;absz;82986.6;74314.8;66532;59542.8;53308.3;47721.8;42722.2;38242.9;34231.6;30646.2;27428.7;24555.2;21977.4;19673.2;17608.7;15762.2;14109.4;12628.6;11304;10117.8;9056.2;8105.44;7254.46;6492.88;5811.08;5200.81;4654.45;4165.29;3727.44;3335.48;2984.55;2670.36;2389.1;2137.18;1911.66;1709.73;1528.86;1366.88;1221.81;1091.87;975.476;871.233;777.88;694.297;619.558;552.773;493.209;440.278;393.482;352.491
2;7254614106236;50;frequency;20000.00000002444;22385.53853899816;25055.61678390222;28044.17375656954;31389.19662092121;35133.2035329932;39323.78408414649;44014.2042055669;49264.08322518227;55140.1516811012;61717.09952482729;69078.52549602467;77317.99973512921;86540.25314108083;96862.50859274992;108415.9709538568;121347.4948009008;135821.4510731415;152021.8163702936;170154.5114554648;190450.0186878266;213166.3116533389;238592.1342356312;267050.6708003728;298903.6541519141;334555.9634717432;374460.7706856584;419125.3006744233;469117.2785435782;525072.1459047724;587701.13789258;657800.3235824071;736260.7247225839;824079.6413975459;922373.3285811875;1032391.184709951;1155531.632626961;1293359.894754076;1447627.888434013;1620296.494325686;1813560.480908265;2029876.401899315;2271993.821195295;2542990.262224833;2846310.325953354;3185809.474764127;3565803.038745301;3991121.067296888;4467169.723268114;4999999.999999929
2;7254614106236;50;phasez;-1.53869;-1.53824;-1.53773;-1.53777;-1.5373;-1.53686;-1.53636;-1.53591;-1.53503;-1.53418;-1.53319;-1.53207;-1.53076;-1.52931;-1.52766;-1.52574;-1.52365;-1.52125;-1.5185;-1.51549;-1.51212;-1.50826;-1.50392;-1.49909;-1.49362;-1.48755;-1.4807;-1.47302;-1.46441;-1.45474;-1.4439;-1.43173;-1.41808;-1.40274;-1.38551;-1.36615;-1.34439;-1.31991;-1.29234;-1.26128;-1.22623;-1.18665;-1.14188;-1.09116;-1.03347;-0.967921;-0.893114;-0.807607;-0.709662;-0.597313
3;7254931687536;20;absz;17148.6;14007.3;11438.6;9341.46;7628.95;6229.32;5086.53;4152.77;3390.14;2767.16;2257.74;1841.36;1501.22;1222.91;995.36;809.197;656.99;532.837;432.138;351.651
3;7254931687536;20;frequency;99999.99999990905;122862.535599424;150952.0265389597;185463.4873444638;227865.1431623047;279960.8926363817;343967.05137965;422606.6409511731;519225.2346839865;637933.2888043621;783781.0140572543;962973.2274171232;1183133.324347452;1453627.601814205;1785963.729760951;2194280.323268956;2695948.443325946;3312310.615921419;4069588.809647371;4999999.999999929
3;7254931687536;20;phasez;-1.52675;-1.52363;-1.51955;-1.51454;-1.50821;-1.50041;-1.49066;-1.47861;-1.46366;-1.44521;-1.42234;-1.394;-1.35888;-1.31525;-1.26088;-1.19291;-1.10737;-0.999105;-0.860834;-0.682918
