0;5163536294881;20;absz;1.46318e+08;1.06435e+08;7.74254e+07;5.63105e+07;4.0948e+07;2.9791e+07;2.16416e+07;1.57296e+07;1.14307e+07;8.30541e+06;6.03406e+06;4.38333e+06;3.18357e+06;2.31183e+06;1.6784e+06;1.2183e+06;884195;641572;465462;337646
0;5163536294881;20;frequency;9.999999974752427;13.86918846435492;19.23543905490988;26.67799336109056;37.00021196095804;51.31629158938722;71.17153245417285;98.70914048804025;136.9015682683994;189.8713664161278;263.3361782500288;365.2259113806622;506.5387032487934;702.5280792305466;974.3494403835484;1351.343611730726;1874.203936580443;2599.368780806799;3605.113577052066;4999.99999995282
0;5163536294881;20;phasez;-1.52441;-1.52545;-1.52729;-1.52847;-1.52967;-1.53058;-1.53129;-1.53191;-1.53261;-1.53318;-1.53362;-1.53398;-1.53423;-1.53426;-1.53395;-1.53318;-1.53178;-1.52949;-1.52599;-1.52082
1;5164306541556;50;absz;7.82668e+06;6.70518e+06;5.73302e+06;4.90241e+06;4.19478e+06;3.58761e+06;3.06902e+06;2.62608e+06;2.24541e+06;1.91985e+06;1.6423e+06;1.40435e+06;1.20095e+06;1.02701e+06;878283;750940;642128;549010;469408;401342;343111;293331;250771;214376;183258;156657;133915;114468;97846.2;83634.8;71486.3;61100.9;52224.1;44635.6;38149;32604;27863.8;23811.3;20347.2;17385.6;14852.8;12687;10834.5;9249.44;7893;6731.58;5736.51;4883.19;4150.73;3520.95
1;5164306541556;50;frequency;199.9999999213742;234.625769479635;275.2462588517801;322.8993264769997;378.802514688914;444.3841576318164;521.3198749487447;611.5753842550475;717.456725922716;841.6691823498468;987.3863981368913;1158.33146786315;1358.872060208682;1594.132014446359;1870.122253535556;2193.894364737048;2573.720768452858;3019.306079821149;3542.035062906734;4155.263512473084;4874.659497176026;5718.603679767398;6708.658946337209;7870.121340545211;9232.666380967203;10831.10727442716;12706.28439819177;14906.10877695531;17486.78621595445;20514.25336674129;24065.86241733066;28232.35745111674;33120.19296963342;38854.25382030405;45581.04601983359;53472.44000269313;62730.06193403319;73590.44528463698;86331.07429211862;101277.4737211686;118811.5260634959;139381.228686517;163512.140226203;191820.8086789974;225030.524286467;263989.7996954232;309694.0495706946;363311.0235703185;426210.642505751;499999.9999999716
1;5164306541556;50;phasez;-1.53377;-1.53318;-1.53505;-1.53627;-1.53602;-1.53555;-1.53601;-1.53701;-1.53709;-1.53731;-1.53795;-1.5383;-1.53862;-1.53897;-1.53912;-1.53934;-1.53958;-1.53977;-1.53998;-1.54013;-1.54022;-1.54029;-1.54027;-1.54021;-1.54009;-1.53989;-1.53961;-1.53923;-1.53871;-1.5381;-1.5373;-1.53635;-1.53521;-1.53382;-1.53218;-1.53023;-1.52791;-1.52517;-1.52193;-1.51811;-1.5136;-1.50828;-1.50199;-1.49458;-1.48582;-1.47545;-1.46315;-1.44852;-1.43104;-1.41003
2;5165075871740;50;absz;86210.6;77128.9;69038;61779.7;55296.8;49487.5;44296.9;39643.1;35479;31749.2;28409.1;25426;22755.2;20365.1;18224.8;16309.4;14596.2;13062.4;11689.5;10461.6;9362.07;8377.84;7497.15;6708.53;6003.31;5371.92;4806.78;4300.84;3848.01;3442.6;3079.89;2755.07;2464.36;2204.02;1971.01;1762.45;1575.67;1408.47;1258.71;1124.64;1004.55;897.052;800.808;714.66;637.684;568.902;507.583;453.121;404.989;362.853
2;5165075871740;50;frequency;20000.00000002444;22385.53853899816;25055.61678390222;28044.17375656954;31389.19662092121;35133.2035329932;39323.78408414649;44014.2042055669;49264.08322518227;55140.1516811012;61717.09952482729;69078.52549602467;77317.99973512921;86540.25314108083;96862.50859274992;108415.9709538568;121347.4948009008;135821.4510731415;152021.8163702936;170154.5114554648;190450.0186878266;213166.3116533389;238592.1342356312;267050.6708003728;298903.6541519141;334555.9634717432;374460.7706856584;419125.3006744233;469117.2785435782;525072.1459047724;587701.13789258;657800.3235824071;736260.7247225839;824079.6413975459;922373.3285811875;1032391.184709951;1155531.632626961;1293359.894754076;1447627.888434013;1620296.494325686;1813560.480908265;2029876.401899315;2271993.821195295;2542990.262224833;2846310.325953354;3185809.474764127;3565803.038745301;3991121.067296888;4467169.723268114;4999999.999999929
2;5165075871740;50;phasez;-1.54162;-1.54166;-1.54116;-1.541;-1.54068;-1.54009;-1.53955;-1.53889;-1.53814;-1.53735;-1.53635;-1.53506;-1.53382;-1.53224;-1.53061;-1.52871;-1.5265;-1.52412;-1.52138;-1.51832;-1.51489;-1.51104;-1.50672;-1.50186;-1.49645;-1.4904;-1.48358;-1.47597;-1.46738;-1.45778;-1.447;-1.43488;-1.42129;-1.406;-1.38885;-1.36956;-1.34785;-1.32343;-1.29592;-1.26493;-1.22996;-1.19046;-1.14577;-1.09514;-1.03759;-0.972178;-0.897542;-0.812233;-0.714528;-0.602457
3;5165394038129;20;absz;17742.3;14489.1;11828;9656.18;7884.02;6435.58;5253.38;4287.6;3498.96;2854.91;2328.5;1898.3;1547.04;1259.8;1025.02;833.037;676.2;548.349;444.724;361.968
3;5165394038129;20;frequency;99999.99999990905;122862.535599424;150952.0265389597;185463.4873444638;227865.1431623047;279960.8926363817;343967.05137965;422606.6409511731;519225.2346839865;637933.2888043621;783781.0140572543;962973.2274171232;1183133.324347452;1453627.601814205;1785963.729760951;2194280.323268956;2695948.443325946;3312310.615921419;4069588.809647371;4999999.999999929
3;5165394038129;20;phasez;-1.52966;-1.52643;-1.52236;-1.51736;-1.51101;-1.50315;-1.49353;-1.48153;-1.46671;-1.44835;-1.42559;-1.39737;-1.36237;-1.31886;-1.26462;-1.1968;-1.11146;-1.00346;-0.865543;-0.688161
