0;677815079627;20;absz;2.30894e+08;1.67117e+08;1.20848e+08;8.73867e+07;6.32275e+07;4.57019e+07;3.30895e+07;2.39325e+07;1.73173e+07;1.25297e+07;9.06679e+06;6.56089e+06;4.74787e+06;3.43591e+06;2.48639e+06;1.79924e+06;1.30197e+06;942134;681766;493367
0;677815079627;20;frequency;9.999999974752427;13.86918846435492;19.23543905490988;26.67799336109056;37.00021196095804;51.31629158938722;71.17153245417285;98.70914048804025;136.9015682683994;189.8713664161278;263.3361782500288;365.2259113806622;506.5387032487934;702.5280792305466;974.3494403835484;1351.343611730726;1874.203936580443;2599.368780806799;3605.113577052066;4999.99999995282
0;677815079627;20;phasez;-1.55527;-1.55562;-1.55456;-1.55499;-1.55476;-1.55457;-1.55426;-1.55394;-1.55357;-1.55316;-1.55267;-1.55208;-1.5514;-1.55052;-1.54937;-1.54775;-1.54551;-1.5424;-1.53806;-1.53207
1;678586276920;50;absz;1.18552e+07;1.00688e+07;8.6121e+06;7.3496e+06;6.27293e+06;5.36085e+06;4.5773e+06;3.90852e+06;3.33589e+06;2.84867e+06;2.43186e+06;2.07617e+06;1.77352e+06;1.51436e+06;1.29312e+06;1.1043e+06;942899;805098;687533;587100;501337;428127;365617;312220;266629;227703;194470;166086;141844;121146;103471;88374.2;75481.8;64471.1;55067.8;47035.5;40173.4;34311.8;29304.3;25025.7;21369.9;18245.6;15575.3;13291.4;11338.3;9666.81;8235.45;7008.92;5956.4;5052.01
1;678586276920;50;frequency;199.9999999213742;234.625769479635;275.2462588517801;322.8993264769997;378.802514688914;444.3841576318164;521.3198749487447;611.5753842550475;717.456725922716;841.6691823498468;987.3863981368913;1158.33146786315;1358.872060208682;1594.132014446359;1870.122253535556;2193.894364737048;2573.720768452858;3019.306079821149;3542.035062906734;4155.263512473084;4874.659497176026;5718.603679767398;6708.658946337209;7870.121340545211;9232.666380967203;10831.10727442716;12706.28439819177;14906.10877695531;17486.78621595445;20514.25336674129;24065.86241733066;28232.35745111674;33120.19296963342;38854.25382030405;45581.04601983359;53472.44000269313;62730.06193403319;73590.44528463698;86331.07429211862;101277.4737211686;118811.5260634959;139381.228686517;163512.140226203;191820.8086789974;225030.524286467;263989.7996954232;309694.0495706946;363311.0235703185;426210.642505751;499999.9999999716
1;678586276920;50;phasez;-1.55314;-1.55496;-1.55272;-1.55426;-1.55264;-1.55285;-1.55359;-1.55262;-1.55333;-1.55298;-1.55331;-1.55305;-1.55299;-1.553;-1.55291;-1.55276;-1.55253;-1.55235;-1.55206;-1.55186;-1.55157;-1.55119;-1.55081;-1.55038;-1.54986;-1.54928;-1.54861;-1.54787;-1.54699;-1.54601;-1.54487;-1.54357;-1.54208;-1.54036;-1.53838;-1.53611;-1.53348;-1.53043;-1.52688;-1.52274;-1.51792;-1.51227;-1.50567;-1.49791;-1.48879;-1.47806;-1.46537;-1.45034;-1.43245;-1.41101
2;679354237826;50;absz;124882;111705;99918.5;89354.6;79934.7;71524.3;63965.7;57225.7;51188.5;45789.9;40969.2;36644;32779.8;29326.8;26233.2;23467.9;20996.8;18785.5;16805.5;15035;13451.7;12034.7;10767.5;9633.06;8618.51;7710.5;6898.27;6171.64;5521.52;4939.74;4419.12;3953.2;3536.27;3163.21;2829.33;2530.49;2263.09;2023.73;1809.51;1617.82;1446.32;1292.82;1155.54;1032.75;923.273;825.619;738.747;661.863;594.239;535.451
2;679354237826;50;frequency;20000.00000002444;22385.53853899816;25055.61678390222;28044.17375656954;31389.19662092121;35133.2035329932;39323.78408414649;44014.2042055669;49264.08322518227;55140.1516811012;61717.09952482729;69078.52549602467;77317.99973512921;86540.25314108083;96862.50859274992;108415.9709538568;121347.4948009008;135821.4510731415;152021.8163702936;170154.5114554648;190450.0186878266;213166.3116533389;238592.1342356312;267050.6708003728;298903.6541519141;334555.9634717432;374460.7706856584;419125.3006744233;469117.2785435782;525072.1459047724;587701.13789258;657800.3235824071;736260.7247225839;824079.6413975459;922373.3285811875;1032391.184709951;1155531.632626961;1293359.894754076;1447627.888434013;1620296.494325686;1813560.480908265;2029876.401899315;2271993.821195295;2542990.262224833;2846310.325953354;3185809.474764127;3565803.038745301;3991121.067296888;4467169.723268114;4999999.999999929
2;679354237826;50;phasez;-1.54945;-1.54939;-1.54875;-1.54791;-1.54754;-1.54684;-1.5462;-1.54524;-1.54432;-1.54321;-1.5419;-1.54059;-1.53898;-1.53727;-1.53535;-1.53325;-1.53083;-1.52823;-1.52518;-1.52189;-1.51826;-1.51419;-1.50964;-1.50448;-1.49881;-1.49248;-1.48539;-1.47746;-1.46861;-1.45871;-1.44761;-1.43521;-1.42128;-1.40572;-1.38823;-1.36862;-1.3466;-1.32188;-1.29406;-1.26277;-1.2275;-1.18773;-1.1428;-1.09193;-1.03418;-0.968613;-0.893909;-0.808636;-0.711096;-0.599396
3;679670667971;20;absz;25538.8;20845.7;17011.6;13881.9;11324.7;9240.99;7541.24;6152.65;5020.35;4095.76;3341.13;2725.07;2221.83;1810.8;1475.4;1201.45;978.074;796.491;650.018;534.136
3;679670667971;20;frequency;99999.99999990905;122862.535599424;150952.0265389597;185463.4873444638;227865.1431623047;279960.8926363817;343967.05137965;422606.6409511731;519225.2346839865;637933.2888043621;783781.0140572543;962973.2274171232;1183133.324347452;1453627.601814205;1785963.729760951;2194280.323268956;2695948.443325946;3312310.615921419;4069588.809647371;4999999.999999929
3;679670667971;20;phasez;-1.53449;-1.53061;-1.52612;-1.52073;-1.51406;-1.5057;-1.49551;-1.48301;-1.46766;-1.44875;-1.42542;-1.39661;-1.36104;-1.31695;-1.26217;-1.19385;-1.10804;-0.999776;-0.861829;-0.684916
