0;1369636674355;20;absz;2.04047e+08;1.47359e+08;1.06542e+08;7.69713e+07;5.56282e+07;4.02188e+07;2.90533e+07;2.09972e+07;1.51755e+07;1.09696e+07;7.92966e+06;5.7328e+06;4.14462e+06;2.9965e+06;2.16635e+06;1.56622e+06;1.13234e+06;818701;591955;428020
0;1369636674355;20;frequency;9.999999974752427;13.86918846435492;19.23543905490988;26.67799336109056;37.00021196095804;51.31629158938722;71.17153245417285;98.70914048804025;136.9015682683994;189.8713664161278;263.3361782500288;365.2259113806622;506.5387032487934;702.5280792305466;974.3494403835484;1351.343611730726;1874.203936580443;2599.368780806799;3605.113577052066;4999.99999995282
0;1369636674355;20;phasez;-1.55837;-1.5594;-1.55934;-1.55929;-1.55934;-1.55896;-1.5589;-1.55866;-1.55819;-1.55781;-1.55728;-1.55661;-1.55585;-1.55493;-1.55365;-1.55192;-1.54956;-1.54629;-1.5418;-1.53564
1;1370409042323;50;absz;1.03606e+07;8.80584e+06;7.536e+06;6.41753e+06;5.47469e+06;4.67926e+06;3.99058e+06;3.41173e+06;2.9089e+06;2.48215e+06;2.11922e+06;1.80892e+06;1.54391e+06;1.31784e+06;1.12464e+06;959984;819439;699433;597014;509623;435026;371352;316996;270609;231026;197228;168388;143763;122746;104809;89491.6;76416.1;65254.7;55724.9;47587.5;40639.2;34706.9;29639.3;25311.6;21614.6;18456;15757.2;13451.1;11478.8;9792.15;8349.14;7113.55;6054.63;5145.98;4365.14
1;1370409042323;50;frequency;199.9999999213742;234.625769479635;275.2462588517801;322.8993264769997;378.802514688914;444.3841576318164;521.3198749487447;611.5753842550475;717.456725922716;841.6691823498468;987.3863981368913;1158.33146786315;1358.872060208682;1594.132014446359;1870.122253535556;2193.894364737048;2573.720768452858;3019.306079821149;3542.035062906734;4155.263512473084;4874.659497176026;5718.603679767398;6708.658946337209;7870.121340545211;9232.666380967203;10831.10727442716;12706.28439819177;14906.10877695531;17486.78621595445;20514.25336674129;24065.86241733066;28232.35745111674;33120.19296963342;38854.25382030405;45581.04601983359;53472.44000269313;62730.06193403319;73590.44528463698;86331.07429211862;101277.4737211686;118811.5260634959;139381.228686517;163512.140226203;191820.8086789974;225030.524286467;263989.7996954232;309694.0495706946;363311.0235703185;426210.642505751;499999.9999999716
1;1370409042323;50;phasez;-1.56107;-1.55821;-1.55863;-1.55963;-1.5582;-1.55772;-1.55761;-1.5581;-1.55778;-1.55785;-1.55789;-1.55739;-1.55722;-1.55695;-1.55694;-1.55669;-1.5564;-1.55618;-1.55587;-1.55553;-1.55516;-1.5547;-1.55419;-1.55365;-1.553;-1.55231;-1.5515;-1.55059;-1.54957;-1.54842;-1.54711;-1.54564;-1.54398;-1.54207;-1.53991;-1.53745;-1.53463;-1.53137;-1.52762;-1.52329;-1.51826;-1.51241;-1.50559;-1.49762;-1.48829;-1.47734;-1.46444;-1.44919;-1.43108;-1.40942
2;1371180769602;50;absz;108025;96600.6;86428.7;77281.9;69116;61820.4;55285;49461.5;44240.9;39569;35397.4;31660.9;28321.5;25333.3;22662.4;20271.8;18134.2;16224.1;14515.5;12986.4;11618.5;10395.3;9300.51;8321.03;7445.03;6661.01;5959.9;5332.43;4771.13;4268.71;3819.27;3416.85;3056.86;2734.63;2446.23;2188.11;1957.03;1750.23;1565.09;1399.35;1251;1118.22;999.379;893.065;798.169;713.463;638.056;571.213;512.328;461.006
2;1371180769602;50;frequency;20000.00000002444;22385.53853899816;25055.61678390222;28044.17375656954;31389.19662092121;35133.2035329932;39323.78408414649;44014.2042055669;49264.08322518227;55140.1516811012;61717.09952482729;69078.52549602467;77317.99973512921;86540.25314108083;96862.50859274992;108415.9709538568;121347.4948009008;135821.4510731415;152021.8163702936;170154.5114554648;190450.0186878266;213166.3116533389;238592.1342356312;267050.6708003728;298903.6541519141;334555.9634717432;374460.7706856584;419125.3006744233;469117.2785435782;525072.1459047724;587701.13789258;657800.3235824071;736260.7247225839;824079.6413975459;922373.3285811875;1032391.184709951;1155531.632626961;1293359.894754076;1447627.888434013;1620296.494325686;1813560.480908265;2029876.401899315;2271993.821195295;2542990.262224833;2846310.325953354;3185809.474764127;3565803.038745301;3991121.067296888;4467169.723268114;4999999.999999929
2;1371180769602;50;phasez;-1.55209;-1.55134;-1.55108;-1.55017;-1.54968;-1.54876;-1.54779;-1.5468;-1.54568;-1.54452;-1.54311;-1.5415;-1.53983;-1.53801;-1.53583;-1.53369;-1.5311;-1.52828;-1.52525;-1.52178;-1.51793;-1.51371;-1.509;-1.50375;-1.49792;-1.49144;-1.48418;-1.47612;-1.46711;-1.45704;-1.44581;-1.43323;-1.41917;-1.40341;-1.38576;-1.36599;-1.34381;-1.3189;-1.29092;-1.25945;-1.22399;-1.18402;-1.13888;-1.08778;-1.02979;-0.963969;-0.888952;-0.803335;-0.70538;-0.593193
3;1371499336922;20;absz;22062.9;18005.3;14692.9;11987.4;9781.11;7982.85;6514.31;5316.33;4338.63;3540.24;2888.7;2356.38;1921.45;1566.46;1276.29;1039.26;845.716;688.237;560.954;459.912
3;1371499336922;20;frequency;99999.99999990905;122862.535599424;150952.0265389597;185463.4873444638;227865.1431623047;279960.8926363817;343967.05137965;422606.6409511731;519225.2346839865;637933.2888043621;783781.0140572543;962973.2274171232;1183133.324347452;1453627.601814205;1785963.729760951;2194280.323268956;2695948.443325946;3312310.615921419;4069588.809647371;4999999.999999929
3;1371499336922;20;phasez;-1.53502;-1.53097;-1.52626;-1.52047;-1.51346;-1.5049;-1.49446;-1.48167;-1.46604;-1.4468;-1.42317;-1.39409;-1.35821;-1.31381;-1.2587;-1.19;-1.10379;-0.995042;-0.856483;-0.678736
