0;2664076788025;20;absz;1.77292e+08;1.28396e+08;9.30009e+07;6.73812e+07;4.87831e+07;3.53352e+07;2.55743e+07;1.85192e+07;1.34093e+07;9.70853e+06;7.02866e+06;5.08807e+06;3.68309e+06;2.66591e+06;1.92953e+06;1.39648e+06;1.01066e+06;731388;529256;382963
0;2664076788025;20;frequency;9.999999974752427;13.86918846435492;19.23543905490988;26.67799336109056;37.00021196095804;51.31629158938722;71.17153245417285;98.70914048804025;136.9015682683994;189.8713664161278;263.3361782500288;365.2259113806622;506.5387032487934;702.5280792305466;974.3494403835484;1351.343611730726;1874.203936580443;2599.368780806799;3605.113577052066;4999.99999995282
0;2664076788025;20;phasez;-1.54587;-1.5476;-1.5479;-1.54842;-1.54928;-1.55024;-1.54978;-1.54996;-1.55028;-1.55027;-1.55033;-1.55017;-1.54991;-1.54938;-1.54851;-1.54722;-1.54529;-1.54253;-1.5386;-1.53308
1;2664846705418;50;absz;9.15184e+06;7.80887e+06;6.66202e+06;5.69537e+06;4.86532e+06;4.1601e+06;3.54853e+06;3.03059e+06;2.58827e+06;2.21084e+06;1.88757e+06;1.61182e+06;1.37658e+06;1.1755e+06;1.00386e+06;857259;732019;625162;533792;455819;389230;332366;283784;242321;206913;176675;150851;128800;109971;93893.5;80163;68440.6;58430;49882.7;42585.2;36352.3;31031.3;26487.1;22606.7;19292.8;16462.7;14045.3;11979.9;10215.2;8706.87;7417.02;6313.42;5368.39;4558.26;3862.65
1;2664846705418;50;frequency;199.9999999213742;234.625769479635;275.2462588517801;322.8993264769997;378.802514688914;444.3841576318164;521.3198749487447;611.5753842550475;717.456725922716;841.6691823498468;987.3863981368913;1158.33146786315;1358.872060208682;1594.132014446359;1870.122253535556;2193.894364737048;2573.720768452858;3019.306079821149;3542.035062906734;4155.263512473084;4874.659497176026;5718.603679767398;6708.658946337209;7870.121340545211;9232.666380967203;10831.10727442716;12706.28439819177;14906.10877695531;17486.78621595445;20514.25336674129;24065.86241733066;28232.35745111674;33120.19296963342;38854.25382030405;45581.04601983359;53472.44000269313;62730.06193403319;73590.44528463698;86331.07429211862;101277.4737211686;118811.5260634959;139381.228686517;163512.140226203;191820.8086789974;225030.524286467;263989.7996954232;309694.0495706946;363311.0235703185;426210.642505751;499999.9999999716
1;2664846705418;50;phasez;-1.55405;-1.55078;-1.55212;-1.55181;-1.55159;-1.55173;-1.55199;-1.55172;-1.55242;-1.55217;-1.55236;-1.55269;-1.55259;-1.55257;-1.55274;-1.55272;-1.55268;-1.55268;-1.55261;-1.5526;-1.55253;-1.55244;-1.55225;-1.5521;-1.55186;-1.55155;-1.55119;-1.55073;-1.55018;-1.54948;-1.54868;-1.54769;-1.54652;-1.54512;-1.54346;-1.54149;-1.53915;-1.53638;-1.5331;-1.52922;-1.52463;-1.5192;-1.51279;-1.50521;-1.49624;-1.48563;-1.47305;-1.4581;-1.44026;-1.41885
2;2665616279747;50;absz;96751.1;86533.4;77363.4;69192.1;61885.4;55335.8;49486.9;44253.8;39571.4;35389.5;31642;28292.8;25299.5;22622;20228.9;18088.2;16173.5;14461.8;12931;11562.1;10338.7;9243.96;8265.63;7390.63;6608.14;5908.32;5282.82;4723.42;4222.92;3775.48;3375.3;3017.44;2697.32;2411.09;2155.03;1925.99;1721.12;1537.82;1373.84;1227.16;1095.92;978.503;873.479;779.561;695.729;620.91;554.28;495.192;443.069;397.545
2;2665616279747;50;frequency;20000.00000002444;22385.53853899816;25055.61678390222;28044.17375656954;31389.19662092121;35133.2035329932;39323.78408414649;44014.2042055669;49264.08322518227;55140.1516811012;61717.09952482729;69078.52549602467;77317.99973512921;86540.25314108083;96862.50859274992;108415.9709538568;121347.4948009008;135821.4510731415;152021.8163702936;170154.5114554648;190450.0186878266;213166.3116533389;238592.1342356312;267050.6708003728;298903.6541519141;334555.9634717432;374460.7706856584;419125.3006744233;469117.2785435782;525072.1459047724;587701.13789258;657800.3235824071;736260.7247225839;824079.6413975459;922373.3285811875;1032391.184709951;1155531.632626961;1293359.894754076;1447627.888434013;1620296.494325686;1813560.480908265;2029876.401899315;2271993.821195295;2542990.262224833;2846310.325953354;3185809.474764127;3565803.038745301;3991121.067296888;4467169.723268114;4999999.999999929
2;2665616279747;50;phasez;-1.55325;-1.55275;-1.55248;-1.55236;-1.55181;-1.55137;-1.55085;-1.55023;-1.54932;-1.54846;-1.54756;-1.54631;-1.545;-1.54349;-1.54173;-1.53978;-1.53753;-1.53504;-1.53224;-1.52908;-1.52551;-1.52155;-1.51706;-1.51205;-1.50644;-1.50018;-1.49314;-1.48524;-1.47639;-1.4665;-1.4554;-1.44297;-1.42903;-1.4134;-1.39587;-1.37619;-1.35409;-1.32926;-1.30134;-1.26991;-1.2345;-1.19456;-1.14943;-1.09832;-1.04033;-0.97447;-0.899396;-0.813665;-0.715561;-0.603147
3;2665935618301;20;absz;19689.4;16052.4;13087.3;10666;8694.81;7087.87;5776.67;4708.76;3837.26;3127.14;2547.69;2075.03;1689.51;1374.99;1118.2;908.628;737.672;598.567;486.096;396.573
3;2665935618301;20;frequency;99999.99999990905;122862.535599424;150952.0265389597;185463.4873444638;227865.1431623047;279960.8926363817;343967.05137965;422606.6409511731;519225.2346839865;637933.2888043621;783781.0140572543;962973.2274171232;1183133.324347452;1453627.601814205;1785963.729760951;2194280.323268956;2695948.443325946;3312310.615921419;4069588.809647371;4999999.999999929
3;2665935618301;20;phasez;-1.54083;-1.53744;-1.53329;-1.52799;-1.52141;-1.51332;-1.50319;-1.49079;-1.47547;-1.45651;-1.43314;-1.40425;-1.36852;-1.32424;-1.26922;-1.20057;-1.1144;-1.00557;-0.866863;-0.688789
