0;5001702656830;20;absz;1.47398e+08;1.07204e+08;7.80184e+07;5.67425e+07;4.12405e+07;2.99681e+07;2.17949e+07;1.58406e+07;1.15095e+07;8.36258e+06;6.07481e+06;4.41243e+06;3.20432e+06;2.32666e+06;1.68897e+06;1.22577e+06;889474;645338;468137;339548
0;5001702656830;20;frequency;9.999999974752427;13.86918846435492;19.23543905490988;26.67799336109056;37.00021196095804;51.31629158938722;71.17153245417285;98.70914048804025;136.9015682683994;189.8713664161278;263.3361782500288;365.2259113806622;506.5387032487934;702.5280792305466;974.3494403835484;1351.343611730726;1874.203936580443;2599.368780806799;3605.113577052066;4999.99999995282
0;5001702656830;20;phasez;-1.52544;-1.52699;-1.52808;-1.52911;-1.53007;-1.5307;-1.53168;-1.5325;-1.53313;-1.53365;-1.53416;-1.53455;-1.5348;-1.53485;-1.53457;-1.5338;-1.5324;-1.53009;-1.52656;-1.52138
1;5002472026489;50;absz;7.86696e+06;6.73974e+06;5.7584e+06;4.93181e+06;4.22186e+06;3.61249e+06;3.08761e+06;2.64179e+06;2.25893e+06;1.93263e+06;1.65274e+06;1.41301e+06;1.20828e+06;1.03317e+06;883495;755420;645839;552186;472119;403613;345044;294965;252152;215543;184250;157493;134620;115068;98352.8;84062.9;71848.5;61407.5;52483.4;44854.8;38334.9;32761.7;27997.2;23924.3;20442.9;17466.6;14921.9;12745.4;10884;9291.52;7928.68;6761.77;5761.99;4904.66;4168.7;3536.04
1;5002472026489;50;frequency;199.9999999213742;234.625769479635;275.2462588517801;322.8993264769997;378.802514688914;444.3841576318164;521.3198749487447;611.5753842550475;717.456725922716;841.6691823498468;987.3863981368913;1158.33146786315;1358.872060208682;1594.132014446359;1870.122253535556;2193.894364737048;2573.720768452858;3019.306079821149;3542.035062906734;4155.263512473084;4874.659497176026;5718.603679767398;6708.658946337209;7870.121340545211;9232.666380967203;10831.10727442716;12706.28439819177;14906.10877695531;17486.78621595445;20514.25336674129;24065.86241733066;28232.35745111674;33120.19296963342;38854.25382030405;45581.04601983359;53472.44000269313;62730.06193403319;73590.44528463698;86331.07429211862;101277.4737211686;118811.5260634959;139381.228686517;163512.140226203;191820.8086789974;225030.524286467;263989.7996954232;309694.0495706946;363311.0235703185;426210.642505751;499999.9999999716
1;5002472026489;50;phasez;-1.53671;-1.53518;-1.53534;-1.53706;-1.53642;-1.53702;-1.53714;-1.53804;-1.53801;-1.53826;-1.53868;-1.53883;-1.53915;-1.53959;-1.53976;-1.53994;-1.54023;-1.54041;-1.54056;-1.5407;-1.5408;-1.54082;-1.54083;-1.54077;-1.54064;-1.54045;-1.54014;-1.53974;-1.53923;-1.5386;-1.5378;-1.53685;-1.53568;-1.53429;-1.53263;-1.53066;-1.52833;-1.52558;-1.52233;-1.5185;-1.51399;-1.50866;-1.50238;-1.49497;-1.48622;-1.47586;-1.46357;-1.44896;-1.43149;-1.4105
2;5003240241410;50;absz;86646.5;77534.3;69384.9;62101.4;55575.9;49735.6;44513.9;39845.8;35651.3;31904.3;28551.9;25548.4;22863.1;20460.3;18308.6;16385.8;14664.7;13122.9;11743.3;10509.1;9404.79;8415.53;7530.86;6738.9;6030.03;5395.81;4827.98;4319.74;3864.78;3457.53;3093.07;2766.77;2474.72;2213.25;1979.22;1769.69;1582.09;1414.12;1263.75;1129.08;1008.53;900.569;803.928;717.412;640.13;571.079;509.524;454.86;406.555;364.269
2;5003240241410;50;frequency;20000.00000002444;22385.53853899816;25055.61678390222;28044.17375656954;31389.19662092121;35133.2035329932;39323.78408414649;44014.2042055669;49264.08322518227;55140.1516811012;61717.09952482729;69078.52549602467;77317.99973512921;86540.25314108083;96862.50859274992;108415.9709538568;121347.4948009008;135821.4510731415;152021.8163702936;170154.5114554648;190450.0186878266;213166.3116533389;238592.1342356312;267050.6708003728;298903.6541519141;334555.9634717432;374460.7706856584;419125.3006744233;469117.2785435782;525072.1459047724;587701.13789258;657800.3235824071;736260.7247225839;824079.6413975459;922373.3285811875;1032391.184709951;1155531.632626961;1293359.894754076;1447627.888434013;1620296.494325686;1813560.480908265;2029876.401899315;2271993.821195295;2542990.262224833;2846310.325953354;3185809.474764127;3565803.038745301;3991121.067296888;4467169.723268114;4999999.999999929
2;5003240241410;50;phasez;-1.54229;-1.54173;-1.54176;-1.54121;-1.54116;-1.54078;-1.53993;-1.53939;-1.53874;-1.5377;-1.53679;-1.5356;-1.5343;-1.53271;-1.53106;-1.52909;-1.52694;-1.52445;-1.52177;-1.51873;-1.51529;-1.51144;-1.50713;-1.50229;-1.49689;-1.49083;-1.48402;-1.47639;-1.46785;-1.45824;-1.44746;-1.43535;-1.42175;-1.40649;-1.38933;-1.37004;-1.34834;-1.32392;-1.29643;-1.26543;-1.23046;-1.19095;-1.14628;-1.09564;-1.0381;-0.972681;-0.898043;-0.812741;-0.715049;-0.602993
3;5003558290114;20;absz;17827.1;14557.2;11883.4;9700.6;7919.77;6464.54;5276.82;4306.5;3514.06;2867.05;2338.28;1906.14;1553.34;1264.86;1029.06;836.281;678.798;550.455;446.434;363.388
3;5003558290114;20;frequency;99999.99999990905;122862.535599424;150952.0265389597;185463.4873444638;227865.1431623047;279960.8926363817;343967.05137965;422606.6409511731;519225.2346839865;637933.2888043621;783781.0140572543;962973.2274171232;1183133.324347452;1453627.601814205;1785963.729760951;2194280.323268956;2695948.443325946;3312310.615921419;4069588.809647371;4999999.999999929
3;5003558290114;20;phasez;-1.53011;-1.52687;-1.52275;-1.51773;-1.51143;-1.50362;-1.49396;-1.482;-1.46718;-1.44881;-1.42604;-1.39786;-1.36286;-1.31935;-1.26511;-1.19731;-1.11197;-1.00396;-0.866048;-0.688684
