0;5866591084668;20;absz;1.42348e+08;1.03579e+08;7.54183e+07;5.48863e+07;3.99226e+07;2.90293e+07;2.11194e+07;1.53514e+07;1.11597e+07;8.11072e+06;5.8943e+06;4.28277e+06;3.11147e+06;2.26025e+06;1.64163e+06;1.19213e+06;865580;628379;456097;330991
0;5866591084668;20;frequency;9.999999974752427;13.86918846435492;19.23543905490988;26.67799336109056;37.00021196095804;51.31629158938722;71.17153245417285;98.70914048804025;136.9015682683994;189.8713664161278;263.3361782500288;365.2259113806622;506.5387032487934;702.5280792305466;974.3494403835484;1351.343611730726;1874.203936580443;2599.368780806799;3605.113577052066;4999.99999995282
0;5866591084668;20;phasez;-1.5196;-1.52215;-1.52397;-1.52569;-1.527;-1.52867;-1.52928;-1.53017;-1.53097;-1.53159;-1.53204;-1.53239;-1.53254;-1.53246;-1.53207;-1.53126;-1.52977;-1.52746;-1.52398;-1.51885
1;5867363264471;50;absz;7.65503e+06;6.53938e+06;5.60599e+06;4.78841e+06;4.09714e+06;3.50826e+06;2.99842e+06;2.56596e+06;2.19469e+06;1.87827e+06;1.60632e+06;1.37387e+06;1.17525e+06;1.00527e+06;859713;735233;628860;537824;459937;393317;336324;287602;245915;210269;179787;153720;131427;112360;96060.8;82123.4;70209.2;60019.4;51309.1;43861.6;37493.9;32048.8;27393.8;23413.2;20009.6;17099;14610.1;12481;10659.8;9101.36;7767.38;6625.28;5646.52;4807.19;4086.63;3467.01
1;5867363264471;50;frequency;199.9999999213742;234.625769479635;275.2462588517801;322.8993264769997;378.802514688914;444.3841576318164;521.3198749487447;611.5753842550475;717.456725922716;841.6691823498468;987.3863981368913;1158.33146786315;1358.872060208682;1594.132014446359;1870.122253535556;2193.894364737048;2573.720768452858;3019.306079821149;3542.035062906734;4155.263512473084;4874.659497176026;5718.603679767398;6708.658946337209;7870.121340545211;9232.666380967203;10831.10727442716;12706.28439819177;14906.10877695531;17486.78621595445;20514.25336674129;24065.86241733066;28232.35745111674;33120.19296963342;38854.25382030405;45581.04601983359;53472.44000269313;62730.06193403319;73590.44528463698;86331.07429211862;101277.4737211686;118811.5260634959;139381.228686517;163512.140226203;191820.8086789974;225030.524286467;263989.7996954232;309694.0495706946;363311.0235703185;426210.642505751;499999.9999999716
1;5867363264471;50;phasez;-1.53103;-1.5324;-1.53434;-1.53262;-1.53438;-1.53439;-1.53488;-1.53523;-1.53531;-1.53567;-1.53624;-1.53616;-1.53671;-1.53687;-1.53706;-1.53734;-1.53754;-1.53782;-1.53799;-1.53815;-1.53824;-1.53832;-1.53835;-1.53832;-1.53824;-1.53806;-1.53779;-1.53743;-1.53696;-1.53635;-1.5356;-1.53465;-1.53353;-1.53218;-1.53056;-1.52866;-1.52638;-1.52368;-1.52048;-1.51669;-1.5122;-1.5069;-1.50063;-1.49321;-1.48444;-1.47404;-1.46171;-1.44705;-1.42952;-1.40847
2;5868132411356;50;absz;84608.9;75755.7;67800.6;60688.5;54326.5;48627;43521.6;38956.1;34866.4;31208.4;27931.1;24998.8;22374.9;20026.9;17923.1;16041.8;14357.6;12849.9;11500.8;10292.7;9211.5;8244.24;7377.84;6602.79;5909.05;5288.07;4732.19;4234.43;3788.98;3390.26;3033.33;2713.74;2427.6;2171.47;1942.14;1736.78;1552.88;1388.24;1240.77;1108.71;990.417;884.488;789.653;704.758;628.866;561.049;500.584;446.872;399.393;357.816
2;5868132411356;50;frequency;20000.00000002444;22385.53853899816;25055.61678390222;28044.17375656954;31389.19662092121;35133.2035329932;39323.78408414649;44014.2042055669;49264.08322518227;55140.1516811012;61717.09952482729;69078.52549602467;77317.99973512921;86540.25314108083;96862.50859274992;108415.9709538568;121347.4948009008;135821.4510731415;152021.8163702936;170154.5114554648;190450.0186878266;213166.3116533389;238592.1342356312;267050.6708003728;298903.6541519141;334555.9634717432;374460.7706856584;419125.3006744233;469117.2785435782;525072.1459047724;587701.13789258;657800.3235824071;736260.7247225839;824079.6413975459;922373.3285811875;1032391.184709951;1155531.632626961;1293359.894754076;1447627.888434013;1620296.494325686;1813560.480908265;2029876.401899315;2271993.821195295;2542990.262224833;2846310.325953354;3185809.474764127;3565803.038745301;3991121.067296888;4467169.723268114;4999999.999999929
2;5868132411356;50;phasez;-1.53995;-1.53992;-1.53933;-1.53922;-1.53909;-1.53851;-1.53787;-1.53728;-1.5366;-1.53575;-1.53477;-1.53364;-1.53232;-1.53092;-1.52914;-1.52728;-1.52512;-1.52271;-1.52002;-1.51695;-1.5135;-1.50967;-1.50534;-1.50049;-1.49506;-1.48895;-1.48212;-1.47447;-1.46586;-1.45622;-1.44541;-1.43327;-1.41964;-1.40434;-1.38715;-1.36782;-1.34609;-1.32163;-1.2941;-1.26307;-1.22807;-1.18852;-1.14379;-1.09308;-1.03548;-0.969982;-0.895246;-0.809815;-0.711974;-0.599731
3;5868448779607;20;absz;17449.2;14252;11635.9;9500.62;7758.35;6333.8;5171.15;4221.3;3445.58;2811.93;2293.84;1870.45;1524.65;1241.8;1010.55;821.412;666.832;540.782;438.59;356.94
3;5868448779607;20;frequency;99999.99999990905;122862.535599424;150952.0265389597;185463.4873444638;227865.1431623047;279960.8926363817;343967.05137965;422606.6409511731;519225.2346839865;637933.2888043621;783781.0140572543;962973.2274171232;1183133.324347452;1453627.601814205;1785963.729760951;2194280.323268956;2695948.443325946;3312310.615921419;4069588.809647371;4999999.999999929
3;5868448779607;20;phasez;-1.52829;-1.52509;-1.52102;-1.51592;-1.5096;-1.50177;-1.49207;-1.48003;-1.46516;-1.44673;-1.42393;-1.39566;-1.36059;-1.31702;-1.26272;-1.19482;-1.10937;-1.00122;-0.863085;-0.685376
