0;6946128123731;20;absz;1.38969e+08;1.0122e+08;7.37448e+07;5.37082e+07;3.90849e+07;2.84447e+07;2.06859e+07;1.5041e+07;1.09373e+07;7.9511e+06;5.77959e+06;4.20039e+06;3.05223e+06;2.21763e+06;1.61107e+06;1.1702e+06;849868;617109;448018;325196
0;6946128123731;20;frequency;9.999999974752427;13.86918846435492;19.23543905490988;26.67799336109056;37.00021196095804;51.31629158938722;71.17153245417285;98.70914048804025;136.9015682683994;189.8713664161278;263.3361782500288;365.2259113806622;506.5387032487934;702.5280792305466;974.3494403835484;1351.343611730726;1874.203936580443;2599.368780806799;3605.113577052066;4999.99999995282
0;6946128123731;20;phasez;-1.51552;-1.51819;-1.52037;-1.52253;-1.52457;-1.52561;-1.52735;-1.52862;-1.52944;-1.53019;-1.53077;-1.53116;-1.53135;-1.53131;-1.53091;-1.53007;-1.52864;-1.52635;-1.52289;-1.51777
1;6946901071332;50;absz;7.49775e+06;6.41781e+06;5.47887e+06;4.69259e+06;4.01923e+06;3.43739e+06;2.93952e+06;2.51765e+06;2.15354e+06;1.84258e+06;1.57642e+06;1.34859e+06;1.15368e+06;986942;844182;722043;617631;528244;451788;386389;330448;282591;241666;206649;176713;151104;129205;110477;94462;80767.4;69058.6;59045.5;50483.6;43162.6;36902.6;31548.8;26970.1;23055.1;19706.7;16842.4;14392.6;12296.8;10503.5;8969.03;7655.29;6530.21;5566.19;4739.32;4029.24;3418.72
1;6946901071332;50;frequency;199.9999999213742;234.625769479635;275.2462588517801;322.8993264769997;378.802514688914;444.3841576318164;521.3198749487447;611.5753842550475;717.456725922716;841.6691823498468;987.3863981368913;1158.33146786315;1358.872060208682;1594.132014446359;1870.122253535556;2193.894364737048;2573.720768452858;3019.306079821149;3542.035062906734;4155.263512473084;4874.659497176026;5718.603679767398;6708.658946337209;7870.121340545211;9232.666380967203;10831.10727442716;12706.28439819177;14906.10877695531;17486.78621595445;20514.25336674129;24065.86241733066;28232.35745111674;33120.19296963342;38854.25382030405;45581.04601983359;53472.44000269313;62730.06193403319;73590.44528463698;86331.07429211862;101277.4737211686;118811.5260634959;139381.228686517;163512.140226203;191820.8086789974;225030.524286467;263989.7996954232;309694.0495706946;363311.0235703185;426210.642505751;499999.9999999716
1;6946901071332;50;phasez;-1.53232;-1.53157;-1.53199;-1.53335;-1.53344;-1.53288;-1.53408;-1.53423;-1.53457;-1.5348;-1.53475;-1.53522;-1.53543;-1.53588;-1.53595;-1.53624;-1.53648;-1.53666;-1.53689;-1.53702;-1.53719;-1.53724;-1.53723;-1.53718;-1.53708;-1.53688;-1.53661;-1.53619;-1.53569;-1.53505;-1.53425;-1.53331;-1.53217;-1.53079;-1.52917;-1.52726;-1.525;-1.52231;-1.51913;-1.51537;-1.51091;-1.50563;-1.49939;-1.492;-1.48323;-1.47285;-1.46052;-1.44584;-1.4283;-1.40721
2;6947672148488;50;absz;83173.2;74476.1;66665.3;59690;53431;47831.6;42816.9;38328.3;34313.4;30715.1;27493.2;24609.7;22028;19717.3;17650.2;15798.7;14140.7;12656.7;11329.2;10140.3;9075.95;8123.13;7270.25;6507.05;5823.54;5212.02;4664.47;4174.33;3735.37;3342.51;2990.9;2675.98;2394.05;2141.62;1915.62;1713.19;1531.93;1369.59;1224.23;1094.01;977.382;872.922;779.386;695.64;620.732;553.832;494.145;441.124;394.24;353.179
2;6947672148488;50;frequency;20000.00000002444;22385.53853899816;25055.61678390222;28044.17375656954;31389.19662092121;35133.2035329932;39323.78408414649;44014.2042055669;49264.08322518227;55140.1516811012;61717.09952482729;69078.52549602467;77317.99973512921;86540.25314108083;96862.50859274992;108415.9709538568;121347.4948009008;135821.4510731415;152021.8163702936;170154.5114554648;190450.0186878266;213166.3116533389;238592.1342356312;267050.6708003728;298903.6541519141;334555.9634717432;374460.7706856584;419125.3006744233;469117.2785435782;525072.1459047724;587701.13789258;657800.3235824071;736260.7247225839;824079.6413975459;922373.3285811875;1032391.184709951;1155531.632626961;1293359.894754076;1447627.888434013;1620296.494325686;1813560.480908265;2029876.401899315;2271993.821195295;2542990.262224833;2846310.325953354;3185809.474764127;3565803.038745301;3991121.067296888;4467169.723268114;4999999.999999929
2;6947672148488;50;phasez;-1.53864;-1.5384;-1.53812;-1.53812;-1.53768;-1.53708;-1.53637;-1.53596;-1.53519;-1.53432;-1.53341;-1.53226;-1.53096;-1.52948;-1.5279;-1.52601;-1.52388;-1.52144;-1.51876;-1.51573;-1.51231;-1.50845;-1.50413;-1.49929;-1.49387;-1.48778;-1.48091;-1.47324;-1.46464;-1.45497;-1.44413;-1.43197;-1.41832;-1.40299;-1.38578;-1.36642;-1.34467;-1.3202;-1.29264;-1.26159;-1.22655;-1.18698;-1.14222;-1.09149;-1.03384;-0.968299;-0.893514;-0.808021;-0.710102;-0.59777
3;6947988635354;20;absz;17178.6;14033.1;11459.6;9358.52;7643.34;6240.98;5096.16;4160.51;3396.55;2772.23;2261.9;1844.69;1503.93;1225.09;997.106;810.596;658.118;533.753;432.87;352.251
3;6947988635354;20;frequency;99999.99999990905;122862.535599424;150952.0265389597;185463.4873444638;227865.1431623047;279960.8926363817;343967.05137965;422606.6409511731;519225.2346839865;637933.2888043621;783781.0140572543;962973.2274171232;1183133.324347452;1453627.601814205;1785963.729760951;2194280.323268956;2695948.443325946;3312310.615921419;4069588.809647371;4999999.999999929
3;6947988635354;20;phasez;-1.52698;-1.52377;-1.51984;-1.51472;-1.50843;-1.50061;-1.49086;-1.47882;-1.46391;-1.44546;-1.42259;-1.39429;-1.35919;-1.31557;-1.26123;-1.19327;-1.10778;-0.999537;-0.861308;-0.683485
