0;8039958823520;20;absz;1.37123e+08;9.99939e+07;7.2882e+07;5.30646e+07;3.86367e+07;2.81131e+07;2.04659e+07;1.48857e+07;1.08254e+07;7.87146e+06;5.72236e+06;4.15933e+06;3.02288e+06;2.1966e+06;1.59597e+06;1.15947e+06;842169;611619;444105;322422
0;8039958823520;20;frequency;9.999999974752427;13.86918846435492;19.23543905490988;26.67799336109056;37.00021196095804;51.31629158938722;71.17153245417285;98.70914048804025;136.9015682683994;189.8713664161278;263.3361782500288;365.2259113806622;506.5387032487934;702.5280792305466;974.3494403835484;1351.343611730726;1874.203936580443;2599.368780806799;3605.113577052066;4999.99999995282
0;8039958823520;20;phasez;-1.51164;-1.51526;-1.51787;-1.52015;-1.52259;-1.52462;-1.52593;-1.52731;-1.52839;-1.5292;-1.52989;-1.53033;-1.53059;-1.53054;-1.53016;-1.52933;-1.52787;-1.52557;-1.52208;-1.51696
1;8040730033606;50;absz;7.42254e+06;6.34425e+06;5.43075e+06;4.65206e+06;3.97796e+06;3.40537e+06;2.91296e+06;2.49274e+06;2.13236e+06;1.82499e+06;1.56151e+06;1.33585e+06;1.14306e+06;977766;836439;715563;612084;523588;447827;383059;327618;280202;239639;204936;175258;149876;128165;109596;93715.9;80134.7;68522.6;58591.4;50098.2;42835.9;36625.5;31314.2;26771.7;22886.9;19564.2;16722;14290.7;12210.6;10430.6;8907.16;7603.06;6486.11;5528.69;4707.61;4002.57;3396.23
1;8040730033606;50;frequency;199.9999999213742;234.625769479635;275.2462588517801;322.8993264769997;378.802514688914;444.3841576318164;521.3198749487447;611.5753842550475;717.456725922716;841.6691823498468;987.3863981368913;1158.33146786315;1358.872060208682;1594.132014446359;1870.122253535556;2193.894364737048;2573.720768452858;3019.306079821149;3542.035062906734;4155.263512473084;4874.659497176026;5718.603679767398;6708.658946337209;7870.121340545211;9232.666380967203;10831.10727442716;12706.28439819177;14906.10877695531;17486.78621595445;20514.25336674129;24065.86241733066;28232.35745111674;33120.19296963342;38854.25382030405;45581.04601983359;53472.44000269313;62730.06193403319;73590.44528463698;86331.07429211862;101277.4737211686;118811.5260634959;139381.228686517;163512.140226203;191820.8086789974;225030.524286467;263989.7996954232;309694.0495706946;363311.0235703185;426210.642505751;499999.9999999716
1;8040730033606;50;phasez;-1.52894;-1.52814;-1.53087;-1.53165;-1.53137;-1.53269;-1.53256;-1.53315;-1.53369;-1.53375;-1.53415;-1.53435;-1.53463;-1.53494;-1.53525;-1.53549;-1.53566;-1.53583;-1.53608;-1.53624;-1.53632;-1.53642;-1.53645;-1.53641;-1.5363;-1.53609;-1.53581;-1.53544;-1.53495;-1.53431;-1.53354;-1.5326;-1.53147;-1.53011;-1.52849;-1.52659;-1.52432;-1.52163;-1.51845;-1.51469;-1.51024;-1.50497;-1.49873;-1.49134;-1.48259;-1.4722;-1.45987;-1.44518;-1.42763;-1.40654
2;8041498665214;50;absz;82516;73902.6;66146.3;59223.2;53021.4;47460.1;42498.1;38043.8;34058.6;30482.9;27285.8;24428.5;21868.2;19574.6;17521.8;15684.8;14039.5;12567.6;11249.3;10069.5;9012.71;8067.17;7220.41;6462.57;5784.17;5176.87;4633.14;4146.43;3710.62;3320.51;2971.22;2658.48;2378.53;2127.85;1903.39;1702.37;1522.35;1361.12;1216.68;1087.31;971.436;867.659;774.71;691.483;617.078;550.566;491.237;438.524;391.919;351.085
2;8041498665214;50;frequency;20000.00000002444;22385.53853899816;25055.61678390222;28044.17375656954;31389.19662092121;35133.2035329932;39323.78408414649;44014.2042055669;49264.08322518227;55140.1516811012;61717.09952482729;69078.52549602467;77317.99973512921;86540.25314108083;96862.50859274992;108415.9709538568;121347.4948009008;135821.4510731415;152021.8163702936;170154.5114554648;190450.0186878266;213166.3116533389;238592.1342356312;267050.6708003728;298903.6541519141;334555.9634717432;374460.7706856584;419125.3006744233;469117.2785435782;525072.1459047724;587701.13789258;657800.3235824071;736260.7247225839;824079.6413975459;922373.3285811875;1032391.184709951;1155531.632626961;1293359.894754076;1447627.888434013;1620296.494325686;1813560.480908265;2029876.401899315;2271993.821195295;2542990.262224833;2846310.325953354;3185809.474764127;3565803.038745301;3991121.067296888;4467169.723268114;4999999.999999929
2;8041498665214;50;phasez;-1.53798;-1.53785;-1.53743;-1.53722;-1.53666;-1.53647;-1.53597;-1.53521;-1.5346;-1.53369;-1.5327;-1.53156;-1.53027;-1.52873;-1.5272;-1.52536;-1.52322;-1.52078;-1.51808;-1.51504;-1.51163;-1.50778;-1.50347;-1.49865;-1.49322;-1.4871;-1.48026;-1.47258;-1.46395;-1.45428;-1.44343;-1.43125;-1.41759;-1.40223;-1.38501;-1.36564;-1.34385;-1.31935;-1.29178;-1.26069;-1.22563;-1.18603;-1.14124;-1.09048;-1.0328;-0.967217;-0.892381;-0.806842;-0.708852;-0.596441
3;8041814686754;20;absz;17051.7;13932.5;11378.6;9293.12;7590.68;6198.16;5061.73;4132.84;3374.16;2754.13;2247.3;1832.99;1494.48;1217.54;991.049;805.741;654.223;530.618;430.342;350.179
3;8041814686754;20;frequency;99999.99999990905;122862.535599424;150952.0265389597;185463.4873444638;227865.1431623047;279960.8926363817;343967.05137965;422606.6409511731;519225.2346839865;637933.2888043621;783781.0140572543;962973.2274171232;1183133.324347452;1453627.601814205;1785963.729760951;2194280.323268956;2695948.443325946;3312310.615921419;4069588.809647371;4999999.999999929
3;8041814686754;20;phasez;-1.52637;-1.52309;-1.51913;-1.51403;-1.50777;-1.49997;-1.49024;-1.47816;-1.46323;-1.44471;-1.42185;-1.3935;-1.35834;-1.31468;-1.2603;-1.19228;-1.10671;-0.998403;-0.860073;-0.682076
