0;117141218190;20;absz;3.15377e+08;2.27955e+08;1.64519e+08;1.18709e+08;8.568e+07;6.17819e+07;4.46347e+07;3.22112e+07;2.3248e+07;1.67805e+07;1.21109e+07;8.74111e+06;6.3092e+06;4.55369e+06;3.28668e+06;2.37202e+06;1.71206e+06;1.23567e+06;891779;643610
0;117141218190;20;frequency;9.999999974752427;13.86918846435492;19.23543905490988;26.67799336109056;37.00021196095804;51.31629158938722;71.17153245417285;98.70914048804025;136.9015682683994;189.8713664161278;263.3361782500288;365.2259113806622;506.5387032487934;702.5280792305466;974.3494403835484;1351.343611730726;1874.203936580443;2599.368780806799;3605.113577052066;4999.99999995282
0;117141218190;20;phasez;-1.56671;-1.56734;-1.56564;-1.56618;-1.56611;-1.56493;-1.56604;-1.56545;-1.56533;-1.56508;-1.56482;-1.56438;-1.56385;-1.56304;-1.56194;-1.56036;-1.55826;-1.55527;-1.5511;-1.54528
1;117911577342;50;absz;1.57228e+07;1.3464e+07;1.14756e+07;9.80768e+06;8.35476e+06;7.13474e+06;6.06976e+06;5.18543e+06;4.41901e+06;3.77105e+06;3.21401e+06;2.74192e+06;2.33801e+06;1.99391e+06;1.70061e+06;1.45014e+06;1.23673e+06;1.05473e+06;899512;767133;654179;557891;475774;405770;346042;295117;251686;214650;183071;156133;133168;113581;96874.2;82625.2;70471.9;60106.8;51264.1;43720.2;37284.1;31793.9;27108.7;23110.5;19697.9;16784.5;14296.2;12170;10352.2;8796.58;7464.03;6320.66
1;117911577342;50;frequency;199.9999999213742;234.625769479635;275.2462588517801;322.8993264769997;378.802514688914;444.3841576318164;521.3198749487447;611.5753842550475;717.456725922716;841.6691823498468;987.3863981368913;1158.33146786315;1358.872060208682;1594.132014446359;1870.122253535556;2193.894364737048;2573.720768452858;3019.306079821149;3542.035062906734;4155.263512473084;4874.659497176026;5718.603679767398;6708.658946337209;7870.121340545211;9232.666380967203;10831.10727442716;12706.28439819177;14906.10877695531;17486.78621595445;20514.25336674129;24065.86241733066;28232.35745111674;33120.19296963342;38854.25382030405;45581.04601983359;53472.44000269313;62730.06193403319;73590.44528463698;86331.07429211862;101277.4737211686;118811.5260634959;139381.228686517;163512.140226203;191820.8086789974;225030.524286467;263989.7996954232;309694.0495706946;363311.0235703185;426210.642505751;499999.9999999716
1;117911577342;50;phasez;-1.56595;-1.56542;-1.56441;-1.56869;-1.56538;-1.56737;-1.56489;-1.56549;-1.56501;-1.56622;-1.56626;-1.56593;-1.56572;-1.56573;-1.56555;-1.56557;-1.56537;-1.5653;-1.5651;-1.56498;-1.5647;-1.56444;-1.56413;-1.56377;-1.56331;-1.5628;-1.56221;-1.56154;-1.56074;-1.55981;-1.55874;-1.55754;-1.55612;-1.55448;-1.5526;-1.5504;-1.54785;-1.54488;-1.54142;-1.53737;-1.53262;-1.52707;-1.52054;-1.51287;-1.50384;-1.49318;-1.48057;-1.46561;-1.44779;-1.42641
2;118679707938;50;absz;161023;143884;128550;114927;102675;91761.9;81989.1;73275.2;65477.2;58516.4;52288.3;46727.4;41766.3;37318.8;33347.1;29799.2;26634.3;23800.2;21269.5;19011.2;16990.5;15183.8;13569.9;12127.8;10838.8;9686.69;8656.89;7736.56;6913.59;6178.51;5521.46;4934.12;4408.95;3939.61;3520;3145;2809.81;2510.15;2242.29;2002.93;1789.08;1597.94;1427.28;1274.86;1139.21;1018.4;911.179;816.516;733.475;661.572
2;118679707938;50;frequency;20000.00000002444;22385.53853899816;25055.61678390222;28044.17375656954;31389.19662092121;35133.2035329932;39323.78408414649;44014.2042055669;49264.08322518227;55140.1516811012;61717.09952482729;69078.52549602467;77317.99973512921;86540.25314108083;96862.50859274992;108415.9709538568;121347.4948009008;135821.4510731415;152021.8163702936;170154.5114554648;190450.0186878266;213166.3116533389;238592.1342356312;267050.6708003728;298903.6541519141;334555.9634717432;374460.7706856584;419125.3006744233;469117.2785435782;525072.1459047724;587701.13789258;657800.3235824071;736260.7247225839;824079.6413975459;922373.3285811875;1032391.184709951;1155531.632626961;1293359.894754076;1447627.888434013;1620296.494325686;1813560.480908265;2029876.401899315;2271993.821195295;2542990.262224833;2846310.325953354;3185809.474764127;3565803.038745301;3991121.067296888;4467169.723268114;4999999.999999929
2;118679707938;50;phasez;-1.56361;-1.56327;-1.56241;-1.56199;-1.56118;-1.56091;-1.56011;-1.55916;-1.55843;-1.55745;-1.55626;-1.55487;-1.55347;-1.55182;-1.54984;-1.5479;-1.54554;-1.54299;-1.54009;-1.53683;-1.53314;-1.52916;-1.52465;-1.51963;-1.51397;-1.5077;-1.50069;-1.4928;-1.48397;-1.47413;-1.46309;-1.45073;-1.43686;-1.42133;-1.40391;-1.38434;-1.36237;-1.33771;-1.30996;-1.27872;-1.24354;-1.20384;-1.15903;-1.10829;-1.05066;-0.985281;-0.910805;-0.825831;-0.728676;-0.61748
3;118996994676;20;absz;32460.5;26442.1;21537.4;17541.1;14287.1;11633.5;9472.53;7714.95;6281.05;5114.4;4163.65;3389.35;2758.5;2244.29;1825.39;1484.54;1207.2;982.576;802.083;660.049
3;118996994676;20;frequency;99999.99999990905;122862.535599424;150952.0265389597;185463.4873444638;227865.1431623047;279960.8926363817;343967.05137965;422606.6409511731;519225.2346839865;637933.2888043621;783781.0140572543;962973.2274171232;1183133.324347452;1453627.601814205;1785963.729760951;2194280.323268956;2695948.443325946;3312310.615921419;4069588.809647371;4999999.999999929
3;118996994676;20;phasez;-1.54909;-1.54546;-1.541;-1.53567;-1.52896;-1.52075;-1.51075;-1.49831;-1.48305;-1.46423;-1.44099;-1.41228;-1.37678;-1.33278;-1.27812;-1.20994;-1.12433;-1.01638;-0.878915;-0.702782
