0;6909847019966;20;absz;1.39104e+08;1.01346e+08;7.38098e+07;5.37398e+07;3.91087e+07;2.84564e+07;2.06952e+07;1.50493e+07;1.09427e+07;7.95499e+06;5.78227e+06;4.20235e+06;3.05365e+06;2.2187e+06;1.61179e+06;1.17076e+06;850248;617385;448206;325332
0;6909847019966;20;frequency;9.999999974752427;13.86918846435492;19.23543905490988;26.67799336109056;37.00021196095804;51.31629158938722;71.17153245417285;98.70914048804025;136.9015682683994;189.8713664161278;263.3361782500288;365.2259113806622;506.5387032487934;702.5280792305466;974.3494403835484;1351.343611730726;1874.203936580443;2599.368780806799;3605.113577052066;4999.99999995282
0;6909847019966;20;phasez;-1.51529;-1.51805;-1.52056;-1.52244;-1.52462;-1.52649;-1.52736;-1.52856;-1.5294;-1.53023;-1.5308;-1.53117;-1.53138;-1.53133;-1.53094;-1.5301;-1.52868;-1.52639;-1.52293;-1.51781
1;6910616885518;50;absz;7.51324e+06;6.41544e+06;5.48951e+06;4.69528e+06;4.01967e+06;3.44134e+06;2.94346e+06;2.51795e+06;2.15509e+06;1.84282e+06;1.57743e+06;1.34919e+06;1.15401e+06;987286;844368;722416;617852;528441;451965;386566;330589;282703;241761;206731;176776;151160;129251;110517;94496.2;80799.8;69083.6;59067.2;50502.3;43178.3;36915.9;31560.4;26980.2;23063.2;19713.3;16848.3;14397.6;12301.1;10507.3;8972.19;7658.03;6532.59;5568;4740.89;4030.67;3419.89
1;6910616885518;50;frequency;199.9999999213742;234.625769479635;275.2462588517801;322.8993264769997;378.802514688914;444.3841576318164;521.3198749487447;611.5753842550475;717.456725922716;841.6691823498468;987.3863981368913;1158.33146786315;1358.872060208682;1594.132014446359;1870.122253535556;2193.894364737048;2573.720768452858;3019.306079821149;3542.035062906734;4155.263512473084;4874.659497176026;5718.603679767398;6708.658946337209;7870.121340545211;9232.666380967203;10831.10727442716;12706.28439819177;14906.10877695531;17486.78621595445;20514.25336674129;24065.86241733066;28232.35745111674;33120.19296963342;38854.25382030405;45581.04601983359;53472.44000269313;62730.06193403319;73590.44528463698;86331.07429211862;101277.4737211686;118811.5260634959;139381.228686517;163512.140226203;191820.8086789974;225030.524286467;263989.7996954232;309694.0495706946;363311.0235703185;426210.642505751;499999.9999999716
1;6910616885518;50;phasez;-1.53192;-1.53051;-1.53153;-1.53306;-1.53297;-1.53343;-1.5338;-1.53395;-1.53422;-1.53447;-1.53479;-1.53506;-1.53549;-1.53563;-1.53607;-1.53634;-1.53663;-1.53677;-1.53692;-1.53711;-1.53717;-1.53729;-1.53729;-1.53726;-1.53713;-1.53693;-1.53664;-1.53624;-1.53572;-1.53508;-1.5343;-1.53334;-1.53219;-1.53082;-1.5292;-1.52729;-1.52503;-1.52234;-1.51916;-1.5154;-1.51094;-1.50567;-1.49942;-1.49203;-1.48327;-1.47288;-1.46055;-1.44587;-1.42833;-1.40725
2;6911388104761;50;absz;83237.4;74514.2;66723.1;59728.3;53468.9;47867.7;42843.9;38351.9;34330.1;30731.8;27508.1;24622.2;22039.5;19728.8;17658.9;15806;14147.6;12662.5;11334.6;10144.9;9080.12;8126.89;7273.55;6510;5826.42;5214.43;4666.55;4175.97;3737;3343.97;2992.11;2677.1;2395.02;2142.47;1916.38;1713.93;1532.58;1370.18;1224.72;1094.47;977.78;873.276;779.695;695.897;620.996;554.049;494.34;441.288;394.386;353.302
2;6911388104761;50;frequency;20000.00000002444;22385.53853899816;25055.61678390222;28044.17375656954;31389.19662092121;35133.2035329932;39323.78408414649;44014.2042055669;49264.08322518227;55140.1516811012;61717.09952482729;69078.52549602467;77317.99973512921;86540.25314108083;96862.50859274992;108415.9709538568;121347.4948009008;135821.4510731415;152021.8163702936;170154.5114554648;190450.0186878266;213166.3116533389;238592.1342356312;267050.6708003728;298903.6541519141;334555.9634717432;374460.7706856584;419125.3006744233;469117.2785435782;525072.1459047724;587701.13789258;657800.3235824071;736260.7247225839;824079.6413975459;922373.3285811875;1032391.184709951;1155531.632626961;1293359.894754076;1447627.888434013;1620296.494325686;1813560.480908265;2029876.401899315;2271993.821195295;2542990.262224833;2846310.325953354;3185809.474764127;3565803.038745301;3991121.067296888;4467169.723268114;4999999.999999929
2;6911388104761;50;phasez;-1.53893;-1.53839;-1.53831;-1.53794;-1.53751;-1.53728;-1.5366;-1.53591;-1.53533;-1.53447;-1.53344;-1.53225;-1.53096;-1.52957;-1.5279;-1.52602;-1.52388;-1.5215;-1.51881;-1.51576;-1.51233;-1.50847;-1.50414;-1.49934;-1.4939;-1.48778;-1.48095;-1.47327;-1.46465;-1.45501;-1.44417;-1.43199;-1.41835;-1.40302;-1.38581;-1.36646;-1.3447;-1.32023;-1.29267;-1.26163;-1.22659;-1.18702;-1.14227;-1.09152;-1.03388;-0.968344;-0.893556;-0.808065;-0.710152;-0.597819
3;6911706994596;20;absz;17189.6;14042.2;11466.8;9363.71;7647.51;6244.19;5098.68;4162.73;3398.16;2773.51;2262.95;1845.53;1504.59;1225.65;997.554;810.97;658.41;533.978;433.06;352.406
3;6911706994596;20;frequency;99999.99999990905;122862.535599424;150952.0265389597;185463.4873444638;227865.1431623047;279960.8926363817;343967.05137965;422606.6409511731;519225.2346839865;637933.2888043621;783781.0140572543;962973.2274171232;1183133.324347452;1453627.601814205;1785963.729760951;2194280.323268956;2695948.443325946;3312310.615921419;4069588.809647371;4999999.999999929
3;6911706994596;20;phasez;-1.52712;-1.52384;-1.51981;-1.51477;-1.50842;-1.50064;-1.4909;-1.47886;-1.46397;-1.44549;-1.42262;-1.39432;-1.35922;-1.31561;-1.26126;-1.19331;-1.1078;-0.999573;-0.861344;-0.683536
