0;4892887555654;20;absz;1.48224e+08;1.078e+08;7.84423e+07;5.7033e+07;4.14605e+07;3.01369e+07;2.19091e+07;1.59207e+07;1.15677e+07;8.40397e+06;6.10438e+06;4.43343e+06;3.21934e+06;2.33722e+06;1.69652e+06;1.23121e+06;893331;648083;470093;340928
0;4892887555654;20;frequency;9.999999974752427;13.86918846435492;19.23543905490988;26.67799336109056;37.00021196095804;51.31629158938722;71.17153245417285;98.70914048804025;136.9015682683994;189.8713664161278;263.3361782500288;365.2259113806622;506.5387032487934;702.5280792305466;974.3494403835484;1351.343611730726;1874.203936580443;2599.368780806799;3605.113577052066;4999.99999995282
0;4892887555654;20;phasez;-1.52542;-1.52715;-1.52863;-1.52954;-1.53059;-1.53188;-1.53225;-1.53289;-1.53352;-1.53411;-1.53457;-1.53497;-1.53522;-1.53525;-1.53497;-1.53424;-1.5328;-1.5305;-1.527;-1.52182
1;4893657566294;50;absz;7.93138e+06;6.76384e+06;5.80062e+06;4.95789e+06;4.24181e+06;3.6297e+06;3.10259e+06;2.65484e+06;2.26912e+06;1.94159e+06;1.6599e+06;1.41916e+06;1.21352e+06;1.03773e+06;887289;758629;648631;554546;474069;405274;346451;296148;253155;216392;184964;158099;135130;115497;98713;84368.9;72105.4;61626.1;52667.7;45010.6;38466.7;32872.9;28091.8;24004.7;20511;17524.2;14970.8;12787.1;10919.4;9321.53;7954.03;6783.16;5780.1;4919.97;4181.61;3546.89
1;4893657566294;50;frequency;199.9999999213742;234.625769479635;275.2462588517801;322.8993264769997;378.802514688914;444.3841576318164;521.3198749487447;611.5753842550475;717.456725922716;841.6691823498468;987.3863981368913;1158.33146786315;1358.872060208682;1594.132014446359;1870.122253535556;2193.894364737048;2573.720768452858;3019.306079821149;3542.035062906734;4155.263512473084;4874.659497176026;5718.603679767398;6708.658946337209;7870.121340545211;9232.666380967203;10831.10727442716;12706.28439819177;14906.10877695531;17486.78621595445;20514.25336674129;24065.86241733066;28232.35745111674;33120.19296963342;38854.25382030405;45581.04601983359;53472.44000269313;62730.06193403319;73590.44528463698;86331.07429211862;101277.4737211686;118811.5260634959;139381.228686517;163512.140226203;191820.8086789974;225030.524286467;263989.7996954232;309694.0495706946;363311.0235703185;426210.642505751;499999.9999999716
1;4893657566294;50;phasez;-1.53693;-1.53654;-1.5368;-1.53692;-1.53568;-1.53665;-1.5374;-1.53773;-1.53794;-1.53868;-1.53897;-1.53922;-1.53947;-1.53988;-1.54029;-1.5404;-1.54068;-1.54082;-1.54098;-1.54113;-1.54123;-1.54126;-1.54127;-1.54121;-1.54109;-1.54087;-1.54057;-1.54017;-1.53965;-1.53899;-1.5382;-1.53722;-1.53604;-1.53463;-1.53296;-1.53098;-1.52863;-1.52587;-1.52261;-1.51877;-1.51425;-1.50893;-1.50265;-1.49524;-1.48649;-1.47614;-1.46386;-1.44925;-1.43178;-1.41079
2;4894428748680;50;absz;86954.2;77822.1;69614.1;62324.2;55780.2;49903.7;44661.7;39973.6;35771.8;32010.7;28645.6;25631;22940.7;20527.1;18370.4;16440.7;14711.4;13165.6;11782.1;10543.4;9434.89;8443.05;7554.97;6760.35;6048.93;5412.58;4842.86;4333.02;3876.5;3468.04;3102.33;2775.03;2482.03;2219.72;1984.93;1774.76;1586.61;1418.15;1267.31;1132.25;1011.32;903.046;806.133;719.379;641.867;572.64;510.912;456.091;407.657;365.252
2;4894428748680;50;frequency;20000.00000002444;22385.53853899816;25055.61678390222;28044.17375656954;31389.19662092121;35133.2035329932;39323.78408414649;44014.2042055669;49264.08322518227;55140.1516811012;61717.09952482729;69078.52549602467;77317.99973512921;86540.25314108083;96862.50859274992;108415.9709538568;121347.4948009008;135821.4510731415;152021.8163702936;170154.5114554648;190450.0186878266;213166.3116533389;238592.1342356312;267050.6708003728;298903.6541519141;334555.9634717432;374460.7706856584;419125.3006744233;469117.2785435782;525072.1459047724;587701.13789258;657800.3235824071;736260.7247225839;824079.6413975459;922373.3285811875;1032391.184709951;1155531.632626961;1293359.894754076;1447627.888434013;1620296.494325686;1813560.480908265;2029876.401899315;2271993.821195295;2542990.262224833;2846310.325953354;3185809.474764127;3565803.038745301;3991121.067296888;4467169.723268114;4999999.999999929
2;4894428748680;50;phasez;-1.54257;-1.54233;-1.54216;-1.54182;-1.54148;-1.54097;-1.5404;-1.5397;-1.53887;-1.53807;-1.53708;-1.5358;-1.53455;-1.53302;-1.53131;-1.52936;-1.52717;-1.52476;-1.52202;-1.51896;-1.51552;-1.51172;-1.5074;-1.50258;-1.49717;-1.49113;-1.48432;-1.4767;-1.46815;-1.45854;-1.44778;-1.43567;-1.42208;-1.40681;-1.38965;-1.37036;-1.34866;-1.32424;-1.29674;-1.26574;-1.23077;-1.19127;-1.14659;-1.09593;-1.0384;-0.972982;-0.898352;-0.813043;-0.715359;-0.603314
3;4894745013662;20;absz;17885.7;14604.6;11921.8;9731.82;7944.92;6484.73;5293.08;4319.74;3524.81;2875.61;2345.14;1911.69;1557.78;1268.43;1031.95;838.625;680.686;551.961;447.657;364.385
3;4894745013662;20;frequency;99999.99999990905;122862.535599424;150952.0265389597;185463.4873444638;227865.1431623047;279960.8926363817;343967.05137965;422606.6409511731;519225.2346839865;637933.2888043621;783781.0140572543;962973.2274171232;1183133.324347452;1453627.601814205;1785963.729760951;2194280.323268956;2695948.443325946;3312310.615921419;4069588.809647371;4999999.999999929
3;4894745013662;20;phasez;-1.5305;-1.52715;-1.52307;-1.518;-1.51165;-1.50388;-1.49425;-1.4823;-1.46747;-1.44914;-1.42638;-1.39818;-1.36317;-1.31967;-1.26543;-1.1976;-1.11226;-1.00425;-0.866349;-0.688962
