0;2452010038987;20;absz;1.81089e+08;1.31378e+08;9.50352e+07;6.87856e+07;4.9784e+07;3.60583e+07;2.60853e+07;1.88813e+07;1.36685e+07;9.89266e+06;7.16065e+06;5.18249e+06;3.75062e+06;2.71412e+06;1.96402e+06;1.42112e+06;1.02824e+06;743913;538159;389278
0;2452010038987;20;frequency;9.999999974752427;13.86918846435492;19.23543905490988;26.67799336109056;37.00021196095804;51.31629158938722;71.17153245417285;98.70914048804025;136.9015682683994;189.8713664161278;263.3361782500288;365.2259113806622;506.5387032487934;702.5280792305466;974.3494403835484;1351.343611730726;1874.203936580443;2599.368780806799;3605.113577052066;4999.99999995282
0;2452010038987;20;phasez;-1.54944;-1.55015;-1.55075;-1.55094;-1.55145;-1.55183;-1.5515;-1.5516;-1.55166;-1.5516;-1.55154;-1.55139;-1.55109;-1.55059;-1.54975;-1.54846;-1.54661;-1.54393;-1.5401;-1.53468
1;2452777009266;50;absz;9.29437e+06;7.95842e+06;6.78877e+06;5.79732e+06;4.95897e+06;4.23001e+06;3.61243e+06;3.08441e+06;2.63567e+06;2.24956e+06;1.92085e+06;1.64072e+06;1.40077e+06;1.19599e+06;1.0213e+06;871972;744572;635692;542770;463393;395654;337778;288371;246188;210169;179413;153159;130741;111605;95268.7;81321.4;69414.6;59250.3;50572.8;43166.7;36844.4;31446.4;26837.7;22903.3;19543.9;16675.8;14226.1;12133.7;10346.1;8818.34;7512.01;6394.47;5437.49;4617.09;3912.7
1;2452777009266;50;frequency;199.9999999213742;234.625769479635;275.2462588517801;322.8993264769997;378.802514688914;444.3841576318164;521.3198749487447;611.5753842550475;717.456725922716;841.6691823498468;987.3863981368913;1158.33146786315;1358.872060208682;1594.132014446359;1870.122253535556;2193.894364737048;2573.720768452858;3019.306079821149;3542.035062906734;4155.263512473084;4874.659497176026;5718.603679767398;6708.658946337209;7870.121340545211;9232.666380967203;10831.10727442716;12706.28439819177;14906.10877695531;17486.78621595445;20514.25336674129;24065.86241733066;28232.35745111674;33120.19296963342;38854.25382030405;45581.04601983359;53472.44000269313;62730.06193403319;73590.44528463698;86331.07429211862;101277.4737211686;118811.5260634959;139381.228686517;163512.140226203;191820.8086789974;225030.524286467;263989.7996954232;309694.0495706946;363311.0235703185;426210.642505751;499999.9999999716
1;2452777009266;50;phasez;-1.55368;-1.55265;-1.55123;-1.55311;-1.55277;-1.55268;-1.5541;-1.55364;-1.55362;-1.55334;-1.55348;-1.5538;-1.55384;-1.55394;-1.55398;-1.55397;-1.55405;-1.55407;-1.5541;-1.55412;-1.55408;-1.55405;-1.55397;-1.55379;-1.5536;-1.55332;-1.55295;-1.55248;-1.5519;-1.55118;-1.55033;-1.54928;-1.54803;-1.54654;-1.54478;-1.54271;-1.54026;-1.53737;-1.53397;-1.52995;-1.52523;-1.51967;-1.51312;-1.50541;-1.49632;-1.48558;-1.47287;-1.4578;-1.43984;-1.41831
2;2453543891903;50;absz;98152.6;87821.5;78489.4;70191.3;62767.7;56118.2;50183.7;44858.9;40112.1;35867.4;32070.2;28670.5;25634.9;22919.6;20491.8;18322.5;16382.6;14649.1;13098.2;11711.4;10471.6;9363.11;8371.78;7485.54;6693.01;5984.63;5351.01;4784.39;4277.77;3824.73;3419.46;3057.1;2733.01;2443.1;2183.83;1951.87;1744.42;1558.79;1392.75;1244.22;1111.29;992.362;885.981;790.864;705.942;630.16;562.673;502.838;450.051;403.966
2;2453543891903;50;frequency;20000.00000002444;22385.53853899816;25055.61678390222;28044.17375656954;31389.19662092121;35133.2035329932;39323.78408414649;44014.2042055669;49264.08322518227;55140.1516811012;61717.09952482729;69078.52549602467;77317.99973512921;86540.25314108083;96862.50859274992;108415.9709538568;121347.4948009008;135821.4510731415;152021.8163702936;170154.5114554648;190450.0186878266;213166.3116533389;238592.1342356312;267050.6708003728;298903.6541519141;334555.9634717432;374460.7706856584;419125.3006744233;469117.2785435782;525072.1459047724;587701.13789258;657800.3235824071;736260.7247225839;824079.6413975459;922373.3285811875;1032391.184709951;1155531.632626961;1293359.894754076;1447627.888434013;1620296.494325686;1813560.480908265;2029876.401899315;2271993.821195295;2542990.262224833;2846310.325953354;3185809.474764127;3565803.038745301;3991121.067296888;4467169.723268114;4999999.999999929
2;2453543891903;50;phasez;-1.5548;-1.55436;-1.55423;-1.55383;-1.55357;-1.55298;-1.55239;-1.55153;-1.55087;-1.54974;-1.54853;-1.54736;-1.54599;-1.54435;-1.54245;-1.54043;-1.53818;-1.53551;-1.53261;-1.52939;-1.52573;-1.52164;-1.5171;-1.51199;-1.50632;-1.49994;-1.49279;-1.48482;-1.47591;-1.46593;-1.45476;-1.44225;-1.42824;-1.41253;-1.39493;-1.37518;-1.353;-1.3281;-1.30011;-1.26862;-1.23314;-1.19313;-1.14793;-1.09679;-1.03872;-0.972782;-0.897646;-0.811855;-0.713695;-0.601237
3;2453859502506;20;absz;19946.2;16262.7;13256.4;10803.3;8806.86;7179.22;5851.23;4769.73;3887.13;3168.09;2581.49;2102.84;1712.42;1393.92;1133.84;921.58;748.409;607.523;493.611;402.981
3;2453859502506;20;frequency;99999.99999990905;122862.535599424;150952.0265389597;185463.4873444638;227865.1431623047;279960.8926363817;343967.05137965;422606.6409511731;519225.2346839865;637933.2888043621;783781.0140572543;962973.2274171232;1183133.324347452;1453627.601814205;1785963.729760951;2194280.323268956;2695948.443325946;3312310.615921419;4069588.809647371;4999999.999999929
3;2453859502506;20;phasez;-1.54166;-1.53807;-1.53364;-1.52825;-1.52148;-1.5132;-1.50295;-1.49039;-1.47491;-1.45582;-1.4323;-1.40328;-1.36741;-1.32301;-1.26786;-1.1991;-1.1128;-1.00386;-0.865035;-0.686826
