0;6527723687016;20;absz;1.39856e+08;1.01887e+08;7.41876e+07;5.40181e+07;3.93097e+07;2.86093e+07;2.08013e+07;1.51279e+07;1.09993e+07;7.99665e+06;5.81246e+06;4.22453e+06;3.0698e+06;2.2305e+06;1.62048e+06;1.17703e+06;854810;620664;450551;326989
0;6527723687016;20;frequency;9.999999974752427;13.86918846435492;19.23543905490988;26.67799336109056;37.00021196095804;51.31629158938722;71.17153245417285;98.70914048804025;136.9015682683994;189.8713664161278;263.3361782500288;365.2259113806622;506.5387032487934;702.5280792305466;974.3494403835484;1351.343611730726;1874.203936580443;2599.368780806799;3605.113577052066;4999.99999995282
0;6527723687016;20;phasez;-1.5171;-1.51912;-1.52184;-1.52342;-1.52505;-1.52613;-1.52768;-1.52871;-1.52956;-1.53024;-1.53075;-1.53114;-1.53135;-1.53132;-1.53098;-1.53023;-1.52888;-1.52666;-1.52326;-1.51819
1;6528495111577;50;absz;7.54317e+06;6.4644e+06;5.51888e+06;4.72463e+06;4.04351e+06;3.46016e+06;2.95971e+06;2.53096e+06;2.16619e+06;1.85367e+06;1.58573e+06;1.3565e+06;1.16037e+06;992650;848995;726231;621128;531218;454342;388532;332268;284138;242969;207759;177646;151898;129877;111046;94944;81178.3;69403.8;59338.6;50732;43372.2;37081.4;31699.8;27099.1;23163.9;19798.9;16920.9;14458.9;12352.8;10551.2;9009.3;7689.54;6559.28;5590.71;4760.05;4046.82;3433.4
1;6528495111577;50;frequency;199.9999999213742;234.625769479635;275.2462588517801;322.8993264769997;378.802514688914;444.3841576318164;521.3198749487447;611.5753842550475;717.456725922716;841.6691823498468;987.3863981368913;1158.33146786315;1358.872060208682;1594.132014446359;1870.122253535556;2193.894364737048;2573.720768452858;3019.306079821149;3542.035062906734;4155.263512473084;4874.659497176026;5718.603679767398;6708.658946337209;7870.121340545211;9232.666380967203;10831.10727442716;12706.28439819177;14906.10877695531;17486.78621595445;20514.25336674129;24065.86241733066;28232.35745111674;33120.19296963342;38854.25382030405;45581.04601983359;53472.44000269313;62730.06193403319;73590.44528463698;86331.07429211862;101277.4737211686;118811.5260634959;139381.228686517;163512.140226203;191820.8086789974;225030.524286467;263989.7996954232;309694.0495706946;363311.0235703185;426210.642505751;499999.9999999716
1;6528495111577;50;phasez;-1.53093;-1.53144;-1.53242;-1.53295;-1.53278;-1.53368;-1.53384;-1.53353;-1.53395;-1.53467;-1.53519;-1.53529;-1.53549;-1.5358;-1.53621;-1.53656;-1.53681;-1.537;-1.53729;-1.53748;-1.53759;-1.53767;-1.53769;-1.53766;-1.53755;-1.53735;-1.53705;-1.53664;-1.53614;-1.5355;-1.5347;-1.53374;-1.53258;-1.53121;-1.52958;-1.52767;-1.52539;-1.5227;-1.51951;-1.51574;-1.51128;-1.506;-1.49975;-1.49235;-1.48359;-1.47321;-1.46088;-1.4462;-1.42866;-1.40759
2;6529263119147;50;absz;83654.2;74871.7;67017.6;60016.5;53708.5;48083.4;43044.1;38532.4;34485.2;30870;27632.5;24731.1;22138;19814.7;17737.1;15875.9;14209.5;12718.2;11383.5;10188.7;9119.23;8161.77;7304.67;6537.44;5850.63;5236.16;4685.97;4193.39;3752.39;3357.71;3004.3;2687.89;2404.7;2151.11;1924.03;1720.71;1538.59;1375.53;1229.48;1098.67;981.519;876.592;782.647;698.517;623.324;556.126;496.191;442.944;395.876;354.645
2;6529263119147;50;frequency;20000.00000002444;22385.53853899816;25055.61678390222;28044.17375656954;31389.19662092121;35133.2035329932;39323.78408414649;44014.2042055669;49264.08322518227;55140.1516811012;61717.09952482729;69078.52549602467;77317.99973512921;86540.25314108083;96862.50859274992;108415.9709538568;121347.4948009008;135821.4510731415;152021.8163702936;170154.5114554648;190450.0186878266;213166.3116533389;238592.1342356312;267050.6708003728;298903.6541519141;334555.9634717432;374460.7706856584;419125.3006744233;469117.2785435782;525072.1459047724;587701.13789258;657800.3235824071;736260.7247225839;824079.6413975459;922373.3285811875;1032391.184709951;1155531.632626961;1293359.894754076;1447627.888434013;1620296.494325686;1813560.480908265;2029876.401899315;2271993.821195295;2542990.262224833;2846310.325953354;3185809.474764127;3565803.038745301;3991121.067296888;4467169.723268114;4999999.999999929
2;6529263119147;50;phasez;-1.53917;-1.53915;-1.53857;-1.53822;-1.53784;-1.53745;-1.53693;-1.53631;-1.53568;-1.53472;-1.53376;-1.53262;-1.53133;-1.5299;-1.52822;-1.52638;-1.52419;-1.52185;-1.51912;-1.51607;-1.51265;-1.50882;-1.50449;-1.49965;-1.49422;-1.48811;-1.48127;-1.4736;-1.46499;-1.45535;-1.44451;-1.43235;-1.41872;-1.40339;-1.38618;-1.36684;-1.34509;-1.32062;-1.29307;-1.26202;-1.22699;-1.18742;-1.14267;-1.09194;-1.03431;-0.968772;-0.893997;-0.80852;-0.710615;-0.5983
3;6529582288770;20;absz;17269.1;14105.9;11517.2;9404.91;7681.51;6271.53;5120.82;4180.35;3412.48;2785.12;2272.31;1853.09;1510.64;1230.54;1001.48;814.129;660.954;536.04;434.728;353.779
3;6529582288770;20;frequency;99999.99999990905;122862.535599424;150952.0265389597;185463.4873444638;227865.1431623047;279960.8926363817;343967.05137965;422606.6409511731;519225.2346839865;637933.2888043621;783781.0140572543;962973.2274171232;1183133.324347452;1453627.601814205;1785963.729760951;2194280.323268956;2695948.443325946;3312310.615921419;4069588.809647371;4999999.999999929
3;6529582288770;20;phasez;-1.52739;-1.52417;-1.52014;-1.5151;-1.50877;-1.50092;-1.49121;-1.4792;-1.46427;-1.44583;-1.423;-1.39469;-1.3596;-1.31599;-1.26166;-1.19371;-1.10822;-0.999992;-0.861778;-0.683961
