0;3294519174628;20;absz;1.66748e+08;1.20952e+08;8.77752e+07;6.36873e+07;4.62033e+07;3.34906e+07;2.42957e+07;1.76141e+07;1.27691e+07;9.25453e+06;6.70628e+06;4.85892e+06;3.5197e+06;2.54919e+06;1.84607e+06;1.33672e+06;967855;700770;507370;367341
0;3294519174628;20;frequency;9.999999974752427;13.86918846435492;19.23543905490988;26.67799336109056;37.00021196095804;51.31629158938722;71.17153245417285;98.70914048804025;136.9015682683994;189.8713664161278;263.3361782500288;365.2259113806622;506.5387032487934;702.5280792305466;974.3494403835484;1351.343611730726;1874.203936580443;2599.368780806799;3605.113577052066;4999.99999995282
0;3294519174628;20;phasez;-1.53762;-1.53912;-1.53956;-1.54051;-1.54144;-1.54279;-1.54318;-1.54408;-1.5447;-1.5453;-1.54577;-1.54608;-1.54622;-1.54604;-1.54543;-1.54428;-1.54242;-1.53965;-1.53564;-1.52998
1;3295288067201;50;absz;8.72189e+06;7.45175e+06;6.36921e+06;5.43805e+06;4.6434e+06;3.96872e+06;3.39131e+06;2.89753e+06;2.47472e+06;2.11466e+06;1.8062e+06;1.54265e+06;1.31763e+06;1.12552e+06;961359;821074;701377;599075;511720;437054;373321;318865;272369;232643;198709;169730;144976;123828;105768;90340.2;77162.8;65906.9;56291.6;48078.3;41062.4;35069.6;29949.6;25576;21839;18646.5;15918.2;13586.6;11593.6;9889.99;8432.77;7186.1;6118.87;5204.42;4420.06;3746.29
1;3295288067201;50;frequency;199.9999999213742;234.625769479635;275.2462588517801;322.8993264769997;378.802514688914;444.3841576318164;521.3198749487447;611.5753842550475;717.456725922716;841.6691823498468;987.3863981368913;1158.33146786315;1358.872060208682;1594.132014446359;1870.122253535556;2193.894364737048;2573.720768452858;3019.306079821149;3542.035062906734;4155.263512473084;4874.659497176026;5718.603679767398;6708.658946337209;7870.121340545211;9232.666380967203;10831.10727442716;12706.28439819177;14906.10877695531;17486.78621595445;20514.25336674129;24065.86241733066;28232.35745111674;33120.19296963342;38854.25382030405;45581.04601983359;53472.44000269313;62730.06193403319;73590.44528463698;86331.07429211862;101277.4737211686;118811.5260634959;139381.228686517;163512.140226203;191820.8086789974;225030.524286467;263989.7996954232;309694.0495706946;363311.0235703185;426210.642505751;499999.9999999716
1;3295288067201;50;phasez;-1.54797;-1.54619;-1.54776;-1.54727;-1.54777;-1.5474;-1.54853;-1.54882;-1.54895;-1.54901;-1.54912;-1.54982;-1.54973;-1.5497;-1.54974;-1.54974;-1.5497;-1.54979;-1.54966;-1.54959;-1.54942;-1.54924;-1.54901;-1.54877;-1.54847;-1.54809;-1.54764;-1.5471;-1.54647;-1.54574;-1.54485;-1.54381;-1.5426;-1.54117;-1.53949;-1.53753;-1.53521;-1.53249;-1.52928;-1.52549;-1.52101;-1.51573;-1.50948;-1.5021;-1.49335;-1.48298;-1.47067;-1.45599;-1.43845;-1.41735
2;3296056448502;50;absz;93103.7;83275.8;74503.4;66647.5;59613.8;53327.2;47703.6;42672.4;38175.2;34142.3;30542.3;27322.7;24435.7;21857.7;19550;17486.2;15641.1;13990.4;12513.1;11191.6;10010.4;8953.17;8007.21;7161.1;6404.36;5727.46;5121.98;4580.16;4095.58;3662.04;3274.29;2927.41;2617;2339.35;2090.96;1868.75;1669.9;1492.01;1332.83;1190.39;1062.94;948.902;846.894;755.657;674.204;601.492;536.719;479.266;428.552;384.222
2;3296056448502;50;frequency;20000.00000002444;22385.53853899816;25055.61678390222;28044.17375656954;31389.19662092121;35133.2035329932;39323.78408414649;44014.2042055669;49264.08322518227;55140.1516811012;61717.09952482729;69078.52549602467;77317.99973512921;86540.25314108083;96862.50859274992;108415.9709538568;121347.4948009008;135821.4510731415;152021.8163702936;170154.5114554648;190450.0186878266;213166.3116533389;238592.1342356312;267050.6708003728;298903.6541519141;334555.9634717432;374460.7706856584;419125.3006744233;469117.2785435782;525072.1459047724;587701.13789258;657800.3235824071;736260.7247225839;824079.6413975459;922373.3285811875;1032391.184709951;1155531.632626961;1293359.894754076;1447627.888434013;1620296.494325686;1813560.480908265;2029876.401899315;2271993.821195295;2542990.262224833;2846310.325953354;3185809.474764127;3565803.038745301;3991121.067296888;4467169.723268114;4999999.999999929
2;3296056448502;50;phasez;-1.54947;-1.54923;-1.54861;-1.54838;-1.54803;-1.54758;-1.54693;-1.54622;-1.54553;-1.54461;-1.54361;-1.54242;-1.54121;-1.53968;-1.53798;-1.53613;-1.53396;-1.53155;-1.52888;-1.52582;-1.52242;-1.51857;-1.51423;-1.50942;-1.50399;-1.4979;-1.49106;-1.48336;-1.47475;-1.46506;-1.45418;-1.44199;-1.42827;-1.41286;-1.39556;-1.3761;-1.35422;-1.32962;-1.30192;-1.27071;-1.23553;-1.1958;-1.15089;-1.10002;-1.04225;-0.976592;-0.901735;-0.816215;-0.718326;-0.606111
3;3296374397458;20;absz;19029.2;15526;12662;10326.1;8421.83;6868.12;5599.76;4565.95;3721.87;3033.63;2471.85;2013.3;1639.25;1333.88;1084.56;881.023;714.942;579.756;470.404;383.27
3;3296374397458;20;frequency;99999.99999990905;122862.535599424;150952.0265389597;185463.4873444638;227865.1431623047;279960.8926363817;343967.05137965;422606.6409511731;519225.2346839865;637933.2888043621;783781.0140572543;962973.2274171232;1183133.324347452;1453627.601814205;1785963.729760951;2194280.323268956;2695948.443325946;3312310.615921419;4069588.809647371;4999999.999999929
3;3296374397458;20;phasez;-1.53724;-1.5339;-1.52988;-1.52481;-1.51857;-1.51073;-1.50102;-1.48895;-1.474;-1.45547;-1.43249;-1.40401;-1.36869;-1.32483;-1.27021;-1.20198;-1.1162;-1.00778;-0.869465;-0.691739
