0;2669661161287;20;absz;1.772e+08;1.28272e+08;9.29691e+07;6.73353e+07;4.87663e+07;3.53151e+07;2.55664e+07;1.85108e+07;1.34044e+07;9.70423e+06;7.02533e+06;5.08578e+06;3.68137e+06;2.66465e+06;1.92858e+06;1.39576e+06;1.01012e+06;730987;528970;382795
0;2669661161287;20;frequency;9.999999974752427;13.86918846435492;19.23543905490988;26.67799336109056;37.00021196095804;51.31629158938722;71.17153245417285;98.70914048804025;136.9015682683994;189.8713664161278;263.3361782500288;365.2259113806622;506.5387032487934;702.5280792305466;974.3494403835484;1351.343611730726;1874.203936580443;2599.368780806799;3605.113577052066;4999.99999995282
0;2669661161287;20;phasez;-1.54712;-1.54712;-1.54796;-1.54879;-1.54937;-1.5488;-1.54988;-1.55005;-1.55015;-1.55029;-1.55029;-1.55019;-1.54992;-1.54939;-1.54852;-1.54723;-1.54529;-1.5425;-1.53854;-1.53302
1;2670429154130;50;absz;9.13494e+06;7.805e+06;6.66541e+06;5.70499e+06;4.86731e+06;4.15062e+06;3.55004e+06;3.0284e+06;2.58728e+06;2.20963e+06;1.88641e+06;1.6111e+06;1.37568e+06;1.17498e+06;1.00331e+06;856805;731658;624760;533545;455564;389016;332186;283651;242200;206812;176593;150780;128743;109923;93854.3;80131.6;68413.7;58408.1;49864.4;42568.8;36339.3;31020;26477.7;22598.8;19286;16456.9;14040.3;11975.8;10211.9;8703.92;7414.61;6311.39;5366.66;4556.69;3861.33
1;2670429154130;50;frequency;199.9999999213742;234.625769479635;275.2462588517801;322.8993264769997;378.802514688914;444.3841576318164;521.3198749487447;611.5753842550475;717.456725922716;841.6691823498468;987.3863981368913;1158.33146786315;1358.872060208682;1594.132014446359;1870.122253535556;2193.894364737048;2573.720768452858;3019.306079821149;3542.035062906734;4155.263512473084;4874.659497176026;5718.603679767398;6708.658946337209;7870.121340545211;9232.666380967203;10831.10727442716;12706.28439819177;14906.10877695531;17486.78621595445;20514.25336674129;24065.86241733066;28232.35745111674;33120.19296963342;38854.25382030405;45581.04601983359;53472.44000269313;62730.06193403319;73590.44528463698;86331.07429211862;101277.4737211686;118811.5260634959;139381.228686517;163512.140226203;191820.8086789974;225030.524286467;263989.7996954232;309694.0495706946;363311.0235703185;426210.642505751;499999.9999999716
1;2670429154130;50;phasez;-1.55504;-1.55121;-1.55128;-1.55173;-1.55177;-1.55234;-1.55231;-1.55236;-1.55214;-1.55251;-1.55241;-1.55255;-1.55254;-1.55264;-1.55267;-1.55262;-1.55265;-1.5526;-1.5526;-1.55251;-1.55243;-1.55232;-1.55219;-1.552;-1.55174;-1.55145;-1.55109;-1.55063;-1.55007;-1.54942;-1.54859;-1.54761;-1.54645;-1.54505;-1.54339;-1.54143;-1.5391;-1.53633;-1.53306;-1.52918;-1.52459;-1.51917;-1.51276;-1.50519;-1.49623;-1.48562;-1.47305;-1.4581;-1.44027;-1.41886
2;2671194369484;50;absz;96707;86487.2;77363.1;69176;61863.8;55339.4;49482.7;44250.3;39561.1;35379.7;31633.1;28283.8;25291.3;22616.7;20222.6;18082.2;16169.6;14458.4;12927.8;11559.6;10336.2;9241.98;8263.7;7389.15;6606.6;5906.93;5281.57;4722.22;4221.97;3774.64;3374.49;3016.73;2696.67;2410.48;2154.49;1925.49;1720.67;1537.38;1373.49;1226.81;1095.59;978.225;873.237;779.35;695.526;620.731;554.112;495.035;442.924;397.41
2;2671194369484;50;frequency;20000.00000002444;22385.53853899816;25055.61678390222;28044.17375656954;31389.19662092121;35133.2035329932;39323.78408414649;44014.2042055669;49264.08322518227;55140.1516811012;61717.09952482729;69078.52549602467;77317.99973512921;86540.25314108083;96862.50859274992;108415.9709538568;121347.4948009008;135821.4510731415;152021.8163702936;170154.5114554648;190450.0186878266;213166.3116533389;238592.1342356312;267050.6708003728;298903.6541519141;334555.9634717432;374460.7706856584;419125.3006744233;469117.2785435782;525072.1459047724;587701.13789258;657800.3235824071;736260.7247225839;824079.6413975459;922373.3285811875;1032391.184709951;1155531.632626961;1293359.894754076;1447627.888434013;1620296.494325686;1813560.480908265;2029876.401899315;2271993.821195295;2542990.262224833;2846310.325953354;3185809.474764127;3565803.038745301;3991121.067296888;4467169.723268114;4999999.999999929
2;2671194369484;50;phasez;-1.55297;-1.5528;-1.5525;-1.55191;-1.55155;-1.5512;-1.55066;-1.55009;-1.54933;-1.54846;-1.54747;-1.54631;-1.54501;-1.54343;-1.5417;-1.53977;-1.53745;-1.53502;-1.5322;-1.52908;-1.52553;-1.52149;-1.51707;-1.51204;-1.50643;-1.50014;-1.49313;-1.48524;-1.4764;-1.46652;-1.45542;-1.44298;-1.42906;-1.41342;-1.39588;-1.37622;-1.35412;-1.32928;-1.30136;-1.26993;-1.23452;-1.19458;-1.14946;-1.09837;-1.04036;-0.974497;-0.899417;-0.813677;-0.715584;-0.603162
3;2671514022455;20;absz;19683.7;16051.3;13084.7;10664;8693.44;7086.39;5775.45;4707.62;3836.37;3126.36;2547.13;2074.56;1689.1;1374.65;1117.93;908.408;737.483;598.401;485.95;396.455
3;2671514022455;20;frequency;99999.99999990905;122862.535599424;150952.0265389597;185463.4873444638;227865.1431623047;279960.8926363817;343967.05137965;422606.6409511731;519225.2346839865;637933.2888043621;783781.0140572543;962973.2274171232;1183133.324347452;1453627.601814205;1785963.729760951;2194280.323268956;2695948.443325946;3312310.615921419;4069588.809647371;4999999.999999929
3;2671514022455;20;phasez;-1.54079;-1.53748;-1.5332;-1.52792;-1.52134;-1.51325;-1.50323;-1.4908;-1.47545;-1.45653;-1.43315;-1.40426;-1.36854;-1.32426;-1.26924;-1.20059;-1.1144;-1.00559;-0.866888;-0.688792
