0;7481943441402;20;absz;1.37805e+08;1.00471e+08;7.32413e+07;5.33349e+07;3.88255e+07;2.82429e+07;2.05561e+07;1.49502e+07;1.08715e+07;7.90375e+06;5.74544e+06;4.17592e+06;3.03475e+06;2.20512e+06;1.6021e+06;1.16384e+06;845323;613878;445736;323578
0;7481943441402;20;frequency;9.999999974752427;13.86918846435492;19.23543905490988;26.67799336109056;37.00021196095804;51.31629158938722;71.17153245417285;98.70914048804025;136.9015682683994;189.8713664161278;263.3361782500288;365.2259113806622;506.5387032487934;702.5280792305466;974.3494403835484;1351.343611730726;1874.203936580443;2599.368780806799;3605.113577052066;4999.99999995282
0;7481943441402;20;phasez;-1.51342;-1.51607;-1.51873;-1.52142;-1.52339;-1.52486;-1.52656;-1.52776;-1.52884;-1.52965;-1.53025;-1.53066;-1.53088;-1.53082;-1.53041;-1.52956;-1.5281;-1.5258;-1.52233;-1.51722
1;7482714789911;50;absz;7.44678e+06;6.3706e+06;5.45631e+06;4.66895e+06;3.99413e+06;3.41657e+06;2.92594e+06;2.502e+06;2.14199e+06;1.83259e+06;1.5676e+06;1.34108e+06;1.14716e+06;981537;839682;718258;614367;525473;449497;384440;328806;281206;240491;205663;175874;150399;128607;109968;94033.8;80405.6;68750.6;58785;50262.9;42976.1;36744.8;31414.9;26856.6;22958.8;19625;16773.6;14334.2;12247.2;10461.7;8933.66;7625.3;6504.75;5544.63;4721.06;4013.89;3405.7
1;7482714789911;50;frequency;199.9999999213742;234.625769479635;275.2462588517801;322.8993264769997;378.802514688914;444.3841576318164;521.3198749487447;611.5753842550475;717.456725922716;841.6691823498468;987.3863981368913;1158.33146786315;1358.872060208682;1594.132014446359;1870.122253535556;2193.894364737048;2573.720768452858;3019.306079821149;3542.035062906734;4155.263512473084;4874.659497176026;5718.603679767398;6708.658946337209;7870.121340545211;9232.666380967203;10831.10727442716;12706.28439819177;14906.10877695531;17486.78621595445;20514.25336674129;24065.86241733066;28232.35745111674;33120.19296963342;38854.25382030405;45581.04601983359;53472.44000269313;62730.06193403319;73590.44528463698;86331.07429211862;101277.4737211686;118811.5260634959;139381.228686517;163512.140226203;191820.8086789974;225030.524286467;263989.7996954232;309694.0495706946;363311.0235703185;426210.642505751;499999.9999999716
1;7482714789911;50;phasez;-1.52946;-1.53091;-1.52988;-1.53214;-1.53133;-1.53242;-1.53264;-1.53351;-1.5336;-1.53405;-1.53438;-1.53454;-1.53494;-1.53507;-1.5356;-1.53583;-1.53587;-1.53615;-1.53635;-1.53644;-1.5366;-1.53664;-1.53668;-1.53666;-1.53656;-1.53637;-1.5361;-1.53572;-1.53522;-1.5346;-1.53382;-1.53288;-1.53175;-1.53039;-1.52878;-1.52688;-1.52462;-1.52193;-1.51876;-1.51501;-1.51056;-1.50529;-1.49905;-1.49165;-1.4829;-1.47251;-1.46018;-1.44549;-1.42794;-1.40685
2;7483485081542;50;absz;82808.4;74141.8;66382.5;59419.2;53203.6;47626;42633.8;38173.2;34167.7;30585.4;27378.7;24507.2;21936.9;19636.3;17577.2;15734.7;14084.7;12606.5;11283.8;10100.1;9039.98;8091.04;7242.11;6481.94;5801.49;5192.13;4646.8;4158.56;3721.23;3330;2979.7;2666.04;2385.22;2133.75;1908.64;1707.02;1526.47;1364.76;1219.93;1090.2;973.995;869.916;776.715;693.263;618.641;551.958;492.481;439.625;392.909;351.968
2;7483485081542;50;frequency;20000.00000002444;22385.53853899816;25055.61678390222;28044.17375656954;31389.19662092121;35133.2035329932;39323.78408414649;44014.2042055669;49264.08322518227;55140.1516811012;61717.09952482729;69078.52549602467;77317.99973512921;86540.25314108083;96862.50859274992;108415.9709538568;121347.4948009008;135821.4510731415;152021.8163702936;170154.5114554648;190450.0186878266;213166.3116533389;238592.1342356312;267050.6708003728;298903.6541519141;334555.9634717432;374460.7706856584;419125.3006744233;469117.2785435782;525072.1459047724;587701.13789258;657800.3235824071;736260.7247225839;824079.6413975459;922373.3285811875;1032391.184709951;1155531.632626961;1293359.894754076;1447627.888434013;1620296.494325686;1813560.480908265;2029876.401899315;2271993.821195295;2542990.262224833;2846310.325953354;3185809.474764127;3565803.038745301;3991121.067296888;4467169.723268114;4999999.999999929
2;7483485081542;50;phasez;-1.53818;-1.53802;-1.53785;-1.53743;-1.53707;-1.53669;-1.53615;-1.53553;-1.53477;-1.53398;-1.53305;-1.53193;-1.53061;-1.52915;-1.52747;-1.52563;-1.52351;-1.52109;-1.5184;-1.51536;-1.51193;-1.50814;-1.5038;-1.49895;-1.49351;-1.48741;-1.48058;-1.47288;-1.46427;-1.4546;-1.44377;-1.43159;-1.41792;-1.40259;-1.38536;-1.366;-1.34423;-1.31974;-1.29218;-1.26111;-1.22606;-1.18648;-1.1417;-1.09098;-1.03329;-0.967743;-0.892932;-0.807423;-0.709477;-0.597112
3;7483803126096;20;absz;17107.4;13976.7;11413.7;9321.74;7613.4;6216.72;5076.46;4144.77;3383.66;2761.9;2253.52;1837.98;1498.51;1220.78;993.638;807.818;655.874;531.942;431.414;351.059
3;7483803126096;20;frequency;99999.99999990905;122862.535599424;150952.0265389597;185463.4873444638;227865.1431623047;279960.8926363817;343967.05137965;422606.6409511731;519225.2346839865;637933.2888043621;783781.0140572543;962973.2274171232;1183133.324347452;1453627.601814205;1785963.729760951;2194280.323268956;2695948.443325946;3312310.615921419;4069588.809647371;4999999.999999929
3;7483803126096;20;phasez;-1.52661;-1.52341;-1.51943;-1.51437;-1.50809;-1.50026;-1.49052;-1.47848;-1.46354;-1.44507;-1.42218;-1.39386;-1.35873;-1.31509;-1.26073;-1.19275;-1.10721;-0.998954;-0.86068;-0.682765
