0;3570726980446;20;absz;1.62597e+08;1.18154e+08;8.58001e+07;6.22967e+07;4.5221e+07;3.28159e+07;2.38039e+07;1.72661e+07;1.252e+07;9.07823e+06;6.58107e+06;4.77057e+06;3.45763e+06;2.50558e+06;1.81542e+06;1.31519e+06;952646;689956;499661;361827
0;3570726980446;20;frequency;9.999999974752427;13.86918846435492;19.23543905490988;26.67799336109056;37.00021196095804;51.31629158938722;71.17153245417285;98.70914048804025;136.9015682683994;189.8713664161278;263.3361782500288;365.2259113806622;506.5387032487934;702.5280792305466;974.3494403835484;1351.343611730726;1874.203936580443;2599.368780806799;3605.113577052066;4999.99999995282
0;3570726980446;20;phasez;-1.53387;-1.53566;-1.53703;-1.53776;-1.53911;-1.54074;-1.54103;-1.54187;-1.54261;-1.54309;-1.54354;-1.54387;-1.54397;-1.54383;-1.54334;-1.54237;-1.54071;-1.53813;-1.53429;-1.52876
1;3571494452452;50;absz;8.5364e+06;7.3228e+06;6.24454e+06;5.34641e+06;4.56745e+06;3.90118e+06;3.33162e+06;2.84695e+06;2.43293e+06;2.07834e+06;1.77565e+06;1.51763e+06;1.29634e+06;1.10767e+06;946284;808318;690561;589922;503896;430469;367714;314108;268325;229205;195792;167254;142876;122051;104260;89063.7;76081.7;64991.8;55518;47424.5;40511;34603.5;29556.6;25243.4;21558.7;18410.2;15718.8;13418.5;11452.1;9770.56;8332.11;7101.42;6047.59;5144.63;4369.98;3704.41
1;3571494452452;50;frequency;199.9999999213742;234.625769479635;275.2462588517801;322.8993264769997;378.802514688914;444.3841576318164;521.3198749487447;611.5753842550475;717.456725922716;841.6691823498468;987.3863981368913;1158.33146786315;1358.872060208682;1594.132014446359;1870.122253535556;2193.894364737048;2573.720768452858;3019.306079821149;3542.035062906734;4155.263512473084;4874.659497176026;5718.603679767398;6708.658946337209;7870.121340545211;9232.666380967203;10831.10727442716;12706.28439819177;14906.10877695531;17486.78621595445;20514.25336674129;24065.86241733066;28232.35745111674;33120.19296963342;38854.25382030405;45581.04601983359;53472.44000269313;62730.06193403319;73590.44528463698;86331.07429211862;101277.4737211686;118811.5260634959;139381.228686517;163512.140226203;191820.8086789974;225030.524286467;263989.7996954232;309694.0495706946;363311.0235703185;426210.642505751;499999.9999999716
1;3571494452452;50;phasez;-1.54305;-1.54609;-1.54533;-1.54497;-1.54582;-1.54588;-1.54574;-1.54608;-1.54672;-1.547;-1.54742;-1.54749;-1.54774;-1.54793;-1.54812;-1.54817;-1.5482;-1.54829;-1.5483;-1.54826;-1.54819;-1.54805;-1.54784;-1.54758;-1.5473;-1.54691;-1.54645;-1.5459;-1.54523;-1.54446;-1.54356;-1.5425;-1.54126;-1.53981;-1.53811;-1.53614;-1.53381;-1.53108;-1.52786;-1.52407;-1.51959;-1.51431;-1.50807;-1.5007;-1.49197;-1.48162;-1.46933;-1.45468;-1.43718;-1.41612
2;3572265655735;50;absz;91798;82112.5;73451.9;65736.5;58794.7;52600.7;47067.7;42093.5;37659.8;33691.1;30138.9;26959.3;24120.9;21575.7;19298.6;17265.6;15444.7;13817;12359.5;11055.8;9889.14;8845.65;7912.51;7077.07;6329.94;5661.4;5063.48;4528.46;4049.72;3621.44;3238.28;2895.47;2588.72;2314.26;2068.72;1849;1652.39;1476.48;1319.01;1178.11;1052.01;939.171;838.202;747.889;667.241;595.257;531.118;474.205;423.95;380.02
2;3572265655735;50;frequency;20000.00000002444;22385.53853899816;25055.61678390222;28044.17375656954;31389.19662092121;35133.2035329932;39323.78408414649;44014.2042055669;49264.08322518227;55140.1516811012;61717.09952482729;69078.52549602467;77317.99973512921;86540.25314108083;96862.50859274992;108415.9709538568;121347.4948009008;135821.4510731415;152021.8163702936;170154.5114554648;190450.0186878266;213166.3116533389;238592.1342356312;267050.6708003728;298903.6541519141;334555.9634717432;374460.7706856584;419125.3006744233;469117.2785435782;525072.1459047724;587701.13789258;657800.3235824071;736260.7247225839;824079.6413975459;922373.3285811875;1032391.184709951;1155531.632626961;1293359.894754076;1447627.888434013;1620296.494325686;1813560.480908265;2029876.401899315;2271993.821195295;2542990.262224833;2846310.325953354;3185809.474764127;3565803.038745301;3991121.067296888;4467169.723268114;4999999.999999929
2;3572265655735;50;phasez;-1.54821;-1.54748;-1.54741;-1.54722;-1.5467;-1.54608;-1.5456;-1.54492;-1.54414;-1.54328;-1.54224;-1.5411;-1.53968;-1.5383;-1.53658;-1.53467;-1.53256;-1.53014;-1.52742;-1.52439;-1.521;-1.5172;-1.51289;-1.50806;-1.50264;-1.49655;-1.48975;-1.4821;-1.47351;-1.46385;-1.45303;-1.44085;-1.42719;-1.41184;-1.3946;-1.37521;-1.35341;-1.32887;-1.30125;-1.27013;-1.23504;-1.19539;-1.15056;-1.09978;-1.0421;-0.976545;-0.901779;-0.81635;-0.718549;-0.606403
3;3572584016933;20;absz;18787.6;15331.3;12507.8;10202.3;8321.91;6787.52;5535.6;4514.51;3680.73;3000.72;2445.36;1992.09;1622.18;1320.1;1073.41;871.981;707.577;573.74;465.428;379.105
3;3572584016933;20;frequency;99999.99999990905;122862.535599424;150952.0265389597;185463.4873444638;227865.1431623047;279960.8926363817;343967.05137965;422606.6409511731;519225.2346839865;637933.2888043621;783781.0140572543;962973.2274171232;1183133.324347452;1453627.601814205;1785963.729760951;2194280.323268956;2695948.443325946;3312310.615921419;4069588.809647371;4999999.999999929
3;3572584016933;20;phasez;-1.53555;-1.53247;-1.52851;-1.52342;-1.51717;-1.50938;-1.49969;-1.48769;-1.47279;-1.45434;-1.43145;-1.40308;-1.3679;-1.32417;-1.2697;-1.20163;-1.11602;-1.00776;-0.869619;-0.692053
