0;5113338668158;20;absz;1.4658e+08;1.06637e+08;7.76005e+07;5.64399e+07;4.10415e+07;2.98555e+07;2.16879e+07;1.57623e+07;1.14548e+07;8.32291e+06;6.04682e+06;4.3922e+06;3.18997e+06;2.31631e+06;1.68161e+06;1.22062e+06;885786;642704;466263;338213
0;5113338668158;20;frequency;9.999999974752427;13.86918846435492;19.23543905490988;26.67799336109056;37.00021196095804;51.31629158938722;71.17153245417285;98.70914048804025;136.9015682683994;189.8713664161278;263.3361782500288;365.2259113806622;506.5387032487934;702.5280792305466;974.3494403835484;1351.343611730726;1874.203936580443;2599.368780806799;3605.113577052066;4999.99999995282
0;5113338668158;20;phasez;-1.52472;-1.52616;-1.52768;-1.52856;-1.52969;-1.53065;-1.5315;-1.53215;-1.53278;-1.53335;-1.53374;-1.53417;-1.53441;-1.53444;-1.53415;-1.53342;-1.532;-1.52969;-1.52616;-1.52098
1;5114108083506;50;absz;7.85437e+06;6.71014e+06;5.74381e+06;4.90709e+06;4.20157e+06;3.59662e+06;3.07538e+06;2.62981e+06;2.24989e+06;1.924e+06;1.64524e+06;1.407e+06;1.20314e+06;1.02886e+06;879840;752307;643189;549989;470215;402011;343691;293826;251188;214724;183557;156911;134127;114649;97998.8;83764.4;71596;61195.6;52303.6;44702.3;38205.6;32651.2;27904.2;23845.6;20376.1;17409.9;14873.5;12704.6;10849.5;9262.21;7903.76;6740.67;5744.29;4889.79;4156.26;3525.6
1;5114108083506;50;frequency;199.9999999213742;234.625769479635;275.2462588517801;322.8993264769997;378.802514688914;444.3841576318164;521.3198749487447;611.5753842550475;717.456725922716;841.6691823498468;987.3863981368913;1158.33146786315;1358.872060208682;1594.132014446359;1870.122253535556;2193.894364737048;2573.720768452858;3019.306079821149;3542.035062906734;4155.263512473084;4874.659497176026;5718.603679767398;6708.658946337209;7870.121340545211;9232.666380967203;10831.10727442716;12706.28439819177;14906.10877695531;17486.78621595445;20514.25336674129;24065.86241733066;28232.35745111674;33120.19296963342;38854.25382030405;45581.04601983359;53472.44000269313;62730.06193403319;73590.44528463698;86331.07429211862;101277.4737211686;118811.5260634959;139381.228686517;163512.140226203;191820.8086789974;225030.524286467;263989.7996954232;309694.0495706946;363311.0235703185;426210.642505751;499999.9999999716
1;5114108083506;50;phasez;-1.53313;-1.53495;-1.53594;-1.53531;-1.53602;-1.53653;-1.53671;-1.5369;-1.53715;-1.53759;-1.5379;-1.53857;-1.53882;-1.53902;-1.53935;-1.5397;-1.53978;-1.54005;-1.54016;-1.54032;-1.5404;-1.54046;-1.54041;-1.54037;-1.54025;-1.54003;-1.53976;-1.53936;-1.53887;-1.53825;-1.53745;-1.5365;-1.53535;-1.53396;-1.53231;-1.53036;-1.52804;-1.52529;-1.52204;-1.51821;-1.5137;-1.50837;-1.50209;-1.49468;-1.48592;-1.47555;-1.46326;-1.44863;-1.43115;-1.41015
2;5114877945850;50;absz;86346.5;77253.9;69128.9;61885;55393;49568.5;44361.7;39699.1;35532.7;31797.2;28452.8;25462.4;22787.3;20393.4;18250.8;16332.4;14616.8;13080.6;11706.2;10475.7;9374.9;8389.18;7507.29;6717.93;6011.32;5379.17;4813.17;4306.56;3853.13;3447.21;3083.91;2758.67;2467.52;2206.88;1973.56;1764.69;1577.68;1410.22;1260.27;1126.02;1005.79;898.145;801.799;715.533;638.441;569.586;508.19;453.655;405.477;363.297
2;5114877945850;50;frequency;20000.00000002444;22385.53853899816;25055.61678390222;28044.17375656954;31389.19662092121;35133.2035329932;39323.78408414649;44014.2042055669;49264.08322518227;55140.1516811012;61717.09952482729;69078.52549602467;77317.99973512921;86540.25314108083;96862.50859274992;108415.9709538568;121347.4948009008;135821.4510731415;152021.8163702936;170154.5114554648;190450.0186878266;213166.3116533389;238592.1342356312;267050.6708003728;298903.6541519141;334555.9634717432;374460.7706856584;419125.3006744233;469117.2785435782;525072.1459047724;587701.13789258;657800.3235824071;736260.7247225839;824079.6413975459;922373.3285811875;1032391.184709951;1155531.632626961;1293359.894754076;1447627.888434013;1620296.494325686;1813560.480908265;2029876.401899315;2271993.821195295;2542990.262224833;2846310.325953354;3185809.474764127;3565803.038745301;3991121.067296888;4467169.723268114;4999999.999999929
2;5114877945850;50;phasez;-1.54165;-1.54193;-1.54153;-1.54099;-1.54074;-1.54034;-1.53973;-1.53897;-1.53829;-1.5375;-1.53639;-1.53527;-1.53392;-1.53243;-1.53073;-1.52875;-1.52662;-1.5242;-1.52144;-1.51841;-1.51498;-1.51114;-1.50683;-1.50199;-1.4966;-1.49051;-1.48371;-1.47609;-1.46751;-1.45792;-1.44713;-1.43501;-1.42142;-1.40615;-1.38899;-1.36969;-1.34799;-1.32356;-1.29606;-1.26506;-1.2301;-1.1906;-1.14591;-1.09528;-1.03774;-0.972322;-0.897688;-0.81238;-0.714682;-0.60262
3;5115197425737;20;absz;17771.4;14510.8;11844.6;9670.42;7895.48;6444.63;5261.08;4293.59;3503.82;2858.81;2331.63;1900.82;1549.08;1261.45;1026.33;834.102;677.048;549.032;445.283;362.443
3;5115197425737;20;frequency;99999.99999990905;122862.535599424;150952.0265389597;185463.4873444638;227865.1431623047;279960.8926363817;343967.05137965;422606.6409511731;519225.2346839865;637933.2888043621;783781.0140572543;962973.2274171232;1183133.324347452;1453627.601814205;1785963.729760951;2194280.323268956;2695948.443325946;3312310.615921419;4069588.809647371;4999999.999999929
3;5115197425737;20;phasez;-1.52986;-1.52659;-1.52247;-1.5174;-1.5111;-1.5033;-1.49365;-1.48167;-1.46684;-1.44848;-1.42572;-1.39751;-1.36251;-1.31899;-1.26476;-1.19693;-1.1116;-1.00359;-0.865674;-0.68827
