0;6669962146676;20;absz;1.39592e+08;1.01707e+08;7.40595e+07;5.3916e+07;3.92539e+07;2.85756e+07;2.0774e+07;1.51048e+07;1.09827e+07;7.98365e+06;5.80277e+06;4.2171e+06;3.06422e+06;2.2263e+06;1.61723e+06;1.17464e+06;853018;619363;449614;326332
0;6669962146676;20;frequency;9.999999974752427;13.86918846435492;19.23543905490988;26.67799336109056;37.00021196095804;51.31629158938722;71.17153245417285;98.70914048804025;136.9015682683994;189.8713664161278;263.3361782500288;365.2259113806622;506.5387032487934;702.5280792305466;974.3494403835484;1351.343611730726;1874.203936580443;2599.368780806799;3605.113577052066;4999.99999995282
0;6669962146676;20;phasez;-1.51598;-1.51892;-1.52085;-1.52283;-1.52483;-1.52633;-1.52752;-1.52869;-1.52964;-1.53045;-1.531;-1.5314;-1.53161;-1.53155;-1.5312;-1.53038;-1.52896;-1.52669;-1.52323;-1.51812
1;6670733293249;50;absz;7.51205e+06;6.44602e+06;5.5057e+06;4.71269e+06;4.034e+06;3.45175e+06;2.95374e+06;2.5267e+06;2.16108e+06;1.84925e+06;1.58233e+06;1.3537e+06;1.15809e+06;990478;847244;724755;619848;530148;453408;387754;331595;283565;242480;207343;177298;151599;129626;110832;94763.3;81023.8;69274.1;59228.4;50638.2;43293;37013.2;31642.8;27050.1;23122.8;19764.1;16891.6;14434.5;12332.1;10533.6;8994.54;7677.01;6548.62;5581.67;4752.4;4040.34;3428.06
1;6670733293249;50;frequency;199.9999999213742;234.625769479635;275.2462588517801;322.8993264769997;378.802514688914;444.3841576318164;521.3198749487447;611.5753842550475;717.456725922716;841.6691823498468;987.3863981368913;1158.33146786315;1358.872060208682;1594.132014446359;1870.122253535556;2193.894364737048;2573.720768452858;3019.306079821149;3542.035062906734;4155.263512473084;4874.659497176026;5718.603679767398;6708.658946337209;7870.121340545211;9232.666380967203;10831.10727442716;12706.28439819177;14906.10877695531;17486.78621595445;20514.25336674129;24065.86241733066;28232.35745111674;33120.19296963342;38854.25382030405;45581.04601983359;53472.44000269313;62730.06193403319;73590.44528463698;86331.07429211862;101277.4737211686;118811.5260634959;139381.228686517;163512.140226203;191820.8086789974;225030.524286467;263989.7996954232;309694.0495706946;363311.0235703185;426210.642505751;499999.9999999716
1;6670733293249;50;phasez;-1.53259;-1.53316;-1.53312;-1.53238;-1.53356;-1.53459;-1.53344;-1.53416;-1.5343;-1.53496;-1.53522;-1.53557;-1.5358;-1.53608;-1.53625;-1.53661;-1.53682;-1.53704;-1.53727;-1.53744;-1.53751;-1.53759;-1.5376;-1.53751;-1.53742;-1.53721;-1.53691;-1.5365;-1.53599;-1.53534;-1.53453;-1.53357;-1.53242;-1.53104;-1.52942;-1.5275;-1.52523;-1.52254;-1.51935;-1.51559;-1.51113;-1.50585;-1.4996;-1.4922;-1.48344;-1.47306;-1.46073;-1.44605;-1.42852;-1.40744
2;6671501293483;50;absz;83466.9;74728.6;66889.6;59893.1;53614.6;47989.8;42953.5;38450.1;34424.4;30812.7;27576.9;24685.9;22096.5;19777;17703.1;15845.8;14184.3;12695.2;11363.2;10170.4;9102.77;8147.1;7291.58;6526.03;5840.64;5227.22;4677.93;4186.21;3746.14;3352.16;2999.33;2683.49;2400.73;2147.52;1920.85;1717.88;1536.12;1373.31;1227.51;1096.93;979.96;875.209;781.411;697.425;622.346;555.252;495.406;442.249;395.246;354.082
2;6671501293483;50;frequency;20000.00000002444;22385.53853899816;25055.61678390222;28044.17375656954;31389.19662092121;35133.2035329932;39323.78408414649;44014.2042055669;49264.08322518227;55140.1516811012;61717.09952482729;69078.52549602467;77317.99973512921;86540.25314108083;96862.50859274992;108415.9709538568;121347.4948009008;135821.4510731415;152021.8163702936;170154.5114554648;190450.0186878266;213166.3116533389;238592.1342356312;267050.6708003728;298903.6541519141;334555.9634717432;374460.7706856584;419125.3006744233;469117.2785435782;525072.1459047724;587701.13789258;657800.3235824071;736260.7247225839;824079.6413975459;922373.3285811875;1032391.184709951;1155531.632626961;1293359.894754076;1447627.888434013;1620296.494325686;1813560.480908265;2029876.401899315;2271993.821195295;2542990.262224833;2846310.325953354;3185809.474764127;3565803.038745301;3991121.067296888;4467169.723268114;4999999.999999929
2;6671501293483;50;phasez;-1.53878;-1.53894;-1.53863;-1.53837;-1.53785;-1.53749;-1.5369;-1.53633;-1.53538;-1.53463;-1.53351;-1.53243;-1.53116;-1.5297;-1.52812;-1.52618;-1.52404;-1.52168;-1.51898;-1.5159;-1.51248;-1.50865;-1.50435;-1.4995;-1.49406;-1.48797;-1.48115;-1.47345;-1.46485;-1.45518;-1.44437;-1.43221;-1.41856;-1.40324;-1.38603;-1.36668;-1.34495;-1.32048;-1.29292;-1.26186;-1.22683;-1.18727;-1.14251;-1.09177;-1.03414;-0.968603;-0.893821;-0.808336;-0.710426;-0.598102
3;6671819124570;20;absz;17236.7;14079.5;11496.7;9388.71;7667.24;6260.14;5111.66;4173.16;3406.64;2780.43;2268.47;1850;1508.2;1228.56;999.878;812.84;659.916;535.197;434.052;353.221
3;6671819124570;20;frequency;99999.99999990905;122862.535599424;150952.0265389597;185463.4873444638;227865.1431623047;279960.8926363817;343967.05137965;422606.6409511731;519225.2346839865;637933.2888043621;783781.0140572543;962973.2274171232;1183133.324347452;1453627.601814205;1785963.729760951;2194280.323268956;2695948.443325946;3312310.615921419;4069588.809647371;4999999.999999929
3;6671819124570;20;phasez;-1.52724;-1.52405;-1.52002;-1.51489;-1.50867;-1.50079;-1.4911;-1.47905;-1.46414;-1.44568;-1.42284;-1.39454;-1.35944;-1.31583;-1.26149;-1.19354;-1.10804;-0.999814;-0.861591;-0.683751
