0;8977336100608;20;absz;1.36492e+08;9.9549e+07;7.25167e+07;5.2827e+07;3.84642e+07;2.80088e+07;2.03762e+07;1.48239e+07;1.07817e+07;7.84059e+06;5.70024e+06;4.14369e+06;3.01159e+06;2.18847e+06;1.59011e+06;1.15517e+06;839085;609403;442516;321274
0;8977336100608;20;frequency;9.999999974752427;13.86918846435492;19.23543905490988;26.67799336109056;37.00021196095804;51.31629158938722;71.17153245417285;98.70914048804025;136.9015682683994;189.8713664161278;263.3361782500288;365.2259113806622;506.5387032487934;702.5280792305466;974.3494403835484;1351.343611730726;1874.203936580443;2599.368780806799;3605.113577052066;4999.99999995282
0;8977336100608;20;phasez;-1.51146;-1.5147;-1.51775;-1.51986;-1.52189;-1.52373;-1.52534;-1.52661;-1.52782;-1.52873;-1.52946;-1.53002;-1.53034;-1.53034;-1.52998;-1.52917;-1.5277;-1.52537;-1.52187;-1.51673
1;8978104194076;50;absz;7.39657e+06;6.32293e+06;5.40325e+06;4.63078e+06;3.96418e+06;3.39183e+06;2.9038e+06;2.48375e+06;2.125e+06;1.81872e+06;1.55572e+06;1.33086e+06;1.13864e+06;974265;833432;712918;609846;521681;446247;381684;326450;279212;238793;204223;174654;149363;127730;109230;93404.2;79871.8;68299.1;58402.2;49938.1;42699.8;36509.4;31215.8;26687.9;22815.9;19504;16671.3;14248;12174.7;10400.4;8881.62;7581.47;6467.86;5513.49;4694.86;3991.83;3387.26
1;8978104194076;50;frequency;199.9999999213742;234.625769479635;275.2462588517801;322.8993264769997;378.802514688914;444.3841576318164;521.3198749487447;611.5753842550475;717.456725922716;841.6691823498468;987.3863981368913;1158.33146786315;1358.872060208682;1594.132014446359;1870.122253535556;2193.894364737048;2573.720768452858;3019.306079821149;3542.035062906734;4155.263512473084;4874.659497176026;5718.603679767398;6708.658946337209;7870.121340545211;9232.666380967203;10831.10727442716;12706.28439819177;14906.10877695531;17486.78621595445;20514.25336674129;24065.86241733066;28232.35745111674;33120.19296963342;38854.25382030405;45581.04601983359;53472.44000269313;62730.06193403319;73590.44528463698;86331.07429211862;101277.4737211686;118811.5260634959;139381.228686517;163512.140226203;191820.8086789974;225030.524286467;263989.7996954232;309694.0495706946;363311.0235703185;426210.642505751;499999.9999999716
1;8978104194076;50;phasez;-1.52929;-1.53102;-1.53037;-1.53231;-1.53167;-1.53236;-1.53237;-1.53258;-1.53279;-1.53381;-1.53401;-1.53409;-1.5345;-1.53486;-1.53508;-1.53525;-1.53551;-1.53571;-1.53587;-1.53601;-1.53616;-1.53618;-1.53618;-1.53614;-1.53604;-1.53584;-1.53556;-1.53518;-1.53467;-1.53404;-1.53326;-1.53232;-1.53118;-1.52982;-1.5282;-1.52628;-1.524;-1.5213;-1.51812;-1.51434;-1.50988;-1.50459;-1.49834;-1.49094;-1.48217;-1.47178;-1.45943;-1.44473;-1.42717;-1.40605
2;8978875329430;50;absz;82258.1;73644.9;65934.1;59036.6;52859.2;47313.7;42366.8;37926.2;33951.3;30389.7;27203.1;24352.9;21802.4;19516.6;17470.3;15638.7;13999.3;12531.1;11217.2;10040.5;8987.79;8044.57;7200.47;6444.98;5768.3;5162.88;4620.89;4135.47;3700.94;3311.91;2963.7;2651.85;2372.66;2122.72;1898.82;1698.34;1518.82;1358.03;1213.98;1084.95;969.363;865.871;773.175;690.136;615.897;549.541;490.341;437.735;391.22;350.459
2;8978875329430;50;frequency;20000.00000002444;22385.53853899816;25055.61678390222;28044.17375656954;31389.19662092121;35133.2035329932;39323.78408414649;44014.2042055669;49264.08322518227;55140.1516811012;61717.09952482729;69078.52549602467;77317.99973512921;86540.25314108083;96862.50859274992;108415.9709538568;121347.4948009008;135821.4510731415;152021.8163702936;170154.5114554648;190450.0186878266;213166.3116533389;238592.1342356312;267050.6708003728;298903.6541519141;334555.9634717432;374460.7706856584;419125.3006744233;469117.2785435782;525072.1459047724;587701.13789258;657800.3235824071;736260.7247225839;824079.6413975459;922373.3285811875;1032391.184709951;1155531.632626961;1293359.894754076;1447627.888434013;1620296.494325686;1813560.480908265;2029876.401899315;2271993.821195295;2542990.262224833;2846310.325953354;3185809.474764127;3565803.038745301;3991121.067296888;4467169.723268114;4999999.999999929
2;8978875329430;50;phasez;-1.53765;-1.5377;-1.53722;-1.53696;-1.53667;-1.53623;-1.53568;-1.53499;-1.53424;-1.53336;-1.5324;-1.53126;-1.53;-1.52852;-1.52684;-1.52492;-1.52283;-1.52038;-1.51773;-1.51468;-1.51127;-1.50741;-1.50309;-1.49824;-1.4928;-1.48669;-1.47983;-1.47212;-1.46348;-1.45379;-1.44293;-1.43073;-1.41703;-1.40166;-1.38441;-1.36503;-1.34323;-1.31872;-1.29112;-1.26004;-1.22497;-1.18535;-1.14057;-1.08979;-1.03212;-0.966539;-0.891704;-0.806162;-0.708174;-0.595754
3;8979194576528;20;absz;17004.4;13893.4;11347;9267.91;7570.18;6181.61;5048.51;4122.1;3365.62;2747.29;2241.86;1828.67;1491.11;1214.87;988.958;804.126;652.961;529.629;429.574;349.571
3;8979194576528;20;frequency;99999.99999990905;122862.535599424;150952.0265389597;185463.4873444638;227865.1431623047;279960.8926363817;343967.05137965;422606.6409511731;519225.2346839865;637933.2888043621;783781.0140572543;962973.2274171232;1183133.324347452;1453627.601814205;1785963.729760951;2194280.323268956;2695948.443325946;3312310.615921419;4069588.809647371;4999999.999999929
3;8979194576528;20;phasez;-1.52598;-1.52286;-1.51876;-1.51369;-1.50733;-1.49952;-1.48979;-1.47769;-1.46273;-1.4442;-1.42129;-1.3929;-1.35771;-1.31403;-1.25962;-1.19159;-1.10601;-0.997692;-0.859354;-0.681346
