0;3573519878112;20;absz;1.62594e+08;1.18169e+08;8.57945e+07;6.22808e+07;4.52088e+07;3.27859e+07;2.38003e+07;1.72613e+07;1.25177e+07;9.0764e+06;6.58049e+06;4.7699e+06;3.45708e+06;2.50523e+06;1.81519e+06;1.31501e+06;952487;689859;499578;361769
0;3573519878112;20;frequency;9.999999974752427;13.86918846435492;19.23543905490988;26.67799336109056;37.00021196095804;51.31629158938722;71.17153245417285;98.70914048804025;136.9015682683994;189.8713664161278;263.3361782500288;365.2259113806622;506.5387032487934;702.5280792305466;974.3494403835484;1351.343611730726;1874.203936580443;2599.368780806799;3605.113577052066;4999.99999995282
0;3573519878112;20;phasez;-1.5349;-1.53554;-1.53653;-1.53817;-1.53904;-1.54002;-1.541;-1.54186;-1.54253;-1.54307;-1.5435;-1.54384;-1.54395;-1.54381;-1.54331;-1.54235;-1.5407;-1.53812;-1.53428;-1.52875
1;3574289113259;50;absz;8.54455e+06;7.31971e+06;6.23688e+06;5.34037e+06;4.55936e+06;3.89778e+06;3.33163e+06;2.84729e+06;2.43346e+06;2.07883e+06;1.77557e+06;1.51742e+06;1.29641e+06;1.10742e+06;946104;808251;690455;589802;503862;430406;367675;314065;268282;229173;195771;167235;142856;122034;104246;89051.2;76072.1;64984.1;55511.7;47419.1;40505.3;34599.1;29552.2;25240.3;21556;18407.7;15716.9;13416.9;11450.6;9769.32;8331.27;7100.64;6047.04;5144.09;4369.47;3704
1;3574289113259;50;frequency;199.9999999213742;234.625769479635;275.2462588517801;322.8993264769997;378.802514688914;444.3841576318164;521.3198749487447;611.5753842550475;717.456725922716;841.6691823498468;987.3863981368913;1158.33146786315;1358.872060208682;1594.132014446359;1870.122253535556;2193.894364737048;2573.720768452858;3019.306079821149;3542.035062906734;4155.263512473084;4874.659497176026;5718.603679767398;6708.658946337209;7870.121340545211;9232.666380967203;10831.10727442716;12706.28439819177;14906.10877695531;17486.78621595445;20514.25336674129;24065.86241733066;28232.35745111674;33120.19296963342;38854.25382030405;45581.04601983359;53472.44000269313;62730.06193403319;73590.44528463698;86331.07429211862;101277.4737211686;118811.5260634959;139381.228686517;163512.140226203;191820.8086789974;225030.524286467;263989.7996954232;309694.0495706946;363311.0235703185;426210.642505751;499999.9999999716
1;3574289113259;50;phasez;-1.54515;-1.54303;-1.54501;-1.5446;-1.54531;-1.5461;-1.54593;-1.54649;-1.54643;-1.54657;-1.54716;-1.54744;-1.54767;-1.54768;-1.54807;-1.54817;-1.54827;-1.54828;-1.54827;-1.54827;-1.54817;-1.54803;-1.54785;-1.5476;-1.54729;-1.54691;-1.54644;-1.54588;-1.54523;-1.54444;-1.54354;-1.54249;-1.54125;-1.5398;-1.5381;-1.53612;-1.5338;-1.53106;-1.52785;-1.52405;-1.51958;-1.5143;-1.50806;-1.50069;-1.49196;-1.48161;-1.46932;-1.45468;-1.43716;-1.41611
2;3575059268867;50;absz;91747.3;82102.1;73435.5;65707.1;58787.5;52590.6;47054.4;42092;37660.7;33684.8;30134.2;26958.4;24115.1;21572.1;19297.4;17262.5;15442.8;13814.2;12357.4;11053.5;9887.28;8844.21;7910.83;7075.93;6328.84;5660.4;5062.55;4527.49;4048.92;3620.77;3237.68;2894.96;2588.3;2313.91;2068.38;1848.68;1652.13;1476.22;1318.8;1177.89;1051.83;939.016;838.069;747.755;667.142;595.155;531.027;474.119;423.894;379.962
2;3575059268867;50;frequency;20000.00000002444;22385.53853899816;25055.61678390222;28044.17375656954;31389.19662092121;35133.2035329932;39323.78408414649;44014.2042055669;49264.08322518227;55140.1516811012;61717.09952482729;69078.52549602467;77317.99973512921;86540.25314108083;96862.50859274992;108415.9709538568;121347.4948009008;135821.4510731415;152021.8163702936;170154.5114554648;190450.0186878266;213166.3116533389;238592.1342356312;267050.6708003728;298903.6541519141;334555.9634717432;374460.7706856584;419125.3006744233;469117.2785435782;525072.1459047724;587701.13789258;657800.3235824071;736260.7247225839;824079.6413975459;922373.3285811875;1032391.184709951;1155531.632626961;1293359.894754076;1447627.888434013;1620296.494325686;1813560.480908265;2029876.401899315;2271993.821195295;2542990.262224833;2846310.325953354;3185809.474764127;3565803.038745301;3991121.067296888;4467169.723268114;4999999.999999929
2;3575059268867;50;phasez;-1.54836;-1.54766;-1.54735;-1.54698;-1.54656;-1.546;-1.54548;-1.54475;-1.54422;-1.54324;-1.54222;-1.54108;-1.53966;-1.53825;-1.53654;-1.53465;-1.53256;-1.53011;-1.52739;-1.52443;-1.52099;-1.51716;-1.51289;-1.50804;-1.50264;-1.49657;-1.48975;-1.48209;-1.4735;-1.46385;-1.45301;-1.44084;-1.42717;-1.41183;-1.39456;-1.37518;-1.35337;-1.32884;-1.30122;-1.2701;-1.235;-1.19535;-1.15053;-1.09975;-1.04207;-0.976518;-0.901746;-0.816322;-0.718519;-0.606385
3;3575378455978;20;absz;18785.5;15328.3;12505.5;10199.3;8320.17;6786.28;5534.56;4513.48;3679.91;3000.01;2444.84;1991.66;1621.84;1319.85;1073.24;871.84;707.473;573.656;465.354;379.038
3;3575378455978;20;frequency;99999.99999990905;122862.535599424;150952.0265389597;185463.4873444638;227865.1431623047;279960.8926363817;343967.05137965;422606.6409511731;519225.2346839865;637933.2888043621;783781.0140572543;962973.2274171232;1183133.324347452;1453627.601814205;1785963.729760951;2194280.323268956;2695948.443325946;3312310.615921419;4069588.809647371;4999999.999999929
3;3575378455978;20;phasez;-1.53576;-1.5325;-1.52846;-1.52345;-1.51714;-1.50938;-1.4997;-1.48768;-1.47282;-1.45433;-1.43142;-1.40306;-1.36787;-1.32414;-1.26967;-1.20158;-1.11598;-1.00772;-0.86958;-0.692037
