0;4254074242286;20;absz;1.54102e+08;1.12143e+08;8.14448e+07;5.92154e+07;4.3028e+07;3.12637e+07;2.27038e+07;1.6487e+07;1.19715e+07;8.69103e+06;6.30847e+06;4.57816e+06;3.32195e+06;2.41001e+06;1.74815e+06;1.26781e+06;919290;666490;483120;350145
0;4254074242286;20;frequency;9.999999974752427;13.86918846435492;19.23543905490988;26.67799336109056;37.00021196095804;51.31629158938722;71.17153245417285;98.70914048804025;136.9015682683994;189.8713664161278;263.3361782500288;365.2259113806622;506.5387032487934;702.5280792305466;974.3494403835484;1351.343611730726;1874.203936580443;2599.368780806799;3605.113577052066;4999.99999995282
0;4254074242286;20;phasez;-1.52907;-1.53039;-1.53154;-1.53237;-1.53348;-1.53396;-1.53506;-1.53596;-1.53677;-1.53741;-1.5379;-1.53832;-1.53855;-1.53855;-1.53821;-1.53741;-1.53595;-1.5336;-1.53002;-1.52479
1;4254844278682;50;absz;8.19242e+06;6.99928e+06;5.99229e+06;5.11738e+06;4.38045e+06;3.74532e+06;3.20372e+06;2.73778e+06;2.34097e+06;2.00068e+06;1.71021e+06;1.46189e+06;1.24956e+06;1.06827e+06;913113;780360;667009;570077;487203;416369;355815;304072;259835;222040;189733;162127;138535;118373;101147;86423.3;73845.6;63097.5;53914.4;46068.9;39364.5;33634.9;28738.3;24553.2;20977;17919.7;15306;13071.5;11160.2;9525.22;8126.04;6928.44;5902.66;5023.17;4268.41;3619.62
1;4254844278682;50;frequency;199.9999999213742;234.625769479635;275.2462588517801;322.8993264769997;378.802514688914;444.3841576318164;521.3198749487447;611.5753842550475;717.456725922716;841.6691823498468;987.3863981368913;1158.33146786315;1358.872060208682;1594.132014446359;1870.122253535556;2193.894364737048;2573.720768452858;3019.306079821149;3542.035062906734;4155.263512473084;4874.659497176026;5718.603679767398;6708.658946337209;7870.121340545211;9232.666380967203;10831.10727442716;12706.28439819177;14906.10877695531;17486.78621595445;20514.25336674129;24065.86241733066;28232.35745111674;33120.19296963342;38854.25382030405;45581.04601983359;53472.44000269313;62730.06193403319;73590.44528463698;86331.07429211862;101277.4737211686;118811.5260634959;139381.228686517;163512.140226203;191820.8086789974;225030.524286467;263989.7996954232;309694.0495706946;363311.0235703185;426210.642505751;499999.9999999716
1;4254844278682;50;phasez;-1.53899;-1.5369;-1.53758;-1.53858;-1.53985;-1.5407;-1.54061;-1.5412;-1.54118;-1.5417;-1.54192;-1.54235;-1.54266;-1.54295;-1.54325;-1.5435;-1.54373;-1.54386;-1.54402;-1.54413;-1.54418;-1.54422;-1.54413;-1.54405;-1.54386;-1.5436;-1.54322;-1.54275;-1.54216;-1.54141;-1.54053;-1.53945;-1.53818;-1.53668;-1.53492;-1.53288;-1.53049;-1.5277;-1.52443;-1.52059;-1.51608;-1.51079;-1.50455;-1.49718;-1.48847;-1.47816;-1.46591;-1.45134;-1.43389;-1.41291
2;4255612383012;50;absz;89078.7;79682.6;71301.9;63799.6;57090.8;51086.7;45715.5;40905;36599.8;32747.2;29302.3;26221.3;23461.2;20992.7;18783.7;16808.4;15040.3;13457.5;12041.4;10775.2;9640.7;8625.53;7717.53;6904.73;6177.59;5526.66;4944.16;4422.84;3956.39;3538.83;3165.16;2830.82;2531.5;2263.63;2023.88;1809.31;1617.23;1445.31;1291.4;1153.63;1030.3;919.902;821.107;732.7;653.723;583.177;520.323;464.524;415.239;372.111
2;4255612383012;50;frequency;20000.00000002444;22385.53853899816;25055.61678390222;28044.17375656954;31389.19662092121;35133.2035329932;39323.78408414649;44014.2042055669;49264.08322518227;55140.1516811012;61717.09952482729;69078.52549602467;77317.99973512921;86540.25314108083;96862.50859274992;108415.9709538568;121347.4948009008;135821.4510731415;152021.8163702936;170154.5114554648;190450.0186878266;213166.3116533389;238592.1342356312;267050.6708003728;298903.6541519141;334555.9634717432;374460.7706856584;419125.3006744233;469117.2785435782;525072.1459047724;587701.13789258;657800.3235824071;736260.7247225839;824079.6413975459;922373.3285811875;1032391.184709951;1155531.632626961;1293359.894754076;1447627.888434013;1620296.494325686;1813560.480908265;2029876.401899315;2271993.821195295;2542990.262224833;2846310.325953354;3185809.474764127;3565803.038745301;3991121.067296888;4467169.723268114;4999999.999999929
2;4255612383012;50;phasez;-1.54514;-1.54462;-1.54437;-1.54409;-1.54357;-1.54312;-1.54252;-1.5416;-1.54098;-1.53999;-1.53895;-1.53776;-1.53634;-1.53476;-1.53307;-1.53117;-1.52897;-1.52659;-1.5239;-1.5209;-1.51751;-1.51369;-1.50941;-1.50463;-1.49922;-1.4932;-1.48641;-1.47882;-1.47028;-1.46066;-1.44988;-1.43779;-1.4242;-1.40893;-1.39175;-1.37245;-1.35074;-1.3263;-1.29877;-1.26776;-1.23277;-1.19324;-1.14853;-1.09785;-1.0403;-0.974856;-0.900203;-0.81488;-0.717196;-0.605166
3;4255931143993;20;absz;18287;14929.1;12185.8;9944.16;8116.5;6623.14;5404.4;4409.56;3596.8;2933.56;2391.62;1949.06;1587.79;1292.53;1051.31;854.185;693.235;562.12;455.928;371.219
3;4255931143993;20;frequency;99999.99999990905;122862.535599424;150952.0265389597;185463.4873444638;227865.1431623047;279960.8926363817;343967.05137965;422606.6409511731;519225.2346839865;637933.2888043621;783781.0140572543;962973.2274171232;1183133.324347452;1453627.601814205;1785963.729760951;2194280.323268956;2695948.443325946;3312310.615921419;4069588.809647371;4999999.999999929
3;4255931143993;20;phasez;-1.53219;-1.52899;-1.52494;-1.5199;-1.51367;-1.50594;-1.49634;-1.48439;-1.4696;-1.45126;-1.42851;-1.40028;-1.36525;-1.3217;-1.26744;-1.19956;-1.11418;-1.00613;-0.8682;-0.690851
