0;4973821816932;20;absz;1.47519e+08;1.07404e+08;7.81386e+07;5.68159e+07;4.13075e+07;3.0041e+07;2.18239e+07;1.58589e+07;1.1525e+07;8.37308e+06;6.08249e+06;4.41793e+06;3.20822e+06;2.32938e+06;1.69091e+06;1.2272e+06;890490;646052;468644;339905
0;4973821816932;20;frequency;9.999999974752427;13.86918846435492;19.23543905490988;26.67799336109056;37.00021196095804;51.31629158938722;71.17153245417285;98.70914048804025;136.9015682683994;189.8713664161278;263.3361782500288;365.2259113806622;506.5387032487934;702.5280792305466;974.3494403835484;1351.343611730726;1874.203936580443;2599.368780806799;3605.113577052066;4999.99999995282
0;4973821816932;20;phasez;-1.52574;-1.52723;-1.52816;-1.52957;-1.53008;-1.53152;-1.53193;-1.53262;-1.53317;-1.53376;-1.53424;-1.53465;-1.5349;-1.53493;-1.53466;-1.53389;-1.5325;-1.5302;-1.52668;-1.52151
1;4974591084073;50;absz;7.89043e+06;6.75235e+06;5.77636e+06;4.94103e+06;4.22662e+06;3.61626e+06;3.09104e+06;2.64496e+06;2.26156e+06;1.93459e+06;1.65454e+06;1.41479e+06;1.20983e+06;1.03437e+06;884572;756259;646576;552791;472611;404045;345410;295266;252408;215764;184433;157646;134750;115176;98443.6;84140.8;71914.4;61464.1;52530.4;44895.5;38368.8;32790.2;28021.9;23945.6;20460.6;17481.6;14934.3;12756.2;10893;9299.02;7935.11;6767.08;5766.63;4908.56;4172.02;3538.85
1;4974591084073;50;frequency;199.9999999213742;234.625769479635;275.2462588517801;322.8993264769997;378.802514688914;444.3841576318164;521.3198749487447;611.5753842550475;717.456725922716;841.6691823498468;987.3863981368913;1158.33146786315;1358.872060208682;1594.132014446359;1870.122253535556;2193.894364737048;2573.720768452858;3019.306079821149;3542.035062906734;4155.263512473084;4874.659497176026;5718.603679767398;6708.658946337209;7870.121340545211;9232.666380967203;10831.10727442716;12706.28439819177;14906.10877695531;17486.78621595445;20514.25336674129;24065.86241733066;28232.35745111674;33120.19296963342;38854.25382030405;45581.04601983359;53472.44000269313;62730.06193403319;73590.44528463698;86331.07429211862;101277.4737211686;118811.5260634959;139381.228686517;163512.140226203;191820.8086789974;225030.524286467;263989.7996954232;309694.0495706946;363311.0235703185;426210.642505751;499999.9999999716
1;4974591084073;50;phasez;-1.53723;-1.53315;-1.53646;-1.53637;-1.53766;-1.53771;-1.5367;-1.53726;-1.53761;-1.53847;-1.53845;-1.53915;-1.53914;-1.53967;-1.53984;-1.54001;-1.54029;-1.54052;-1.54069;-1.54083;-1.54089;-1.54095;-1.54096;-1.5409;-1.54077;-1.54056;-1.54026;-1.53985;-1.53934;-1.5387;-1.5379;-1.53693;-1.53577;-1.53436;-1.5327;-1.53074;-1.52841;-1.52565;-1.52241;-1.51857;-1.51406;-1.50874;-1.50246;-1.49505;-1.4863;-1.47594;-1.46365;-1.44904;-1.43156;-1.41056
2;4975359984142;50;absz;86716.5;77598.1;69456.5;62154.6;55641.2;49779.6;44559.3;39871.5;35682.1;31929.6;28574;25570.2;22884.3;20477.3;18326;16399.9;14676.7;13134.4;11753.3;10518.4;9412.64;8423.1;7537.04;6744.36;6034.93;5400.14;4831.74;4323.02;3867.76;3460.23;3095.4;2768.83;2476.54;2214.91;1980.7;1771.01;1583.26;1415.19;1264.68;1129.91;1009.26;901.214;804.513;717.943;640.604;571.497;509.898;455.191;406.855;364.526
2;4975359984142;50;frequency;20000.00000002444;22385.53853899816;25055.61678390222;28044.17375656954;31389.19662092121;35133.2035329932;39323.78408414649;44014.2042055669;49264.08322518227;55140.1516811012;61717.09952482729;69078.52549602467;77317.99973512921;86540.25314108083;96862.50859274992;108415.9709538568;121347.4948009008;135821.4510731415;152021.8163702936;170154.5114554648;190450.0186878266;213166.3116533389;238592.1342356312;267050.6708003728;298903.6541519141;334555.9634717432;374460.7706856584;419125.3006744233;469117.2785435782;525072.1459047724;587701.13789258;657800.3235824071;736260.7247225839;824079.6413975459;922373.3285811875;1032391.184709951;1155531.632626961;1293359.894754076;1447627.888434013;1620296.494325686;1813560.480908265;2029876.401899315;2271993.821195295;2542990.262224833;2846310.325953354;3185809.474764127;3565803.038745301;3991121.067296888;4467169.723268114;4999999.999999929
2;4975359984142;50;phasez;-1.54252;-1.54202;-1.54188;-1.54144;-1.54137;-1.54087;-1.5401;-1.53956;-1.53864;-1.53778;-1.53678;-1.53564;-1.53432;-1.53278;-1.53107;-1.52915;-1.52699;-1.52457;-1.52186;-1.51879;-1.51533;-1.5115;-1.50718;-1.5024;-1.49697;-1.4909;-1.48411;-1.47646;-1.46793;-1.45832;-1.44754;-1.43544;-1.42184;-1.40656;-1.3894;-1.37011;-1.34841;-1.32399;-1.2965;-1.2655;-1.23053;-1.19102;-1.14634;-1.0957;-1.03816;-0.972742;-0.898109;-0.812803;-0.715109;-0.603046
3;4975676458984;20;absz;17842.5;14570.2;11893.8;9709.19;7927;6469.92;5281.27;4310.03;3516.93;2869.42;2340.14;1907.7;1554.58;1265.85;1029.85;836.945;679.339;550.872;446.769;363.662
3;4975676458984;20;frequency;99999.99999990905;122862.535599424;150952.0265389597;185463.4873444638;227865.1431623047;279960.8926363817;343967.05137965;422606.6409511731;519225.2346839865;637933.2888043621;783781.0140572543;962973.2274171232;1183133.324347452;1453627.601814205;1785963.729760951;2194280.323268956;2695948.443325946;3312310.615921419;4069588.809647371;4999999.999999929
3;4975676458984;20;phasez;-1.53019;-1.52692;-1.52286;-1.51782;-1.5115;-1.5037;-1.49403;-1.48208;-1.46724;-1.44888;-1.42614;-1.39793;-1.36293;-1.31941;-1.26518;-1.19735;-1.11201;-1.00401;-0.866098;-0.688691
