0;4368436811812;20;absz;1.52898e+08;1.11232e+08;8.08362e+07;5.87702e+07;4.27114e+07;3.10285e+07;2.2549e+07;1.63776e+07;1.18939e+07;8.63595e+06;6.26917e+06;4.55033e+06;3.30216e+06;2.39589e+06;1.73801e+06;1.26076e+06;914341;662998;480643;348403
0;4368436811812;20;frequency;9.999999974752427;13.86918846435492;19.23543905490988;26.67799336109056;37.00021196095804;51.31629158938722;71.17153245417285;98.70914048804025;136.9015682683994;189.8713664161278;263.3361782500288;365.2259113806622;506.5387032487934;702.5280792305466;974.3494403835484;1351.343611730726;1874.203936580443;2599.368780806799;3605.113577052066;4999.99999995282
0;4368436811812;20;phasez;-1.52832;-1.52979;-1.5309;-1.53198;-1.53266;-1.53405;-1.53451;-1.53532;-1.53606;-1.53674;-1.53729;-1.53771;-1.53793;-1.5379;-1.53755;-1.53672;-1.53528;-1.53297;-1.5294;-1.52422
1;4369206818507;50;absz;8.1425e+06;6.95149e+06;5.95931e+06;5.09462e+06;4.35126e+06;3.7187e+06;3.1829e+06;2.72006e+06;2.32688e+06;1.98902e+06;1.70078e+06;1.45392e+06;1.24285e+06;1.06247e+06;908329;776370;663548;567143;484749;414263;354057;302580;258588;220979;188839;161368;137893;117831;100689;86038.2;73519.3;62820.6;53678.4;45867.6;39192.5;33488.3;28613;24446.4;20885.9;17841.9;15240;13014.9;11112.2;9484.44;8091.57;6899.27;5877.96;5002.3;4250.78;3604.82
1;4369206818507;50;frequency;199.9999999213742;234.625769479635;275.2462588517801;322.8993264769997;378.802514688914;444.3841576318164;521.3198749487447;611.5753842550475;717.456725922716;841.6691823498468;987.3863981368913;1158.33146786315;1358.872060208682;1594.132014446359;1870.122253535556;2193.894364737048;2573.720768452858;3019.306079821149;3542.035062906734;4155.263512473084;4874.659497176026;5718.603679767398;6708.658946337209;7870.121340545211;9232.666380967203;10831.10727442716;12706.28439819177;14906.10877695531;17486.78621595445;20514.25336674129;24065.86241733066;28232.35745111674;33120.19296963342;38854.25382030405;45581.04601983359;53472.44000269313;62730.06193403319;73590.44528463698;86331.07429211862;101277.4737211686;118811.5260634959;139381.228686517;163512.140226203;191820.8086789974;225030.524286467;263989.7996954232;309694.0495706946;363311.0235703185;426210.642505751;499999.9999999716
1;4369206818507;50;phasez;-1.53771;-1.53779;-1.53781;-1.54029;-1.53841;-1.5396;-1.53976;-1.54125;-1.5409;-1.54093;-1.54137;-1.54186;-1.54205;-1.5425;-1.54269;-1.54284;-1.54307;-1.54336;-1.54345;-1.54358;-1.54363;-1.54365;-1.54361;-1.54351;-1.54336;-1.54311;-1.54276;-1.5423;-1.54174;-1.54102;-1.54016;-1.53913;-1.53789;-1.53642;-1.5347;-1.53268;-1.53031;-1.52753;-1.52426;-1.52042;-1.51592;-1.51061;-1.50435;-1.49696;-1.48824;-1.4779;-1.46564;-1.45104;-1.43358;-1.41259
2;4369974950560;50;absz;88675.2;79353.5;71007.4;63529;56849.7;50867.6;45512.6;40727.7;36445.8;32608.1;29182.1;26107.4;23362.3;20904.4;18704.3;16736.5;14976.2;13401.1;11991;10729.1;9600.04;8589.7;7685.24;6875.96;6151.85;5503.85;4923.76;4404.74;3940.21;3524.49;3152.42;2819.43;2521.45;2254.71;2015.99;1802.34;1611.03;1439.81;1286.51;1149.29;1026.44;916.464;818.058;729.987;651.311;581.037;518.414;462.817;413.698;370.718
2;4369974950560;50;frequency;20000.00000002444;22385.53853899816;25055.61678390222;28044.17375656954;31389.19662092121;35133.2035329932;39323.78408414649;44014.2042055669;49264.08322518227;55140.1516811012;61717.09952482729;69078.52549602467;77317.99973512921;86540.25314108083;96862.50859274992;108415.9709538568;121347.4948009008;135821.4510731415;152021.8163702936;170154.5114554648;190450.0186878266;213166.3116533389;238592.1342356312;267050.6708003728;298903.6541519141;334555.9634717432;374460.7706856584;419125.3006744233;469117.2785435782;525072.1459047724;587701.13789258;657800.3235824071;736260.7247225839;824079.6413975459;922373.3285811875;1032391.184709951;1155531.632626961;1293359.894754076;1447627.888434013;1620296.494325686;1813560.480908265;2029876.401899315;2271993.821195295;2542990.262224833;2846310.325953354;3185809.474764127;3565803.038745301;3991121.067296888;4467169.723268114;4999999.999999929
2;4369974950560;50;phasez;-1.54481;-1.54467;-1.54398;-1.54387;-1.54332;-1.54275;-1.54215;-1.54156;-1.54068;-1.53983;-1.53875;-1.53751;-1.53621;-1.53457;-1.53295;-1.53102;-1.52881;-1.52641;-1.52375;-1.52067;-1.51728;-1.51344;-1.50916;-1.50435;-1.49896;-1.4929;-1.48612;-1.4785;-1.46994;-1.46034;-1.44956;-1.43746;-1.42386;-1.40857;-1.3914;-1.37209;-1.35039;-1.32594;-1.29843;-1.26741;-1.23242;-1.19289;-1.14819;-1.09752;-1.03998;-0.974545;-0.899903;-0.814596;-0.71691;-0.604864
3;4370291222049;20;absz;18213.1;14868.5;12134;9902.97;8082.73;6595.98;5382.36;4391.4;3582.4;2921.92;2382.29;1941.57;1581.77;1287.71;1047.42;851.072;690.706;560.076;454.269;369.837
3;4370291222049;20;frequency;99999.99999990905;122862.535599424;150952.0265389597;185463.4873444638;227865.1431623047;279960.8926363817;343967.05137965;422606.6409511731;519225.2346839865;637933.2888043621;783781.0140572543;962973.2274171232;1183133.324347452;1453627.601814205;1785963.729760951;2194280.323268956;2695948.443325946;3312310.615921419;4069588.809647371;4999999.999999929
3;4370291222049;20;phasez;-1.53202;-1.52872;-1.52471;-1.51965;-1.51343;-1.50566;-1.496;-1.48408;-1.46926;-1.45091;-1.42815;-1.39992;-1.3649;-1.32134;-1.26708;-1.19922;-1.11384;-1.0058;-0.86788;-0.690532
