0;9702807443994;20;absz;1.3624e+08;9.93419e+07;7.23555e+07;5.27223e+07;3.83782e+07;2.79315e+07;2.03354e+07;1.47929e+07;1.07618e+07;7.82563e+06;5.68991e+06;4.13626e+06;3.00633e+06;2.18469e+06;1.58737e+06;1.15325e+06;837670;608370;441784;320756
0;9702807443994;20;frequency;9.999999974752427;13.86918846435492;19.23543905490988;26.67799336109056;37.00021196095804;51.31629158938722;71.17153245417285;98.70914048804025;136.9015682683994;189.8713664161278;263.3361782500288;365.2259113806622;506.5387032487934;702.5280792305466;974.3494403835484;1351.343611730726;1874.203936580443;2599.368780806799;3605.113577052066;4999.99999995282
0;9702807443994;20;phasez;-1.51086;-1.51379;-1.517;-1.51961;-1.52164;-1.5236;-1.52518;-1.52638;-1.52755;-1.52852;-1.52926;-1.52982;-1.53015;-1.5302;-1.52986;-1.52904;-1.52758;-1.52525;-1.52175;-1.5166
1;9703575599975;50;absz;7.36896e+06;6.31619e+06;5.40748e+06;4.62063e+06;3.95762e+06;3.38735e+06;2.89872e+06;2.47898e+06;2.12148e+06;1.81527e+06;1.55345e+06;1.32888e+06;1.13685e+06;972514;831949;711816;608873;520864;445504;381073;325938;278775;238425;203905;174387;149137;127539;109067;93267.5;79755.9;68200.2;58316.6;49865.9;42638.5;36457.7;31171.5;26650.7;22784.5;19477.5;16648.7;14228.7;12158.4;10386.7;8870.19;7571.89;6459.84;5506.61;4688.99;3986.87;3383.06
1;9703575599975;50;frequency;199.9999999213742;234.625769479635;275.2462588517801;322.8993264769997;378.802514688914;444.3841576318164;521.3198749487447;611.5753842550475;717.456725922716;841.6691823498468;987.3863981368913;1158.33146786315;1358.872060208682;1594.132014446359;1870.122253535556;2193.894364737048;2573.720768452858;3019.306079821149;3542.035062906734;4155.263512473084;4874.659497176026;5718.603679767398;6708.658946337209;7870.121340545211;9232.666380967203;10831.10727442716;12706.28439819177;14906.10877695531;17486.78621595445;20514.25336674129;24065.86241733066;28232.35745111674;33120.19296963342;38854.25382030405;45581.04601983359;53472.44000269313;62730.06193403319;73590.44528463698;86331.07429211862;101277.4737211686;118811.5260634959;139381.228686517;163512.140226203;191820.8086789974;225030.524286467;263989.7996954232;309694.0495706946;363311.0235703185;426210.642505751;499999.9999999716
1;9703575599975;50;phasez;-1.52973;-1.52947;-1.53087;-1.53106;-1.53061;-1.53121;-1.5321;-1.53236;-1.53331;-1.5335;-1.53387;-1.53421;-1.53438;-1.53464;-1.53495;-1.53519;-1.53538;-1.53558;-1.53573;-1.53589;-1.53598;-1.53604;-1.53605;-1.53602;-1.53591;-1.53571;-1.53543;-1.53506;-1.53457;-1.53394;-1.53317;-1.53222;-1.53108;-1.52971;-1.52809;-1.52617;-1.52389;-1.52119;-1.51799;-1.51422;-1.50976;-1.50448;-1.49823;-1.49085;-1.48209;-1.47171;-1.45938;-1.44469;-1.42713;-1.40603
2;9704346884430;50;absz;82129;73563.2;65862.9;58958.9;52789.8;47259.1;42310.9;37879.2;33906.1;30351.7;27168.7;24322.8;21773;19491.8;17448.4;15619.3;13982;12515.5;11203.2;10028.7;8976.82;8035.08;7192.21;6437.36;5761.62;5156.99;4615.58;4130.72;3696.78;3308.21;2960.34;2648.86;2370;2120.26;1896.65;1696.39;1517.06;1356.41;1212.53;1083.65;968.204;864.802;772.17;689.243;615.072;548.808;489.679;437.143;390.682;349.962
2;9704346884430;50;frequency;20000.00000002444;22385.53853899816;25055.61678390222;28044.17375656954;31389.19662092121;35133.2035329932;39323.78408414649;44014.2042055669;49264.08322518227;55140.1516811012;61717.09952482729;69078.52549602467;77317.99973512921;86540.25314108083;96862.50859274992;108415.9709538568;121347.4948009008;135821.4510731415;152021.8163702936;170154.5114554648;190450.0186878266;213166.3116533389;238592.1342356312;267050.6708003728;298903.6541519141;334555.9634717432;374460.7706856584;419125.3006744233;469117.2785435782;525072.1459047724;587701.13789258;657800.3235824071;736260.7247225839;824079.6413975459;922373.3285811875;1032391.184709951;1155531.632626961;1293359.894754076;1447627.888434013;1620296.494325686;1813560.480908265;2029876.401899315;2271993.821195295;2542990.262224833;2846310.325953354;3185809.474764127;3565803.038745301;3991121.067296888;4467169.723268114;4999999.999999929
2;9704346884430;50;phasez;-1.53784;-1.53738;-1.53724;-1.53692;-1.53635;-1.53601;-1.53546;-1.5348;-1.53413;-1.53332;-1.5322;-1.53114;-1.52984;-1.52832;-1.5267;-1.5248;-1.52266;-1.52029;-1.51762;-1.51455;-1.51115;-1.5073;-1.503;-1.49815;-1.49272;-1.4866;-1.47975;-1.47208;-1.46344;-1.45378;-1.44292;-1.43073;-1.41706;-1.4017;-1.38445;-1.36508;-1.34328;-1.31877;-1.29118;-1.26009;-1.22502;-1.1854;-1.14061;-1.08983;-1.03215;-0.966564;-0.891712;-0.806155;-0.708154;-0.595712
3;9704665643356;20;absz;16986.9;13879.2;11334;9258.22;7562.36;6175.31;5043.41;4117.92;3362.16;2744.45;2239.59;1826.76;1489.52;1213.56;987.877;803.209;652.18;528.999;429.037;349.124
3;9704665643356;20;frequency;99999.99999990905;122862.535599424;150952.0265389597;185463.4873444638;227865.1431623047;279960.8926363817;343967.05137965;422606.6409511731;519225.2346839865;637933.2888043621;783781.0140572543;962973.2274171232;1183133.324347452;1453627.601814205;1785963.729760951;2194280.323268956;2695948.443325946;3312310.615921419;4069588.809647371;4999999.999999929
3;9704665643356;20;phasez;-1.52591;-1.52267;-1.51864;-1.51355;-1.50727;-1.49942;-1.48971;-1.47765;-1.46269;-1.44421;-1.4213;-1.39294;-1.35776;-1.31409;-1.25968;-1.19164;-1.10607;-0.997733;-0.859379;-0.681366
