0;9510294351109;20;absz;1.36158e+08;9.93629e+07;7.24149e+07;5.27253e+07;3.84006e+07;2.79427e+07;2.03433e+07;1.47987e+07;1.07646e+07;7.82871e+06;5.69248e+06;4.138e+06;3.00754e+06;2.18558e+06;1.58805e+06;1.15372e+06;838020;608632;441965;320881
0;9510294351109;20;frequency;9.999999974752427;13.86918846435492;19.23543905490988;26.67799336109056;37.00021196095804;51.31629158938722;71.17153245417285;98.70914048804025;136.9015682683994;189.8713664161278;263.3361782500288;365.2259113806622;506.5387032487934;702.5280792305466;974.3494403835484;1351.343611730726;1874.203936580443;2599.368780806799;3605.113577052066;4999.99999995282
0;9510294351109;20;phasez;-1.51087;-1.51375;-1.51721;-1.5197;-1.52186;-1.52325;-1.52515;-1.52636;-1.52757;-1.5285;-1.52924;-1.5298;-1.53016;-1.5302;-1.52986;-1.52907;-1.52759;-1.52527;-1.52177;-1.51663
1;9511065585044;50;absz;7.36996e+06;6.29413e+06;5.41291e+06;4.62954e+06;3.96091e+06;3.38583e+06;2.89875e+06;2.48115e+06;2.1219e+06;1.81577e+06;1.55403e+06;1.32945e+06;1.13735e+06;972951;832370;712054;609093;521014;445687;381210;326056;278878;238510;203985;174452;149189;127584;109104;93300.2;79781.6;68223.2;58337;49882.6;42652.3;36469.1;31181.2;26659.1;22791.2;19483.3;16653.6;14232.9;12161.7;10389.6;8872.63;7573.89;6461.49;5508.11;4690.32;3987.98;3384.03
1;9511065585044;50;frequency;199.9999999213742;234.625769479635;275.2462588517801;322.8993264769997;378.802514688914;444.3841576318164;521.3198749487447;611.5753842550475;717.456725922716;841.6691823498468;987.3863981368913;1158.33146786315;1358.872060208682;1594.132014446359;1870.122253535556;2193.894364737048;2573.720768452858;3019.306079821149;3542.035062906734;4155.263512473084;4874.659497176026;5718.603679767398;6708.658946337209;7870.121340545211;9232.666380967203;10831.10727442716;12706.28439819177;14906.10877695531;17486.78621595445;20514.25336674129;24065.86241733066;28232.35745111674;33120.19296963342;38854.25382030405;45581.04601983359;53472.44000269313;62730.06193403319;73590.44528463698;86331.07429211862;101277.4737211686;118811.5260634959;139381.228686517;163512.140226203;191820.8086789974;225030.524286467;263989.7996954232;309694.0495706946;363311.0235703185;426210.642505751;499999.9999999716
1;9511065585044;50;phasez;-1.5302;-1.52959;-1.52944;-1.53125;-1.53119;-1.53191;-1.53243;-1.53274;-1.53368;-1.53363;-1.53371;-1.53415;-1.53425;-1.53473;-1.5349;-1.53511;-1.53539;-1.53555;-1.53575;-1.53589;-1.53601;-1.53607;-1.5361;-1.53604;-1.53594;-1.53575;-1.53548;-1.53509;-1.5346;-1.53397;-1.5332;-1.53225;-1.53112;-1.52976;-1.52813;-1.52622;-1.52394;-1.52124;-1.51805;-1.51427;-1.50981;-1.50453;-1.49827;-1.49088;-1.48212;-1.47173;-1.45939;-1.44469;-1.42713;-1.40603
2;9511834997023;50;absz;82214;73608.2;65888;59014.2;52820.1;47283.3;42332.5;37895.8;33923.1;30368.7;27186.5;24334.8;21784.3;19501.8;17457;15626.9;13988.6;12521.8;11208.6;10033.3;8980.89;8038.94;7195.47;6440.21;5764.31;5159.19;4617.47;4132.63;3698.41;3309.62;2961.57;2649.98;2371.01;2121.2;1897.51;1697.14;1517.71;1357.02;1213.06;1084.12;968.612;865.155;772.515;689.531;615.353;549.045;489.887;437.324;390.836;350.111
2;9511834997023;50;frequency;20000.00000002444;22385.53853899816;25055.61678390222;28044.17375656954;31389.19662092121;35133.2035329932;39323.78408414649;44014.2042055669;49264.08322518227;55140.1516811012;61717.09952482729;69078.52549602467;77317.99973512921;86540.25314108083;96862.50859274992;108415.9709538568;121347.4948009008;135821.4510731415;152021.8163702936;170154.5114554648;190450.0186878266;213166.3116533389;238592.1342356312;267050.6708003728;298903.6541519141;334555.9634717432;374460.7706856584;419125.3006744233;469117.2785435782;525072.1459047724;587701.13789258;657800.3235824071;736260.7247225839;824079.6413975459;922373.3285811875;1032391.184709951;1155531.632626961;1293359.894754076;1447627.888434013;1620296.494325686;1813560.480908265;2029876.401899315;2271993.821195295;2542990.262224833;2846310.325953354;3185809.474764127;3565803.038745301;3991121.067296888;4467169.723268114;4999999.999999929
2;9511834997023;50;phasez;-1.53764;-1.53755;-1.53743;-1.5368;-1.53663;-1.53593;-1.53541;-1.53491;-1.53413;-1.53337;-1.53229;-1.53123;-1.53004;-1.52848;-1.52679;-1.52487;-1.52276;-1.52036;-1.51765;-1.51459;-1.51115;-1.50732;-1.50301;-1.49816;-1.49273;-1.48661;-1.47977;-1.47207;-1.46345;-1.45378;-1.44292;-1.43073;-1.41705;-1.4017;-1.38447;-1.36507;-1.34328;-1.31877;-1.29118;-1.26009;-1.22502;-1.18541;-1.14062;-1.08982;-1.03216;-0.966559;-0.891712;-0.806146;-0.708137;-0.595692
3;9512153031828;20;absz;17001.6;13889;11343.5;9264.66;7567.22;6179.22;5046.49;4120.59;3364.18;2746.13;2240.94;1827.88;1490.38;1214.25;988.45;803.674;652.565;529.287;429.27;349.299
3;9512153031828;20;frequency;99999.99999990905;122862.535599424;150952.0265389597;185463.4873444638;227865.1431623047;279960.8926363817;343967.05137965;422606.6409511731;519225.2346839865;637933.2888043621;783781.0140572543;962973.2274171232;1183133.324347452;1453627.601814205;1785963.729760951;2194280.323268956;2695948.443325946;3312310.615921419;4069588.809647371;4999999.999999929
3;9512153031828;20;phasez;-1.52588;-1.52272;-1.51862;-1.51359;-1.50736;-1.49944;-1.48973;-1.47766;-1.46269;-1.4442;-1.42129;-1.39292;-1.35777;-1.31408;-1.25967;-1.19163;-1.10604;-0.997704;-0.859336;-0.681276
