0;6951704497966;20;absz;1.38962e+08;1.01236e+08;7.3752e+07;5.37005e+07;3.90753e+07;2.84231e+07;2.0684e+07;1.50432e+07;1.09363e+07;7.95072e+06;5.77909e+06;4.20002e+06;3.05203e+06;2.21751e+06;1.61097e+06;1.17012e+06;849820;617084;447999;325181
0;6951704497966;20;frequency;9.999999974752427;13.86918846435492;19.23543905490988;26.67799336109056;37.00021196095804;51.31629158938722;71.17153245417285;98.70914048804025;136.9015682683994;189.8713664161278;263.3361782500288;365.2259113806622;506.5387032487934;702.5280792305466;974.3494403835484;1351.343611730726;1874.203936580443;2599.368780806799;3605.113577052066;4999.99999995282
0;6951704497966;20;phasez;-1.51564;-1.5184;-1.52052;-1.52279;-1.52448;-1.52619;-1.52745;-1.5285;-1.52948;-1.53015;-1.53075;-1.53114;-1.53136;-1.53129;-1.53091;-1.53007;-1.52864;-1.52634;-1.52288;-1.51776
1;6952471485830;50;absz;7.49775e+06;6.41353e+06;5.49404e+06;4.69862e+06;4.01746e+06;3.44143e+06;2.94245e+06;2.5172e+06;2.15442e+06;1.84264e+06;1.57622e+06;1.3484e+06;1.15341e+06;986786;844086;722040;617562;528221;451748;386352;330429;282570;241637;206634;176693;151092;129194;110469;94456.4;80761.7;69053.9;59041.7;50480.5;43159.2;36899.6;31546.2;26968.6;23053.4;19705.4;16841.8;14391.9;12296.3;10503.3;8968.58;7655.02;6530.02;5565.89;4739.05;4029.01;3418.54
1;6952471485830;50;frequency;199.9999999213742;234.625769479635;275.2462588517801;322.8993264769997;378.802514688914;444.3841576318164;521.3198749487447;611.5753842550475;717.456725922716;841.6691823498468;987.3863981368913;1158.33146786315;1358.872060208682;1594.132014446359;1870.122253535556;2193.894364737048;2573.720768452858;3019.306079821149;3542.035062906734;4155.263512473084;4874.659497176026;5718.603679767398;6708.658946337209;7870.121340545211;9232.666380967203;10831.10727442716;12706.28439819177;14906.10877695531;17486.78621595445;20514.25336674129;24065.86241733066;28232.35745111674;33120.19296963342;38854.25382030405;45581.04601983359;53472.44000269313;62730.06193403319;73590.44528463698;86331.07429211862;101277.4737211686;118811.5260634959;139381.228686517;163512.140226203;191820.8086789974;225030.524286467;263989.7996954232;309694.0495706946;363311.0235703185;426210.642505751;499999.9999999716
1;6952471485830;50;phasez;-1.53312;-1.53052;-1.53177;-1.5335;-1.53276;-1.53305;-1.53416;-1.53392;-1.53447;-1.53445;-1.53484;-1.53511;-1.5353;-1.53563;-1.53609;-1.53623;-1.53647;-1.53665;-1.5369;-1.53702;-1.53715;-1.53722;-1.53724;-1.5372;-1.53707;-1.53687;-1.53658;-1.53618;-1.53569;-1.53503;-1.53425;-1.5333;-1.53215;-1.53079;-1.52917;-1.52726;-1.52499;-1.52231;-1.51913;-1.51536;-1.51091;-1.50563;-1.49939;-1.49199;-1.48323;-1.47285;-1.46052;-1.44584;-1.4283;-1.40722
2;6953239859377;50;absz;83208.7;74484.7;66680.2;59700.7;53441;47834.9;42829.9;38331.4;34309.4;30712.8;27493.5;24609.3;22028;19718.3;17649.6;15798.1;14141.7;12657.3;11329.3;10140.5;9076.04;8123.33;7270.37;6507.18;5823.74;5211.92;4664.48;4174.24;3735.42;3342.59;2990.79;2675.96;2394.04;2141.63;1915.61;1713.22;1531.94;1369.63;1224.22;1094.01;977.357;872.905;779.357;695.605;620.734;553.82;494.14;441.095;394.228;353.157
2;6953239859377;50;frequency;20000.00000002444;22385.53853899816;25055.61678390222;28044.17375656954;31389.19662092121;35133.2035329932;39323.78408414649;44014.2042055669;49264.08322518227;55140.1516811012;61717.09952482729;69078.52549602467;77317.99973512921;86540.25314108083;96862.50859274992;108415.9709538568;121347.4948009008;135821.4510731415;152021.8163702936;170154.5114554648;190450.0186878266;213166.3116533389;238592.1342356312;267050.6708003728;298903.6541519141;334555.9634717432;374460.7706856584;419125.3006744233;469117.2785435782;525072.1459047724;587701.13789258;657800.3235824071;736260.7247225839;824079.6413975459;922373.3285811875;1032391.184709951;1155531.632626961;1293359.894754076;1447627.888434013;1620296.494325686;1813560.480908265;2029876.401899315;2271993.821195295;2542990.262224833;2846310.325953354;3185809.474764127;3565803.038745301;3991121.067296888;4467169.723268114;4999999.999999929
2;6953239859377;50;phasez;-1.53892;-1.53868;-1.53798;-1.53783;-1.53755;-1.53697;-1.53655;-1.53595;-1.53525;-1.53442;-1.53331;-1.53226;-1.531;-1.52952;-1.52784;-1.52594;-1.52384;-1.52144;-1.51879;-1.51574;-1.51228;-1.50844;-1.50414;-1.49929;-1.49386;-1.48777;-1.48091;-1.47324;-1.46464;-1.45497;-1.44412;-1.43196;-1.41831;-1.40299;-1.38576;-1.36642;-1.34467;-1.32019;-1.29263;-1.26158;-1.22655;-1.18697;-1.14221;-1.09147;-1.03383;-0.968283;-0.893495;-0.808007;-0.710077;-0.597753
3;6953558949866;20;absz;17176.8;14033;11458.5;9358;7642.85;6240.37;5095.92;4160.22;3396.3;2772.02;2261.72;1844.56;1503.81;1225.02;997.056;810.549;658.071;533.709;432.85;352.236
3;6953558949866;20;frequency;99999.99999990905;122862.535599424;150952.0265389597;185463.4873444638;227865.1431623047;279960.8926363817;343967.05137965;422606.6409511731;519225.2346839865;637933.2888043621;783781.0140572543;962973.2274171232;1183133.324347452;1453627.601814205;1785963.729760951;2194280.323268956;2695948.443325946;3312310.615921419;4069588.809647371;4999999.999999929
3;6953558949866;20;phasez;-1.52698;-1.52387;-1.51975;-1.51474;-1.50845;-1.50059;-1.49088;-1.47883;-1.4639;-1.44544;-1.4226;-1.39429;-1.35919;-1.31557;-1.26123;-1.19327;-1.10776;-0.999532;-0.861298;-0.683472
