0;6513776387581;20;absz;1.39869e+08;1.01884e+08;7.42167e+07;5.40207e+07;3.93088e+07;2.85959e+07;2.08059e+07;1.51311e+07;1.1001e+07;7.9984e+06;5.81396e+06;4.22571e+06;3.0707e+06;2.23115e+06;1.62093e+06;1.17735e+06;854996;620786;450641;327061
0;6513776387581;20;frequency;9.999999974752427;13.86918846435492;19.23543905490988;26.67799336109056;37.00021196095804;51.31629158938722;71.17153245417285;98.70914048804025;136.9015682683994;189.8713664161278;263.3361782500288;365.2259113806622;506.5387032487934;702.5280792305466;974.3494403835484;1351.343611730726;1874.203936580443;2599.368780806799;3605.113577052066;4999.99999995282
0;6513776387581;20;phasez;-1.51681;-1.51998;-1.52152;-1.52352;-1.52499;-1.52684;-1.52776;-1.52866;-1.52955;-1.53019;-1.53075;-1.53114;-1.53134;-1.53131;-1.53101;-1.53027;-1.5289;-1.52669;-1.52328;-1.5182
1;6514546296070;50;absz;7.53115e+06;6.45156e+06;5.51651e+06;4.7295e+06;4.0438e+06;3.45853e+06;2.96077e+06;2.53242e+06;2.16668e+06;1.85315e+06;1.58617e+06;1.35683e+06;1.16049e+06;992784;849252;726416;621271;531377;454441;388638;332354;284203;243023;207810;177687;151929;129900;111067;94962.2;81192.4;69418.1;59351.8;50742.2;43381.3;37088;31705.9;27103.4;23167.8;19802.3;16923.6;14461.3;12355.1;10553;9011;7690.87;6560.48;5591.76;4760.85;4047.53;3434.09
1;6514546296070;50;frequency;199.9999999213742;234.625769479635;275.2462588517801;322.8993264769997;378.802514688914;444.3841576318164;521.3198749487447;611.5753842550475;717.456725922716;841.6691823498468;987.3863981368913;1158.33146786315;1358.872060208682;1594.132014446359;1870.122253535556;2193.894364737048;2573.720768452858;3019.306079821149;3542.035062906734;4155.263512473084;4874.659497176026;5718.603679767398;6708.658946337209;7870.121340545211;9232.666380967203;10831.10727442716;12706.28439819177;14906.10877695531;17486.78621595445;20514.25336674129;24065.86241733066;28232.35745111674;33120.19296963342;38854.25382030405;45581.04601983359;53472.44000269313;62730.06193403319;73590.44528463698;86331.07429211862;101277.4737211686;118811.5260634959;139381.228686517;163512.140226203;191820.8086789974;225030.524286467;263989.7996954232;309694.0495706946;363311.0235703185;426210.642505751;499999.9999999716
1;6514546296070;50;phasez;-1.53437;-1.53293;-1.53194;-1.53209;-1.532;-1.53329;-1.53365;-1.53389;-1.53431;-1.53487;-1.53503;-1.53526;-1.53558;-1.53588;-1.53626;-1.53657;-1.53686;-1.53703;-1.53728;-1.53742;-1.53758;-1.5377;-1.53772;-1.53766;-1.53756;-1.53735;-1.53707;-1.53667;-1.53615;-1.5355;-1.53471;-1.53376;-1.53261;-1.53123;-1.52961;-1.52769;-1.52541;-1.52272;-1.51953;-1.51576;-1.51129;-1.50602;-1.49976;-1.49236;-1.4836;-1.47321;-1.46089;-1.44621;-1.42868;-1.4076
2;6515317621377;50;absz;83657.2;74873.2;67018.6;60000.1;53716.9;48080;43046.2;38529.8;34490.7;30869.6;27632.8;24731.6;22137.5;19814.7;17736.8;15876.3;14209.5;12718.5;11383.8;10188.9;9119.04;8161.7;7304.54;6537.43;5850.74;5236.15;4685.93;4193.33;3752.46;3357.7;3004.29;2687.98;2404.69;2151.09;1924.02;1720.71;1538.62;1375.55;1229.5;1098.7;981.538;876.616;782.663;698.544;623.345;556.126;496.191;442.946;395.87;354.635
2;6515317621377;50;frequency;20000.00000002444;22385.53853899816;25055.61678390222;28044.17375656954;31389.19662092121;35133.2035329932;39323.78408414649;44014.2042055669;49264.08322518227;55140.1516811012;61717.09952482729;69078.52549602467;77317.99973512921;86540.25314108083;96862.50859274992;108415.9709538568;121347.4948009008;135821.4510731415;152021.8163702936;170154.5114554648;190450.0186878266;213166.3116533389;238592.1342356312;267050.6708003728;298903.6541519141;334555.9634717432;374460.7706856584;419125.3006744233;469117.2785435782;525072.1459047724;587701.13789258;657800.3235824071;736260.7247225839;824079.6413975459;922373.3285811875;1032391.184709951;1155531.632626961;1293359.894754076;1447627.888434013;1620296.494325686;1813560.480908265;2029876.401899315;2271993.821195295;2542990.262224833;2846310.325953354;3185809.474764127;3565803.038745301;3991121.067296888;4467169.723268114;4999999.999999929
2;6515317621377;50;phasez;-1.53921;-1.53887;-1.53869;-1.53841;-1.53804;-1.53766;-1.53687;-1.53633;-1.53558;-1.53468;-1.53383;-1.5327;-1.5314;-1.52991;-1.52829;-1.52644;-1.52428;-1.52182;-1.51911;-1.51608;-1.51265;-1.50882;-1.5045;-1.49966;-1.49422;-1.48813;-1.48129;-1.47362;-1.46501;-1.45536;-1.44453;-1.43238;-1.41873;-1.40342;-1.38621;-1.36687;-1.34512;-1.32065;-1.29309;-1.26205;-1.22703;-1.18747;-1.14271;-1.092;-1.03435;-0.968825;-0.894044;-0.808573;-0.710669;-0.598359
3;6515636106302;20;absz;17267.3;14104.7;11516.9;9404.6;7680.72;6271.39;5120.58;4180.27;3412.38;2785.09;2272.21;1853.04;1510.64;1230.5;1001.46;814.103;660.931;536.021;434.72;353.765
3;6515636106302;20;frequency;99999.99999990905;122862.535599424;150952.0265389597;185463.4873444638;227865.1431623047;279960.8926363817;343967.05137965;422606.6409511731;519225.2346839865;637933.2888043621;783781.0140572543;962973.2274171232;1183133.324347452;1453627.601814205;1785963.729760951;2194280.323268956;2695948.443325946;3312310.615921419;4069588.809647371;4999999.999999929
3;6515636106302;20;phasez;-1.52748;-1.52421;-1.52007;-1.51509;-1.50879;-1.50098;-1.49125;-1.4792;-1.46431;-1.44585;-1.42303;-1.39472;-1.35963;-1.31603;-1.26169;-1.19375;-1.10826;-1.00004;-0.861839;-0.684012
