0;9552157668492;20;absz;1.36247e+08;9.93456e+07;7.23697e+07;5.27346e+07;3.83997e+07;2.79419e+07;2.03399e+07;1.47982e+07;1.07626e+07;7.82777e+06;5.69156e+06;4.13751e+06;3.00724e+06;2.18535e+06;1.58786e+06;1.15356e+06;837925;608561;441913;320843
0;9552157668492;20;frequency;9.999999974752427;13.86918846435492;19.23543905490988;26.67799336109056;37.00021196095804;51.31629158938722;71.17153245417285;98.70914048804025;136.9015682683994;189.8713664161278;263.3361782500288;365.2259113806622;506.5387032487934;702.5280792305466;974.3494403835484;1351.343611730726;1874.203936580443;2599.368780806799;3605.113577052066;4999.99999995282
0;9552157668492;20;phasez;-1.51;-1.51405;-1.51708;-1.51957;-1.52171;-1.52379;-1.52511;-1.52641;-1.52756;-1.52849;-1.5293;-1.52982;-1.53014;-1.5302;-1.52987;-1.52905;-1.52759;-1.52526;-1.52177;-1.51661
1;9552925956356;50;absz;7.3696e+06;6.31528e+06;5.4051e+06;4.62617e+06;3.95986e+06;3.38724e+06;2.89656e+06;2.48125e+06;2.12252e+06;1.81521e+06;1.55381e+06;1.32929e+06;1.13714e+06;972739;832340;711991;609018;520985;445619;381164;326020;278846;238480;203957;174432;149176;127571;109092;93289.8;79775.2;68216.7;58330.9;49878.3;42649;36466.4;31179.4;26657.4;22790.2;19482.2;16652.7;14232.3;12161.3;10389.1;8872.16;7573.5;6461.16;5507.81;4689.99;3987.77;3383.82
1;9552925956356;50;frequency;199.9999999213742;234.625769479635;275.2462588517801;322.8993264769997;378.802514688914;444.3841576318164;521.3198749487447;611.5753842550475;717.456725922716;841.6691823498468;987.3863981368913;1158.33146786315;1358.872060208682;1594.132014446359;1870.122253535556;2193.894364737048;2573.720768452858;3019.306079821149;3542.035062906734;4155.263512473084;4874.659497176026;5718.603679767398;6708.658946337209;7870.121340545211;9232.666380967203;10831.10727442716;12706.28439819177;14906.10877695531;17486.78621595445;20514.25336674129;24065.86241733066;28232.35745111674;33120.19296963342;38854.25382030405;45581.04601983359;53472.44000269313;62730.06193403319;73590.44528463698;86331.07429211862;101277.4737211686;118811.5260634959;139381.228686517;163512.140226203;191820.8086789974;225030.524286467;263989.7996954232;309694.0495706946;363311.0235703185;426210.642505751;499999.9999999716
1;9552925956356;50;phasez;-1.5314;-1.53172;-1.53016;-1.53059;-1.53158;-1.53326;-1.53209;-1.5328;-1.53309;-1.53334;-1.53371;-1.53393;-1.53444;-1.53474;-1.53489;-1.53513;-1.53541;-1.53559;-1.53575;-1.53589;-1.53601;-1.53609;-1.53608;-1.53604;-1.53593;-1.53573;-1.53546;-1.53508;-1.53459;-1.53395;-1.53318;-1.53223;-1.5311;-1.52973;-1.5281;-1.52619;-1.52391;-1.52121;-1.51802;-1.51424;-1.50978;-1.5045;-1.49826;-1.49087;-1.48211;-1.47173;-1.45939;-1.4447;-1.42714;-1.40604
2;9553697512514;50;absz;82179.6;73613.5;65883.5;58985.1;52816.1;47277.4;42325;37887.5;33921.3;30362.4;27181.2;24331.5;21782.1;19499.4;17455.6;15624.7;13987.4;12521.2;11208;10032.5;8980.31;8037.81;7194.52;6439.86;5763.79;5158.84;4617.21;4132.27;3698.04;3309.38;2961.38;2649.75;2370.76;2120.95;1897.25;1696.91;1517.53;1356.84;1212.9;1083.96;968.489;865.046;772.418;689.456;615.259;548.962;489.819;437.26;390.781;350.062
2;9553697512514;50;frequency;20000.00000002444;22385.53853899816;25055.61678390222;28044.17375656954;31389.19662092121;35133.2035329932;39323.78408414649;44014.2042055669;49264.08322518227;55140.1516811012;61717.09952482729;69078.52549602467;77317.99973512921;86540.25314108083;96862.50859274992;108415.9709538568;121347.4948009008;135821.4510731415;152021.8163702936;170154.5114554648;190450.0186878266;213166.3116533389;238592.1342356312;267050.6708003728;298903.6541519141;334555.9634717432;374460.7706856584;419125.3006744233;469117.2785435782;525072.1459047724;587701.13789258;657800.3235824071;736260.7247225839;824079.6413975459;922373.3285811875;1032391.184709951;1155531.632626961;1293359.894754076;1447627.888434013;1620296.494325686;1813560.480908265;2029876.401899315;2271993.821195295;2542990.262224833;2846310.325953354;3185809.474764127;3565803.038745301;3991121.067296888;4467169.723268114;4999999.999999929
2;9553697512514;50;phasez;-1.5376;-1.53752;-1.53713;-1.53701;-1.53649;-1.53606;-1.53556;-1.53495;-1.53412;-1.53331;-1.53235;-1.5312;-1.5299;-1.52835;-1.52676;-1.52482;-1.52276;-1.52034;-1.51759;-1.51462;-1.51116;-1.50733;-1.50302;-1.49819;-1.49273;-1.48663;-1.47977;-1.47209;-1.46347;-1.45379;-1.44294;-1.43075;-1.41708;-1.40173;-1.38447;-1.36509;-1.3433;-1.31879;-1.2912;-1.26012;-1.22504;-1.18543;-1.14063;-1.08984;-1.03217;-0.966566;-0.891716;-0.806155;-0.708147;-0.595701
3;9554019534789;20;absz;16997.3;13887.1;11340.5;9263.21;7566.2;6178.55;5045.89;4120;3363.8;2745.78;2240.61;1827.58;1490.16;1214.1;988.294;803.546;652.462;529.216;429.206;349.262
3;9554019534789;20;frequency;99999.99999990905;122862.535599424;150952.0265389597;185463.4873444638;227865.1431623047;279960.8926363817;343967.05137965;422606.6409511731;519225.2346839865;637933.2888043621;783781.0140572543;962973.2274171232;1183133.324347452;1453627.601814205;1785963.729760951;2194280.323268956;2695948.443325946;3312310.615921419;4069588.809647371;4999999.999999929
3;9554019534789;20;phasez;-1.52581;-1.52275;-1.51859;-1.51359;-1.50732;-1.49948;-1.48973;-1.47767;-1.46273;-1.44424;-1.42131;-1.39294;-1.35777;-1.31409;-1.25968;-1.19164;-1.10605;-0.997711;-0.859343;-0.681291
