0;8427723729047;20;absz;1.36809e+08;9.97641e+07;7.26831e+07;5.29501e+07;3.8558e+07;2.80732e+07;2.04206e+07;1.48567e+07;1.08045e+07;7.85583e+06;5.71125e+06;4.15155e+06;3.01728e+06;2.19259e+06;1.59306e+06;1.15734e+06;840616;610500;443302;321841
0;8427723729047;20;frequency;9.999999974752427;13.86918846435492;19.23543905490988;26.67799336109056;37.00021196095804;51.31629158938722;71.17153245417285;98.70914048804025;136.9015682683994;189.8713664161278;263.3361782500288;365.2259113806622;506.5387032487934;702.5280792305466;974.3494403835484;1351.343611730726;1874.203936580443;2599.368780806799;3605.113577052066;4999.99999995282
0;8427723729047;20;phasez;-1.5111;-1.51454;-1.51751;-1.51987;-1.52214;-1.52348;-1.52549;-1.52694;-1.52809;-1.52893;-1.52968;-1.53016;-1.53043;-1.53042;-1.53007;-1.52924;-1.52776;-1.52545;-1.52196;-1.5168
1;8428491962677;50;absz;7.40118e+06;6.34827e+06;5.42354e+06;4.64044e+06;3.97236e+06;3.39635e+06;2.9083e+06;2.48944e+06;2.12905e+06;1.82179e+06;1.55887e+06;1.33373e+06;1.14065e+06;976112;834973;714286;610975;522624;447025;382360;327035;279703;239209;204582;174956;149620;127951;109415;93565.4;80010.2;68418.2;58504.1;50027.5;42776.9;36576.9;31274.4;26739.6;22860.4;19542.4;16704.2;14276.2;12198.5;10420.8;8899.13;7596.37;6480.4;5524.08;4703.7;3999.36;3393.55
1;8428491962677;50;frequency;199.9999999213742;234.625769479635;275.2462588517801;322.8993264769997;378.802514688914;444.3841576318164;521.3198749487447;611.5753842550475;717.456725922716;841.6691823498468;987.3863981368913;1158.33146786315;1358.872060208682;1594.132014446359;1870.122253535556;2193.894364737048;2573.720768452858;3019.306079821149;3542.035062906734;4155.263512473084;4874.659497176026;5718.603679767398;6708.658946337209;7870.121340545211;9232.666380967203;10831.10727442716;12706.28439819177;14906.10877695531;17486.78621595445;20514.25336674129;24065.86241733066;28232.35745111674;33120.19296963342;38854.25382030405;45581.04601983359;53472.44000269313;62730.06193403319;73590.44528463698;86331.07429211862;101277.4737211686;118811.5260634959;139381.228686517;163512.140226203;191820.8086789974;225030.524286467;263989.7996954232;309694.0495706946;363311.0235703185;426210.642505751;499999.9999999716
1;8428491962677;50;phasez;-1.53028;-1.52891;-1.53095;-1.53136;-1.53167;-1.53338;-1.53295;-1.53306;-1.53345;-1.53327;-1.5339;-1.53424;-1.53466;-1.53478;-1.53526;-1.53533;-1.53563;-1.53579;-1.53589;-1.5361;-1.53618;-1.53626;-1.53626;-1.53619;-1.53607;-1.53585;-1.53556;-1.53516;-1.53464;-1.534;-1.5332;-1.53223;-1.53107;-1.5297;-1.52806;-1.52616;-1.5239;-1.52122;-1.51806;-1.51432;-1.50989;-1.50464;-1.49842;-1.49105;-1.48231;-1.47193;-1.45961;-1.44493;-1.42738;-1.40629
2;8429265040925;50;absz;82411.5;73818.2;66076.2;59160.4;52962.2;47415.3;42447.8;38002.7;34017.4;30451.3;27259.3;24403.4;21846;19556.4;17506.8;15670.8;14029;12557.1;11240.2;10061.2;9005.91;8060.98;7215.12;6457.73;5780.01;5173.22;4630.03;4143.65;3708.21;3318.32;2969.27;2656.88;2377.13;2126.62;1902.33;1701.46;1521.56;1360.4;1216.07;1086.8;970.986;867.269;774.379;691.19;616.814;550.344;491.048;438.369;391.784;350.967
2;8429265040925;50;frequency;20000.00000002444;22385.53853899816;25055.61678390222;28044.17375656954;31389.19662092121;35133.2035329932;39323.78408414649;44014.2042055669;49264.08322518227;55140.1516811012;61717.09952482729;69078.52549602467;77317.99973512921;86540.25314108083;96862.50859274992;108415.9709538568;121347.4948009008;135821.4510731415;152021.8163702936;170154.5114554648;190450.0186878266;213166.3116533389;238592.1342356312;267050.6708003728;298903.6541519141;334555.9634717432;374460.7706856584;419125.3006744233;469117.2785435782;525072.1459047724;587701.13789258;657800.3235824071;736260.7247225839;824079.6413975459;922373.3285811875;1032391.184709951;1155531.632626961;1293359.894754076;1447627.888434013;1620296.494325686;1813560.480908265;2029876.401899315;2271993.821195295;2542990.262224833;2846310.325953354;3185809.474764127;3565803.038745301;3991121.067296888;4467169.723268114;4999999.999999929
2;8429265040925;50;phasez;-1.53754;-1.53753;-1.53702;-1.53676;-1.53638;-1.53592;-1.53534;-1.53475;-1.53409;-1.53331;-1.53226;-1.53114;-1.5299;-1.52841;-1.52679;-1.52496;-1.52284;-1.52046;-1.51777;-1.51474;-1.51132;-1.50748;-1.50322;-1.49836;-1.49293;-1.48684;-1.48001;-1.47232;-1.4637;-1.45403;-1.44318;-1.431;-1.41733;-1.40199;-1.38475;-1.36537;-1.3436;-1.31909;-1.2915;-1.26042;-1.22535;-1.18574;-1.14096;-1.09019;-1.03251;-0.96691;-0.892066;-0.806515;-0.708517;-0.5961
3;8429582373338;20;absz;17046;13926.5;11372.9;9289.27;7587.33;6195.51;5059.57;4131.2;3372.75;2753.02;2246.41;1832.31;1493.94;1217.13;990.73;805.519;654.047;530.49;430.254;350.123
3;8429582373338;20;frequency;99999.99999990905;122862.535599424;150952.0265389597;185463.4873444638;227865.1431623047;279960.8926363817;343967.05137965;422606.6409511731;519225.2346839865;637933.2888043621;783781.0140572543;962973.2274171232;1183133.324347452;1453627.601814205;1785963.729760951;2194280.323268956;2695948.443325946;3312310.615921419;4069588.809647371;4999999.999999929
3;8429582373338;20;phasez;-1.52593;-1.52283;-1.51875;-1.5138;-1.50746;-1.49969;-1.48995;-1.47791;-1.46297;-1.44447;-1.42158;-1.39323;-1.35806;-1.3144;-1.25999;-1.19196;-1.10638;-0.998052;-0.859694;-0.681695
