0;10051517735255;20;absz;1.35994e+08;9.92391e+07;7.23248e+07;5.2677e+07;3.83648e+07;2.79266e+07;2.03254e+07;1.47874e+07;1.07555e+07;7.82137e+06;5.68662e+06;4.13366e+06;3.00443e+06;2.18332e+06;1.58637e+06;1.1525e+06;837153;608005;441519;320561
0;10051517735255;20;frequency;9.999999974752427;13.86918846435492;19.23543905490988;26.67799336109056;37.00021196095804;51.31629158938722;71.17153245417285;98.70914048804025;136.9015682683994;189.8713664161278;263.3361782500288;365.2259113806622;506.5387032487934;702.5280792305466;974.3494403835484;1351.343611730726;1874.203936580443;2599.368780806799;3605.113577052066;4999.99999995282
0;10051517735255;20;phasez;-1.50985;-1.51351;-1.51675;-1.51919;-1.52146;-1.52298;-1.52499;-1.52641;-1.52763;-1.52856;-1.52931;-1.52987;-1.53019;-1.53021;-1.52986;-1.52902;-1.52755;-1.52522;-1.52171;-1.51656
1;10052287000644;50;absz;7.35245e+06;6.31735e+06;5.39652e+06;4.6217e+06;3.9609e+06;3.38343e+06;2.89639e+06;2.47971e+06;2.11992e+06;1.81408e+06;1.55203e+06;1.32817e+06;1.13608e+06;972114;831541;711377;608581;520504;445225;380847;325731;278610;238281;203788;174284;149049;127463;109003;93213.8;79710.2;68161.1;58284.5;49838.7;42615.3;36438.9;31156.4;26637.7;22773.3;19468.2;16641.1;14222.3;12152.8;10382;8866.25;7568.44;6456.83;5504.1;4686.85;3985.04;3381.5
1;10052287000644;50;frequency;199.9999999213742;234.625769479635;275.2462588517801;322.8993264769997;378.802514688914;444.3841576318164;521.3198749487447;611.5753842550475;717.456725922716;841.6691823498468;987.3863981368913;1158.33146786315;1358.872060208682;1594.132014446359;1870.122253535556;2193.894364737048;2573.720768452858;3019.306079821149;3542.035062906734;4155.263512473084;4874.659497176026;5718.603679767398;6708.658946337209;7870.121340545211;9232.666380967203;10831.10727442716;12706.28439819177;14906.10877695531;17486.78621595445;20514.25336674129;24065.86241733066;28232.35745111674;33120.19296963342;38854.25382030405;45581.04601983359;53472.44000269313;62730.06193403319;73590.44528463698;86331.07429211862;101277.4737211686;118811.5260634959;139381.228686517;163512.140226203;191820.8086789974;225030.524286467;263989.7996954232;309694.0495706946;363311.0235703185;426210.642505751;499999.9999999716
1;10052287000644;50;phasez;-1.52834;-1.52923;-1.53084;-1.53174;-1.53225;-1.5329;-1.53238;-1.53271;-1.53303;-1.53359;-1.53385;-1.53412;-1.53451;-1.53469;-1.53482;-1.53507;-1.53535;-1.53553;-1.53565;-1.53586;-1.53595;-1.53599;-1.53602;-1.53597;-1.53586;-1.53566;-1.53539;-1.53501;-1.53451;-1.53388;-1.5331;-1.53216;-1.53102;-1.52965;-1.52802;-1.5261;-1.52382;-1.52112;-1.51794;-1.51416;-1.5097;-1.50443;-1.49819;-1.4908;-1.48204;-1.47167;-1.45933;-1.44464;-1.42708;-1.40597
2;10053058794659;50;absz;82090.6;73502.1;65815.6;58930.9;52760.3;47234.4;42288.1;37850.2;33886.9;30333.8;27155.9;24309.5;21763.5;19482.3;17438.8;15611.3;13975;12509.7;11198.3;10023.8;8972.49;8031.19;7188.43;6434.27;5759.06;5154.45;4613.3;4128.73;3694.98;3306.68;2959.02;2647.67;2368.91;2119.3;1895.79;1695.61;1516.39;1355.84;1212.04;1083.23;967.819;864.468;771.884;688.977;614.847;548.587;489.494;436.964;390.52;349.824
2;10053058794659;50;frequency;20000.00000002444;22385.53853899816;25055.61678390222;28044.17375656954;31389.19662092121;35133.2035329932;39323.78408414649;44014.2042055669;49264.08322518227;55140.1516811012;61717.09952482729;69078.52549602467;77317.99973512921;86540.25314108083;96862.50859274992;108415.9709538568;121347.4948009008;135821.4510731415;152021.8163702936;170154.5114554648;190450.0186878266;213166.3116533389;238592.1342356312;267050.6708003728;298903.6541519141;334555.9634717432;374460.7706856584;419125.3006744233;469117.2785435782;525072.1459047724;587701.13789258;657800.3235824071;736260.7247225839;824079.6413975459;922373.3285811875;1032391.184709951;1155531.632626961;1293359.894754076;1447627.888434013;1620296.494325686;1813560.480908265;2029876.401899315;2271993.821195295;2542990.262224833;2846310.325953354;3185809.474764127;3565803.038745301;3991121.067296888;4467169.723268114;4999999.999999929
2;10053058794659;50;phasez;-1.53768;-1.53744;-1.53702;-1.53681;-1.53648;-1.53598;-1.53536;-1.53475;-1.53396;-1.53331;-1.53207;-1.53102;-1.52973;-1.52831;-1.52666;-1.52481;-1.52262;-1.52024;-1.5176;-1.51452;-1.51111;-1.50728;-1.50297;-1.49811;-1.49267;-1.48657;-1.47972;-1.47202;-1.46339;-1.45371;-1.44287;-1.43068;-1.41701;-1.40165;-1.3844;-1.36501;-1.34323;-1.31872;-1.29113;-1.26003;-1.22496;-1.18535;-1.14055;-1.0898;-1.0321;-0.966511;-0.891667;-0.8061;-0.708102;-0.595663
3;10053377402485;20;absz;16979.5;13873.3;11330.2;9254.53;7559.17;6172.71;5041.2;4116.22;3360.73;2743.36;2238.67;1826.04;1488.92;1213.1;987.507;802.923;651.961;528.807;428.882;348.981
3;10053377402485;20;frequency;99999.99999990905;122862.535599424;150952.0265389597;185463.4873444638;227865.1431623047;279960.8926363817;343967.05137965;422606.6409511731;519225.2346839865;637933.2888043621;783781.0140572543;962973.2274171232;1183133.324347452;1453627.601814205;1785963.729760951;2194280.323268956;2695948.443325946;3312310.615921419;4069588.809647371;4999999.999999929
3;10053377402485;20;phasez;-1.52582;-1.52258;-1.51853;-1.51353;-1.50724;-1.49941;-1.48969;-1.47762;-1.46267;-1.44416;-1.42127;-1.3929;-1.35772;-1.31403;-1.25962;-1.19158;-1.106;-0.997672;-0.859311;-0.681267
