0;2348796166414;20;absz;1.83159e+08;1.32633e+08;9.59438e+07;6.94674e+07;5.02774e+07;3.63603e+07;2.63353e+07;1.906e+07;1.37947e+07;9.9835e+06;7.22521e+06;5.22905e+06;3.78394e+06;2.73796e+06;1.98105e+06;1.4333e+06;1.0369e+06;750077;542517;392347
0;2348796166414;20;frequency;9.999999974752427;13.86918846435492;19.23543905490988;26.67799336109056;37.00021196095804;51.31629158938722;71.17153245417285;98.70914048804025;136.9015682683994;189.8713664161278;263.3361782500288;365.2259113806622;506.5387032487934;702.5280792305466;974.3494403835484;1351.343611730726;1874.203936580443;2599.368780806799;3605.113577052066;4999.99999995282
0;2348796166414;20;phasez;-1.55115;-1.5514;-1.55147;-1.55208;-1.55194;-1.55218;-1.55228;-1.5523;-1.55226;-1.55218;-1.55208;-1.55188;-1.55161;-1.55111;-1.55031;-1.54908;-1.54729;-1.54467;-1.54089;-1.5355
1;2349565967275;50;absz;9.40457e+06;8.01866e+06;6.8529e+06;5.86114e+06;4.99804e+06;4.26904e+06;3.64482e+06;3.11272e+06;2.65754e+06;2.2702e+06;1.93806e+06;1.6545e+06;1.4128e+06;1.2063e+06;1.02995e+06;879265;750757;640959;547183;467139;398781;340425;290604;248059;211746;180744;154279;131687;112403;95940.7;81887.4;69893.3;59655.2;50916.8;43457.9;37090.8;31655.4;27015.7;23054.8;19673.4;16786.1;14320.7;12214.6;10415.2;8877.41;7562.75;6437.91;5474.64;4648.83;3939.89
1;2349565967275;50;frequency;199.9999999213742;234.625769479635;275.2462588517801;322.8993264769997;378.802514688914;444.3841576318164;521.3198749487447;611.5753842550475;717.456725922716;841.6691823498468;987.3863981368913;1158.33146786315;1358.872060208682;1594.132014446359;1870.122253535556;2193.894364737048;2573.720768452858;3019.306079821149;3542.035062906734;4155.263512473084;4874.659497176026;5718.603679767398;6708.658946337209;7870.121340545211;9232.666380967203;10831.10727442716;12706.28439819177;14906.10877695531;17486.78621595445;20514.25336674129;24065.86241733066;28232.35745111674;33120.19296963342;38854.25382030405;45581.04601983359;53472.44000269313;62730.06193403319;73590.44528463698;86331.07429211862;101277.4737211686;118811.5260634959;139381.228686517;163512.140226203;191820.8086789974;225030.524286467;263989.7996954232;309694.0495706946;363311.0235703185;426210.642505751;499999.9999999716
1;2349565967275;50;phasez;-1.55063;-1.55469;-1.55184;-1.55403;-1.55356;-1.55415;-1.55463;-1.55428;-1.55456;-1.5542;-1.55414;-1.55438;-1.55451;-1.55447;-1.55464;-1.55476;-1.55477;-1.55481;-1.55489;-1.5549;-1.55491;-1.55484;-1.55477;-1.55459;-1.5544;-1.5541;-1.55372;-1.55322;-1.5526;-1.55184;-1.55094;-1.54983;-1.54852;-1.54698;-1.54516;-1.54302;-1.54051;-1.53755;-1.53408;-1.53001;-1.52522;-1.5196;-1.51299;-1.50523;-1.49608;-1.48529;-1.47253;-1.45741;-1.43941;-1.41784
2;2350337159593;50;absz;98844.8;88422.8;79052;70687.8;63183.3;56494.8;50513.1;45170.3;40382.1;36104.3;32280.6;28861.6;25804.7;23071.3;20628.5;18444.6;16491.8;14745.6;13184.7;11788.7;10541.3;9425.43;8427.99;7535.83;6738.33;6025.19;5387.46;4817.31;4307.31;3851.3;3443.41;3078.63;2752.35;2460.51;2199.49;1966;1757.14;1570.24;1403.04;1253.47;1119.62;999.874;892.762;796.99;711.466;635.155;567.205;506.952;453.808;407.409
2;2350337159593;50;frequency;20000.00000002444;22385.53853899816;25055.61678390222;28044.17375656954;31389.19662092121;35133.2035329932;39323.78408414649;44014.2042055669;49264.08322518227;55140.1516811012;61717.09952482729;69078.52549602467;77317.99973512921;86540.25314108083;96862.50859274992;108415.9709538568;121347.4948009008;135821.4510731415;152021.8163702936;170154.5114554648;190450.0186878266;213166.3116533389;238592.1342356312;267050.6708003728;298903.6541519141;334555.9634717432;374460.7706856584;419125.3006744233;469117.2785435782;525072.1459047724;587701.13789258;657800.3235824071;736260.7247225839;824079.6413975459;922373.3285811875;1032391.184709951;1155531.632626961;1293359.894754076;1447627.888434013;1620296.494325686;1813560.480908265;2029876.401899315;2271993.821195295;2542990.262224833;2846310.325953354;3185809.474764127;3565803.038745301;3991121.067296888;4467169.723268114;4999999.999999929
2;2350337159593;50;phasez;-1.55561;-1.55515;-1.5547;-1.55443;-1.55389;-1.55326;-1.55266;-1.55198;-1.55109;-1.55;-1.54884;-1.54775;-1.54609;-1.54449;-1.54259;-1.54047;-1.53813;-1.53546;-1.53259;-1.52925;-1.52552;-1.52143;-1.51687;-1.51174;-1.50597;-1.49957;-1.49243;-1.48441;-1.47548;-1.46547;-1.45426;-1.44173;-1.42769;-1.41196;-1.39434;-1.37457;-1.35239;-1.32747;-1.29946;-1.26795;-1.23246;-1.19243;-1.14722;-1.09607;-1.03796;-0.972033;-0.896882;-0.811081;-0.712904;-0.600423
3;2350654841041;20;absz;20076.9;16368.9;13345.1;10876.1;8865.89;7227.44;5891.03;4802.38;3914.22;3190.35;2599.84;2118;1724.88;1404.22;1142.36;928.625;754.258;612.372;497.668;406.422
3;2350654841041;20;frequency;99999.99999990905;122862.535599424;150952.0265389597;185463.4873444638;227865.1431623047;279960.8926363817;343967.05137965;422606.6409511731;519225.2346839865;637933.2888043621;783781.0140572543;962973.2274171232;1183133.324347452;1453627.601814205;1785963.729760951;2194280.323268956;2695948.443325946;3312310.615921419;4069588.809647371;4999999.999999929
3;2350654841041;20;phasez;-1.54156;-1.53811;-1.53362;-1.52805;-1.52124;-1.51288;-1.50262;-1.48998;-1.47442;-1.45531;-1.43175;-1.40269;-1.3668;-1.32236;-1.26718;-1.19839;-1.11207;-1.0031;-0.864248;-0.686024
