0;2078255742163;20;absz;1.88118e+08;1.36186e+08;9.85505e+07;7.13114e+07;5.16e+07;3.73163e+07;2.70158e+07;1.95466e+07;1.41436e+07;1.02345e+07;7.40546e+06;5.35785e+06;3.87626e+06;2.80375e+06;2.02774e+06;1.46634e+06;1.06021e+06;766444;554037;400446
0;2078255742163;20;frequency;9.999999974752427;13.86918846435492;19.23543905490988;26.67799336109056;37.00021196095804;51.31629158938722;71.17153245417285;98.70914048804025;136.9015682683994;189.8713664161278;263.3361782500288;365.2259113806622;506.5387032487934;702.5280792305466;974.3494403835484;1351.343611730726;1874.203936580443;2599.368780806799;3605.113577052066;4999.99999995282
0;2078255742163;20;phasez;-1.55252;-1.55346;-1.55274;-1.55342;-1.55349;-1.55311;-1.55352;-1.55355;-1.55351;-1.55345;-1.55346;-1.5534;-1.5533;-1.55299;-1.55239;-1.55135;-1.54964;-1.54703;-1.54319;-1.53766
1;2079025751306;50;absz;9.62213e+06;8.25701e+06;7.03436e+06;5.99485e+06;5.12784e+06;4.37508e+06;3.73572e+06;3.18817e+06;2.72177e+06;2.32319e+06;1.98306e+06;1.69288e+06;1.44563e+06;1.23375e+06;1.05305e+06;898795;767175;654757;558826;476923;407026;347370;296449;252994;215908;184257;157253;134204;114536;97751;83426.7;71203.1;60770.1;51867.5;44269.1;37783.8;32248.1;27523.3;23490.1;20046.4;17106.1;14595.4;12450.4;10617.9;9051.52;7712.12;6566.06;5584.5;4742.98;4020.41
1;2079025751306;50;frequency;199.9999999213742;234.625769479635;275.2462588517801;322.8993264769997;378.802514688914;444.3841576318164;521.3198749487447;611.5753842550475;717.456725922716;841.6691823498468;987.3863981368913;1158.33146786315;1358.872060208682;1594.132014446359;1870.122253535556;2193.894364737048;2573.720768452858;3019.306079821149;3542.035062906734;4155.263512473084;4874.659497176026;5718.603679767398;6708.658946337209;7870.121340545211;9232.666380967203;10831.10727442716;12706.28439819177;14906.10877695531;17486.78621595445;20514.25336674129;24065.86241733066;28232.35745111674;33120.19296963342;38854.25382030405;45581.04601983359;53472.44000269313;62730.06193403319;73590.44528463698;86331.07429211862;101277.4737211686;118811.5260634959;139381.228686517;163512.140226203;191820.8086789974;225030.524286467;263989.7996954232;309694.0495706946;363311.0235703185;426210.642505751;499999.9999999716
1;2079025751306;50;phasez;-1.55645;-1.55341;-1.55391;-1.55512;-1.5554;-1.55587;-1.55586;-1.55538;-1.55593;-1.55618;-1.5563;-1.55649;-1.55673;-1.55686;-1.55705;-1.55712;-1.55718;-1.55721;-1.55726;-1.55719;-1.55712;-1.55693;-1.55672;-1.55648;-1.55611;-1.55566;-1.55509;-1.55444;-1.55366;-1.55273;-1.55164;-1.55037;-1.5489;-1.54718;-1.54519;-1.54289;-1.54022;-1.53711;-1.53349;-1.52927;-1.52436;-1.51862;-1.51189;-1.50402;-1.49477;-1.48388;-1.47103;-1.45582;-1.43773;-1.41609
2;2079793846967;50;absz;100781;90059.1;80523.1;72004.8;64387.8;57562;51468.2;46018.1;41142.6;36787.5;32889.9;29406.1;26294.5;23510.2;21021.6;18797.2;16808.4;15029.8;13440.4;12017.6;10747.7;9609.97;8593.93;7685.27;6872.58;6145.92;5496.19;4915.07;4395.28;3930.49;3514.66;3142.83;2810.23;2512.62;2246.46;2008.37;1795.32;1604.68;1434.12;1281.49;1144.92;1022.71;913.411;815.622;728.354;650.454;581.08;519.578;465.344;418.009
2;2079793846967;50;frequency;20000.00000002444;22385.53853899816;25055.61678390222;28044.17375656954;31389.19662092121;35133.2035329932;39323.78408414649;44014.2042055669;49264.08322518227;55140.1516811012;61717.09952482729;69078.52549602467;77317.99973512921;86540.25314108083;96862.50859274992;108415.9709538568;121347.4948009008;135821.4510731415;152021.8163702936;170154.5114554648;190450.0186878266;213166.3116533389;238592.1342356312;267050.6708003728;298903.6541519141;334555.9634717432;374460.7706856584;419125.3006744233;469117.2785435782;525072.1459047724;587701.13789258;657800.3235824071;736260.7247225839;824079.6413975459;922373.3285811875;1032391.184709951;1155531.632626961;1293359.894754076;1447627.888434013;1620296.494325686;1813560.480908265;2029876.401899315;2271993.821195295;2542990.262224833;2846310.325953354;3185809.474764127;3565803.038745301;3991121.067296888;4467169.723268114;4999999.999999929
2;2079793846967;50;phasez;-1.5561;-1.55579;-1.55549;-1.55493;-1.5543;-1.55362;-1.55287;-1.55207;-1.55117;-1.54983;-1.54856;-1.54716;-1.54565;-1.54385;-1.542;-1.53975;-1.5373;-1.53458;-1.53153;-1.52814;-1.5244;-1.52018;-1.51552;-1.5103;-1.5045;-1.49805;-1.49081;-1.48275;-1.47371;-1.46367;-1.45241;-1.4398;-1.4257;-1.40992;-1.39223;-1.37241;-1.35016;-1.3252;-1.29714;-1.26559;-1.23005;-1.18998;-1.14473;-1.09354;-1.03543;-0.969466;-0.894298;-0.808487;-0.710314;-0.597848
3;2080113297657;20;absz;20460.1;16684.3;13603.5;11087.2;9040.23;7371.21;6009.32;4899.84;3994.6;3256.74;2654.65;2163.34;1762.38;1435.29;1168.1;949.99;772;627.191;510.1;417.003
3;2080113297657;20;frequency;99999.99999990905;122862.535599424;150952.0265389597;185463.4873444638;227865.1431623047;279960.8926363817;343967.05137965;422606.6409511731;519225.2346839865;637933.2888043621;783781.0140572543;962973.2274171232;1183133.324347452;1453627.601814205;1785963.729760951;2194280.323268956;2695948.443325946;3312310.615921419;4069588.809647371;4999999.999999929
3;2080113297657;20;phasez;-1.54088;-1.53714;-1.53258;-1.52686;-1.51995;-1.51147;-1.50108;-1.48832;-1.47266;-1.45341;-1.42974;-1.40055;-1.36458;-1.32004;-1.26478;-1.19592;-1.10952;-1.00052;-0.861653;-0.683453
