0;5891700008274;20;absz;1.42129e+08;1.03525e+08;7.53456e+07;5.48328e+07;3.98958e+07;2.90033e+07;2.1103e+07;1.5341e+07;1.11523e+07;8.1056e+06;5.89026e+06;4.28003e+06;3.10949e+06;2.25881e+06;1.64057e+06;1.19137e+06;865023;627994;455832;330796
0;5891700008274;20;frequency;9.999999974752427;13.86918846435492;19.23543905490988;26.67799336109056;37.00021196095804;51.31629158938722;71.17153245417285;98.70914048804025;136.9015682683994;189.8713664161278;263.3361782500288;365.2259113806622;506.5387032487934;702.5280792305466;974.3494403835484;1351.343611730726;1874.203936580443;2599.368780806799;3605.113577052066;4999.99999995282
0;5891700008274;20;phasez;-1.52016;-1.52214;-1.5242;-1.52555;-1.52694;-1.52778;-1.52909;-1.53017;-1.53092;-1.53149;-1.53197;-1.53232;-1.53247;-1.53243;-1.53204;-1.53119;-1.52975;-1.5274;-1.52391;-1.51879
1;5892468252286;50;absz;7.64055e+06;6.54223e+06;5.60258e+06;4.78362e+06;4.09648e+06;3.5015e+06;2.99722e+06;2.564e+06;2.19359e+06;1.8763e+06;1.60529e+06;1.37298e+06;1.17458e+06;1.00474e+06;859259;734948;628487;537493;459670;393091;336155;287433;245794;210165;179691;153638;131357;112303;96013.2;82081.8;70172.1;59989.2;51282.5;43838.9;37475.1;32033.8;27380.6;23402.1;20000.4;17091.3;14603.4;12475.3;10654.9;9097.12;7763.93;6622.29;5644.04;4805.14;4084.92;3465.57
1;5892468252286;50;frequency;199.9999999213742;234.625769479635;275.2462588517801;322.8993264769997;378.802514688914;444.3841576318164;521.3198749487447;611.5753842550475;717.456725922716;841.6691823498468;987.3863981368913;1158.33146786315;1358.872060208682;1594.132014446359;1870.122253535556;2193.894364737048;2573.720768452858;3019.306079821149;3542.035062906734;4155.263512473084;4874.659497176026;5718.603679767398;6708.658946337209;7870.121340545211;9232.666380967203;10831.10727442716;12706.28439819177;14906.10877695531;17486.78621595445;20514.25336674129;24065.86241733066;28232.35745111674;33120.19296963342;38854.25382030405;45581.04601983359;53472.44000269313;62730.06193403319;73590.44528463698;86331.07429211862;101277.4737211686;118811.5260634959;139381.228686517;163512.140226203;191820.8086789974;225030.524286467;263989.7996954232;309694.0495706946;363311.0235703185;426210.642505751;499999.9999999716
1;5892468252286;50;phasez;-1.53112;-1.53337;-1.53314;-1.53515;-1.53314;-1.53479;-1.53467;-1.53499;-1.53505;-1.53536;-1.53593;-1.53635;-1.5365;-1.53696;-1.53702;-1.53731;-1.53747;-1.53772;-1.53793;-1.53806;-1.5382;-1.53826;-1.5383;-1.53828;-1.53819;-1.53801;-1.53774;-1.53739;-1.5369;-1.53628;-1.53552;-1.53461;-1.53347;-1.53212;-1.53051;-1.5286;-1.52633;-1.52363;-1.52043;-1.51664;-1.51216;-1.50685;-1.50059;-1.49317;-1.4844;-1.474;-1.46167;-1.447;-1.42948;-1.40842
2;5893239405079;50;absz;84542.4;75702.2;67753.7;60648.3;54284.6;48590.5;43492.7;38934.1;34849.5;31187.9;27916.4;24981.5;22361.9;20015;17912.8;16033.1;14349.1;12842.7;11493.6;10286.6;9206.9;8239.37;7373.89;6599.35;5905.79;5285.25;4729.66;4232.24;3787.1;3388.53;3031.79;2712.39;2426.37;2170.39;1941.19;1735.95;1552.15;1387.56;1240.14;1108.16;989.915;884.063;789.275;704.415;628.561;560.776;500.339;446.652;399.198;357.64
2;5893239405079;50;frequency;20000.00000002444;22385.53853899816;25055.61678390222;28044.17375656954;31389.19662092121;35133.2035329932;39323.78408414649;44014.2042055669;49264.08322518227;55140.1516811012;61717.09952482729;69078.52549602467;77317.99973512921;86540.25314108083;96862.50859274992;108415.9709538568;121347.4948009008;135821.4510731415;152021.8163702936;170154.5114554648;190450.0186878266;213166.3116533389;238592.1342356312;267050.6708003728;298903.6541519141;334555.9634717432;374460.7706856584;419125.3006744233;469117.2785435782;525072.1459047724;587701.13789258;657800.3235824071;736260.7247225839;824079.6413975459;922373.3285811875;1032391.184709951;1155531.632626961;1293359.894754076;1447627.888434013;1620296.494325686;1813560.480908265;2029876.401899315;2271993.821195295;2542990.262224833;2846310.325953354;3185809.474764127;3565803.038745301;3991121.067296888;4467169.723268114;4999999.999999929
2;5893239405079;50;phasez;-1.54019;-1.53978;-1.53955;-1.53935;-1.53863;-1.53836;-1.53797;-1.53738;-1.5366;-1.53578;-1.53471;-1.53362;-1.53222;-1.53073;-1.52915;-1.52725;-1.52511;-1.52266;-1.51991;-1.51691;-1.51348;-1.50962;-1.50529;-1.50044;-1.49502;-1.4889;-1.48208;-1.47441;-1.46583;-1.45617;-1.44537;-1.43323;-1.4196;-1.4043;-1.38709;-1.36778;-1.34605;-1.32159;-1.29405;-1.26303;-1.22802;-1.18846;-1.14374;-1.09305;-1.03543;-0.969931;-0.89519;-0.809769;-0.711915;-0.599667
3;5893558070028;20;absz;17440.7;14243.4;11629.6;9495.27;7753.96;6330.24;5168.44;4219.04;3443.78;2810.38;2292.69;1869.53;1523.92;1241.19;1010.04;821.034;666.519;540.529;438.381;356.769
3;5893558070028;20;frequency;99999.99999990905;122862.535599424;150952.0265389597;185463.4873444638;227865.1431623047;279960.8926363817;343967.05137965;422606.6409511731;519225.2346839865;637933.2888043621;783781.0140572543;962973.2274171232;1183133.324347452;1453627.601814205;1785963.729760951;2194280.323268956;2695948.443325946;3312310.615921419;4069588.809647371;4999999.999999929
3;5893558070028;20;phasez;-1.52815;-1.52504;-1.52096;-1.51588;-1.50954;-1.50174;-1.49202;-1.48001;-1.46511;-1.44671;-1.42388;-1.39562;-1.36055;-1.31698;-1.26269;-1.19477;-1.10933;-1.00117;-0.86304;-0.685336
