0;937269861743;20;absz;2.16901e+08;1.56794e+08;1.13303e+08;8.19692e+07;5.92553e+07;4.28522e+07;3.09946e+07;2.24119e+07;1.62106e+07;1.17255e+07;8.48231e+06;6.13693e+06;4.44022e+06;3.21272e+06;2.32457e+06;1.68197e+06;1.21705e+06;880640;637252;461162
0;937269861743;20;frequency;9.999999974752427;13.86918846435492;19.23543905490988;26.67799336109056;37.00021196095804;51.31629158938722;71.17153245417285;98.70914048804025;136.9015682683994;189.8713664161278;263.3361782500288;365.2259113806622;506.5387032487934;702.5280792305466;974.3494403835484;1351.343611730726;1874.203936580443;2599.368780806799;3605.113577052066;4999.99999995282
0;937269861743;20;phasez;-1.55913;-1.55745;-1.55723;-1.55691;-1.55695;-1.55557;-1.55597;-1.55557;-1.55498;-1.55446;-1.55382;-1.55308;-1.55221;-1.5512;-1.5499;-1.54816;-1.54578;-1.54252;-1.53806;-1.53194
1;938042251753;50;absz;1.10558e+07;9.44284e+06;8.05813e+06;6.87471e+06;5.86555e+06;5.01207e+06;4.2784e+06;3.64983e+06;3.11908e+06;2.66334e+06;2.27399e+06;1.94164e+06;1.65797e+06;1.41566e+06;1.20896e+06;1.03216e+06;881295;752569;642642;548779;468647;400199;341766;291878;249273;212889;181818;155289;132637;113289;96768.1;82658.4;70608.6;60315.4;51524.1;44013.7;37598.3;32117.1;27434.4;23432.8;20013.1;17090.3;14591.3;12454.2;10626.1;9061.33;7721.23;6572.57;5586.7;4739.34
1;938042251753;50;frequency;199.9999999213742;234.625769479635;275.2462588517801;322.8993264769997;378.802514688914;444.3841576318164;521.3198749487447;611.5753842550475;717.456725922716;841.6691823498468;987.3863981368913;1158.33146786315;1358.872060208682;1594.132014446359;1870.122253535556;2193.894364737048;2573.720768452858;3019.306079821149;3542.035062906734;4155.263512473084;4874.659497176026;5718.603679767398;6708.658946337209;7870.121340545211;9232.666380967203;10831.10727442716;12706.28439819177;14906.10877695531;17486.78621595445;20514.25336674129;24065.86241733066;28232.35745111674;33120.19296963342;38854.25382030405;45581.04601983359;53472.44000269313;62730.06193403319;73590.44528463698;86331.07429211862;101277.4737211686;118811.5260634959;139381.228686517;163512.140226203;191820.8086789974;225030.524286467;263989.7996954232;309694.0495706946;363311.0235703185;426210.642505751;499999.9999999716
1;938042251753;50;phasez;-1.55571;-1.55627;-1.55174;-1.55476;-1.55528;-1.5543;-1.55475;-1.55407;-1.55399;-1.55413;-1.5539;-1.55349;-1.55337;-1.55326;-1.55327;-1.55293;-1.55266;-1.55243;-1.55212;-1.55174;-1.55141;-1.55101;-1.55057;-1.55003;-1.54945;-1.5488;-1.54807;-1.54722;-1.54627;-1.54519;-1.54397;-1.54259;-1.54102;-1.53922;-1.53717;-1.53482;-1.53212;-1.52899;-1.52538;-1.52118;-1.51628;-1.51058;-1.5039;-1.49609;-1.48692;-1.47612;-1.46338;-1.44829;-1.43034;-1.40884
2;938810960398;50;absz;116754;104457;93469.1;83598.7;74775.6;66904.9;59849.6;53541.8;47897.3;42853.5;38344.5;34304.6;30687.2;27457.7;24566;21978.2;19665.5;17595.5;15744.9;14087.9;12605.3;11278.8;10091.9;9030.46;8080.15;7230.18;6469.26;5788.61;5179.47;4634.24;4146.47;3709.84;3319.17;2969.61;2656.49;2376.3;2125.42;1900.89;1699.93;1520.03;1358.98;1214.86;1085.95;970.566;867.703;775.87;694.149;621.772;558.058;502.621
2;938810960398;50;frequency;20000.00000002444;22385.53853899816;25055.61678390222;28044.17375656954;31389.19662092121;35133.2035329932;39323.78408414649;44014.2042055669;49264.08322518227;55140.1516811012;61717.09952482729;69078.52549602467;77317.99973512921;86540.25314108083;96862.50859274992;108415.9709538568;121347.4948009008;135821.4510731415;152021.8163702936;170154.5114554648;190450.0186878266;213166.3116533389;238592.1342356312;267050.6708003728;298903.6541519141;334555.9634717432;374460.7706856584;419125.3006744233;469117.2785435782;525072.1459047724;587701.13789258;657800.3235824071;736260.7247225839;824079.6413975459;922373.3285811875;1032391.184709951;1155531.632626961;1293359.894754076;1447627.888434013;1620296.494325686;1813560.480908265;2029876.401899315;2271993.821195295;2542990.262224833;2846310.325953354;3185809.474764127;3565803.038745301;3991121.067296888;4467169.723268114;4999999.999999929
2;938810960398;50;phasez;-1.54867;-1.54845;-1.54822;-1.54687;-1.54649;-1.54554;-1.5449;-1.54387;-1.54291;-1.54185;-1.54054;-1.53905;-1.53753;-1.53586;-1.53381;-1.53156;-1.52922;-1.52653;-1.52352;-1.52016;-1.51645;-1.51232;-1.50771;-1.50259;-1.49684;-1.49044;-1.48331;-1.47536;-1.46646;-1.4565;-1.44534;-1.43288;-1.41892;-1.40332;-1.38579;-1.36612;-1.34404;-1.31925;-1.29138;-1.26002;-1.22469;-1.18485;-1.13984;-1.08888;-1.03104;-0.965395;-0.890569;-0.805157;-0.707463;-0.595568
3;939129651245;20;absz;23919.8;19524.6;15937.1;13007.9;10614.8;8664.09;7072.05;5771.54;4710.73;3844;3136.72;2558.91;2086.87;1701.33;1386.46;1129.19;919.242;748.513;610.653;501.412
3;939129651245;20;frequency;99999.99999990905;122862.535599424;150952.0265389597;185463.4873444638;227865.1431623047;279960.8926363817;343967.05137965;422606.6409511731;519225.2346839865;637933.2888043621;783781.0140572543;962973.2274171232;1183133.324347452;1453627.601814205;1785963.729760951;2194280.323268956;2695948.443325946;3312310.615921419;4069588.809647371;4999999.999999929
3;939129651245;20;phasez;-1.53274;-1.5292;-1.52451;-1.5189;-1.51205;-1.50373;-1.49353;-1.48091;-1.46546;-1.44648;-1.42305;-1.39417;-1.35848;-1.31428;-1.25938;-1.19092;-1.10499;-0.996515;-0.858334;-0.681093
