0;4206654096353;20;absz;1.54597e+08;1.12486e+08;8.17768e+07;5.94304e+07;4.3177e+07;3.13714e+07;2.27846e+07;1.65457e+07;1.20132e+07;8.72111e+06;6.33e+06;4.59346e+06;3.33288e+06;2.41779e+06;1.75361e+06;1.27164e+06;922007;668388;484469;351097
0;4206654096353;20;frequency;9.999999974752427;13.86918846435492;19.23543905490988;26.67799336109056;37.00021196095804;51.31629158938722;71.17153245417285;98.70914048804025;136.9015682683994;189.8713664161278;263.3361782500288;365.2259113806622;506.5387032487934;702.5280792305466;974.3494403835484;1351.343611730726;1874.203936580443;2599.368780806799;3605.113577052066;4999.99999995282
0;4206654096353;20;phasez;-1.52928;-1.53062;-1.53145;-1.53262;-1.53377;-1.53417;-1.53538;-1.53629;-1.537;-1.53769;-1.53815;-1.53862;-1.53887;-1.5389;-1.53858;-1.53777;-1.53632;-1.53396;-1.53039;-1.52515
1;4207425447358;50;absz;8.21354e+06;7.04543e+06;6.01265e+06;5.14281e+06;4.39282e+06;3.75692e+06;3.21184e+06;2.74696e+06;2.34765e+06;2.00792e+06;1.71565e+06;1.46679e+06;1.25341e+06;1.07147e+06;915820;782694;668948;571728;488578;417529;356807;304894;260533;222621;190228;162544;138887;118673;101396;86636;74024.3;63248.7;54042.6;46175.2;39454;33709.3;28800.6;24605.7;21020.1;17955.6;15336;13095.9;11180.5;9542.15;8140.29;6940.37;5912.55;5031.45;4275.26;3625.38
1;4207425447358;50;frequency;199.9999999213742;234.625769479635;275.2462588517801;322.8993264769997;378.802514688914;444.3841576318164;521.3198749487447;611.5753842550475;717.456725922716;841.6691823498468;987.3863981368913;1158.33146786315;1358.872060208682;1594.132014446359;1870.122253535556;2193.894364737048;2573.720768452858;3019.306079821149;3542.035062906734;4155.263512473084;4874.659497176026;5718.603679767398;6708.658946337209;7870.121340545211;9232.666380967203;10831.10727442716;12706.28439819177;14906.10877695531;17486.78621595445;20514.25336674129;24065.86241733066;28232.35745111674;33120.19296963342;38854.25382030405;45581.04601983359;53472.44000269313;62730.06193403319;73590.44528463698;86331.07429211862;101277.4737211686;118811.5260634959;139381.228686517;163512.140226203;191820.8086789974;225030.524286467;263989.7996954232;309694.0495706946;363311.0235703185;426210.642505751;499999.9999999716
1;4207425447358;50;phasez;-1.53896;-1.54197;-1.54053;-1.53939;-1.53992;-1.54046;-1.5409;-1.54104;-1.54184;-1.54254;-1.54234;-1.54273;-1.543;-1.54336;-1.54354;-1.54375;-1.54404;-1.54422;-1.54436;-1.54451;-1.54453;-1.54454;-1.5445;-1.54438;-1.54419;-1.54392;-1.54355;-1.54308;-1.54247;-1.54176;-1.54088;-1.53981;-1.53855;-1.53708;-1.53534;-1.53332;-1.53094;-1.52816;-1.52489;-1.52106;-1.51655;-1.51125;-1.50499;-1.49761;-1.48889;-1.47855;-1.46628;-1.45168;-1.43421;-1.41322
2;4208193710854;50;absz;89278.2;79875.7;71500.7;63960.4;57239.2;51220.2;45820.8;41001.6;36687.8;32821.2;29367.2;26276.3;23513.3;21037.4;18824.6;16842.7;15069.9;13484.4;12065;10794.7;9658.14;8641.26;7731.38;6916.5;6187.97;5535.81;4952.26;4429.98;3962.63;3544.41;3170.14;2835.1;2535.29;2267.01;2026.86;1811.96;1619.56;1447.38;1293.22;1155.24;1031.73;921.166;822.23;733.689;654.613;583.971;521.024;465.15;415.802;372.628
2;4208193710854;50;frequency;20000.00000002444;22385.53853899816;25055.61678390222;28044.17375656954;31389.19662092121;35133.2035329932;39323.78408414649;44014.2042055669;49264.08322518227;55140.1516811012;61717.09952482729;69078.52549602467;77317.99973512921;86540.25314108083;96862.50859274992;108415.9709538568;121347.4948009008;135821.4510731415;152021.8163702936;170154.5114554648;190450.0186878266;213166.3116533389;238592.1342356312;267050.6708003728;298903.6541519141;334555.9634717432;374460.7706856584;419125.3006744233;469117.2785435782;525072.1459047724;587701.13789258;657800.3235824071;736260.7247225839;824079.6413975459;922373.3285811875;1032391.184709951;1155531.632626961;1293359.894754076;1447627.888434013;1620296.494325686;1813560.480908265;2029876.401899315;2271993.821195295;2542990.262224833;2846310.325953354;3185809.474764127;3565803.038745301;3991121.067296888;4467169.723268114;4999999.999999929
2;4208193710854;50;phasez;-1.54517;-1.54529;-1.54487;-1.54436;-1.54413;-1.54356;-1.54295;-1.5421;-1.5413;-1.54051;-1.53937;-1.53814;-1.53681;-1.53526;-1.53356;-1.53159;-1.52953;-1.52707;-1.52433;-1.52132;-1.51792;-1.51408;-1.50979;-1.50498;-1.4996;-1.49354;-1.48676;-1.47915;-1.47059;-1.46096;-1.45018;-1.43808;-1.42447;-1.40919;-1.39201;-1.37269;-1.35096;-1.32653;-1.29899;-1.26797;-1.23297;-1.19343;-1.14871;-1.09804;-1.04046;-0.975011;-0.900351;-0.815027;-0.717327;-0.605287
3;4208509790438;20;absz;18325;14960.8;12209.1;9962.9;8131.03;6634.75;5413.44;4416.66;3602.42;2938;2395.25;1951.93;1590.09;1294.38;1052.8;855.401;694.208;562.897;456.564;371.741
3;4208509790438;20;frequency;99999.99999990905;122862.535599424;150952.0265389597;185463.4873444638;227865.1431623047;279960.8926363817;343967.05137965;422606.6409511731;519225.2346839865;637933.2888043621;783781.0140572543;962973.2274171232;1183133.324347452;1453627.601814205;1785963.729760951;2194280.323268956;2695948.443325946;3312310.615921419;4069588.809647371;4999999.999999929
3;4208509790438;20;phasez;-1.53269;-1.52946;-1.52536;-1.52031;-1.51405;-1.5063;-1.49666;-1.48472;-1.46992;-1.45153;-1.42877;-1.40053;-1.36548;-1.32192;-1.26763;-1.19974;-1.11434;-1.00628;-0.86834;-0.690959
