0;5230515039299;20;absz;1.45804e+08;1.0614e+08;7.71874e+07;5.61556e+07;4.08232e+07;2.96753e+07;2.15828e+07;1.56854e+07;1.13991e+07;8.28335e+06;6.01819e+06;4.37191e+06;3.17522e+06;2.30589e+06;1.67422e+06;1.21534e+06;882030;640039;464369;336867
0;5230515039299;20;frequency;9.999999974752427;13.86918846435492;19.23543905490988;26.67799336109056;37.00021196095804;51.31629158938722;71.17153245417285;98.70914048804025;136.9015682683994;189.8713664161278;263.3361782500288;365.2259113806622;506.5387032487934;702.5280792305466;974.3494403835484;1351.343611730726;1874.203936580443;2599.368780806799;3605.113577052066;4999.99999995282
0;5230515039299;20;phasez;-1.52439;-1.52507;-1.52683;-1.52836;-1.52912;-1.53038;-1.53107;-1.53179;-1.53237;-1.53293;-1.53343;-1.5338;-1.53403;-1.53404;-1.53374;-1.53298;-1.53157;-1.52926;-1.52576;-1.52057
1;5231283336224;50;absz;7.8035e+06;6.68762e+06;5.70799e+06;4.88279e+06;4.18373e+06;3.57853e+06;3.06102e+06;2.6185e+06;2.23912e+06;1.9147e+06;1.63793e+06;1.40089e+06;1.19815e+06;1.02454e+06;876045;749130;640589;547717;468285;400383;342318;292658;250200;213898;182856;156317;133628;114228;97645.5;83467.3;71344.8;60981.5;52123.6;44552.1;38078;32544;27813.5;23768.9;20311.2;17354.9;14826.9;12664.9;10815.9;9233.75;7879.78;6720.38;5727;4875.33;4144.03;3515.28
1;5231283336224;50;frequency;199.9999999213742;234.625769479635;275.2462588517801;322.8993264769997;378.802514688914;444.3841576318164;521.3198749487447;611.5753842550475;717.456725922716;841.6691823498468;987.3863981368913;1158.33146786315;1358.872060208682;1594.132014446359;1870.122253535556;2193.894364737048;2573.720768452858;3019.306079821149;3542.035062906734;4155.263512473084;4874.659497176026;5718.603679767398;6708.658946337209;7870.121340545211;9232.666380967203;10831.10727442716;12706.28439819177;14906.10877695531;17486.78621595445;20514.25336674129;24065.86241733066;28232.35745111674;33120.19296963342;38854.25382030405;45581.04601983359;53472.44000269313;62730.06193403319;73590.44528463698;86331.07429211862;101277.4737211686;118811.5260634959;139381.228686517;163512.140226203;191820.8086789974;225030.524286467;263989.7996954232;309694.0495706946;363311.0235703185;426210.642505751;499999.9999999716
1;5231283336224;50;phasez;-1.53492;-1.53637;-1.53523;-1.53543;-1.53543;-1.536;-1.53622;-1.53696;-1.53666;-1.53749;-1.53769;-1.5378;-1.5383;-1.53853;-1.53875;-1.53908;-1.53942;-1.53961;-1.53975;-1.53988;-1.53992;-1.54001;-1.54;-1.53995;-1.53982;-1.53962;-1.53933;-1.53894;-1.53843;-1.53781;-1.53703;-1.53609;-1.53493;-1.53356;-1.53192;-1.52998;-1.52768;-1.52495;-1.52172;-1.51791;-1.5134;-1.50808;-1.50181;-1.4944;-1.48564;-1.47527;-1.46297;-1.44834;-1.43085;-1.40984
2;5232051287006;50;absz;85999.4;76974.9;68898.4;61660.9;55188.8;49395.3;44208.4;39566.6;35408.9;31689.7;28358.5;25379.6;22713.7;20327.7;18191.3;16280;14569.9;13039.2;11668.7;10442.8;9345.4;8363.32;7484.11;6697.37;5993.03;5362.77;4798.68;4293.7;3841.62;3437.06;3074.89;2750.7;2460.45;2200.59;1968;1759.77;1573.3;1406.32;1256.82;1122.94;1003.07;895.738;799.637;713.624;636.756;568.079;506.854;452.476;404.409;362.335
2;5232051287006;50;frequency;20000.00000002444;22385.53853899816;25055.61678390222;28044.17375656954;31389.19662092121;35133.2035329932;39323.78408414649;44014.2042055669;49264.08322518227;55140.1516811012;61717.09952482729;69078.52549602467;77317.99973512921;86540.25314108083;96862.50859274992;108415.9709538568;121347.4948009008;135821.4510731415;152021.8163702936;170154.5114554648;190450.0186878266;213166.3116533389;238592.1342356312;267050.6708003728;298903.6541519141;334555.9634717432;374460.7706856584;419125.3006744233;469117.2785435782;525072.1459047724;587701.13789258;657800.3235824071;736260.7247225839;824079.6413975459;922373.3285811875;1032391.184709951;1155531.632626961;1293359.894754076;1447627.888434013;1620296.494325686;1813560.480908265;2029876.401899315;2271993.821195295;2542990.262224833;2846310.325953354;3185809.474764127;3565803.038745301;3991121.067296888;4467169.723268114;4999999.999999929
2;5232051287006;50;phasez;-1.54139;-1.54126;-1.54114;-1.54078;-1.54019;-1.5399;-1.53933;-1.53882;-1.53789;-1.5371;-1.53607;-1.5349;-1.53362;-1.5321;-1.53043;-1.52846;-1.52633;-1.52388;-1.52123;-1.51813;-1.5147;-1.51088;-1.50655;-1.50171;-1.4963;-1.49022;-1.48341;-1.47577;-1.46722;-1.45759;-1.4468;-1.43469;-1.42108;-1.40581;-1.38865;-1.36935;-1.34766;-1.32323;-1.29573;-1.26473;-1.22976;-1.19026;-1.14559;-1.09494;-1.03741;-0.971976;-0.897334;-0.812016;-0.714305;-0.602218
3;5232370603740;20;absz;17710.4;14462.8;11806.5;9639.63;7870.56;6424.52;5244.52;4280.39;3493.21;2850.3;2324.8;1895.34;1544.67;1257.92;1023.49;831.836;675.229;547.558;444.089;361.45
3;5232370603740;20;frequency;99999.99999990905;122862.535599424;150952.0265389597;185463.4873444638;227865.1431623047;279960.8926363817;343967.05137965;422606.6409511731;519225.2346839865;637933.2888043621;783781.0140572543;962973.2274171232;1183133.324347452;1453627.601814205;1785963.729760951;2194280.323268956;2695948.443325946;3312310.615921419;4069588.809647371;4999999.999999929
3;5232370603740;20;phasez;-1.52955;-1.52631;-1.52223;-1.51712;-1.51085;-1.50302;-1.49335;-1.48136;-1.46653;-1.44814;-1.42539;-1.39718;-1.36217;-1.31866;-1.26442;-1.1966;-1.11126;-1.00325;-0.865324;-0.68789
