0;7674503789966;20;absz;1.375e+08;1.00318e+08;7.31237e+07;5.32365e+07;3.87596e+07;2.81998e+07;2.05179e+07;1.49243e+07;1.08525e+07;7.89063e+06;5.73594e+06;4.16914e+06;3.02992e+06;2.20166e+06;1.59962e+06;1.16202e+06;844026;612957;445074;323107
0;7674503789966;20;frequency;9.999999974752427;13.86918846435492;19.23543905490988;26.67799336109056;37.00021196095804;51.31629158938722;71.17153245417285;98.70914048804025;136.9015682683994;189.8713664161278;263.3361782500288;365.2259113806622;506.5387032487934;702.5280792305466;974.3494403835484;1351.343611730726;1874.203936580443;2599.368780806799;3605.113577052066;4999.99999995282
0;7674503789966;20;phasez;-1.51322;-1.51572;-1.5187;-1.52104;-1.52324;-1.52438;-1.52628;-1.5275;-1.52873;-1.52947;-1.53011;-1.53056;-1.53077;-1.53072;-1.53032;-1.52946;-1.528;-1.52569;-1.52221;-1.51709
1;7675273718927;50;absz;7.4366e+06;6.35978e+06;5.44937e+06;4.6628e+06;3.98756e+06;3.41377e+06;2.91938e+06;2.49836e+06;2.13837e+06;1.82878e+06;1.56535e+06;1.33892e+06;1.14554e+06;980084;838348;717234;613472;524731;448836;383876;328330;280801;240144;205370;175627;150188;128429;109823;93907.7;80300.3;68660.8;58709.3;50199.6;42921.5;36697.4;31375.4;26823.5;22930.2;19601.1;16753;14317.1;12232.9;10449.4;8923.2;7616.48;6497.43;5538.32;4715.75;4009.37;3401.99
1;7675273718927;50;frequency;199.9999999213742;234.625769479635;275.2462588517801;322.8993264769997;378.802514688914;444.3841576318164;521.3198749487447;611.5753842550475;717.456725922716;841.6691823498468;987.3863981368913;1158.33146786315;1358.872060208682;1594.132014446359;1870.122253535556;2193.894364737048;2573.720768452858;3019.306079821149;3542.035062906734;4155.263512473084;4874.659497176026;5718.603679767398;6708.658946337209;7870.121340545211;9232.666380967203;10831.10727442716;12706.28439819177;14906.10877695531;17486.78621595445;20514.25336674129;24065.86241733066;28232.35745111674;33120.19296963342;38854.25382030405;45581.04601983359;53472.44000269313;62730.06193403319;73590.44528463698;86331.07429211862;101277.4737211686;118811.5260634959;139381.228686517;163512.140226203;191820.8086789974;225030.524286467;263989.7996954232;309694.0495706946;363311.0235703185;426210.642505751;499999.9999999716
1;7675273718927;50;phasez;-1.52905;-1.53154;-1.53212;-1.53293;-1.53165;-1.53292;-1.53325;-1.53356;-1.53409;-1.53433;-1.53416;-1.5345;-1.5348;-1.53512;-1.53525;-1.53559;-1.53578;-1.536;-1.5362;-1.53634;-1.53645;-1.53654;-1.53656;-1.53654;-1.53643;-1.53624;-1.53598;-1.53559;-1.5351;-1.53446;-1.5337;-1.53275;-1.53163;-1.53026;-1.52865;-1.52675;-1.52449;-1.52181;-1.51863;-1.51488;-1.51043;-1.50516;-1.49892;-1.49153;-1.48278;-1.4724;-1.46007;-1.44538;-1.42783;-1.40674
2;7676044926274;50;absz;82721;74073;66297.9;59356.1;53148.4;47570.7;42586.5;38125.6;34128.9;30551.3;27345.7;24478.6;21912.6;19615.1;17557.2;15716.8;14068.2;12592.3;11271.7;10089;9030.35;8082.57;7234.31;6474.77;5794.9;5186.43;4641.78;4154.1;3717.42;3326.55;2976.65;2663.31;2382.77;2131.6;1906.73;1705.35;1524.96;1363.41;1218.71;1089.11;973.031;869.073;775.951;692.56;618.032;551.416;491.994;439.197;392.516;351.618
2;7676044926274;50;frequency;20000.00000002444;22385.53853899816;25055.61678390222;28044.17375656954;31389.19662092121;35133.2035329932;39323.78408414649;44014.2042055669;49264.08322518227;55140.1516811012;61717.09952482729;69078.52549602467;77317.99973512921;86540.25314108083;96862.50859274992;108415.9709538568;121347.4948009008;135821.4510731415;152021.8163702936;170154.5114554648;190450.0186878266;213166.3116533389;238592.1342356312;267050.6708003728;298903.6541519141;334555.9634717432;374460.7706856584;419125.3006744233;469117.2785435782;525072.1459047724;587701.13789258;657800.3235824071;736260.7247225839;824079.6413975459;922373.3285811875;1032391.184709951;1155531.632626961;1293359.894754076;1447627.888434013;1620296.494325686;1813560.480908265;2029876.401899315;2271993.821195295;2542990.262224833;2846310.325953354;3185809.474764127;3565803.038745301;3991121.067296888;4467169.723268114;4999999.999999929
2;7676044926274;50;phasez;-1.53806;-1.53814;-1.53744;-1.53742;-1.53682;-1.53666;-1.53598;-1.5355;-1.53469;-1.53393;-1.53284;-1.53172;-1.53049;-1.52903;-1.52737;-1.52541;-1.52336;-1.52094;-1.51826;-1.51519;-1.51185;-1.508;-1.50371;-1.49885;-1.49338;-1.4873;-1.48047;-1.47277;-1.46415;-1.4545;-1.44364;-1.43148;-1.41781;-1.40247;-1.38525;-1.36588;-1.34412;-1.31962;-1.29206;-1.26098;-1.22593;-1.18633;-1.14156;-1.09078;-1.03313;-0.967554;-0.892735;-0.807204;-0.709236;-0.596849
3;7676361363635;20;absz;17092.3;13963.4;11402.4;9312.89;7606.46;6210.95;5071.81;4140.93;3380.74;2759.33;2251.52;1836.32;1497.17;1219.68;992.748;807.097;655.297;531.479;431.033;350.744
3;7676361363635;20;frequency;99999.99999990905;122862.535599424;150952.0265389597;185463.4873444638;227865.1431623047;279960.8926363817;343967.05137965;422606.6409511731;519225.2346839865;637933.2888043621;783781.0140572543;962973.2274171232;1183133.324347452;1453627.601814205;1785963.729760951;2194280.323268956;2695948.443325946;3312310.615921419;4069588.809647371;4999999.999999929
3;7676361363635;20;phasez;-1.52649;-1.52331;-1.5193;-1.51425;-1.50799;-1.50012;-1.49043;-1.47837;-1.46342;-1.44494;-1.42208;-1.39374;-1.3586;-1.31497;-1.26058;-1.19259;-1.10704;-0.998749;-0.860437;-0.682482
