0;9828343904078;20;absz;1.3623e+08;9.93061e+07;7.23612e+07;5.27043e+07;3.83798e+07;2.79423e+07;2.0333e+07;1.47914e+07;1.07592e+07;7.82384e+06;5.68853e+06;4.13532e+06;3.00567e+06;2.18417e+06;1.58702e+06;1.15298e+06;837490;608251;441694;320693
0;9828343904078;20;frequency;9.999999974752427;13.86918846435492;19.23543905490988;26.67799336109056;37.00021196095804;51.31629158938722;71.17153245417285;98.70914048804025;136.9015682683994;189.8713664161278;263.3361782500288;365.2259113806622;506.5387032487934;702.5280792305466;974.3494403835484;1351.343611730726;1874.203936580443;2599.368780806799;3605.113577052066;4999.99999995282
0;9828343904078;20;phasez;-1.50957;-1.51366;-1.51689;-1.51945;-1.52173;-1.52299;-1.52516;-1.52652;-1.52757;-1.52854;-1.52928;-1.52985;-1.53016;-1.5302;-1.52985;-1.52901;-1.52756;-1.52524;-1.52173;-1.51658
1;9829113172072;50;absz;7.37422e+06;6.31554e+06;5.40572e+06;4.62198e+06;3.95574e+06;3.38721e+06;2.89763e+06;2.47933e+06;2.12064e+06;1.8146e+06;1.55313e+06;1.32877e+06;1.13659e+06;972333;831790;711602;608733;520743;445425;380986;325859;278715;238371;203867;174348;149103;127508;109040;93244.6;79736;68183.4;58303.1;49854.5;42629.1;36449.5;31165.5;26645.2;22779.9;19473.4;16645.4;14226;12156;10384.7;8868.33;7570.3;6458.46;5505.53;4688.05;3986.12;3382.47
1;9829113172072;50;frequency;199.9999999213742;234.625769479635;275.2462588517801;322.8993264769997;378.802514688914;444.3841576318164;521.3198749487447;611.5753842550475;717.456725922716;841.6691823498468;987.3863981368913;1158.33146786315;1358.872060208682;1594.132014446359;1870.122253535556;2193.894364737048;2573.720768452858;3019.306079821149;3542.035062906734;4155.263512473084;4874.659497176026;5718.603679767398;6708.658946337209;7870.121340545211;9232.666380967203;10831.10727442716;12706.28439819177;14906.10877695531;17486.78621595445;20514.25336674129;24065.86241733066;28232.35745111674;33120.19296963342;38854.25382030405;45581.04601983359;53472.44000269313;62730.06193403319;73590.44528463698;86331.07429211862;101277.4737211686;118811.5260634959;139381.228686517;163512.140226203;191820.8086789974;225030.524286467;263989.7996954232;309694.0495706946;363311.0235703185;426210.642505751;499999.9999999716
1;9829113172072;50;phasez;-1.52695;-1.52931;-1.53227;-1.53134;-1.53105;-1.53158;-1.53258;-1.53292;-1.53285;-1.53332;-1.53368;-1.53409;-1.53432;-1.53474;-1.5349;-1.53517;-1.53535;-1.5355;-1.53572;-1.53587;-1.53597;-1.53603;-1.53603;-1.53599;-1.53589;-1.53571;-1.53543;-1.53505;-1.53455;-1.53393;-1.53316;-1.53221;-1.53106;-1.5297;-1.52807;-1.52615;-1.52387;-1.52117;-1.51797;-1.5142;-1.50973;-1.50446;-1.49822;-1.49083;-1.48207;-1.47169;-1.45936;-1.44468;-1.42712;-1.40602
2;9829883458751;50;absz;82168.7;73554.6;65853.9;58945.3;52775.1;47242.6;42295.7;37867.3;33898.3;30343.6;27164;24317;21768.8;19487;17444.7;15617.5;13979.2;12513.5;11201.2;10026.6;8975.3;8033.5;7190.63;6436.27;5760.95;5156.18;4614.76;4130.08;3696.17;3307.63;2959.78;2648.35;2369.56;2119.87;1896.27;1696.07;1516.78;1356.16;1212.32;1083.45;968.024;864.636;772.039;689.109;614.965;548.707;489.593;437.065;390.612;349.902
2;9829883458751;50;frequency;20000.00000002444;22385.53853899816;25055.61678390222;28044.17375656954;31389.19662092121;35133.2035329932;39323.78408414649;44014.2042055669;49264.08322518227;55140.1516811012;61717.09952482729;69078.52549602467;77317.99973512921;86540.25314108083;96862.50859274992;108415.9709538568;121347.4948009008;135821.4510731415;152021.8163702936;170154.5114554648;190450.0186878266;213166.3116533389;238592.1342356312;267050.6708003728;298903.6541519141;334555.9634717432;374460.7706856584;419125.3006744233;469117.2785435782;525072.1459047724;587701.13789258;657800.3235824071;736260.7247225839;824079.6413975459;922373.3285811875;1032391.184709951;1155531.632626961;1293359.894754076;1447627.888434013;1620296.494325686;1813560.480908265;2029876.401899315;2271993.821195295;2542990.262224833;2846310.325953354;3185809.474764127;3565803.038745301;3991121.067296888;4467169.723268114;4999999.999999929
2;9829883458751;50;phasez;-1.53761;-1.53733;-1.53692;-1.53695;-1.53637;-1.53601;-1.53552;-1.5348;-1.53413;-1.53325;-1.53221;-1.53114;-1.52979;-1.52837;-1.52665;-1.52477;-1.52266;-1.52026;-1.51758;-1.51452;-1.51113;-1.50729;-1.50297;-1.49813;-1.49269;-1.4866;-1.47975;-1.47207;-1.46345;-1.45377;-1.44291;-1.43072;-1.41705;-1.4017;-1.38445;-1.36507;-1.34329;-1.31877;-1.29118;-1.26009;-1.22501;-1.1854;-1.1406;-1.08982;-1.03213;-0.966542;-0.891697;-0.806129;-0.708126;-0.59569
3;9830199546986;20;absz;16982.8;13875.4;11331.8;9255.33;7560.49;6173.84;5042;4116.9;3361.3;2743.87;2239.03;1826.32;1489.15;1213.29;987.647;803.023;652.045;528.881;428.937;349.038
3;9830199546986;20;frequency;99999.99999990905;122862.535599424;150952.0265389597;185463.4873444638;227865.1431623047;279960.8926363817;343967.05137965;422606.6409511731;519225.2346839865;637933.2888043621;783781.0140572543;962973.2274171232;1183133.324347452;1453627.601814205;1785963.729760951;2194280.323268956;2695948.443325946;3312310.615921419;4069588.809647371;4999999.999999929
3;9830199546986;20;phasez;-1.52572;-1.52267;-1.51858;-1.51355;-1.50726;-1.49946;-1.4897;-1.47766;-1.46271;-1.44421;-1.4213;-1.39293;-1.35776;-1.31407;-1.25966;-1.19163;-1.10606;-0.997728;-0.859365;-0.681344
