0;9465634481761;20;absz;1.36242e+08;9.93496e+07;7.24143e+07;5.2747e+07;3.84053e+07;2.7949e+07;2.03466e+07;1.48018e+07;1.07673e+07;7.82963e+06;5.69288e+06;4.13839e+06;3.00784e+06;2.18581e+06;1.58821e+06;1.15381e+06;838094;608701;442011;320910
0;9465634481761;20;frequency;9.999999974752427;13.86918846435492;19.23543905490988;26.67799336109056;37.00021196095804;51.31629158938722;71.17153245417285;98.70914048804025;136.9015682683994;189.8713664161278;263.3361782500288;365.2259113806622;506.5387032487934;702.5280792305466;974.3494403835484;1351.343611730726;1874.203936580443;2599.368780806799;3605.113577052066;4999.99999995282
0;9465634481761;20;phasez;-1.51103;-1.51387;-1.51712;-1.51942;-1.5218;-1.52316;-1.52509;-1.52643;-1.52764;-1.52855;-1.52934;-1.52985;-1.53019;-1.53022;-1.52988;-1.52907;-1.52759;-1.52528;-1.52178;-1.51663
1;9466403319888;50;absz;7.3822e+06;6.31499e+06;5.40412e+06;4.62972e+06;3.95863e+06;3.39117e+06;2.8989e+06;2.48023e+06;2.12252e+06;1.81586e+06;1.5542e+06;1.32941e+06;1.13741e+06;973003;832458;712167;609210;521078;445735;381241;326085;278898;238536;204004;174465;149204;127593;109112;93305.5;79789;68227.1;58341.1;49886.8;42656.1;36472.4;31184;26661.6;22793.3;19484.6;16654.7;14233.9;12162.6;10390.4;8873.2;7574.3;6461.96;5508.43;4690.57;3988.25;3384.24
1;9466403319888;50;frequency;199.9999999213742;234.625769479635;275.2462588517801;322.8993264769997;378.802514688914;444.3841576318164;521.3198749487447;611.5753842550475;717.456725922716;841.6691823498468;987.3863981368913;1158.33146786315;1358.872060208682;1594.132014446359;1870.122253535556;2193.894364737048;2573.720768452858;3019.306079821149;3542.035062906734;4155.263512473084;4874.659497176026;5718.603679767398;6708.658946337209;7870.121340545211;9232.666380967203;10831.10727442716;12706.28439819177;14906.10877695531;17486.78621595445;20514.25336674129;24065.86241733066;28232.35745111674;33120.19296963342;38854.25382030405;45581.04601983359;53472.44000269313;62730.06193403319;73590.44528463698;86331.07429211862;101277.4737211686;118811.5260634959;139381.228686517;163512.140226203;191820.8086789974;225030.524286467;263989.7996954232;309694.0495706946;363311.0235703185;426210.642505751;499999.9999999716
1;9466403319888;50;phasez;-1.5311;-1.53047;-1.5311;-1.5309;-1.53099;-1.53147;-1.53175;-1.5326;-1.53304;-1.53329;-1.53368;-1.53426;-1.53435;-1.53479;-1.53497;-1.53518;-1.53535;-1.5356;-1.53578;-1.53592;-1.53603;-1.53607;-1.53608;-1.53607;-1.53595;-1.53576;-1.53548;-1.5351;-1.5346;-1.53398;-1.53321;-1.53226;-1.53112;-1.52976;-1.52813;-1.52622;-1.52394;-1.52124;-1.51805;-1.51428;-1.50981;-1.50453;-1.49828;-1.49089;-1.48213;-1.47174;-1.4594;-1.44471;-1.42715;-1.40605
2;9467171442916;50;absz;82181.1;73588.8;65887.2;59000;52810.8;47283.2;42325.8;37890.1;33919.4;30365.2;27184.6;24334.1;21783.5;19500.2;17456.4;15626.2;13988;12521.8;11208.3;10032.7;8980.6;8038.29;7194.78;6439.87;5764.03;5158.99;4617.23;4132.27;3698.17;3309.41;2961.47;2649.85;2370.85;2121.04;1897.32;1697.03;1517.63;1356.91;1212.98;1084.04;968.526;865.079;772.446;689.458;615.291;548.99;489.837;437.281;390.81;350.084
2;9467171442916;50;frequency;20000.00000002444;22385.53853899816;25055.61678390222;28044.17375656954;31389.19662092121;35133.2035329932;39323.78408414649;44014.2042055669;49264.08322518227;55140.1516811012;61717.09952482729;69078.52549602467;77317.99973512921;86540.25314108083;96862.50859274992;108415.9709538568;121347.4948009008;135821.4510731415;152021.8163702936;170154.5114554648;190450.0186878266;213166.3116533389;238592.1342356312;267050.6708003728;298903.6541519141;334555.9634717432;374460.7706856584;419125.3006744233;469117.2785435782;525072.1459047724;587701.13789258;657800.3235824071;736260.7247225839;824079.6413975459;922373.3285811875;1032391.184709951;1155531.632626961;1293359.894754076;1447627.888434013;1620296.494325686;1813560.480908265;2029876.401899315;2271993.821195295;2542990.262224833;2846310.325953354;3185809.474764127;3565803.038745301;3991121.067296888;4467169.723268114;4999999.999999929
2;9467171442916;50;phasez;-1.53761;-1.53743;-1.53721;-1.53671;-1.53642;-1.53613;-1.53553;-1.53491;-1.53425;-1.53334;-1.53227;-1.53121;-1.52992;-1.52847;-1.52678;-1.52488;-1.5228;-1.52034;-1.51764;-1.51462;-1.51117;-1.50732;-1.50303;-1.49819;-1.49272;-1.48664;-1.47977;-1.47209;-1.46347;-1.45379;-1.44294;-1.43076;-1.41708;-1.40174;-1.38449;-1.36511;-1.34331;-1.31881;-1.29122;-1.26012;-1.22506;-1.18545;-1.14065;-1.08986;-1.03219;-0.966598;-0.891751;-0.806196;-0.708183;-0.595746
3;9467487093895;20;absz;16995.8;13886.7;11340.3;9262.38;7566.48;6178.09;5045.61;4119.8;3363.62;2745.74;2240.55;1827.56;1490.14;1214.05;988.274;803.536;652.441;529.192;429.184;349.234
3;9467487093895;20;frequency;99999.99999990905;122862.535599424;150952.0265389597;185463.4873444638;227865.1431623047;279960.8926363817;343967.05137965;422606.6409511731;519225.2346839865;637933.2888043621;783781.0140572543;962973.2274171232;1183133.324347452;1453627.601814205;1785963.729760951;2194280.323268956;2695948.443325946;3312310.615921419;4069588.809647371;4999999.999999929
3;9467487093895;20;phasez;-1.52591;-1.52262;-1.51872;-1.51366;-1.50731;-1.49949;-1.48975;-1.47767;-1.46272;-1.44423;-1.42134;-1.39296;-1.35779;-1.31412;-1.2597;-1.19168;-1.1061;-0.997759;-0.859395;-0.681351
