0;164578182492;20;absz;3.1108e+08;2.24426e+08;1.61959e+08;1.16905e+08;8.43879e+07;6.09023e+07;4.39842e+07;3.17466e+07;2.29139e+07;1.65431e+07;1.19411e+07;8.62019e+06;6.22235e+06;4.49181e+06;3.24241e+06;2.34061e+06;1.68956e+06;1.21959e+06;880329;635438
0;164578182492;20;frequency;9.999999974752427;13.86918846435492;19.23543905490988;26.67799336109056;37.00021196095804;51.31629158938722;71.17153245417285;98.70914048804025;136.9015682683994;189.8713664161278;263.3361782500288;365.2259113806622;506.5387032487934;702.5280792305466;974.3494403835484;1351.343611730726;1874.203936580443;2599.368780806799;3605.113577052066;4999.99999995282
0;164578182492;20;phasez;-1.56635;-1.56509;-1.56527;-1.56504;-1.56491;-1.56387;-1.56481;-1.56477;-1.56451;-1.56438;-1.56412;-1.56368;-1.56311;-1.5623;-1.56119;-1.55961;-1.5575;-1.55451;-1.55033;-1.54449
1;165348173101;50;absz;1.56037e+07;1.33316e+07;1.13142e+07;9.6679e+06;8.23412e+06;7.02719e+06;5.99261e+06;5.11098e+06;4.35763e+06;3.71606e+06;3.1734e+06;2.70458e+06;2.30775e+06;1.96755e+06;1.67769e+06;1.43102e+06;1.22058e+06;1.04093e+06;887849;757175;645781;550808;469765;400647;341724;291448;248583;212019;180838;154247;131565;112220;95722.1;81649;69645;59404;50668.3;43216.2;36857.2;31432.9;26802.9;22851.6;19478.5;16598.9;14139.1;12037.1;10239.9;8702.01;7384.38;6253.93
1;165348173101;50;frequency;199.9999999213742;234.625769479635;275.2462588517801;322.8993264769997;378.802514688914;444.3841576318164;521.3198749487447;611.5753842550475;717.456725922716;841.6691823498468;987.3863981368913;1158.33146786315;1358.872060208682;1594.132014446359;1870.122253535556;2193.894364737048;2573.720768452858;3019.306079821149;3542.035062906734;4155.263512473084;4874.659497176026;5718.603679767398;6708.658946337209;7870.121340545211;9232.666380967203;10831.10727442716;12706.28439819177;14906.10877695531;17486.78621595445;20514.25336674129;24065.86241733066;28232.35745111674;33120.19296963342;38854.25382030405;45581.04601983359;53472.44000269313;62730.06193403319;73590.44528463698;86331.07429211862;101277.4737211686;118811.5260634959;139381.228686517;163512.140226203;191820.8086789974;225030.524286467;263989.7996954232;309694.0495706946;363311.0235703185;426210.642505751;499999.9999999716
1;165348173101;50;phasez;-1.56528;-1.56601;-1.56742;-1.56503;-1.56583;-1.56736;-1.56564;-1.56503;-1.56557;-1.56513;-1.56505;-1.56505;-1.565;-1.5649;-1.56487;-1.56472;-1.56479;-1.5646;-1.56428;-1.56418;-1.564;-1.56373;-1.56339;-1.56298;-1.56255;-1.56205;-1.56146;-1.56076;-1.55995;-1.55902;-1.55797;-1.55674;-1.55533;-1.55369;-1.5518;-1.5496;-1.54705;-1.54408;-1.54061;-1.53656;-1.53182;-1.52626;-1.51973;-1.51205;-1.50302;-1.49236;-1.47974;-1.46478;-1.44695;-1.42558
2;166116618829;50;absz;159063;142150;127007;113518;101443;90668.6;81018.3;72395.9;64706.7;57826.6;51681.4;46183.3;41278.6;36889.7;32964.2;29460.2;26327.5;23532.4;21033.1;18795.9;16799.6;15015.5;13420.1;11994.7;10720.2;9581.04;8563.22;7653.22;6839.76;6112.81;5462.85;4882;4362.68;3898.43;3483.41;3112.44;2780.88;2484.4;2219.44;1982.59;1770.92;1581.84;1412.93;1262.01;1127.78;1008.2;902.052;808.308;726.099;654.876
2;166116618829;50;frequency;20000.00000002444;22385.53853899816;25055.61678390222;28044.17375656954;31389.19662092121;35133.2035329932;39323.78408414649;44014.2042055669;49264.08322518227;55140.1516811012;61717.09952482729;69078.52549602467;77317.99973512921;86540.25314108083;96862.50859274992;108415.9709538568;121347.4948009008;135821.4510731415;152021.8163702936;170154.5114554648;190450.0186878266;213166.3116533389;238592.1342356312;267050.6708003728;298903.6541519141;334555.9634717432;374460.7706856584;419125.3006744233;469117.2785435782;525072.1459047724;587701.13789258;657800.3235824071;736260.7247225839;824079.6413975459;922373.3285811875;1032391.184709951;1155531.632626961;1293359.894754076;1447627.888434013;1620296.494325686;1813560.480908265;2029876.401899315;2271993.821195295;2542990.262224833;2846310.325953354;3185809.474764127;3565803.038745301;3991121.067296888;4467169.723268114;4999999.999999929
2;166116618829;50;phasez;-1.56258;-1.56238;-1.56199;-1.56133;-1.56107;-1.56024;-1.55939;-1.55825;-1.55753;-1.55662;-1.55525;-1.55423;-1.55266;-1.55098;-1.54914;-1.54696;-1.54472;-1.54224;-1.53925;-1.53599;-1.53237;-1.52836;-1.52386;-1.51883;-1.51314;-1.5069;-1.49986;-1.49196;-1.48319;-1.47332;-1.46228;-1.4499;-1.43603;-1.4205;-1.40306;-1.3835;-1.36154;-1.33687;-1.30911;-1.27787;-1.24269;-1.20299;-1.15815;-1.10741;-1.04978;-0.984384;-0.909893;-0.824896;-0.727714;-0.616483
3;166433903042;20;absz;32076;26134.3;21291.1;17341.6;14127.1;11503.1;9368.28;7630.32;6213.11;5059.54;4119.55;3353.69;2729.71;2221.09;1806.66;1469.4;1194.95;972.622;793.95;653.293
3;166433903042;20;frequency;99999.99999990905;122862.535599424;150952.0265389597;185463.4873444638;227865.1431623047;279960.8926363817;343967.05137965;422606.6409511731;519225.2346839865;637933.2888043621;783781.0140572543;962973.2274171232;1183133.324347452;1453627.601814205;1785963.729760951;2194280.323268956;2695948.443325946;3312310.615921419;4069588.809647371;4999999.999999929
3;166433903042;20;phasez;-1.54817;-1.54461;-1.54021;-1.53482;-1.52818;-1.51995;-1.5099;-1.4975;-1.48223;-1.46341;-1.44016;-1.41145;-1.37596;-1.33197;-1.27731;-1.20913;-1.12352;-1.01555;-0.878062;-0.701868
