0;253827391654;20;absz;2.85397e+08;2.05971e+08;1.48793e+08;1.0744e+08;7.761e+07;5.60966e+07;4.05103e+07;2.92692e+07;2.11473e+07;1.52791e+07;1.10391e+07;7.97633e+06;5.76297e+06;4.16399e+06;3.00856e+06;2.17373e+06;1.57051e+06;1.1347e+06;819795;592283
0;253827391654;20;frequency;9.999999974752427;13.86918846435492;19.23543905490988;26.67799336109056;37.00021196095804;51.31629158938722;71.17153245417285;98.70914048804025;136.9015682683994;189.8713664161278;263.3361782500288;365.2259113806622;506.5387032487934;702.5280792305466;974.3494403835484;1351.343611730726;1874.203936580443;2599.368780806799;3605.113577052066;4999.99999995282
0;253827391654;20;phasez;-1.56058;-1.56168;-1.56118;-1.56084;-1.56077;-1.56139;-1.56055;-1.56046;-1.56033;-1.56005;-1.5597;-1.5593;-1.55869;-1.55789;-1.55677;-1.55524;-1.55309;-1.55007;-1.54587;-1.54003
1;254597287876;50;absz;1.43218e+07;1.2247e+07;1.04812e+07;8.91043e+06;7.6317e+06;6.49593e+06;5.5546e+06;4.74287e+06;4.04112e+06;3.44865e+06;2.94319e+06;2.51037e+06;2.14234e+06;1.82779e+06;1.55939e+06;1.33066e+06;1.13552e+06;968960;826620;705448;601872;513563;438177;373893;319030;272220;232286;198212;169137;144330;123162;105103;89690.3;76539.3;65317.3;55738.5;47563.8;40587.4;34631.8;29547.7;25207.5;21501.5;18336.4;15632.5;13322.4;11347.2;9657.56;8210.84;6970.87;5906.34
1;254597287876;50;frequency;199.9999999213742;234.625769479635;275.2462588517801;322.8993264769997;378.802514688914;444.3841576318164;521.3198749487447;611.5753842550475;717.456725922716;841.6691823498468;987.3863981368913;1158.33146786315;1358.872060208682;1594.132014446359;1870.122253535556;2193.894364737048;2573.720768452858;3019.306079821149;3542.035062906734;4155.263512473084;4874.659497176026;5718.603679767398;6708.658946337209;7870.121340545211;9232.666380967203;10831.10727442716;12706.28439819177;14906.10877695531;17486.78621595445;20514.25336674129;24065.86241733066;28232.35745111674;33120.19296963342;38854.25382030405;45581.04601983359;53472.44000269313;62730.06193403319;73590.44528463698;86331.07429211862;101277.4737211686;118811.5260634959;139381.228686517;163512.140226203;191820.8086789974;225030.524286467;263989.7996954232;309694.0495706946;363311.0235703185;426210.642505751;499999.9999999716
1;254597287876;50;phasez;-1.56163;-1.56343;-1.55848;-1.56054;-1.56103;-1.56111;-1.56074;-1.5607;-1.56148;-1.56066;-1.56039;-1.56042;-1.56061;-1.56064;-1.56042;-1.5603;-1.56025;-1.56016;-1.55998;-1.55972;-1.55952;-1.55924;-1.55892;-1.55854;-1.55808;-1.55757;-1.55697;-1.55628;-1.55547;-1.55454;-1.55346;-1.55222;-1.55079;-1.54914;-1.54723;-1.54502;-1.54246;-1.53948;-1.53601;-1.53195;-1.52721;-1.52164;-1.51511;-1.50743;-1.49839;-1.48773;-1.47511;-1.46015;-1.44232;-1.42095
2;255368317399;50;absz;148773;133054;118879;106289;95010.5;84973.6;75948;67880.6;60686;54259.5;48510.3;43357.3;38764.5;34656.5;30981;27694.2;24761.6;22138.3;19791.6;17694.5;15820.4;14144.7;12645.9;11306.3;10108.2;9037.12;8079.45;7223.28;6457.76;5773.2;5161.17;4613.81;4124.36;3686.59;3295.3;2945.21;2632.2;2352.32;2102.01;1878.23;1678.18;1499.32;1339.55;1196.79;1069.62;956.322;855.713;766.782;688.737;621.072
2;255368317399;50;frequency;20000.00000002444;22385.53853899816;25055.61678390222;28044.17375656954;31389.19662092121;35133.2035329932;39323.78408414649;44014.2042055669;49264.08322518227;55140.1516811012;61717.09952482729;69078.52549602467;77317.99973512921;86540.25314108083;96862.50859274992;108415.9709538568;121347.4948009008;135821.4510731415;152021.8163702936;170154.5114554648;190450.0186878266;213166.3116533389;238592.1342356312;267050.6708003728;298903.6541519141;334555.9634717432;374460.7706856584;419125.3006744233;469117.2785435782;525072.1459047724;587701.13789258;657800.3235824071;736260.7247225839;824079.6413975459;922373.3285811875;1032391.184709951;1155531.632626961;1293359.894754076;1447627.888434013;1620296.494325686;1813560.480908265;2029876.401899315;2271993.821195295;2542990.262224833;2846310.325953354;3185809.474764127;3565803.038745301;3991121.067296888;4467169.723268114;4999999.999999929
2;255368317399;50;phasez;-1.55799;-1.55783;-1.55707;-1.55709;-1.55632;-1.55548;-1.55499;-1.55354;-1.55316;-1.55203;-1.55097;-1.54954;-1.54807;-1.54637;-1.5445;-1.54253;-1.54005;-1.53755;-1.53459;-1.53138;-1.52772;-1.52369;-1.51922;-1.51417;-1.50854;-1.50227;-1.49521;-1.48733;-1.47852;-1.46866;-1.45762;-1.44525;-1.43139;-1.41585;-1.39843;-1.37887;-1.35689;-1.33222;-1.30446;-1.27323;-1.23803;-1.19833;-1.15349;-1.10271;-1.04506;-0.979656;-0.905132;-0.82007;-0.722834;-0.611504
3;255684062416;20;absz;30149.2;24575.5;20032;16329.9;13306.7;10842.2;8835.93;7200.76;5866.98;4780.67;3894.6;3172.59;2583.65;2103.35;1711.83;1392.84;1133.07;922.489;753.055;619.499
3;255684062416;20;frequency;99999.99999990905;122862.535599424;150952.0265389597;185463.4873444638;227865.1431623047;279960.8926363817;343967.05137965;422606.6409511731;519225.2346839865;637933.2888043621;783781.0140572543;962973.2274171232;1183133.324347452;1453627.601814205;1785963.729760951;2194280.323268956;2695948.443325946;3312310.615921419;4069588.809647371;4999999.999999929
3;255684062416;20;phasez;-1.54356;-1.53997;-1.53566;-1.53025;-1.52359;-1.51535;-1.50529;-1.49286;-1.47757;-1.45874;-1.4355;-1.4068;-1.37131;-1.32732;-1.27265;-1.20448;-1.11887;-1.01083;-0.873273;-0.696921
