0;463039561838;20;absz;2.49627e+08;1.8058e+08;1.30496e+08;9.44378e+07;6.82712e+07;4.93556e+07;3.57161e+07;2.58315e+07;1.8683e+07;1.35127e+07;9.77418e+06;7.07056e+06;5.115e+06;3.70004e+06;2.67652e+06;1.93602e+06;1.40039e+06;1.01294e+06;732661;529938
0;463039561838;20;frequency;9.999999974752427;13.86918846435492;19.23543905490988;26.67799336109056;37.00021196095804;51.31629158938722;71.17153245417285;98.70914048804025;136.9015682683994;189.8713664161278;263.3361782500288;365.2259113806622;506.5387032487934;702.5280792305466;974.3494403835484;1351.343611730726;1874.203936580443;2599.368780806799;3605.113577052066;4999.99999995282
0;463039561838;20;phasez;-1.55505;-1.55619;-1.55613;-1.55573;-1.55605;-1.55616;-1.55578;-1.55535;-1.55518;-1.5548;-1.55433;-1.55383;-1.55317;-1.55236;-1.55125;-1.54971;-1.54756;-1.54453;-1.54029;-1.53438
1;463809430866;50;absz;1.27008e+07;1.08438e+07;9.2796e+06;7.91615e+06;6.76062e+06;5.77007e+06;4.92403e+06;4.20808e+06;3.59467e+06;3.06547e+06;2.61875e+06;2.2355e+06;1.90821e+06;1.62936e+06;1.39086e+06;1.18733e+06;1.01375e+06;865415;738892;630797;538506;459770;392530;335128;286124;244284;208569;178083;152051;129829;110857;94659.9;80827.8;69018.3;58934.5;50325.4;42970.7;36690.6;31326.6;26744.8;22831.1;19487.1;16629.3;14186.4;12097.7;10310.8;8781.18;7470.69;6346.66;5381.1
1;463809430866;50;frequency;199.9999999213742;234.625769479635;275.2462588517801;322.8993264769997;378.802514688914;444.3841576318164;521.3198749487447;611.5753842550475;717.456725922716;841.6691823498468;987.3863981368913;1158.33146786315;1358.872060208682;1594.132014446359;1870.122253535556;2193.894364737048;2573.720768452858;3019.306079821149;3542.035062906734;4155.263512473084;4874.659497176026;5718.603679767398;6708.658946337209;7870.121340545211;9232.666380967203;10831.10727442716;12706.28439819177;14906.10877695531;17486.78621595445;20514.25336674129;24065.86241733066;28232.35745111674;33120.19296963342;38854.25382030405;45581.04601983359;53472.44000269313;62730.06193403319;73590.44528463698;86331.07429211862;101277.4737211686;118811.5260634959;139381.228686517;163512.140226203;191820.8086789974;225030.524286467;263989.7996954232;309694.0495706946;363311.0235703185;426210.642505751;499999.9999999716
1;463809430866;50;phasez;-1.55732;-1.55653;-1.55598;-1.55754;-1.55613;-1.55567;-1.55526;-1.55465;-1.55509;-1.55551;-1.55525;-1.55515;-1.55507;-1.55506;-1.55502;-1.55476;-1.55466;-1.55457;-1.55439;-1.55416;-1.55385;-1.55358;-1.55321;-1.5528;-1.55231;-1.5518;-1.55116;-1.55041;-1.54958;-1.54861;-1.54752;-1.54623;-1.54477;-1.54309;-1.54115;-1.53892;-1.53634;-1.53333;-1.52983;-1.52574;-1.52096;-1.51536;-1.50881;-1.5011;-1.49203;-1.48133;-1.4687;-1.45371;-1.43585;-1.41445
2;464580889307;50;absz;133802;119674;107049;95747.4;85623.2;76589.6;68492.9;61248;54776.5;48996;43826.1;39190.3;35049.4;31345.7;28041.5;25079.6;22431.8;20063.3;17946;16052.3;14357.4;12842.6;11486.7;10274.6;9190.22;8220.34;7352.71;6576.54;5882.12;5261.13;4705.41;4208.24;3763.48;3365.65;3009.6;2691.18;2406.24;2151.3;1923.2;1719.15;1536.6;1373.33;1227.35;1096.82;980.481;876.762;784.556;702.998;631.327;569.073
2;464580889307;50;frequency;20000.00000002444;22385.53853899816;25055.61678390222;28044.17375656954;31389.19662092121;35133.2035329932;39323.78408414649;44014.2042055669;49264.08322518227;55140.1516811012;61717.09952482729;69078.52549602467;77317.99973512921;86540.25314108083;96862.50859274992;108415.9709538568;121347.4948009008;135821.4510731415;152021.8163702936;170154.5114554648;190450.0186878266;213166.3116533389;238592.1342356312;267050.6708003728;298903.6541519141;334555.9634717432;374460.7706856584;419125.3006744233;469117.2785435782;525072.1459047724;587701.13789258;657800.3235824071;736260.7247225839;824079.6413975459;922373.3285811875;1032391.184709951;1155531.632626961;1293359.894754076;1447627.888434013;1620296.494325686;1813560.480908265;2029876.401899315;2271993.821195295;2542990.262224833;2846310.325953354;3185809.474764127;3565803.038745301;3991121.067296888;4467169.723268114;4999999.999999929
2;464580889307;50;phasez;-1.55193;-1.55154;-1.55151;-1.55045;-1.54994;-1.5495;-1.54881;-1.548;-1.54694;-1.54585;-1.54475;-1.54338;-1.54191;-1.54019;-1.53826;-1.5363;-1.53382;-1.5312;-1.52832;-1.52508;-1.52142;-1.51738;-1.51288;-1.50779;-1.50214;-1.49582;-1.48877;-1.48087;-1.47205;-1.46215;-1.45109;-1.4387;-1.42481;-1.40923;-1.39177;-1.37219;-1.35019;-1.32548;-1.2977;-1.26642;-1.23118;-1.19145;-1.14656;-1.09574;-1.03802;-0.972535;-0.897913;-0.812735;-0.715327;-0.603787
3;464899424383;20;absz;27295.2;22266.6;18166.5;14818.5;12085.1;9855.4;8039.08;6556.23;5346.89;4360.23;3555.18;2898.54;2362.29;1924.55;1567.56;1276.17;1038.7;845.839;690.449;567.67
3;464899424383;20;frequency;99999.99999990905;122862.535599424;150952.0265389597;185463.4873444638;227865.1431623047;279960.8926363817;343967.05137965;422606.6409511731;519225.2346839865;637933.2888043621;783781.0140572543;962973.2274171232;1183133.324347452;1453627.601814205;1785963.729760951;2194280.323268956;2695948.443325946;3312310.615921419;4069588.809647371;4999999.999999929
3;464899424383;20;phasez;-1.53739;-1.53387;-1.52927;-1.52387;-1.51725;-1.50898;-1.4989;-1.48643;-1.47108;-1.45221;-1.42892;-1.40018;-1.36463;-1.32058;-1.26584;-1.19758;-1.11187;-1.00371;-0.865949;-0.689284
