0;457450277786;20;absz;2.5e+08;1.81064e+08;1.30897e+08;9.46716e+07;6.8446e+07;4.95442e+07;3.58054e+07;2.58911e+07;1.87259e+07;1.35445e+07;9.79723e+06;7.0862e+06;5.12618e+06;3.70823e+06;2.68237e+06;1.94023e+06;1.40342e+06;1.0151e+06;734223;531057
0;457450277786;20;frequency;9.999999974752427;13.86918846435492;19.23543905490988;26.67799336109056;37.00021196095804;51.31629158938722;71.17153245417285;98.70914048804025;136.9015682683994;189.8713664161278;263.3361782500288;365.2259113806622;506.5387032487934;702.5280792305466;974.3494403835484;1351.343611730726;1874.203936580443;2599.368780806799;3605.113577052066;4999.99999995282
0;457450277786;20;phasez;-1.55556;-1.55604;-1.55631;-1.55616;-1.55586;-1.55579;-1.55565;-1.55558;-1.5552;-1.55482;-1.55442;-1.5539;-1.55327;-1.55242;-1.55131;-1.54978;-1.54763;-1.5446;-1.54035;-1.53445
1;458222476394;50;absz;1.27295e+07;1.08707e+07;9.29627e+06;7.94181e+06;6.78867e+06;5.78882e+06;4.93858e+06;4.21617e+06;3.60058e+06;3.07411e+06;2.62398e+06;2.23944e+06;1.91272e+06;1.63278e+06;1.39364e+06;1.18984e+06;1.0161e+06;867328;740422;632126;539697;460753;393355;335841;286729;244799;209008;178453;152364;130096;111084;94850.1;80989.6;69154.9;59051.4;50423;43054.5;36761.3;31387.1;26796.1;22874.3;19523.5;16660.4;14213;12120.2;10329.7;8797.22;7484.26;6358.24;5390.75
1;458222476394;50;frequency;199.9999999213742;234.625769479635;275.2462588517801;322.8993264769997;378.802514688914;444.3841576318164;521.3198749487447;611.5753842550475;717.456725922716;841.6691823498468;987.3863981368913;1158.33146786315;1358.872060208682;1594.132014446359;1870.122253535556;2193.894364737048;2573.720768452858;3019.306079821149;3542.035062906734;4155.263512473084;4874.659497176026;5718.603679767398;6708.658946337209;7870.121340545211;9232.666380967203;10831.10727442716;12706.28439819177;14906.10877695531;17486.78621595445;20514.25336674129;24065.86241733066;28232.35745111674;33120.19296963342;38854.25382030405;45581.04601983359;53472.44000269313;62730.06193403319;73590.44528463698;86331.07429211862;101277.4737211686;118811.5260634959;139381.228686517;163512.140226203;191820.8086789974;225030.524286467;263989.7996954232;309694.0495706946;363311.0235703185;426210.642505751;499999.9999999716
1;458222476394;50;phasez;-1.55677;-1.55394;-1.55764;-1.55703;-1.55468;-1.55555;-1.55449;-1.55574;-1.55558;-1.55476;-1.55529;-1.55526;-1.55483;-1.55491;-1.55502;-1.55476;-1.55485;-1.5546;-1.55449;-1.55421;-1.55396;-1.55367;-1.5533;-1.55288;-1.55242;-1.55188;-1.55124;-1.55051;-1.54969;-1.5487;-1.54763;-1.54636;-1.54492;-1.54323;-1.54129;-1.53906;-1.53646;-1.53345;-1.52994;-1.52586;-1.52107;-1.51548;-1.50892;-1.50121;-1.49213;-1.48144;-1.4688;-1.45381;-1.43595;-1.41455
2;458995182938;50;absz;134078;119878;107257;95955.4;85797.1;76733.1;68625.7;61361.3;54888.7;49082.5;43911.8;39266.2;35118.8;31409.8;28092.6;25124.5;22473.7;20100.2;17979.3;16081.6;14385.1;12865.5;11507.8;10293.4;9207.06;8235.21;7365.87;6588.43;5892.73;5270.57;4713.74;4215.74;3770.22;3371.57;3015.04;2695.92;2410.46;2155.03;1926.55;1722.11;1539.27;1375.71;1229.47;1098.72;982.175;878.254;785.893;704.209;632.412;570.068
2;458995182938;50;frequency;20000.00000002444;22385.53853899816;25055.61678390222;28044.17375656954;31389.19662092121;35133.2035329932;39323.78408414649;44014.2042055669;49264.08322518227;55140.1516811012;61717.09952482729;69078.52549602467;77317.99973512921;86540.25314108083;96862.50859274992;108415.9709538568;121347.4948009008;135821.4510731415;152021.8163702936;170154.5114554648;190450.0186878266;213166.3116533389;238592.1342356312;267050.6708003728;298903.6541519141;334555.9634717432;374460.7706856584;419125.3006744233;469117.2785435782;525072.1459047724;587701.13789258;657800.3235824071;736260.7247225839;824079.6413975459;922373.3285811875;1032391.184709951;1155531.632626961;1293359.894754076;1447627.888434013;1620296.494325686;1813560.480908265;2029876.401899315;2271993.821195295;2542990.262224833;2846310.325953354;3185809.474764127;3565803.038745301;3991121.067296888;4467169.723268114;4999999.999999929
2;458995182938;50;phasez;-1.55267;-1.552;-1.55156;-1.55127;-1.55063;-1.54951;-1.54883;-1.54817;-1.54721;-1.54616;-1.54495;-1.5434;-1.54214;-1.54035;-1.53835;-1.53626;-1.53401;-1.53139;-1.52842;-1.52521;-1.52157;-1.51746;-1.51293;-1.50789;-1.50223;-1.49593;-1.48888;-1.48097;-1.47216;-1.46224;-1.45119;-1.4388;-1.42492;-1.40936;-1.3919;-1.37231;-1.35032;-1.3256;-1.29781;-1.26654;-1.23132;-1.19157;-1.14669;-1.09585;-1.03814;-0.972666;-0.898044;-0.812869;-0.715471;-0.603941
3;459313996440;20;absz;27348.5;22308.9;18199.2;14846.6;12107.7;9873.31;8054.01;6567.99;5356.7;4368.22;3561.65;2903.71;2366.46;1927.94;1570.28;1278.38;1040.48;847.301;691.652;568.669
3;459313996440;20;frequency;99999.99999990905;122862.535599424;150952.0265389597;185463.4873444638;227865.1431623047;279960.8926363817;343967.05137965;422606.6409511731;519225.2346839865;637933.2888043621;783781.0140572543;962973.2274171232;1183133.324347452;1453627.601814205;1785963.729760951;2194280.323268956;2695948.443325946;3312310.615921419;4069588.809647371;4999999.999999929
3;459313996440;20;phasez;-1.53762;-1.53387;-1.52942;-1.52403;-1.51735;-1.50909;-1.49897;-1.48655;-1.47118;-1.45232;-1.42905;-1.40028;-1.36472;-1.3207;-1.26597;-1.19772;-1.11198;-1.00384;-0.86608;-0.689452
