0;2426913641398;20;absz;1.81341e+08;1.31583e+08;9.52487e+07;6.89429e+07;4.99067e+07;3.61269e+07;2.61415e+07;1.89243e+07;1.36978e+07;9.91501e+06;7.17658e+06;5.19388e+06;3.75872e+06;2.71997e+06;1.96813e+06;1.42407e+06;1.03035e+06;745438;539244;390045
0;2426913641398;20;frequency;9.999999974752427;13.86918846435492;19.23543905490988;26.67799336109056;37.00021196095804;51.31629158938722;71.17153245417285;98.70914048804025;136.9015682683994;189.8713664161278;263.3361782500288;365.2259113806622;506.5387032487934;702.5280792305466;974.3494403835484;1351.343611730726;1874.203936580443;2599.368780806799;3605.113577052066;4999.99999995282
0;2426913641398;20;phasez;-1.5496;-1.55019;-1.551;-1.55151;-1.55124;-1.5522;-1.55178;-1.55188;-1.55183;-1.55177;-1.55169;-1.55151;-1.55122;-1.5507;-1.54986;-1.5486;-1.54675;-1.54409;-1.54026;-1.53486
1;2427683758148;50;absz;9.29945e+06;7.98566e+06;6.81821e+06;5.81906e+06;4.96969e+06;4.23663e+06;3.62248e+06;3.09247e+06;2.64e+06;2.25478e+06;1.92511e+06;1.64416e+06;1.4035e+06;1.1987e+06;1.02355e+06;873821;746034;636976;543842;464341;396425;338446;288928;246658;210560;179748;153439;130979;111803;95436.2;81461.8;69534.1;59350.4;50658.7;43239.2;36904.5;31497.4;26881.2;22940.1;19575.3;16702.4;14249.1;12153.4;10362.8;8832.66;7524.42;6405.1;5446.55;4624.81;3919.34
1;2427683758148;50;frequency;199.9999999213742;234.625769479635;275.2462588517801;322.8993264769997;378.802514688914;444.3841576318164;521.3198749487447;611.5753842550475;717.456725922716;841.6691823498468;987.3863981368913;1158.33146786315;1358.872060208682;1594.132014446359;1870.122253535556;2193.894364737048;2573.720768452858;3019.306079821149;3542.035062906734;4155.263512473084;4874.659497176026;5718.603679767398;6708.658946337209;7870.121340545211;9232.666380967203;10831.10727442716;12706.28439819177;14906.10877695531;17486.78621595445;20514.25336674129;24065.86241733066;28232.35745111674;33120.19296963342;38854.25382030405;45581.04601983359;53472.44000269313;62730.06193403319;73590.44528463698;86331.07429211862;101277.4737211686;118811.5260634959;139381.228686517;163512.140226203;191820.8086789974;225030.524286467;263989.7996954232;309694.0495706946;363311.0235703185;426210.642505751;499999.9999999716
1;2427683758148;50;phasez;-1.55351;-1.55257;-1.55182;-1.55406;-1.55372;-1.5529;-1.55329;-1.55335;-1.5537;-1.55342;-1.55344;-1.55387;-1.55388;-1.55398;-1.55395;-1.55425;-1.55417;-1.55425;-1.55426;-1.55427;-1.55427;-1.55421;-1.55416;-1.55399;-1.55379;-1.55351;-1.55315;-1.55267;-1.55209;-1.55137;-1.5505;-1.54945;-1.54819;-1.54668;-1.54491;-1.54282;-1.54035;-1.53744;-1.53402;-1.52999;-1.52526;-1.51968;-1.51311;-1.50538;-1.49628;-1.48552;-1.47281;-1.45772;-1.43975;-1.41822
2;2428451059913;50;absz;98363.2;87987.6;78633;70314.5;62855.4;56215.9;50264.5;44932.9;40182.8;35928.9;32122.6;28717.4;25678.8;22956.9;20525.9;18351.9;16409.3;14672.7;13119.8;11731.1;10488.9;9378.52;8385.67;7498.23;6704.27;5994.47;5360.04;4792.5;4285.03;3831.22;3425.28;3062.36;2737.71;2447.36;2187.65;1955.32;1747.51;1561.6;1395.24;1246.43;1113.27;994.15;887.608;792.344;707.273;631.361;563.756;503.815;450.946;404.789
2;2428451059913;50;frequency;20000.00000002444;22385.53853899816;25055.61678390222;28044.17375656954;31389.19662092121;35133.2035329932;39323.78408414649;44014.2042055669;49264.08322518227;55140.1516811012;61717.09952482729;69078.52549602467;77317.99973512921;86540.25314108083;96862.50859274992;108415.9709538568;121347.4948009008;135821.4510731415;152021.8163702936;170154.5114554648;190450.0186878266;213166.3116533389;238592.1342356312;267050.6708003728;298903.6541519141;334555.9634717432;374460.7706856584;419125.3006744233;469117.2785435782;525072.1459047724;587701.13789258;657800.3235824071;736260.7247225839;824079.6413975459;922373.3285811875;1032391.184709951;1155531.632626961;1293359.894754076;1447627.888434013;1620296.494325686;1813560.480908265;2029876.401899315;2271993.821195295;2542990.262224833;2846310.325953354;3185809.474764127;3565803.038745301;3991121.067296888;4467169.723268114;4999999.999999929
2;2428451059913;50;phasez;-1.55512;-1.55494;-1.5543;-1.55377;-1.5537;-1.55296;-1.55232;-1.55169;-1.55091;-1.54986;-1.54884;-1.54748;-1.546;-1.54454;-1.54264;-1.54044;-1.53812;-1.53553;-1.53263;-1.52935;-1.52572;-1.52164;-1.51706;-1.51198;-1.50625;-1.49986;-1.49273;-1.48475;-1.47583;-1.46583;-1.45467;-1.44213;-1.42813;-1.41242;-1.39481;-1.37504;-1.35288;-1.32797;-1.29998;-1.26848;-1.233;-1.19298;-1.14778;-1.09663;-1.03855;-0.97263;-0.897487;-0.811697;-0.713528;-0.60104
3;2428770509297;20;absz;19978.2;16287.8;13277.9;10820.8;8821.18;7190.81;5860.93;4777.62;3893.85;3173.52;2585.92;2106.53;1715.38;1396.37;1135.86;923.259;749.798;608.676;494.576;403.794
3;2428770509297;20;frequency;99999.99999990905;122862.535599424;150952.0265389597;185463.4873444638;227865.1431623047;279960.8926363817;343967.05137965;422606.6409511731;519225.2346839865;637933.2888043621;783781.0140572543;962973.2274171232;1183133.324347452;1453627.601814205;1785963.729760951;2194280.323268956;2695948.443325946;3312310.615921419;4069588.809647371;4999999.999999929
3;2428770509297;20;phasez;-1.54164;-1.53809;-1.53371;-1.5282;-1.52145;-1.51313;-1.5029;-1.49029;-1.47482;-1.45572;-1.43217;-1.40315;-1.36729;-1.32287;-1.26771;-1.19894;-1.11266;-1.00369;-0.864863;-0.686681
