0;8079017404860;20;absz;1.3714e+08;9.99622e+07;7.28637e+07;5.30556e+07;3.86361e+07;2.81217e+07;2.04602e+07;1.48828e+07;1.08228e+07;7.8694e+06;5.72098e+06;4.15841e+06;3.02221e+06;2.19618e+06;1.59565e+06;1.15918e+06;841994;611501;444016;322354
0;8079017404860;20;frequency;9.999999974752427;13.86918846435492;19.23543905490988;26.67799336109056;37.00021196095804;51.31629158938722;71.17153245417285;98.70914048804025;136.9015682683994;189.8713664161278;263.3361782500288;365.2259113806622;506.5387032487934;702.5280792305466;974.3494403835484;1351.343611730726;1874.203936580443;2599.368780806799;3605.113577052066;4999.99999995282
0;8079017404860;20;phasez;-1.51164;-1.51504;-1.51801;-1.52051;-1.52257;-1.52469;-1.52594;-1.52715;-1.52829;-1.52917;-1.52983;-1.53029;-1.53054;-1.53052;-1.53014;-1.52931;-1.52787;-1.52557;-1.52209;-1.51697
1;8079787237138;50;absz;7.39875e+06;6.35624e+06;5.43337e+06;4.64869e+06;3.97931e+06;3.40422e+06;2.91226e+06;2.49246e+06;2.1327e+06;1.82425e+06;1.56114e+06;1.33578e+06;1.14282e+06;977552;836263;715496;611970;523479;447757;382972;327550;280132;239587;204894;175220;149841;128138;109573;93697.8;80120.9;68510.1;58579.1;50088.2;42827.6;36618;31307.8;26766.1;22882.3;19560;16718.5;14287.9;12208.3;10428.6;8905.47;7601.69;6484.88;5527.83;4706.87;4001.9;3395.7
1;8079787237138;50;frequency;199.9999999213742;234.625769479635;275.2462588517801;322.8993264769997;378.802514688914;444.3841576318164;521.3198749487447;611.5753842550475;717.456725922716;841.6691823498468;987.3863981368913;1158.33146786315;1358.872060208682;1594.132014446359;1870.122253535556;2193.894364737048;2573.720768452858;3019.306079821149;3542.035062906734;4155.263512473084;4874.659497176026;5718.603679767398;6708.658946337209;7870.121340545211;9232.666380967203;10831.10727442716;12706.28439819177;14906.10877695531;17486.78621595445;20514.25336674129;24065.86241733066;28232.35745111674;33120.19296963342;38854.25382030405;45581.04601983359;53472.44000269313;62730.06193403319;73590.44528463698;86331.07429211862;101277.4737211686;118811.5260634959;139381.228686517;163512.140226203;191820.8086789974;225030.524286467;263989.7996954232;309694.0495706946;363311.0235703185;426210.642505751;499999.9999999716
1;8079787237138;50;phasez;-1.53141;-1.53038;-1.53153;-1.5316;-1.53164;-1.53246;-1.53253;-1.53285;-1.53299;-1.53373;-1.53409;-1.53438;-1.53464;-1.53505;-1.53519;-1.53541;-1.53564;-1.53588;-1.53608;-1.53625;-1.53637;-1.5364;-1.53644;-1.53641;-1.53629;-1.5361;-1.53583;-1.53545;-1.53494;-1.5343;-1.53354;-1.53259;-1.53146;-1.53009;-1.52847;-1.52656;-1.5243;-1.5216;-1.51843;-1.51466;-1.51021;-1.50494;-1.49869;-1.4913;-1.48254;-1.47216;-1.45982;-1.44514;-1.42758;-1.40647
2;8080556994440;50;absz;82513.6;73901.5;66158.6;59220.2;53021.9;47456.3;42487;38037.9;34053.2;30479.6;27282.8;24425.2;21863.5;19570.9;17520.1;15682.8;14038;12565.4;11247.8;10068;9011.7;8065.98;7219.31;6461.64;5783.4;5176.27;4632.66;4145.9;3710.17;3320.15;2970.95;2658.27;2378.34;2127.69;1903.23;1702.26;1522.26;1361.03;1216.6;1087.25;971.392;867.625;774.677;691.455;617.049;550.551;491.227;438.523;391.92;351.081
2;8080556994440;50;frequency;20000.00000002444;22385.53853899816;25055.61678390222;28044.17375656954;31389.19662092121;35133.2035329932;39323.78408414649;44014.2042055669;49264.08322518227;55140.1516811012;61717.09952482729;69078.52549602467;77317.99973512921;86540.25314108083;96862.50859274992;108415.9709538568;121347.4948009008;135821.4510731415;152021.8163702936;170154.5114554648;190450.0186878266;213166.3116533389;238592.1342356312;267050.6708003728;298903.6541519141;334555.9634717432;374460.7706856584;419125.3006744233;469117.2785435782;525072.1459047724;587701.13789258;657800.3235824071;736260.7247225839;824079.6413975459;922373.3285811875;1032391.184709951;1155531.632626961;1293359.894754076;1447627.888434013;1620296.494325686;1813560.480908265;2029876.401899315;2271993.821195295;2542990.262224833;2846310.325953354;3185809.474764127;3565803.038745301;3991121.067296888;4467169.723268114;4999999.999999929
2;8080556994440;50;phasez;-1.53801;-1.53785;-1.53754;-1.5372;-1.53679;-1.53638;-1.53578;-1.53525;-1.53452;-1.53358;-1.5326;-1.53155;-1.53027;-1.52881;-1.52721;-1.52537;-1.52316;-1.52073;-1.51803;-1.515;-1.5116;-1.50774;-1.50344;-1.4986;-1.49315;-1.48704;-1.48021;-1.4725;-1.46389;-1.45422;-1.44338;-1.43119;-1.41752;-1.40217;-1.38493;-1.36556;-1.34378;-1.31928;-1.2917;-1.26061;-1.22555;-1.18595;-1.14117;-1.09038;-1.03271;-0.967127;-0.892289;-0.806746;-0.708759;-0.596351
3;8080873684488;20;absz;17057.1;13933.9;11379.2;9293.23;7591.04;6198.28;5061.94;4133.07;3374.33;2754.23;2247.46;1833.07;1494.56;1217.6;991.106;805.806;654.275;530.662;430.384;350.227
3;8080873684488;20;frequency;99999.99999990905;122862.535599424;150952.0265389597;185463.4873444638;227865.1431623047;279960.8926363817;343967.05137965;422606.6409511731;519225.2346839865;637933.2888043621;783781.0140572543;962973.2274171232;1183133.324347452;1453627.601814205;1785963.729760951;2194280.323268956;2695948.443325946;3312310.615921419;4069588.809647371;4999999.999999929
3;8080873684488;20;phasez;-1.52637;-1.52315;-1.51912;-1.51404;-1.50772;-1.49986;-1.49018;-1.47811;-1.46315;-1.44466;-1.42177;-1.39342;-1.35826;-1.31459;-1.2602;-1.19218;-1.1066;-0.998284;-0.859941;-0.681963
