0;1352904619204;20;absz;2.04385e+08;1.47806e+08;1.06713e+08;7.71172e+07;5.57165e+07;4.03013e+07;2.91057e+07;2.10347e+07;1.52037e+07;1.09897e+07;7.9448e+06;5.74365e+06;4.15265e+06;3.00232e+06;2.17069e+06;1.56939e+06;1.13468e+06;820400;593187;428922
0;1352904619204;20;frequency;9.999999974752427;13.86918846435492;19.23543905490988;26.67799336109056;37.00021196095804;51.31629158938722;71.17153245417285;98.70914048804025;136.9015682683994;189.8713664161278;263.3361782500288;365.2259113806622;506.5387032487934;702.5280792305466;974.3494403835484;1351.343611730726;1874.203936580443;2599.368780806799;3605.113577052066;4999.99999995282
0;1352904619204;20;phasez;-1.55972;-1.55886;-1.55935;-1.55962;-1.55946;-1.55932;-1.55893;-1.55851;-1.55824;-1.55768;-1.55714;-1.55649;-1.55572;-1.55478;-1.55354;-1.55182;-1.54944;-1.54617;-1.54167;-1.53548
1;1353675685679;50;absz;1.03453e+07;8.82695e+06;7.52995e+06;6.4356e+06;5.50155e+06;4.69255e+06;3.99846e+06;3.41352e+06;2.91359e+06;2.48751e+06;2.12351e+06;1.81227e+06;1.54665e+06;1.32041e+06;1.12696e+06;961860;821121;700863;598242;510684;435915;372113;317664;271184;231516;197647;168750;144082;123022;105045;89698.2;76594.9;65409.8;55860.3;47705.1;40741.6;34794.4;29715.1;25377.1;21671.4;18505.3;15800;13487.5;11510.3;9819.35;8372.47;7133.41;6071.79;5160.63;4377.72
1;1353675685679;50;frequency;199.9999999213742;234.625769479635;275.2462588517801;322.8993264769997;378.802514688914;444.3841576318164;521.3198749487447;611.5753842550475;717.456725922716;841.6691823498468;987.3863981368913;1158.33146786315;1358.872060208682;1594.132014446359;1870.122253535556;2193.894364737048;2573.720768452858;3019.306079821149;3542.035062906734;4155.263512473084;4874.659497176026;5718.603679767398;6708.658946337209;7870.121340545211;9232.666380967203;10831.10727442716;12706.28439819177;14906.10877695531;17486.78621595445;20514.25336674129;24065.86241733066;28232.35745111674;33120.19296963342;38854.25382030405;45581.04601983359;53472.44000269313;62730.06193403319;73590.44528463698;86331.07429211862;101277.4737211686;118811.5260634959;139381.228686517;163512.140226203;191820.8086789974;225030.524286467;263989.7996954232;309694.0495706946;363311.0235703185;426210.642505751;499999.9999999716
1;1353675685679;50;phasez;-1.55892;-1.55699;-1.55799;-1.5575;-1.55927;-1.55871;-1.55777;-1.5572;-1.55733;-1.55741;-1.5575;-1.55729;-1.55718;-1.55696;-1.55674;-1.55655;-1.5563;-1.55603;-1.55567;-1.55539;-1.55499;-1.55455;-1.55401;-1.55344;-1.55281;-1.55208;-1.55127;-1.55034;-1.54931;-1.54817;-1.54684;-1.54536;-1.54368;-1.54177;-1.53961;-1.53715;-1.53432;-1.53108;-1.52734;-1.52302;-1.518;-1.51216;-1.50535;-1.4974;-1.48807;-1.47714;-1.46426;-1.44902;-1.43093;-1.40929
2;1354444919276;50;absz;108229;96870.8;86619.7;77475.2;69273.7;61968.3;55410.5;49573.9;44347.6;39664.7;35480.2;31737;28389.4;25397.7;22719.1;20324.2;18182;16266.9;14553.4;13020.6;11649.1;10422.6;9325.68;8343.59;7465.24;6679.7;5976.44;5347.4;4784.43;4280.75;3829.98;3426.45;3065.5;2742.36;2453.18;2194.35;1962.65;1755.28;1569.6;1403.4;1254.64;1121.48;1002.33;895.702;800.543;715.597;639.966;572.937;513.879;462.403
2;1354444919276;50;frequency;20000.00000002444;22385.53853899816;25055.61678390222;28044.17375656954;31389.19662092121;35133.2035329932;39323.78408414649;44014.2042055669;49264.08322518227;55140.1516811012;61717.09952482729;69078.52549602467;77317.99973512921;86540.25314108083;96862.50859274992;108415.9709538568;121347.4948009008;135821.4510731415;152021.8163702936;170154.5114554648;190450.0186878266;213166.3116533389;238592.1342356312;267050.6708003728;298903.6541519141;334555.9634717432;374460.7706856584;419125.3006744233;469117.2785435782;525072.1459047724;587701.13789258;657800.3235824071;736260.7247225839;824079.6413975459;922373.3285811875;1032391.184709951;1155531.632626961;1293359.894754076;1447627.888434013;1620296.494325686;1813560.480908265;2029876.401899315;2271993.821195295;2542990.262224833;2846310.325953354;3185809.474764127;3565803.038745301;3991121.067296888;4467169.723268114;4999999.999999929
2;1354444919276;50;phasez;-1.55175;-1.55154;-1.55074;-1.54993;-1.5491;-1.54854;-1.54742;-1.54644;-1.54535;-1.54401;-1.5427;-1.54127;-1.53955;-1.53764;-1.53565;-1.5334;-1.53088;-1.52805;-1.52495;-1.52159;-1.5177;-1.51348;-1.50877;-1.50356;-1.49773;-1.49126;-1.48401;-1.47597;-1.46696;-1.45691;-1.44567;-1.43311;-1.41906;-1.40332;-1.38569;-1.36593;-1.34376;-1.31887;-1.2909;-1.25944;-1.22402;-1.18406;-1.13895;-1.08789;-1.0299;-0.964117;-0.889132;-0.803534;-0.705632;-0.593485
3;1354762035600;20;absz;22118.1;18049;14730.1;12018.1;9807;8004.58;6531.77;5331.06;4350.62;3550.1;2896.78;2363;1926.96;1570.96;1279.96;1042.26;848.159;690.237;562.605;461.29
3;1354762035600;20;frequency;99999.99999990905;122862.535599424;150952.0265389597;185463.4873444638;227865.1431623047;279960.8926363817;343967.05137965;422606.6409511731;519225.2346839865;637933.2888043621;783781.0140572543;962973.2274171232;1183133.324347452;1453627.601814205;1785963.729760951;2194280.323268956;2695948.443325946;3312310.615921419;4069588.809647371;4999999.999999929
3;1354762035600;20;phasez;-1.53467;-1.53074;-1.52594;-1.52027;-1.51318;-1.50467;-1.49425;-1.48147;-1.46586;-1.44668;-1.42308;-1.39401;-1.35816;-1.31378;-1.25871;-1.19006;-1.10392;-0.995202;-0.856708;-0.679025
