0;9328932439218;20;absz;1.36312e+08;9.93799e+07;7.2428e+07;5.27692e+07;3.8425e+07;2.79739e+07;2.03549e+07;1.48078e+07;1.07709e+07;7.83249e+06;5.69467e+06;4.13967e+06;3.00873e+06;2.18642e+06;1.58861e+06;1.15411e+06;838301;608839;442113;320987
0;9328932439218;20;frequency;9.999999974752427;13.86918846435492;19.23543905490988;26.67799336109056;37.00021196095804;51.31629158938722;71.17153245417285;98.70914048804025;136.9015682683994;189.8713664161278;263.3361782500288;365.2259113806622;506.5387032487934;702.5280792305466;974.3494403835484;1351.343611730726;1874.203936580443;2599.368780806799;3605.113577052066;4999.99999995282
0;9328932439218;20;phasez;-1.51073;-1.51409;-1.51741;-1.51957;-1.52168;-1.52386;-1.52519;-1.52645;-1.52767;-1.52861;-1.52934;-1.52993;-1.53024;-1.53028;-1.52993;-1.5291;-1.52763;-1.5253;-1.5218;-1.51665
1;9329701962801;50;absz;7.38924e+06;6.31436e+06;5.40966e+06;4.63178e+06;3.96255e+06;3.38921e+06;2.90245e+06;2.4808e+06;2.12359e+06;1.81645e+06;1.5544e+06;1.32959e+06;1.13774e+06;973327;832653;712335;609277;521231;445811;381319;326160;278956;238584;204044;174503;149235;127623;109137;93329.6;79806.5;68243.1;58354.9;49898;42666.4;36481.3;31192;26668;22798.9;19489.5;16658.7;14237.6;12165.8;10392.8;8875.46;7576.27;6463.55;5509.69;4691.65;3989.2;3384.97
1;9329701962801;50;frequency;199.9999999213742;234.625769479635;275.2462588517801;322.8993264769997;378.802514688914;444.3841576318164;521.3198749487447;611.5753842550475;717.456725922716;841.6691823498468;987.3863981368913;1158.33146786315;1358.872060208682;1594.132014446359;1870.122253535556;2193.894364737048;2573.720768452858;3019.306079821149;3542.035062906734;4155.263512473084;4874.659497176026;5718.603679767398;6708.658946337209;7870.121340545211;9232.666380967203;10831.10727442716;12706.28439819177;14906.10877695531;17486.78621595445;20514.25336674129;24065.86241733066;28232.35745111674;33120.19296963342;38854.25382030405;45581.04601983359;53472.44000269313;62730.06193403319;73590.44528463698;86331.07429211862;101277.4737211686;118811.5260634959;139381.228686517;163512.140226203;191820.8086789974;225030.524286467;263989.7996954232;309694.0495706946;363311.0235703185;426210.642505751;499999.9999999716
1;9329701962801;50;phasez;-1.53077;-1.53047;-1.53026;-1.53202;-1.53126;-1.53191;-1.53176;-1.53305;-1.53338;-1.53367;-1.53394;-1.53429;-1.53448;-1.53479;-1.53509;-1.5352;-1.53547;-1.5356;-1.53576;-1.53596;-1.53602;-1.53609;-1.53612;-1.53605;-1.53595;-1.53576;-1.53548;-1.53509;-1.5346;-1.53397;-1.5332;-1.53226;-1.53112;-1.52976;-1.52814;-1.52622;-1.52395;-1.52125;-1.51806;-1.51429;-1.50983;-1.50455;-1.4983;-1.49091;-1.48216;-1.47177;-1.45943;-1.44474;-1.42718;-1.40608
2;9330473385800;50;absz;82223.7;73597.9;65888.4;58991;52824.8;47290.8;42334.3;37899.7;33929.7;30368.5;27185.6;24336;21785.3;19502.7;17458.2;15629.2;13990.8;12522.6;11210.2;10034.6;8981.87;8039.62;7196.14;6440.91;5764.83;5159.79;4617.96;4133.01;3698.79;3309.95;2961.88;2650.24;2371.24;2121.33;1897.62;1697.28;1517.84;1357.08;1213.12;1084.18;968.67;865.213;772.543;689.567;615.369;549.054;489.893;437.331;390.849;350.119
2;9330473385800;50;frequency;20000.00000002444;22385.53853899816;25055.61678390222;28044.17375656954;31389.19662092121;35133.2035329932;39323.78408414649;44014.2042055669;49264.08322518227;55140.1516811012;61717.09952482729;69078.52549602467;77317.99973512921;86540.25314108083;96862.50859274992;108415.9709538568;121347.4948009008;135821.4510731415;152021.8163702936;170154.5114554648;190450.0186878266;213166.3116533389;238592.1342356312;267050.6708003728;298903.6541519141;334555.9634717432;374460.7706856584;419125.3006744233;469117.2785435782;525072.1459047724;587701.13789258;657800.3235824071;736260.7247225839;824079.6413975459;922373.3285811875;1032391.184709951;1155531.632626961;1293359.894754076;1447627.888434013;1620296.494325686;1813560.480908265;2029876.401899315;2271993.821195295;2542990.262224833;2846310.325953354;3185809.474764127;3565803.038745301;3991121.067296888;4467169.723268114;4999999.999999929
2;9330473385800;50;phasez;-1.53773;-1.53746;-1.53742;-1.53696;-1.53631;-1.53598;-1.53552;-1.53482;-1.53406;-1.5333;-1.53235;-1.53116;-1.52986;-1.52846;-1.52675;-1.52493;-1.52277;-1.52039;-1.51766;-1.51462;-1.51119;-1.50738;-1.50308;-1.49822;-1.49278;-1.48666;-1.47981;-1.47213;-1.4635;-1.45383;-1.44297;-1.4308;-1.41713;-1.40177;-1.38452;-1.36515;-1.34336;-1.31886;-1.29126;-1.26018;-1.2251;-1.18549;-1.1407;-1.08993;-1.03223;-0.966646;-0.891803;-0.806243;-0.708235;-0.595806
3;9330789920032;20;absz;16996.6;13887.3;11341.4;9262.92;7566.05;6178.52;5045.81;4119.89;3363.75;2745.8;2240.65;1827.63;1490.21;1214.1;988.288;803.553;652.465;529.214;429.212;349.263
3;9330789920032;20;frequency;99999.99999990905;122862.535599424;150952.0265389597;185463.4873444638;227865.1431623047;279960.8926363817;343967.05137965;422606.6409511731;519225.2346839865;637933.2888043621;783781.0140572543;962973.2274171232;1183133.324347452;1453627.601814205;1785963.729760951;2194280.323268956;2695948.443325946;3312310.615921419;4069588.809647371;4999999.999999929
3;9330789920032;20;phasez;-1.52598;-1.52276;-1.51867;-1.51364;-1.50735;-1.49952;-1.48979;-1.47772;-1.46277;-1.44427;-1.42137;-1.39301;-1.35784;-1.31417;-1.25976;-1.19172;-1.10615;-0.997817;-0.859453;-0.681449
