0;5425799740562;20;absz;1.44565e+08;1.05264e+08;7.65791e+07;5.56911e+07;4.05082e+07;2.94636e+07;2.1414e+07;1.55676e+07;1.13146e+07;8.22279e+06;5.97458e+06;4.34053e+06;3.15282e+06;2.28981e+06;1.6627e+06;1.20715e+06;876254;635971;461495;334823
0;5425799740562;20;frequency;9.999999974752427;13.86918846435492;19.23543905490988;26.67799336109056;37.00021196095804;51.31629158938722;71.17153245417285;98.70914048804025;136.9015682683994;189.8713664161278;263.3361782500288;365.2259113806622;506.5387032487934;702.5280792305466;974.3494403835484;1351.343611730726;1874.203936580443;2599.368780806799;3605.113577052066;4999.99999995282
0;5425799740562;20;phasez;-1.5221;-1.52413;-1.52621;-1.52734;-1.52866;-1.52977;-1.53031;-1.53119;-1.53187;-1.53249;-1.53297;-1.53332;-1.53354;-1.53351;-1.53315;-1.53237;-1.53088;-1.52859;-1.52508;-1.51994
1;5426570885610;50;absz;7.75163e+06;6.64233e+06;5.67012e+06;4.85563e+06;4.15435e+06;3.55635e+06;3.03881e+06;2.60024e+06;2.22372e+06;1.90168e+06;1.62677e+06;1.39129e+06;1.1899e+06;1.0175e+06;870373;744245;636498;544282;465408;397942;340243;290907;248719;212644;181792;155415;132861;113582;97094.7;82999.3;70950.8;60648.3;51841.7;44312;37875.2;32372.7;27667.5;23645.4;20206.6;17266.1;14751.6;12601.2;10761.9;9187.79;7840.73;6687.36;5699.15;4851.73;4124.17;3498.59
1;5426570885610;50;frequency;199.9999999213742;234.625769479635;275.2462588517801;322.8993264769997;378.802514688914;444.3841576318164;521.3198749487447;611.5753842550475;717.456725922716;841.6691823498468;987.3863981368913;1158.33146786315;1358.872060208682;1594.132014446359;1870.122253535556;2193.894364737048;2573.720768452858;3019.306079821149;3542.035062906734;4155.263512473084;4874.659497176026;5718.603679767398;6708.658946337209;7870.121340545211;9232.666380967203;10831.10727442716;12706.28439819177;14906.10877695531;17486.78621595445;20514.25336674129;24065.86241733066;28232.35745111674;33120.19296963342;38854.25382030405;45581.04601983359;53472.44000269313;62730.06193403319;73590.44528463698;86331.07429211862;101277.4737211686;118811.5260634959;139381.228686517;163512.140226203;191820.8086789974;225030.524286467;263989.7996954232;309694.0495706946;363311.0235703185;426210.642505751;499999.9999999716
1;5426570885610;50;phasez;-1.53399;-1.53378;-1.53388;-1.53506;-1.53453;-1.53533;-1.53499;-1.53606;-1.53647;-1.53674;-1.53709;-1.53753;-1.53765;-1.53787;-1.53815;-1.53849;-1.5387;-1.53893;-1.5391;-1.53925;-1.53933;-1.53941;-1.53943;-1.53936;-1.53926;-1.53908;-1.5388;-1.53842;-1.53792;-1.53731;-1.53653;-1.5356;-1.53445;-1.53309;-1.53146;-1.52953;-1.52724;-1.52452;-1.5213;-1.51749;-1.51299;-1.50767;-1.50139;-1.49398;-1.48522;-1.47484;-1.46253;-1.44788;-1.43039;-1.40937
2;5427338915426;50;absz;85531.1;76540.2;68506.5;61314.3;54887.8;49126.5;43978.3;39356;35220.5;31521.9;28208.8;25248;22595.4;20221.9;18097.9;16195.7;14494.9;12972.7;11610.1;10390.4;9298.76;8321.88;7447.08;6664.53;5963.84;5336.85;4775.5;4273.01;3823.32;3420.76;3060.42;2737.84;2448.99;2190.45;1959.03;1751.76;1566.19;1400.01;1251.22;1117.98;998.647;891.806;796.153;710.512;634.01;565.627;504.676;450.532;402.676;360.76
2;5427338915426;50;frequency;20000.00000002444;22385.53853899816;25055.61678390222;28044.17375656954;31389.19662092121;35133.2035329932;39323.78408414649;44014.2042055669;49264.08322518227;55140.1516811012;61717.09952482729;69078.52549602467;77317.99973512921;86540.25314108083;96862.50859274992;108415.9709538568;121347.4948009008;135821.4510731415;152021.8163702936;170154.5114554648;190450.0186878266;213166.3116533389;238592.1342356312;267050.6708003728;298903.6541519141;334555.9634717432;374460.7706856584;419125.3006744233;469117.2785435782;525072.1459047724;587701.13789258;657800.3235824071;736260.7247225839;824079.6413975459;922373.3285811875;1032391.184709951;1155531.632626961;1293359.894754076;1447627.888434013;1620296.494325686;1813560.480908265;2029876.401899315;2271993.821195295;2542990.262224833;2846310.325953354;3185809.474764127;3565803.038745301;3991121.067296888;4467169.723268114;4999999.999999929
2;5427338915426;50;phasez;-1.54087;-1.54063;-1.54044;-1.54037;-1.5399;-1.53937;-1.53892;-1.53811;-1.53758;-1.5366;-1.53555;-1.53449;-1.53315;-1.53173;-1.52996;-1.52814;-1.52591;-1.52346;-1.52078;-1.5177;-1.51432;-1.51044;-1.50611;-1.50128;-1.49585;-1.48978;-1.48296;-1.47532;-1.46674;-1.45713;-1.44632;-1.43421;-1.42061;-1.40531;-1.38814;-1.36884;-1.34713;-1.3227;-1.2952;-1.26419;-1.22921;-1.18971;-1.14502;-1.09435;-1.0368;-0.971362;-0.896695;-0.811353;-0.713615;-0.601499
3;5427655389720;20;absz;17621.8;14390.4;11747.9;9591.65;7831.91;6393.07;5219.2;4260.08;3476.78;2837.09;2314.15;1886.78;1537.77;1252.36;1019.04;828.261;672.341;545.241;442.202;359.909
3;5427655389720;20;frequency;99999.99999990905;122862.535599424;150952.0265389597;185463.4873444638;227865.1431623047;279960.8926363817;343967.05137965;422606.6409511731;519225.2346839865;637933.2888043621;783781.0140572543;962973.2274171232;1183133.324347452;1453627.601814205;1785963.729760951;2194280.323268956;2695948.443325946;3312310.615921419;4069588.809647371;4999999.999999929
3;5427655389720;20;phasez;-1.52913;-1.5259;-1.52175;-1.51668;-1.5104;-1.50258;-1.49289;-1.48088;-1.46604;-1.44767;-1.42489;-1.39667;-1.36163;-1.31811;-1.26386;-1.19602;-1.11066;-1.0026;-0.864635;-0.687161
