0;1333382779142;20;absz;2.04837e+08;1.48019e+08;1.06927e+08;7.72732e+07;5.58547e+07;4.03822e+07;2.91692e+07;2.10821e+07;1.52366e+07;1.10136e+07;7.96279e+06;5.7569e+06;4.1623e+06;3.00946e+06;2.17588e+06;1.57317e+06;1.13744e+06;822436;594677;430019
0;1333382779142;20;frequency;9.999999974752427;13.86918846435492;19.23543905490988;26.67799336109056;37.00021196095804;51.31629158938722;71.17153245417285;98.70914048804025;136.9015682683994;189.8713664161278;263.3361782500288;365.2259113806622;506.5387032487934;702.5280792305466;974.3494403835484;1351.343611730726;1874.203936580443;2599.368780806799;3605.113577052066;4999.99999995282
0;1333382779142;20;phasez;-1.55902;-1.55959;-1.55946;-1.55936;-1.55915;-1.55886;-1.55901;-1.55845;-1.55812;-1.55761;-1.55698;-1.55637;-1.55561;-1.55466;-1.5534;-1.55166;-1.54929;-1.546;-1.54151;-1.53532
1;1334150908466;50;absz;1.03894e+07;8.84546e+06;7.55844e+06;6.44298e+06;5.50378e+06;4.70207e+06;4.0109e+06;3.42397e+06;2.92175e+06;2.49389e+06;2.12792e+06;1.81693e+06;1.55046e+06;1.3235e+06;1.12968e+06;964440;823128;702589;599756;511970;437038;373076;318485;271890;232126;198177;169203;144468;123355;105332;89943.9;76806.3;65590.5;56014.5;47838;40855.6;34892.1;29799.3;25448.9;21733.2;18558.4;15845.2;13526.2;11544;9848.36;8397.41;7154.84;6090.12;5176.34;4391.08
1;1334150908466;50;frequency;199.9999999213742;234.625769479635;275.2462588517801;322.8993264769997;378.802514688914;444.3841576318164;521.3198749487447;611.5753842550475;717.456725922716;841.6691823498468;987.3863981368913;1158.33146786315;1358.872060208682;1594.132014446359;1870.122253535556;2193.894364737048;2573.720768452858;3019.306079821149;3542.035062906734;4155.263512473084;4874.659497176026;5718.603679767398;6708.658946337209;7870.121340545211;9232.666380967203;10831.10727442716;12706.28439819177;14906.10877695531;17486.78621595445;20514.25336674129;24065.86241733066;28232.35745111674;33120.19296963342;38854.25382030405;45581.04601983359;53472.44000269313;62730.06193403319;73590.44528463698;86331.07429211862;101277.4737211686;118811.5260634959;139381.228686517;163512.140226203;191820.8086789974;225030.524286467;263989.7996954232;309694.0495706946;363311.0235703185;426210.642505751;499999.9999999716
1;1334150908466;50;phasez;-1.55936;-1.55869;-1.55774;-1.55794;-1.55748;-1.558;-1.55738;-1.55763;-1.55746;-1.5576;-1.55764;-1.55725;-1.55717;-1.55687;-1.5568;-1.55637;-1.55617;-1.5559;-1.55559;-1.55522;-1.55482;-1.55435;-1.55384;-1.55329;-1.55265;-1.5519;-1.5511;-1.55019;-1.54917;-1.54801;-1.54669;-1.54522;-1.54354;-1.54164;-1.53947;-1.53701;-1.53419;-1.53094;-1.52719;-1.52285;-1.51783;-1.51198;-1.50517;-1.49722;-1.4879;-1.47697;-1.46409;-1.44887;-1.43078;-1.40916
2;1334920783765;50;absz;108544;97060.6;86822.7;77666.4;69458.1;62127.5;55589.7;49704;44462.6;39768.9;35574.4;31823.1;28467.2;25465.8;22780.3;20379.7;18232.8;16312.4;14594.5;13057.3;11681.9;10452.2;9352.4;8367.7;7486.78;6698.85;5993.77;5362.99;4798.45;4293.36;3841.23;3436.72;3074.68;2750.63;2460.58;2200.96;1968.6;1760.56;1574.39;1407.67;1258.45;1124.88;1005.37;898.444;802.974;717.783;641.93;574.703;515.485;463.875
2;1334920783765;50;frequency;20000.00000002444;22385.53853899816;25055.61678390222;28044.17375656954;31389.19662092121;35133.2035329932;39323.78408414649;44014.2042055669;49264.08322518227;55140.1516811012;61717.09952482729;69078.52549602467;77317.99973512921;86540.25314108083;96862.50859274992;108415.9709538568;121347.4948009008;135821.4510731415;152021.8163702936;170154.5114554648;190450.0186878266;213166.3116533389;238592.1342356312;267050.6708003728;298903.6541519141;334555.9634717432;374460.7706856584;419125.3006744233;469117.2785435782;525072.1459047724;587701.13789258;657800.3235824071;736260.7247225839;824079.6413975459;922373.3285811875;1032391.184709951;1155531.632626961;1293359.894754076;1447627.888434013;1620296.494325686;1813560.480908265;2029876.401899315;2271993.821195295;2542990.262224833;2846310.325953354;3185809.474764127;3565803.038745301;3991121.067296888;4467169.723268114;4999999.999999929
2;1334920783765;50;phasez;-1.55152;-1.55128;-1.55014;-1.54987;-1.54929;-1.54847;-1.54726;-1.54635;-1.54532;-1.54395;-1.54264;-1.5411;-1.53946;-1.53756;-1.53548;-1.53319;-1.53072;-1.52791;-1.5248;-1.52138;-1.51752;-1.51333;-1.50863;-1.50336;-1.49757;-1.49109;-1.48387;-1.47582;-1.46682;-1.45679;-1.44555;-1.433;-1.41896;-1.40323;-1.38563;-1.36588;-1.34372;-1.31885;-1.29088;-1.25943;-1.22401;-1.18407;-1.13896;-1.08789;-1.02992;-0.964124;-0.889144;-0.803556;-0.705645;-0.593485
3;1335237196992;20;absz;22171.9;18097.8;14770.2;12052.6;9834.86;8026.75;6550.62;5346.35;4363.26;3560.52;2905.35;2370;1932.71;1575.66;1283.79;1045.4;850.718;692.366;564.355;462.748
3;1335237196992;20;frequency;99999.99999990905;122862.535599424;150952.0265389597;185463.4873444638;227865.1431623047;279960.8926363817;343967.05137965;422606.6409511731;519225.2346839865;637933.2888043621;783781.0140572543;962973.2274171232;1183133.324347452;1453627.601814205;1785963.729760951;2194280.323268956;2695948.443325946;3312310.615921419;4069588.809647371;4999999.999999929
3;1335237196992;20;phasez;-1.53462;-1.53064;-1.5258;-1.52011;-1.5131;-1.50453;-1.49409;-1.48137;-1.46575;-1.44659;-1.42301;-1.39397;-1.35813;-1.31378;-1.25872;-1.19007;-1.10394;-0.995221;-0.856739;-0.679083
