0;8862923524117;20;absz;1.36483e+08;9.95458e+07;7.25397e+07;5.28362e+07;3.84852e+07;2.80282e+07;2.03849e+07;1.48293e+07;1.07858e+07;7.84303e+06;5.70215e+06;4.14499e+06;3.01256e+06;2.18918e+06;1.59062e+06;1.15556e+06;839363;609588;442647;321371
0;8862923524117;20;frequency;9.999999974752427;13.86918846435492;19.23543905490988;26.67799336109056;37.00021196095804;51.31629158938722;71.17153245417285;98.70914048804025;136.9015682683994;189.8713664161278;263.3361782500288;365.2259113806622;506.5387032487934;702.5280792305466;974.3494403835484;1351.343611730726;1874.203936580443;2599.368780806799;3605.113577052066;4999.99999995282
0;8862923524117;20;phasez;-1.51147;-1.51419;-1.51714;-1.51968;-1.52202;-1.5237;-1.52533;-1.52675;-1.52789;-1.52878;-1.52952;-1.53003;-1.53034;-1.53034;-1.52999;-1.52917;-1.52769;-1.52538;-1.52186;-1.51672
1;8863692629313;50;absz;7.39621e+06;6.32471e+06;5.41159e+06;4.63292e+06;3.96572e+06;3.3941e+06;2.90415e+06;2.48583e+06;2.12561e+06;1.81884e+06;1.55626e+06;1.3317e+06;1.13904e+06;974428;833712;713236;610093;521860;446395;381803;326553;279301;238873;204289;174710;149412;127774;109264;93434.8;79897.4;68319.7;58420.8;49955;42714.1;36523;31227.9;26698.9;22825.7;19513.1;16679;14255.2;12181;10406.1;8887.16;7586.27;6472.16;5517.25;4698.07;3994.58;3389.55
1;8863692629313;50;frequency;199.9999999213742;234.625769479635;275.2462588517801;322.8993264769997;378.802514688914;444.3841576318164;521.3198749487447;611.5753842550475;717.456725922716;841.6691823498468;987.3863981368913;1158.33146786315;1358.872060208682;1594.132014446359;1870.122253535556;2193.894364737048;2573.720768452858;3019.306079821149;3542.035062906734;4155.263512473084;4874.659497176026;5718.603679767398;6708.658946337209;7870.121340545211;9232.666380967203;10831.10727442716;12706.28439819177;14906.10877695531;17486.78621595445;20514.25336674129;24065.86241733066;28232.35745111674;33120.19296963342;38854.25382030405;45581.04601983359;53472.44000269313;62730.06193403319;73590.44528463698;86331.07429211862;101277.4737211686;118811.5260634959;139381.228686517;163512.140226203;191820.8086789974;225030.524286467;263989.7996954232;309694.0495706946;363311.0235703185;426210.642505751;499999.9999999716
1;8863692629313;50;phasez;-1.52785;-1.53039;-1.53054;-1.53139;-1.53149;-1.53245;-1.53273;-1.53301;-1.53371;-1.53375;-1.53424;-1.53419;-1.53473;-1.53466;-1.53508;-1.5353;-1.53546;-1.53574;-1.53589;-1.536;-1.5361;-1.53617;-1.53617;-1.53612;-1.53599;-1.53581;-1.53552;-1.53513;-1.53463;-1.534;-1.53321;-1.53226;-1.5311;-1.52972;-1.52809;-1.52615;-1.52386;-1.52115;-1.51795;-1.51417;-1.50969;-1.50442;-1.49818;-1.4908;-1.48205;-1.47167;-1.45936;-1.44469;-1.42714;-1.40606
2;8864463867121;50;absz;82309.8;73713.8;65988.9;59080.1;52890.9;47349.4;42392.2;37946.6;33971.3;30411.5;27221.1;24369.8;21815.7;19530.1;17482.3;15649.9;14009.7;12541.1;11226.3;10048.7;8994.7;8051.47;7206.89;6450.41;5773.41;5167.48;4624.9;4139.12;3704.33;3314.96;2966.37;2654.25;2374.76;2124.54;1900.43;1699.79;1520.05;1359.09;1214.92;1085.77;970.079;866.45;773.645;690.542;616.23;549.83;490.599;437.951;391.411;350.63
2;8864463867121;50;frequency;20000.00000002444;22385.53853899816;25055.61678390222;28044.17375656954;31389.19662092121;35133.2035329932;39323.78408414649;44014.2042055669;49264.08322518227;55140.1516811012;61717.09952482729;69078.52549602467;77317.99973512921;86540.25314108083;96862.50859274992;108415.9709538568;121347.4948009008;135821.4510731415;152021.8163702936;170154.5114554648;190450.0186878266;213166.3116533389;238592.1342356312;267050.6708003728;298903.6541519141;334555.9634717432;374460.7706856584;419125.3006744233;469117.2785435782;525072.1459047724;587701.13789258;657800.3235824071;736260.7247225839;824079.6413975459;922373.3285811875;1032391.184709951;1155531.632626961;1293359.894754076;1447627.888434013;1620296.494325686;1813560.480908265;2029876.401899315;2271993.821195295;2542990.262224833;2846310.325953354;3185809.474764127;3565803.038745301;3991121.067296888;4467169.723268114;4999999.999999929
2;8864463867121;50;phasez;-1.53769;-1.53742;-1.53718;-1.53676;-1.53647;-1.53603;-1.53551;-1.53468;-1.53411;-1.53321;-1.53226;-1.53101;-1.52976;-1.52832;-1.52665;-1.52469;-1.52262;-1.52026;-1.51755;-1.5145;-1.51107;-1.50728;-1.50297;-1.49812;-1.4927;-1.48661;-1.47975;-1.4721;-1.46348;-1.45381;-1.44298;-1.43081;-1.41713;-1.40179;-1.38455;-1.3652;-1.34342;-1.31891;-1.29134;-1.26025;-1.22519;-1.18559;-1.14079;-1.09002;-1.03235;-0.966747;-0.891899;-0.80634;-0.708335;-0.595907
3;8864780795281;20;absz;17024.4;13908.5;11360.1;9278.69;7579.27;6189.04;5054.44;4126.92;3369.49;2750.45;2244.37;1830.64;1492.64;1216.07;989.886;804.821;653.489;530.029;429.881;349.81
3;8864780795281;20;frequency;99999.99999990905;122862.535599424;150952.0265389597;185463.4873444638;227865.1431623047;279960.8926363817;343967.05137965;422606.6409511731;519225.2346839865;637933.2888043621;783781.0140572543;962973.2274171232;1183133.324347452;1453627.601814205;1785963.729760951;2194280.323268956;2695948.443325946;3312310.615921419;4069588.809647371;4999999.999999929
3;8864780795281;20;phasez;-1.5258;-1.52258;-1.51853;-1.51351;-1.50722;-1.49941;-1.4897;-1.47767;-1.46275;-1.44427;-1.42138;-1.39305;-1.35789;-1.31422;-1.25983;-1.1918;-1.10621;-0.997876;-0.859506;-0.681452
