0;9437749944901;20;absz;1.3624e+08;9.93677e+07;7.24091e+07;5.27518e+07;3.84154e+07;2.79612e+07;2.03496e+07;1.48039e+07;1.07678e+07;7.83049e+06;5.69326e+06;4.13864e+06;3.00794e+06;2.18586e+06;1.58823e+06;1.15386e+06;838108;608699;442015;320918
0;9437749944901;20;frequency;9.999999974752427;13.86918846435492;19.23543905490988;26.67799336109056;37.00021196095804;51.31629158938722;71.17153245417285;98.70914048804025;136.9015682683994;189.8713664161278;263.3361782500288;365.2259113806622;506.5387032487934;702.5280792305466;974.3494403835484;1351.343611730726;1874.203936580443;2599.368780806799;3605.113577052066;4999.99999995282
0;9437749944901;20;phasez;-1.51047;-1.51418;-1.51691;-1.51956;-1.52196;-1.5232;-1.52505;-1.52651;-1.52766;-1.5286;-1.52936;-1.52992;-1.53023;-1.53026;-1.52991;-1.5291;-1.52762;-1.52528;-1.52177;-1.51662
1;9438518360980;50;absz;7.38082e+06;6.32025e+06;5.40339e+06;4.62909e+06;3.95901e+06;3.38789e+06;2.89954e+06;2.48098e+06;2.1229e+06;1.81638e+06;1.55383e+06;1.32962e+06;1.13754e+06;972919;832444;712089;609191;521139;445754;381261;326091;278910;238539;204014;174473;149209;127601;109117;93312.2;79791.1;68229.2;58342.9;49887.8;42656.5;36473.6;31185.1;26662.4;22794.2;19486;16655.8;14234.8;12163.1;10390.8;8873.59;7574.73;6462.21;5508.64;4690.79;3988.43;3384.34
1;9438518360980;50;frequency;199.9999999213742;234.625769479635;275.2462588517801;322.8993264769997;378.802514688914;444.3841576318164;521.3198749487447;611.5753842550475;717.456725922716;841.6691823498468;987.3863981368913;1158.33146786315;1358.872060208682;1594.132014446359;1870.122253535556;2193.894364737048;2573.720768452858;3019.306079821149;3542.035062906734;4155.263512473084;4874.659497176026;5718.603679767398;6708.658946337209;7870.121340545211;9232.666380967203;10831.10727442716;12706.28439819177;14906.10877695531;17486.78621595445;20514.25336674129;24065.86241733066;28232.35745111674;33120.19296963342;38854.25382030405;45581.04601983359;53472.44000269313;62730.06193403319;73590.44528463698;86331.07429211862;101277.4737211686;118811.5260634959;139381.228686517;163512.140226203;191820.8086789974;225030.524286467;263989.7996954232;309694.0495706946;363311.0235703185;426210.642505751;499999.9999999716
1;9438518360980;50;phasez;-1.53001;-1.53237;-1.5311;-1.53213;-1.53196;-1.53145;-1.53279;-1.53296;-1.53309;-1.53366;-1.5338;-1.53433;-1.53444;-1.53473;-1.53496;-1.53516;-1.53539;-1.53562;-1.53577;-1.53589;-1.53595;-1.53607;-1.53609;-1.53604;-1.53593;-1.53575;-1.53547;-1.5351;-1.5346;-1.53398;-1.53319;-1.53226;-1.53112;-1.52976;-1.52813;-1.52621;-1.52394;-1.52124;-1.51805;-1.51428;-1.50982;-1.50454;-1.49829;-1.4909;-1.48214;-1.47175;-1.45941;-1.44471;-1.42715;-1.40605
2;9439286579916;50;absz;82201.3;73603;65878.3;58991.6;52808.5;47282.9;42321.5;37894.6;33920.9;30365.2;27181.2;24336.2;21782.3;19499.8;17456.3;15625;13988.1;12520.9;11208.3;10032.5;8980.34;8038.14;7194.72;6439.98;5763.92;5158.95;4617.2;4132.21;3698.17;3309.47;2961.48;2649.88;2370.89;2121.09;1897.39;1697.04;1517.62;1356.91;1212.98;1084.06;968.557;865.101;772.461;689.487;615.307;548.992;489.846;437.284;390.813;350.088
2;9439286579916;50;frequency;20000.00000002444;22385.53853899816;25055.61678390222;28044.17375656954;31389.19662092121;35133.2035329932;39323.78408414649;44014.2042055669;49264.08322518227;55140.1516811012;61717.09952482729;69078.52549602467;77317.99973512921;86540.25314108083;96862.50859274992;108415.9709538568;121347.4948009008;135821.4510731415;152021.8163702936;170154.5114554648;190450.0186878266;213166.3116533389;238592.1342356312;267050.6708003728;298903.6541519141;334555.9634717432;374460.7706856584;419125.3006744233;469117.2785435782;525072.1459047724;587701.13789258;657800.3235824071;736260.7247225839;824079.6413975459;922373.3285811875;1032391.184709951;1155531.632626961;1293359.894754076;1447627.888434013;1620296.494325686;1813560.480908265;2029876.401899315;2271993.821195295;2542990.262224833;2846310.325953354;3185809.474764127;3565803.038745301;3991121.067296888;4467169.723268114;4999999.999999929
2;9439286579916;50;phasez;-1.53751;-1.53731;-1.537;-1.5369;-1.53643;-1.5361;-1.53557;-1.53475;-1.5342;-1.53329;-1.53239;-1.53125;-1.52989;-1.5284;-1.52673;-1.52489;-1.52282;-1.5204;-1.51761;-1.5146;-1.51117;-1.50737;-1.50301;-1.49818;-1.49274;-1.48663;-1.4798;-1.4721;-1.46347;-1.4538;-1.44295;-1.43077;-1.41708;-1.40173;-1.38449;-1.36511;-1.34333;-1.31882;-1.29123;-1.26014;-1.22507;-1.18546;-1.14067;-1.08988;-1.03221;-0.966614;-0.891774;-0.806213;-0.708209;-0.595769
3;9439602759158;20;absz;16993.3;13883.7;11338.7;9261.36;7564.95;6177.71;5045.1;4119.45;3363.35;2745.51;2240.4;1827.4;1490.02;1213.96;988.205;803.47;652.403;529.153;429.166;349.219
3;9439602759158;20;frequency;99999.99999990905;122862.535599424;150952.0265389597;185463.4873444638;227865.1431623047;279960.8926363817;343967.05137965;422606.6409511731;519225.2346839865;637933.2888043621;783781.0140572543;962973.2274171232;1183133.324347452;1453627.601814205;1785963.729760951;2194280.323268956;2695948.443325946;3312310.615921419;4069588.809647371;4999999.999999929
3;9439602759158;20;phasez;-1.52581;-1.52278;-1.51863;-1.51358;-1.50733;-1.49951;-1.48977;-1.47767;-1.46274;-1.44424;-1.42132;-1.39297;-1.35781;-1.31413;-1.25973;-1.1917;-1.10613;-0.997789;-0.859435;-0.681391
