0;4301484123128;20;absz;1.53606e+08;1.11671e+08;8.11953e+07;5.90271e+07;4.29007e+07;3.11642e+07;2.26364e+07;1.64423e+07;1.19392e+07;8.66805e+06;6.2923e+06;4.56664e+06;3.31384e+06;2.40425e+06;1.74403e+06;1.26493e+06;917257;665026;482087;349415
0;4301484123128;20;frequency;9.999999974752427;13.86918846435492;19.23543905490988;26.67799336109056;37.00021196095804;51.31629158938722;71.17153245417285;98.70914048804025;136.9015682683994;189.8713664161278;263.3361782500288;365.2259113806622;506.5387032487934;702.5280792305466;974.3494403835484;1351.343611730726;1874.203936580443;2599.368780806799;3605.113577052066;4999.99999995282
0;4301484123128;20;phasez;-1.52889;-1.53024;-1.53105;-1.53232;-1.53309;-1.53449;-1.53486;-1.53573;-1.53641;-1.53713;-1.53764;-1.53806;-1.53829;-1.53829;-1.53795;-1.53716;-1.53571;-1.53336;-1.52981;-1.52459
1;4302257259995;50;absz;8.16426e+06;6.98495e+06;5.97714e+06;5.11024e+06;4.36752e+06;3.73351e+06;3.19374e+06;2.73078e+06;2.33507e+06;1.996e+06;1.70644e+06;1.45868e+06;1.24711e+06;1.06598e+06;911150;778672;665533;568873;486187;415495;355077;303446;259315;221592;189354;161807;138263;118144;100952;86259.9;73707.5;62978.8;53813.5;45981.4;39288.8;33570;28682.4;24505.2;20935.5;17884;15275.4;13044.7;11137.4;9505.72;8109.49;6914.41;5890.58;5012.92;4259.66;3612.32
1;4302257259995;50;frequency;199.9999999213742;234.625769479635;275.2462588517801;322.8993264769997;378.802514688914;444.3841576318164;521.3198749487447;611.5753842550475;717.456725922716;841.6691823498468;987.3863981368913;1158.33146786315;1358.872060208682;1594.132014446359;1870.122253535556;2193.894364737048;2573.720768452858;3019.306079821149;3542.035062906734;4155.263512473084;4874.659497176026;5718.603679767398;6708.658946337209;7870.121340545211;9232.666380967203;10831.10727442716;12706.28439819177;14906.10877695531;17486.78621595445;20514.25336674129;24065.86241733066;28232.35745111674;33120.19296963342;38854.25382030405;45581.04601983359;53472.44000269313;62730.06193403319;73590.44528463698;86331.07429211862;101277.4737211686;118811.5260634959;139381.228686517;163512.140226203;191820.8086789974;225030.524286467;263989.7996954232;309694.0495706946;363311.0235703185;426210.642505751;499999.9999999716
1;4302257259995;50;phasez;-1.53644;-1.53831;-1.54022;-1.53878;-1.53961;-1.53952;-1.54048;-1.54108;-1.54097;-1.54124;-1.54193;-1.54206;-1.54242;-1.54276;-1.54308;-1.54326;-1.54352;-1.54371;-1.5438;-1.54395;-1.54401;-1.544;-1.54398;-1.54388;-1.54369;-1.54344;-1.54308;-1.54263;-1.54203;-1.54133;-1.54044;-1.5394;-1.53816;-1.53668;-1.53495;-1.53294;-1.53056;-1.52778;-1.52452;-1.52068;-1.51617;-1.51087;-1.50461;-1.49723;-1.4885;-1.47817;-1.4659;-1.4513;-1.43384;-1.41285
2;4303028315840;50;absz;88882.4;79528.1;71178.5;63682.9;56994.8;50993.9;45621.5;40825.5;36531;32687.9;29248.7;26169.4;23414.8;20950.9;18747.7;16774.7;15010.3;13430;12016.9;10752.6;9620.54;8608.08;7701.44;6890.36;6164.59;5515.08;4933.89;4413.67;3948.15;3531.52;3158.69;2825.01;2526.31;2259.06;2019.81;1805.68;1614.02;1442.45;1288.86;1151.37;1028.29;918.113;819.506;731.266;652.439;582.044;519.318;463.614;414.413;371.361
2;4303028315840;50;frequency;20000.00000002444;22385.53853899816;25055.61678390222;28044.17375656954;31389.19662092121;35133.2035329932;39323.78408414649;44014.2042055669;49264.08322518227;55140.1516811012;61717.09952482729;69078.52549602467;77317.99973512921;86540.25314108083;96862.50859274992;108415.9709538568;121347.4948009008;135821.4510731415;152021.8163702936;170154.5114554648;190450.0186878266;213166.3116533389;238592.1342356312;267050.6708003728;298903.6541519141;334555.9634717432;374460.7706856584;419125.3006744233;469117.2785435782;525072.1459047724;587701.13789258;657800.3235824071;736260.7247225839;824079.6413975459;922373.3285811875;1032391.184709951;1155531.632626961;1293359.894754076;1447627.888434013;1620296.494325686;1813560.480908265;2029876.401899315;2271993.821195295;2542990.262224833;2846310.325953354;3185809.474764127;3565803.038745301;3991121.067296888;4467169.723268114;4999999.999999929
2;4303028315840;50;phasez;-1.54475;-1.54463;-1.54472;-1.54421;-1.54356;-1.54293;-1.54252;-1.54182;-1.54089;-1.54003;-1.53881;-1.53778;-1.53648;-1.53493;-1.53314;-1.53125;-1.5291;-1.52669;-1.52396;-1.52093;-1.51753;-1.51371;-1.5094;-1.50463;-1.49922;-1.49317;-1.48638;-1.47877;-1.4702;-1.46062;-1.44982;-1.43771;-1.42412;-1.40882;-1.39166;-1.37234;-1.35063;-1.32619;-1.29867;-1.26765;-1.23266;-1.19313;-1.14842;-1.09774;-1.04019;-0.974755;-0.900101;-0.814787;-0.717094;-0.605048
3;4303346295882;20;absz;18252.4;14901.4;12160.8;9924.11;8100.31;6609.59;5393.28;4400.44;3589.32;2927.58;2386.88;1945.19;1584.67;1290.01;1049.27;852.551;691.911;561.042;455.056;370.495
3;4303346295882;20;frequency;99999.99999990905;122862.535599424;150952.0265389597;185463.4873444638;227865.1431623047;279960.8926363817;343967.05137965;422606.6409511731;519225.2346839865;637933.2888043621;783781.0140572543;962973.2274171232;1183133.324347452;1453627.601814205;1785963.729760951;2194280.323268956;2695948.443325946;3312310.615921419;4069588.809647371;4999999.999999929
3;4303346295882;20;phasez;-1.53234;-1.52903;-1.52501;-1.51996;-1.51369;-1.50592;-1.4963;-1.48435;-1.46954;-1.45118;-1.42839;-1.40018;-1.36514;-1.32159;-1.26732;-1.19945;-1.11406;-1.00601;-0.86808;-0.690722
