0;2622225386495;20;absz;1.77942e+08;1.29005e+08;9.34369e+07;6.76452e+07;4.89975e+07;3.55022e+07;2.56834e+07;1.85984e+07;1.34628e+07;9.74738e+06;7.05611e+06;5.10779e+06;3.6971e+06;2.67585e+06;1.93663e+06;1.40155e+06;1.01422e+06;733905;531038;384228
0;2622225386495;20;frequency;9.999999974752427;13.86918846435492;19.23543905490988;26.67799336109056;37.00021196095804;51.31629158938722;71.17153245417285;98.70914048804025;136.9015682683994;189.8713664161278;263.3361782500288;365.2259113806622;506.5387032487934;702.5280792305466;974.3494403835484;1351.343611730726;1874.203936580443;2599.368780806799;3605.113577052066;4999.99999995282
0;2622225386495;20;phasez;-1.54758;-1.54788;-1.54869;-1.54914;-1.54977;-1.54937;-1.55026;-1.5504;-1.55048;-1.55055;-1.55056;-1.55046;-1.55022;-1.54968;-1.54884;-1.54757;-1.54564;-1.54287;-1.53894;-1.53342
1;2622995565232;50;absz;9.20339e+06;7.84435e+06;6.69972e+06;5.71313e+06;4.88424e+06;4.17036e+06;3.56388e+06;3.04315e+06;2.59938e+06;2.21933e+06;1.89424e+06;1.6178e+06;1.38153e+06;1.1798e+06;1.00734e+06;860197;734547;627243;535579;457336;390494;333420;284704;243094;207563;177222;151313;129192;110302;94171.1;80398.5;68638;58597.1;50023.9;42703.1;36452.2;31115.3;26558.3;22666.7;19343.4;16505.6;14081.4;12010.6;10241.3;8728.99;7435.77;6329.38;5381.88;4569.69;3872.34
1;2622995565232;50;frequency;199.9999999213742;234.625769479635;275.2462588517801;322.8993264769997;378.802514688914;444.3841576318164;521.3198749487447;611.5753842550475;717.456725922716;841.6691823498468;987.3863981368913;1158.33146786315;1358.872060208682;1594.132014446359;1870.122253535556;2193.894364737048;2573.720768452858;3019.306079821149;3542.035062906734;4155.263512473084;4874.659497176026;5718.603679767398;6708.658946337209;7870.121340545211;9232.666380967203;10831.10727442716;12706.28439819177;14906.10877695531;17486.78621595445;20514.25336674129;24065.86241733066;28232.35745111674;33120.19296963342;38854.25382030405;45581.04601983359;53472.44000269313;62730.06193403319;73590.44528463698;86331.07429211862;101277.4737211686;118811.5260634959;139381.228686517;163512.140226203;191820.8086789974;225030.524286467;263989.7996954232;309694.0495706946;363311.0235703185;426210.642505751;499999.9999999716
1;2622995565232;50;phasez;-1.55197;-1.55191;-1.55117;-1.55064;-1.55168;-1.55265;-1.55195;-1.55244;-1.55231;-1.55275;-1.55271;-1.55283;-1.55308;-1.55298;-1.55301;-1.55303;-1.55298;-1.55297;-1.55297;-1.55292;-1.55281;-1.55276;-1.55259;-1.5524;-1.55219;-1.55187;-1.55153;-1.55106;-1.5505;-1.54983;-1.549;-1.54802;-1.54683;-1.54542;-1.54374;-1.54176;-1.53941;-1.53662;-1.53333;-1.52943;-1.52482;-1.51937;-1.51293;-1.50533;-1.49635;-1.48571;-1.47311;-1.45813;-1.44027;-1.41884
2;2623763629954;50;absz;97042.3;86794;77623.6;69408.1;62064.7;55499.1;49627.5;44384.9;39680.2;35488;31731.1;28370.8;25367.4;22684;20282.2;18135.2;16216.3;14499.6;12965;11592.8;10365.5;9268.23;8286.71;7409.83;6625.1;5923.44;5296.24;4735.26;4233.71;3785.09;3383.88;3025.2;2704.24;2417.25;2160.59;1930.97;1725.6;1541.84;1377.45;1230.4;1098.84;981.135;875.862;781.729;697.659;622.673;555.878;496.637;444.386;398.754
2;2623763629954;50;frequency;20000.00000002444;22385.53853899816;25055.61678390222;28044.17375656954;31389.19662092121;35133.2035329932;39323.78408414649;44014.2042055669;49264.08322518227;55140.1516811012;61717.09952482729;69078.52549602467;77317.99973512921;86540.25314108083;96862.50859274992;108415.9709538568;121347.4948009008;135821.4510731415;152021.8163702936;170154.5114554648;190450.0186878266;213166.3116533389;238592.1342356312;267050.6708003728;298903.6541519141;334555.9634717432;374460.7706856584;419125.3006744233;469117.2785435782;525072.1459047724;587701.13789258;657800.3235824071;736260.7247225839;824079.6413975459;922373.3285811875;1032391.184709951;1155531.632626961;1293359.894754076;1447627.888434013;1620296.494325686;1813560.480908265;2029876.401899315;2271993.821195295;2542990.262224833;2846310.325953354;3185809.474764127;3565803.038745301;3991121.067296888;4467169.723268114;4999999.999999929
2;2623763629954;50;phasez;-1.55357;-1.55306;-1.55307;-1.55271;-1.55222;-1.55173;-1.55121;-1.5504;-1.54974;-1.54884;-1.54783;-1.54665;-1.54529;-1.5437;-1.54197;-1.53996;-1.53772;-1.53521;-1.53242;-1.52919;-1.52565;-1.52165;-1.51717;-1.51213;-1.50652;-1.50021;-1.49315;-1.48525;-1.47639;-1.46647;-1.45537;-1.44291;-1.42895;-1.41332;-1.39576;-1.37606;-1.35395;-1.3291;-1.30116;-1.26972;-1.2343;-1.19433;-1.14918;-1.0981;-1.04005;-0.974172;-0.899073;-0.813323;-0.715206;-0.60277
3;2624079986620;20;absz;19740.1;16096;13120.6;10693.8;8717.3;7105.79;5791.23;4720.49;3846.89;3134.95;2554.12;2080.33;1693.85;1378.57;1121.14;911.051;739.679;600.255;487.5;397.781
3;2624079986620;20;frequency;99999.99999990905;122862.535599424;150952.0265389597;185463.4873444638;227865.1431623047;279960.8926363817;343967.05137965;422606.6409511731;519225.2346839865;637933.2888043621;783781.0140572543;962973.2274171232;1183133.324347452;1453627.601814205;1785963.729760951;2194280.323268956;2695948.443325946;3312310.615921419;4069588.809647371;4999999.999999929
3;2624079986620;20;phasez;-1.54092;-1.53766;-1.5334;-1.52803;-1.52148;-1.51335;-1.50322;-1.49081;-1.47543;-1.45648;-1.43306;-1.40414;-1.36838;-1.32407;-1.26901;-1.20034;-1.11412;-1.00527;-0.866527;-0.688418
