0;619239447188;20;absz;2.35455e+08;1.70109e+08;1.23049e+08;8.90448e+07;6.43878e+07;4.65816e+07;3.36987e+07;2.43785e+07;1.76396e+07;1.27622e+07;9.23506e+06;6.68237e+06;4.83579e+06;3.49946e+06;2.53228e+06;1.83233e+06;1.32586e+06;959373;694181;502307
0;619239447188;20;frequency;9.999999974752427;13.86918846435492;19.23543905490988;26.67799336109056;37.00021196095804;51.31629158938722;71.17153245417285;98.70914048804025;136.9015682683994;189.8713664161278;263.3361782500288;365.2259113806622;506.5387032487934;702.5280792305466;974.3494403835484;1351.343611730726;1874.203936580443;2599.368780806799;3605.113577052066;4999.99999995282
0;619239447188;20;phasez;-1.55588;-1.55548;-1.55535;-1.55505;-1.55506;-1.55393;-1.5543;-1.55412;-1.55371;-1.55325;-1.55273;-1.55218;-1.55152;-1.55068;-1.54954;-1.54799;-1.5458;-1.54273;-1.53844;-1.53248
1;620009715277;50;absz;1.20014e+07;1.02681e+07;8.77277e+06;7.48023e+06;6.3914e+06;5.46469e+06;4.65942e+06;3.98194e+06;3.39459e+06;2.89887e+06;2.47767e+06;2.11555e+06;1.80616e+06;1.54211e+06;1.31692e+06;1.12458e+06;960205;819882;700146;597775;510448;435891;372212;317846;271420;231784;197939;169035;144359;123286;105294;89927.8;76805;65597.1;56026.5;47851.3;40867.9;34903.6;29807.2;25453.9;21734;18555.2;15838.2;13514.8;11527.7;9827.45;8371.64;7124.04;6053.63;5133.93
1;620009715277;50;frequency;199.9999999213742;234.625769479635;275.2462588517801;322.8993264769997;378.802514688914;444.3841576318164;521.3198749487447;611.5753842550475;717.456725922716;841.6691823498468;987.3863981368913;1158.33146786315;1358.872060208682;1594.132014446359;1870.122253535556;2193.894364737048;2573.720768452858;3019.306079821149;3542.035062906734;4155.263512473084;4874.659497176026;5718.603679767398;6708.658946337209;7870.121340545211;9232.666380967203;10831.10727442716;12706.28439819177;14906.10877695531;17486.78621595445;20514.25336674129;24065.86241733066;28232.35745111674;33120.19296963342;38854.25382030405;45581.04601983359;53472.44000269313;62730.06193403319;73590.44528463698;86331.07429211862;101277.4737211686;118811.5260634959;139381.228686517;163512.140226203;191820.8086789974;225030.524286467;263989.7996954232;309694.0495706946;363311.0235703185;426210.642505751;499999.9999999716
1;620009715277;50;phasez;-1.55447;-1.55295;-1.55357;-1.55568;-1.55241;-1.55318;-1.55336;-1.55377;-1.55254;-1.55366;-1.55336;-1.55339;-1.55325;-1.55323;-1.55312;-1.55303;-1.55291;-1.55274;-1.55255;-1.55227;-1.55197;-1.55166;-1.55129;-1.55084;-1.55035;-1.54979;-1.54911;-1.54838;-1.54752;-1.54651;-1.54539;-1.5441;-1.54263;-1.54091;-1.53896;-1.5367;-1.53409;-1.53106;-1.52753;-1.52342;-1.51862;-1.513;-1.50641;-1.49868;-1.48958;-1.47885;-1.46619;-1.45117;-1.43328;-1.41184
2;620779874455;50;absz;127080;113687;101651;90953.1;81358.3;72769.4;65082.2;58222.2;52076.2;46589.3;41674.2;37274.4;33343.6;29829.9;26683.8;23872;21352.8;19103.2;17089.7;15288.7;13678.1;12235.8;10946.6;9793.06;8761.06;7837.81;7011.67;6272.6;5611.59;5019.73;4490.43;4016.75;3592.91;3213.61;2874.29;2570.61;2298.82;2055.59;1837.94;1643.19;1468.94;1313.02;1173.58;1048.89;937.699;838.523;750.33;672.28;603.654;544.01
2;620779874455;50;frequency;20000.00000002444;22385.53853899816;25055.61678390222;28044.17375656954;31389.19662092121;35133.2035329932;39323.78408414649;44014.2042055669;49264.08322518227;55140.1516811012;61717.09952482729;69078.52549602467;77317.99973512921;86540.25314108083;96862.50859274992;108415.9709538568;121347.4948009008;135821.4510731415;152021.8163702936;170154.5114554648;190450.0186878266;213166.3116533389;238592.1342356312;267050.6708003728;298903.6541519141;334555.9634717432;374460.7706856584;419125.3006744233;469117.2785435782;525072.1459047724;587701.13789258;657800.3235824071;736260.7247225839;824079.6413975459;922373.3285811875;1032391.184709951;1155531.632626961;1293359.894754076;1447627.888434013;1620296.494325686;1813560.480908265;2029876.401899315;2271993.821195295;2542990.262224833;2846310.325953354;3185809.474764127;3565803.038745301;3991121.067296888;4467169.723268114;4999999.999999929
2;620779874455;50;phasez;-1.55026;-1.54964;-1.54926;-1.54864;-1.54789;-1.54746;-1.54649;-1.54589;-1.54494;-1.54371;-1.54249;-1.54121;-1.53976;-1.53787;-1.53603;-1.5339;-1.53154;-1.52888;-1.52599;-1.52271;-1.51904;-1.5149;-1.51037;-1.50531;-1.49964;-1.49328;-1.48623;-1.47828;-1.46944;-1.45954;-1.44846;-1.43603;-1.42212;-1.40652;-1.38904;-1.36941;-1.3474;-1.32265;-1.29485;-1.26354;-1.22827;-1.1885;-1.14358;-1.0927;-1.03495;-0.969421;-0.894732;-0.809478;-0.711984;-0.600347
3;621098218824;20;absz;25976.3;21199;17300;14115.1;11514.6;9394.49;7665.77;6253.34;5101.91;4161.7;3394.59;2768.46;2256.99;1839.33;1498.57;1220.27;993.364;808.98;660.28;542.671
3;621098218824;20;frequency;99999.99999990905;122862.535599424;150952.0265389597;185463.4873444638;227865.1431623047;279960.8926363817;343967.05137965;422606.6409511731;519225.2346839865;637933.2888043621;783781.0140572543;962973.2274171232;1183133.324347452;1453627.601814205;1785963.729760951;2194280.323268956;2695948.443325946;3312310.615921419;4069588.809647371;4999999.999999929
3;621098218824;20;phasez;-1.53507;-1.5314;-1.52695;-1.52149;-1.51474;-1.50647;-1.49635;-1.48386;-1.46848;-1.44954;-1.42622;-1.39742;-1.36184;-1.31774;-1.26293;-1.19461;-1.10882;-1.00058;-0.862683;-0.685822
