0;3813427342921;20;absz;1.59357e+08;1.15745e+08;8.41393e+07;6.11247e+07;4.43848e+07;3.22094e+07;2.3397e+07;1.69759e+07;1.23167e+07;8.93497e+06;6.48033e+06;4.69956e+06;3.40752e+06;2.47033e+06;1.79062e+06;1.29768e+06;940352;681306;493558;357505
0;3813427342921;20;frequency;9.999999974752427;13.86918846435492;19.23543905490988;26.67799336109056;37.00021196095804;51.31629158938722;71.17153245417285;98.70914048804025;136.9015682683994;189.8713664161278;263.3361782500288;365.2259113806622;506.5387032487934;702.5280792305466;974.3494403835484;1351.343611730726;1874.203936580443;2599.368780806799;3605.113577052066;4999.99999995282
0;3813427342921;20;phasez;-1.53234;-1.53385;-1.53453;-1.53549;-1.53648;-1.53745;-1.53843;-1.53937;-1.54011;-1.54083;-1.54138;-1.54173;-1.54192;-1.54186;-1.54143;-1.54053;-1.53898;-1.53653;-1.53284;-1.52745
1;3814198658856;50;absz;8.41426e+06;7.18167e+06;6.15626e+06;5.26045e+06;4.4997e+06;3.83979e+06;3.28397e+06;2.80674e+06;2.39787e+06;2.04943e+06;1.75178e+06;1.49709e+06;1.27938e+06;1.09304e+06;933986;798133;681874;582643;497743;425264;363326;310392;265174;226538;193532;165335;141247;120670;103087;88070.5;75239.4;64279.2;54913.9;46913.9;40078.7;34238.4;29248.6;24984.2;21340.1;18225.3;15563.7;13287.9;11342.2;9678.25;8254.74;7036.51;5993.24;5099.09;4331.83;3672.67
1;3814198658856;50;frequency;199.9999999213742;234.625769479635;275.2462588517801;322.8993264769997;378.802514688914;444.3841576318164;521.3198749487447;611.5753842550475;717.456725922716;841.6691823498468;987.3863981368913;1158.33146786315;1358.872060208682;1594.132014446359;1870.122253535556;2193.894364737048;2573.720768452858;3019.306079821149;3542.035062906734;4155.263512473084;4874.659497176026;5718.603679767398;6708.658946337209;7870.121340545211;9232.666380967203;10831.10727442716;12706.28439819177;14906.10877695531;17486.78621595445;20514.25336674129;24065.86241733066;28232.35745111674;33120.19296963342;38854.25382030405;45581.04601983359;53472.44000269313;62730.06193403319;73590.44528463698;86331.07429211862;101277.4737211686;118811.5260634959;139381.228686517;163512.140226203;191820.8086789974;225030.524286467;263989.7996954232;309694.0495706946;363311.0235703185;426210.642505751;499999.9999999716
1;3814198658856;50;phasez;-1.54381;-1.54063;-1.54336;-1.54246;-1.54384;-1.5441;-1.54397;-1.54441;-1.54479;-1.54567;-1.54572;-1.54553;-1.54596;-1.54608;-1.54631;-1.54649;-1.54668;-1.5468;-1.54686;-1.54693;-1.54688;-1.5468;-1.54668;-1.54649;-1.5462;-1.54585;-1.5454;-1.54485;-1.5442;-1.54341;-1.54248;-1.54141;-1.54015;-1.53867;-1.53695;-1.53495;-1.5326;-1.52985;-1.52661;-1.52281;-1.51833;-1.51304;-1.5068;-1.49943;-1.4907;-1.48037;-1.46809;-1.45348;-1.436;-1.41498
2;3814967006221;50;absz;90761.2;81213.1;72651.5;65008.1;58164.6;52041.8;46551.2;41651.2;37265.2;33340.6;29823.1;26686.8;23875.1;21357.5;19108.3;17095.2;15293.7;13683;12240.9;10950.9;9796.11;8763.74;7839.7;7012.85;6272.93;5611.04;5018.82;4488.92;4014.81;3590.55;3210.95;2871.29;2567.3;2295.34;2051.97;1834.16;1639.27;1464.8;1308.67;1168.92;1043.84;931.902;831.748;742.132;662.097;590.646;526.982;470.481;420.599;376.955
2;3814967006221;50;frequency;20000.00000002444;22385.53853899816;25055.61678390222;28044.17375656954;31389.19662092121;35133.2035329932;39323.78408414649;44014.2042055669;49264.08322518227;55140.1516811012;61717.09952482729;69078.52549602467;77317.99973512921;86540.25314108083;96862.50859274992;108415.9709538568;121347.4948009008;135821.4510731415;152021.8163702936;170154.5114554648;190450.0186878266;213166.3116533389;238592.1342356312;267050.6708003728;298903.6541519141;334555.9634717432;374460.7706856584;419125.3006744233;469117.2785435782;525072.1459047724;587701.13789258;657800.3235824071;736260.7247225839;824079.6413975459;922373.3285811875;1032391.184709951;1155531.632626961;1293359.894754076;1447627.888434013;1620296.494325686;1813560.480908265;2029876.401899315;2271993.821195295;2542990.262224833;2846310.325953354;3185809.474764127;3565803.038745301;3991121.067296888;4467169.723268114;4999999.999999929
2;3814967006221;50;phasez;-1.54724;-1.5468;-1.5465;-1.54617;-1.54552;-1.54506;-1.54447;-1.54375;-1.54294;-1.54211;-1.54105;-1.5398;-1.5385;-1.53704;-1.53528;-1.53341;-1.53125;-1.52889;-1.52615;-1.52313;-1.51975;-1.51593;-1.51163;-1.50682;-1.50137;-1.49536;-1.48856;-1.48091;-1.47236;-1.46274;-1.45193;-1.43979;-1.42616;-1.41085;-1.39366;-1.3743;-1.35255;-1.32807;-1.3005;-1.26943;-1.23438;-1.1948;-1.15003;-1.09932;-1.04169;-0.976184;-0.901472;-0.816109;-0.718356;-0.606256
3;3815283155078;20;absz;18606.7;15183.4;12388.4;10106.6;8245.93;6726.68;5487.04;4475.52;3649.53;2975.76;2425.44;1976.11;1609.37;1309.84;1065.15;865.304;702.182;569.336;461.803;376.062
3;3815283155078;20;frequency;99999.99999990905;122862.535599424;150952.0265389597;185463.4873444638;227865.1431623047;279960.8926363817;343967.05137965;422606.6409511731;519225.2346839865;637933.2888043621;783781.0140572543;962973.2274171232;1183133.324347452;1453627.601814205;1785963.729760951;2194280.323268956;2695948.443325946;3312310.615921419;4069588.809647371;4999999.999999929
3;3815283155078;20;phasez;-1.53447;-1.53124;-1.52719;-1.52218;-1.51591;-1.5081;-1.49848;-1.4865;-1.47166;-1.45325;-1.43043;-1.40215;-1.36703;-1.32341;-1.26904;-1.20107;-1.11557;-1.00741;-0.869369;-0.691884
