0;2532919013147;20;absz;1.79763e+08;1.30138e+08;9.42567e+07;6.82326e+07;4.93933e+07;3.57413e+07;2.58889e+07;1.87434e+07;1.35694e+07;9.82356e+06;7.11095e+06;5.14696e+06;3.72513e+06;2.69593e+06;1.95092e+06;1.41174e+06;1.0215e+06;739125;534753;386866
0;2532919013147;20;frequency;9.999999974752427;13.86918846435492;19.23543905490988;26.67799336109056;37.00021196095804;51.31629158938722;71.17153245417285;98.70914048804025;136.9015682683994;189.8713664161278;263.3361782500288;365.2259113806622;506.5387032487934;702.5280792305466;974.3494403835484;1351.343611730726;1874.203936580443;2599.368780806799;3605.113577052066;4999.99999995282
0;2532919013147;20;phasez;-1.54781;-1.54942;-1.55003;-1.55046;-1.55059;-1.55068;-1.55076;-1.55098;-1.55097;-1.551;-1.55103;-1.55093;-1.55067;-1.55016;-1.54933;-1.54805;-1.54615;-1.54341;-1.53953;-1.53405
1;2533688097376;50;absz;9.25255e+06;7.91608e+06;6.75062e+06;5.7558e+06;4.92108e+06;4.2065e+06;3.59144e+06;3.06582e+06;2.61671e+06;2.23497e+06;1.90865e+06;1.62937e+06;1.39152e+06;1.18841e+06;1.01469e+06;866381;739731;631676;539333;460510;393191;335714;286624;244710;208926;178369;152282;130006;110986;94746.1;80883.3;69045.6;58939.6;50312.7;42947.1;36658.4;31289.3;26705;22790.9;19448.6;16594.6;14157.2;12074.9;10296;8775.45;7475.22;6363.03;5410.69;4594.2;3893.19
1;2533688097376;50;frequency;199.9999999213742;234.625769479635;275.2462588517801;322.8993264769997;378.802514688914;444.3841576318164;521.3198749487447;611.5753842550475;717.456725922716;841.6691823498468;987.3863981368913;1158.33146786315;1358.872060208682;1594.132014446359;1870.122253535556;2193.894364737048;2573.720768452858;3019.306079821149;3542.035062906734;4155.263512473084;4874.659497176026;5718.603679767398;6708.658946337209;7870.121340545211;9232.666380967203;10831.10727442716;12706.28439819177;14906.10877695531;17486.78621595445;20514.25336674129;24065.86241733066;28232.35745111674;33120.19296963342;38854.25382030405;45581.04601983359;53472.44000269313;62730.06193403319;73590.44528463698;86331.07429211862;101277.4737211686;118811.5260634959;139381.228686517;163512.140226203;191820.8086789974;225030.524286467;263989.7996954232;309694.0495706946;363311.0235703185;426210.642505751;499999.9999999716
1;2533688097376;50;phasez;-1.55302;-1.55551;-1.5529;-1.55211;-1.55206;-1.55251;-1.55306;-1.55296;-1.55257;-1.55309;-1.55337;-1.55351;-1.55353;-1.55341;-1.55351;-1.5535;-1.55356;-1.55355;-1.55354;-1.55353;-1.55349;-1.55338;-1.55327;-1.5531;-1.55291;-1.55262;-1.55226;-1.55181;-1.55123;-1.55053;-1.54969;-1.54869;-1.54747;-1.54603;-1.54431;-1.54228;-1.53988;-1.53705;-1.5337;-1.52975;-1.52509;-1.51958;-1.51309;-1.50543;-1.49639;-1.4857;-1.47304;-1.45801;-1.44009;-1.41861
2;2534457355579;50;absz;97620.9;87289.7;78064.7;69823;62429.2;55817.5;49910.7;44634.3;39910.4;35680.4;31903.5;28523.7;25504.3;22803.5;20391.6;18231.3;16301.2;14576.6;13034.3;11653;10420;9316.77;8330.29;7448.26;6659.44;5954.41;5324.21;4760.13;4256.04;3805.16;3401.94;3041.34;2718.82;2430.34;2172.31;1941.54;1735.13;1550.42;1385.19;1237.37;1105.11;986.789;880.962;786.318;701.833;626.434;559.295;499.758;447.239;401.374
2;2534457355579;50;frequency;20000.00000002444;22385.53853899816;25055.61678390222;28044.17375656954;31389.19662092121;35133.2035329932;39323.78408414649;44014.2042055669;49264.08322518227;55140.1516811012;61717.09952482729;69078.52549602467;77317.99973512921;86540.25314108083;96862.50859274992;108415.9709538568;121347.4948009008;135821.4510731415;152021.8163702936;170154.5114554648;190450.0186878266;213166.3116533389;238592.1342356312;267050.6708003728;298903.6541519141;334555.9634717432;374460.7706856584;419125.3006744233;469117.2785435782;525072.1459047724;587701.13789258;657800.3235824071;736260.7247225839;824079.6413975459;922373.3285811875;1032391.184709951;1155531.632626961;1293359.894754076;1447627.888434013;1620296.494325686;1813560.480908265;2029876.401899315;2271993.821195295;2542990.262224833;2846310.325953354;3185809.474764127;3565803.038745301;3991121.067296888;4467169.723268114;4999999.999999929
2;2534457355579;50;phasez;-1.55412;-1.55398;-1.55339;-1.5533;-1.55288;-1.55245;-1.55182;-1.55122;-1.55017;-1.54936;-1.54833;-1.54711;-1.54563;-1.54409;-1.54224;-1.54029;-1.53799;-1.53545;-1.53259;-1.52938;-1.52575;-1.52174;-1.51716;-1.51214;-1.50647;-1.50013;-1.49301;-1.48506;-1.47619;-1.46624;-1.45511;-1.44263;-1.42863;-1.41296;-1.39537;-1.37564;-1.3535;-1.32863;-1.30066;-1.26919;-1.23374;-1.19375;-1.14858;-1.09743;-1.03939;-0.973483;-0.89836;-0.812575;-0.714439;-0.601972
3;2534773407874;20;absz;19843.9;16180.9;13189.4;10748.6;8762.23;7143.12;5821.48;4745.25;3867.14;3151.67;2567.87;2091.69;1703.18;1386.27;1127.51;916.337;744.069;603.892;490.558;400.382
3;2534773407874;20;frequency;99999.99999990905;122862.535599424;150952.0265389597;185463.4873444638;227865.1431623047;279960.8926363817;343967.05137965;422606.6409511731;519225.2346839865;637933.2888043621;783781.0140572543;962973.2274171232;1183133.324347452;1453627.601814205;1785963.729760951;2194280.323268956;2695948.443325946;3312310.615921419;4069588.809647371;4999999.999999929
3;2534773407874;20;phasez;-1.54142;-1.53797;-1.5336;-1.52821;-1.52155;-1.51331;-1.50317;-1.49064;-1.47519;-1.45618;-1.4327;-1.40373;-1.36793;-1.32357;-1.26846;-1.19973;-1.11346;-1.00457;-0.86578;-0.687628
