0;9903634799269;20;absz;1.36079e+08;9.92833e+07;7.23492e+07;5.26868e+07;3.83699e+07;2.79194e+07;2.03314e+07;1.4788e+07;1.07572e+07;7.82246e+06;5.68747e+06;4.13467e+06;3.00515e+06;2.18389e+06;1.58678e+06;1.15278e+06;837364;608156;441628;320641
0;9903634799269;20;frequency;9.999999974752427;13.86918846435492;19.23543905490988;26.67799336109056;37.00021196095804;51.31629158938722;71.17153245417285;98.70914048804025;136.9015682683994;189.8713664161278;263.3361782500288;365.2259113806622;506.5387032487934;702.5280792305466;974.3494403835484;1351.343611730726;1874.203936580443;2599.368780806799;3605.113577052066;4999.99999995282
0;9903634799269;20;phasez;-1.50997;-1.51391;-1.51651;-1.51963;-1.52149;-1.52322;-1.52507;-1.52638;-1.52763;-1.52849;-1.52925;-1.52983;-1.53015;-1.53018;-1.52984;-1.529;-1.52755;-1.52522;-1.52171;-1.51656
1;9904403725070;50;absz;7.36783e+06;6.31515e+06;5.40868e+06;4.62294e+06;3.95614e+06;3.38563e+06;2.89709e+06;2.47763e+06;2.1202e+06;1.81465e+06;1.55275e+06;1.32834e+06;1.13644e+06;972315;831762;711515;608635;520625;445329;380927;325822;278672;238335;203834;174323;149082;127491;109028;93234.1;79727.7;68176;58298;49849.7;42624.9;36446.1;31161.7;26642.3;22777.3;19471.3;16643.6;14224.5;12154.8;10383.7;8867.54;7569.59;6457.91;5505.13;4687.77;3985.86;3382.13
1;9904403725070;50;frequency;199.9999999213742;234.625769479635;275.2462588517801;322.8993264769997;378.802514688914;444.3841576318164;521.3198749487447;611.5753842550475;717.456725922716;841.6691823498468;987.3863981368913;1158.33146786315;1358.872060208682;1594.132014446359;1870.122253535556;2193.894364737048;2573.720768452858;3019.306079821149;3542.035062906734;4155.263512473084;4874.659497176026;5718.603679767398;6708.658946337209;7870.121340545211;9232.666380967203;10831.10727442716;12706.28439819177;14906.10877695531;17486.78621595445;20514.25336674129;24065.86241733066;28232.35745111674;33120.19296963342;38854.25382030405;45581.04601983359;53472.44000269313;62730.06193403319;73590.44528463698;86331.07429211862;101277.4737211686;118811.5260634959;139381.228686517;163512.140226203;191820.8086789974;225030.524286467;263989.7996954232;309694.0495706946;363311.0235703185;426210.642505751;499999.9999999716
1;9904403725070;50;phasez;-1.53032;-1.52907;-1.52979;-1.53062;-1.53198;-1.53175;-1.53262;-1.53292;-1.53306;-1.53338;-1.53382;-1.53389;-1.53433;-1.53455;-1.53497;-1.53513;-1.53534;-1.53559;-1.53573;-1.53584;-1.53593;-1.53603;-1.53603;-1.53597;-1.53587;-1.53569;-1.5354;-1.53502;-1.53454;-1.53391;-1.53314;-1.5322;-1.53106;-1.52969;-1.52807;-1.52614;-1.52386;-1.52116;-1.51797;-1.51419;-1.50973;-1.50445;-1.4982;-1.49081;-1.48206;-1.47167;-1.45934;-1.44465;-1.4271;-1.40599
2;9905173111573;50;absz;82122.1;73513.3;65825.7;58932.7;52763.4;47235.9;42294.2;37858.3;33889.6;30339.4;27160.3;24313;21763.2;19483.1;17441.5;15613.1;13976.7;12511.2;11200;10025.5;8973.59;8032.17;7189.66;6435.06;5759.69;5155.23;4613.79;4129.22;3695.39;3306.96;2959.32;2647.93;2369.15;2119.55;1895.99;1695.84;1516.54;1355.97;1212.13;1083.29;967.891;864.512;771.923;689.023;614.894;548.624;489.524;436.992;390.547;349.847
2;9905173111573;50;frequency;20000.00000002444;22385.53853899816;25055.61678390222;28044.17375656954;31389.19662092121;35133.2035329932;39323.78408414649;44014.2042055669;49264.08322518227;55140.1516811012;61717.09952482729;69078.52549602467;77317.99973512921;86540.25314108083;96862.50859274992;108415.9709538568;121347.4948009008;135821.4510731415;152021.8163702936;170154.5114554648;190450.0186878266;213166.3116533389;238592.1342356312;267050.6708003728;298903.6541519141;334555.9634717432;374460.7706856584;419125.3006744233;469117.2785435782;525072.1459047724;587701.13789258;657800.3235824071;736260.7247225839;824079.6413975459;922373.3285811875;1032391.184709951;1155531.632626961;1293359.894754076;1447627.888434013;1620296.494325686;1813560.480908265;2029876.401899315;2271993.821195295;2542990.262224833;2846310.325953354;3185809.474764127;3565803.038745301;3991121.067296888;4467169.723268114;4999999.999999929
2;9905173111573;50;phasez;-1.53761;-1.53756;-1.53723;-1.53681;-1.53657;-1.53608;-1.53536;-1.53496;-1.53405;-1.53339;-1.53233;-1.53117;-1.5298;-1.52838;-1.52668;-1.52477;-1.52268;-1.52028;-1.51757;-1.51451;-1.51113;-1.50726;-1.50298;-1.49814;-1.49268;-1.4866;-1.47974;-1.47205;-1.46343;-1.45375;-1.44289;-1.43071;-1.41703;-1.40168;-1.38443;-1.36504;-1.34326;-1.31875;-1.29116;-1.26006;-1.22499;-1.18538;-1.14058;-1.0898;-1.03213;-0.966528;-0.89168;-0.806124;-0.708112;-0.595674
3;9905491077997;20;absz;16974.2;13869.6;11328;9252.38;7558.06;6171.72;5040.45;4115.8;3360.39;2743.08;2238.44;1825.85;1488.78;1212.97;987.405;802.847;651.89;528.756;428.83;348.957
3;9905491077997;20;frequency;99999.99999990905;122862.535599424;150952.0265389597;185463.4873444638;227865.1431623047;279960.8926363817;343967.05137965;422606.6409511731;519225.2346839865;637933.2888043621;783781.0140572543;962973.2274171232;1183133.324347452;1453627.601814205;1785963.729760951;2194280.323268956;2695948.443325946;3312310.615921419;4069588.809647371;4999999.999999929
3;9905491077997;20;phasez;-1.52585;-1.5226;-1.51856;-1.51355;-1.50726;-1.49941;-1.48969;-1.47762;-1.4627;-1.44419;-1.42128;-1.39293;-1.35775;-1.31407;-1.25965;-1.19163;-1.10605;-0.997726;-0.859366;-0.681339
