0;6770409159669;20;absz;1.39272e+08;1.0152e+08;7.39316e+07;5.38332e+07;3.91881e+07;2.84963e+07;2.07367e+07;1.5081e+07;1.09645e+07;7.97079e+06;5.79365e+06;4.21047e+06;3.05951e+06;2.22291e+06;1.61482e+06;1.17295e+06;851822;618503;449014;325909
0;6770409159669;20;frequency;9.999999974752427;13.86918846435492;19.23543905490988;26.67799336109056;37.00021196095804;51.31629158938722;71.17153245417285;98.70914048804025;136.9015682683994;189.8713664161278;263.3361782500288;365.2259113806622;506.5387032487934;702.5280792305466;974.3494403835484;1351.343611730726;1874.203936580443;2599.368780806799;3605.113577052066;4999.99999995282
0;6770409159669;20;phasez;-1.51502;-1.51806;-1.52067;-1.52273;-1.52443;-1.52641;-1.52746;-1.52863;-1.52955;-1.53028;-1.5309;-1.53127;-1.53148;-1.53143;-1.53106;-1.53026;-1.52881;-1.52653;-1.52307;-1.51796
1;6771176641819;50;absz;7.53082e+06;6.43474e+06;5.49393e+06;4.70744e+06;4.02973e+06;3.44801e+06;2.94833e+06;2.5226e+06;2.15858e+06;1.84681e+06;1.57995e+06;1.35158e+06;1.15653e+06;989121;846032;723711;619012;529426;452806;387227;331176;283204;242178;207087;177079;151415;129468;110700;94649.9;80927;69192.9;59158.9;50579.2;43243.3;36971.2;31607;27019.6;23096.7;19741.7;16872.4;14418;12318.4;10521.9;8984.66;7668.63;6541.5;5575.62;4747.26;4036.06;3424.4
1;6771176641819;50;frequency;199.9999999213742;234.625769479635;275.2462588517801;322.8993264769997;378.802514688914;444.3841576318164;521.3198749487447;611.5753842550475;717.456725922716;841.6691823498468;987.3863981368913;1158.33146786315;1358.872060208682;1594.132014446359;1870.122253535556;2193.894364737048;2573.720768452858;3019.306079821149;3542.035062906734;4155.263512473084;4874.659497176026;5718.603679767398;6708.658946337209;7870.121340545211;9232.666380967203;10831.10727442716;12706.28439819177;14906.10877695531;17486.78621595445;20514.25336674129;24065.86241733066;28232.35745111674;33120.19296963342;38854.25382030405;45581.04601983359;53472.44000269313;62730.06193403319;73590.44528463698;86331.07429211862;101277.4737211686;118811.5260634959;139381.228686517;163512.140226203;191820.8086789974;225030.524286467;263989.7996954232;309694.0495706946;363311.0235703185;426210.642505751;499999.9999999716
1;6771176641819;50;phasez;-1.53095;-1.53219;-1.53088;-1.5339;-1.5328;-1.53375;-1.53375;-1.53365;-1.53446;-1.53434;-1.53532;-1.53524;-1.53555;-1.53586;-1.53619;-1.53634;-1.53666;-1.53692;-1.53706;-1.53722;-1.53736;-1.53745;-1.53744;-1.53742;-1.53729;-1.53709;-1.5368;-1.53639;-1.53589;-1.53525;-1.53446;-1.53349;-1.53235;-1.53098;-1.52935;-1.52743;-1.52516;-1.52247;-1.51928;-1.51551;-1.51105;-1.50578;-1.49953;-1.49213;-1.48337;-1.47298;-1.46066;-1.44598;-1.42844;-1.40736
2;6771946827469;50;absz;83398.6;74650.7;66836.7;59808.5;53547.4;47933.4;42909.1;38413.8;34381.9;30781.8;27549.2;24660.1;22073.8;19757.3;17685.1;15829;14169.6;12681.8;11351.3;10159.9;9093.54;8139.08;7284.36;6519.6;5834.81;5221.95;4673.29;4182.16;3742.41;3348.81;2996.43;2680.92;2398.45;2145.54;1919.07;1716.3;1534.69;1372.05;1226.39;1095.92;979.078;874.425;780.718;696.8;621.793;554.764;494.975;441.854;394.899;353.763
2;6771946827469;50;frequency;20000.00000002444;22385.53853899816;25055.61678390222;28044.17375656954;31389.19662092121;35133.2035329932;39323.78408414649;44014.2042055669;49264.08322518227;55140.1516811012;61717.09952482729;69078.52549602467;77317.99973512921;86540.25314108083;96862.50859274992;108415.9709538568;121347.4948009008;135821.4510731415;152021.8163702936;170154.5114554648;190450.0186878266;213166.3116533389;238592.1342356312;267050.6708003728;298903.6541519141;334555.9634717432;374460.7706856584;419125.3006744233;469117.2785435782;525072.1459047724;587701.13789258;657800.3235824071;736260.7247225839;824079.6413975459;922373.3285811875;1032391.184709951;1155531.632626961;1293359.894754076;1447627.888434013;1620296.494325686;1813560.480908265;2029876.401899315;2271993.821195295;2542990.262224833;2846310.325953354;3185809.474764127;3565803.038745301;3991121.067296888;4467169.723268114;4999999.999999929
2;6771946827469;50;phasez;-1.53888;-1.53883;-1.53832;-1.53817;-1.5378;-1.53723;-1.53675;-1.53609;-1.53544;-1.53447;-1.53353;-1.5325;-1.53119;-1.52971;-1.52802;-1.52611;-1.524;-1.52158;-1.51889;-1.51588;-1.51247;-1.50858;-1.50427;-1.49942;-1.494;-1.48791;-1.48104;-1.47338;-1.46477;-1.45511;-1.44427;-1.43212;-1.41847;-1.40314;-1.38592;-1.36659;-1.34483;-1.32036;-1.29281;-1.26175;-1.22672;-1.18715;-1.14238;-1.09162;-1.03402;-0.968468;-0.893678;-0.808196;-0.710281;-0.597961
3;6772264891475;20;absz;17218.9;14065.2;11485.8;9379.32;7659.69;6254.1;5106.84;4169.18;3403.43;2777.81;2266.41;1848.31;1506.83;1227.46;999.013;812.133;659.344;534.736;433.671;352.914
3;6772264891475;20;frequency;99999.99999990905;122862.535599424;150952.0265389597;185463.4873444638;227865.1431623047;279960.8926363817;343967.05137965;422606.6409511731;519225.2346839865;637933.2888043621;783781.0140572543;962973.2274171232;1183133.324347452;1453627.601814205;1785963.729760951;2194280.323268956;2695948.443325946;3312310.615921419;4069588.809647371;4999999.999999929
3;6772264891475;20;phasez;-1.52723;-1.52398;-1.51991;-1.51487;-1.50856;-1.50071;-1.49102;-1.47895;-1.46406;-1.44558;-1.42276;-1.39443;-1.35933;-1.31572;-1.26138;-1.19342;-1.10791;-0.999674;-0.861437;-0.683609
