0;1079529490345;20;absz;2.11643e+08;1.53081e+08;1.10586e+08;7.99754e+07;5.78008e+07;4.17906e+07;3.02191e+07;2.18505e+07;1.57947e+07;1.14218e+07;8.25927e+06;5.97307e+06;4.31999e+06;3.1246e+06;2.26012e+06;1.63492e+06;1.18268e+06;855580;618989;447862
0;1079529490345;20;frequency;9.999999974752427;13.86918846435492;19.23543905490988;26.67799336109056;37.00021196095804;51.31629158938722;71.17153245417285;98.70914048804025;136.9015682683994;189.8713664161278;263.3361782500288;365.2259113806622;506.5387032487934;702.5280792305466;974.3494403835484;1351.343611730726;1874.203936580443;2599.368780806799;3605.113577052066;4999.99999995282
0;1079529490345;20;phasez;-1.5586;-1.55769;-1.55797;-1.55761;-1.55785;-1.55691;-1.55709;-1.55686;-1.55654;-1.55601;-1.55539;-1.55468;-1.55378;-1.55269;-1.55125;-1.5494;-1.54692;-1.54357;-1.53899;-1.53279
1;1080299339124;50;absz;1.07324e+07;9.15855e+06;7.84097e+06;6.6957e+06;5.71235e+06;4.87881e+06;4.16473e+06;3.55467e+06;3.03373e+06;2.59096e+06;2.21084e+06;1.88758e+06;1.61146e+06;1.37597e+06;1.17455e+06;1.00294e+06;856223;731131;624301;533066;455143;388665;331881;283405;242016;206685;176509;150745;128749;109966;93924.4;80224.6;68526.9;58536.2;50002.4;42713.4;36486.2;31166.9;26622.1;22738.4;19420.1;16583.7;14158.7;12085.2;10311.4;8792.77;7492.39;6377.99;5421.4;4599.31
1;1080299339124;50;frequency;199.9999999213742;234.625769479635;275.2462588517801;322.8993264769997;378.802514688914;444.3841576318164;521.3198749487447;611.5753842550475;717.456725922716;841.6691823498468;987.3863981368913;1158.33146786315;1358.872060208682;1594.132014446359;1870.122253535556;2193.894364737048;2573.720768452858;3019.306079821149;3542.035062906734;4155.263512473084;4874.659497176026;5718.603679767398;6708.658946337209;7870.121340545211;9232.666380967203;10831.10727442716;12706.28439819177;14906.10877695531;17486.78621595445;20514.25336674129;24065.86241733066;28232.35745111674;33120.19296963342;38854.25382030405;45581.04601983359;53472.44000269313;62730.06193403319;73590.44528463698;86331.07429211862;101277.4737211686;118811.5260634959;139381.228686517;163512.140226203;191820.8086789974;225030.524286467;263989.7996954232;309694.0495706946;363311.0235703185;426210.642505751;499999.9999999716
1;1080299339124;50;phasez;-1.55756;-1.55987;-1.5584;-1.55731;-1.55619;-1.5554;-1.55641;-1.55598;-1.55518;-1.55518;-1.55505;-1.55499;-1.55479;-1.55439;-1.55419;-1.5539;-1.55373;-1.55343;-1.55305;-1.55271;-1.55231;-1.55183;-1.55136;-1.55077;-1.55013;-1.54942;-1.54864;-1.54777;-1.54677;-1.54567;-1.54439;-1.54298;-1.54136;-1.53953;-1.53744;-1.53506;-1.53231;-1.52915;-1.52549;-1.52126;-1.51633;-1.51059;-1.50388;-1.49603;-1.48682;-1.47598;-1.4632;-1.44807;-1.43007;-1.40853
2;1081068774434;50;absz;113347;101358;90673.8;81145.9;72587.5;64927.8;58085.9;51962.8;46483.6;41590;37206.6;33283.6;29781.7;26642.9;23837.8;21327.1;19081.5;17074;15276.5;13669.2;12231.4;10944.4;9793.2;8762.94;7841.1;7016.22;6278.11;5617.67;5026.57;4497.57;4024.22;3600.56;3221.43;2882.05;2578.25;2306.35;2062.93;1845.05;1650.03;1475.42;1319.14;1179.25;1054.09;942.144;842.174;752.975;673.602;603.269;541.335;487.411
2;1081068774434;50;frequency;20000.00000002444;22385.53853899816;25055.61678390222;28044.17375656954;31389.19662092121;35133.2035329932;39323.78408414649;44014.2042055669;49264.08322518227;55140.1516811012;61717.09952482729;69078.52549602467;77317.99973512921;86540.25314108083;96862.50859274992;108415.9709538568;121347.4948009008;135821.4510731415;152021.8163702936;170154.5114554648;190450.0186878266;213166.3116533389;238592.1342356312;267050.6708003728;298903.6541519141;334555.9634717432;374460.7706856584;419125.3006744233;469117.2785435782;525072.1459047724;587701.13789258;657800.3235824071;736260.7247225839;824079.6413975459;922373.3285811875;1032391.184709951;1155531.632626961;1293359.894754076;1447627.888434013;1620296.494325686;1813560.480908265;2029876.401899315;2271993.821195295;2542990.262224833;2846310.325953354;3185809.474764127;3565803.038745301;3991121.067296888;4467169.723268114;4999999.999999929
2;1081068774434;50;phasez;-1.54932;-1.54863;-1.54829;-1.54758;-1.54704;-1.5461;-1.54528;-1.5443;-1.54329;-1.54215;-1.54082;-1.53921;-1.53767;-1.53582;-1.53393;-1.5317;-1.52922;-1.52648;-1.52347;-1.52011;-1.51637;-1.51217;-1.50757;-1.50241;-1.49665;-1.49021;-1.48308;-1.47507;-1.46614;-1.45616;-1.445;-1.43248;-1.41851;-1.40283;-1.38526;-1.36557;-1.34346;-1.31863;-1.29073;-1.25934;-1.22398;-1.1841;-1.13906;-1.08809;-1.03018;-0.96449;-0.88962;-0.80415;-0.706382;-0.594384
3;1081386816730;20;absz;23205.2;18944.1;15461.4;12619.4;10299.4;8406.77;6861.75;5600.33;4571.13;3730.34;3044.11;2483.45;2025.44;1651.33;1345.7;1096;892.177;726.364;592.425;486.212
3;1081386816730;20;frequency;99999.99999990905;122862.535599424;150952.0265389597;185463.4873444638;227865.1431623047;279960.8926363817;343967.05137965;422606.6409511731;519225.2346839865;637933.2888043621;783781.0140572543;962973.2274171232;1183133.324347452;1453627.601814205;1785963.729760951;2194280.323268956;2695948.443325946;3312310.615921419;4069588.809647371;4999999.999999929
3;1081386816730;20;phasez;-1.53287;-1.52911;-1.52451;-1.51884;-1.51197;-1.50357;-1.49325;-1.4806;-1.4651;-1.44604;-1.42257;-1.39362;-1.35788;-1.31362;-1.25867;-1.19015;-1.10414;-0.995614;-0.857326;-0.679928
