0;6522142482517;20;absz;1.39831e+08;1.01916e+08;7.42143e+07;5.40149e+07;3.93103e+07;2.85868e+07;2.08038e+07;1.51283e+07;1.09997e+07;7.99716e+06;5.81316e+06;4.22498e+06;3.07029e+06;2.23084e+06;1.62067e+06;1.17717e+06;854895;620719;450595;327024
0;6522142482517;20;frequency;9.999999974752427;13.86918846435492;19.23543905490988;26.67799336109056;37.00021196095804;51.31629158938722;71.17153245417285;98.70914048804025;136.9015682683994;189.8713664161278;263.3361782500288;365.2259113806622;506.5387032487934;702.5280792305466;974.3494403835484;1351.343611730726;1874.203936580443;2599.368780806799;3605.113577052066;4999.99999995282
0;6522142482517;20;phasez;-1.51783;-1.51885;-1.52118;-1.52345;-1.52507;-1.52656;-1.52754;-1.52866;-1.52949;-1.53018;-1.53072;-1.53113;-1.53134;-1.53132;-1.53099;-1.53023;-1.52889;-1.52668;-1.52327;-1.51819
1;6522915379616;50;absz;7.51775e+06;6.45394e+06;5.5116e+06;4.72433e+06;4.04097e+06;3.4591e+06;2.95864e+06;2.53281e+06;2.16613e+06;1.85316e+06;1.58503e+06;1.35662e+06;1.16062e+06;992791;849159;726274;621222;531317;454398;388590;332307;284167;242985;207772;177662;151908;129888;111053;94949.6;81181;69408.8;59341.4;50735.7;43376;37083.1;31701.9;27100.1;23165.1;19799.9;16921.7;14459.8;12353.8;10551.9;9009.97;7690.17;6559.71;5591.13;4760.34;4047.02;3433.65
1;6522915379616;50;frequency;199.9999999213742;234.625769479635;275.2462588517801;322.8993264769997;378.802514688914;444.3841576318164;521.3198749487447;611.5753842550475;717.456725922716;841.6691823498468;987.3863981368913;1158.33146786315;1358.872060208682;1594.132014446359;1870.122253535556;2193.894364737048;2573.720768452858;3019.306079821149;3542.035062906734;4155.263512473084;4874.659497176026;5718.603679767398;6708.658946337209;7870.121340545211;9232.666380967203;10831.10727442716;12706.28439819177;14906.10877695531;17486.78621595445;20514.25336674129;24065.86241733066;28232.35745111674;33120.19296963342;38854.25382030405;45581.04601983359;53472.44000269313;62730.06193403319;73590.44528463698;86331.07429211862;101277.4737211686;118811.5260634959;139381.228686517;163512.140226203;191820.8086789974;225030.524286467;263989.7996954232;309694.0495706946;363311.0235703185;426210.642505751;499999.9999999716
1;6522915379616;50;phasez;-1.5339;-1.52987;-1.53195;-1.53241;-1.5326;-1.53321;-1.5337;-1.53377;-1.53421;-1.53447;-1.5347;-1.53548;-1.53565;-1.53598;-1.53615;-1.53656;-1.53679;-1.53708;-1.53722;-1.53745;-1.5376;-1.53766;-1.5377;-1.53767;-1.53755;-1.53734;-1.53707;-1.53666;-1.53615;-1.53549;-1.53471;-1.53375;-1.53259;-1.53122;-1.52959;-1.52767;-1.5254;-1.5227;-1.51951;-1.51574;-1.51128;-1.506;-1.49975;-1.49235;-1.4836;-1.47321;-1.46088;-1.4462;-1.42867;-1.4076
2;6523686039107;50;absz;83632.3;74882;67033.5;60011.7;53722;48085.5;43039.5;38531.2;34492.7;30873.8;27635.3;24734.2;22138.4;19816;17737.5;15876.1;14209.7;12718.5;11383.7;10188.9;9119.36;8161.61;7304.61;6537.66;5850.97;5236.31;4686.12;4193.52;3752.48;3357.8;3004.37;2687.99;2404.72;2151.11;1924.03;1720.72;1538.63;1375.55;1229.52;1098.7;981.522;876.608;782.649;698.522;623.322;556.123;496.192;442.949;395.875;354.636
2;6523686039107;50;frequency;20000.00000002444;22385.53853899816;25055.61678390222;28044.17375656954;31389.19662092121;35133.2035329932;39323.78408414649;44014.2042055669;49264.08322518227;55140.1516811012;61717.09952482729;69078.52549602467;77317.99973512921;86540.25314108083;96862.50859274992;108415.9709538568;121347.4948009008;135821.4510731415;152021.8163702936;170154.5114554648;190450.0186878266;213166.3116533389;238592.1342356312;267050.6708003728;298903.6541519141;334555.9634717432;374460.7706856584;419125.3006744233;469117.2785435782;525072.1459047724;587701.13789258;657800.3235824071;736260.7247225839;824079.6413975459;922373.3285811875;1032391.184709951;1155531.632626961;1293359.894754076;1447627.888434013;1620296.494325686;1813560.480908265;2029876.401899315;2271993.821195295;2542990.262224833;2846310.325953354;3185809.474764127;3565803.038745301;3991121.067296888;4467169.723268114;4999999.999999929
2;6523686039107;50;phasez;-1.53924;-1.53885;-1.53857;-1.53836;-1.53796;-1.53753;-1.53694;-1.53642;-1.53572;-1.53477;-1.53381;-1.53264;-1.53134;-1.52988;-1.52822;-1.52637;-1.52424;-1.52182;-1.5191;-1.51607;-1.51264;-1.5088;-1.50447;-1.49962;-1.49422;-1.48812;-1.48129;-1.4736;-1.46501;-1.45536;-1.44452;-1.43236;-1.41872;-1.4034;-1.3862;-1.36685;-1.3451;-1.32063;-1.29308;-1.26203;-1.227;-1.18743;-1.14268;-1.09195;-1.03432;-0.968784;-0.894012;-0.808538;-0.710634;-0.598313
3;6524003241599;20;absz;17266.9;14104.5;11517.5;9405.39;7680.89;6271.3;5120.43;4180.31;3412.4;2785.15;2272.28;1853.03;1510.61;1230.49;1001.44;814.091;660.926;536.017;434.721;353.77
3;6524003241599;20;frequency;99999.99999990905;122862.535599424;150952.0265389597;185463.4873444638;227865.1431623047;279960.8926363817;343967.05137965;422606.6409511731;519225.2346839865;637933.2888043621;783781.0140572543;962973.2274171232;1183133.324347452;1453627.601814205;1785963.729760951;2194280.323268956;2695948.443325946;3312310.615921419;4069588.809647371;4999999.999999929
3;6524003241599;20;phasez;-1.5273;-1.5242;-1.52012;-1.51509;-1.50873;-1.50095;-1.49125;-1.4792;-1.4643;-1.44584;-1.423;-1.3947;-1.35961;-1.31599;-1.26167;-1.19372;-1.10824;-1.00001;-0.861803;-0.684004
