0;8656535893567;20;absz;1.36737e+08;9.96477e+07;7.25979e+07;5.28948e+07;3.852e+07;2.80339e+07;2.04002e+07;1.48419e+07;1.07937e+07;7.84894e+06;5.70628e+06;4.14786e+06;3.01461e+06;2.19065e+06;1.59167e+06;1.15627e+06;839898;609977;442935;321580
0;8656535893567;20;frequency;9.999999974752427;13.86918846435492;19.23543905490988;26.67799336109056;37.00021196095804;51.31629158938722;71.17153245417285;98.70914048804025;136.9015682683994;189.8713664161278;263.3361782500288;365.2259113806622;506.5387032487934;702.5280792305466;974.3494403835484;1351.343611730726;1874.203936580443;2599.368780806799;3605.113577052066;4999.99999995282
0;8656535893567;20;phasez;-1.51085;-1.51427;-1.51728;-1.51962;-1.5219;-1.5234;-1.52556;-1.52685;-1.5279;-1.52889;-1.52962;-1.53011;-1.53039;-1.5304;-1.53003;-1.52918;-1.52773;-1.5254;-1.52189;-1.51673
1;8657306323410;50;absz;7.40243e+06;6.33263e+06;5.40768e+06;4.63489e+06;3.96799e+06;3.39487e+06;2.90623e+06;2.48579e+06;2.12722e+06;1.82037e+06;1.5576e+06;1.33218e+06;1.13998e+06;975132;834274;713598;610471;522172;446674;382044;326768;279476;239019;204422;174817;149502;127851;109332;93494.3;79949.1;68365;58459.5;49989;42745.2;36550;31251.5;26719.9;22843.4;19528.3;16692.2;14266;12190.1;10413.7;8892.93;7591.11;6476.16;5520.43;4700.68;3996.72;3391.4
1;8657306323410;50;frequency;199.9999999213742;234.625769479635;275.2462588517801;322.8993264769997;378.802514688914;444.3841576318164;521.3198749487447;611.5753842550475;717.456725922716;841.6691823498468;987.3863981368913;1158.33146786315;1358.872060208682;1594.132014446359;1870.122253535556;2193.894364737048;2573.720768452858;3019.306079821149;3542.035062906734;4155.263512473084;4874.659497176026;5718.603679767398;6708.658946337209;7870.121340545211;9232.666380967203;10831.10727442716;12706.28439819177;14906.10877695531;17486.78621595445;20514.25336674129;24065.86241733066;28232.35745111674;33120.19296963342;38854.25382030405;45581.04601983359;53472.44000269313;62730.06193403319;73590.44528463698;86331.07429211862;101277.4737211686;118811.5260634959;139381.228686517;163512.140226203;191820.8086789974;225030.524286467;263989.7996954232;309694.0495706946;363311.0235703185;426210.642505751;499999.9999999716
1;8657306323410;50;phasez;-1.53028;-1.52979;-1.53197;-1.53113;-1.53188;-1.53152;-1.53294;-1.53287;-1.53332;-1.53357;-1.53392;-1.53412;-1.53455;-1.53465;-1.53499;-1.53527;-1.53546;-1.53573;-1.53587;-1.53596;-1.53608;-1.53614;-1.53615;-1.53611;-1.53598;-1.53578;-1.53548;-1.53508;-1.53457;-1.53392;-1.53314;-1.53218;-1.53102;-1.52965;-1.52802;-1.5261;-1.52384;-1.52115;-1.51798;-1.51423;-1.5098;-1.50455;-1.49833;-1.49096;-1.48223;-1.47186;-1.45953;-1.44485;-1.42731;-1.40621
2;8658075256158;50;absz;82334.2;73713.8;65998.6;59093.8;52907.4;47368;42412.1;37964.8;33989.3;30426.1;27240.4;24383.2;21828.6;19540.2;17491.6;15659.1;14017.9;12547.3;11231.9;10053.6;8999.15;8054.95;7209.62;6453.02;5775.73;5169.5;4626.63;4140.57;3705.51;3315.99;2967.28;2655.04;2375.47;2125.15;1900.98;1700.25;1520.44;1359.44;1215.23;1086.04;970.308;866.669;773.843;690.715;616.395;549.974;490.714;438.065;391.507;350.715
2;8658075256158;50;frequency;20000.00000002444;22385.53853899816;25055.61678390222;28044.17375656954;31389.19662092121;35133.2035329932;39323.78408414649;44014.2042055669;49264.08322518227;55140.1516811012;61717.09952482729;69078.52549602467;77317.99973512921;86540.25314108083;96862.50859274992;108415.9709538568;121347.4948009008;135821.4510731415;152021.8163702936;170154.5114554648;190450.0186878266;213166.3116533389;238592.1342356312;267050.6708003728;298903.6541519141;334555.9634717432;374460.7706856584;419125.3006744233;469117.2785435782;525072.1459047724;587701.13789258;657800.3235824071;736260.7247225839;824079.6413975459;922373.3285811875;1032391.184709951;1155531.632626961;1293359.894754076;1447627.888434013;1620296.494325686;1813560.480908265;2029876.401899315;2271993.821195295;2542990.262224833;2846310.325953354;3185809.474764127;3565803.038745301;3991121.067296888;4467169.723268114;4999999.999999929
2;8658075256158;50;phasez;-1.53737;-1.53751;-1.53701;-1.53689;-1.53646;-1.53598;-1.53545;-1.53472;-1.53411;-1.53323;-1.53234;-1.53105;-1.52986;-1.52832;-1.52675;-1.52483;-1.52277;-1.5204;-1.51772;-1.51471;-1.5113;-1.50747;-1.50317;-1.49831;-1.4929;-1.4868;-1.47995;-1.47226;-1.46365;-1.45397;-1.44313;-1.43094;-1.41728;-1.40193;-1.38469;-1.36531;-1.34354;-1.31903;-1.29145;-1.26037;-1.2253;-1.1857;-1.14091;-1.09014;-1.03246;-0.96687;-0.892031;-0.806472;-0.708484;-0.596061
3;8658394014814;20;absz;17026.4;13911.5;11361.7;9279.5;7579.7;6189.42;5054.8;4127.22;3369.67;2750.58;2244.44;1830.66;1492.65;1216.09;989.905;804.843;653.515;530.055;429.899;349.83
3;8658394014814;20;frequency;99999.99999990905;122862.535599424;150952.0265389597;185463.4873444638;227865.1431623047;279960.8926363817;343967.05137965;422606.6409511731;519225.2346839865;637933.2888043621;783781.0140572543;962973.2274171232;1183133.324347452;1453627.601814205;1785963.729760951;2194280.323268956;2695948.443325946;3312310.615921419;4069588.809647371;4999999.999999929
3;8658394014814;20;phasez;-1.52591;-1.52279;-1.51877;-1.51371;-1.50742;-1.49965;-1.48991;-1.47787;-1.46292;-1.44444;-1.42153;-1.39317;-1.35802;-1.31436;-1.25996;-1.19195;-1.10637;-0.998044;-0.859692;-0.681668
