0;1227351778430;20;absz;2.07289e+08;1.49738e+08;1.0823e+08;7.82314e+07;5.65644e+07;4.088e+07;2.95514e+07;2.13638e+07;1.54449e+07;1.11663e+07;8.07367e+06;5.83797e+06;4.22164e+06;3.05273e+06;2.20755e+06;1.59635e+06;1.15442e+06;834844;603784;436698
0;1227351778430;20;frequency;9.999999974752427;13.86918846435492;19.23543905490988;26.67799336109056;37.00021196095804;51.31629158938722;71.17153245417285;98.70914048804025;136.9015682683994;189.8713664161278;263.3361782500288;365.2259113806622;506.5387032487934;702.5280792305466;974.3494403835484;1351.343611730726;1874.203936580443;2599.368780806799;3605.113577052066;4999.99999995282
0;1227351778430;20;phasez;-1.55926;-1.55968;-1.55927;-1.55852;-1.55845;-1.5589;-1.55807;-1.55769;-1.55729;-1.55676;-1.55619;-1.55558;-1.55483;-1.55384;-1.55256;-1.55081;-1.54839;-1.54508;-1.54053;-1.5343
1;1228123298254;50;absz;1.05613e+07;8.99522e+06;7.67474e+06;6.54087e+06;5.57627e+06;4.77404e+06;4.07161e+06;3.47211e+06;2.96375e+06;2.53059e+06;2.15914e+06;1.84345e+06;1.57379e+06;1.3431e+06;1.14657e+06;978753;835582;713298;608958;519846;443797;378906;323498;276206;235831;201366;171941;146826;125381;107073;91441.5;78094.9;66698.9;56966.5;48657.6;41560.2;35498.4;30320;25896.3;22117;18887.9;16128.3;13769.2;11752.2;10026.7;8549.96;7285.59;6201.77;5271.61;4472.15
1;1228123298254;50;frequency;199.9999999213742;234.625769479635;275.2462588517801;322.8993264769997;378.802514688914;444.3841576318164;521.3198749487447;611.5753842550475;717.456725922716;841.6691823498468;987.3863981368913;1158.33146786315;1358.872060208682;1594.132014446359;1870.122253535556;2193.894364737048;2573.720768452858;3019.306079821149;3542.035062906734;4155.263512473084;4874.659497176026;5718.603679767398;6708.658946337209;7870.121340545211;9232.666380967203;10831.10727442716;12706.28439819177;14906.10877695531;17486.78621595445;20514.25336674129;24065.86241733066;28232.35745111674;33120.19296963342;38854.25382030405;45581.04601983359;53472.44000269313;62730.06193403319;73590.44528463698;86331.07429211862;101277.4737211686;118811.5260634959;139381.228686517;163512.140226203;191820.8086789974;225030.524286467;263989.7996954232;309694.0495706946;363311.0235703185;426210.642505751;499999.9999999716
1;1228123298254;50;phasez;-1.55352;-1.55759;-1.557;-1.55742;-1.55729;-1.5567;-1.55765;-1.55678;-1.55729;-1.55699;-1.55647;-1.55629;-1.5561;-1.55578;-1.55581;-1.5555;-1.55526;-1.55494;-1.5546;-1.55429;-1.55378;-1.55329;-1.55283;-1.55222;-1.55158;-1.55084;-1.55001;-1.54911;-1.54808;-1.54692;-1.54562;-1.54415;-1.54248;-1.5406;-1.53845;-1.53601;-1.53321;-1.52999;-1.52627;-1.52196;-1.51696;-1.51114;-1.50436;-1.49644;-1.48716;-1.47626;-1.46342;-1.44824;-1.4302;-1.40862
2;1228891363951;50;absz;110370;98697.1;88278.6;78956.6;70647.1;63188.4;56529;50570.6;45234.3;40462.5;36201.6;32384.4;28968.3;25916.5;23186.9;20742.7;18558.3;16605;14856.4;13293.2;11894;10642.9;9522.84;8520.93;7624.43;6822.27;6104.49;5462.25;4887.61;4373.23;3912.91;3500.99;3132.28;2802.28;2506.86;2242.42;2005.74;1793.85;1604.18;1434.39;1282.39;1146.36;1024.61;915.689;818.486;731.721;654.476;586.039;525.739;473.222
2;1228891363951;50;frequency;20000.00000002444;22385.53853899816;25055.61678390222;28044.17375656954;31389.19662092121;35133.2035329932;39323.78408414649;44014.2042055669;49264.08322518227;55140.1516811012;61717.09952482729;69078.52549602467;77317.99973512921;86540.25314108083;96862.50859274992;108415.9709538568;121347.4948009008;135821.4510731415;152021.8163702936;170154.5114554648;190450.0186878266;213166.3116533389;238592.1342356312;267050.6708003728;298903.6541519141;334555.9634717432;374460.7706856584;419125.3006744233;469117.2785435782;525072.1459047724;587701.13789258;657800.3235824071;736260.7247225839;824079.6413975459;922373.3285811875;1032391.184709951;1155531.632626961;1293359.894754076;1447627.888434013;1620296.494325686;1813560.480908265;2029876.401899315;2271993.821195295;2542990.262224833;2846310.325953354;3185809.474764127;3565803.038745301;3991121.067296888;4467169.723268114;4999999.999999929
2;1228891363951;50;phasez;-1.55102;-1.55017;-1.54949;-1.54871;-1.54778;-1.5474;-1.54637;-1.54531;-1.54413;-1.54308;-1.54164;-1.54018;-1.53845;-1.53669;-1.53457;-1.53242;-1.52988;-1.52708;-1.52398;-1.52057;-1.51677;-1.51254;-1.50789;-1.50268;-1.49691;-1.49044;-1.48326;-1.47523;-1.46627;-1.45625;-1.44506;-1.43255;-1.41854;-1.40284;-1.38525;-1.36553;-1.3434;-1.31855;-1.29062;-1.2592;-1.2238;-1.18388;-1.13881;-1.08775;-1.02984;-0.964093;-0.889158;-0.80362;-0.705776;-0.593707
3;1229207673805;20;absz;22570.5;18422.8;15038.2;12271.3;10014.9;8174.64;6671.84;5445.45;4444.61;3627.01;2959.9;2414.66;1969.21;1605.46;1308.2;1065.36;867.098;705.821;575.476;472.052
3;1229207673805;20;frequency;99999.99999990905;122862.535599424;150952.0265389597;185463.4873444638;227865.1431623047;279960.8926363817;343967.05137965;422606.6409511731;519225.2346839865;637933.2888043621;783781.0140572543;962973.2274171232;1183133.324347452;1453627.601814205;1785963.729760951;2194280.323268956;2695948.443325946;3312310.615921419;4069588.809647371;4999999.999999929
3;1229207673805;20;phasez;-1.5337;-1.52973;-1.52504;-1.51934;-1.51235;-1.50385;-1.49349;-1.48076;-1.46523;-1.44612;-1.42259;-1.39363;-1.35782;-1.31352;-1.2585;-1.18991;-1.10382;-0.995188;-0.856797;-0.679234
