0;1076739654607;20;absz;2.11543e+08;1.53123e+08;1.10664e+08;8.00565e+07;5.78398e+07;4.18127e+07;3.02288e+07;2.18549e+07;1.58045e+07;1.14274e+07;8.26328e+06;5.97594e+06;4.32202e+06;3.12612e+06;2.2612e+06;1.6357e+06;1.18327e+06;856035;619322;448095
0;1076739654607;20;frequency;9.999999974752427;13.86918846435492;19.23543905490988;26.67799336109056;37.00021196095804;51.31629158938722;71.17153245417285;98.70914048804025;136.9015682683994;189.8713664161278;263.3361782500288;365.2259113806622;506.5387032487934;702.5280792305466;974.3494403835484;1351.343611730726;1874.203936580443;2599.368780806799;3605.113577052066;4999.99999995282
0;1076739654607;20;phasez;-1.55838;-1.55772;-1.55795;-1.55779;-1.55777;-1.55684;-1.55736;-1.55693;-1.55646;-1.55596;-1.55535;-1.55467;-1.55375;-1.55264;-1.55123;-1.54939;-1.54689;-1.54354;-1.53898;-1.53276
1;1077508809106;50;absz;1.07771e+07;9.16584e+06;7.84194e+06;6.696e+06;5.71421e+06;4.87739e+06;4.16361e+06;3.55537e+06;3.03541e+06;2.59139e+06;2.21249e+06;1.88796e+06;1.61256e+06;1.37654e+06;1.17543e+06;1.0034e+06;856780;731539;624582;533309;455382;388857;332044;283547;242143;206789;176601;150824;128820;110026;93976;80272;68566.9;58569.9;50031.4;42737.7;36508.1;31185.6;26638.4;22752.8;19431.7;16593.5;14167;12092.2;10317.3;8798.03;7496.9;6381.6;5424.5;4601.87
1;1077508809106;50;frequency;199.9999999213742;234.625769479635;275.2462588517801;322.8993264769997;378.802514688914;444.3841576318164;521.3198749487447;611.5753842550475;717.456725922716;841.6691823498468;987.3863981368913;1158.33146786315;1358.872060208682;1594.132014446359;1870.122253535556;2193.894364737048;2573.720768452858;3019.306079821149;3542.035062906734;4155.263512473084;4874.659497176026;5718.603679767398;6708.658946337209;7870.121340545211;9232.666380967203;10831.10727442716;12706.28439819177;14906.10877695531;17486.78621595445;20514.25336674129;24065.86241733066;28232.35745111674;33120.19296963342;38854.25382030405;45581.04601983359;53472.44000269313;62730.06193403319;73590.44528463698;86331.07429211862;101277.4737211686;118811.5260634959;139381.228686517;163512.140226203;191820.8086789974;225030.524286467;263989.7996954232;309694.0495706946;363311.0235703185;426210.642505751;499999.9999999716
1;1077508809106;50;phasez;-1.55524;-1.55473;-1.55645;-1.55526;-1.55738;-1.55522;-1.55612;-1.55499;-1.55551;-1.55512;-1.55547;-1.55481;-1.55438;-1.55442;-1.55423;-1.55404;-1.55367;-1.55342;-1.55305;-1.55264;-1.55227;-1.5518;-1.55129;-1.55072;-1.55007;-1.54939;-1.5486;-1.5477;-1.54671;-1.54559;-1.54434;-1.54292;-1.54131;-1.53948;-1.5374;-1.53503;-1.5323;-1.52915;-1.5255;-1.52127;-1.51634;-1.51061;-1.5039;-1.49605;-1.48683;-1.476;-1.46322;-1.44809;-1.43009;-1.40854
2;1078277915946;50;absz;113421;101463;90767;81166.7;72608.2;64967.1;58117.2;51998.4;46514.8;41605.9;37222.2;33306.2;29794.9;26657.7;23849.6;21338.7;19093.8;17084.5;15285.7;13677.2;12238.4;10950.8;9798.19;8767.83;7845.61;7020;6281.55;5620.66;5029.33;4499.89;4026.35;3602.46;3223.13;2883.49;2579.52;2307.46;2063.95;1845.98;1650.82;1476.13;1319.77;1179.79;1054.57;942.537;842.56;753.324;673.9;603.553;541.591;487.648
2;1078277915946;50;frequency;20000.00000002444;22385.53853899816;25055.61678390222;28044.17375656954;31389.19662092121;35133.2035329932;39323.78408414649;44014.2042055669;49264.08322518227;55140.1516811012;61717.09952482729;69078.52549602467;77317.99973512921;86540.25314108083;96862.50859274992;108415.9709538568;121347.4948009008;135821.4510731415;152021.8163702936;170154.5114554648;190450.0186878266;213166.3116533389;238592.1342356312;267050.6708003728;298903.6541519141;334555.9634717432;374460.7706856584;419125.3006744233;469117.2785435782;525072.1459047724;587701.13789258;657800.3235824071;736260.7247225839;824079.6413975459;922373.3285811875;1032391.184709951;1155531.632626961;1293359.894754076;1447627.888434013;1620296.494325686;1813560.480908265;2029876.401899315;2271993.821195295;2542990.262224833;2846310.325953354;3185809.474764127;3565803.038745301;3991121.067296888;4467169.723268114;4999999.999999929
2;1078277915946;50;phasez;-1.54935;-1.54864;-1.54813;-1.54711;-1.54692;-1.54608;-1.54533;-1.54424;-1.54326;-1.5422;-1.54073;-1.53928;-1.53773;-1.53585;-1.53392;-1.53173;-1.52923;-1.52655;-1.52346;-1.52016;-1.51644;-1.51226;-1.50758;-1.50247;-1.4967;-1.49028;-1.48311;-1.47511;-1.46618;-1.45619;-1.44505;-1.43254;-1.41855;-1.40288;-1.38532;-1.36563;-1.34352;-1.3187;-1.29079;-1.2594;-1.22403;-1.18415;-1.13911;-1.08816;-1.03025;-0.96454;-0.889668;-0.804197;-0.706428;-0.594432
3;1078594053094;20;absz;23219.3;18954.4;15472.8;12626.7;10304.5;8411.21;6865.21;5603.16;4573.45;3732.21;3045.67;2484.75;2026.5;1652.14;1346.34;1096.5;892.571;726.695;592.706;486.439
3;1078594053094;20;frequency;99999.99999990905;122862.535599424;150952.0265389597;185463.4873444638;227865.1431623047;279960.8926363817;343967.05137965;422606.6409511731;519225.2346839865;637933.2888043621;783781.0140572543;962973.2274171232;1183133.324347452;1453627.601814205;1785963.729760951;2194280.323268956;2695948.443325946;3312310.615921419;4069588.809647371;4999999.999999929
3;1078594053094;20;phasez;-1.53286;-1.52916;-1.52463;-1.51887;-1.51204;-1.50362;-1.49331;-1.48066;-1.46515;-1.4461;-1.42263;-1.39368;-1.35793;-1.31368;-1.25873;-1.1902;-1.10418;-0.995661;-0.857375;-0.679973
