0;5191451365586;20;absz;1.46064e+08;1.06273e+08;7.73361e+07;5.62473e+07;4.09017e+07;2.97381e+07;2.16181e+07;1.57119e+07;1.14177e+07;8.29636e+06;6.02752e+06;4.37852e+06;3.18019e+06;2.30937e+06;1.67667e+06;1.21703e+06;883272;640922;464993;337304
0;5191451365586;20;frequency;9.999999974752427;13.86918846435492;19.23543905490988;26.67799336109056;37.00021196095804;51.31629158938722;71.17153245417285;98.70914048804025;136.9015682683994;189.8713664161278;263.3361782500288;365.2259113806622;506.5387032487934;702.5280792305466;974.3494403835484;1351.343611730726;1874.203936580443;2599.368780806799;3605.113577052066;4999.99999995282
0;5191451365586;20;phasez;-1.52375;-1.5258;-1.52682;-1.52818;-1.52928;-1.53077;-1.53116;-1.53186;-1.53252;-1.5331;-1.53349;-1.53392;-1.53414;-1.53418;-1.53389;-1.53314;-1.53174;-1.52944;-1.52591;-1.52071
1;5192221360572;50;absz;7.83755e+06;6.69786e+06;5.72484e+06;4.89865e+06;4.18482e+06;3.58236e+06;3.06609e+06;2.62177e+06;2.24271e+06;1.91812e+06;1.64005e+06;1.40298e+06;1.19996e+06;1.02596e+06;877305;750163;641452;548460;468921;400914;342769;293036;250523;214165;183087;156511;133793;114367;97758.9;83563.6;71426.1;61050.7;52181.5;44599.9;38118.7;32578;27841.9;23793;20331.7;17372;14841.6;12677.5;10826.3;9242.56;7887.18;6726.75;5732.43;4879.71;4147.75;3518.53
1;5192221360572;50;frequency;199.9999999213742;234.625769479635;275.2462588517801;322.8993264769997;378.802514688914;444.3841576318164;521.3198749487447;611.5753842550475;717.456725922716;841.6691823498468;987.3863981368913;1158.33146786315;1358.872060208682;1594.132014446359;1870.122253535556;2193.894364737048;2573.720768452858;3019.306079821149;3542.035062906734;4155.263512473084;4874.659497176026;5718.603679767398;6708.658946337209;7870.121340545211;9232.666380967203;10831.10727442716;12706.28439819177;14906.10877695531;17486.78621595445;20514.25336674129;24065.86241733066;28232.35745111674;33120.19296963342;38854.25382030405;45581.04601983359;53472.44000269313;62730.06193403319;73590.44528463698;86331.07429211862;101277.4737211686;118811.5260634959;139381.228686517;163512.140226203;191820.8086789974;225030.524286467;263989.7996954232;309694.0495706946;363311.0235703185;426210.642505751;499999.9999999716
1;5192221360572;50;phasez;-1.53458;-1.53388;-1.53461;-1.53651;-1.53512;-1.53607;-1.53637;-1.53649;-1.53697;-1.5376;-1.538;-1.53808;-1.5384;-1.53886;-1.53907;-1.53936;-1.53958;-1.5398;-1.53994;-1.54001;-1.54009;-1.54017;-1.54017;-1.54008;-1.53995;-1.53977;-1.53947;-1.53909;-1.5386;-1.53799;-1.5372;-1.53625;-1.5351;-1.53372;-1.53208;-1.53014;-1.52782;-1.52509;-1.52185;-1.51802;-1.51351;-1.50819;-1.50191;-1.4945;-1.48572;-1.47535;-1.46305;-1.44841;-1.43092;-1.4099
2;5192995566084;50;absz;86097.2;77053.4;68989.8;61733.9;55250.2;49451.7;44254.5;39606.5;35447.9;31722.8;28385.8;25404.2;22736.2;20347.1;18209.1;16295.7;14583.7;13052;11680.5;10453;9354.3;8371.49;7491.21;6703.79;5998.7;5367.93;4803.21;4297.71;3845.31;3440.28;3077.79;2753.17;2462.72;2202.62;1969.82;1761.38;1574.73;1407.63;1257.98;1123.99;1004;896.558;800.376;714.274;637.327;568.595;507.314;452.884;404.771;362.653
2;5192995566084;50;frequency;20000.00000002444;22385.53853899816;25055.61678390222;28044.17375656954;31389.19662092121;35133.2035329932;39323.78408414649;44014.2042055669;49264.08322518227;55140.1516811012;61717.09952482729;69078.52549602467;77317.99973512921;86540.25314108083;96862.50859274992;108415.9709538568;121347.4948009008;135821.4510731415;152021.8163702936;170154.5114554648;190450.0186878266;213166.3116533389;238592.1342356312;267050.6708003728;298903.6541519141;334555.9634717432;374460.7706856584;419125.3006744233;469117.2785435782;525072.1459047724;587701.13789258;657800.3235824071;736260.7247225839;824079.6413975459;922373.3285811875;1032391.184709951;1155531.632626961;1293359.894754076;1447627.888434013;1620296.494325686;1813560.480908265;2029876.401899315;2271993.821195295;2542990.262224833;2846310.325953354;3185809.474764127;3565803.038745301;3991121.067296888;4467169.723268114;4999999.999999929
2;5192995566084;50;phasez;-1.5414;-1.54156;-1.54137;-1.54097;-1.54075;-1.53994;-1.53958;-1.53876;-1.53804;-1.53722;-1.53627;-1.53505;-1.53381;-1.53223;-1.53051;-1.52864;-1.52647;-1.52402;-1.52126;-1.51823;-1.51478;-1.5109;-1.5066;-1.50178;-1.49637;-1.49028;-1.48348;-1.47583;-1.46727;-1.45764;-1.44685;-1.43474;-1.42115;-1.40588;-1.38872;-1.36942;-1.34771;-1.3233;-1.2958;-1.26481;-1.22984;-1.19034;-1.14568;-1.09502;-1.03749;-0.972075;-0.897439;-0.812131;-0.714429;-0.602364
3;5193312191102;20;absz;17729;14476.8;11817.1;9648.13;7877.63;6430.12;5249.22;4284.12;3496.29;2852.79;2326.78;1896.95;1546.01;1258.97;1024.36;832.541;675.8;548.024;444.464;361.756
3;5193312191102;20;frequency;99999.99999990905;122862.535599424;150952.0265389597;185463.4873444638;227865.1431623047;279960.8926363817;343967.05137965;422606.6409511731;519225.2346839865;637933.2888043621;783781.0140572543;962973.2274171232;1183133.324347452;1453627.601814205;1785963.729760951;2194280.323268956;2695948.443325946;3312310.615921419;4069588.809647371;4999999.999999929
3;5193312191102;20;phasez;-1.52961;-1.52646;-1.52232;-1.51719;-1.5109;-1.50307;-1.4934;-1.48144;-1.4666;-1.44822;-1.42546;-1.39725;-1.36224;-1.31872;-1.26451;-1.19669;-1.11136;-1.00336;-0.865446;-0.688045
