0;5565276882044;20;absz;1.43828e+08;1.04698e+08;7.61794e+07;5.54013e+07;4.03039e+07;2.93012e+07;2.13108e+07;1.54918e+07;1.12603e+07;8.18325e+06;5.94642e+06;4.32037e+06;3.1385e+06;2.2795e+06;1.65537e+06;1.2019e+06;872531;633311;459615;333481
0;5565276882044;20;frequency;9.999999974752427;13.86918846435492;19.23543905490988;26.67799336109056;37.00021196095804;51.31629158938722;71.17153245417285;98.70914048804025;136.9015682683994;189.8713664161278;263.3361782500288;365.2259113806622;506.5387032487934;702.5280792305466;974.3494403835484;1351.343611730726;1874.203936580443;2599.368780806799;3605.113577052066;4999.99999995282
0;5565276882044;20;phasez;-1.52227;-1.52369;-1.52555;-1.52711;-1.52813;-1.52903;-1.53006;-1.53083;-1.53158;-1.53216;-1.5326;-1.53297;-1.53316;-1.53314;-1.53277;-1.53199;-1.53051;-1.5282;-1.52471;-1.51956
1;5566046616885;50;absz;7.70164e+06;6.59354e+06;5.64855e+06;4.82568e+06;4.135e+06;3.53619e+06;3.02534e+06;2.58768e+06;2.2141e+06;1.89359e+06;1.61942e+06;1.38521e+06;1.18484e+06;1.01314e+06;866643;741122;633796;542000;463460;396305;338867;289739;247737;211807;181093;154824;132365;113158;96734.7;82696.6;70691.6;60428.9;51656;44154.8;37741.9;32259.6;27572.3;23564.5;20138.1;17207.8;14702.2;12559.1;10726.2;9157.56;7815.14;6665.7;5680.8;4836.19;4111.07;3487.64
1;5566046616885;50;frequency;199.9999999213742;234.625769479635;275.2462588517801;322.8993264769997;378.802514688914;444.3841576318164;521.3198749487447;611.5753842550475;717.456725922716;841.6691823498468;987.3863981368913;1158.33146786315;1358.872060208682;1594.132014446359;1870.122253535556;2193.894364737048;2573.720768452858;3019.306079821149;3542.035062906734;4155.263512473084;4874.659497176026;5718.603679767398;6708.658946337209;7870.121340545211;9232.666380967203;10831.10727442716;12706.28439819177;14906.10877695531;17486.78621595445;20514.25336674129;24065.86241733066;28232.35745111674;33120.19296963342;38854.25382030405;45581.04601983359;53472.44000269313;62730.06193403319;73590.44528463698;86331.07429211862;101277.4737211686;118811.5260634959;139381.228686517;163512.140226203;191820.8086789974;225030.524286467;263989.7996954232;309694.0495706946;363311.0235703185;426210.642505751;499999.9999999716
1;5566046616885;50;phasez;-1.53169;-1.53357;-1.53278;-1.53289;-1.53494;-1.53468;-1.53543;-1.53571;-1.53557;-1.53641;-1.53675;-1.53673;-1.53718;-1.53766;-1.53783;-1.53808;-1.53833;-1.53851;-1.53865;-1.53887;-1.53897;-1.539;-1.53904;-1.539;-1.5389;-1.5387;-1.53843;-1.53805;-1.53757;-1.53694;-1.53619;-1.53526;-1.53412;-1.53276;-1.53114;-1.52923;-1.52695;-1.52423;-1.52102;-1.51722;-1.51273;-1.50741;-1.50114;-1.49373;-1.48496;-1.47457;-1.46226;-1.4476;-1.4301;-1.40907
2;5566814917195;50;absz;85215.1;76257.8;68268;61104.9;54703.4;48949.5;43816.4;39218.5;35103.2;31413.5;28114.3;25163;22521.2;20155.5;18037.3;16143.4;14448.8;12931;11572.7;10357.2;9269.03;8295.15;7423.47;6643.15;5945.01;5320.17;4760.65;4259.81;3811.63;3410.31;3051.21;2729.61;2441.73;2183.97;1953.24;1746.68;1561.66;1396.01;1247.65;1114.82;995.849;889.332;793.954;708.566;632.27;564.082;503.282;449.28;401.548;359.751
2;5566814917195;50;frequency;20000.00000002444;22385.53853899816;25055.61678390222;28044.17375656954;31389.19662092121;35133.2035329932;39323.78408414649;44014.2042055669;49264.08322518227;55140.1516811012;61717.09952482729;69078.52549602467;77317.99973512921;86540.25314108083;96862.50859274992;108415.9709538568;121347.4948009008;135821.4510731415;152021.8163702936;170154.5114554648;190450.0186878266;213166.3116533389;238592.1342356312;267050.6708003728;298903.6541519141;334555.9634717432;374460.7706856584;419125.3006744233;469117.2785435782;525072.1459047724;587701.13789258;657800.3235824071;736260.7247225839;824079.6413975459;922373.3285811875;1032391.184709951;1155531.632626961;1293359.894754076;1447627.888434013;1620296.494325686;1813560.480908265;2029876.401899315;2271993.821195295;2542990.262224833;2846310.325953354;3185809.474764127;3565803.038745301;3991121.067296888;4467169.723268114;4999999.999999929
2;5566814917195;50;phasez;-1.54082;-1.54046;-1.5402;-1.54016;-1.53949;-1.53911;-1.53852;-1.53788;-1.53718;-1.53631;-1.53545;-1.53415;-1.53291;-1.5314;-1.52972;-1.52781;-1.52569;-1.5232;-1.52047;-1.51747;-1.51404;-1.51015;-1.50588;-1.50101;-1.49558;-1.48948;-1.48268;-1.47502;-1.46645;-1.45682;-1.44601;-1.43389;-1.42028;-1.40499;-1.38781;-1.36851;-1.34679;-1.32236;-1.29485;-1.26384;-1.22884;-1.18934;-1.14464;-1.09397;-1.03642;-0.970969;-0.896289;-0.810941;-0.713176;-0.601036
3;5567131103789;20;absz;17563.3;14342.6;11709.1;9559.83;7806.36;6372.64;5202.55;4246.6;3466;2828.3;2307.13;1881.12;1533.23;1248.71;1016.11;825.888;670.427;543.695;440.948;358.873
3;5567131103789;20;frequency;99999.99999990905;122862.535599424;150952.0265389597;185463.4873444638;227865.1431623047;279960.8926363817;343967.05137965;422606.6409511731;519225.2346839865;637933.2888043621;783781.0140572543;962973.2274171232;1183133.324347452;1453627.601814205;1785963.729760951;2194280.323268956;2695948.443325946;3312310.615921419;4069588.809647371;4999999.999999929
3;5567131103789;20;phasez;-1.5289;-1.52561;-1.52144;-1.51646;-1.51012;-1.50234;-1.49264;-1.48062;-1.46576;-1.44735;-1.42456;-1.39634;-1.3613;-1.31777;-1.26352;-1.19567;-1.11029;-1.00223;-0.864235;-0.686724
