0;5492747693898;20;absz;1.44146e+08;1.04944e+08;7.63996e+07;5.55455e+07;4.04116e+07;2.93715e+07;2.13627e+07;1.55299e+07;1.1288e+07;8.20328e+06;5.96062e+06;4.3305e+06;3.14571e+06;2.28465e+06;1.659e+06;1.20446e+06;874348;634600;460541;334158
0;5492747693898;20;frequency;9.999999974752427;13.86918846435492;19.23543905490988;26.67799336109056;37.00021196095804;51.31629158938722;71.17153245417285;98.70914048804025;136.9015682683994;189.8713664161278;263.3361782500288;365.2259113806622;506.5387032487934;702.5280792305466;974.3494403835484;1351.343611730726;1874.203936580443;2599.368780806799;3605.113577052066;4999.99999995282
0;5492747693898;20;phasez;-1.52277;-1.52381;-1.52545;-1.52694;-1.52837;-1.52968;-1.53026;-1.53106;-1.53174;-1.53232;-1.53281;-1.53316;-1.53337;-1.53334;-1.533;-1.53221;-1.53073;-1.5284;-1.52488;-1.51973
1;5493519853595;50;absz;7.74287e+06;6.61499e+06;5.67164e+06;4.84309e+06;4.14613e+06;3.54251e+06;3.03282e+06;2.59385e+06;2.21928e+06;1.89756e+06;1.62317e+06;1.38832e+06;1.18745e+06;1.01553e+06;868550;742719;635120;543138;464434;397105;339537;290308;248217;212226;181442;155119;132614;113370;96917.4;82849.6;70822.9;60540.5;51751.5;44235.7;37810.7;32317.8;27621.3;23606.4;20173.5;17238.2;14727.7;12580.9;10744.5;9173.22;7828.47;6677;5690.32;4844.26;4117.81;3493.29
1;5493519853595;50;frequency;199.9999999213742;234.625769479635;275.2462588517801;322.8993264769997;378.802514688914;444.3841576318164;521.3198749487447;611.5753842550475;717.456725922716;841.6691823498468;987.3863981368913;1158.33146786315;1358.872060208682;1594.132014446359;1870.122253535556;2193.894364737048;2573.720768452858;3019.306079821149;3542.035062906734;4155.263512473084;4874.659497176026;5718.603679767398;6708.658946337209;7870.121340545211;9232.666380967203;10831.10727442716;12706.28439819177;14906.10877695531;17486.78621595445;20514.25336674129;24065.86241733066;28232.35745111674;33120.19296963342;38854.25382030405;45581.04601983359;53472.44000269313;62730.06193403319;73590.44528463698;86331.07429211862;101277.4737211686;118811.5260634959;139381.228686517;163512.140226203;191820.8086789974;225030.524286467;263989.7996954232;309694.0495706946;363311.0235703185;426210.642505751;499999.9999999716
1;5493519853595;50;phasez;-1.53279;-1.53469;-1.53517;-1.5341;-1.53506;-1.53441;-1.53618;-1.53573;-1.5362;-1.53654;-1.53697;-1.53728;-1.53768;-1.53772;-1.53811;-1.53829;-1.53853;-1.53876;-1.5389;-1.53903;-1.53912;-1.53918;-1.53919;-1.53914;-1.53903;-1.53884;-1.53856;-1.53818;-1.53769;-1.53709;-1.53633;-1.5354;-1.53426;-1.53291;-1.53129;-1.52936;-1.52707;-1.52436;-1.52114;-1.51734;-1.51285;-1.50754;-1.50127;-1.49386;-1.48509;-1.47472;-1.46241;-1.44777;-1.43028;-1.40925
2;5494288672666;50;absz;85359.8;76420.6;68395.6;61215.6;54791.4;49046.7;43896.3;39286.1;35166.9;31470.6;28167.5;25208.6;22559.9;20190.4;18068.9;16171;14473.3;12952.6;11592.1;10374.4;9284.29;8308.95;7435.91;6654.48;5954.91;5328.97;4768.41;4266.78;3817.71;3415.73;3056.01;2733.9;2445.52;2187.37;1956.2;1749.31;1563.99;1398.06;1249.49;1116.44;997.287;890.599;795.072;709.565;633.143;564.867;503.986;449.904;402.106;360.254
2;5494288672666;50;frequency;20000.00000002444;22385.53853899816;25055.61678390222;28044.17375656954;31389.19662092121;35133.2035329932;39323.78408414649;44014.2042055669;49264.08322518227;55140.1516811012;61717.09952482729;69078.52549602467;77317.99973512921;86540.25314108083;96862.50859274992;108415.9709538568;121347.4948009008;135821.4510731415;152021.8163702936;170154.5114554648;190450.0186878266;213166.3116533389;238592.1342356312;267050.6708003728;298903.6541519141;334555.9634717432;374460.7706856584;419125.3006744233;469117.2785435782;525072.1459047724;587701.13789258;657800.3235824071;736260.7247225839;824079.6413975459;922373.3285811875;1032391.184709951;1155531.632626961;1293359.894754076;1447627.888434013;1620296.494325686;1813560.480908265;2029876.401899315;2271993.821195295;2542990.262224833;2846310.325953354;3185809.474764127;3565803.038745301;3991121.067296888;4467169.723268114;4999999.999999929
2;5494288672666;50;phasez;-1.54086;-1.5406;-1.54028;-1.53983;-1.53961;-1.53922;-1.53864;-1.53804;-1.5373;-1.53651;-1.5355;-1.53433;-1.53308;-1.5315;-1.52985;-1.52797;-1.52578;-1.52339;-1.52067;-1.51757;-1.51418;-1.51034;-1.50601;-1.50116;-1.49574;-1.48967;-1.48284;-1.47519;-1.46663;-1.457;-1.4462;-1.43408;-1.42048;-1.40519;-1.38802;-1.36872;-1.34701;-1.32258;-1.29507;-1.26407;-1.22909;-1.18958;-1.14489;-1.09422;-1.03667;-0.971236;-0.896577;-0.811233;-0.713488;-0.60136
3;5494606234202;20;absz;17594.2;14367.9;11729.1;9576.81;7819.69;6383.36;5211.22;4253.8;3471.62;2832.94;2310.75;1884.1;1535.61;1250.58;1017.6;827.08;671.405;544.472;441.571;359.384
3;5494606234202;20;frequency;99999.99999990905;122862.535599424;150952.0265389597;185463.4873444638;227865.1431623047;279960.8926363817;343967.05137965;422606.6409511731;519225.2346839865;637933.2888043621;783781.0140572543;962973.2274171232;1183133.324347452;1453627.601814205;1785963.729760951;2194280.323268956;2695948.443325946;3312310.615921419;4069588.809647371;4999999.999999929
3;5494606234202;20;phasez;-1.52901;-1.52573;-1.52166;-1.51657;-1.5103;-1.50246;-1.49278;-1.48079;-1.46595;-1.44754;-1.42477;-1.39654;-1.36153;-1.31799;-1.26375;-1.19591;-1.11054;-1.0025;-0.864516;-0.687029
