0;5294661101820;20;absz;1.45394e+08;1.05775e+08;7.69804e+07;5.59877e+07;4.07165e+07;2.96265e+07;2.15215e+07;1.56458e+07;1.13702e+07;8.26246e+06;6.00307e+06;4.36086e+06;3.1676e+06;2.30034e+06;1.67029e+06;1.21259e+06;880127;638718;463445;336210
0;5294661101820;20;frequency;9.999999974752427;13.86918846435492;19.23543905490988;26.67799336109056;37.00021196095804;51.31629158938722;71.17153245417285;98.70914048804025;136.9015682683994;189.8713664161278;263.3361782500288;365.2259113806622;506.5387032487934;702.5280792305466;974.3494403835484;1351.343611730726;1874.203936580443;2599.368780806799;3605.113577052066;4999.99999995282
0;5294661101820;20;phasez;-1.52357;-1.525;-1.52684;-1.5281;-1.52882;-1.53008;-1.53084;-1.53157;-1.53227;-1.53281;-1.53324;-1.53363;-1.53384;-1.53382;-1.53348;-1.53269;-1.53129;-1.529;-1.5255;-1.52033
1;5295431100564;50;absz;7.78196e+06;6.66487e+06;5.70591e+06;4.87571e+06;4.17331e+06;3.56684e+06;3.05408e+06;2.61229e+06;2.23292e+06;1.91035e+06;1.63443e+06;1.39778e+06;1.19536e+06;1.02219e+06;874151;747560;639192;546572;467374;399592;341624;292090;249719;213487;182514;156027;133382;114020;97465.6;83316.1;71216.4;60873.7;52031.8;44473.4;38012;32488.4;27765.8;23728.6;20276.6;17325.5;14802;12643.9;10797.9;9218.42;7866.66;6709.41;5717.81;4867.47;4137.44;3509.8
1;5295431100564;50;frequency;199.9999999213742;234.625769479635;275.2462588517801;322.8993264769997;378.802514688914;444.3841576318164;521.3198749487447;611.5753842550475;717.456725922716;841.6691823498468;987.3863981368913;1158.33146786315;1358.872060208682;1594.132014446359;1870.122253535556;2193.894364737048;2573.720768452858;3019.306079821149;3542.035062906734;4155.263512473084;4874.659497176026;5718.603679767398;6708.658946337209;7870.121340545211;9232.666380967203;10831.10727442716;12706.28439819177;14906.10877695531;17486.78621595445;20514.25336674129;24065.86241733066;28232.35745111674;33120.19296963342;38854.25382030405;45581.04601983359;53472.44000269313;62730.06193403319;73590.44528463698;86331.07429211862;101277.4737211686;118811.5260634959;139381.228686517;163512.140226203;191820.8086789974;225030.524286467;263989.7996954232;309694.0495706946;363311.0235703185;426210.642505751;499999.9999999716
1;5295431100564;50;phasez;-1.53626;-1.53382;-1.53422;-1.53533;-1.53651;-1.53572;-1.53614;-1.5367;-1.53675;-1.53714;-1.53733;-1.53775;-1.53794;-1.53831;-1.53867;-1.53885;-1.53914;-1.53932;-1.53948;-1.53962;-1.53973;-1.53976;-1.53978;-1.53974;-1.53961;-1.53943;-1.53914;-1.53876;-1.53827;-1.53763;-1.53687;-1.53594;-1.5348;-1.53342;-1.53179;-1.52986;-1.52755;-1.52483;-1.5216;-1.51778;-1.51328;-1.50796;-1.50169;-1.49427;-1.48551;-1.47513;-1.46283;-1.44819;-1.43069;-1.40968
2;5296202185211;50;absz;85859.1;76848.3;68769;61556.3;55100.8;49307.1;44136.3;39501.6;35350.3;31637;28313.2;25338;22675.2;20292.7;18161.3;16253.4;14545.7;13018.1;11650.1;10425.9;9330.57;8349.75;7472.15;6686.54;5983.61;5354.42;4791.2;4286.99;3835.66;3431.73;3070.18;2746.46;2456.72;2197.29;1965.11;1757.16;1571.02;1404.29;1255;1121.35;1001.66;894.486;798.544;712.644;635.877;567.303;506.15;451.843;403.85;361.817
2;5296202185211;50;frequency;20000.00000002444;22385.53853899816;25055.61678390222;28044.17375656954;31389.19662092121;35133.2035329932;39323.78408414649;44014.2042055669;49264.08322518227;55140.1516811012;61717.09952482729;69078.52549602467;77317.99973512921;86540.25314108083;96862.50859274992;108415.9709538568;121347.4948009008;135821.4510731415;152021.8163702936;170154.5114554648;190450.0186878266;213166.3116533389;238592.1342356312;267050.6708003728;298903.6541519141;334555.9634717432;374460.7706856584;419125.3006744233;469117.2785435782;525072.1459047724;587701.13789258;657800.3235824071;736260.7247225839;824079.6413975459;922373.3285811875;1032391.184709951;1155531.632626961;1293359.894754076;1447627.888434013;1620296.494325686;1813560.480908265;2029876.401899315;2271993.821195295;2542990.262224833;2846310.325953354;3185809.474764127;3565803.038745301;3991121.067296888;4467169.723268114;4999999.999999929
2;5296202185211;50;phasez;-1.54129;-1.54116;-1.54086;-1.54052;-1.54024;-1.53979;-1.53921;-1.53849;-1.53784;-1.53686;-1.53607;-1.53482;-1.53344;-1.53197;-1.53024;-1.5284;-1.5262;-1.52381;-1.52108;-1.51799;-1.5146;-1.51075;-1.50639;-1.50158;-1.49614;-1.49007;-1.48326;-1.47562;-1.46705;-1.45742;-1.44663;-1.43452;-1.42092;-1.40564;-1.38846;-1.36918;-1.34747;-1.32305;-1.29555;-1.26455;-1.22958;-1.19007;-1.14539;-1.09474;-1.03719;-0.971778;-0.89713;-0.811808;-0.714091;-0.602001
3;5296518739391;20;absz;17681.5;14438.9;11787.8;9623.35;7857.77;6414.13;5236.18;4273.67;3487.77;2845.91;2321.23;1892.52;1542.43;1256.1;1022.01;830.648;674.276;546.787;443.463;360.935
3;5296518739391;20;frequency;99999.99999990905;122862.535599424;150952.0265389597;185463.4873444638;227865.1431623047;279960.8926363817;343967.05137965;422606.6409511731;519225.2346839865;637933.2888043621;783781.0140572543;962973.2274171232;1183133.324347452;1453627.601814205;1785963.729760951;2194280.323268956;2695948.443325946;3312310.615921419;4069588.809647371;4999999.999999929
3;5296518739391;20;phasez;-1.52938;-1.52613;-1.52214;-1.51696;-1.51072;-1.50287;-1.49318;-1.48119;-1.46636;-1.44799;-1.42521;-1.397;-1.36199;-1.31847;-1.26424;-1.19641;-1.11106;-1.00305;-0.865111;-0.687666
