0;6580739911644;20;absz;1.39673e+08;1.01786e+08;7.41546e+07;5.39518e+07;3.9273e+07;2.8585e+07;2.07837e+07;1.51181e+07;1.09937e+07;7.99217e+06;5.80944e+06;4.22219e+06;3.06817e+06;2.22921e+06;1.61938e+06;1.17616e+06;854113;620153;450177;326733
0;6580739911644;20;frequency;9.999999974752427;13.86918846435492;19.23543905490988;26.67799336109056;37.00021196095804;51.31629158938722;71.17153245417285;98.70914048804025;136.9015682683994;189.8713664161278;263.3361782500288;365.2259113806622;506.5387032487934;702.5280792305466;974.3494403835484;1351.343611730726;1874.203936580443;2599.368780806799;3605.113577052066;4999.99999995282
0;6580739911644;20;phasez;-1.51683;-1.51926;-1.5213;-1.5235;-1.52497;-1.52592;-1.52728;-1.52848;-1.52934;-1.53015;-1.53073;-1.53119;-1.53143;-1.53143;-1.53112;-1.53035;-1.52898;-1.52673;-1.52329;-1.51818
1;6581508038995;50;absz;7.53042e+06;6.44093e+06;5.51393e+06;4.72012e+06;4.0406e+06;3.45577e+06;2.95603e+06;2.53037e+06;2.16497e+06;1.85218e+06;1.58463e+06;1.35555e+06;1.15954e+06;991704;848369;725665;620664;530854;454004;388236;332011;283917;242778;207597;177512;151778;129775;110958;94870.9;81113.6;69353.1;59295.3;50695.4;43342.9;37054.9;31678.1;27080.1;23147.9;19785.2;16909.5;14449.4;12344.9;10544.4;9003.55;7684.67;6555.24;5587.25;4757.06;4044.28;3431.37
1;6581508038995;50;frequency;199.9999999213742;234.625769479635;275.2462588517801;322.8993264769997;378.802514688914;444.3841576318164;521.3198749487447;611.5753842550475;717.456725922716;841.6691823498468;987.3863981368913;1158.33146786315;1358.872060208682;1594.132014446359;1870.122253535556;2193.894364737048;2573.720768452858;3019.306079821149;3542.035062906734;4155.263512473084;4874.659497176026;5718.603679767398;6708.658946337209;7870.121340545211;9232.666380967203;10831.10727442716;12706.28439819177;14906.10877695531;17486.78621595445;20514.25336674129;24065.86241733066;28232.35745111674;33120.19296963342;38854.25382030405;45581.04601983359;53472.44000269313;62730.06193403319;73590.44528463698;86331.07429211862;101277.4737211686;118811.5260634959;139381.228686517;163512.140226203;191820.8086789974;225030.524286467;263989.7996954232;309694.0495706946;363311.0235703185;426210.642505751;499999.9999999716
1;6581508038995;50;phasez;-1.53441;-1.53302;-1.53315;-1.53208;-1.53297;-1.53291;-1.53337;-1.53405;-1.53424;-1.53453;-1.53483;-1.53519;-1.53568;-1.53601;-1.5364;-1.53654;-1.53696;-1.5371;-1.53733;-1.53747;-1.53754;-1.53765;-1.53768;-1.53762;-1.53751;-1.5373;-1.537;-1.5366;-1.53607;-1.53544;-1.53464;-1.53367;-1.53251;-1.53114;-1.52951;-1.5276;-1.52533;-1.52263;-1.51945;-1.51568;-1.51122;-1.50594;-1.49969;-1.49229;-1.48353;-1.47314;-1.46082;-1.44614;-1.42861;-1.40754
2;6582276321744;50;absz;83583;74821.6;66983.4;59964.4;53679.6;48060.7;43014.6;38503.1;34459.9;30847.4;27613.7;24716.4;22124.3;19802.6;17725;15864.7;14200.8;12709.9;11376.3;10182.7;9113.38;8156.66;7300.1;6533.57;5847.22;5232.98;4683.08;4190.83;3750.19;3355.64;3002.52;2686.35;2403.27;2149.84;1922.92;1719.69;1537.7;1374.73;1228.79;1098.07;980.983;876.112;782.222;698.146;622.97;555.814;495.915;442.691;395.65;354.435
2;6582276321744;50;frequency;20000.00000002444;22385.53853899816;25055.61678390222;28044.17375656954;31389.19662092121;35133.2035329932;39323.78408414649;44014.2042055669;49264.08322518227;55140.1516811012;61717.09952482729;69078.52549602467;77317.99973512921;86540.25314108083;96862.50859274992;108415.9709538568;121347.4948009008;135821.4510731415;152021.8163702936;170154.5114554648;190450.0186878266;213166.3116533389;238592.1342356312;267050.6708003728;298903.6541519141;334555.9634717432;374460.7706856584;419125.3006744233;469117.2785435782;525072.1459047724;587701.13789258;657800.3235824071;736260.7247225839;824079.6413975459;922373.3285811875;1032391.184709951;1155531.632626961;1293359.894754076;1447627.888434013;1620296.494325686;1813560.480908265;2029876.401899315;2271993.821195295;2542990.262224833;2846310.325953354;3185809.474764127;3565803.038745301;3991121.067296888;4467169.723268114;4999999.999999929
2;6582276321744;50;phasez;-1.53906;-1.53892;-1.53868;-1.5385;-1.53811;-1.53732;-1.53695;-1.53623;-1.53554;-1.53467;-1.53379;-1.5326;-1.53137;-1.52977;-1.52816;-1.52626;-1.5242;-1.52176;-1.51901;-1.51602;-1.5126;-1.50874;-1.50445;-1.49959;-1.49415;-1.48806;-1.48123;-1.47355;-1.46495;-1.4553;-1.44446;-1.43229;-1.41866;-1.40333;-1.38612;-1.36679;-1.34504;-1.32056;-1.29302;-1.26196;-1.22693;-1.18737;-1.14261;-1.09189;-1.03425;-0.968701;-0.893924;-0.808441;-0.710536;-0.598214
3;6582594099301;20;absz;17258.6;14097.4;11511.5;9400.24;7677.16;6267.81;5117.9;4178.15;3410.63;2783.66;2271.06;1852.07;1509.84;1229.88;1000.95;813.694;660.601;535.753;434.503;353.596
3;6582594099301;20;frequency;99999.99999990905;122862.535599424;150952.0265389597;185463.4873444638;227865.1431623047;279960.8926363817;343967.05137965;422606.6409511731;519225.2346839865;637933.2888043621;783781.0140572543;962973.2274171232;1183133.324347452;1453627.601814205;1785963.729760951;2194280.323268956;2695948.443325946;3312310.615921419;4069588.809647371;4999999.999999929
3;6582594099301;20;phasez;-1.52724;-1.52413;-1.52004;-1.51496;-1.50872;-1.50089;-1.49119;-1.47913;-1.46424;-1.44578;-1.42292;-1.39463;-1.35953;-1.31592;-1.26158;-1.19363;-1.10814;-0.999902;-0.861683;-0.683871
