0;624812984506;20;absz;2.34841e+08;1.69896e+08;1.2281e+08;8.88809e+07;6.42698e+07;4.65371e+07;3.36403e+07;2.43383e+07;1.76076e+07;1.2739e+07;9.21864e+06;6.67094e+06;4.82751e+06;3.49343e+06;2.52796e+06;1.82926e+06;1.32362e+06;957743;693008;501447
0;624812984506;20;frequency;9.999999974752427;13.86918846435492;19.23543905490988;26.67799336109056;37.00021196095804;51.31629158938722;71.17153245417285;98.70914048804025;136.9015682683994;189.8713664161278;263.3361782500288;365.2259113806622;506.5387032487934;702.5280792305466;974.3494403835484;1351.343611730726;1874.203936580443;2599.368780806799;3605.113577052066;4999.99999995282
0;624812984506;20;phasez;-1.55593;-1.55543;-1.55584;-1.55522;-1.55461;-1.55486;-1.55432;-1.55398;-1.55363;-1.55328;-1.55277;-1.55216;-1.55149;-1.55063;-1.54953;-1.54798;-1.54579;-1.54272;-1.53844;-1.5325
1;625581811775;50;absz;1.20129e+07;1.02016e+07;8.73553e+06;7.47552e+06;6.37797e+06;5.44655e+06;4.65074e+06;3.97131e+06;3.39269e+06;2.89656e+06;2.47346e+06;2.112e+06;1.80265e+06;1.53982e+06;1.31462e+06;1.12252e+06;958451;818488;698862;596763;509571;435131;371553;317280;270944;231370;197588;168738;144105;123072;105108;89770.2;76670.8;65484.6;55930.1;47769.4;40798.8;34844.2;29757.3;25411.9;21698.4;18524.8;15812.2;13492.7;11509;9811.8;8358.44;7112.9;6044.33;5126.08
1;625581811775;50;frequency;199.9999999213742;234.625769479635;275.2462588517801;322.8993264769997;378.802514688914;444.3841576318164;521.3198749487447;611.5753842550475;717.456725922716;841.6691823498468;987.3863981368913;1158.33146786315;1358.872060208682;1594.132014446359;1870.122253535556;2193.894364737048;2573.720768452858;3019.306079821149;3542.035062906734;4155.263512473084;4874.659497176026;5718.603679767398;6708.658946337209;7870.121340545211;9232.666380967203;10831.10727442716;12706.28439819177;14906.10877695531;17486.78621595445;20514.25336674129;24065.86241733066;28232.35745111674;33120.19296963342;38854.25382030405;45581.04601983359;53472.44000269313;62730.06193403319;73590.44528463698;86331.07429211862;101277.4737211686;118811.5260634959;139381.228686517;163512.140226203;191820.8086789974;225030.524286467;263989.7996954232;309694.0495706946;363311.0235703185;426210.642505751;499999.9999999716
1;625581811775;50;phasez;-1.55637;-1.55201;-1.5548;-1.55406;-1.55454;-1.55333;-1.55348;-1.55354;-1.55357;-1.55376;-1.55373;-1.55312;-1.55329;-1.55334;-1.55326;-1.55313;-1.55284;-1.55271;-1.55252;-1.55228;-1.55197;-1.55163;-1.5513;-1.55085;-1.55035;-1.54978;-1.54913;-1.54836;-1.54748;-1.5465;-1.54534;-1.54404;-1.54255;-1.54084;-1.53887;-1.53661;-1.53399;-1.53095;-1.52743;-1.52332;-1.51852;-1.5129;-1.50631;-1.49857;-1.48948;-1.47876;-1.46608;-1.45106;-1.43317;-1.41174
2;626350015691;50;absz;126892;113494;101506;90803;81211.2;72669.9;64970.5;58122.1;51992.9;46510.6;41603.4;37215.5;33295.4;29782.3;26638.9;23832.8;21320;19072.3;17062.6;15265.5;13656.4;12216.5;10929.6;9777.98;8747.93;7825.86;7001.16;6263.17;5603;5012.33;4483.83;4010.8;3587.63;3208.9;2870.09;2566.84;2295.49;2052.59;1835.28;1640.82;1466.84;1311.17;1171.93;1047.46;936.394;837.339;749.268;671.345;602.795;543.214
2;626350015691;50;frequency;20000.00000002444;22385.53853899816;25055.61678390222;28044.17375656954;31389.19662092121;35133.2035329932;39323.78408414649;44014.2042055669;49264.08322518227;55140.1516811012;61717.09952482729;69078.52549602467;77317.99973512921;86540.25314108083;96862.50859274992;108415.9709538568;121347.4948009008;135821.4510731415;152021.8163702936;170154.5114554648;190450.0186878266;213166.3116533389;238592.1342356312;267050.6708003728;298903.6541519141;334555.9634717432;374460.7706856584;419125.3006744233;469117.2785435782;525072.1459047724;587701.13789258;657800.3235824071;736260.7247225839;824079.6413975459;922373.3285811875;1032391.184709951;1155531.632626961;1293359.894754076;1447627.888434013;1620296.494325686;1813560.480908265;2029876.401899315;2271993.821195295;2542990.262224833;2846310.325953354;3185809.474764127;3565803.038745301;3991121.067296888;4467169.723268114;4999999.999999929
2;626350015691;50;phasez;-1.55034;-1.54963;-1.54913;-1.54851;-1.54786;-1.54733;-1.54642;-1.54551;-1.5448;-1.54364;-1.54234;-1.54106;-1.53947;-1.53791;-1.53596;-1.53384;-1.53138;-1.52873;-1.5258;-1.52256;-1.51894;-1.51483;-1.5103;-1.50521;-1.49952;-1.49317;-1.48611;-1.47819;-1.46934;-1.45942;-1.44836;-1.43593;-1.422;-1.40641;-1.38893;-1.36932;-1.34729;-1.32255;-1.29474;-1.26343;-1.22818;-1.1884;-1.14346;-1.09262;-1.03484;-0.969321;-0.894635;-0.809377;-0.711884;-0.600234
3;626669290933;20;absz;25937.2;21164.4;17271.5;14093.3;11497.5;9379.92;7653.89;6243.82;5094.2;4155.62;3389.71;2764.39;2253.74;1836.69;1496.45;1218.54;991.953;807.847;659.348;541.886
3;626669290933;20;frequency;99999.99999990905;122862.535599424;150952.0265389597;185463.4873444638;227865.1431623047;279960.8926363817;343967.05137965;422606.6409511731;519225.2346839865;637933.2888043621;783781.0140572543;962973.2274171232;1183133.324347452;1453627.601814205;1785963.729760951;2194280.323268956;2695948.443325946;3312310.615921419;4069588.809647371;4999999.999999929
3;626669290933;20;phasez;-1.53503;-1.53131;-1.52681;-1.52138;-1.5146;-1.50637;-1.49618;-1.48371;-1.46836;-1.44946;-1.42608;-1.39732;-1.36173;-1.31763;-1.26284;-1.19452;-1.10874;-1.00049;-0.862585;-0.685735
