0;10640253895930;20;absz;1.35874e+08;9.91006e+07;7.22408e+07;5.2639e+07;3.83212e+07;2.78888e+07;2.03045e+07;1.47721e+07;1.07446e+07;7.81335e+06;5.6806e+06;4.12954e+06;3.00139e+06;2.18114e+06;1.58479e+06;1.15135e+06;836318;607411;441089;320260
0;10640253895930;20;frequency;9.999999974752427;13.86918846435492;19.23543905490988;26.67799336109056;37.00021196095804;51.31629158938722;71.17153245417285;98.70914048804025;136.9015682683994;189.8713664161278;263.3361782500288;365.2259113806622;506.5387032487934;702.5280792305466;974.3494403835484;1351.343611730726;1874.203936580443;2599.368780806799;3605.113577052066;4999.99999995282
0;10640253895930;20;phasez;-1.50905;-1.5136;-1.51671;-1.51905;-1.52125;-1.52325;-1.52485;-1.52628;-1.52753;-1.52851;-1.52928;-1.52982;-1.53014;-1.53016;-1.52982;-1.52897;-1.52749;-1.52514;-1.52161;-1.51643
1;10641021977300;50;absz;7.36437e+06;6.30089e+06;5.39333e+06;4.61764e+06;3.94742e+06;3.37821e+06;2.89238e+06;2.47586e+06;2.11751e+06;1.81253e+06;1.55044e+06;1.32657e+06;1.13499e+06;970937;830639;710644;607904;520027;444815;380472;325439;278347;238066;203610;174135;148925;127359;108914;93139.4;79648.1;68108.2;58240.6;49801.8;42584;36411.7;31132.5;26617.7;22756.2;19453.7;16628.7;14211.7;12143.9;10374.6;8859.89;7563.12;6452.38;5500.41;4683.73;3982.5;3379.33
1;10641021977300;50;frequency;199.9999999213742;234.625769479635;275.2462588517801;322.8993264769997;378.802514688914;444.3841576318164;521.3198749487447;611.5753842550475;717.456725922716;841.6691823498468;987.3863981368913;1158.33146786315;1358.872060208682;1594.132014446359;1870.122253535556;2193.894364737048;2573.720768452858;3019.306079821149;3542.035062906734;4155.263512473084;4874.659497176026;5718.603679767398;6708.658946337209;7870.121340545211;9232.666380967203;10831.10727442716;12706.28439819177;14906.10877695531;17486.78621595445;20514.25336674129;24065.86241733066;28232.35745111674;33120.19296963342;38854.25382030405;45581.04601983359;53472.44000269313;62730.06193403319;73590.44528463698;86331.07429211862;101277.4737211686;118811.5260634959;139381.228686517;163512.140226203;191820.8086789974;225030.524286467;263989.7996954232;309694.0495706946;363311.0235703185;426210.642505751;499999.9999999716
1;10641021977300;50;phasez;-1.52646;-1.5309;-1.53213;-1.53143;-1.5315;-1.53235;-1.53268;-1.53276;-1.53288;-1.53342;-1.5337;-1.53405;-1.53427;-1.53463;-1.53486;-1.53503;-1.53521;-1.5355;-1.53559;-1.53576;-1.53584;-1.53589;-1.5359;-1.53585;-1.53573;-1.53553;-1.53526;-1.53488;-1.5344;-1.53377;-1.53301;-1.53207;-1.53094;-1.52957;-1.52795;-1.52604;-1.52376;-1.52106;-1.51787;-1.51409;-1.50963;-1.50435;-1.4981;-1.49071;-1.48195;-1.47157;-1.45923;-1.44454;-1.42697;-1.40586
2;10641790282762;50;absz;82046.6;73467.3;65793.5;58892.3;52730.6;47200.2;42255.1;37834.9;33868.8;30315.4;27143.2;24296.5;21748.6;19469.6;17429.7;15602;13967.5;12502.8;11191.7;10018.6;8967.7;8027.03;7184.78;6430.94;5756.07;5151.79;4611.03;4126.79;3693.25;3305.07;2957.53;2646.35;2367.77;2118.3;1894.94;1694.88;1515.71;1355.24;1211.49;1082.74;967.42;864.088;771.55;688.68;614.589;548.354;489.286;436.787;390.356;349.68
2;10641790282762;50;frequency;20000.00000002444;22385.53853899816;25055.61678390222;28044.17375656954;31389.19662092121;35133.2035329932;39323.78408414649;44014.2042055669;49264.08322518227;55140.1516811012;61717.09952482729;69078.52549602467;77317.99973512921;86540.25314108083;96862.50859274992;108415.9709538568;121347.4948009008;135821.4510731415;152021.8163702936;170154.5114554648;190450.0186878266;213166.3116533389;238592.1342356312;267050.6708003728;298903.6541519141;334555.9634717432;374460.7706856584;419125.3006744233;469117.2785435782;525072.1459047724;587701.13789258;657800.3235824071;736260.7247225839;824079.6413975459;922373.3285811875;1032391.184709951;1155531.632626961;1293359.894754076;1447627.888434013;1620296.494325686;1813560.480908265;2029876.401899315;2271993.821195295;2542990.262224833;2846310.325953354;3185809.474764127;3565803.038745301;3991121.067296888;4467169.723268114;4999999.999999929
2;10641790282762;50;phasez;-1.5374;-1.53721;-1.53692;-1.53655;-1.53637;-1.53586;-1.53537;-1.53472;-1.53402;-1.53314;-1.53213;-1.531;-1.52971;-1.52824;-1.52657;-1.52468;-1.52255;-1.52014;-1.51745;-1.51441;-1.51099;-1.50717;-1.50283;-1.49802;-1.49257;-1.48647;-1.47959;-1.47192;-1.4633;-1.45362;-1.44276;-1.43057;-1.41688;-1.40153;-1.38427;-1.36489;-1.34309;-1.31858;-1.291;-1.25989;-1.22482;-1.18521;-1.14042;-1.08963;-1.03196;-0.966363;-0.891517;-0.805957;-0.70794;-0.595499
3;10642108799341;20;absz;16972.5;13867.4;11324.7;9249.33;7555.41;6169.91;5039.01;4114.38;3359.21;2742.07;2237.68;1825.27;1488.31;1212.63;987.135;802.613;651.706;528.601;428.708;348.852
3;10642108799341;20;frequency;99999.99999990905;122862.535599424;150952.0265389597;185463.4873444638;227865.1431623047;279960.8926363817;343967.05137965;422606.6409511731;519225.2346839865;637933.2888043621;783781.0140572543;962973.2274171232;1183133.324347452;1453627.601814205;1785963.729760951;2194280.323268956;2695948.443325946;3312310.615921419;4069588.809647371;4999999.999999929
3;10642108799341;20;phasez;-1.5257;-1.52251;-1.51845;-1.51342;-1.50713;-1.49929;-1.48957;-1.4775;-1.46255;-1.44405;-1.42113;-1.39276;-1.35758;-1.31389;-1.25948;-1.19145;-1.10587;-0.99754;-0.859172;-0.681143
