0;7188890459277;20;absz;1.38445e+08;1.00919e+08;7.35299e+07;5.35206e+07;3.89623e+07;2.83404e+07;2.0622e+07;1.49965e+07;1.09042e+07;7.92761e+06;5.76259e+06;4.18823e+06;3.04355e+06;2.21142e+06;1.6066e+06;1.16702e+06;847596;615495;446878;324388
0;7188890459277;20;frequency;9.999999974752427;13.86918846435492;19.23543905490988;26.67799336109056;37.00021196095804;51.31629158938722;71.17153245417285;98.70914048804025;136.9015682683994;189.8713664161278;263.3361782500288;365.2259113806622;506.5387032487934;702.5280792305466;974.3494403835484;1351.343611730726;1874.203936580443;2599.368780806799;3605.113577052066;4999.99999995282
0;7188890459277;20;phasez;-1.51469;-1.51724;-1.52005;-1.5219;-1.52393;-1.52544;-1.52705;-1.52814;-1.52917;-1.52996;-1.53056;-1.53095;-1.53114;-1.53108;-1.5307;-1.52984;-1.52838;-1.52607;-1.52258;-1.51743
1;7189661786606;50;absz;7.47606e+06;6.40679e+06;5.47508e+06;4.67483e+06;4.01152e+06;3.43101e+06;2.93521e+06;2.51122e+06;2.14796e+06;1.83768e+06;1.57195e+06;1.34482e+06;1.15037e+06;984164;841902;720160;615989;526902;450633;385412;329625;281896;241077;206156;176297;150756;128911;110230;94256.7;80594.9;68911.7;58921.7;50377.7;43072.3;36825.9;31484.2;26915.4;23008.6;19666.8;16808.8;14364;12272.4;10483.1;8951.74;7640.67;6517.92;5555.7;4730.37;4021.81;3412.42
1;7189661786606;50;frequency;199.9999999213742;234.625769479635;275.2462588517801;322.8993264769997;378.802514688914;444.3841576318164;521.3198749487447;611.5753842550475;717.456725922716;841.6691823498468;987.3863981368913;1158.33146786315;1358.872060208682;1594.132014446359;1870.122253535556;2193.894364737048;2573.720768452858;3019.306079821149;3542.035062906734;4155.263512473084;4874.659497176026;5718.603679767398;6708.658946337209;7870.121340545211;9232.666380967203;10831.10727442716;12706.28439819177;14906.10877695531;17486.78621595445;20514.25336674129;24065.86241733066;28232.35745111674;33120.19296963342;38854.25382030405;45581.04601983359;53472.44000269313;62730.06193403319;73590.44528463698;86331.07429211862;101277.4737211686;118811.5260634959;139381.228686517;163512.140226203;191820.8086789974;225030.524286467;263989.7996954232;309694.0495706946;363311.0235703185;426210.642505751;499999.9999999716
1;7189661786606;50;phasez;-1.53125;-1.53266;-1.53256;-1.53154;-1.53307;-1.53264;-1.53345;-1.53375;-1.53397;-1.53385;-1.53476;-1.53491;-1.53509;-1.53546;-1.53567;-1.53593;-1.53617;-1.53638;-1.53655;-1.53675;-1.53685;-1.53689;-1.53691;-1.53688;-1.53676;-1.53657;-1.5363;-1.53591;-1.53542;-1.53479;-1.53402;-1.53309;-1.53195;-1.53059;-1.52898;-1.52708;-1.52481;-1.52213;-1.51895;-1.51519;-1.51074;-1.50546;-1.49921;-1.49182;-1.48307;-1.47268;-1.46035;-1.44567;-1.42812;-1.40703
2;7190430052653;50;absz;83035.7;74333.5;66553.3;59560.5;53335.9;47739.9;42735.9;38263.6;34248;30657.4;27438.9;24562.9;21985.8;19681;17617;15768;14114.5;12634;11308.5;10121.7;9059.47;8108.43;7257.31;6495.31;5813.13;5202.79;4656.15;4166.81;3728.83;3336.68;2985.61;2671.32;2389.9;2137.99;1912.36;1710.33;1529.42;1367.37;1222.22;1092.24;975.799;871.524;778.136;694.516;619.784;552.97;493.381;440.441;393.63;352.616
2;7190430052653;50;frequency;20000.00000002444;22385.53853899816;25055.61678390222;28044.17375656954;31389.19662092121;35133.2035329932;39323.78408414649;44014.2042055669;49264.08322518227;55140.1516811012;61717.09952482729;69078.52549602467;77317.99973512921;86540.25314108083;96862.50859274992;108415.9709538568;121347.4948009008;135821.4510731415;152021.8163702936;170154.5114554648;190450.0186878266;213166.3116533389;238592.1342356312;267050.6708003728;298903.6541519141;334555.9634717432;374460.7706856584;419125.3006744233;469117.2785435782;525072.1459047724;587701.13789258;657800.3235824071;736260.7247225839;824079.6413975459;922373.3285811875;1032391.184709951;1155531.632626961;1293359.894754076;1447627.888434013;1620296.494325686;1813560.480908265;2029876.401899315;2271993.821195295;2542990.262224833;2846310.325953354;3185809.474764127;3565803.038745301;3991121.067296888;4467169.723268114;4999999.999999929
2;7190430052653;50;phasez;-1.53871;-1.53807;-1.53814;-1.53771;-1.53731;-1.53694;-1.53639;-1.53568;-1.53499;-1.53416;-1.53314;-1.53212;-1.53081;-1.52936;-1.52768;-1.5258;-1.52369;-1.52129;-1.5186;-1.51556;-1.51214;-1.50829;-1.50396;-1.49914;-1.49369;-1.4876;-1.48072;-1.47306;-1.46444;-1.45479;-1.44394;-1.43177;-1.41812;-1.40279;-1.38556;-1.36621;-1.34445;-1.31997;-1.29241;-1.26135;-1.2263;-1.18673;-1.14196;-1.09122;-1.03357;-0.968023;-0.89322;-0.807716;-0.709791;-0.597438
3;7190746928656;20;absz;17149.2;14010.2;11440.6;9343.05;7630.9;6230.68;5087.71;4153.68;3390.94;2767.75;2258.26;1841.78;1501.57;1223.21;995.589;809.389;657.138;532.969;432.252;351.749
3;7190746928656;20;frequency;99999.99999990905;122862.535599424;150952.0265389597;185463.4873444638;227865.1431623047;279960.8926363817;343967.05137965;422606.6409511731;519225.2346839865;637933.2888043621;783781.0140572543;962973.2274171232;1183133.324347452;1453627.601814205;1785963.729760951;2194280.323268956;2695948.443325946;3312310.615921419;4069588.809647371;4999999.999999929
3;7190746928656;20;phasez;-1.52683;-1.52364;-1.51953;-1.51455;-1.50829;-1.50041;-1.49072;-1.47864;-1.46373;-1.44524;-1.42239;-1.39406;-1.35894;-1.31532;-1.26098;-1.193;-1.10749;-0.999235;-0.860985;-0.68312
