0;9248019040746;20;absz;1.36389e+08;9.93904e+07;7.24725e+07;5.27789e+07;3.84343e+07;2.79826e+07;2.03592e+07;1.48123e+07;1.07735e+07;7.83453e+06;5.69608e+06;4.14072e+06;3.00946e+06;2.18694e+06;1.58897e+06;1.15435e+06;838470;608951;442192;321041
0;9248019040746;20;frequency;9.999999974752427;13.86918846435492;19.23543905490988;26.67799336109056;37.00021196095804;51.31629158938722;71.17153245417285;98.70914048804025;136.9015682683994;189.8713664161278;263.3361782500288;365.2259113806622;506.5387032487934;702.5280792305466;974.3494403835484;1351.343611730726;1874.203936580443;2599.368780806799;3605.113577052066;4999.99999995282
0;9248019040746;20;phasez;-1.51087;-1.51437;-1.51704;-1.51976;-1.52206;-1.52394;-1.52518;-1.52661;-1.52769;-1.52869;-1.52943;-1.52998;-1.53028;-1.53031;-1.52997;-1.52917;-1.52768;-1.52535;-1.52184;-1.5167
1;9248791274810;50;absz;7.39376e+06;6.32541e+06;5.40815e+06;4.62758e+06;3.96183e+06;3.38988e+06;2.90068e+06;2.48188e+06;2.12412e+06;1.81717e+06;1.55496e+06;1.33036e+06;1.13807e+06;973435;832780;712471;609455;521323;445929;381401;326226;279021;238628;204083;174533;149258;127642;109154;93341.3;79818.6;68252.2;58362.7;49903.7;42671.6;36486.8;31196.4;26671.7;22802.5;19492.7;16661.7;14239.5;12167.6;10394.5;8876.8;7577.24;6464.32;5510.49;4692.28;3989.62;3385.41
1;9248791274810;50;frequency;199.9999999213742;234.625769479635;275.2462588517801;322.8993264769997;378.802514688914;444.3841576318164;521.3198749487447;611.5753842550475;717.456725922716;841.6691823498468;987.3863981368913;1158.33146786315;1358.872060208682;1594.132014446359;1870.122253535556;2193.894364737048;2573.720768452858;3019.306079821149;3542.035062906734;4155.263512473084;4874.659497176026;5718.603679767398;6708.658946337209;7870.121340545211;9232.666380967203;10831.10727442716;12706.28439819177;14906.10877695531;17486.78621595445;20514.25336674129;24065.86241733066;28232.35745111674;33120.19296963342;38854.25382030405;45581.04601983359;53472.44000269313;62730.06193403319;73590.44528463698;86331.07429211862;101277.4737211686;118811.5260634959;139381.228686517;163512.140226203;191820.8086789974;225030.524286467;263989.7996954232;309694.0495706946;363311.0235703185;426210.642505751;499999.9999999716
1;9248791274810;50;phasez;-1.53022;-1.52962;-1.53084;-1.53233;-1.53076;-1.53211;-1.53301;-1.53282;-1.5332;-1.53376;-1.53366;-1.53426;-1.53458;-1.5348;-1.53504;-1.53527;-1.53546;-1.53565;-1.5358;-1.53597;-1.53608;-1.53615;-1.53616;-1.53611;-1.53599;-1.5358;-1.53551;-1.53513;-1.53462;-1.53399;-1.53321;-1.53226;-1.53112;-1.52975;-1.52813;-1.52621;-1.52394;-1.52124;-1.51805;-1.51428;-1.50982;-1.50454;-1.4983;-1.49091;-1.48216;-1.47177;-1.45944;-1.44475;-1.42719;-1.40609
2;9249559445420;50;absz;82217.5;73613.4;65899.3;59010.9;52811.9;47284;42336.6;37896;33924.8;30373.7;27187.6;24337.6;21786.9;19503.5;17458.7;15629;13990.8;12524.2;11210.8;10034.8;8982.35;8040.19;7196.52;6441.44;5765.4;5160.28;4618.47;4133.33;3698.98;3310.21;2962.08;2650.48;2371.38;2121.51;1897.75;1697.37;1517.9;1357.19;1213.22;1084.25;968.74;865.264;772.59;689.606;615.406;549.095;489.935;437.365;390.884;350.15
2;9249559445420;50;frequency;20000.00000002444;22385.53853899816;25055.61678390222;28044.17375656954;31389.19662092121;35133.2035329932;39323.78408414649;44014.2042055669;49264.08322518227;55140.1516811012;61717.09952482729;69078.52549602467;77317.99973512921;86540.25314108083;96862.50859274992;108415.9709538568;121347.4948009008;135821.4510731415;152021.8163702936;170154.5114554648;190450.0186878266;213166.3116533389;238592.1342356312;267050.6708003728;298903.6541519141;334555.9634717432;374460.7706856584;419125.3006744233;469117.2785435782;525072.1459047724;587701.13789258;657800.3235824071;736260.7247225839;824079.6413975459;922373.3285811875;1032391.184709951;1155531.632626961;1293359.894754076;1447627.888434013;1620296.494325686;1813560.480908265;2029876.401899315;2271993.821195295;2542990.262224833;2846310.325953354;3185809.474764127;3565803.038745301;3991121.067296888;4467169.723268114;4999999.999999929
2;9249559445420;50;phasez;-1.5376;-1.53742;-1.53695;-1.53706;-1.53661;-1.53606;-1.53559;-1.5349;-1.53421;-1.53322;-1.53227;-1.53117;-1.52991;-1.52849;-1.52681;-1.52488;-1.52276;-1.52037;-1.51769;-1.51464;-1.51119;-1.50736;-1.50304;-1.49822;-1.49279;-1.48667;-1.47982;-1.47215;-1.4635;-1.45384;-1.44299;-1.43081;-1.41714;-1.40178;-1.38453;-1.36517;-1.34338;-1.31888;-1.29128;-1.2602;-1.22513;-1.18552;-1.14073;-1.08994;-1.03228;-0.966681;-0.891839;-0.806283;-0.708281;-0.595847
3;9249876496235;20;absz;16994.3;13885.6;11340.2;9262.73;7566.2;6178.62;5046.04;4120.02;3363.85;2745.87;2240.75;1827.67;1490.24;1214.14;988.345;803.579;652.491;529.234;429.234;349.279
3;9249876496235;20;frequency;99999.99999990905;122862.535599424;150952.0265389597;185463.4873444638;227865.1431623047;279960.8926363817;343967.05137965;422606.6409511731;519225.2346839865;637933.2888043621;783781.0140572543;962973.2274171232;1183133.324347452;1453627.601814205;1785963.729760951;2194280.323268956;2695948.443325946;3312310.615921419;4069588.809647371;4999999.999999929
3;9249876496235;20;phasez;-1.5259;-1.52271;-1.51871;-1.51369;-1.50736;-1.49953;-1.4898;-1.47772;-1.46278;-1.44427;-1.42139;-1.39303;-1.35786;-1.31419;-1.25979;-1.19176;-1.10619;-0.997862;-0.859512;-0.681489
