0;2161946721530;20;absz;1.86547e+08;1.35016e+08;9.77161e+07;7.07419e+07;5.11736e+07;3.70254e+07;2.6796e+07;1.93901e+07;1.403e+07;1.01528e+07;7.34655e+06;5.31649e+06;3.84668e+06;2.78293e+06;2.01311e+06;1.45605e+06;1.05299e+06;761392;550487;397936
0;2161946721530;20;frequency;9.999999974752427;13.86918846435492;19.23543905490988;26.67799336109056;37.00021196095804;51.31629158938722;71.17153245417285;98.70914048804025;136.9015682683994;189.8713664161278;263.3361782500288;365.2259113806622;506.5387032487934;702.5280792305466;974.3494403835484;1351.343611730726;1874.203936580443;2599.368780806799;3605.113577052066;4999.99999995282
0;2161946721530;20;phasez;-1.55224;-1.55193;-1.55251;-1.55295;-1.55312;-1.55259;-1.55319;-1.55329;-1.55309;-1.55302;-1.55289;-1.5528;-1.55259;-1.55224;-1.55159;-1.55051;-1.54884;-1.54628;-1.54252;-1.53708
1;2162714994791;50;absz;9.58908e+06;8.18535e+06;6.96896e+06;5.95467e+06;5.08096e+06;4.33806e+06;3.7058e+06;3.16562e+06;2.70058e+06;2.30701e+06;1.96952e+06;1.68125e+06;1.43517e+06;1.22534e+06;1.046e+06;892890;762148;650491;555217;473876;404463;345202;294628;251456;214603;183151;156310;133404;113853;97171.7;82930.7;70778.4;60407.6;51557.3;44003.7;37556.6;32053.9;27355.5;23345.6;19922.2;16999.2;14502.9;12370.9;10549.5;8992.58;7661.41;6522.46;5547.09;4711.01;3992.94
1;2162714994791;50;frequency;199.9999999213742;234.625769479635;275.2462588517801;322.8993264769997;378.802514688914;444.3841576318164;521.3198749487447;611.5753842550475;717.456725922716;841.6691823498468;987.3863981368913;1158.33146786315;1358.872060208682;1594.132014446359;1870.122253535556;2193.894364737048;2573.720768452858;3019.306079821149;3542.035062906734;4155.263512473084;4874.659497176026;5718.603679767398;6708.658946337209;7870.121340545211;9232.666380967203;10831.10727442716;12706.28439819177;14906.10877695531;17486.78621595445;20514.25336674129;24065.86241733066;28232.35745111674;33120.19296963342;38854.25382030405;45581.04601983359;53472.44000269313;62730.06193403319;73590.44528463698;86331.07429211862;101277.4737211686;118811.5260634959;139381.228686517;163512.140226203;191820.8086789974;225030.524286467;263989.7996954232;309694.0495706946;363311.0235703185;426210.642505751;499999.9999999716
1;2162714994791;50;phasez;-1.55529;-1.55327;-1.5556;-1.55416;-1.55407;-1.55538;-1.5552;-1.55512;-1.55495;-1.555;-1.55523;-1.55575;-1.556;-1.5561;-1.5562;-1.55636;-1.55648;-1.55642;-1.55654;-1.55657;-1.5565;-1.55643;-1.55627;-1.55603;-1.55573;-1.55534;-1.55484;-1.55424;-1.55351;-1.55264;-1.55161;-1.5504;-1.54898;-1.54732;-1.54538;-1.54314;-1.54051;-1.53745;-1.53389;-1.52972;-1.52484;-1.51913;-1.51244;-1.50458;-1.49535;-1.48448;-1.47165;-1.45645;-1.43838;-1.41675
2;2163481682030;50;absz;100107;89512.9;80040.4;71583;63987.9;57205.7;51137.1;45732.5;40888.2;36554.4;32683.3;29225.6;26127.9;23359.6;20887.1;18675;16699.8;14932.8;13352.2;11939.4;10676.5;9546.57;8536.56;7633.92;6826.47;6104.18;5458.6;4881.23;4364.76;3902.95;3489.94;3120.59;2790.11;2494.52;2230.15;1993.62;1782.02;1592.69;1423.29;1271.7;1136.09;1014.76;906.196;809.1;722.444;645.104;576.235;515.174;461.31;414.3
2;2163481682030;50;frequency;20000.00000002444;22385.53853899816;25055.61678390222;28044.17375656954;31389.19662092121;35133.2035329932;39323.78408414649;44014.2042055669;49264.08322518227;55140.1516811012;61717.09952482729;69078.52549602467;77317.99973512921;86540.25314108083;96862.50859274992;108415.9709538568;121347.4948009008;135821.4510731415;152021.8163702936;170154.5114554648;190450.0186878266;213166.3116533389;238592.1342356312;267050.6708003728;298903.6541519141;334555.9634717432;374460.7706856584;419125.3006744233;469117.2785435782;525072.1459047724;587701.13789258;657800.3235824071;736260.7247225839;824079.6413975459;922373.3285811875;1032391.184709951;1155531.632626961;1293359.894754076;1447627.888434013;1620296.494325686;1813560.480908265;2029876.401899315;2271993.821195295;2542990.262224833;2846310.325953354;3185809.474764127;3565803.038745301;3991121.067296888;4467169.723268114;4999999.999999929
2;2163481682030;50;phasez;-1.55615;-1.55579;-1.5553;-1.55491;-1.55432;-1.5539;-1.55319;-1.55201;-1.55122;-1.55014;-1.54892;-1.54757;-1.54603;-1.5443;-1.54225;-1.54017;-1.53772;-1.53501;-1.53205;-1.52868;-1.52492;-1.52076;-1.51611;-1.51091;-1.50512;-1.49867;-1.49145;-1.48339;-1.47439;-1.46434;-1.4531;-1.44052;-1.42645;-1.41068;-1.39301;-1.3732;-1.35098;-1.32602;-1.29798;-1.26644;-1.23092;-1.19086;-1.14562;-1.09441;-1.03633;-0.970367;-0.8952;-0.809394;-0.711206;-0.598735
3;2163800466533;20;absz;20326.2;16574;13512.3;11013.1;8978.92;7321.24;5967.83;4865.84;3966.34;3233.46;2635.41;2147.43;1749.24;1424.4;1159.09;942.501;765.755;621.979;505.733;413.286
3;2163800466533;20;frequency;99999.99999990905;122862.535599424;150952.0265389597;185463.4873444638;227865.1431623047;279960.8926363817;343967.05137965;422606.6409511731;519225.2346839865;637933.2888043621;783781.0140572543;962973.2274171232;1183133.324347452;1453627.601814205;1785963.729760951;2194280.323268956;2695948.443325946;3312310.615921419;4069588.809647371;4999999.999999929
3;2163800466533;20;phasez;-1.54141;-1.53759;-1.53301;-1.52742;-1.52049;-1.51206;-1.50168;-1.48896;-1.47334;-1.4541;-1.43049;-1.40134;-1.36538;-1.32087;-1.26564;-1.1968;-1.11044;-1.00143;-0.862563;-0.684327
