0;4058836485534;20;absz;1.56248e+08;1.13656e+08;8.26268e+07;6.0022e+07;4.36043e+07;3.1672e+07;2.30017e+07;1.67017e+07;1.21231e+07;8.79923e+06;6.3851e+06;4.63249e+06;3.36037e+06;2.43705e+06;1.76715e+06;1.2812e+06;928704;673095;487774;353435
0;4058836485534;20;frequency;9.999999974752427;13.86918846435492;19.23543905490988;26.67799336109056;37.00021196095804;51.31629158938722;71.17153245417285;98.70914048804025;136.9015682683994;189.8713664161278;263.3361782500288;365.2259113806622;506.5387032487934;702.5280792305466;974.3494403835484;1351.343611730726;1874.203936580443;2599.368780806799;3605.113577052066;4999.99999995282
0;4058836485534;20;phasez;-1.53022;-1.53139;-1.5326;-1.53349;-1.53467;-1.53498;-1.53633;-1.53731;-1.53802;-1.53872;-1.53925;-1.5397;-1.54;-1.54002;-1.53967;-1.53884;-1.53733;-1.53492;-1.53131;-1.52602
1;4059604567698;50;absz;8.30263e+06;7.07023e+06;6.0622e+06;5.18142e+06;4.43021e+06;3.78731e+06;3.23922e+06;2.7676e+06;2.36617e+06;2.02265e+06;1.72918e+06;1.47766e+06;1.26304e+06;1.07934e+06;922472;788350;673675;575695;491930;420349;359191;306900;262231;224050;191434;163560;139743;119393;102009;87154.3;74461.7;63619.6;54356.3;46441.6;39679;33900;28962.1;24742.3;21135.8;18053.4;15418.7;13165.6;11239.5;9591.77;8182.05;6975.43;5941.99;5056.12;4295.96;3642.71
1;4059604567698;50;frequency;199.9999999213742;234.625769479635;275.2462588517801;322.8993264769997;378.802514688914;444.3841576318164;521.3198749487447;611.5753842550475;717.456725922716;841.6691823498468;987.3863981368913;1158.33146786315;1358.872060208682;1594.132014446359;1870.122253535556;2193.894364737048;2573.720768452858;3019.306079821149;3542.035062906734;4155.263512473084;4874.659497176026;5718.603679767398;6708.658946337209;7870.121340545211;9232.666380967203;10831.10727442716;12706.28439819177;14906.10877695531;17486.78621595445;20514.25336674129;24065.86241733066;28232.35745111674;33120.19296963342;38854.25382030405;45581.04601983359;53472.44000269313;62730.06193403319;73590.44528463698;86331.07429211862;101277.4737211686;118811.5260634959;139381.228686517;163512.140226203;191820.8086789974;225030.524286467;263989.7996954232;309694.0495706946;363311.0235703185;426210.642505751;499999.9999999716
1;4059604567698;50;phasez;-1.53904;-1.54046;-1.54068;-1.54179;-1.54153;-1.54146;-1.54195;-1.5427;-1.54296;-1.54291;-1.54346;-1.54412;-1.5441;-1.54443;-1.54468;-1.5449;-1.545;-1.54524;-1.54528;-1.54539;-1.54544;-1.54539;-1.54534;-1.5452;-1.54498;-1.54469;-1.54428;-1.54378;-1.54316;-1.5424;-1.54149;-1.54042;-1.53915;-1.53766;-1.53593;-1.5339;-1.53152;-1.52875;-1.52549;-1.52166;-1.51716;-1.51186;-1.50561;-1.49824;-1.48952;-1.47918;-1.46692;-1.45231;-1.43485;-1.41385
2;4060375883311;50;absz;89803.4;80378;71904.7;64337.2;57574.6;51509.9;46088;41234.9;36897.7;33013.5;29534.5;26424.3;23642.2;21153.3;18925.8;16933.9;15150.8;13556.2;12128.5;10852;9708.52;8685.91;7770.82;6951.8;6219.04;5563.43;4976.66;4451.68;3981.8;3561.38;3185.06;2848.36;2547.05;2277.4;2036.07;1820.12;1626.83;1453.81;1298.92;1160.27;1036.17;925.123;825.737;736.798;657.351;586.428;523.227;467.122;417.568;374.225
2;4060375883311;50;frequency;20000.00000002444;22385.53853899816;25055.61678390222;28044.17375656954;31389.19662092121;35133.2035329932;39323.78408414649;44014.2042055669;49264.08322518227;55140.1516811012;61717.09952482729;69078.52549602467;77317.99973512921;86540.25314108083;96862.50859274992;108415.9709538568;121347.4948009008;135821.4510731415;152021.8163702936;170154.5114554648;190450.0186878266;213166.3116533389;238592.1342356312;267050.6708003728;298903.6541519141;334555.9634717432;374460.7706856584;419125.3006744233;469117.2785435782;525072.1459047724;587701.13789258;657800.3235824071;736260.7247225839;824079.6413975459;922373.3285811875;1032391.184709951;1155531.632626961;1293359.894754076;1447627.888434013;1620296.494325686;1813560.480908265;2029876.401899315;2271993.821195295;2542990.262224833;2846310.325953354;3185809.474764127;3565803.038745301;3991121.067296888;4467169.723268114;4999999.999999929
2;4060375883311;50;phasez;-1.54618;-1.54586;-1.54537;-1.54506;-1.54461;-1.54397;-1.54355;-1.5426;-1.54189;-1.54102;-1.53982;-1.53869;-1.53746;-1.53588;-1.53412;-1.53229;-1.53007;-1.52771;-1.525;-1.52195;-1.51852;-1.51473;-1.51044;-1.50563;-1.50024;-1.49419;-1.48737;-1.47978;-1.47121;-1.46161;-1.45083;-1.4387;-1.42509;-1.4098;-1.39261;-1.37328;-1.35155;-1.32708;-1.29954;-1.2685;-1.23347;-1.19392;-1.14919;-1.09848;-1.04089;-0.975428;-0.900752;-0.815407;-0.717686;-0.605624
3;4060695668201;20;absz;18429;15042.9;12274.9;10015;8173.53;6668.52;5440.38;4438.32;3619.82;2952.01;2406.4;1960.89;1597.19;1300.08;1057.36;859.034;697.136;565.265;458.491;373.34
3;4060695668201;20;frequency;99999.99999990905;122862.535599424;150952.0265389597;185463.4873444638;227865.1431623047;279960.8926363817;343967.05137965;422606.6409511731;519225.2346839865;637933.2888043621;783781.0140572543;962973.2274171232;1183133.324347452;1453627.601814205;1785963.729760951;2194280.323268956;2695948.443325946;3312310.615921419;4069588.809647371;4999999.999999929
3;4060695668201;20;phasez;-1.53331;-1.52998;-1.52603;-1.52097;-1.5147;-1.50695;-1.49732;-1.48535;-1.47054;-1.45216;-1.42936;-1.4011;-1.36605;-1.32246;-1.26815;-1.20021;-1.11477;-1.00668;-0.868693;-0.691278
