0;1188294345962;20;absz;2.08438e+08;1.50424e+08;1.08855e+08;7.86468e+07;5.68456e+07;4.10832e+07;2.97118e+07;2.14776e+07;1.55286e+07;1.12269e+07;8.11779e+06;5.8704e+06;4.24529e+06;3.06999e+06;2.22018e+06;1.60562e+06;1.16122e+06;839854;607462;439402
0;1188294345962;20;frequency;9.999999974752427;13.86918846435492;19.23543905490988;26.67799336109056;37.00021196095804;51.31629158938722;71.17153245417285;98.70914048804025;136.9015682683994;189.8713664161278;263.3361782500288;365.2259113806622;506.5387032487934;702.5280792305466;974.3494403835484;1351.343611730726;1874.203936580443;2599.368780806799;3605.113577052066;4999.99999995282
0;1188294345962;20;phasez;-1.5589;-1.55829;-1.55867;-1.55873;-1.55831;-1.55759;-1.55801;-1.55741;-1.55709;-1.55655;-1.55599;-1.55531;-1.55453;-1.55352;-1.5522;-1.55041;-1.54798;-1.54465;-1.54009;-1.53386
1;1189064540437;50;absz;1.05934e+07;9.03016e+06;7.68833e+06;6.57976e+06;5.61515e+06;4.79054e+06;4.09138e+06;3.49144e+06;2.98131e+06;2.54284e+06;2.17188e+06;1.85421e+06;1.58245e+06;1.35114e+06;1.15342e+06;984623;840589;717687;612675;523027;446553;381277;325541;277955;237334;202666;173055;147783;126205;107782;92052.4;78619.3;67148.4;57353.4;48988.8;41844.3;35742;30529.4;26076;22271.2;19020.4;16241.7;13866.3;11835.1;10097.7;8610.89;7337.44;6245.99;5309.31;4504.22
1;1189064540437;50;frequency;199.9999999213742;234.625769479635;275.2462588517801;322.8993264769997;378.802514688914;444.3841576318164;521.3198749487447;611.5753842550475;717.456725922716;841.6691823498468;987.3863981368913;1158.33146786315;1358.872060208682;1594.132014446359;1870.122253535556;2193.894364737048;2573.720768452858;3019.306079821149;3542.035062906734;4155.263512473084;4874.659497176026;5718.603679767398;6708.658946337209;7870.121340545211;9232.666380967203;10831.10727442716;12706.28439819177;14906.10877695531;17486.78621595445;20514.25336674129;24065.86241733066;28232.35745111674;33120.19296963342;38854.25382030405;45581.04601983359;53472.44000269313;62730.06193403319;73590.44528463698;86331.07429211862;101277.4737211686;118811.5260634959;139381.228686517;163512.140226203;191820.8086789974;225030.524286467;263989.7996954232;309694.0495706946;363311.0235703185;426210.642505751;499999.9999999716
1;1189064540437;50;phasez;-1.55815;-1.55421;-1.55627;-1.55538;-1.55764;-1.55712;-1.5565;-1.55659;-1.55668;-1.55637;-1.55614;-1.55602;-1.55572;-1.5555;-1.55537;-1.55515;-1.55481;-1.55452;-1.55417;-1.55377;-1.55335;-1.55288;-1.55236;-1.55177;-1.55112;-1.55039;-1.54959;-1.54868;-1.54767;-1.54652;-1.54523;-1.54378;-1.54213;-1.54025;-1.53812;-1.53569;-1.5329;-1.52969;-1.52598;-1.52169;-1.51671;-1.51091;-1.50415;-1.49625;-1.48698;-1.4761;-1.46328;-1.44811;-1.43008;-1.40851
2;1189835488063;50;absz;111072;99366.2;88889.3;79522.2;71122.7;63610.6;56914.4;50898.5;45537.4;40741.2;36443.6;32604.4;29168.9;26096.4;23347.5;20887.9;18688.2;16721.2;14961.6;13386.6;11978.2;10718.2;9590.25;8581.37;7678.83;6870.83;6148.11;5501.61;4922.65;4404.62;3941.01;3526.16;3154.81;2822.44;2524.92;2258.63;2020.24;1806.85;1615.82;1444.8;1291.71;1154.7;1032.09;922.39;824.491;737.096;659.316;590.384;529.68;476.808
2;1189835488063;50;frequency;20000.00000002444;22385.53853899816;25055.61678390222;28044.17375656954;31389.19662092121;35133.2035329932;39323.78408414649;44014.2042055669;49264.08322518227;55140.1516811012;61717.09952482729;69078.52549602467;77317.99973512921;86540.25314108083;96862.50859274992;108415.9709538568;121347.4948009008;135821.4510731415;152021.8163702936;170154.5114554648;190450.0186878266;213166.3116533389;238592.1342356312;267050.6708003728;298903.6541519141;334555.9634717432;374460.7706856584;419125.3006744233;469117.2785435782;525072.1459047724;587701.13789258;657800.3235824071;736260.7247225839;824079.6413975459;922373.3285811875;1032391.184709951;1155531.632626961;1293359.894754076;1447627.888434013;1620296.494325686;1813560.480908265;2029876.401899315;2271993.821195295;2542990.262224833;2846310.325953354;3185809.474764127;3565803.038745301;3991121.067296888;4467169.723268114;4999999.999999929
2;1189835488063;50;phasez;-1.55026;-1.54966;-1.54876;-1.54819;-1.54782;-1.54694;-1.54617;-1.54491;-1.54389;-1.54266;-1.54124;-1.53984;-1.53824;-1.53637;-1.53435;-1.53214;-1.5296;-1.52685;-1.52373;-1.52039;-1.51658;-1.51239;-1.50774;-1.50255;-1.49675;-1.4903;-1.48311;-1.47509;-1.46612;-1.45613;-1.44496;-1.43246;-1.41845;-1.40276;-1.38519;-1.36547;-1.34335;-1.31852;-1.29061;-1.2592;-1.22381;-1.18392;-1.13884;-1.08784;-1.02993;-0.964184;-0.889265;-0.803739;-0.705915;-0.593868
3;1190153057509;20;absz;22730;18552.9;15143.6;12357.4;10085.9;8232.78;6719.41;5484.58;4476.52;3653.29;2981.34;2432.23;1983.64;1617.24;1317.83;1073.21;873.515;711.078;579.802;475.679
3;1190153057509;20;frequency;99999.99999990905;122862.535599424;150952.0265389597;185463.4873444638;227865.1431623047;279960.8926363817;343967.05137965;422606.6409511731;519225.2346839865;637933.2888043621;783781.0140572543;962973.2274171232;1183133.324347452;1453627.601814205;1785963.729760951;2194280.323268956;2695948.443325946;3312310.615921419;4069588.809647371;4999999.999999929
3;1190153057509;20;phasez;-1.53339;-1.52961;-1.52474;-1.51904;-1.51213;-1.5037;-1.49333;-1.48063;-1.46509;-1.44601;-1.42252;-1.39355;-1.35778;-1.31351;-1.25852;-1.18996;-1.10389;-0.995302;-0.856927;-0.679422
