0;10559344899604;20;absz;1.3587e+08;9.91177e+07;7.22535e+07;5.26466e+07;3.83282e+07;2.79033e+07;2.03059e+07;1.47732e+07;1.0746e+07;7.814e+06;5.68132e+06;4.13005e+06;3.00174e+06;2.18147e+06;1.58508e+06;1.15155e+06;836491;607524;441178;320327
0;10559344899604;20;frequency;9.999999974752427;13.86918846435492;19.23543905490988;26.67799336109056;37.00021196095804;51.31629158938722;71.17153245417285;98.70914048804025;136.9015682683994;189.8713664161278;263.3361782500288;365.2259113806622;506.5387032487934;702.5280792305466;974.3494403835484;1351.343611730726;1874.203936580443;2599.368780806799;3605.113577052066;4999.99999995282
0;10559344899604;20;phasez;-1.50951;-1.5126;-1.51653;-1.51898;-1.52125;-1.52362;-1.5249;-1.52631;-1.52752;-1.52852;-1.52924;-1.52979;-1.5301;-1.53012;-1.52979;-1.52895;-1.52748;-1.52514;-1.52163;-1.51647
1;10560114761986;50;absz;7.37639e+06;6.30891e+06;5.38686e+06;4.61929e+06;3.95451e+06;3.37865e+06;2.89329e+06;2.47539e+06;2.11862e+06;1.81264e+06;1.55101e+06;1.32683e+06;1.13531e+06;971192;830808;710745;608047;520102;444890;380536;325499;278400;238105;203642;174161;148943;127374;108929;93150.4;79656.7;68116.1;58246.5;49806.6;42587.9;36416.1;31136.3;26620.3;22758.5;19455.4;16630.4;14213.2;12145.2;10375.5;8860.7;7563.95;6453.08;5500.91;4684.22;3982.95;3379.7
1;10560114761986;50;frequency;199.9999999213742;234.625769479635;275.2462588517801;322.8993264769997;378.802514688914;444.3841576318164;521.3198749487447;611.5753842550475;717.456725922716;841.6691823498468;987.3863981368913;1158.33146786315;1358.872060208682;1594.132014446359;1870.122253535556;2193.894364737048;2573.720768452858;3019.306079821149;3542.035062906734;4155.263512473084;4874.659497176026;5718.603679767398;6708.658946337209;7870.121340545211;9232.666380967203;10831.10727442716;12706.28439819177;14906.10877695531;17486.78621595445;20514.25336674129;24065.86241733066;28232.35745111674;33120.19296963342;38854.25382030405;45581.04601983359;53472.44000269313;62730.06193403319;73590.44528463698;86331.07429211862;101277.4737211686;118811.5260634959;139381.228686517;163512.140226203;191820.8086789974;225030.524286467;263989.7996954232;309694.0495706946;363311.0235703185;426210.642505751;499999.9999999716
1;10560114761986;50;phasez;-1.52842;-1.53078;-1.5306;-1.53066;-1.53114;-1.53251;-1.5323;-1.53241;-1.53323;-1.53323;-1.53364;-1.53406;-1.53419;-1.53464;-1.53492;-1.53505;-1.53528;-1.53544;-1.53565;-1.53576;-1.53587;-1.53593;-1.53593;-1.53592;-1.53578;-1.53559;-1.5353;-1.53493;-1.53443;-1.5338;-1.53304;-1.5321;-1.53095;-1.52959;-1.52797;-1.52605;-1.52377;-1.52107;-1.51788;-1.5141;-1.50964;-1.50436;-1.49812;-1.49073;-1.48197;-1.47159;-1.45925;-1.44456;-1.427;-1.40589
2;10560885035245;50;absz;82047.3;73466;65770.9;58890.6;52716.6;47207.8;42253.6;37830.5;33865.9;30316.7;27138.9;24295.8;21748;19470.7;17430.1;15602;13967.4;12502.6;11191.6;10018.4;8967.68;8026.93;7184.83;6431.01;5756.08;5151.96;4611.06;4126.78;3693.19;3305.01;2957.5;2646.33;2367.71;2118.25;1894.88;1694.83;1515.67;1355.21;1211.46;1082.71;967.356;864.068;771.525;688.675;614.58;548.355;489.265;436.769;390.349;349.662
2;10560885035245;50;frequency;20000.00000002444;22385.53853899816;25055.61678390222;28044.17375656954;31389.19662092121;35133.2035329932;39323.78408414649;44014.2042055669;49264.08322518227;55140.1516811012;61717.09952482729;69078.52549602467;77317.99973512921;86540.25314108083;96862.50859274992;108415.9709538568;121347.4948009008;135821.4510731415;152021.8163702936;170154.5114554648;190450.0186878266;213166.3116533389;238592.1342356312;267050.6708003728;298903.6541519141;334555.9634717432;374460.7706856584;419125.3006744233;469117.2785435782;525072.1459047724;587701.13789258;657800.3235824071;736260.7247225839;824079.6413975459;922373.3285811875;1032391.184709951;1155531.632626961;1293359.894754076;1447627.888434013;1620296.494325686;1813560.480908265;2029876.401899315;2271993.821195295;2542990.262224833;2846310.325953354;3185809.474764127;3565803.038745301;3991121.067296888;4467169.723268114;4999999.999999929
2;10560885035245;50;phasez;-1.53757;-1.53704;-1.53712;-1.53686;-1.53629;-1.53585;-1.53546;-1.5346;-1.53405;-1.53315;-1.53215;-1.53099;-1.52977;-1.52824;-1.52657;-1.52469;-1.52258;-1.5202;-1.51749;-1.51443;-1.51103;-1.50716;-1.50289;-1.49803;-1.49259;-1.48648;-1.47964;-1.47196;-1.46333;-1.45365;-1.44278;-1.4306;-1.41691;-1.40155;-1.38431;-1.36492;-1.34314;-1.31862;-1.29102;-1.25993;-1.22486;-1.18525;-1.14045;-1.08968;-1.03199;-0.966401;-0.891551;-0.805988;-0.707983;-0.595531
3;10561203621778;20;absz;16966.8;13864.1;11321.9;9248.08;7554.15;6168.89;5038.15;4113.66;3358.74;2741.77;2237.35;1824.94;1488.08;1212.4;986.933;802.465;651.611;528.534;428.652;348.797
3;10561203621778;20;frequency;99999.99999990905;122862.535599424;150952.0265389597;185463.4873444638;227865.1431623047;279960.8926363817;343967.05137965;422606.6409511731;519225.2346839865;637933.2888043621;783781.0140572543;962973.2274171232;1183133.324347452;1453627.601814205;1785963.729760951;2194280.323268956;2695948.443325946;3312310.615921419;4069588.809647371;4999999.999999929
3;10561203621778;20;phasez;-1.52579;-1.52256;-1.5185;-1.51346;-1.50717;-1.49933;-1.48961;-1.47751;-1.46258;-1.44408;-1.42117;-1.3928;-1.35762;-1.31394;-1.25953;-1.1915;-1.10592;-0.997594;-0.859228;-0.681186
