0;3827350216111;20;absz;1.59198e+08;1.15657e+08;8.40441e+07;6.10451e+07;4.4342e+07;3.2196e+07;2.33665e+07;1.69567e+07;1.23036e+07;8.92665e+06;6.47504e+06;4.69569e+06;3.40474e+06;2.46842e+06;1.78926e+06;1.29673e+06;939675;680843;493229;357276
0;3827350216111;20;frequency;9.999999974752427;13.86918846435492;19.23543905490988;26.67799336109056;37.00021196095804;51.31629158938722;71.17153245417285;98.70914048804025;136.9015682683994;189.8713664161278;263.3361782500288;365.2259113806622;506.5387032487934;702.5280792305466;974.3494403835484;1351.343611730726;1874.203936580443;2599.368780806799;3605.113577052066;4999.99999995282
0;3827350216111;20;phasez;-1.53241;-1.53345;-1.53398;-1.53508;-1.53644;-1.53797;-1.53837;-1.5392;-1.53995;-1.54065;-1.54121;-1.54158;-1.54179;-1.54174;-1.54133;-1.54042;-1.53889;-1.53643;-1.53276;-1.52739
1;3828120124051;50;absz;8.4349e+06;7.19042e+06;6.14603e+06;5.24561e+06;4.48796e+06;3.83993e+06;3.28248e+06;2.80388e+06;2.39652e+06;2.048e+06;1.75069e+06;1.49579e+06;1.27818e+06;1.09226e+06;933341;797611;681458;582190;497410;425009;363069;310199;264998;226396;193408;165231;141155;120593;103025;88015.6;75194.2;64239.7;54881.4;46886.7;40056.3;34219.4;29232;24970;21328.2;18215.5;15554.9;13280.6;11336.1;9673.17;8250.4;7032.84;5990.12;5096.53;4329.76;3670.9
1;3828120124051;50;frequency;199.9999999213742;234.625769479635;275.2462588517801;322.8993264769997;378.802514688914;444.3841576318164;521.3198749487447;611.5753842550475;717.456725922716;841.6691823498468;987.3863981368913;1158.33146786315;1358.872060208682;1594.132014446359;1870.122253535556;2193.894364737048;2573.720768452858;3019.306079821149;3542.035062906734;4155.263512473084;4874.659497176026;5718.603679767398;6708.658946337209;7870.121340545211;9232.666380967203;10831.10727442716;12706.28439819177;14906.10877695531;17486.78621595445;20514.25336674129;24065.86241733066;28232.35745111674;33120.19296963342;38854.25382030405;45581.04601983359;53472.44000269313;62730.06193403319;73590.44528463698;86331.07429211862;101277.4737211686;118811.5260634959;139381.228686517;163512.140226203;191820.8086789974;225030.524286467;263989.7996954232;309694.0495706946;363311.0235703185;426210.642505751;499999.9999999716
1;3828120124051;50;phasez;-1.54111;-1.54237;-1.54187;-1.54398;-1.54361;-1.54351;-1.54468;-1.54428;-1.54473;-1.54527;-1.54533;-1.54546;-1.54573;-1.5461;-1.54626;-1.54642;-1.54658;-1.54667;-1.54683;-1.54683;-1.54681;-1.54675;-1.54661;-1.54642;-1.54615;-1.5458;-1.54535;-1.5448;-1.54414;-1.54336;-1.54244;-1.54135;-1.54008;-1.5386;-1.53688;-1.53488;-1.53253;-1.52978;-1.52654;-1.52273;-1.51825;-1.51297;-1.50673;-1.49936;-1.49063;-1.4803;-1.46802;-1.45341;-1.43593;-1.41492
2;3828889703568;50;absz;90719.9;81159.6;72607.2;64973.7;58135.7;52008.9;46521.5;41626.1;37242.6;33323.2;29809.3;26672.7;23858.6;21346.2;19097.2;17085.2;15284.9;13675.8;12233.7;10944.8;9791.19;8759.21;7835.36;7008.99;6269.74;5608.18;5016.35;4486.85;4012.93;3588.85;3209.44;2869.96;2566.17;2294.33;2051.04;1833.37;1638.51;1464.17;1308.08;1168.41;1043.38;931.512;831.392;741.831;661.837;590.408;526.77;470.279;420.418;376.805
2;3828889703568;50;frequency;20000.00000002444;22385.53853899816;25055.61678390222;28044.17375656954;31389.19662092121;35133.2035329932;39323.78408414649;44014.2042055669;49264.08322518227;55140.1516811012;61717.09952482729;69078.52549602467;77317.99973512921;86540.25314108083;96862.50859274992;108415.9709538568;121347.4948009008;135821.4510731415;152021.8163702936;170154.5114554648;190450.0186878266;213166.3116533389;238592.1342356312;267050.6708003728;298903.6541519141;334555.9634717432;374460.7706856584;419125.3006744233;469117.2785435782;525072.1459047724;587701.13789258;657800.3235824071;736260.7247225839;824079.6413975459;922373.3285811875;1032391.184709951;1155531.632626961;1293359.894754076;1447627.888434013;1620296.494325686;1813560.480908265;2029876.401899315;2271993.821195295;2542990.262224833;2846310.325953354;3185809.474764127;3565803.038745301;3991121.067296888;4467169.723268114;4999999.999999929
2;3828889703568;50;phasez;-1.54673;-1.54694;-1.5464;-1.54597;-1.54542;-1.54487;-1.54435;-1.54366;-1.54284;-1.54204;-1.54091;-1.53973;-1.53841;-1.53694;-1.53521;-1.53333;-1.5312;-1.52881;-1.52606;-1.52308;-1.51964;-1.51587;-1.51157;-1.50677;-1.50133;-1.49528;-1.48848;-1.48087;-1.47227;-1.46267;-1.45186;-1.43973;-1.42609;-1.41079;-1.39358;-1.37424;-1.35249;-1.328;-1.30044;-1.26937;-1.23433;-1.19474;-1.14999;-1.09925;-1.04165;-0.976148;-0.901438;-0.816075;-0.718321;-0.606235
3;3829207742743;20;absz;18594.2;15175.9;12381.1;10100.8;8241.31;6723.38;5483.98;4473.14;3647.72;2974.26;2424.24;1975.17;1608.62;1309.22;1064.68;864.92;701.86;569.076;461.596;375.898
3;3829207742743;20;frequency;99999.99999990905;122862.535599424;150952.0265389597;185463.4873444638;227865.1431623047;279960.8926363817;343967.05137965;422606.6409511731;519225.2346839865;637933.2888043621;783781.0140572543;962973.2274171232;1183133.324347452;1453627.601814205;1785963.729760951;2194280.323268956;2695948.443325946;3312310.615921419;4069588.809647371;4999999.999999929
3;3829207742743;20;phasez;-1.53438;-1.53122;-1.52715;-1.52206;-1.51581;-1.50805;-1.49838;-1.48644;-1.4716;-1.45319;-1.4304;-1.40209;-1.36699;-1.32335;-1.26899;-1.20102;-1.11554;-1.00738;-0.869349;-0.69192
