0;9340091126140;20;absz;1.36298e+08;9.93841e+07;7.24403e+07;5.27656e+07;3.84215e+07;2.79639e+07;2.03535e+07;1.48074e+07;1.07703e+07;7.83228e+06;5.69471e+06;4.13966e+06;3.00872e+06;2.18641e+06;1.58859e+06;1.15406e+06;838299;608822;442100;320983
0;9340091126140;20;frequency;9.999999974752427;13.86918846435492;19.23543905490988;26.67799336109056;37.00021196095804;51.31629158938722;71.17153245417285;98.70914048804025;136.9015682683994;189.8713664161278;263.3361782500288;365.2259113806622;506.5387032487934;702.5280792305466;974.3494403835484;1351.343611730726;1874.203936580443;2599.368780806799;3605.113577052066;4999.99999995282
0;9340091126140;20;phasez;-1.5108;-1.51416;-1.51699;-1.51951;-1.52161;-1.52381;-1.52511;-1.52649;-1.52765;-1.52863;-1.52942;-1.52993;-1.53024;-1.53028;-1.52993;-1.52911;-1.52764;-1.52531;-1.5218;-1.51665
1;9340858008022;50;absz;7.38901e+06;6.33037e+06;5.41342e+06;4.63249e+06;3.95863e+06;3.38725e+06;2.90053e+06;2.48112e+06;2.12404e+06;1.81675e+06;1.55461e+06;1.32988e+06;1.13781e+06;973229;832704;712274;609327;521233;445830;381330;326169;278967;238587;204047;174509;149235;127619;109136;93326;79806.4;68243.2;58354.2;49897.3;42665.8;36480.8;31191.1;26667.5;22798.8;19489.3;16658.8;14237.3;12165.7;10392.7;8875.28;7576.22;6463.39;5509.71;4691.58;3989.12;3384.93
1;9340858008022;50;frequency;199.9999999213742;234.625769479635;275.2462588517801;322.8993264769997;378.802514688914;444.3841576318164;521.3198749487447;611.5753842550475;717.456725922716;841.6691823498468;987.3863981368913;1158.33146786315;1358.872060208682;1594.132014446359;1870.122253535556;2193.894364737048;2573.720768452858;3019.306079821149;3542.035062906734;4155.263512473084;4874.659497176026;5718.603679767398;6708.658946337209;7870.121340545211;9232.666380967203;10831.10727442716;12706.28439819177;14906.10877695531;17486.78621595445;20514.25336674129;24065.86241733066;28232.35745111674;33120.19296963342;38854.25382030405;45581.04601983359;53472.44000269313;62730.06193403319;73590.44528463698;86331.07429211862;101277.4737211686;118811.5260634959;139381.228686517;163512.140226203;191820.8086789974;225030.524286467;263989.7996954232;309694.0495706946;363311.0235703185;426210.642505751;499999.9999999716
1;9340858008022;50;phasez;-1.52926;-1.53022;-1.53169;-1.53236;-1.53088;-1.53191;-1.53238;-1.53292;-1.53284;-1.53356;-1.53402;-1.53428;-1.53442;-1.5348;-1.53495;-1.53531;-1.53544;-1.53566;-1.53579;-1.53594;-1.53605;-1.5361;-1.5361;-1.53606;-1.53594;-1.53575;-1.53548;-1.5351;-1.53461;-1.53399;-1.53321;-1.53226;-1.53112;-1.52976;-1.52814;-1.52622;-1.52395;-1.52125;-1.51806;-1.51429;-1.50983;-1.50455;-1.49831;-1.49092;-1.48216;-1.47177;-1.45943;-1.44474;-1.42718;-1.40608
2;9341625915851;50;absz;82212.3;73614.1;65916.7;59002.3;52820.1;47280.4;42334.8;37899.9;33925.1;30371.7;27186.6;24337;21786.4;19503.3;17457.5;15628;13990.1;12522.7;11209.7;10034.5;8981.86;8039.73;7196.05;6440.92;5764.74;5159.64;4617.98;4132.92;3698.59;3309.85;2961.88;2650.19;2371.14;2121.34;1897.58;1697.26;1517.79;1357.07;1213.12;1084.17;968.651;865.194;772.534;689.559;615.378;549.06;489.9;437.33;390.849;350.117
2;9341625915851;50;frequency;20000.00000002444;22385.53853899816;25055.61678390222;28044.17375656954;31389.19662092121;35133.2035329932;39323.78408414649;44014.2042055669;49264.08322518227;55140.1516811012;61717.09952482729;69078.52549602467;77317.99973512921;86540.25314108083;96862.50859274992;108415.9709538568;121347.4948009008;135821.4510731415;152021.8163702936;170154.5114554648;190450.0186878266;213166.3116533389;238592.1342356312;267050.6708003728;298903.6541519141;334555.9634717432;374460.7706856584;419125.3006744233;469117.2785435782;525072.1459047724;587701.13789258;657800.3235824071;736260.7247225839;824079.6413975459;922373.3285811875;1032391.184709951;1155531.632626961;1293359.894754076;1447627.888434013;1620296.494325686;1813560.480908265;2029876.401899315;2271993.821195295;2542990.262224833;2846310.325953354;3185809.474764127;3565803.038745301;3991121.067296888;4467169.723268114;4999999.999999929
2;9341625915851;50;phasez;-1.53758;-1.53738;-1.53715;-1.53689;-1.53661;-1.536;-1.53554;-1.53489;-1.53418;-1.53327;-1.53232;-1.53122;-1.52992;-1.52844;-1.52678;-1.52487;-1.52281;-1.52038;-1.51768;-1.51464;-1.51121;-1.50737;-1.50306;-1.49821;-1.49277;-1.48668;-1.47984;-1.47214;-1.46351;-1.45383;-1.44298;-1.43079;-1.41713;-1.40177;-1.38452;-1.36514;-1.34336;-1.31885;-1.29126;-1.26017;-1.2251;-1.18549;-1.14069;-1.08991;-1.03224;-0.966647;-0.891802;-0.806242;-0.708239;-0.595801
3;9341944745836;20;absz;16994.4;13885.2;11339.7;9262.44;7565.47;6178.14;5045.54;4119.77;3363.48;2745.6;2240.48;1827.49;1490.09;1214.02;988.24;803.513;652.439;529.183;429.182;349.251
3;9341944745836;20;frequency;99999.99999990905;122862.535599424;150952.0265389597;185463.4873444638;227865.1431623047;279960.8926363817;343967.05137965;422606.6409511731;519225.2346839865;637933.2888043621;783781.0140572543;962973.2274171232;1183133.324347452;1453627.601814205;1785963.729760951;2194280.323268956;2695948.443325946;3312310.615921419;4069588.809647371;4999999.999999929
3;9341944745836;20;phasez;-1.52583;-1.52273;-1.5187;-1.51364;-1.50736;-1.49952;-1.48979;-1.47771;-1.46278;-1.44427;-1.42136;-1.39301;-1.35784;-1.31417;-1.25976;-1.19173;-1.10615;-0.997828;-0.859464;-0.681446
