0;2014066469730;20;absz;1.89519e+08;1.37044e+08;9.92157e+07;7.17688e+07;5.19476e+07;3.75986e+07;2.71911e+07;1.96754e+07;1.42356e+07;1.03e+07;7.45204e+06;5.39144e+06;3.89973e+06;2.82031e+06;2.03944e+06;1.47454e+06;1.06594e+06;770498;556892;402466
0;2014066469730;20;frequency;9.999999974752427;13.86918846435492;19.23543905490988;26.67799336109056;37.00021196095804;51.31629158938722;71.17153245417285;98.70914048804025;136.9015682683994;189.8713664161278;263.3361782500288;365.2259113806622;506.5387032487934;702.5280792305466;974.3494403835484;1351.343611730726;1874.203936580443;2599.368780806799;3605.113577052066;4999.99999995282
0;2014066469730;20;phasez;-1.55303;-1.55305;-1.55374;-1.5536;-1.55361;-1.55406;-1.55372;-1.55383;-1.55383;-1.5539;-1.55395;-1.55395;-1.55391;-1.55362;-1.55303;-1.55198;-1.55024;-1.54759;-1.54369;-1.53807
1;2014833906348;50;absz;9.68816e+06;8.27764e+06;7.08453e+06;6.04343e+06;5.15214e+06;4.40335e+06;3.75838e+06;3.20728e+06;2.73838e+06;2.33701e+06;1.99527e+06;1.70291e+06;1.45349e+06;1.24056e+06;1.05876e+06;903609;771162;658145;561675;479342;409074;349098;297912;254238;216963;185158;158016;134856;115090;98222.5;83828.3;71545.9;61063.4;52119;44484.5;37969.2;32407;27660;23606.9;20146.7;17192.1;14669;12513.7;10672.4;9098.33;7752.47;6600.88;5614.53;4768.82;4042.58
1;2014833906348;50;frequency;199.9999999213742;234.625769479635;275.2462588517801;322.8993264769997;378.802514688914;444.3841576318164;521.3198749487447;611.5753842550475;717.456725922716;841.6691823498468;987.3863981368913;1158.33146786315;1358.872060208682;1594.132014446359;1870.122253535556;2193.894364737048;2573.720768452858;3019.306079821149;3542.035062906734;4155.263512473084;4874.659497176026;5718.603679767398;6708.658946337209;7870.121340545211;9232.666380967203;10831.10727442716;12706.28439819177;14906.10877695531;17486.78621595445;20514.25336674129;24065.86241733066;28232.35745111674;33120.19296963342;38854.25382030405;45581.04601983359;53472.44000269313;62730.06193403319;73590.44528463698;86331.07429211862;101277.4737211686;118811.5260634959;139381.228686517;163512.140226203;191820.8086789974;225030.524286467;263989.7996954232;309694.0495706946;363311.0235703185;426210.642505751;499999.9999999716
1;2014833906348;50;phasez;-1.55377;-1.5547;-1.5557;-1.55639;-1.55582;-1.55512;-1.55679;-1.55669;-1.55598;-1.55685;-1.55669;-1.55726;-1.55756;-1.55738;-1.55756;-1.55772;-1.55776;-1.55776;-1.55766;-1.55762;-1.55753;-1.55733;-1.55708;-1.55676;-1.55637;-1.55587;-1.55527;-1.55456;-1.55373;-1.55275;-1.55163;-1.55033;-1.5488;-1.54706;-1.54504;-1.54271;-1.54;-1.53687;-1.53323;-1.52899;-1.52406;-1.51829;-1.51154;-1.50363;-1.49435;-1.48343;-1.47056;-1.45533;-1.43723;-1.41557
2;2015605919218;50;absz;101206;90504.9;80917.5;72340.1;64691.5;57832.5;51708.8;46229.5;41333.6;36961;33046.1;29546;26418.3;23622.2;21122.6;18888.6;16889.8;15103.8;13506.3;12077.6;10800.8;9659.43;8637.95;7724.94;6908.16;6177.85;5525.04;4941.1;4418.73;3951.53;3533.67;3159.99;2825.75;2526.66;2259.12;2019.72;1805.55;1613.88;1442.38;1288.92;1151.59;1028.74;918.841;820.522;732.749;654.422;584.686;522.851;468.318;420.739
2;2015605919218;50;frequency;20000.00000002444;22385.53853899816;25055.61678390222;28044.17375656954;31389.19662092121;35133.2035329932;39323.78408414649;44014.2042055669;49264.08322518227;55140.1516811012;61717.09952482729;69078.52549602467;77317.99973512921;86540.25314108083;96862.50859274992;108415.9709538568;121347.4948009008;135821.4510731415;152021.8163702936;170154.5114554648;190450.0186878266;213166.3116533389;238592.1342356312;267050.6708003728;298903.6541519141;334555.9634717432;374460.7706856584;419125.3006744233;469117.2785435782;525072.1459047724;587701.13789258;657800.3235824071;736260.7247225839;824079.6413975459;922373.3285811875;1032391.184709951;1155531.632626961;1293359.894754076;1447627.888434013;1620296.494325686;1813560.480908265;2029876.401899315;2271993.821195295;2542990.262224833;2846310.325953354;3185809.474764127;3565803.038745301;3991121.067296888;4467169.723268114;4999999.999999929
2;2015605919218;50;phasez;-1.55652;-1.55593;-1.55571;-1.55476;-1.55451;-1.55362;-1.55284;-1.55196;-1.55079;-1.54973;-1.54841;-1.54695;-1.54536;-1.5436;-1.54158;-1.53937;-1.53696;-1.53418;-1.53111;-1.52774;-1.52398;-1.51974;-1.5151;-1.50987;-1.50406;-1.49755;-1.49035;-1.48225;-1.47324;-1.46316;-1.45189;-1.4393;-1.4252;-1.40941;-1.39175;-1.37192;-1.3497;-1.32472;-1.29667;-1.26512;-1.2296;-1.18953;-1.1443;-1.0931;-1.03499;-0.969025;-0.893855;-0.808056;-0.709889;-0.597432
3;2015923206926;20;absz;20559.8;16764.7;13668.5;11142.4;9085.27;7409.02;6040.21;4925.52;4015.91;3274.29;2669.25;2175.46;1772.4;1443.55;1174.88;955.598;776.63;631.013;513.297;419.697
3;2015923206926;20;frequency;99999.99999990905;122862.535599424;150952.0265389597;185463.4873444638;227865.1431623047;279960.8926363817;343967.05137965;422606.6409511731;519225.2346839865;637933.2888043621;783781.0140572543;962973.2274171232;1183133.324347452;1453627.601814205;1785963.729760951;2194280.323268956;2695948.443325946;3312310.615921419;4069588.809647371;4999999.999999929
3;2015923206926;20;phasez;-1.54071;-1.53695;-1.5321;-1.52642;-1.51956;-1.51103;-1.50057;-1.48779;-1.47215;-1.4529;-1.42922;-1.40007;-1.3641;-1.31959;-1.26434;-1.19548;-1.10911;-1.0001;-0.861239;-0.683068
