0;8996875501902;20;absz;1.3649e+08;9.94842e+07;7.25288e+07;5.28157e+07;3.84628e+07;2.80106e+07;2.03766e+07;1.48232e+07;1.0782e+07;7.83968e+06;5.69981e+06;4.14338e+06;3.01136e+06;2.18829e+06;1.58995e+06;1.1551e+06;839002;609334;442466;321234
0;8996875501902;20;frequency;9.999999974752427;13.86918846435492;19.23543905490988;26.67799336109056;37.00021196095804;51.31629158938722;71.17153245417285;98.70914048804025;136.9015682683994;189.8713664161278;263.3361782500288;365.2259113806622;506.5387032487934;702.5280792305466;974.3494403835484;1351.343611730726;1874.203936580443;2599.368780806799;3605.113577052066;4999.99999995282
0;8996875501902;20;phasez;-1.51095;-1.51469;-1.51715;-1.51962;-1.52184;-1.52351;-1.52527;-1.52654;-1.52776;-1.52884;-1.52949;-1.53002;-1.53035;-1.53036;-1.53;-1.52918;-1.52771;-1.52538;-1.52187;-1.51672
1;8997646165000;50;absz;7.39586e+06;6.31871e+06;5.41743e+06;4.632e+06;3.96408e+06;3.39365e+06;2.903e+06;2.48325e+06;2.12483e+06;1.81817e+06;1.55553e+06;1.33119e+06;1.13883e+06;974171;833342;712870;609818;521617;446199;381650;326426;279190;238777;204211;174639;149349;127722;109223;93399.8;79867.1;68293.4;58397.5;49934.3;42696.5;36507.2;31213.8;26686.6;22814.7;19503.3;16670.4;14247;12173.6;10399.8;8881.15;7581;6467.5;5513.05;4694.45;3991.51;3386.94
1;8997646165000;50;frequency;199.9999999213742;234.625769479635;275.2462588517801;322.8993264769997;378.802514688914;444.3841576318164;521.3198749487447;611.5753842550475;717.456725922716;841.6691823498468;987.3863981368913;1158.33146786315;1358.872060208682;1594.132014446359;1870.122253535556;2193.894364737048;2573.720768452858;3019.306079821149;3542.035062906734;4155.263512473084;4874.659497176026;5718.603679767398;6708.658946337209;7870.121340545211;9232.666380967203;10831.10727442716;12706.28439819177;14906.10877695531;17486.78621595445;20514.25336674129;24065.86241733066;28232.35745111674;33120.19296963342;38854.25382030405;45581.04601983359;53472.44000269313;62730.06193403319;73590.44528463698;86331.07429211862;101277.4737211686;118811.5260634959;139381.228686517;163512.140226203;191820.8086789974;225030.524286467;263989.7996954232;309694.0495706946;363311.0235703185;426210.642505751;499999.9999999716
1;8997646165000;50;phasez;-1.52999;-1.53058;-1.53063;-1.53141;-1.53168;-1.53231;-1.53232;-1.53274;-1.53344;-1.53327;-1.53364;-1.53447;-1.53458;-1.5349;-1.53513;-1.5353;-1.53544;-1.53569;-1.53585;-1.53601;-1.5361;-1.53617;-1.53618;-1.53612;-1.53602;-1.53583;-1.53555;-1.53516;-1.53467;-1.53404;-1.53326;-1.53232;-1.53119;-1.52982;-1.52821;-1.5263;-1.52402;-1.52132;-1.51813;-1.51436;-1.5099;-1.50462;-1.49838;-1.49098;-1.48222;-1.47183;-1.45949;-1.44479;-1.42722;-1.40611
2;8998412298508;50;absz;82264.2;73654.4;65917.7;59027.1;52850.3;47305.2;42351.8;37920.4;33942.4;30388.1;27200.1;24351.9;21798.8;19512.4;17466.9;15636.3;13997.4;12528.6;11215.4;10039;8986.12;8043.21;7199.54;6443.87;5767.41;5162.03;4620.09;4134.78;3700.31;3311.39;2963.18;2651.39;2372.25;2122.22;1898.43;1697.98;1518.46;1357.69;1213.66;1084.65;969.084;865.587;772.874;689.856;615.641;549.314;490.169;437.559;391.065;350.327
2;8998412298508;50;frequency;20000.00000002444;22385.53853899816;25055.61678390222;28044.17375656954;31389.19662092121;35133.2035329932;39323.78408414649;44014.2042055669;49264.08322518227;55140.1516811012;61717.09952482729;69078.52549602467;77317.99973512921;86540.25314108083;96862.50859274992;108415.9709538568;121347.4948009008;135821.4510731415;152021.8163702936;170154.5114554648;190450.0186878266;213166.3116533389;238592.1342356312;267050.6708003728;298903.6541519141;334555.9634717432;374460.7706856584;419125.3006744233;469117.2785435782;525072.1459047724;587701.13789258;657800.3235824071;736260.7247225839;824079.6413975459;922373.3285811875;1032391.184709951;1155531.632626961;1293359.894754076;1447627.888434013;1620296.494325686;1813560.480908265;2029876.401899315;2271993.821195295;2542990.262224833;2846310.325953354;3185809.474764127;3565803.038745301;3991121.067296888;4467169.723268114;4999999.999999929
2;8998412298508;50;phasez;-1.53775;-1.5376;-1.53726;-1.53695;-1.53679;-1.53616;-1.53557;-1.5349;-1.53425;-1.53334;-1.53244;-1.53133;-1.52996;-1.52856;-1.52684;-1.52497;-1.52286;-1.52046;-1.51773;-1.51469;-1.51127;-1.50747;-1.50313;-1.49828;-1.49283;-1.48673;-1.47985;-1.47219;-1.46354;-1.45386;-1.443;-1.43083;-1.41715;-1.4018;-1.38455;-1.36516;-1.34337;-1.31886;-1.29126;-1.26017;-1.2251;-1.18548;-1.14067;-1.08989;-1.03219;-0.966582;-0.89169;-0.806151;-0.708138;-0.595695
3;8998731631578;20;absz;17003.4;13892;11345.5;9266.85;7569.13;6181.05;5047.83;4121.73;3365.19;2746.99;2241.6;1828.42;1490.83;1214.61;988.736;803.919;652.786;529.489;429.46;349.483
3;8998731631578;20;frequency;99999.99999990905;122862.535599424;150952.0265389597;185463.4873444638;227865.1431623047;279960.8926363817;343967.05137965;422606.6409511731;519225.2346839865;637933.2888043621;783781.0140572543;962973.2274171232;1183133.324347452;1453627.601814205;1785963.729760951;2194280.323268956;2695948.443325946;3312310.615921419;4069588.809647371;4999999.999999929
3;8998731631578;20;phasez;-1.52594;-1.52278;-1.51875;-1.51374;-1.50744;-1.49957;-1.4898;-1.47775;-1.4628;-1.44429;-1.42139;-1.39301;-1.35783;-1.31414;-1.25971;-1.19164;-1.10604;-0.99768;-0.859303;-0.681253
