0;2948592911697;20;absz;1.72293e+08;1.24875e+08;9.05596e+07;6.56287e+07;4.75773e+07;3.44646e+07;2.49846e+07;1.81044e+07;1.31133e+07;9.49778e+06;6.87709e+06;4.97922e+06;3.60477e+06;2.60962e+06;1.88918e+06;1.36758e+06;989967;716613;518722;375464
0;2948592911697;20;frequency;9.999999974752427;13.86918846435492;19.23543905490988;26.67799336109056;37.00021196095804;51.31629158938722;71.17153245417285;98.70914048804025;136.9015682683994;189.8713664161278;263.3361782500288;365.2259113806622;506.5387032487934;702.5280792305466;974.3494403835484;1351.343611730726;1874.203936580443;2599.368780806799;3605.113577052066;4999.99999995282
0;2948592911697;20;phasez;-1.54246;-1.54371;-1.54422;-1.54499;-1.54584;-1.54638;-1.54684;-1.54752;-1.54812;-1.54859;-1.54882;-1.5489;-1.54871;-1.54818;-1.54729;-1.54591;-1.54392;-1.54109;-1.53709;-1.53149
1;2949362746235;50;absz;8.94144e+06;7.65332e+06;6.53304e+06;5.58178e+06;4.76027e+06;4.06638e+06;3.47615e+06;2.96741e+06;2.5331e+06;2.16396e+06;1.84797e+06;1.57833e+06;1.34809e+06;1.15129e+06;983394;839788;717221;612563;523197;446820;381618;325897;278321;237694;202999;173359;148051;126435;107972;92204.9;78739.3;67239.9;57417.8;49029.6;41866.4;35747.7;30521.9;26057.9;22245;18987.9;16205.7;13828.2;11796.9;10060.6;8576.22;7306.63;6220.02;5289.27;4491.31;3806.17
1;2949362746235;50;frequency;199.9999999213742;234.625769479635;275.2462588517801;322.8993264769997;378.802514688914;444.3841576318164;521.3198749487447;611.5753842550475;717.456725922716;841.6691823498468;987.3863981368913;1158.33146786315;1358.872060208682;1594.132014446359;1870.122253535556;2193.894364737048;2573.720768452858;3019.306079821149;3542.035062906734;4155.263512473084;4874.659497176026;5718.603679767398;6708.658946337209;7870.121340545211;9232.666380967203;10831.10727442716;12706.28439819177;14906.10877695531;17486.78621595445;20514.25336674129;24065.86241733066;28232.35745111674;33120.19296963342;38854.25382030405;45581.04601983359;53472.44000269313;62730.06193403319;73590.44528463698;86331.07429211862;101277.4737211686;118811.5260634959;139381.228686517;163512.140226203;191820.8086789974;225030.524286467;263989.7996954232;309694.0495706946;363311.0235703185;426210.642505751;499999.9999999716
1;2949362746235;50;phasez;-1.54808;-1.55099;-1.55139;-1.54933;-1.55011;-1.55094;-1.55115;-1.55095;-1.5513;-1.5514;-1.55121;-1.55118;-1.55125;-1.55125;-1.55141;-1.55127;-1.55124;-1.55119;-1.55113;-1.55102;-1.55091;-1.55077;-1.55062;-1.55037;-1.55011;-1.54979;-1.54937;-1.54889;-1.5483;-1.54761;-1.54677;-1.54577;-1.5446;-1.54321;-1.54157;-1.53963;-1.53734;-1.53464;-1.53143;-1.52763;-1.52314;-1.51782;-1.51153;-1.50408;-1.49525;-1.48478;-1.47235;-1.45755;-1.43986;-1.41861
2;2950130336764;50;absz;95002.5;85001.6;76019.5;67993.8;60812.2;54390.7;48656.9;43509.4;38916.3;34803.5;31124.6;27834.5;24892.8;22261.3;19908;17804;15921.6;14238.9;12733.6;11386.8;10182.3;9105.81;8141.98;7280.88;6510.43;5821.43;5205.2;4654.06;4161.13;3720.27;3325.96;2973.37;2657.93;2375.76;2123.4;1897.69;1695.73;1515.06;1353.41;1208.83;1079.43;963.678;860.145;767.543;684.866;611.107;545.401;487.12;435.701;390.775
2;2950130336764;50;frequency;20000.00000002444;22385.53853899816;25055.61678390222;28044.17375656954;31389.19662092121;35133.2035329932;39323.78408414649;44014.2042055669;49264.08322518227;55140.1516811012;61717.09952482729;69078.52549602467;77317.99973512921;86540.25314108083;96862.50859274992;108415.9709538568;121347.4948009008;135821.4510731415;152021.8163702936;170154.5114554648;190450.0186878266;213166.3116533389;238592.1342356312;267050.6708003728;298903.6541519141;334555.9634717432;374460.7706856584;419125.3006744233;469117.2785435782;525072.1459047724;587701.13789258;657800.3235824071;736260.7247225839;824079.6413975459;922373.3285811875;1032391.184709951;1155531.632626961;1293359.894754076;1447627.888434013;1620296.494325686;1813560.480908265;2029876.401899315;2271993.821195295;2542990.262224833;2846310.325953354;3185809.474764127;3565803.038745301;3991121.067296888;4467169.723268114;4999999.999999929
2;2950130336764;50;phasez;-1.55139;-1.55144;-1.55084;-1.55045;-1.55004;-1.5496;-1.54905;-1.54836;-1.54766;-1.54675;-1.54568;-1.54452;-1.54337;-1.54194;-1.54012;-1.53827;-1.53606;-1.53362;-1.5309;-1.52786;-1.52438;-1.52049;-1.51613;-1.51121;-1.50571;-1.49953;-1.49261;-1.4848;-1.47608;-1.46629;-1.45531;-1.44298;-1.42914;-1.41362;-1.39619;-1.37661;-1.35461;-1.32989;-1.30206;-1.27073;-1.23542;-1.19557;-1.15054;-1.09955;-1.04163;-0.975863;-0.900879;-0.81523;-0.717224;-0.604887
3;2950447268593;20;absz;19378.4;15804.6;12887.5;10505.5;8565.37;6982.88;5692.02;4639.64;3781.24;3081.56;2510.44;2044.64;1664.64;1354.57;1101.42;894.798;726.241;589.079;478.155;389.833
3;2950447268593;20;frequency;99999.99999990905;122862.535599424;150952.0265389597;185463.4873444638;227865.1431623047;279960.8926363817;343967.05137965;422606.6409511731;519225.2346839865;637933.2888043621;783781.0140572543;962973.2274171232;1183133.324347452;1453627.601814205;1785963.729760951;2194280.323268956;2695948.443325946;3312310.615921419;4069588.809647371;4999999.999999929
3;2950447268593;20;phasez;-1.5393;-1.53604;-1.53195;-1.52677;-1.52044;-1.51247;-1.50265;-1.49039;-1.47523;-1.45649;-1.43329;-1.40461;-1.36905;-1.32496;-1.27012;-1.20165;-1.11564;-1.00699;-0.868447;-0.690512
