0;128298824584;20;absz;3.15002e+08;2.27093e+08;1.64159e+08;1.18363e+08;8.54489e+07;6.17188e+07;4.45137e+07;3.2133e+07;2.31951e+07;1.67394e+07;1.20816e+07;8.72081e+06;6.29432e+06;4.54309e+06;3.27913e+06;2.36677e+06;1.70824e+06;1.23292e+06;889817;642210
0;128298824584;20;frequency;9.999999974752427;13.86918846435492;19.23543905490988;26.67799336109056;37.00021196095804;51.31629158938722;71.17153245417285;98.70914048804025;136.9015682683994;189.8713664161278;263.3361782500288;365.2259113806622;506.5387032487934;702.5280792305466;974.3494403835484;1351.343611730726;1874.203936580443;2599.368780806799;3605.113577052066;4999.99999995282
0;128298824584;20;phasez;-1.56555;-1.56572;-1.56554;-1.56597;-1.56586;-1.56465;-1.56542;-1.56531;-1.5654;-1.56501;-1.56465;-1.56426;-1.56368;-1.56292;-1.56181;-1.56024;-1.55813;-1.55514;-1.55096;-1.54515
1;129066885913;50;absz;1.57841e+07;1.34355e+07;1.14489e+07;9.7837e+06;8.32588e+06;7.11002e+06;6.05333e+06;5.17214e+06;4.40699e+06;3.76056e+06;3.20652e+06;2.73522e+06;2.33252e+06;1.98954e+06;1.69694e+06;1.44736e+06;1.23395e+06;1.05249e+06;897591;765416;652759;556703;474757;404885;345307;294495;251155;214203;182692;155813;132896;113349;96675.4;82457.6;70329.4;59984.5;51161.1;43632.6;37211;31732;27056.5;23066.3;19660.6;16752.6;14269.2;12147.1;10332.8;8780.29;7450.22;6309.17
1;129066885913;50;frequency;199.9999999213742;234.625769479635;275.2462588517801;322.8993264769997;378.802514688914;444.3841576318164;521.3198749487447;611.5753842550475;717.456725922716;841.6691823498468;987.3863981368913;1158.33146786315;1358.872060208682;1594.132014446359;1870.122253535556;2193.894364737048;2573.720768452858;3019.306079821149;3542.035062906734;4155.263512473084;4874.659497176026;5718.603679767398;6708.658946337209;7870.121340545211;9232.666380967203;10831.10727442716;12706.28439819177;14906.10877695531;17486.78621595445;20514.25336674129;24065.86241733066;28232.35745111674;33120.19296963342;38854.25382030405;45581.04601983359;53472.44000269313;62730.06193403319;73590.44528463698;86331.07429211862;101277.4737211686;118811.5260634959;139381.228686517;163512.140226203;191820.8086789974;225030.524286467;263989.7996954232;309694.0495706946;363311.0235703185;426210.642505751;499999.9999999716
1;129066885913;50;phasez;-1.56996;-1.56907;-1.56662;-1.5676;-1.56779;-1.56804;-1.56502;-1.56588;-1.56593;-1.56487;-1.56557;-1.56552;-1.56566;-1.56552;-1.56552;-1.56539;-1.56545;-1.56522;-1.56503;-1.56494;-1.56461;-1.56432;-1.564;-1.56363;-1.5632;-1.5627;-1.56206;-1.56139;-1.5606;-1.5597;-1.55863;-1.55741;-1.55601;-1.55435;-1.55247;-1.55027;-1.54772;-1.54475;-1.54128;-1.53724;-1.53249;-1.52694;-1.52041;-1.51274;-1.5037;-1.49304;-1.48043;-1.46547;-1.44764;-1.42627
2;129836548082;50;absz;160597;143522;128338;114681;102424;91530.1;81811.3;73127.8;65354.1;58398.6;52184.6;46638.6;41678.3;37248.3;33283.8;29742.9;26583.2;23754.4;21230.1;18973;16956.9;15155.4;13544.1;12104;10818.5;9668.27;8640.56;7722.03;6900.96;6167.09;5511.25;4924.97;4400.89;3932.47;3513.68;3139.37;2804.78;2505.67;2238.39;1999.44;1785.95;1595.18;1424.81;1272.61;1137.24;1016.65;909.613;815.123;732.241;660.444
2;129836548082;50;frequency;20000.00000002444;22385.53853899816;25055.61678390222;28044.17375656954;31389.19662092121;35133.2035329932;39323.78408414649;44014.2042055669;49264.08322518227;55140.1516811012;61717.09952482729;69078.52549602467;77317.99973512921;86540.25314108083;96862.50859274992;108415.9709538568;121347.4948009008;135821.4510731415;152021.8163702936;170154.5114554648;190450.0186878266;213166.3116533389;238592.1342356312;267050.6708003728;298903.6541519141;334555.9634717432;374460.7706856584;419125.3006744233;469117.2785435782;525072.1459047724;587701.13789258;657800.3235824071;736260.7247225839;824079.6413975459;922373.3285811875;1032391.184709951;1155531.632626961;1293359.894754076;1447627.888434013;1620296.494325686;1813560.480908265;2029876.401899315;2271993.821195295;2542990.262224833;2846310.325953354;3185809.474764127;3565803.038745301;3991121.067296888;4467169.723268114;4999999.999999929
2;129836548082;50;phasez;-1.56308;-1.56266;-1.56243;-1.5618;-1.56117;-1.56084;-1.55989;-1.55923;-1.55826;-1.55717;-1.55602;-1.55486;-1.55328;-1.55168;-1.54978;-1.54771;-1.54542;-1.54285;-1.53989;-1.53667;-1.53305;-1.52902;-1.52455;-1.5195;-1.51387;-1.50756;-1.50052;-1.49266;-1.48386;-1.47399;-1.46297;-1.45059;-1.4367;-1.42117;-1.40376;-1.38419;-1.36222;-1.33754;-1.30978;-1.27855;-1.24335;-1.20366;-1.15882;-1.10804;-1.05042;-0.985056;-0.910569;-0.825576;-0.728408;-0.617193
3;130155679250;20;absz;32394.3;26391.6;21494.7;17508.5;14260;11611.7;9455.1;7700.19;6269.45;5105.06;4156.04;3383.1;2753.49;2240.29;1822.14;1481.94;1205.06;980.893;800.688;658.904
3;130155679250;20;frequency;99999.99999990905;122862.535599424;150952.0265389597;185463.4873444638;227865.1431623047;279960.8926363817;343967.05137965;422606.6409511731;519225.2346839865;637933.2888043621;783781.0140572543;962973.2274171232;1183133.324347452;1453627.601814205;1785963.729760951;2194280.323268956;2695948.443325946;3312310.615921419;4069588.809647371;4999999.999999929
3;130155679250;20;phasez;-1.54892;-1.5452;-1.54088;-1.53554;-1.52887;-1.52065;-1.51061;-1.49819;-1.48293;-1.46406;-1.44084;-1.41211;-1.37664;-1.33262;-1.27795;-1.20977;-1.12412;-1.01616;-0.878684;-0.702517
