0;1709948117597;20;absz;1.95978e+08;1.41832e+08;1.02575e+08;7.4199e+07;5.36734e+07;3.88049e+07;2.80703e+07;2.02955e+07;1.46726e+07;1.06071e+07;7.66777e+06;5.54255e+06;4.00627e+06;2.89558e+06;2.09268e+06;1.51237e+06;1.09293e+06;789838;570807;412514
0;1709948117597;20;frequency;9.999999974752427;13.86918846435492;19.23543905490988;26.67799336109056;37.00021196095804;51.31629158938722;71.17153245417285;98.70914048804025;136.9015682683994;189.8713664161278;263.3361782500288;365.2259113806622;506.5387032487934;702.5280792305466;974.3494403835484;1351.343611730726;1874.203936580443;2599.368780806799;3605.113577052066;4999.99999995282
0;1709948117597;20;phasez;-1.55337;-1.55455;-1.5552;-1.55546;-1.55604;-1.55692;-1.55682;-1.55684;-1.55721;-1.55727;-1.55722;-1.55706;-1.55674;-1.55614;-1.55519;-1.55369;-1.55151;-1.54841;-1.54406;-1.53802
1;1710716436410;50;absz;1.00184e+07;8.52025e+06;7.27973e+06;6.21108e+06;5.30377e+06;4.52955e+06;3.85881e+06;3.293e+06;2.81207e+06;2.39849e+06;2.04706e+06;1.74686e+06;1.49064e+06;1.27215e+06;1.08574e+06;926336;790510;674622;575750;491294;419303;357829;305381;260627;222438;189848;162040;138306;118055;100772;86021.4;73430.5;62685.8;53513.3;45685.7;39002.5;33297;28425.7;24266.1;20714.6;17681.4;15089.9;12876.4;10984.5;9366.83;7983.42;6799.33;5784.96;4914.96;4167.68
1;1710716436410;50;frequency;199.9999999213742;234.625769479635;275.2462588517801;322.8993264769997;378.802514688914;444.3841576318164;521.3198749487447;611.5753842550475;717.456725922716;841.6691823498468;987.3863981368913;1158.33146786315;1358.872060208682;1594.132014446359;1870.122253535556;2193.894364737048;2573.720768452858;3019.306079821149;3542.035062906734;4155.263512473084;4874.659497176026;5718.603679767398;6708.658946337209;7870.121340545211;9232.666380967203;10831.10727442716;12706.28439819177;14906.10877695531;17486.78621595445;20514.25336674129;24065.86241733066;28232.35745111674;33120.19296963342;38854.25382030405;45581.04601983359;53472.44000269313;62730.06193403319;73590.44528463698;86331.07429211862;101277.4737211686;118811.5260634959;139381.228686517;163512.140226203;191820.8086789974;225030.524286467;263989.7996954232;309694.0495706946;363311.0235703185;426210.642505751;499999.9999999716
1;1710716436410;50;phasez;-1.55629;-1.55773;-1.56002;-1.55819;-1.55917;-1.5587;-1.55891;-1.55889;-1.55867;-1.55849;-1.55912;-1.55926;-1.55906;-1.55902;-1.55871;-1.55879;-1.55855;-1.55836;-1.55811;-1.55782;-1.5575;-1.55714;-1.5567;-1.55619;-1.55562;-1.55496;-1.55422;-1.55336;-1.55239;-1.55129;-1.55005;-1.54863;-1.54702;-1.54517;-1.54307;-1.54066;-1.53789;-1.53469;-1.53098;-1.52668;-1.52168;-1.51586;-1.50906;-1.50111;-1.49178;-1.48083;-1.46791;-1.45264;-1.4345;-1.4128
2;1711484679742;50;absz;103857;92848.6;83058.3;74268.3;66385.6;59377.2;53087.3;47470.1;42458.7;37967.2;33950.3;30362.6;27153.2;24282.1;21716.1;19422.2;17371.4;15536.1;13895.8;12428.7;11117.1;9943.53;8893.97;7955.3;7115.75;6364.9;5693.22;5092.5;4555.16;4074.47;3644.37;3259.68;2915.46;2607.48;2331.92;2085.27;1864.65;1667.13;1490.37;1332.17;1190.59;1063.89;950.544;849.125;758.597;677.783;605.838;542.049;485.823;436.782
2;1711484679742;50;frequency;20000.00000002444;22385.53853899816;25055.61678390222;28044.17375656954;31389.19662092121;35133.2035329932;39323.78408414649;44014.2042055669;49264.08322518227;55140.1516811012;61717.09952482729;69078.52549602467;77317.99973512921;86540.25314108083;96862.50859274992;108415.9709538568;121347.4948009008;135821.4510731415;152021.8163702936;170154.5114554648;190450.0186878266;213166.3116533389;238592.1342356312;267050.6708003728;298903.6541519141;334555.9634717432;374460.7706856584;419125.3006744233;469117.2785435782;525072.1459047724;587701.13789258;657800.3235824071;736260.7247225839;824079.6413975459;922373.3285811875;1032391.184709951;1155531.632626961;1293359.894754076;1447627.888434013;1620296.494325686;1813560.480908265;2029876.401899315;2271993.821195295;2542990.262224833;2846310.325953354;3185809.474764127;3565803.038745301;3991121.067296888;4467169.723268114;4999999.999999929
2;1711484679742;50;phasez;-1.55491;-1.55428;-1.55426;-1.5533;-1.55252;-1.55177;-1.55113;-1.55;-1.54885;-1.54765;-1.54641;-1.54486;-1.54317;-1.5413;-1.53936;-1.53707;-1.53457;-1.53181;-1.52868;-1.52527;-1.5215;-1.51721;-1.51252;-1.50722;-1.50141;-1.4949;-1.48764;-1.47955;-1.47049;-1.46039;-1.44911;-1.43649;-1.42237;-1.40657;-1.38887;-1.36905;-1.34681;-1.32184;-1.29378;-1.26223;-1.22671;-1.18666;-1.14145;-1.0903;-1.03219;-0.966274;-0.89116;-0.805424;-0.707333;-0.594974
3;1711803368448;20;absz;21134.7;17241.4;14063;11467.6;9353.71;7629.85;6222.94;5076.19;4140.34;3377.14;2754.27;2245.69;1830.37;1491.45;1214.54;988.416;803.813;653.602;532.168;435.688
3;1711803368448;20;frequency;99999.99999990905;122862.535599424;150952.0265389597;185463.4873444638;227865.1431623047;279960.8926363817;343967.05137965;422606.6409511731;519225.2346839865;637933.2888043621;783781.0140572543;962973.2274171232;1183133.324347452;1453627.601814205;1785963.729760951;2194280.323268956;2695948.443325946;3312310.615921419;4069588.809647371;4999999.999999929
3;1711803368448;20;phasez;-1.53831;-1.53456;-1.52977;-1.52398;-1.51696;-1.50842;-1.49791;-1.48512;-1.46934;-1.45008;-1.42638;-1.3972;-1.3612;-1.31668;-1.26144;-1.19261;-1.10628;-0.997345;-0.858592;-0.680585
