0;8583941738348;20;absz;1.36746e+08;9.97139e+07;7.26364e+07;5.29144e+07;3.85271e+07;2.80364e+07;2.04077e+07;1.4845e+07;1.07968e+07;7.85129e+06;5.7079e+06;4.14903e+06;3.01543e+06;2.19123e+06;1.5921e+06;1.15658e+06;840119;610148;443051;321656
0;8583941738348;20;frequency;9.999999974752427;13.86918846435492;19.23543905490988;26.67799336109056;37.00021196095804;51.31629158938722;71.17153245417285;98.70914048804025;136.9015682683994;189.8713664161278;263.3361782500288;365.2259113806622;506.5387032487934;702.5280792305466;974.3494403835484;1351.343611730726;1874.203936580443;2599.368780806799;3605.113577052066;4999.99999995282
0;8583941738348;20;phasez;-1.51115;-1.51451;-1.51741;-1.51984;-1.52184;-1.52382;-1.52556;-1.5269;-1.52805;-1.52895;-1.52963;-1.53014;-1.53042;-1.53041;-1.53004;-1.52923;-1.52775;-1.52543;-1.52194;-1.51679
1;8584711785996;50;absz;7.40807e+06;6.32935e+06;5.4195e+06;4.63709e+06;3.97183e+06;3.39856e+06;2.9064e+06;2.48762e+06;2.1282e+06;1.8212e+06;1.55808e+06;1.3326e+06;1.14023e+06;975402;834391;713843;610587;522316;446778;382137;326851;279538;239083;204467;174860;149536;127878;109355;93510.6;79963.4;68377.2;58468.6;49995.7;42749.7;36553.3;31253.3;26720.5;22844;19528.5;16692.4;14266.4;12190.5;10414.3;8893.97;7592.09;6476.97;5521.26;4701.36;3997.35;3391.9
1;8584711785996;50;frequency;199.9999999213742;234.625769479635;275.2462588517801;322.8993264769997;378.802514688914;444.3841576318164;521.3198749487447;611.5753842550475;717.456725922716;841.6691823498468;987.3863981368913;1158.33146786315;1358.872060208682;1594.132014446359;1870.122253535556;2193.894364737048;2573.720768452858;3019.306079821149;3542.035062906734;4155.263512473084;4874.659497176026;5718.603679767398;6708.658946337209;7870.121340545211;9232.666380967203;10831.10727442716;12706.28439819177;14906.10877695531;17486.78621595445;20514.25336674129;24065.86241733066;28232.35745111674;33120.19296963342;38854.25382030405;45581.04601983359;53472.44000269313;62730.06193403319;73590.44528463698;86331.07429211862;101277.4737211686;118811.5260634959;139381.228686517;163512.140226203;191820.8086789974;225030.524286467;263989.7996954232;309694.0495706946;363311.0235703185;426210.642505751;499999.9999999716
1;8584711785996;50;phasez;-1.52918;-1.53193;-1.532;-1.53211;-1.53318;-1.53165;-1.53311;-1.53273;-1.53325;-1.5337;-1.53402;-1.53429;-1.53464;-1.53482;-1.53511;-1.53535;-1.53558;-1.53573;-1.53591;-1.53605;-1.53616;-1.53623;-1.53624;-1.53618;-1.53605;-1.53586;-1.53557;-1.53518;-1.53468;-1.53405;-1.53326;-1.5323;-1.53114;-1.52976;-1.52812;-1.52619;-1.52391;-1.52121;-1.51801;-1.51423;-1.50977;-1.5045;-1.49826;-1.49089;-1.48214;-1.47178;-1.45945;-1.44478;-1.42722;-1.40613
2;8585480167441;50;absz;82336.5;73715.7;66005.9;59096.5;52899.6;47365.9;42403.4;37957.8;33983.9;30423.3;27233.2;24379.5;21822.9;19537.2;17490.9;15656.3;14015.3;12545.6;11230.1;10052.4;8998.38;8054.3;7209.39;6452.99;5775.74;5169.46;4626.64;4140.63;3705.61;3316.13;2967.37;2655.16;2375.61;2125.26;1901.09;1700.38;1520.58;1359.56;1215.32;1086.14;970.405;866.743;773.903;690.757;616.438;550.009;490.76;438.106;391.541;350.747
2;8585480167441;50;frequency;20000.00000002444;22385.53853899816;25055.61678390222;28044.17375656954;31389.19662092121;35133.2035329932;39323.78408414649;44014.2042055669;49264.08322518227;55140.1516811012;61717.09952482729;69078.52549602467;77317.99973512921;86540.25314108083;96862.50859274992;108415.9709538568;121347.4948009008;135821.4510731415;152021.8163702936;170154.5114554648;190450.0186878266;213166.3116533389;238592.1342356312;267050.6708003728;298903.6541519141;334555.9634717432;374460.7706856584;419125.3006744233;469117.2785435782;525072.1459047724;587701.13789258;657800.3235824071;736260.7247225839;824079.6413975459;922373.3285811875;1032391.184709951;1155531.632626961;1293359.894754076;1447627.888434013;1620296.494325686;1813560.480908265;2029876.401899315;2271993.821195295;2542990.262224833;2846310.325953354;3185809.474764127;3565803.038745301;3991121.067296888;4467169.723268114;4999999.999999929
2;8585480167441;50;phasez;-1.53764;-1.5374;-1.53732;-1.53694;-1.53662;-1.53613;-1.53567;-1.53495;-1.53418;-1.53333;-1.53228;-1.53113;-1.52984;-1.52839;-1.52667;-1.52484;-1.52273;-1.52032;-1.51761;-1.51459;-1.51116;-1.50735;-1.50302;-1.49822;-1.49278;-1.48668;-1.47986;-1.47219;-1.46356;-1.4539;-1.44306;-1.43089;-1.41724;-1.40189;-1.38466;-1.36529;-1.34353;-1.31903;-1.29145;-1.26037;-1.22531;-1.18571;-1.14092;-1.09015;-1.03249;-0.966894;-0.892054;-0.806508;-0.708515;-0.596095
3;8585796445762;20;absz;17019.7;13908.1;11359.5;9278.16;7578.8;6188.86;5054.58;4127.13;3369.58;2750.58;2244.54;1830.76;1492.72;1216.16;989.952;804.88;653.534;530.08;429.912;349.846
3;8585796445762;20;frequency;99999.99999990905;122862.535599424;150952.0265389597;185463.4873444638;227865.1431623047;279960.8926363817;343967.05137965;422606.6409511731;519225.2346839865;637933.2888043621;783781.0140572543;962973.2274171232;1183133.324347452;1453627.601814205;1785963.729760951;2194280.323268956;2695948.443325946;3312310.615921419;4069588.809647371;4999999.999999929
3;8585796445762;20;phasez;-1.52582;-1.52266;-1.51868;-1.51362;-1.50735;-1.49946;-1.48984;-1.47775;-1.46285;-1.44436;-1.4215;-1.39315;-1.35802;-1.31436;-1.25997;-1.19196;-1.10639;-0.998082;-0.859735;-0.681747
