0;9817188024636;20;absz;1.36101e+08;9.92402e+07;7.23623e+07;5.26986e+07;3.83828e+07;2.79471e+07;2.03306e+07;1.47924e+07;1.07595e+07;7.8245e+06;5.68862e+06;4.13538e+06;3.00566e+06;2.18423e+06;1.58706e+06;1.15294e+06;837509;608276;441697;320698
0;9817188024636;20;frequency;9.999999974752427;13.86918846435492;19.23543905490988;26.67799336109056;37.00021196095804;51.31629158938722;71.17153245417285;98.70914048804025;136.9015682683994;189.8713664161278;263.3361782500288;365.2259113806622;506.5387032487934;702.5280792305466;974.3494403835484;1351.343611730726;1874.203936580443;2599.368780806799;3605.113577052066;4999.99999995282
0;9817188024636;20;phasez;-1.51035;-1.5144;-1.51667;-1.51948;-1.52156;-1.52319;-1.52506;-1.52647;-1.52762;-1.52852;-1.52933;-1.52985;-1.53016;-1.5302;-1.52985;-1.52901;-1.52756;-1.52524;-1.52173;-1.51658
1;9817959259519;50;absz;7.37128e+06;6.30845e+06;5.39567e+06;4.62561e+06;3.95533e+06;3.38518e+06;2.89872e+06;2.47813e+06;2.12094e+06;1.8155e+06;1.55253e+06;1.32866e+06;1.13667e+06;972209;831887;711650;608718;520722;445418;380980;325866;278712;238374;203868;174352;149109;127512;109044;93247.9;79737.6;68184.3;58305.4;49856.2;42630.2;36450.8;31166.1;26646.3;22780.7;19474;16645.9;14226.2;12156.2;10385.1;8868.75;7570.61;6458.73;5505.78;4688.25;3986.26;3382.56
1;9817959259519;50;frequency;199.9999999213742;234.625769479635;275.2462588517801;322.8993264769997;378.802514688914;444.3841576318164;521.3198749487447;611.5753842550475;717.456725922716;841.6691823498468;987.3863981368913;1158.33146786315;1358.872060208682;1594.132014446359;1870.122253535556;2193.894364737048;2573.720768452858;3019.306079821149;3542.035062906734;4155.263512473084;4874.659497176026;5718.603679767398;6708.658946337209;7870.121340545211;9232.666380967203;10831.10727442716;12706.28439819177;14906.10877695531;17486.78621595445;20514.25336674129;24065.86241733066;28232.35745111674;33120.19296963342;38854.25382030405;45581.04601983359;53472.44000269313;62730.06193403319;73590.44528463698;86331.07429211862;101277.4737211686;118811.5260634959;139381.228686517;163512.140226203;191820.8086789974;225030.524286467;263989.7996954232;309694.0495706946;363311.0235703185;426210.642505751;499999.9999999716
1;9817959259519;50;phasez;-1.52869;-1.53185;-1.53158;-1.53203;-1.53152;-1.53269;-1.53264;-1.5324;-1.53277;-1.53342;-1.53391;-1.5342;-1.53439;-1.53479;-1.535;-1.53516;-1.53536;-1.53561;-1.53573;-1.53588;-1.53597;-1.53605;-1.53606;-1.536;-1.53589;-1.5357;-1.53543;-1.53505;-1.53456;-1.53393;-1.53316;-1.53221;-1.53107;-1.5297;-1.52807;-1.52615;-1.52387;-1.52117;-1.51797;-1.5142;-1.50974;-1.50446;-1.49822;-1.49083;-1.48208;-1.4717;-1.45936;-1.44468;-1.42712;-1.40602
2;9818730560243;50;absz;82152.8;73547.8;65847.4;58944.2;52791;47251.8;42301.1;37868.9;33901;30347;27167.5;24319.6;21771;19489.2;17446.5;15617.5;13980.9;12514.9;11202.3;10027.8;8976.1;8034.37;7191.55;6436.69;5761.14;5156.65;4615.1;4130.46;3696.38;3307.87;2960.07;2648.62;2369.73;2120.07;1896.45;1696.2;1516.89;1356.27;1212.4;1083.53;968.09;864.712;772.105;689.171;615.01;548.737;489.62;437.089;390.628;349.919
2;9818730560243;50;frequency;20000.00000002444;22385.53853899816;25055.61678390222;28044.17375656954;31389.19662092121;35133.2035329932;39323.78408414649;44014.2042055669;49264.08322518227;55140.1516811012;61717.09952482729;69078.52549602467;77317.99973512921;86540.25314108083;96862.50859274992;108415.9709538568;121347.4948009008;135821.4510731415;152021.8163702936;170154.5114554648;190450.0186878266;213166.3116533389;238592.1342356312;267050.6708003728;298903.6541519141;334555.9634717432;374460.7706856584;419125.3006744233;469117.2785435782;525072.1459047724;587701.13789258;657800.3235824071;736260.7247225839;824079.6413975459;922373.3285811875;1032391.184709951;1155531.632626961;1293359.894754076;1447627.888434013;1620296.494325686;1813560.480908265;2029876.401899315;2271993.821195295;2542990.262224833;2846310.325953354;3185809.474764127;3565803.038745301;3991121.067296888;4467169.723268114;4999999.999999929
2;9818730560243;50;phasez;-1.53749;-1.53757;-1.53733;-1.53683;-1.5364;-1.53602;-1.53541;-1.53477;-1.53418;-1.53328;-1.53233;-1.53109;-1.52979;-1.52838;-1.52668;-1.52484;-1.52267;-1.52026;-1.51759;-1.51454;-1.51115;-1.50731;-1.50298;-1.49814;-1.49271;-1.48661;-1.47975;-1.47206;-1.46345;-1.45377;-1.44291;-1.43073;-1.41706;-1.4017;-1.38445;-1.36507;-1.34329;-1.31877;-1.29118;-1.26009;-1.22501;-1.1854;-1.1406;-1.08982;-1.03214;-0.966544;-0.891696;-0.806135;-0.708127;-0.595686
3;9819046635972;20;absz;16986.4;13876.3;11333.6;9256.97;7561.45;6174.7;5042.79;4117.53;3361.85;2744.21;2239.3;1826.55;1489.34;1213.42;987.768;803.141;652.13;528.93;428.978;349.078
3;9819046635972;20;frequency;99999.99999990905;122862.535599424;150952.0265389597;185463.4873444638;227865.1431623047;279960.8926363817;343967.05137965;422606.6409511731;519225.2346839865;637933.2888043621;783781.0140572543;962973.2274171232;1183133.324347452;1453627.601814205;1785963.729760951;2194280.323268956;2695948.443325946;3312310.615921419;4069588.809647371;4999999.999999929
3;9819046635972;20;phasez;-1.52593;-1.52267;-1.51862;-1.51357;-1.50729;-1.49947;-1.48971;-1.47765;-1.46272;-1.4442;-1.4213;-1.39295;-1.35777;-1.31407;-1.25966;-1.19163;-1.10605;-0.997715;-0.859347;-0.68131
