0;340289951212;20;absz;2.66375e+08;1.92796e+08;1.3924e+08;1.00676e+08;7.2769e+07;5.26181e+07;3.80333e+07;2.74933e+07;1.98731e+07;1.43669e+07;1.03875e+07;7.51006e+06;5.42999e+06;3.92597e+06;2.83852e+06;2.05221e+06;1.48367e+06;1.07263e+06;775439;560599
0;340289951212;20;frequency;9.999999974752427;13.86918846435492;19.23543905490988;26.67799336109056;37.00021196095804;51.31629158938722;71.17153245417285;98.70914048804025;136.9015682683994;189.8713664161278;263.3361782500288;365.2259113806622;506.5387032487934;702.5280792305466;974.3494403835484;1351.343611730726;1874.203936580443;2599.368780806799;3605.113577052066;4999.99999995282
0;340289951212;20;phasez;-1.55843;-1.55774;-1.55818;-1.55812;-1.55787;-1.55719;-1.55769;-1.55767;-1.55745;-1.55708;-1.55667;-1.55618;-1.55557;-1.55476;-1.55366;-1.55212;-1.55;-1.547;-1.54279;-1.53694
1;341059901557;50;absz;1.35434e+07;1.15479e+07;9.83923e+06;8.43172e+06;7.17578e+06;6.13634e+06;5.22578e+06;4.46458e+06;3.81097e+06;3.2546e+06;2.77694e+06;2.36932e+06;2.02271e+06;1.72613e+06;1.47348e+06;1.2577e+06;1.07348e+06;916204;781990;667432;569677;486216;414995;354214;302344;258065;220273;188016;160492;136995;116943;99825;85213.7;72742.6;62096.3;53008.5;45249.2;38624;32967.2;28137.2;24012.1;20488.8;17478.8;14906.7;12708;10827.9;9218.58;7840.46;6658.78;5643.91
1;341059901557;50;frequency;199.9999999213742;234.625769479635;275.2462588517801;322.8993264769997;378.802514688914;444.3841576318164;521.3198749487447;611.5753842550475;717.456725922716;841.6691823498468;987.3863981368913;1158.33146786315;1358.872060208682;1594.132014446359;1870.122253535556;2193.894364737048;2573.720768452858;3019.306079821149;3542.035062906734;4155.263512473084;4874.659497176026;5718.603679767398;6708.658946337209;7870.121340545211;9232.666380967203;10831.10727442716;12706.28439819177;14906.10877695531;17486.78621595445;20514.25336674129;24065.86241733066;28232.35745111674;33120.19296963342;38854.25382030405;45581.04601983359;53472.44000269313;62730.06193403319;73590.44528463698;86331.07429211862;101277.4737211686;118811.5260634959;139381.228686517;163512.140226203;191820.8086789974;225030.524286467;263989.7996954232;309694.0495706946;363311.0235703185;426210.642505751;499999.9999999716
1;341059901557;50;phasez;-1.55424;-1.55787;-1.55929;-1.55596;-1.55745;-1.55769;-1.55806;-1.55822;-1.5576;-1.55775;-1.55759;-1.55739;-1.55735;-1.5574;-1.55737;-1.55732;-1.5572;-1.55705;-1.55693;-1.55667;-1.55645;-1.55613;-1.55582;-1.55544;-1.55498;-1.55446;-1.55385;-1.55315;-1.55233;-1.55139;-1.5503;-1.54906;-1.54761;-1.54595;-1.54403;-1.54182;-1.53924;-1.53624;-1.53275;-1.52868;-1.52392;-1.51833;-1.51179;-1.50409;-1.49504;-1.48436;-1.47173;-1.45676;-1.43892;-1.41754
2;341831137717;50;absz;141294;126297;112832;100952;90268.7;80712.5;72176.6;64534;57715.7;51595.6;46133.5;41259.9;36892.5;32989;29498;26378.7;23587.5;21093.9;18863;16869;15085.7;13490.4;12064.4;10788.6;9648.44;8627.93;7715.5;6899.37;6169.55;5517.04;4933.29;4411.12;3944.03;3526.36;3152.74;2818.47;2519.51;2252.11;2012.9;1798.99;1607.7;1436.63;1283.71;1147.11;1025.34;916.815;820.377;735.137;660.256;595.285
2;341831137717;50;frequency;20000.00000002444;22385.53853899816;25055.61678390222;28044.17375656954;31389.19662092121;35133.2035329932;39323.78408414649;44014.2042055669;49264.08322518227;55140.1516811012;61717.09952482729;69078.52549602467;77317.99973512921;86540.25314108083;96862.50859274992;108415.9709538568;121347.4948009008;135821.4510731415;152021.8163702936;170154.5114554648;190450.0186878266;213166.3116533389;238592.1342356312;267050.6708003728;298903.6541519141;334555.9634717432;374460.7706856584;419125.3006744233;469117.2785435782;525072.1459047724;587701.13789258;657800.3235824071;736260.7247225839;824079.6413975459;922373.3285811875;1032391.184709951;1155531.632626961;1293359.894754076;1447627.888434013;1620296.494325686;1813560.480908265;2029876.401899315;2271993.821195295;2542990.262224833;2846310.325953354;3185809.474764127;3565803.038745301;3991121.067296888;4467169.723268114;4999999.999999929
2;341831137717;50;phasez;-1.55456;-1.55452;-1.55376;-1.55373;-1.55275;-1.5527;-1.55178;-1.55082;-1.55;-1.54872;-1.54762;-1.54641;-1.54487;-1.54321;-1.54124;-1.53916;-1.53673;-1.53416;-1.53132;-1.52805;-1.52444;-1.5204;-1.51583;-1.51077;-1.50518;-1.49887;-1.49182;-1.48394;-1.47512;-1.46525;-1.45421;-1.44183;-1.42795;-1.4124;-1.39497;-1.37538;-1.35342;-1.32873;-1.30095;-1.2697;-1.23449;-1.19478;-1.14991;-1.09914;-1.04145;-0.976007;-0.901434;-0.816314;-0.719004;-0.607582
3;342151680391;20;absz;28709.5;23412.4;19093.4;15568;12692;10346.4;8435.97;6877.68;5606.81;4570.54;3725.03;3035.74;2473.25;2014.26;1639.97;1334.78;1086.15;884.398;721.977;593.764
3;342151680391;20;frequency;99999.99999990905;122862.535599424;150952.0265389597;185463.4873444638;227865.1431623047;279960.8926363817;343967.05137965;422606.6409511731;519225.2346839865;637933.2888043621;783781.0140572543;962973.2274171232;1183133.324347452;1453627.601814205;1785963.729760951;2194280.323268956;2695948.443325946;3312310.615921419;4069588.809647371;4999999.999999929
3;342151680391;20;phasez;-1.54041;-1.53669;-1.53236;-1.52683;-1.52017;-1.51199;-1.5019;-1.48946;-1.47419;-1.45534;-1.43208;-1.40336;-1.36784;-1.32383;-1.26914;-1.20093;-1.11527;-1.00719;-0.869539;-0.693052
