0;2290236538919;20;absz;1.84316e+08;1.33278e+08;9.65101e+07;6.98515e+07;5.05518e+07;3.65768e+07;2.64781e+07;1.91613e+07;1.38671e+07;1.00362e+07;7.26295e+06;5.25612e+06;3.80336e+06;2.75198e+06;1.99104e+06;1.44037e+06;1.04194e+06;753624;545011;394106
0;2290236538919;20;frequency;9.999999974752427;13.86918846435492;19.23543905490988;26.67799336109056;37.00021196095804;51.31629158938722;71.17153245417285;98.70914048804025;136.9015682683994;189.8713664161278;263.3361782500288;365.2259113806622;506.5387032487934;702.5280792305466;974.3494403835484;1351.343611730726;1874.203936580443;2599.368780806799;3605.113577052066;4999.99999995282
0;2290236538919;20;phasez;-1.55178;-1.55103;-1.5524;-1.55184;-1.55239;-1.55186;-1.55253;-1.55248;-1.55249;-1.55242;-1.55239;-1.5522;-1.55192;-1.55147;-1.55071;-1.54951;-1.54775;-1.54516;-1.5414;-1.53601
1;2291006547712;50;absz;9.45106e+06;8.07037e+06;6.88429e+06;5.88439e+06;5.0264e+06;4.29329e+06;3.66443e+06;3.13147e+06;2.67197e+06;2.28056e+06;1.94742e+06;1.663e+06;1.4199e+06;1.21218e+06;1.035e+06;883572;754215;643914;549708;469256;400563;341929;291860;249118;212633;181496;154911;132218;112850;96317.3;82208.3;70163.6;59885.1;51112;43623.7;37231.5;31775.8;27118.5;23142.4;19748.2;16850.1;14375.2;12261.3;10455.3;8911.91;7592.03;6463.03;5496.13;4667.19;3955.47
1;2291006547712;50;frequency;199.9999999213742;234.625769479635;275.2462588517801;322.8993264769997;378.802514688914;444.3841576318164;521.3198749487447;611.5753842550475;717.456725922716;841.6691823498468;987.3863981368913;1158.33146786315;1358.872060208682;1594.132014446359;1870.122253535556;2193.894364737048;2573.720768452858;3019.306079821149;3542.035062906734;4155.263512473084;4874.659497176026;5718.603679767398;6708.658946337209;7870.121340545211;9232.666380967203;10831.10727442716;12706.28439819177;14906.10877695531;17486.78621595445;20514.25336674129;24065.86241733066;28232.35745111674;33120.19296963342;38854.25382030405;45581.04601983359;53472.44000269313;62730.06193403319;73590.44528463698;86331.07429211862;101277.4737211686;118811.5260634959;139381.228686517;163512.140226203;191820.8086789974;225030.524286467;263989.7996954232;309694.0495706946;363311.0235703185;426210.642505751;499999.9999999716
1;2291006547712;50;phasez;-1.55335;-1.55304;-1.5534;-1.55281;-1.55433;-1.55356;-1.55313;-1.55419;-1.5543;-1.55435;-1.55484;-1.55464;-1.55486;-1.55494;-1.55509;-1.5552;-1.5553;-1.5554;-1.5554;-1.55544;-1.55542;-1.55537;-1.55527;-1.55511;-1.55488;-1.55456;-1.55415;-1.55362;-1.55298;-1.55217;-1.55122;-1.5501;-1.54876;-1.54717;-1.54531;-1.54314;-1.54059;-1.5376;-1.53409;-1.52999;-1.52518;-1.51952;-1.51289;-1.5051;-1.49592;-1.4851;-1.47232;-1.45718;-1.43915;-1.41757
2;2291774125670;50;absz;99264.2;88751.2;79338.5;70945.9;63437.3;56711.7;50710.5;45336.1;40540;36240.5;32403.4;28970.6;25904.7;23160.9;20706.2;18515.3;16554.2;14802.7;13236.4;11834.8;10582.2;9461.9;8460.72;7565.54;6764.74;6048.93;5408.75;4836.41;4324.45;3866.63;3457.22;3091.07;2763.56;2470.62;2208.58;1974.19;1764.5;1576.9;1409.05;1258.85;1124.47;1004.26;896.743;800.558;714.703;638.086;569.868;509.375;456.024;409.44
2;2291774125670;50;frequency;20000.00000002444;22385.53853899816;25055.61678390222;28044.17375656954;31389.19662092121;35133.2035329932;39323.78408414649;44014.2042055669;49264.08322518227;55140.1516811012;61717.09952482729;69078.52549602467;77317.99973512921;86540.25314108083;96862.50859274992;108415.9709538568;121347.4948009008;135821.4510731415;152021.8163702936;170154.5114554648;190450.0186878266;213166.3116533389;238592.1342356312;267050.6708003728;298903.6541519141;334555.9634717432;374460.7706856584;419125.3006744233;469117.2785435782;525072.1459047724;587701.13789258;657800.3235824071;736260.7247225839;824079.6413975459;922373.3285811875;1032391.184709951;1155531.632626961;1293359.894754076;1447627.888434013;1620296.494325686;1813560.480908265;2029876.401899315;2271993.821195295;2542990.262224833;2846310.325953354;3185809.474764127;3565803.038745301;3991121.067296888;4467169.723268114;4999999.999999929
2;2291774125670;50;phasez;-1.55586;-1.55564;-1.55504;-1.55471;-1.55431;-1.55356;-1.5529;-1.55214;-1.55117;-1.5502;-1.54897;-1.54768;-1.54622;-1.54441;-1.54249;-1.54038;-1.53807;-1.53546;-1.53244;-1.52913;-1.52542;-1.52132;-1.51668;-1.51154;-1.50576;-1.49935;-1.49219;-1.48417;-1.4752;-1.46517;-1.45396;-1.44141;-1.42736;-1.41161;-1.39399;-1.37419;-1.35199;-1.32706;-1.29904;-1.26751;-1.23201;-1.19196;-1.14674;-1.09558;-1.03746;-0.971512;-0.896345;-0.810534;-0.712345;-0.599865
3;2292091411417;20;absz;20154.6;16432.3;13395.7;10917.8;8899.76;7255.76;5913.95;4821.38;3929.79;3203.09;2610.28;2126.64;1732.07;1410.16;1147.28;932.71;757.638;615.205;500.037;408.433
3;2292091411417;20;frequency;99999.99999990905;122862.535599424;150952.0265389597;185463.4873444638;227865.1431623047;279960.8926363817;343967.05137965;422606.6409511731;519225.2346839865;637933.2888043621;783781.0140572543;962973.2274171232;1183133.324347452;1453627.601814205;1785963.729760951;2194280.323268956;2695948.443325946;3312310.615921419;4069588.809647371;4999999.999999929
3;2292091411417;20;phasez;-1.54171;-1.53801;-1.53351;-1.52792;-1.52109;-1.51267;-1.50242;-1.48971;-1.47415;-1.45501;-1.4314;-1.40231;-1.3664;-1.32193;-1.26673;-1.19791;-1.11156;-1.00257;-0.863708;-0.685479
