0;211992735587;20;absz;2.97919e+08;2.15059e+08;1.55338e+08;1.1218e+08;8.09973e+07;5.84955e+07;4.22408e+07;3.0511e+07;2.20378e+07;1.59124e+07;1.14923e+07;8.29972e+06;5.99385e+06;4.32874e+06;3.12622e+06;2.25765e+06;1.63043e+06;1.17744e+06;850276;614023
0;211992735587;20;frequency;9.999999974752427;13.86918846435492;19.23543905490988;26.67799336109056;37.00021196095804;51.31629158938722;71.17153245417285;98.70914048804025;136.9015682683994;189.8713664161278;263.3361782500288;365.2259113806622;506.5387032487934;702.5280792305466;974.3494403835484;1351.343611730726;1874.203936580443;2599.368780806799;3605.113577052066;4999.99999995282
0;211992735587;20;phasez;-1.56406;-1.56367;-1.56326;-1.5632;-1.56261;-1.56369;-1.56277;-1.56261;-1.56248;-1.56221;-1.56186;-1.56148;-1.56088;-1.56009;-1.55897;-1.55745;-1.5553;-1.5523;-1.54811;-1.54226
1;212760859674;50;absz;1.50404e+07;1.2762e+07;1.09287e+07;9.29858e+06;7.9326e+06;6.76187e+06;5.77128e+06;4.92739e+06;4.19788e+06;3.5832e+06;3.0574e+06;2.60687e+06;2.22453e+06;1.89831e+06;1.61911e+06;1.38134e+06;1.17829e+06;1.00516e+06;857374;731444;623919;532233;454046;387341;330417;281879;240469;205147;175017;149310;127386;108680;92721.8;79108;67492.4;57581.4;49125.1;41908.8;35750.6;30494.9;26009.1;22179.8;18910.7;16118.4;13733;11694.4;9950.48;8457.86;7178.83;6081.21
1;212760859674;50;frequency;199.9999999213742;234.625769479635;275.2462588517801;322.8993264769997;378.802514688914;444.3841576318164;521.3198749487447;611.5753842550475;717.456725922716;841.6691823498468;987.3863981368913;1158.33146786315;1358.872060208682;1594.132014446359;1870.122253535556;2193.894364737048;2573.720768452858;3019.306079821149;3542.035062906734;4155.263512473084;4874.659497176026;5718.603679767398;6708.658946337209;7870.121340545211;9232.666380967203;10831.10727442716;12706.28439819177;14906.10877695531;17486.78621595445;20514.25336674129;24065.86241733066;28232.35745111674;33120.19296963342;38854.25382030405;45581.04601983359;53472.44000269313;62730.06193403319;73590.44528463698;86331.07429211862;101277.4737211686;118811.5260634959;139381.228686517;163512.140226203;191820.8086789974;225030.524286467;263989.7996954232;309694.0495706946;363311.0235703185;426210.642505751;499999.9999999716
1;212760859674;50;phasez;-1.55999;-1.56342;-1.56283;-1.56384;-1.56366;-1.56255;-1.56436;-1.56353;-1.5626;-1.56344;-1.56307;-1.56319;-1.56275;-1.56271;-1.56246;-1.56249;-1.56248;-1.56241;-1.56217;-1.56188;-1.56169;-1.56143;-1.56114;-1.56076;-1.56031;-1.55981;-1.55922;-1.55852;-1.55772;-1.55679;-1.55572;-1.5545;-1.55308;-1.55144;-1.54953;-1.54734;-1.54478;-1.54181;-1.53834;-1.53428;-1.52954;-1.52398;-1.51745;-1.50977;-1.50073;-1.49007;-1.47746;-1.46249;-1.44466;-1.42329
2;213531438277;50;absz;153849;137600;122946;109943;98233.3;87811.9;78481.3;70147.8;62692.6;56036.6;50092.8;44766;40016.9;35773.4;31975.5;28579.3;25547.4;22836;20412.9;18246.1;16309.8;14579.9;13032.7;11650;10414.7;9309.48;8321.55;7438.21;6648.7;5942.97;5312;4747.96;4243.5;3792.47;3389.41;3028.9;2706.54;2418.39;2160.73;1930.4;1724.57;1540.61;1376.25;1229.42;1098.69;982.259;878.887;787.556;707.424;637.969
2;213531438277;50;frequency;20000.00000002444;22385.53853899816;25055.61678390222;28044.17375656954;31389.19662092121;35133.2035329932;39323.78408414649;44014.2042055669;49264.08322518227;55140.1516811012;61717.09952482729;69078.52549602467;77317.99973512921;86540.25314108083;96862.50859274992;108415.9709538568;121347.4948009008;135821.4510731415;152021.8163702936;170154.5114554648;190450.0186878266;213166.3116533389;238592.1342356312;267050.6708003728;298903.6541519141;334555.9634717432;374460.7706856584;419125.3006744233;469117.2785435782;525072.1459047724;587701.13789258;657800.3235824071;736260.7247225839;824079.6413975459;922373.3285811875;1032391.184709951;1155531.632626961;1293359.894754076;1447627.888434013;1620296.494325686;1813560.480908265;2029876.401899315;2271993.821195295;2542990.262224833;2846310.325953354;3185809.474764127;3565803.038745301;3991121.067296888;4467169.723268114;4999999.999999929
2;213531438277;50;phasez;-1.56009;-1.55979;-1.55945;-1.559;-1.55871;-1.55795;-1.55725;-1.55632;-1.55546;-1.55437;-1.55314;-1.55188;-1.55037;-1.54883;-1.54694;-1.54478;-1.5425;-1.5399;-1.53692;-1.53371;-1.5301;-1.52603;-1.52158;-1.51651;-1.51088;-1.50459;-1.49754;-1.48967;-1.48084;-1.47098;-1.45996;-1.44759;-1.43373;-1.41819;-1.40078;-1.38122;-1.35924;-1.33457;-1.30682;-1.27559;-1.2404;-1.2007;-1.15587;-1.1051;-1.04746;-0.982083;-0.90757;-0.822554;-0.725348;-0.614053
3;213848484576;20;absz;31112.2;25355.4;20657.5;16834;13715.7;11171.5;9101.45;7415.24;6039.41;4919.7;4006.78;3262.95;2656.48;2162.07;1759.13;1431.06;1163.95;947.526;773.476;636.369
3;213848484576;20;frequency;99999.99999990905;122862.535599424;150952.0265389597;185463.4873444638;227865.1431623047;279960.8926363817;343967.05137965;422606.6409511731;519225.2346839865;637933.2888043621;783781.0140572543;962973.2274171232;1183133.324347452;1453627.601814205;1785963.729760951;2194280.323268956;2695948.443325946;3312310.615921419;4069588.809647371;4999999.999999929
3;213848484576;20;phasez;-1.54589;-1.54233;-1.53794;-1.53254;-1.52585;-1.5177;-1.50766;-1.49521;-1.47991;-1.46107;-1.43782;-1.40916;-1.37366;-1.32968;-1.27502;-1.20684;-1.12123;-1.01324;-0.875729;-0.699472
