0;10539820072044;20;absz;1.35874e+08;9.90836e+07;7.22492e+07;5.26295e+07;3.83321e+07;2.79181e+07;2.03072e+07;1.47753e+07;1.0746e+07;7.81465e+06;5.68167e+06;4.13028e+06;3.00193e+06;2.18151e+06;1.58515e+06;1.15159e+06;836494;607552;441190;320328
0;10539820072044;20;frequency;9.999999974752427;13.86918846435492;19.23543905490988;26.67799336109056;37.00021196095804;51.31629158938722;71.17153245417285;98.70914048804025;136.9015682683994;189.8713664161278;263.3361782500288;365.2259113806622;506.5387032487934;702.5280792305466;974.3494403835484;1351.343611730726;1874.203936580443;2599.368780806799;3605.113577052066;4999.99999995282
0;10539820072044;20;phasez;-1.50917;-1.51316;-1.51656;-1.51902;-1.52147;-1.52299;-1.52491;-1.52637;-1.52761;-1.52855;-1.52926;-1.52982;-1.53013;-1.53015;-1.5298;-1.52897;-1.52748;-1.52515;-1.52163;-1.51647
1;10540591161674;50;absz;7.34954e+06;6.30827e+06;5.3989e+06;4.61457e+06;3.95322e+06;3.3835e+06;2.89374e+06;2.47653e+06;2.1192e+06;1.81319e+06;1.55114e+06;1.32678e+06;1.13533e+06;971140;830880;710764;608050;520132;444883;380523;325493;278396;238106;203646;174163;148944;127377;108928;93150.2;79657.1;68115.4;58246.3;49806.9;42588.5;36415.6;31136.4;26620.8;22759.2;19456.5;16630.8;14213.5;12145.4;10375.6;8860.75;7563.86;6453;5500.94;4684.25;3982.88;3379.69
1;10540591161674;50;frequency;199.9999999213742;234.625769479635;275.2462588517801;322.8993264769997;378.802514688914;444.3841576318164;521.3198749487447;611.5753842550475;717.456725922716;841.6691823498468;987.3863981368913;1158.33146786315;1358.872060208682;1594.132014446359;1870.122253535556;2193.894364737048;2573.720768452858;3019.306079821149;3542.035062906734;4155.263512473084;4874.659497176026;5718.603679767398;6708.658946337209;7870.121340545211;9232.666380967203;10831.10727442716;12706.28439819177;14906.10877695531;17486.78621595445;20514.25336674129;24065.86241733066;28232.35745111674;33120.19296963342;38854.25382030405;45581.04601983359;53472.44000269313;62730.06193403319;73590.44528463698;86331.07429211862;101277.4737211686;118811.5260634959;139381.228686517;163512.140226203;191820.8086789974;225030.524286467;263989.7996954232;309694.0495706946;363311.0235703185;426210.642505751;499999.9999999716
1;10540591161674;50;phasez;-1.53093;-1.52862;-1.53099;-1.53124;-1.53146;-1.5327;-1.53203;-1.53275;-1.53318;-1.53338;-1.53355;-1.53407;-1.53426;-1.53456;-1.53477;-1.53504;-1.53525;-1.53549;-1.53561;-1.5358;-1.53586;-1.53593;-1.53597;-1.5359;-1.53578;-1.53558;-1.53531;-1.53492;-1.53444;-1.53382;-1.53304;-1.53209;-1.53096;-1.52959;-1.52797;-1.52605;-1.52377;-1.52108;-1.51788;-1.51411;-1.50964;-1.50436;-1.49812;-1.49073;-1.48197;-1.47159;-1.45925;-1.44457;-1.427;-1.4059
2;10541361143062;50;absz;82064.4;73467;65766.8;58877.8;52708.4;47194.9;42248.4;37825;33860.8;30316.6;27136;24295;21746.1;19468.1;17427.9;15601.1;13965.4;12501.9;11191.1;10017.5;8966.8;8026.08;7184.22;6430.25;5755.44;5151.48;4610.51;4126.32;3692.83;3304.73;2957.2;2646.1;2367.51;2118.05;1894.72;1694.68;1515.54;1355.09;1211.36;1082.62;967.294;863.994;771.473;688.614;614.521;548.31;489.239;436.738;390.316;349.642
2;10541361143062;50;frequency;20000.00000002444;22385.53853899816;25055.61678390222;28044.17375656954;31389.19662092121;35133.2035329932;39323.78408414649;44014.2042055669;49264.08322518227;55140.1516811012;61717.09952482729;69078.52549602467;77317.99973512921;86540.25314108083;96862.50859274992;108415.9709538568;121347.4948009008;135821.4510731415;152021.8163702936;170154.5114554648;190450.0186878266;213166.3116533389;238592.1342356312;267050.6708003728;298903.6541519141;334555.9634717432;374460.7706856584;419125.3006744233;469117.2785435782;525072.1459047724;587701.13789258;657800.3235824071;736260.7247225839;824079.6413975459;922373.3285811875;1032391.184709951;1155531.632626961;1293359.894754076;1447627.888434013;1620296.494325686;1813560.480908265;2029876.401899315;2271993.821195295;2542990.262224833;2846310.325953354;3185809.474764127;3565803.038745301;3991121.067296888;4467169.723268114;4999999.999999929
2;10541361143062;50;phasez;-1.5374;-1.53739;-1.53669;-1.53656;-1.53617;-1.53581;-1.53543;-1.53469;-1.53405;-1.53321;-1.5322;-1.53095;-1.52968;-1.52822;-1.52657;-1.52469;-1.52259;-1.52019;-1.51747;-1.51443;-1.51102;-1.50719;-1.50287;-1.49803;-1.49258;-1.48648;-1.47963;-1.47195;-1.46333;-1.45364;-1.4428;-1.43061;-1.41694;-1.40157;-1.38432;-1.36494;-1.34315;-1.31864;-1.29105;-1.25995;-1.22488;-1.18527;-1.14048;-1.0897;-1.03203;-0.966437;-0.891591;-0.806037;-0.708027;-0.595607
3;10541680587132;20;absz;16965.8;13860.4;11320.6;9246.91;7552.87;6167.93;5037.48;4113.19;3358.2;2741.44;2237.09;1824.8;1487.97;1212.33;986.878;802.431;651.569;528.491;428.616;348.769
3;10541680587132;20;frequency;99999.99999990905;122862.535599424;150952.0265389597;185463.4873444638;227865.1431623047;279960.8926363817;343967.05137965;422606.6409511731;519225.2346839865;637933.2888043621;783781.0140572543;962973.2274171232;1183133.324347452;1453627.601814205;1785963.729760951;2194280.323268956;2695948.443325946;3312310.615921419;4069588.809647371;4999999.999999929
3;10541680587132;20;phasez;-1.52567;-1.52254;-1.51847;-1.51345;-1.5072;-1.49934;-1.48961;-1.47756;-1.46261;-1.44409;-1.42119;-1.39281;-1.35764;-1.31396;-1.25955;-1.19152;-1.10596;-0.997637;-0.859282;-0.681242
