0;4784064076342;20;absz;1.49184e+08;1.08505e+08;7.89094e+07;5.73649e+07;4.16993e+07;3.03216e+07;2.20281e+07;1.60077e+07;1.16307e+07;8.44944e+06;6.13715e+06;4.4568e+06;3.23611e+06;2.34905e+06;1.70494e+06;1.23714e+06;897573;651135;472255;342471
0;4784064076342;20;frequency;9.999999974752427;13.86918846435492;19.23543905490988;26.67799336109056;37.00021196095804;51.31629158938722;71.17153245417285;98.70914048804025;136.9015682683994;189.8713664161278;263.3361782500288;365.2259113806622;506.5387032487934;702.5280792305466;974.3494403835484;1351.343611730726;1874.203936580443;2599.368780806799;3605.113577052066;4999.99999995282
0;4784064076342;20;phasez;-1.52651;-1.52762;-1.52865;-1.52999;-1.53095;-1.53111;-1.53253;-1.53313;-1.53376;-1.53441;-1.53487;-1.53531;-1.53562;-1.53568;-1.53543;-1.53463;-1.53319;-1.53088;-1.52738;-1.52222
1;4784832578505;50;absz;7.94578e+06;6.81504e+06;5.8256e+06;4.98323e+06;4.26593e+06;3.6462e+06;3.12009e+06;2.66783e+06;2.28137e+06;1.9512e+06;1.66822e+06;1.42632e+06;1.21983e+06;1.04271e+06;891552;762194;651684;557103;476257;407126;348016;297488;254286;217350;185778;158784;135711;115989;99128.4;84721.4;72405.1;61878.7;52882;45192.5;38620.6;33002.7;28202;24098.3;20590.2;17591.6;15027.8;12835.7;10960.5;9356.44;7983.68;6808.27;5801.36;4937.92;4196.75;3559.59
1;4784832578505;50;frequency;199.9999999213742;234.625769479635;275.2462588517801;322.8993264769997;378.802514688914;444.3841576318164;521.3198749487447;611.5753842550475;717.456725922716;841.6691823498468;987.3863981368913;1158.33146786315;1358.872060208682;1594.132014446359;1870.122253535556;2193.894364737048;2573.720768452858;3019.306079821149;3542.035062906734;4155.263512473084;4874.659497176026;5718.603679767398;6708.658946337209;7870.121340545211;9232.666380967203;10831.10727442716;12706.28439819177;14906.10877695531;17486.78621595445;20514.25336674129;24065.86241733066;28232.35745111674;33120.19296963342;38854.25382030405;45581.04601983359;53472.44000269313;62730.06193403319;73590.44528463698;86331.07429211862;101277.4737211686;118811.5260634959;139381.228686517;163512.140226203;191820.8086789974;225030.524286467;263989.7996954232;309694.0495706946;363311.0235703185;426210.642505751;499999.9999999716
1;4784832578505;50;phasez;-1.53442;-1.53633;-1.53724;-1.53654;-1.53728;-1.53701;-1.53758;-1.5385;-1.53888;-1.53911;-1.53927;-1.53993;-1.53984;-1.54033;-1.54055;-1.54088;-1.54094;-1.54123;-1.54142;-1.54148;-1.54162;-1.54167;-1.54166;-1.54159;-1.54147;-1.54126;-1.54096;-1.54055;-1.54004;-1.53937;-1.53857;-1.53758;-1.53639;-1.53497;-1.53329;-1.5313;-1.52894;-1.52617;-1.5229;-1.51905;-1.51453;-1.5092;-1.50292;-1.49552;-1.48677;-1.47641;-1.46413;-1.44951;-1.43204;-1.41105
2;4785603623648;50;absz;87294.8;78115.3;69901.9;62570;56000.8;50106.6;44850.3;40124.3;35907.5;32134.9;28753;25731.1;23026;20605.5;18439.4;16501.6;14766.9;13215.1;11825;10581.9;9469.18;8473.85;7582.15;6784.76;6070.75;5432.09;4860.19;4348.34;3890.32;3480.18;3113.13;2784.62;2490.59;2227.38;1991.74;1780.82;1592.01;1422.94;1271.56;1136.06;1014.71;906.071;808.819;721.797;644.029;574.549;512.629;457.643;409.061;366.526
2;4785603623648;50;frequency;20000.00000002444;22385.53853899816;25055.61678390222;28044.17375656954;31389.19662092121;35133.2035329932;39323.78408414649;44014.2042055669;49264.08322518227;55140.1516811012;61717.09952482729;69078.52549602467;77317.99973512921;86540.25314108083;96862.50859274992;108415.9709538568;121347.4948009008;135821.4510731415;152021.8163702936;170154.5114554648;190450.0186878266;213166.3116533389;238592.1342356312;267050.6708003728;298903.6541519141;334555.9634717432;374460.7706856584;419125.3006744233;469117.2785435782;525072.1459047724;587701.13789258;657800.3235824071;736260.7247225839;824079.6413975459;922373.3285811875;1032391.184709951;1155531.632626961;1293359.894754076;1447627.888434013;1620296.494325686;1813560.480908265;2029876.401899315;2271993.821195295;2542990.262224833;2846310.325953354;3185809.474764127;3565803.038745301;3991121.067296888;4467169.723268114;4999999.999999929
2;4785603623648;50;phasez;-1.54302;-1.54301;-1.54255;-1.54217;-1.54194;-1.54132;-1.54067;-1.54015;-1.53927;-1.53844;-1.53734;-1.53621;-1.53484;-1.53328;-1.53156;-1.52968;-1.52743;-1.52504;-1.5223;-1.51927;-1.5158;-1.51198;-1.50767;-1.50287;-1.49744;-1.49137;-1.48458;-1.47698;-1.46842;-1.45882;-1.44804;-1.43593;-1.42234;-1.40706;-1.38989;-1.3706;-1.34889;-1.32448;-1.29698;-1.26598;-1.23101;-1.1915;-1.14682;-1.09619;-1.03864;-0.973229;-0.898598;-0.813315;-0.715627;-0.603592
3;4785919944632;20;absz;17953.2;14659.3;11966.1;9767.55;7973.84;6508.37;5312.02;4335.13;3537.13;2885.68;2353.27;1918.27;1563.1;1272.72;1035.42;841.432;682.97;553.834;449.194;365.658
3;4785919944632;20;frequency;99999.99999990905;122862.535599424;150952.0265389597;185463.4873444638;227865.1431623047;279960.8926363817;343967.05137965;422606.6409511731;519225.2346839865;637933.2888043621;783781.0140572543;962973.2274171232;1183133.324347452;1453627.601814205;1785963.729760951;2194280.323268956;2695948.443325946;3312310.615921419;4069588.809647371;4999999.999999929
3;4785919944632;20;phasez;-1.53073;-1.52741;-1.5233;-1.51825;-1.51192;-1.50417;-1.49451;-1.48255;-1.46774;-1.44939;-1.42663;-1.39841;-1.36341;-1.3199;-1.26567;-1.19784;-1.1125;-1.0045;-0.866618;-0.689259
