0;4362858190967;20;absz;1.5297e+08;1.1122e+08;8.08675e+07;5.88043e+07;4.27302e+07;3.10504e+07;2.25546e+07;1.63822e+07;1.18984e+07;8.63884e+06;6.27157e+06;4.5517e+06;3.30309e+06;2.39662e+06;1.73866e+06;1.26114e+06;914585;663168;480778;348496
0;4362858190967;20;frequency;9.999999974752427;13.86918846435492;19.23543905490988;26.67799336109056;37.00021196095804;51.31629158938722;71.17153245417285;98.70914048804025;136.9015682683994;189.8713664161278;263.3361782500288;365.2259113806622;506.5387032487934;702.5280792305466;974.3494403835484;1351.343611730726;1874.203936580443;2599.368780806799;3605.113577052066;4999.99999995282
0;4362858190967;20;phasez;-1.52884;-1.52971;-1.5306;-1.53185;-1.53296;-1.53421;-1.53454;-1.53536;-1.53608;-1.53674;-1.5373;-1.53775;-1.53798;-1.53794;-1.53758;-1.53673;-1.5353;-1.53298;-1.52945;-1.52423
1;4363626607202;50;absz;8.13693e+06;6.97363e+06;5.94878e+06;5.09357e+06;4.35367e+06;3.72045e+06;3.18374e+06;2.7217e+06;2.32622e+06;1.98962e+06;1.70073e+06;1.45393e+06;1.24314e+06;1.06263e+06;908397;776485;663707;567281;484848;414380;354144;302656;258643;221030;188884;161409;137926;117859;100712;86057.7;73534.3;62833.6;53689.8;45876.4;39200.9;33494.8;28618.5;24451.6;20890;17845.6;15242.9;13017.6;11114.3;9486.13;8093.18;6900.59;5879.01;5003.23;4251.61;3605.51
1;4363626607202;50;frequency;199.9999999213742;234.625769479635;275.2462588517801;322.8993264769997;378.802514688914;444.3841576318164;521.3198749487447;611.5753842550475;717.456725922716;841.6691823498468;987.3863981368913;1158.33146786315;1358.872060208682;1594.132014446359;1870.122253535556;2193.894364737048;2573.720768452858;3019.306079821149;3542.035062906734;4155.263512473084;4874.659497176026;5718.603679767398;6708.658946337209;7870.121340545211;9232.666380967203;10831.10727442716;12706.28439819177;14906.10877695531;17486.78621595445;20514.25336674129;24065.86241733066;28232.35745111674;33120.19296963342;38854.25382030405;45581.04601983359;53472.44000269313;62730.06193403319;73590.44528463698;86331.07429211862;101277.4737211686;118811.5260634959;139381.228686517;163512.140226203;191820.8086789974;225030.524286467;263989.7996954232;309694.0495706946;363311.0235703185;426210.642505751;499999.9999999716
1;4363626607202;50;phasez;-1.53851;-1.53698;-1.53788;-1.53851;-1.53967;-1.5405;-1.54026;-1.54023;-1.54116;-1.54125;-1.54172;-1.54184;-1.54202;-1.54239;-1.54266;-1.54289;-1.5431;-1.54329;-1.54345;-1.54357;-1.54365;-1.54369;-1.54364;-1.54356;-1.54339;-1.54313;-1.54278;-1.54233;-1.54176;-1.54105;-1.54019;-1.53915;-1.53791;-1.53644;-1.53472;-1.5327;-1.53033;-1.52755;-1.52428;-1.52045;-1.51594;-1.51063;-1.50437;-1.49698;-1.48826;-1.47792;-1.46566;-1.45105;-1.43359;-1.4126
2;4364399150899;50;absz;88680.9;79362.8;71018.4;63544.5;56863.8;50885.7;45523.1;40742.5;36452.3;32618.9;29183.5;26114.1;23367.1;20909;18708.9;16739.3;14979.7;13403.5;11993;10731;9601.78;8591.36;7686.93;6877.49;6152.95;5504.83;4924.84;4405.61;3941.06;3525.21;3153.16;2820.04;2521.95;2255.23;2016.42;1802.67;1611.34;1440.09;1286.76;1149.5;1026.63;916.638;818.21;730.139;651.43;581.151;518.505;462.9;413.772;370.792
2;4364399150899;50;frequency;20000.00000002444;22385.53853899816;25055.61678390222;28044.17375656954;31389.19662092121;35133.2035329932;39323.78408414649;44014.2042055669;49264.08322518227;55140.1516811012;61717.09952482729;69078.52549602467;77317.99973512921;86540.25314108083;96862.50859274992;108415.9709538568;121347.4948009008;135821.4510731415;152021.8163702936;170154.5114554648;190450.0186878266;213166.3116533389;238592.1342356312;267050.6708003728;298903.6541519141;334555.9634717432;374460.7706856584;419125.3006744233;469117.2785435782;525072.1459047724;587701.13789258;657800.3235824071;736260.7247225839;824079.6413975459;922373.3285811875;1032391.184709951;1155531.632626961;1293359.894754076;1447627.888434013;1620296.494325686;1813560.480908265;2029876.401899315;2271993.821195295;2542990.262224833;2846310.325953354;3185809.474764127;3565803.038745301;3991121.067296888;4467169.723268114;4999999.999999929
2;4364399150899;50;phasez;-1.54479;-1.5444;-1.54393;-1.54392;-1.54344;-1.54285;-1.54225;-1.54146;-1.54075;-1.53972;-1.53867;-1.53759;-1.53619;-1.53473;-1.53293;-1.531;-1.52885;-1.52645;-1.52372;-1.52071;-1.51729;-1.51344;-1.50916;-1.50437;-1.49897;-1.49292;-1.48612;-1.47849;-1.46995;-1.46035;-1.44956;-1.43747;-1.42387;-1.40858;-1.39142;-1.37211;-1.35041;-1.32596;-1.29845;-1.26743;-1.23243;-1.19291;-1.14821;-1.09756;-1.03999;-0.974557;-0.899913;-0.814606;-0.716915;-0.604882
3;4364717059247;20;absz;18217;14872.1;12137.6;9904.57;8084.73;6597.46;5383.44;4392.45;3583.03;2922.53;2382.85;1941.98;1582.08;1287.96;1047.63;851.236;690.863;560.183;454.353;369.91
3;4364717059247;20;frequency;99999.99999990905;122862.535599424;150952.0265389597;185463.4873444638;227865.1431623047;279960.8926363817;343967.05137965;422606.6409511731;519225.2346839865;637933.2888043621;783781.0140572543;962973.2274171232;1183133.324347452;1453627.601814205;1785963.729760951;2194280.323268956;2695948.443325946;3312310.615921419;4069588.809647371;4999999.999999929
3;4364717059247;20;phasez;-1.5321;-1.52885;-1.52476;-1.5197;-1.51347;-1.50568;-1.49604;-1.48411;-1.46931;-1.45093;-1.42817;-1.39995;-1.36491;-1.32136;-1.26709;-1.19922;-1.11385;-1.00582;-0.867895;-0.690518
