0;1935934974974;20;absz;1.90876e+08;1.38192e+08;1.00009e+08;7.23524e+07;5.23538e+07;3.78491e+07;2.74019e+07;1.98259e+07;1.43445e+07;1.03774e+07;7.507e+06;5.42985e+06;3.92699e+06;2.83956e+06;2.05296e+06;1.48403e+06;1.07262e+06;775211;560232;404854
0;1935934974974;20;frequency;9.999999974752427;13.86918846435492;19.23543905490988;26.67799336109056;37.00021196095804;51.31629158938722;71.17153245417285;98.70914048804025;136.9015682683994;189.8713664161278;263.3361782500288;365.2259113806622;506.5387032487934;702.5280792305466;974.3494403835484;1351.343611730726;1874.203936580443;2599.368780806799;3605.113577052066;4999.99999995282
0;1935934974974;20;phasez;-1.55346;-1.55355;-1.55389;-1.55394;-1.55392;-1.55422;-1.5541;-1.55429;-1.55441;-1.55449;-1.55459;-1.55466;-1.5546;-1.55436;-1.55377;-1.55265;-1.55084;-1.5481;-1.54407;-1.53834
1;1936702865382;50;absz;9.76374e+06;8.33115e+06;7.12712e+06;6.07734e+06;5.19846e+06;4.43691e+06;3.77844e+06;3.22884e+06;2.75617e+06;2.35351e+06;2.00834e+06;1.71394e+06;1.46273e+06;1.2484e+06;1.06546e+06;909182;775907;662131;565054;482206;411507;351157;299670;255727;218233;186243;158945;135650;115770;98806;84331;71977.9;61434.7;52438.6;44760.1;38205.5;32611;27834.6;23757.4;20276.6;17303.9;14765.4;12596.6;10743.3;9159.38;7804.92;6645.79;5653.09;4801.86;4070.77
1;1936702865382;50;frequency;199.9999999213742;234.625769479635;275.2462588517801;322.8993264769997;378.802514688914;444.3841576318164;521.3198749487447;611.5753842550475;717.456725922716;841.6691823498468;987.3863981368913;1158.33146786315;1358.872060208682;1594.132014446359;1870.122253535556;2193.894364737048;2573.720768452858;3019.306079821149;3542.035062906734;4155.263512473084;4874.659497176026;5718.603679767398;6708.658946337209;7870.121340545211;9232.666380967203;10831.10727442716;12706.28439819177;14906.10877695531;17486.78621595445;20514.25336674129;24065.86241733066;28232.35745111674;33120.19296963342;38854.25382030405;45581.04601983359;53472.44000269313;62730.06193403319;73590.44528463698;86331.07429211862;101277.4737211686;118811.5260634959;139381.228686517;163512.140226203;191820.8086789974;225030.524286467;263989.7996954232;309694.0495706946;363311.0235703185;426210.642505751;499999.9999999716
1;1936702865382;50;phasez;-1.55445;-1.55545;-1.5558;-1.55514;-1.55537;-1.55628;-1.55759;-1.55696;-1.55755;-1.55768;-1.55765;-1.55801;-1.55823;-1.55823;-1.5582;-1.55819;-1.5582;-1.5582;-1.55818;-1.55797;-1.55777;-1.55754;-1.55721;-1.55684;-1.55639;-1.55585;-1.55519;-1.55443;-1.55355;-1.55255;-1.55135;-1.55001;-1.54846;-1.54667;-1.54462;-1.54227;-1.53955;-1.53639;-1.53274;-1.52849;-1.52354;-1.51776;-1.511;-1.50308;-1.49379;-1.48287;-1.46998;-1.45474;-1.43662;-1.41494
2;1937472384334;50;absz;101824;91054.4;81401.9;72766.6;65060.4;58176.1;52020.6;46516.9;41595.4;37191.2;33250.9;29732.5;26586.2;23772.4;21256.7;19008.4;16999.1;15201.2;13595.6;12157.6;10872.9;9723.51;8695.98;7777.2;6955.17;6220.33;5563.14;4975.39;4449.63;3979.37;3558.76;3182.47;2845.93;2544.79;2275.45;2034.44;1818.8;1625.84;1453.17;1298.66;1160.4;1036.67;925.996;826.984;738.595;659.714;589.481;527.198;472.294;424.398
2;1937472384334;50;frequency;20000.00000002444;22385.53853899816;25055.61678390222;28044.17375656954;31389.19662092121;35133.2035329932;39323.78408414649;44014.2042055669;49264.08322518227;55140.1516811012;61717.09952482729;69078.52549602467;77317.99973512921;86540.25314108083;96862.50859274992;108415.9709538568;121347.4948009008;135821.4510731415;152021.8163702936;170154.5114554648;190450.0186878266;213166.3116533389;238592.1342356312;267050.6708003728;298903.6541519141;334555.9634717432;374460.7706856584;419125.3006744233;469117.2785435782;525072.1459047724;587701.13789258;657800.3235824071;736260.7247225839;824079.6413975459;922373.3285811875;1032391.184709951;1155531.632626961;1293359.894754076;1447627.888434013;1620296.494325686;1813560.480908265;2029876.401899315;2271993.821195295;2542990.262224833;2846310.325953354;3185809.474764127;3565803.038745301;3991121.067296888;4467169.723268114;4999999.999999929
2;1937472384334;50;phasez;-1.55596;-1.55566;-1.55523;-1.5548;-1.55414;-1.55311;-1.55246;-1.55163;-1.55045;-1.54921;-1.54798;-1.54652;-1.54489;-1.54314;-1.54118;-1.53889;-1.53638;-1.5337;-1.53066;-1.52716;-1.52344;-1.5192;-1.51452;-1.50931;-1.50347;-1.49697;-1.48975;-1.48165;-1.47262;-1.46253;-1.45127;-1.43866;-1.42455;-1.40875;-1.39107;-1.37125;-1.34899;-1.32402;-1.29595;-1.26439;-1.22885;-1.18878;-1.14353;-1.09231;-1.03423;-0.968256;-0.893091;-0.807289;-0.709124;-0.596676
3;1937789545771;20;absz;20691.3;16875.4;13759.6;11217;9147.07;7459.64;6081.8;4959.97;4044.26;3297.72;2688.56;2191.42;1785.53;1454.41;1183.89;963.069;782.832;636.187;517.626;423.376
3;1937789545771;20;frequency;99999.99999990905;122862.535599424;150952.0265389597;185463.4873444638;227865.1431623047;279960.8926363817;343967.05137965;422606.6409511731;519225.2346839865;637933.2888043621;783781.0140572543;962973.2274171232;1183133.324347452;1453627.601814205;1785963.729760951;2194280.323268956;2695948.443325946;3312310.615921419;4069588.809647371;4999999.999999929
3;1937789545771;20;phasez;-1.54021;-1.53633;-1.53166;-1.52592;-1.51897;-1.51048;-1.5;-1.48722;-1.47152;-1.45225;-1.42859;-1.39939;-1.36337;-1.31884;-1.26356;-1.19469;-1.1083;-0.999285;-0.860423;-0.682246
