0;6006099899027;20;absz;1.4158e+08;1.03186e+08;7.5089e+07;5.46585e+07;3.97677e+07;2.89433e+07;2.10382e+07;1.52952e+07;1.11187e+07;8.08152e+06;5.8732e+06;4.26778e+06;3.10087e+06;2.25271e+06;1.63627e+06;1.18837e+06;862906;626473;454732;330012
0;6006099899027;20;frequency;9.999999974752427;13.86918846435492;19.23543905490988;26.67799336109056;37.00021196095804;51.31629158938722;71.17153245417285;98.70914048804025;136.9015682683994;189.8713664161278;263.3361782500288;365.2259113806622;506.5387032487934;702.5280792305466;974.3494403835484;1351.343611730726;1874.203936580443;2599.368780806799;3605.113577052066;4999.99999995282
0;6006099899027;20;phasez;-1.51945;-1.52162;-1.52371;-1.5254;-1.52662;-1.52813;-1.52886;-1.52991;-1.53069;-1.53128;-1.53173;-1.53207;-1.5322;-1.53212;-1.53171;-1.53088;-1.52947;-1.5272;-1.52374;-1.51863
1;6006869703233;50;absz;7.61226e+06;6.50916e+06;5.57996e+06;4.77441e+06;4.07898e+06;3.49412e+06;2.99066e+06;2.55643e+06;2.18866e+06;1.87088e+06;1.60089e+06;1.36949e+06;1.17141e+06;1.00213e+06;857185;733025;626958;536208;458558;392159;335348;286760;245205;209666;179269;153275;131046;112043;95791.8;81894;70013.1;59853.6;51168;43742;37392.3;31963.3;27320.8;23351.7;19957.4;17055.1;14572.9;12449.5;10633.3;9078.77;7748.33;6609.06;5632.86;4795.63;4076.84;3458.82
1;6006869703233;50;frequency;199.9999999213742;234.625769479635;275.2462588517801;322.8993264769997;378.802514688914;444.3841576318164;521.3198749487447;611.5753842550475;717.456725922716;841.6691823498468;987.3863981368913;1158.33146786315;1358.872060208682;1594.132014446359;1870.122253535556;2193.894364737048;2573.720768452858;3019.306079821149;3542.035062906734;4155.263512473084;4874.659497176026;5718.603679767398;6708.658946337209;7870.121340545211;9232.666380967203;10831.10727442716;12706.28439819177;14906.10877695531;17486.78621595445;20514.25336674129;24065.86241733066;28232.35745111674;33120.19296963342;38854.25382030405;45581.04601983359;53472.44000269313;62730.06193403319;73590.44528463698;86331.07429211862;101277.4737211686;118811.5260634959;139381.228686517;163512.140226203;191820.8086789974;225030.524286467;263989.7996954232;309694.0495706946;363311.0235703185;426210.642505751;499999.9999999716
1;6006869703233;50;phasez;-1.53331;-1.53081;-1.53431;-1.53417;-1.53393;-1.53348;-1.53432;-1.53518;-1.53486;-1.53545;-1.53559;-1.5361;-1.53624;-1.53654;-1.53673;-1.53707;-1.53732;-1.53755;-1.53772;-1.53789;-1.53803;-1.53812;-1.53815;-1.53812;-1.53803;-1.53785;-1.53757;-1.53722;-1.53674;-1.53615;-1.53537;-1.53444;-1.53331;-1.53195;-1.53034;-1.52843;-1.52616;-1.52346;-1.52025;-1.51647;-1.51199;-1.50669;-1.50042;-1.493;-1.48423;-1.47384;-1.4615;-1.44682;-1.42929;-1.40823
2;6007638140446;50;absz;84362.7;75542.3;67629.3;60529;54178.5;48496;43412.5;38856.1;34777.2;31124.5;27858.6;24934.2;22318.2;19973.9;17877.7;16001.2;14320.8;12817.9;11471.5;10267;9188.79;8224.03;7360.06;6586.76;5894.71;5275.32;4720.74;4224.41;3780.06;3382.33;3026.23;2707.45;2422.03;2166.49;1937.72;1732.84;1549.43;1385.16;1238.02;1106.28;988.253;882.593;787.977;703.259;627.53;559.864;499.532;445.931;398.55;357.051
2;6007638140446;50;frequency;20000.00000002444;22385.53853899816;25055.61678390222;28044.17375656954;31389.19662092121;35133.2035329932;39323.78408414649;44014.2042055669;49264.08322518227;55140.1516811012;61717.09952482729;69078.52549602467;77317.99973512921;86540.25314108083;96862.50859274992;108415.9709538568;121347.4948009008;135821.4510731415;152021.8163702936;170154.5114554648;190450.0186878266;213166.3116533389;238592.1342356312;267050.6708003728;298903.6541519141;334555.9634717432;374460.7706856584;419125.3006744233;469117.2785435782;525072.1459047724;587701.13789258;657800.3235824071;736260.7247225839;824079.6413975459;922373.3285811875;1032391.184709951;1155531.632626961;1293359.894754076;1447627.888434013;1620296.494325686;1813560.480908265;2029876.401899315;2271993.821195295;2542990.262224833;2846310.325953354;3185809.474764127;3565803.038745301;3991121.067296888;4467169.723268114;4999999.999999929
2;6007638140446;50;phasez;-1.54012;-1.53959;-1.53937;-1.53901;-1.53864;-1.5383;-1.53762;-1.53714;-1.53645;-1.53541;-1.53451;-1.5334;-1.5321;-1.53067;-1.52895;-1.52703;-1.52493;-1.52249;-1.51978;-1.51677;-1.5133;-1.50945;-1.50514;-1.50028;-1.49486;-1.48874;-1.48189;-1.47424;-1.46563;-1.45598;-1.44517;-1.43303;-1.41939;-1.40407;-1.38688;-1.36755;-1.3458;-1.32135;-1.29382;-1.26278;-1.22776;-1.18821;-1.14348;-1.09275;-1.03515;-0.969641;-0.894894;-0.809456;-0.711595;-0.599323
3;6007954495936;20;absz;17404.5;14215.9;11606;9477.58;7738.89;6318.53;5158.77;4211.19;3437.38;2805.33;2288.55;1866.18;1521.18;1239.04;1008.33;819.627;665.381;539.618;437.647;356.186
3;6007954495936;20;frequency;99999.99999990905;122862.535599424;150952.0265389597;185463.4873444638;227865.1431623047;279960.8926363817;343967.05137965;422606.6409511731;519225.2346839865;637933.2888043621;783781.0140572543;962973.2274171232;1183133.324347452;1453627.601814205;1785963.729760951;2194280.323268956;2695948.443325946;3312310.615921419;4069588.809647371;4999999.999999929
3;6007954495936;20;phasez;-1.52813;-1.52489;-1.52076;-1.51576;-1.50939;-1.50158;-1.49186;-1.47982;-1.46492;-1.44647;-1.42368;-1.39539;-1.36032;-1.31672;-1.26242;-1.1945;-1.10905;-1.00087;-0.862723;-0.685004
