0;8360752670051;20;absz;1.36864e+08;9.97393e+07;7.2701e+07;5.29817e+07;3.85686e+07;2.80703e+07;2.04285e+07;1.48591e+07;1.08071e+07;7.85847e+06;5.71304e+06;4.15255e+06;3.01801e+06;2.19305e+06;1.59342e+06;1.15762e+06;840834;610662;443421;321927
0;8360752670051;20;frequency;9.999999974752427;13.86918846435492;19.23543905490988;26.67799336109056;37.00021196095804;51.31629158938722;71.17153245417285;98.70914048804025;136.9015682683994;189.8713664161278;263.3361782500288;365.2259113806622;506.5387032487934;702.5280792305466;974.3494403835484;1351.343611730726;1874.203936580443;2599.368780806799;3605.113577052066;4999.99999995282
0;8360752670051;20;phasez;-1.51075;-1.51424;-1.51777;-1.52002;-1.52206;-1.52414;-1.52554;-1.52693;-1.52808;-1.52901;-1.52972;-1.53022;-1.53049;-1.53046;-1.53008;-1.52925;-1.52779;-1.52549;-1.52199;-1.51687
1;8361524013631;50;absz;7.41081e+06;6.33055e+06;5.42579e+06;4.6446e+06;3.97282e+06;3.40033e+06;2.90786e+06;2.48897e+06;2.13e+06;1.82211e+06;1.55919e+06;1.3339e+06;1.14125e+06;976307;835113;714424;611120;522801;447152;382467;327117;279770;239270;204626;174993;149651;127975;109436;93580.9;80020.2;68423.8;58507.6;50027.8;42775.9;36574.5;31271.4;26735.1;22856.3;19538.1;16699.8;14272;12194.7;10417.3;8896.08;7593.59;6478.14;5522.04;4701.99;3997.84;3392.28
1;8361524013631;50;frequency;199.9999999213742;234.625769479635;275.2462588517801;322.8993264769997;378.802514688914;444.3841576318164;521.3198749487447;611.5753842550475;717.456725922716;841.6691823498468;987.3863981368913;1158.33146786315;1358.872060208682;1594.132014446359;1870.122253535556;2193.894364737048;2573.720768452858;3019.306079821149;3542.035062906734;4155.263512473084;4874.659497176026;5718.603679767398;6708.658946337209;7870.121340545211;9232.666380967203;10831.10727442716;12706.28439819177;14906.10877695531;17486.78621595445;20514.25336674129;24065.86241733066;28232.35745111674;33120.19296963342;38854.25382030405;45581.04601983359;53472.44000269313;62730.06193403319;73590.44528463698;86331.07429211862;101277.4737211686;118811.5260634959;139381.228686517;163512.140226203;191820.8086789974;225030.524286467;263989.7996954232;309694.0495706946;363311.0235703185;426210.642505751;499999.9999999716
1;8361524013631;50;phasez;-1.53047;-1.53173;-1.53098;-1.53133;-1.53216;-1.53192;-1.53215;-1.53317;-1.53344;-1.5336;-1.53395;-1.53446;-1.53461;-1.53491;-1.53522;-1.53534;-1.5357;-1.53574;-1.53598;-1.53615;-1.53622;-1.5363;-1.53633;-1.53631;-1.53619;-1.536;-1.53572;-1.53533;-1.53484;-1.53421;-1.53344;-1.53249;-1.53135;-1.52999;-1.52837;-1.52646;-1.52418;-1.5215;-1.51832;-1.51456;-1.5101;-1.50483;-1.49859;-1.4912;-1.48244;-1.47205;-1.45972;-1.44503;-1.42748;-1.40638
2;8362292170744;50;absz;82398.8;73794;66063.1;59147.6;52952.7;47406.5;42440.3;37992.6;34012.2;30443.7;27251.5;24398.3;21839.5;19549.7;17499.7;15665.7;14022.8;12552.4;11235.9;10057.8;9002.14;8057.64;7212.32;6454.97;5777.53;5171;4627.84;4141.65;3706.36;3316.74;2967.94;2655.58;2375.94;2125.58;1901.35;1700.56;1520.73;1359.68;1215.43;1086.2;970.47;866.797;773.961;690.8;616.481;550.045;490.781;438.122;391.559;350.764
2;8362292170744;50;frequency;20000.00000002444;22385.53853899816;25055.61678390222;28044.17375656954;31389.19662092121;35133.2035329932;39323.78408414649;44014.2042055669;49264.08322518227;55140.1516811012;61717.09952482729;69078.52549602467;77317.99973512921;86540.25314108083;96862.50859274992;108415.9709538568;121347.4948009008;135821.4510731415;152021.8163702936;170154.5114554648;190450.0186878266;213166.3116533389;238592.1342356312;267050.6708003728;298903.6541519141;334555.9634717432;374460.7706856584;419125.3006744233;469117.2785435782;525072.1459047724;587701.13789258;657800.3235824071;736260.7247225839;824079.6413975459;922373.3285811875;1032391.184709951;1155531.632626961;1293359.894754076;1447627.888434013;1620296.494325686;1813560.480908265;2029876.401899315;2271993.821195295;2542990.262224833;2846310.325953354;3185809.474764127;3565803.038745301;3991121.067296888;4467169.723268114;4999999.999999929
2;8362292170744;50;phasez;-1.5379;-1.53776;-1.53744;-1.53714;-1.53683;-1.53615;-1.53556;-1.53515;-1.53439;-1.5335;-1.53258;-1.53152;-1.53015;-1.52873;-1.52704;-1.52518;-1.52303;-1.52063;-1.51795;-1.51487;-1.5115;-1.50764;-1.50333;-1.49848;-1.49304;-1.48695;-1.48009;-1.47242;-1.4638;-1.45412;-1.44326;-1.43108;-1.41741;-1.40206;-1.38481;-1.36544;-1.34366;-1.31915;-1.29157;-1.26048;-1.22541;-1.1858;-1.14101;-1.09023;-1.03255;-0.966959;-0.892116;-0.80656;-0.708567;-0.596148
3;8362608314638;20;absz;17035.9;13918.1;11366.8;9283.72;7582.99;6192.12;5056.85;4128.69;3370.8;2751.39;2245.18;1831.23;1493.13;1216.43;990.168;805.03;653.657;530.175;429.991;349.905
3;8362608314638;20;frequency;99999.99999990905;122862.535599424;150952.0265389597;185463.4873444638;227865.1431623047;279960.8926363817;343967.05137965;422606.6409511731;519225.2346839865;637933.2888043621;783781.0140572543;962973.2274171232;1183133.324347452;1453627.601814205;1785963.729760951;2194280.323268956;2695948.443325946;3312310.615921419;4069588.809647371;4999999.999999929
3;8362608314638;20;phasez;-1.52613;-1.52299;-1.51901;-1.51394;-1.50759;-1.4998;-1.49006;-1.478;-1.46304;-1.44455;-1.42166;-1.3933;-1.35814;-1.31447;-1.26006;-1.19204;-1.10645;-0.998125;-0.859769;-0.681779
