0;8921535036059;20;absz;1.36534e+08;9.95337e+07;7.25542e+07;5.28419e+07;3.84691e+07;2.79914e+07;2.03812e+07;1.48268e+07;1.07843e+07;7.84151e+06;5.70097e+06;4.14422e+06;3.01201e+06;2.18876e+06;1.59028e+06;1.15531e+06;839183;609473;442562;321305
0;8921535036059;20;frequency;9.999999974752427;13.86918846435492;19.23543905490988;26.67799336109056;37.00021196095804;51.31629158938722;71.17153245417285;98.70914048804025;136.9015682683994;189.8713664161278;263.3361782500288;365.2259113806622;506.5387032487934;702.5280792305466;974.3494403835484;1351.343611730726;1874.203936580443;2599.368780806799;3605.113577052066;4999.99999995282
0;8921535036059;20;phasez;-1.511;-1.51465;-1.51747;-1.51977;-1.52182;-1.52389;-1.5253;-1.52671;-1.52792;-1.52875;-1.52949;-1.53004;-1.53033;-1.53033;-1.52999;-1.52913;-1.52769;-1.52536;-1.52186;-1.5167
1;8922305342644;50;absz;7.38899e+06;6.33163e+06;5.41814e+06;4.63591e+06;3.96336e+06;3.39125e+06;2.90318e+06;2.48517e+06;2.12536e+06;1.81834e+06;1.55611e+06;1.33086e+06;1.13899e+06;974310;833518;713066;609977;521743;446290;381736;326502;279245;238827;204253;174684;149388;127753;109248;93421.1;79886.1;68309.9;58411.9;49946;42706.4;36515.5;31221.1;26692.2;22819.8;19507.4;16674.3;14250.7;12177.3;10402.6;8883.94;7583.84;6470;5515.48;4696.77;3993.62;3388.86
1;8922305342644;50;frequency;199.9999999213742;234.625769479635;275.2462588517801;322.8993264769997;378.802514688914;444.3841576318164;521.3198749487447;611.5753842550475;717.456725922716;841.6691823498468;987.3863981368913;1158.33146786315;1358.872060208682;1594.132014446359;1870.122253535556;2193.894364737048;2573.720768452858;3019.306079821149;3542.035062906734;4155.263512473084;4874.659497176026;5718.603679767398;6708.658946337209;7870.121340545211;9232.666380967203;10831.10727442716;12706.28439819177;14906.10877695531;17486.78621595445;20514.25336674129;24065.86241733066;28232.35745111674;33120.19296963342;38854.25382030405;45581.04601983359;53472.44000269313;62730.06193403319;73590.44528463698;86331.07429211862;101277.4737211686;118811.5260634959;139381.228686517;163512.140226203;191820.8086789974;225030.524286467;263989.7996954232;309694.0495706946;363311.0235703185;426210.642505751;499999.9999999716
1;8922305342644;50;phasez;-1.52967;-1.52933;-1.53125;-1.53196;-1.53193;-1.53145;-1.53271;-1.53297;-1.53354;-1.53377;-1.53377;-1.53428;-1.5346;-1.5346;-1.53501;-1.53521;-1.53552;-1.53568;-1.53583;-1.536;-1.53607;-1.53613;-1.53617;-1.5361;-1.53599;-1.5358;-1.53553;-1.53515;-1.53465;-1.53403;-1.53325;-1.53229;-1.53115;-1.52978;-1.52815;-1.52623;-1.52394;-1.52123;-1.51802;-1.51423;-1.50976;-1.50446;-1.4982;-1.49079;-1.48202;-1.47163;-1.45929;-1.4446;-1.42706;-1.40597
2;8923075301660;50;absz;82298.4;73671.1;65968.6;59043.9;52866.3;47333.8;42364.3;37931.4;33955.2;30399.3;27210.7;24358.7;21805.5;19519.3;17473.8;15643.8;14002.6;12534.8;11220.7;10043.8;8990.93;8047.53;7203.33;6447.55;5770.88;5165.35;4623.05;4137.53;3702.88;3313.72;2965.32;2653.32;2374.03;2123.88;1899.87;1699.26;1519.62;1358.72;1214.57;1085.47;969.809;866.207;773.43;690.343;616.072;549.693;490.471;437.84;391.301;350.529
2;8923075301660;50;frequency;20000.00000002444;22385.53853899816;25055.61678390222;28044.17375656954;31389.19662092121;35133.2035329932;39323.78408414649;44014.2042055669;49264.08322518227;55140.1516811012;61717.09952482729;69078.52549602467;77317.99973512921;86540.25314108083;96862.50859274992;108415.9709538568;121347.4948009008;135821.4510731415;152021.8163702936;170154.5114554648;190450.0186878266;213166.3116533389;238592.1342356312;267050.6708003728;298903.6541519141;334555.9634717432;374460.7706856584;419125.3006744233;469117.2785435782;525072.1459047724;587701.13789258;657800.3235824071;736260.7247225839;824079.6413975459;922373.3285811875;1032391.184709951;1155531.632626961;1293359.894754076;1447627.888434013;1620296.494325686;1813560.480908265;2029876.401899315;2271993.821195295;2542990.262224833;2846310.325953354;3185809.474764127;3565803.038745301;3991121.067296888;4467169.723268114;4999999.999999929
2;8923075301660;50;phasez;-1.53759;-1.53734;-1.53739;-1.5368;-1.53663;-1.53613;-1.53557;-1.53484;-1.53418;-1.53332;-1.53227;-1.53116;-1.52989;-1.52839;-1.52671;-1.52484;-1.52271;-1.52028;-1.51754;-1.5145;-1.51109;-1.50724;-1.50292;-1.49806;-1.49263;-1.48652;-1.47967;-1.47201;-1.46339;-1.45373;-1.44289;-1.43072;-1.41706;-1.40173;-1.3845;-1.36514;-1.34336;-1.31887;-1.29129;-1.26021;-1.22515;-1.18556;-1.14077;-1.09;-1.03233;-0.966735;-0.89189;-0.80633;-0.708333;-0.595889
3;8923391510069;20;absz;17011.5;13897.1;11350.7;9271.1;7572.92;6184.55;5050.83;4124.31;3367.39;2748.85;2243.14;1829.68;1491.89;1215.45;989.403;804.445;653.187;529.802;429.681;349.653
3;8923391510069;20;frequency;99999.99999990905;122862.535599424;150952.0265389597;185463.4873444638;227865.1431623047;279960.8926363817;343967.05137965;422606.6409511731;519225.2346839865;637933.2888043621;783781.0140572543;962973.2274171232;1183133.324347452;1453627.601814205;1785963.729760951;2194280.323268956;2695948.443325946;3312310.615921419;4069588.809647371;4999999.999999929
3;8923391510069;20;phasez;-1.52582;-1.52258;-1.51856;-1.51352;-1.50713;-1.49938;-1.48963;-1.4776;-1.46267;-1.44419;-1.42133;-1.39299;-1.35785;-1.3142;-1.25981;-1.1918;-1.10623;-0.997909;-0.859551;-0.681551
