0;9672119111350;20;absz;1.36145e+08;9.92946e+07;7.23664e+07;5.27189e+07;3.83886e+07;2.79319e+07;2.03342e+07;1.47958e+07;1.07617e+07;7.82644e+06;5.69015e+06;4.13638e+06;3.00644e+06;2.18479e+06;1.58745e+06;1.15327e+06;837704;608411;441805;320769
0;9672119111350;20;frequency;9.999999974752427;13.86918846435492;19.23543905490988;26.67799336109056;37.00021196095804;51.31629158938722;71.17153245417285;98.70914048804025;136.9015682683994;189.8713664161278;263.3361782500288;365.2259113806622;506.5387032487934;702.5280792305466;974.3494403835484;1351.343611730726;1874.203936580443;2599.368780806799;3605.113577052066;4999.99999995282
0;9672119111350;20;phasez;-1.5109;-1.51408;-1.51708;-1.51932;-1.52147;-1.52373;-1.5251;-1.52636;-1.5276;-1.52853;-1.52927;-1.52982;-1.53018;-1.53019;-1.52986;-1.52906;-1.52758;-1.52526;-1.52174;-1.5166
1;9672892308403;50;absz;7.38166e+06;6.32989e+06;5.40262e+06;4.62461e+06;3.96015e+06;3.3838e+06;2.89845e+06;2.47903e+06;2.12173e+06;1.81539e+06;1.55377e+06;1.32866e+06;1.13692e+06;972620;832028;711779;608901;520846;445523;381082;325945;278778;238423;203916;174394;149139;127545;109070;93268.2;79755.9;68201.4;58318.5;49867.1;42639.4;36458.8;31172.9;26651.8;22785.3;19478.1;16649.1;14229.4;12158.8;10386.9;8870.46;7572.05;6459.89;5506.78;4689.18;3987.01;3383.2
1;9672892308403;50;frequency;199.9999999213742;234.625769479635;275.2462588517801;322.8993264769997;378.802514688914;444.3841576318164;521.3198749487447;611.5753842550475;717.456725922716;841.6691823498468;987.3863981368913;1158.33146786315;1358.872060208682;1594.132014446359;1870.122253535556;2193.894364737048;2573.720768452858;3019.306079821149;3542.035062906734;4155.263512473084;4874.659497176026;5718.603679767398;6708.658946337209;7870.121340545211;9232.666380967203;10831.10727442716;12706.28439819177;14906.10877695531;17486.78621595445;20514.25336674129;24065.86241733066;28232.35745111674;33120.19296963342;38854.25382030405;45581.04601983359;53472.44000269313;62730.06193403319;73590.44528463698;86331.07429211862;101277.4737211686;118811.5260634959;139381.228686517;163512.140226203;191820.8086789974;225030.524286467;263989.7996954232;309694.0495706946;363311.0235703185;426210.642505751;499999.9999999716
1;9672892308403;50;phasez;-1.52846;-1.52953;-1.5298;-1.53191;-1.53214;-1.53201;-1.53304;-1.53251;-1.53291;-1.53344;-1.53355;-1.53388;-1.53439;-1.53478;-1.53495;-1.5352;-1.53536;-1.53552;-1.53573;-1.53591;-1.53598;-1.53603;-1.53605;-1.53602;-1.53591;-1.53572;-1.53543;-1.53506;-1.53457;-1.53395;-1.53316;-1.53222;-1.53108;-1.52971;-1.52809;-1.52617;-1.52389;-1.52119;-1.518;-1.51422;-1.50976;-1.50449;-1.49824;-1.49085;-1.48209;-1.47171;-1.45937;-1.44469;-1.42713;-1.40603
2;9673660139803;50;absz;82144.6;73551.6;65853.7;58942.7;52778.2;47249.3;42306.9;37873.7;33903;30351.7;27167.3;24320.5;21771.9;19489.1;17447;15618.8;13980.3;12515;11203.1;10028.3;8976.39;8034.73;7191.58;6436.96;5761.49;5156.81;4615.34;4130.59;3696.55;3308.08;2960.23;2648.72;2369.87;2120.16;1896.56;1696.3;1516.98;1356.35;1212.46;1083.61;968.14;864.738;772.141;689.214;615.067;548.782;489.652;437.117;390.661;349.952
2;9673660139803;50;frequency;20000.00000002444;22385.53853899816;25055.61678390222;28044.17375656954;31389.19662092121;35133.2035329932;39323.78408414649;44014.2042055669;49264.08322518227;55140.1516811012;61717.09952482729;69078.52549602467;77317.99973512921;86540.25314108083;96862.50859274992;108415.9709538568;121347.4948009008;135821.4510731415;152021.8163702936;170154.5114554648;190450.0186878266;213166.3116533389;238592.1342356312;267050.6708003728;298903.6541519141;334555.9634717432;374460.7706856584;419125.3006744233;469117.2785435782;525072.1459047724;587701.13789258;657800.3235824071;736260.7247225839;824079.6413975459;922373.3285811875;1032391.184709951;1155531.632626961;1293359.894754076;1447627.888434013;1620296.494325686;1813560.480908265;2029876.401899315;2271993.821195295;2542990.262224833;2846310.325953354;3185809.474764127;3565803.038745301;3991121.067296888;4467169.723268114;4999999.999999929
2;9673660139803;50;phasez;-1.53764;-1.53718;-1.53715;-1.53675;-1.53652;-1.53604;-1.53556;-1.53491;-1.53409;-1.53321;-1.53228;-1.53119;-1.52982;-1.5284;-1.52672;-1.52483;-1.5227;-1.52027;-1.51762;-1.51452;-1.51117;-1.50733;-1.50299;-1.49814;-1.49273;-1.48662;-1.47976;-1.47208;-1.46345;-1.45378;-1.44292;-1.43073;-1.41707;-1.40172;-1.38446;-1.36508;-1.34329;-1.31879;-1.2912;-1.2601;-1.22503;-1.18543;-1.14063;-1.08984;-1.03217;-0.966582;-0.891738;-0.806177;-0.708173;-0.595739
3;9673980659191;20;absz;16985.9;13878;11334.3;9257.47;7562.11;6175.32;5043.31;4117.84;3362.04;2744.4;2239.5;1826.7;1489.49;1213.51;987.811;803.171;652.164;528.972;429.011;349.096
3;9673980659191;20;frequency;99999.99999990905;122862.535599424;150952.0265389597;185463.4873444638;227865.1431623047;279960.8926363817;343967.05137965;422606.6409511731;519225.2346839865;637933.2888043621;783781.0140572543;962973.2274171232;1183133.324347452;1453627.601814205;1785963.729760951;2194280.323268956;2695948.443325946;3312310.615921419;4069588.809647371;4999999.999999929
3;9673980659191;20;phasez;-1.52585;-1.52265;-1.51863;-1.5136;-1.5073;-1.49946;-1.48972;-1.47765;-1.46272;-1.44421;-1.42132;-1.39295;-1.35779;-1.3141;-1.25969;-1.19166;-1.10608;-0.997746;-0.859388;-0.681356
