0;9870169551218;20;absz;1.36204e+08;9.92419e+07;7.23413e+07;5.26983e+07;3.83786e+07;2.79492e+07;2.03289e+07;1.47901e+07;1.0757e+07;7.82317e+06;5.6879e+06;4.13489e+06;3.00539e+06;2.184e+06;1.5869e+06;1.15287e+06;837412;608203;441648;320661
0;9870169551218;20;frequency;9.999999974752427;13.86918846435492;19.23543905490988;26.67799336109056;37.00021196095804;51.31629158938722;71.17153245417285;98.70914048804025;136.9015682683994;189.8713664161278;263.3361782500288;365.2259113806622;506.5387032487934;702.5280792305466;974.3494403835484;1351.343611730726;1874.203936580443;2599.368780806799;3605.113577052066;4999.99999995282
0;9870169551218;20;phasez;-1.51003;-1.51384;-1.5167;-1.51961;-1.52165;-1.52377;-1.52517;-1.52643;-1.52755;-1.5285;-1.52928;-1.52984;-1.53015;-1.53018;-1.52984;-1.52905;-1.52756;-1.52523;-1.52172;-1.51657
1;9870938629439;50;absz;7.36936e+06;6.31035e+06;5.40571e+06;4.62485e+06;3.9555e+06;3.38844e+06;2.89691e+06;2.4794e+06;2.12082e+06;1.81465e+06;1.5527e+06;1.32837e+06;1.13649e+06;972344;831683;711532;608743;520689;445370;380947;325827;278691;238345;203851;174338;149094;127501;109036;93241.5;79733.8;68182.4;58300.6;49852.4;42627.7;36448.4;31163.8;26644.3;22778.9;19472.5;16644.7;14225.4;12155.5;10384.3;8868.39;7570.2;6458.33;5505.4;4688;3985.97;3382.33
1;9870938629439;50;frequency;199.9999999213742;234.625769479635;275.2462588517801;322.8993264769997;378.802514688914;444.3841576318164;521.3198749487447;611.5753842550475;717.456725922716;841.6691823498468;987.3863981368913;1158.33146786315;1358.872060208682;1594.132014446359;1870.122253535556;2193.894364737048;2573.720768452858;3019.306079821149;3542.035062906734;4155.263512473084;4874.659497176026;5718.603679767398;6708.658946337209;7870.121340545211;9232.666380967203;10831.10727442716;12706.28439819177;14906.10877695531;17486.78621595445;20514.25336674129;24065.86241733066;28232.35745111674;33120.19296963342;38854.25382030405;45581.04601983359;53472.44000269313;62730.06193403319;73590.44528463698;86331.07429211862;101277.4737211686;118811.5260634959;139381.228686517;163512.140226203;191820.8086789974;225030.524286467;263989.7996954232;309694.0495706946;363311.0235703185;426210.642505751;499999.9999999716
1;9870938629439;50;phasez;-1.52787;-1.53014;-1.53106;-1.53106;-1.53113;-1.53174;-1.53258;-1.53265;-1.53304;-1.5335;-1.53389;-1.53425;-1.53443;-1.53471;-1.53492;-1.53513;-1.53536;-1.53554;-1.53573;-1.53584;-1.53594;-1.53603;-1.53603;-1.53598;-1.53588;-1.53567;-1.53539;-1.53502;-1.53454;-1.5339;-1.53314;-1.5322;-1.53106;-1.52969;-1.52806;-1.52614;-1.52387;-1.52116;-1.51797;-1.51419;-1.50973;-1.50445;-1.49821;-1.49082;-1.48207;-1.47168;-1.45935;-1.44467;-1.42711;-1.40601
2;9871709655636;50;absz;82140.5;73535.3;65838.9;58944.6;52776.5;47245.6;42300;37868.7;33897;30346.2;27163.4;24315.7;21767.8;19487.4;17443.7;15615.1;13978.6;12513;11200.8;10026.5;8974.78;8033.37;7190.47;6436.05;5760.59;5155.93;4614.56;4129.89;3695.95;3307.49;2959.77;2648.32;2369.47;2119.83;1896.27;1696.07;1516.73;1356.12;1212.29;1083.43;968.006;864.634;772.038;689.116;614.974;548.704;489.59;437.055;390.601;349.889
2;9871709655636;50;frequency;20000.00000002444;22385.53853899816;25055.61678390222;28044.17375656954;31389.19662092121;35133.2035329932;39323.78408414649;44014.2042055669;49264.08322518227;55140.1516811012;61717.09952482729;69078.52549602467;77317.99973512921;86540.25314108083;96862.50859274992;108415.9709538568;121347.4948009008;135821.4510731415;152021.8163702936;170154.5114554648;190450.0186878266;213166.3116533389;238592.1342356312;267050.6708003728;298903.6541519141;334555.9634717432;374460.7706856584;419125.3006744233;469117.2785435782;525072.1459047724;587701.13789258;657800.3235824071;736260.7247225839;824079.6413975459;922373.3285811875;1032391.184709951;1155531.632626961;1293359.894754076;1447627.888434013;1620296.494325686;1813560.480908265;2029876.401899315;2271993.821195295;2542990.262224833;2846310.325953354;3185809.474764127;3565803.038745301;3991121.067296888;4467169.723268114;4999999.999999929
2;9871709655636;50;phasez;-1.53754;-1.53718;-1.53706;-1.53668;-1.53662;-1.53589;-1.53543;-1.53471;-1.5341;-1.53336;-1.53234;-1.53111;-1.52987;-1.52835;-1.52664;-1.5248;-1.52267;-1.52027;-1.51756;-1.51453;-1.51109;-1.50729;-1.50296;-1.49811;-1.49269;-1.4866;-1.47974;-1.47205;-1.46342;-1.45374;-1.44289;-1.43071;-1.41704;-1.40168;-1.38443;-1.36505;-1.34326;-1.31875;-1.29115;-1.26007;-1.22499;-1.18538;-1.14058;-1.0898;-1.03211;-0.966526;-0.891681;-0.806126;-0.708116;-0.595671
3;9872025218362;20;absz;16980.5;13874.6;11331.6;9255.66;7560.18;6173.66;5041.91;4116.82;3361.23;2743.77;2238.96;1826.29;1489.13;1213.27;987.623;803.009;652.046;528.864;428.928;349.028
3;9872025218362;20;frequency;99999.99999990905;122862.535599424;150952.0265389597;185463.4873444638;227865.1431623047;279960.8926363817;343967.05137965;422606.6409511731;519225.2346839865;637933.2888043621;783781.0140572543;962973.2274171232;1183133.324347452;1453627.601814205;1785963.729760951;2194280.323268956;2695948.443325946;3312310.615921419;4069588.809647371;4999999.999999929
3;9872025218362;20;phasez;-1.52594;-1.52265;-1.51857;-1.51357;-1.50725;-1.49947;-1.48972;-1.47766;-1.46269;-1.44419;-1.42129;-1.39292;-1.35775;-1.31407;-1.25965;-1.19162;-1.10604;-0.997697;-0.859332;-0.68128
