0;55787711711;20;absz;3.1938e+08;2.30374e+08;1.66123e+08;1.19958e+08;8.65748e+07;6.25078e+07;4.50713e+07;3.25311e+07;2.34755e+07;1.69428e+07;1.22277e+07;8.8249e+06;6.36916e+06;4.59646e+06;3.31735e+06;2.39392e+06;1.72775e+06;1.24687e+06;899785;649346
0;55787711711;20;frequency;9.999999974752427;13.86918846435492;19.23543905490988;26.67799336109056;37.00021196095804;51.31629158938722;71.17153245417285;98.70914048804025;136.9015682683994;189.8713664161278;263.3361782500288;365.2259113806622;506.5387032487934;702.5280792305466;974.3494403835484;1351.343611730726;1874.203936580443;2599.368780806799;3605.113577052066;4999.99999995282
0;55787711711;20;phasez;-1.56642;-1.56579;-1.56655;-1.56628;-1.56601;-1.56567;-1.56602;-1.56571;-1.56562;-1.56546;-1.56516;-1.56476;-1.56423;-1.56342;-1.56232;-1.56079;-1.55868;-1.55571;-1.55156;-1.54579
1;56557256736;50;absz;1.59251e+07;1.35716e+07;1.16224e+07;9.88279e+06;8.44361e+06;7.19761e+06;6.14701e+06;5.234e+06;4.4644e+06;3.80509e+06;3.24313e+06;2.76651e+06;2.35913e+06;2.01262e+06;1.71635e+06;1.46346e+06;1.24797e+06;1.06422e+06;907637;773957;660096;562868;480007;409350;349087;297710;253888;216519;184656;157478;134310;114549;97695.1;83323.5;71064;60608.2;51689.9;44080.6;37591.2;32054.3;27329.6;23297.4;19856.3;16918.4;14409.9;12266.2;10433.6;8865.51;7522.1;6369.83
1;56557256736;50;frequency;199.9999999213742;234.625769479635;275.2462588517801;322.8993264769997;378.802514688914;444.3841576318164;521.3198749487447;611.5753842550475;717.456725922716;841.6691823498468;987.3863981368913;1158.33146786315;1358.872060208682;1594.132014446359;1870.122253535556;2193.894364737048;2573.720768452858;3019.306079821149;3542.035062906734;4155.263512473084;4874.659497176026;5718.603679767398;6708.658946337209;7870.121340545211;9232.666380967203;10831.10727442716;12706.28439819177;14906.10877695531;17486.78621595445;20514.25336674129;24065.86241733066;28232.35745111674;33120.19296963342;38854.25382030405;45581.04601983359;53472.44000269313;62730.06193403319;73590.44528463698;86331.07429211862;101277.4737211686;118811.5260634959;139381.228686517;163512.140226203;191820.8086789974;225030.524286467;263989.7996954232;309694.0495706946;363311.0235703185;426210.642505751;499999.9999999716
1;56557256736;50;phasez;-1.56484;-1.56631;-1.5685;-1.56502;-1.56521;-1.56682;-1.56739;-1.56594;-1.5663;-1.56614;-1.5663;-1.56624;-1.56576;-1.56588;-1.56598;-1.56598;-1.56572;-1.56576;-1.5655;-1.56538;-1.56512;-1.56486;-1.5645;-1.56414;-1.5637;-1.56319;-1.56262;-1.56194;-1.56115;-1.56024;-1.55917;-1.55795;-1.55653;-1.55489;-1.55301;-1.55082;-1.54826;-1.54529;-1.54183;-1.53778;-1.53305;-1.52749;-1.52096;-1.51329;-1.50426;-1.4936;-1.48099;-1.46604;-1.44821;-1.42684
2;57325598123;50;absz;162446;145169;129640;115891;103545;92545.1;82678.8;73898;66024;58996.9;52725.3;47111;42104.8;37626.8;33624.5;30045.9;26850;23994.3;21445;19163.2;17126.9;15306.5;13679.2;12224.5;10924.9;9763.4;8725.28;7797.36;6968.06;6226.84;5564.33;4972.36;4443.1;3970.09;3547.13;3169.05;2831.33;2529.33;2259.44;2018.18;1802.66;1610.13;1438.14;1284.5;1147.91;1026.23;918.222;822.876;739.276;666.895
2;57325598123;50;frequency;20000.00000002444;22385.53853899816;25055.61678390222;28044.17375656954;31389.19662092121;35133.2035329932;39323.78408414649;44014.2042055669;49264.08322518227;55140.1516811012;61717.09952482729;69078.52549602467;77317.99973512921;86540.25314108083;96862.50859274992;108415.9709538568;121347.4948009008;135821.4510731415;152021.8163702936;170154.5114554648;190450.0186878266;213166.3116533389;238592.1342356312;267050.6708003728;298903.6541519141;334555.9634717432;374460.7706856584;419125.3006744233;469117.2785435782;525072.1459047724;587701.13789258;657800.3235824071;736260.7247225839;824079.6413975459;922373.3285811875;1032391.184709951;1155531.632626961;1293359.894754076;1447627.888434013;1620296.494325686;1813560.480908265;2029876.401899315;2271993.821195295;2542990.262224833;2846310.325953354;3185809.474764127;3565803.038745301;3991121.067296888;4467169.723268114;4999999.999999929
2;57325598123;50;phasez;-1.56401;-1.56382;-1.56304;-1.56253;-1.56205;-1.56128;-1.56061;-1.55975;-1.55902;-1.55771;-1.55665;-1.55527;-1.55379;-1.55214;-1.55031;-1.54827;-1.54603;-1.54334;-1.54041;-1.53723;-1.53358;-1.52955;-1.52505;-1.52002;-1.51438;-1.50812;-1.50105;-1.49319;-1.48437;-1.47452;-1.46346;-1.4511;-1.43725;-1.42168;-1.40425;-1.38469;-1.36273;-1.33805;-1.31029;-1.27905;-1.24385;-1.20416;-1.15934;-1.10859;-1.05094;-0.985604;-0.91113;-0.826175;-0.729053;-0.617888
3;57642938798;20;absz;32735.8;26666;21718.8;17684.7;14405.1;11729.1;9550.03;7776.69;6331.06;5154.92;4196.49;3415.8;2780.04;2261.77;1839.53;1496.07;1216.57;990.305;808.482;665.455
3;57642938798;20;frequency;99999.99999990905;122862.535599424;150952.0265389597;185463.4873444638;227865.1431623047;279960.8926363817;343967.05137965;422606.6409511731;519225.2346839865;637933.2888043621;783781.0140572543;962973.2274171232;1183133.324347452;1453627.601814205;1785963.729760951;2194280.323268956;2695948.443325946;3312310.615921419;4069588.809647371;4999999.999999929
3;57642938798;20;phasez;-1.54947;-1.54575;-1.54144;-1.53605;-1.52938;-1.52121;-1.51113;-1.49871;-1.48344;-1.46456;-1.44134;-1.4126;-1.37707;-1.33306;-1.27837;-1.21017;-1.12453;-1.01654;-0.879069;-0.70297
