0;9753029160443;20;absz;1.36171e+08;9.92629e+07;7.23656e+07;5.27261e+07;3.83835e+07;2.7953e+07;2.03347e+07;1.47929e+07;1.076e+07;7.82499e+06;5.68936e+06;4.13582e+06;3.00602e+06;2.18448e+06;1.58723e+06;1.15309e+06;837600;608328;441750;320726
0;9753029160443;20;frequency;9.999999974752427;13.86918846435492;19.23543905490988;26.67799336109056;37.00021196095804;51.31629158938722;71.17153245417285;98.70914048804025;136.9015682683994;189.8713664161278;263.3361782500288;365.2259113806622;506.5387032487934;702.5280792305466;974.3494403835484;1351.343611730726;1874.203936580443;2599.368780806799;3605.113577052066;4999.99999995282
0;9753029160443;20;phasez;-1.50998;-1.5143;-1.51688;-1.51933;-1.52163;-1.52397;-1.5251;-1.5264;-1.52753;-1.52856;-1.52932;-1.52983;-1.53017;-1.5302;-1.52986;-1.52908;-1.52758;-1.52525;-1.52175;-1.51659
1;9753799311564;50;absz;7.37704e+06;6.3309e+06;5.40213e+06;4.62221e+06;3.9575e+06;3.38557e+06;2.89711e+06;2.47904e+06;2.12129e+06;1.81524e+06;1.55313e+06;1.32894e+06;1.13672e+06;972557;831943;711680;608833;520762;445479;381038;325901;278740;238397;203889;174371;149121;127527;109056;93258.1;79746.9;68192.9;58310.8;49860;42634.2;36453.9;31169.1;26648.7;22782.6;19475.9;16647.3;14227.6;12157.4;10385.9;8869.59;7571.38;6459.27;5506.23;4688.69;3986.6;3382.84
1;9753799311564;50;frequency;199.9999999213742;234.625769479635;275.2462588517801;322.8993264769997;378.802514688914;444.3841576318164;521.3198749487447;611.5753842550475;717.456725922716;841.6691823498468;987.3863981368913;1158.33146786315;1358.872060208682;1594.132014446359;1870.122253535556;2193.894364737048;2573.720768452858;3019.306079821149;3542.035062906734;4155.263512473084;4874.659497176026;5718.603679767398;6708.658946337209;7870.121340545211;9232.666380967203;10831.10727442716;12706.28439819177;14906.10877695531;17486.78621595445;20514.25336674129;24065.86241733066;28232.35745111674;33120.19296963342;38854.25382030405;45581.04601983359;53472.44000269313;62730.06193403319;73590.44528463698;86331.07429211862;101277.4737211686;118811.5260634959;139381.228686517;163512.140226203;191820.8086789974;225030.524286467;263989.7996954232;309694.0495706946;363311.0235703185;426210.642505751;499999.9999999716
1;9753799311564;50;phasez;-1.53161;-1.5289;-1.53014;-1.53167;-1.53198;-1.53187;-1.53202;-1.53251;-1.53282;-1.53362;-1.53393;-1.53427;-1.53437;-1.53464;-1.53489;-1.53516;-1.53541;-1.53557;-1.53577;-1.53586;-1.53596;-1.53604;-1.53606;-1.53601;-1.53591;-1.5357;-1.53543;-1.53505;-1.53456;-1.53392;-1.53315;-1.5322;-1.53107;-1.5297;-1.52807;-1.52615;-1.52387;-1.52117;-1.51798;-1.51421;-1.50975;-1.50447;-1.49823;-1.49083;-1.48208;-1.4717;-1.45937;-1.44468;-1.42713;-1.40602
2;9754570255957;50;absz;82137;73550.4;65860;58957.4;52764.5;47254.8;42307.2;37872.1;33898.4;30348.6;27167.6;24320.7;21770.1;19488.3;17446;15618.1;13980.4;12514.5;11202.3;10028;8976.22;8034.69;7191.6;6436.9;5761.36;5156.63;4615.12;4130.36;3696.35;3307.89;2960.02;2648.58;2369.72;2120.03;1896.43;1696.2;1516.86;1356.25;1212.41;1083.54;968.111;864.699;772.082;689.149;615.02;548.758;489.625;437.087;390.64;349.935
2;9754570255957;50;frequency;20000.00000002444;22385.53853899816;25055.61678390222;28044.17375656954;31389.19662092121;35133.2035329932;39323.78408414649;44014.2042055669;49264.08322518227;55140.1516811012;61717.09952482729;69078.52549602467;77317.99973512921;86540.25314108083;96862.50859274992;108415.9709538568;121347.4948009008;135821.4510731415;152021.8163702936;170154.5114554648;190450.0186878266;213166.3116533389;238592.1342356312;267050.6708003728;298903.6541519141;334555.9634717432;374460.7706856584;419125.3006744233;469117.2785435782;525072.1459047724;587701.13789258;657800.3235824071;736260.7247225839;824079.6413975459;922373.3285811875;1032391.184709951;1155531.632626961;1293359.894754076;1447627.888434013;1620296.494325686;1813560.480908265;2029876.401899315;2271993.821195295;2542990.262224833;2846310.325953354;3185809.474764127;3565803.038745301;3991121.067296888;4467169.723268114;4999999.999999929
2;9754570255957;50;phasez;-1.53795;-1.5374;-1.53714;-1.53688;-1.53618;-1.53606;-1.53555;-1.53462;-1.53405;-1.53324;-1.5322;-1.53108;-1.5299;-1.52833;-1.52675;-1.52477;-1.52269;-1.52027;-1.51759;-1.51454;-1.51112;-1.50731;-1.50299;-1.49813;-1.49271;-1.4866;-1.47975;-1.47208;-1.46346;-1.45378;-1.44292;-1.43074;-1.41706;-1.40171;-1.38445;-1.36508;-1.34329;-1.31879;-1.29119;-1.26009;-1.22502;-1.18541;-1.14062;-1.08983;-1.03215;-0.966558;-0.891713;-0.806153;-0.708148;-0.59571
3;9754889712451;20;absz;16983.6;13874;11331.3;9255.53;7560.46;6173.62;5042.04;4116.87;3361.24;2743.72;2238.98;1826.23;1489.11;1213.26;987.609;802.996;652.012;528.849;428.913;349.028
3;9754889712451;20;frequency;99999.99999990905;122862.535599424;150952.0265389597;185463.4873444638;227865.1431623047;279960.8926363817;343967.05137965;422606.6409511731;519225.2346839865;637933.2888043621;783781.0140572543;962973.2274171232;1183133.324347452;1453627.601814205;1785963.729760951;2194280.323268956;2695948.443325946;3312310.615921419;4069588.809647371;4999999.999999929
3;9754889712451;20;phasez;-1.52575;-1.52262;-1.51864;-1.51353;-1.50727;-1.49942;-1.48973;-1.47766;-1.46273;-1.44423;-1.42133;-1.39296;-1.35779;-1.3141;-1.2597;-1.19167;-1.1061;-0.99776;-0.859399;-0.681375
