0;8455624640877;20;absz;1.36827e+08;9.9758e+07;7.26747e+07;5.29501e+07;3.85431e+07;2.80548e+07;2.04178e+07;1.48522e+07;1.08022e+07;7.85468e+06;5.71028e+06;4.15092e+06;3.01672e+06;2.19221e+06;1.59281e+06;1.15718e+06;840519;610432;443250;321806
0;8455624640877;20;frequency;9.999999974752427;13.86918846435492;19.23543905490988;26.67799336109056;37.00021196095804;51.31629158938722;71.17153245417285;98.70914048804025;136.9015682683994;189.8713664161278;263.3361782500288;365.2259113806622;506.5387032487934;702.5280792305466;974.3494403835484;1351.343611730726;1874.203936580443;2599.368780806799;3605.113577052066;4999.99999995282
0;8455624640877;20;phasez;-1.51143;-1.51467;-1.51752;-1.51984;-1.52228;-1.52437;-1.52558;-1.5269;-1.52809;-1.52895;-1.52965;-1.53016;-1.53042;-1.53042;-1.53003;-1.5292;-1.52775;-1.52545;-1.52196;-1.51681
1;8456394307655;50;absz;7.39765e+06;6.33894e+06;5.41357e+06;4.63571e+06;3.97107e+06;3.3971e+06;2.90517e+06;2.48732e+06;2.12943e+06;1.82165e+06;1.55847e+06;1.33313e+06;1.14052e+06;975924;834889;714094;610895;522537;446992;382323;326991;279666;239187;204556;174936;149601;127933;109402;93554.1;80000.2;68407.8;58495;50018.7;42769.3;36570.5;31268.9;26734.8;22856.3;19539;16701.5;14273.9;12197;10419.5;8897.96;7595.46;6479.7;5523.52;4703.31;3998.99;3393.25
1;8456394307655;50;frequency;199.9999999213742;234.625769479635;275.2462588517801;322.8993264769997;378.802514688914;444.3841576318164;521.3198749487447;611.5753842550475;717.456725922716;841.6691823498468;987.3863981368913;1158.33146786315;1358.872060208682;1594.132014446359;1870.122253535556;2193.894364737048;2573.720768452858;3019.306079821149;3542.035062906734;4155.263512473084;4874.659497176026;5718.603679767398;6708.658946337209;7870.121340545211;9232.666380967203;10831.10727442716;12706.28439819177;14906.10877695531;17486.78621595445;20514.25336674129;24065.86241733066;28232.35745111674;33120.19296963342;38854.25382030405;45581.04601983359;53472.44000269313;62730.06193403319;73590.44528463698;86331.07429211862;101277.4737211686;118811.5260634959;139381.228686517;163512.140226203;191820.8086789974;225030.524286467;263989.7996954232;309694.0495706946;363311.0235703185;426210.642505751;499999.9999999716
1;8456394307655;50;phasez;-1.52978;-1.5299;-1.53134;-1.53242;-1.53156;-1.53235;-1.53196;-1.53267;-1.53348;-1.53348;-1.5338;-1.53422;-1.53463;-1.5348;-1.53505;-1.53536;-1.53552;-1.53582;-1.53592;-1.53609;-1.53619;-1.53622;-1.53627;-1.53618;-1.53608;-1.53586;-1.53557;-1.53518;-1.53466;-1.53402;-1.53322;-1.53226;-1.5311;-1.52972;-1.52808;-1.52616;-1.52389;-1.52119;-1.51802;-1.51427;-1.50983;-1.50459;-1.49837;-1.491;-1.48226;-1.47189;-1.45957;-1.44489;-1.42735;-1.40625
2;8457164366336;50;absz;82390.5;73787.8;66055.9;59133;52946.6;47407.4;42439.7;37995.3;34011.5;30449.8;27253.4;24399;21839.9;19553.2;17502.8;15668.8;14025.7;12554.9;11238.6;10059.8;9004.58;8059.91;7214.11;6457.12;5779.2;5172.69;4629.42;4143.09;3707.72;3317.96;2969.07;2656.56;2376.82;2126.34;1902.08;1701.21;1521.34;1360.22;1215.93;1086.67;970.858;867.153;774.278;691.098;616.748;550.278;490.982;438.304;391.728;350.911
2;8457164366336;50;frequency;20000.00000002444;22385.53853899816;25055.61678390222;28044.17375656954;31389.19662092121;35133.2035329932;39323.78408414649;44014.2042055669;49264.08322518227;55140.1516811012;61717.09952482729;69078.52549602467;77317.99973512921;86540.25314108083;96862.50859274992;108415.9709538568;121347.4948009008;135821.4510731415;152021.8163702936;170154.5114554648;190450.0186878266;213166.3116533389;238592.1342356312;267050.6708003728;298903.6541519141;334555.9634717432;374460.7706856584;419125.3006744233;469117.2785435782;525072.1459047724;587701.13789258;657800.3235824071;736260.7247225839;824079.6413975459;922373.3285811875;1032391.184709951;1155531.632626961;1293359.894754076;1447627.888434013;1620296.494325686;1813560.480908265;2029876.401899315;2271993.821195295;2542990.262224833;2846310.325953354;3185809.474764127;3565803.038745301;3991121.067296888;4467169.723268114;4999999.999999929
2;8457164366336;50;phasez;-1.53763;-1.53743;-1.53706;-1.53707;-1.53643;-1.53585;-1.53543;-1.53476;-1.53423;-1.53322;-1.53234;-1.53117;-1.52979;-1.52836;-1.52675;-1.52491;-1.52279;-1.52035;-1.51774;-1.51468;-1.51131;-1.50745;-1.50317;-1.49832;-1.4929;-1.4868;-1.47997;-1.47229;-1.46369;-1.45402;-1.44316;-1.43099;-1.41732;-1.40197;-1.38473;-1.36535;-1.34359;-1.31908;-1.29149;-1.26041;-1.22535;-1.18574;-1.14095;-1.09016;-1.0325;-0.966913;-0.892073;-0.806525;-0.708532;-0.596114
3;8457484609235;20;absz;17039.7;13922.3;11370.8;9286.82;7585.76;6194.04;5058.31;4130.24;3371.92;2752.44;2246.01;1831.91;1493.67;1216.92;990.55;805.363;653.925;530.399;430.168;350.05
3;8457484609235;20;frequency;99999.99999990905;122862.535599424;150952.0265389597;185463.4873444638;227865.1431623047;279960.8926363817;343967.05137965;422606.6409511731;519225.2346839865;637933.2888043621;783781.0140572543;962973.2274171232;1183133.324347452;1453627.601814205;1785963.729760951;2194280.323268956;2695948.443325946;3312310.615921419;4069588.809647371;4999999.999999929
3;8457484609235;20;phasez;-1.52591;-1.52277;-1.5187;-1.51371;-1.50744;-1.49967;-1.48992;-1.47787;-1.46295;-1.44444;-1.42157;-1.39321;-1.35806;-1.31439;-1.26;-1.19196;-1.10639;-0.998069;-0.85972;-0.681704
