0;7501476747545;20;absz;1.37906e+08;1.00498e+08;7.32022e+07;5.33246e+07;3.88151e+07;2.82492e+07;2.05524e+07;1.4947e+07;1.08681e+07;7.90248e+06;5.74436e+06;4.17515e+06;3.0342e+06;2.20474e+06;1.60182e+06;1.16365e+06;845181;613799;445666;323528
0;7501476747545;20;frequency;9.999999974752427;13.86918846435492;19.23543905490988;26.67799336109056;37.00021196095804;51.31629158938722;71.17153245417285;98.70914048804025;136.9015682683994;189.8713664161278;263.3361782500288;365.2259113806622;506.5387032487934;702.5280792305466;974.3494403835484;1351.343611730726;1874.203936580443;2599.368780806799;3605.113577052066;4999.99999995282
0;7501476747545;20;phasez;-1.514;-1.51595;-1.51918;-1.52102;-1.52335;-1.52558;-1.52661;-1.52785;-1.52879;-1.52965;-1.53025;-1.53067;-1.53087;-1.53081;-1.53041;-1.52955;-1.52809;-1.5258;-1.52233;-1.5172
1;7502246754349;50;absz;7.45487e+06;6.37434e+06;5.46e+06;4.67114e+06;3.99514e+06;3.41768e+06;2.92488e+06;2.50202e+06;2.14102e+06;1.83149e+06;1.56739e+06;1.34082e+06;1.14704e+06;981300;839479;718135;614264;525444;449404;384371;328747;281162;240447;205626;175845;150370;128586;109952;94019.4;80395.1;68741.7;58777.4;50256.8;42969.7;36738.9;31410.3;26853.4;22956;19622.5;16771.3;14332.2;12245.8;10460.2;8932.2;7624.21;6504;5543.91;4720.39;4013.32;3405.31
1;7502246754349;50;frequency;199.9999999213742;234.625769479635;275.2462588517801;322.8993264769997;378.802514688914;444.3841576318164;521.3198749487447;611.5753842550475;717.456725922716;841.6691823498468;987.3863981368913;1158.33146786315;1358.872060208682;1594.132014446359;1870.122253535556;2193.894364737048;2573.720768452858;3019.306079821149;3542.035062906734;4155.263512473084;4874.659497176026;5718.603679767398;6708.658946337209;7870.121340545211;9232.666380967203;10831.10727442716;12706.28439819177;14906.10877695531;17486.78621595445;20514.25336674129;24065.86241733066;28232.35745111674;33120.19296963342;38854.25382030405;45581.04601983359;53472.44000269313;62730.06193403319;73590.44528463698;86331.07429211862;101277.4737211686;118811.5260634959;139381.228686517;163512.140226203;191820.8086789974;225030.524286467;263989.7996954232;309694.0495706946;363311.0235703185;426210.642505751;499999.9999999716
1;7502246754349;50;phasez;-1.5294;-1.5308;-1.53277;-1.53101;-1.53229;-1.53272;-1.5325;-1.53302;-1.5336;-1.53406;-1.53466;-1.53459;-1.5348;-1.53521;-1.53541;-1.53569;-1.53591;-1.53608;-1.53637;-1.53647;-1.53656;-1.53667;-1.53668;-1.53664;-1.53654;-1.53635;-1.53606;-1.53568;-1.53519;-1.53457;-1.53379;-1.53285;-1.53173;-1.53037;-1.52876;-1.52686;-1.52461;-1.52192;-1.51875;-1.51499;-1.51054;-1.50527;-1.49903;-1.49164;-1.48288;-1.47249;-1.46016;-1.44548;-1.42793;-1.40684
2;7503017668293;50;absz;82780.7;74126.9;66349;59419;53196.8;47620.7;42632.5;38163.6;34165;30578.1;27374.1;24503.7;21934.5;19632.6;17574;15731.3;14082.2;12604.2;11282.1;10098.3;9038.64;8090.11;7240.89;6480.74;5800.41;5191.24;4645.92;4157.75;3720.75;3329.46;2979.22;2665.61;2384.86;2133.46;1908.37;1706.77;1526.24;1364.56;1219.75;1090.05;973.868;869.814;776.623;693.173;618.575;551.898;492.429;439.584;392.863;351.929
2;7503017668293;50;frequency;20000.00000002444;22385.53853899816;25055.61678390222;28044.17375656954;31389.19662092121;35133.2035329932;39323.78408414649;44014.2042055669;49264.08322518227;55140.1516811012;61717.09952482729;69078.52549602467;77317.99973512921;86540.25314108083;96862.50859274992;108415.9709538568;121347.4948009008;135821.4510731415;152021.8163702936;170154.5114554648;190450.0186878266;213166.3116533389;238592.1342356312;267050.6708003728;298903.6541519141;334555.9634717432;374460.7706856584;419125.3006744233;469117.2785435782;525072.1459047724;587701.13789258;657800.3235824071;736260.7247225839;824079.6413975459;922373.3285811875;1032391.184709951;1155531.632626961;1293359.894754076;1447627.888434013;1620296.494325686;1813560.480908265;2029876.401899315;2271993.821195295;2542990.262224833;2846310.325953354;3185809.474764127;3565803.038745301;3991121.067296888;4467169.723268114;4999999.999999929
2;7503017668293;50;phasez;-1.53835;-1.53781;-1.53793;-1.53759;-1.53706;-1.53668;-1.53616;-1.53552;-1.53483;-1.53399;-1.533;-1.5319;-1.5306;-1.52916;-1.52744;-1.52559;-1.52343;-1.52111;-1.51838;-1.51538;-1.51198;-1.50811;-1.50377;-1.49893;-1.49349;-1.48741;-1.48055;-1.47285;-1.46424;-1.45458;-1.44374;-1.43158;-1.41791;-1.40257;-1.38535;-1.36598;-1.34422;-1.31974;-1.29217;-1.2611;-1.22605;-1.18647;-1.1417;-1.09094;-1.03329;-0.967728;-0.892921;-0.807411;-0.709464;-0.597092
3;7503336246635;20;absz;17108;13975.8;11412.8;9321.29;7612.98;6216.33;5076.42;4144.6;3383.53;2761.73;2253.38;1837.85;1498.42;1220.69;993.566;807.769;655.841;531.919;431.398;351.042
3;7503336246635;20;frequency;99999.99999990905;122862.535599424;150952.0265389597;185463.4873444638;227865.1431623047;279960.8926363817;343967.05137965;422606.6409511731;519225.2346839865;637933.2888043621;783781.0140572543;962973.2274171232;1183133.324347452;1453627.601814205;1785963.729760951;2194280.323268956;2695948.443325946;3312310.615921419;4069588.809647371;4999999.999999929
3;7503336246635;20;phasez;-1.52662;-1.5234;-1.51941;-1.51437;-1.50809;-1.50027;-1.49054;-1.47847;-1.46354;-1.44503;-1.42217;-1.39385;-1.35871;-1.31508;-1.26071;-1.19272;-1.10719;-0.998922;-0.860638;-0.682723
