0;2055935028193;20;absz;1.88579e+08;1.36448e+08;9.86997e+07;7.147e+07;5.17027e+07;3.74169e+07;2.70733e+07;1.95896e+07;1.41744e+07;1.02562e+07;7.4213e+06;5.36907e+06;3.88402e+06;2.80924e+06;2.03161e+06;1.46903e+06;1.0621e+06;767809;554990;401122
0;2055935028193;20;frequency;9.999999974752427;13.86918846435492;19.23543905490988;26.67799336109056;37.00021196095804;51.31629158938722;71.17153245417285;98.70914048804025;136.9015682683994;189.8713664161278;263.3361782500288;365.2259113806622;506.5387032487934;702.5280792305466;974.3494403835484;1351.343611730726;1874.203936580443;2599.368780806799;3605.113577052066;4999.99999995282
0;2055935028193;20;phasez;-1.55271;-1.55334;-1.55334;-1.5533;-1.55332;-1.55308;-1.55355;-1.55364;-1.55362;-1.55357;-1.55364;-1.55361;-1.55351;-1.55322;-1.55261;-1.55155;-1.54982;-1.54721;-1.54335;-1.53779
1;2056708129702;50;absz;9.67508e+06;8.25367e+06;7.04495e+06;6.01382e+06;5.1304e+06;4.38112e+06;3.74279e+06;3.19429e+06;2.72798e+06;2.32846e+06;1.98797e+06;1.6967e+06;1.44815e+06;1.2358e+06;1.05499e+06;900332;768504;655898;559744;477723;407718;347951;296951;253413;216264;184564;157509;134423;114721;97905.9;83559.4;71316.1;60865.8;51949.3;44338.8;37843.7;32299.6;27567.1;23527;20078;17133.3;14618.3;12470.1;10634.7;9065.89;7724.33;6576.55;5593.62;4750.84;4027.14
1;2056708129702;50;frequency;199.9999999213742;234.625769479635;275.2462588517801;322.8993264769997;378.802514688914;444.3841576318164;521.3198749487447;611.5753842550475;717.456725922716;841.6691823498468;987.3863981368913;1158.33146786315;1358.872060208682;1594.132014446359;1870.122253535556;2193.894364737048;2573.720768452858;3019.306079821149;3542.035062906734;4155.263512473084;4874.659497176026;5718.603679767398;6708.658946337209;7870.121340545211;9232.666380967203;10831.10727442716;12706.28439819177;14906.10877695531;17486.78621595445;20514.25336674129;24065.86241733066;28232.35745111674;33120.19296963342;38854.25382030405;45581.04601983359;53472.44000269313;62730.06193403319;73590.44528463698;86331.07429211862;101277.4737211686;118811.5260634959;139381.228686517;163512.140226203;191820.8086789974;225030.524286467;263989.7996954232;309694.0495706946;363311.0235703185;426210.642505751;499999.9999999716
1;2056708129702;50;phasez;-1.55157;-1.55592;-1.55455;-1.55559;-1.55647;-1.5551;-1.55505;-1.55596;-1.55576;-1.55621;-1.55638;-1.55665;-1.5571;-1.55699;-1.55723;-1.5573;-1.55732;-1.55738;-1.55738;-1.5573;-1.55726;-1.55704;-1.55687;-1.55654;-1.5562;-1.55572;-1.55518;-1.55451;-1.55371;-1.55277;-1.55168;-1.5504;-1.54892;-1.54719;-1.5452;-1.5429;-1.54022;-1.53711;-1.53349;-1.52926;-1.52434;-1.51859;-1.51186;-1.50396;-1.4947;-1.4838;-1.47093;-1.45571;-1.43761;-1.41595
2;2057479238205;50;absz;100917;90228.4;80655.3;72116.5;64472;57643.3;51542.3;46076.6;41204.1;36838.7;32938.8;29448.3;26332.8;23544.3;21052;18824.8;16832.5;15052.8;13459.8;12036.2;10763.8;9625.28;8607.26;7697.45;6883.46;6155.61;5504.92;4922.9;4402.34;3936.8;3520.42;3147.96;2814.83;2516.77;2250.24;2011.67;1798.32;1607.38;1436.54;1283.66;1146.85;1024.45;914.975;817.042;729.615;651.595;582.127;520.505;466.199;418.801
2;2057479238205;50;frequency;20000.00000002444;22385.53853899816;25055.61678390222;28044.17375656954;31389.19662092121;35133.2035329932;39323.78408414649;44014.2042055669;49264.08322518227;55140.1516811012;61717.09952482729;69078.52549602467;77317.99973512921;86540.25314108083;96862.50859274992;108415.9709538568;121347.4948009008;135821.4510731415;152021.8163702936;170154.5114554648;190450.0186878266;213166.3116533389;238592.1342356312;267050.6708003728;298903.6541519141;334555.9634717432;374460.7706856584;419125.3006744233;469117.2785435782;525072.1459047724;587701.13789258;657800.3235824071;736260.7247225839;824079.6413975459;922373.3285811875;1032391.184709951;1155531.632626961;1293359.894754076;1447627.888434013;1620296.494325686;1813560.480908265;2029876.401899315;2271993.821195295;2542990.262224833;2846310.325953354;3185809.474764127;3565803.038745301;3991121.067296888;4467169.723268114;4999999.999999929
2;2057479238205;50;phasez;-1.55637;-1.55603;-1.55546;-1.55468;-1.55434;-1.55368;-1.55285;-1.55202;-1.55107;-1.54991;-1.54864;-1.54727;-1.5456;-1.54385;-1.54187;-1.53966;-1.53728;-1.53449;-1.53142;-1.52807;-1.52429;-1.52008;-1.51541;-1.51022;-1.50441;-1.49792;-1.4907;-1.48262;-1.47361;-1.46355;-1.45229;-1.43969;-1.42561;-1.40982;-1.39214;-1.37231;-1.35008;-1.32511;-1.29705;-1.2655;-1.22996;-1.1899;-1.14465;-1.09344;-1.03533;-0.969367;-0.894198;-0.808372;-0.710206;-0.597726
3;2057796904957;20;absz;20488.8;16708.5;13622.8;11103.8;9053.6;7382.69;6018.9;4907.7;4001.05;3262.05;2659.05;2166.95;1765.34;1437.72;1170.1;951.625;773.341;628.295;511.018;417.776
3;2057796904957;20;frequency;99999.99999990905;122862.535599424;150952.0265389597;185463.4873444638;227865.1431623047;279960.8926363817;343967.05137965;422606.6409511731;519225.2346839865;637933.2888043621;783781.0140572543;962973.2274171232;1183133.324347452;1453627.601814205;1785963.729760951;2194280.323268956;2695948.443325946;3312310.615921419;4069588.809647371;4999999.999999929
3;2057796904957;20;phasez;-1.54097;-1.53712;-1.53243;-1.52687;-1.51992;-1.51137;-1.50096;-1.48818;-1.47253;-1.4533;-1.4296;-1.40045;-1.36448;-1.31995;-1.26469;-1.19583;-1.10943;-1.00042;-0.861546;-0.683336
