0;5721540570493;20;absz;1.42954e+08;1.04104e+08;7.57435e+07;5.51179e+07;4.00952e+07;2.91692e+07;2.12046e+07;1.54153e+07;1.12054e+07;8.14397e+06;5.91791e+06;4.2999e+06;3.12381e+06;2.26898e+06;1.64786e+06;1.19653e+06;868680;630556;457636;332090
0;5721540570493;20;frequency;9.999999974752427;13.86918846435492;19.23543905490988;26.67799336109056;37.00021196095804;51.31629158938722;71.17153245417285;98.70914048804025;136.9015682683994;189.8713664161278;263.3361782500288;365.2259113806622;506.5387032487934;702.5280792305466;974.3494403835484;1351.343611730726;1874.203936580443;2599.368780806799;3605.113577052066;4999.99999995282
0;5721540570493;20;phasez;-1.52049;-1.52361;-1.52473;-1.52634;-1.52753;-1.52904;-1.52975;-1.53046;-1.53127;-1.53185;-1.53234;-1.53266;-1.53286;-1.53283;-1.53246;-1.53165;-1.53019;-1.52786;-1.52434;-1.51917
1;5722308764650;50;absz;7.68673e+06;6.57367e+06;5.62457e+06;4.81389e+06;4.11061e+06;3.51741e+06;3.011e+06;2.57616e+06;2.20345e+06;1.88448e+06;1.612e+06;1.37896e+06;1.17961e+06;1.00889e+06;862793;737917;631050;539667;461483;394647;337451;288545;246717;210948;180361;154205;131838;112715;96364.9;82382.1;70425.7;60205.5;51467;43995.6;37606.9;32145.1;27475.1;23482.3;20068.1;17148.7;14652.3;12516.8;10690.2;9127.08;7789.16;6643.72;5662.29;4820.55;4097.88;3476.45
1;5722308764650;50;frequency;199.9999999213742;234.625769479635;275.2462588517801;322.8993264769997;378.802514688914;444.3841576318164;521.3198749487447;611.5753842550475;717.456725922716;841.6691823498468;987.3863981368913;1158.33146786315;1358.872060208682;1594.132014446359;1870.122253535556;2193.894364737048;2573.720768452858;3019.306079821149;3542.035062906734;4155.263512473084;4874.659497176026;5718.603679767398;6708.658946337209;7870.121340545211;9232.666380967203;10831.10727442716;12706.28439819177;14906.10877695531;17486.78621595445;20514.25336674129;24065.86241733066;28232.35745111674;33120.19296963342;38854.25382030405;45581.04601983359;53472.44000269313;62730.06193403319;73590.44528463698;86331.07429211862;101277.4737211686;118811.5260634959;139381.228686517;163512.140226203;191820.8086789974;225030.524286467;263989.7996954232;309694.0495706946;363311.0235703185;426210.642505751;499999.9999999716
1;5722308764650;50;phasez;-1.53019;-1.53293;-1.53382;-1.53402;-1.53413;-1.53455;-1.53531;-1.53446;-1.53539;-1.53621;-1.53651;-1.53665;-1.53699;-1.53731;-1.53748;-1.53773;-1.53799;-1.53815;-1.53829;-1.53847;-1.53857;-1.53865;-1.53864;-1.5386;-1.53847;-1.5383;-1.53801;-1.53764;-1.53716;-1.53656;-1.53579;-1.53487;-1.53375;-1.5324;-1.53079;-1.52888;-1.52661;-1.52391;-1.5207;-1.51691;-1.51242;-1.50712;-1.50085;-1.49344;-1.48467;-1.47428;-1.46196;-1.4473;-1.42978;-1.40874
2;5723078266704;50;absz;84877.2;75966.3;68001.3;60869.2;54482.6;48767;43657.9;39071.2;34974.2;31298.5;28011.1;25070.6;22437.8;20081.1;17974;16086.7;14397.7;12885.3;11532.8;10321.3;9236.83;8266.55;7398.1;6620.46;5924.76;5302.04;4744.64;4245.56;3798.93;3399.05;3041.1;2720.66;2433.76;2176.9;1946.97;1741.09;1556.71;1391.61;1243.75;1111.34;992.772;886.589;791.51;706.397;630.333;562.359;501.738;447.907;400.326;358.656
2;5723078266704;50;frequency;20000.00000002444;22385.53853899816;25055.61678390222;28044.17375656954;31389.19662092121;35133.2035329932;39323.78408414649;44014.2042055669;49264.08322518227;55140.1516811012;61717.09952482729;69078.52549602467;77317.99973512921;86540.25314108083;96862.50859274992;108415.9709538568;121347.4948009008;135821.4510731415;152021.8163702936;170154.5114554648;190450.0186878266;213166.3116533389;238592.1342356312;267050.6708003728;298903.6541519141;334555.9634717432;374460.7706856584;419125.3006744233;469117.2785435782;525072.1459047724;587701.13789258;657800.3235824071;736260.7247225839;824079.6413975459;922373.3285811875;1032391.184709951;1155531.632626961;1293359.894754076;1447627.888434013;1620296.494325686;1813560.480908265;2029876.401899315;2271993.821195295;2542990.262224833;2846310.325953354;3185809.474764127;3565803.038745301;3991121.067296888;4467169.723268114;4999999.999999929
2;5723078266704;50;phasez;-1.54022;-1.53992;-1.53974;-1.53965;-1.53902;-1.53867;-1.53807;-1.5376;-1.5368;-1.53588;-1.53505;-1.53396;-1.53263;-1.53108;-1.52936;-1.5275;-1.52537;-1.52295;-1.52023;-1.51721;-1.51376;-1.50989;-1.50558;-1.50074;-1.4953;-1.48923;-1.4824;-1.47473;-1.46614;-1.45651;-1.4457;-1.43356;-1.41994;-1.40464;-1.38745;-1.36814;-1.3464;-1.32196;-1.29443;-1.2634;-1.22839;-1.18886;-1.14414;-1.09343;-1.03586;-0.970362;-0.895643;-0.810226;-0.71241;-0.600198
3;5723396363240;20;absz;17496.2;14290.2;11667.4;9526.04;7779.38;6350.65;5184.87;4232.33;3454.39;2818.95;2299.57;1875.02;1528.38;1244.78;1012.93;823.339;668.372;542.022;439.594;357.766
3;5723396363240;20;frequency;99999.99999990905;122862.535599424;150952.0265389597;185463.4873444638;227865.1431623047;279960.8926363817;343967.05137965;422606.6409511731;519225.2346839865;637933.2888043621;783781.0140572543;962973.2274171232;1183133.324347452;1453627.601814205;1785963.729760951;2194280.323268956;2695948.443325946;3312310.615921419;4069588.809647371;4999999.999999929
3;5723396363240;20;phasez;-1.5286;-1.52531;-1.52125;-1.51617;-1.50984;-1.50205;-1.49233;-1.48031;-1.46546;-1.44702;-1.42422;-1.39597;-1.36091;-1.31735;-1.26307;-1.19517;-1.10975;-1.00161;-0.863516;-0.685849
