0;9345667290192;20;absz;1.36327e+08;9.94116e+07;7.24406e+07;5.27745e+07;3.84259e+07;2.79615e+07;2.0351e+07;1.48077e+07;1.07705e+07;7.83232e+06;5.69462e+06;4.13945e+06;3.00864e+06;2.18634e+06;1.58859e+06;1.15404e+06;838280;608822;442100;320979
0;9345667290192;20;frequency;9.999999974752427;13.86918846435492;19.23543905490988;26.67799336109056;37.00021196095804;51.31629158938722;71.17153245417285;98.70914048804025;136.9015682683994;189.8713664161278;263.3361782500288;365.2259113806622;506.5387032487934;702.5280792305466;974.3494403835484;1351.343611730726;1874.203936580443;2599.368780806799;3605.113577052066;4999.99999995282
0;9345667290192;20;phasez;-1.51071;-1.51443;-1.51687;-1.5196;-1.52188;-1.52312;-1.52521;-1.52654;-1.52771;-1.52865;-1.52937;-1.52992;-1.53027;-1.53028;-1.52994;-1.5291;-1.52763;-1.5253;-1.52179;-1.51664
1;9346440429608;50;absz;7.38595e+06;6.33271e+06;5.414e+06;4.62698e+06;3.96104e+06;3.38853e+06;2.90008e+06;2.48195e+06;2.12376e+06;1.81692e+06;1.55392e+06;1.32996e+06;1.13783e+06;973362;832581;712297;609343;521196;445820;381331;326160;278954;238585;204049;174507;149236;127624;109137;93328.2;79806.8;68242.4;58354.3;49898;42665.6;36481;31191.7;26667.7;22798.7;19489.4;16658.9;14237.7;12165.8;10392.8;8875.41;7576.17;6463.38;5509.63;4691.55;3989.05;3384.9
1;9346440429608;50;frequency;199.9999999213742;234.625769479635;275.2462588517801;322.8993264769997;378.802514688914;444.3841576318164;521.3198749487447;611.5753842550475;717.456725922716;841.6691823498468;987.3863981368913;1158.33146786315;1358.872060208682;1594.132014446359;1870.122253535556;2193.894364737048;2573.720768452858;3019.306079821149;3542.035062906734;4155.263512473084;4874.659497176026;5718.603679767398;6708.658946337209;7870.121340545211;9232.666380967203;10831.10727442716;12706.28439819177;14906.10877695531;17486.78621595445;20514.25336674129;24065.86241733066;28232.35745111674;33120.19296963342;38854.25382030405;45581.04601983359;53472.44000269313;62730.06193403319;73590.44528463698;86331.07429211862;101277.4737211686;118811.5260634959;139381.228686517;163512.140226203;191820.8086789974;225030.524286467;263989.7996954232;309694.0495706946;363311.0235703185;426210.642505751;499999.9999999716
1;9346440429608;50;phasez;-1.53029;-1.52885;-1.53171;-1.53071;-1.53091;-1.53156;-1.53282;-1.53268;-1.53319;-1.53347;-1.53403;-1.53403;-1.53428;-1.53474;-1.53493;-1.5352;-1.53551;-1.53566;-1.53584;-1.53596;-1.53604;-1.5361;-1.53609;-1.53605;-1.53595;-1.53575;-1.53548;-1.53509;-1.5346;-1.53397;-1.5332;-1.53226;-1.53112;-1.52975;-1.52813;-1.52622;-1.52394;-1.52124;-1.51806;-1.51428;-1.50983;-1.50455;-1.49831;-1.49092;-1.48216;-1.47177;-1.45944;-1.44475;-1.42719;-1.40608
2;9347208442702;50;absz;82197.6;73610.6;65891.2;59007.2;52813.3;47281.2;42333.1;37896.9;33925;30367.3;27185;24335.7;21785.7;19502.4;17458.4;15627.9;13988.7;12522.4;11209;10033.8;8981.5;8039.09;7195.54;6440.48;5764.62;5159.63;4617.76;4132.72;3698.56;3309.79;2961.77;2650.13;2371.1;2121.25;1897.51;1697.17;1517.72;1357.02;1213.09;1084.13;968.627;865.158;772.504;689.533;615.331;549.031;489.881;437.326;390.845;350.108
2;9347208442702;50;frequency;20000.00000002444;22385.53853899816;25055.61678390222;28044.17375656954;31389.19662092121;35133.2035329932;39323.78408414649;44014.2042055669;49264.08322518227;55140.1516811012;61717.09952482729;69078.52549602467;77317.99973512921;86540.25314108083;96862.50859274992;108415.9709538568;121347.4948009008;135821.4510731415;152021.8163702936;170154.5114554648;190450.0186878266;213166.3116533389;238592.1342356312;267050.6708003728;298903.6541519141;334555.9634717432;374460.7706856584;419125.3006744233;469117.2785435782;525072.1459047724;587701.13789258;657800.3235824071;736260.7247225839;824079.6413975459;922373.3285811875;1032391.184709951;1155531.632626961;1293359.894754076;1447627.888434013;1620296.494325686;1813560.480908265;2029876.401899315;2271993.821195295;2542990.262224833;2846310.325953354;3185809.474764127;3565803.038745301;3991121.067296888;4467169.723268114;4999999.999999929
2;9347208442702;50;phasez;-1.53771;-1.5373;-1.53722;-1.53674;-1.53661;-1.53605;-1.53558;-1.53478;-1.53412;-1.53325;-1.53241;-1.53115;-1.52997;-1.52845;-1.52678;-1.52489;-1.5228;-1.52035;-1.51768;-1.51465;-1.51121;-1.50738;-1.50306;-1.49822;-1.49279;-1.48668;-1.47982;-1.47214;-1.4635;-1.45383;-1.44298;-1.4308;-1.41712;-1.40176;-1.38452;-1.36514;-1.34335;-1.31885;-1.29126;-1.26016;-1.2251;-1.18549;-1.1407;-1.08992;-1.03223;-0.966645;-0.891801;-0.806245;-0.708243;-0.595804
3;9347527933289;20;absz;16991.5;13882.3;11337.7;9260.45;7564.42;6176.97;5044.69;4119.04;3363.01;2745.16;2240.09;1827.21;1489.89;1213.87;988.098;803.378;652.341;529.113;429.131;349.202
3;9347527933289;20;frequency;99999.99999990905;122862.535599424;150952.0265389597;185463.4873444638;227865.1431623047;279960.8926363817;343967.05137965;422606.6409511731;519225.2346839865;637933.2888043621;783781.0140572543;962973.2274171232;1183133.324347452;1453627.601814205;1785963.729760951;2194280.323268956;2695948.443325946;3312310.615921419;4069588.809647371;4999999.999999929
3;9347527933289;20;phasez;-1.52589;-1.52273;-1.51873;-1.51364;-1.50736;-1.49951;-1.48978;-1.4777;-1.46277;-1.44428;-1.42138;-1.39302;-1.35785;-1.31418;-1.25977;-1.19175;-1.10617;-0.997855;-0.859508;-0.681507
