0;3489759343645;20;absz;1.63853e+08;1.19014e+08;8.63682e+07;6.2697e+07;4.55089e+07;3.3008e+07;2.39491e+07;1.73665e+07;1.25922e+07;9.12913e+06;6.61756e+06;4.79615e+06;3.47557e+06;2.51821e+06;1.82427e+06;1.32135e+06;956966;693014;501831;363363
0;3489759343645;20;frequency;9.999999974752427;13.86918846435492;19.23543905490988;26.67799336109056;37.00021196095804;51.31629158938722;71.17153245417285;98.70914048804025;136.9015682683994;189.8713664161278;263.3361782500288;365.2259113806622;506.5387032487934;702.5280792305466;974.3494403835484;1351.343611730726;1874.203936580443;2599.368780806799;3605.113577052066;4999.99999995282
0;3489759343645;20;phasez;-1.53571;-1.53668;-1.538;-1.53865;-1.53982;-1.54136;-1.54186;-1.54266;-1.54325;-1.54381;-1.54424;-1.54456;-1.54467;-1.54453;-1.54403;-1.543;-1.54129;-1.53864;-1.53474;-1.52917
1;3490529820036;50;absz;8.58552e+06;7.34794e+06;6.27776e+06;5.36855e+06;4.58732e+06;3.91858e+06;3.34945e+06;2.86452e+06;2.44523e+06;2.08793e+06;1.78445e+06;1.52467e+06;1.30261e+06;1.11277e+06;950548;811969;693586;592485;506069;432305;369288;315434;269453;230169;196608;167947;143462;122547;104680;89420.4;76382.3;65246.1;55733.5;47607.7;40664.6;34733.8;29666;25336.4;21636.9;18475.9;15774.4;13465.5;11491.7;9803.86;8360.33;7125.29;6067.75;5161.51;4384.16;3716.32
1;3490529820036;50;frequency;199.9999999213742;234.625769479635;275.2462588517801;322.8993264769997;378.802514688914;444.3841576318164;521.3198749487447;611.5753842550475;717.456725922716;841.6691823498468;987.3863981368913;1158.33146786315;1358.872060208682;1594.132014446359;1870.122253535556;2193.894364737048;2573.720768452858;3019.306079821149;3542.035062906734;4155.263512473084;4874.659497176026;5718.603679767398;6708.658946337209;7870.121340545211;9232.666380967203;10831.10727442716;12706.28439819177;14906.10877695531;17486.78621595445;20514.25336674129;24065.86241733066;28232.35745111674;33120.19296963342;38854.25382030405;45581.04601983359;53472.44000269313;62730.06193403319;73590.44528463698;86331.07429211862;101277.4737211686;118811.5260634959;139381.228686517;163512.140226203;191820.8086789974;225030.524286467;263989.7996954232;309694.0495706946;363311.0235703185;426210.642505751;499999.9999999716
1;3490529820036;50;phasez;-1.54495;-1.54472;-1.54462;-1.54703;-1.54655;-1.54609;-1.54639;-1.54682;-1.54741;-1.54751;-1.54789;-1.54834;-1.54854;-1.54848;-1.54856;-1.54871;-1.54885;-1.54881;-1.54878;-1.54871;-1.54859;-1.54846;-1.5482;-1.54796;-1.54763;-1.54726;-1.5468;-1.54624;-1.54559;-1.54483;-1.54392;-1.54287;-1.54164;-1.5402;-1.53851;-1.53653;-1.53421;-1.53147;-1.52825;-1.52446;-1.51998;-1.5147;-1.50845;-1.50107;-1.49234;-1.48198;-1.46968;-1.45504;-1.43752;-1.41646
2;3491300935423;50;absz;92126.4;82467.1;73764.1;65976.2;59030.5;52810.6;47234.3;42256.5;37801.3;33821.3;30251.6;27056.5;24206.9;21653.9;19368.7;17325.5;15498.7;13864.3;12401.6;11093.3;9922.71;8875.63;7938.66;7100.33;6350.55;5679.72;5079.55;4542.76;4062.45;3632.75;3248.33;2904.29;2596.58;2321.27;2074.88;1854.5;1657.25;1480.76;1322.8;1181.48;1055.02;941.838;840.575;750.022;669.151;596.952;532.637;475.574;425.197;381.148
2;3491300935423;50;frequency;20000.00000002444;22385.53853899816;25055.61678390222;28044.17375656954;31389.19662092121;35133.2035329932;39323.78408414649;44014.2042055669;49264.08322518227;55140.1516811012;61717.09952482729;69078.52549602467;77317.99973512921;86540.25314108083;96862.50859274992;108415.9709538568;121347.4948009008;135821.4510731415;152021.8163702936;170154.5114554648;190450.0186878266;213166.3116533389;238592.1342356312;267050.6708003728;298903.6541519141;334555.9634717432;374460.7706856584;419125.3006744233;469117.2785435782;525072.1459047724;587701.13789258;657800.3235824071;736260.7247225839;824079.6413975459;922373.3285811875;1032391.184709951;1155531.632626961;1293359.894754076;1447627.888434013;1620296.494325686;1813560.480908265;2029876.401899315;2271993.821195295;2542990.262224833;2846310.325953354;3185809.474764127;3565803.038745301;3991121.067296888;4467169.723268114;4999999.999999929
2;3491300935423;50;phasez;-1.54832;-1.54802;-1.54806;-1.54731;-1.54695;-1.54666;-1.546;-1.5453;-1.54458;-1.54365;-1.54257;-1.54149;-1.54011;-1.53874;-1.53696;-1.53507;-1.53289;-1.53053;-1.52785;-1.52478;-1.52142;-1.51755;-1.51324;-1.50841;-1.50302;-1.49692;-1.49011;-1.48243;-1.47384;-1.46421;-1.45336;-1.44118;-1.42751;-1.41215;-1.39488;-1.37549;-1.35368;-1.32913;-1.30149;-1.27035;-1.23522;-1.19556;-1.15071;-1.09991;-1.0422;-0.97662;-0.901828;-0.81638;-0.718549;-0.6064
3;3491619996018;20;absz;18856.5;15384.3;12550;10235.8;8349.27;6810.04;5553.66;4528.91;3692.05;3009.85;2452.75;1997.97;1626.93;1323.93;1076.5;874.466;709.593;575.381;466.78;380.232
3;3491619996018;20;frequency;99999.99999990905;122862.535599424;150952.0265389597;185463.4873444638;227865.1431623047;279960.8926363817;343967.05137965;422606.6409511731;519225.2346839865;637933.2888043621;783781.0140572543;962973.2274171232;1183133.324347452;1453627.601814205;1785963.729760951;2194280.323268956;2695948.443325946;3312310.615921419;4069588.809647371;4999999.999999929
3;3491619996018;20;phasez;-1.53615;-1.53283;-1.52881;-1.52383;-1.51751;-1.50971;-1.50006;-1.48803;-1.47312;-1.45467;-1.43176;-1.40338;-1.36816;-1.3244;-1.2699;-1.20178;-1.11613;-1.00783;-0.86963;-0.692053
