0;2036387198863;20;absz;1.88954e+08;1.36746e+08;9.89649e+07;7.15995e+07;5.1817e+07;3.75135e+07;2.71281e+07;1.96267e+07;1.4202e+07;1.02749e+07;7.4346e+06;5.3787e+06;3.89081e+06;2.8141e+06;2.03503e+06;1.47144e+06;1.06379e+06;768979;555816;401705
0;2036387198863;20;frequency;9.999999974752427;13.86918846435492;19.23543905490988;26.67799336109056;37.00021196095804;51.31629158938722;71.17153245417285;98.70914048804025;136.9015682683994;189.8713664161278;263.3361782500288;365.2259113806622;506.5387032487934;702.5280792305466;974.3494403835484;1351.343611730726;1874.203936580443;2599.368780806799;3605.113577052066;4999.99999995282
0;2036387198863;20;phasez;-1.55317;-1.55402;-1.5536;-1.55367;-1.55358;-1.55379;-1.55378;-1.5537;-1.55368;-1.55376;-1.55375;-1.55376;-1.55367;-1.55339;-1.55282;-1.55176;-1.55002;-1.54738;-1.5435;-1.53791
1;2037159157523;50;absz;9.67901e+06;8.26188e+06;7.06121e+06;6.02746e+06;5.14426e+06;4.39086e+06;3.749e+06;3.2009e+06;2.73131e+06;2.33168e+06;1.99071e+06;1.69859e+06;1.45033e+06;1.23797e+06;1.05657e+06;901859;769626;656876;560597;478419;408299;348447;297360;253770;216573;184823;157730;134612;114884;98046.3;83679.3;71418.2;60954.1;52025.5;44403.7;37898.9;32346.7;27607.5;23562.3;20108.2;17159.1;14640.4;12489.1;10651.1;9080.05;7736.63;6587.24;5602.79;4758.73;4033.88
1;2037159157523;50;frequency;199.9999999213742;234.625769479635;275.2462588517801;322.8993264769997;378.802514688914;444.3841576318164;521.3198749487447;611.5753842550475;717.456725922716;841.6691823498468;987.3863981368913;1158.33146786315;1358.872060208682;1594.132014446359;1870.122253535556;2193.894364737048;2573.720768452858;3019.306079821149;3542.035062906734;4155.263512473084;4874.659497176026;5718.603679767398;6708.658946337209;7870.121340545211;9232.666380967203;10831.10727442716;12706.28439819177;14906.10877695531;17486.78621595445;20514.25336674129;24065.86241733066;28232.35745111674;33120.19296963342;38854.25382030405;45581.04601983359;53472.44000269313;62730.06193403319;73590.44528463698;86331.07429211862;101277.4737211686;118811.5260634959;139381.228686517;163512.140226203;191820.8086789974;225030.524286467;263989.7996954232;309694.0495706946;363311.0235703185;426210.642505751;499999.9999999716
1;2037159157523;50;phasez;-1.55389;-1.55726;-1.55646;-1.55475;-1.55514;-1.55528;-1.55612;-1.55646;-1.55601;-1.55611;-1.5567;-1.55703;-1.5573;-1.55728;-1.55743;-1.55735;-1.55753;-1.55756;-1.55757;-1.55745;-1.55735;-1.55718;-1.55694;-1.55665;-1.55626;-1.55577;-1.55522;-1.55452;-1.55371;-1.55277;-1.55164;-1.55037;-1.54886;-1.54713;-1.54512;-1.54281;-1.54012;-1.537;-1.53337;-1.52914;-1.5242;-1.51844;-1.5117;-1.5038;-1.49452;-1.4836;-1.47073;-1.45549;-1.43738;-1.41571
2;2037927319265;50;absz;101072;90365.1;80805.1;72222.2;64572;57736.8;51612.3;46150.2;41262.7;36894.4;32987.6;29496.3;26372.9;23579.4;21084.8;18854.2;16859.2;15075.7;13481.6;12055.5;10780.8;9640.83;8621.5;7709.98;6894.74;6165.83;5514.06;4931.21;4409.9;3943.54;3526.49;3153.49;2819.82;2521.29;2254.24;2015.27;1801.58;1610.32;1439.2;1286.08;1149.06;1026.45;916.79;818.702;731.106;652.923;583.325;521.619;467.208;419.728
2;2037927319265;50;frequency;20000.00000002444;22385.53853899816;25055.61678390222;28044.17375656954;31389.19662092121;35133.2035329932;39323.78408414649;44014.2042055669;49264.08322518227;55140.1516811012;61717.09952482729;69078.52549602467;77317.99973512921;86540.25314108083;96862.50859274992;108415.9709538568;121347.4948009008;135821.4510731415;152021.8163702936;170154.5114554648;190450.0186878266;213166.3116533389;238592.1342356312;267050.6708003728;298903.6541519141;334555.9634717432;374460.7706856584;419125.3006744233;469117.2785435782;525072.1459047724;587701.13789258;657800.3235824071;736260.7247225839;824079.6413975459;922373.3285811875;1032391.184709951;1155531.632626961;1293359.894754076;1447627.888434013;1620296.494325686;1813560.480908265;2029876.401899315;2271993.821195295;2542990.262224833;2846310.325953354;3185809.474764127;3565803.038745301;3991121.067296888;4467169.723268114;4999999.999999929
2;2037927319265;50;phasez;-1.55596;-1.55609;-1.55564;-1.55495;-1.55447;-1.55366;-1.55294;-1.55192;-1.55103;-1.5499;-1.54854;-1.54725;-1.5456;-1.5438;-1.54181;-1.53954;-1.53711;-1.53433;-1.53131;-1.52791;-1.52418;-1.51995;-1.51525;-1.51007;-1.50424;-1.49776;-1.49053;-1.48245;-1.47343;-1.46336;-1.45207;-1.43949;-1.42538;-1.40959;-1.39191;-1.37209;-1.34984;-1.32487;-1.2968;-1.26525;-1.22969;-1.18962;-1.14438;-1.09316;-1.03506;-0.969088;-0.893912;-0.808105;-0.709927;-0.597467
3;2038243757771;20;absz;20527.3;16737.2;13645.9;11122.9;9069.66;7395.56;6029.13;4916.26;4008.14;3267.91;2663.87;2170.97;1768.68;1440.48;1172.38;953.519;774.894;629.603;512.118;418.712
3;2038243757771;20;frequency;99999.99999990905;122862.535599424;150952.0265389597;185463.4873444638;227865.1431623047;279960.8926363817;343967.05137965;422606.6409511731;519225.2346839865;637933.2888043621;783781.0140572543;962973.2274171232;1183133.324347452;1453627.601814205;1785963.729760951;2194280.323268956;2695948.443325946;3312310.615921419;4069588.809647371;4999999.999999929
3;2038243757771;20;phasez;-1.54078;-1.53707;-1.53241;-1.52665;-1.51968;-1.5112;-1.50079;-1.48801;-1.47235;-1.45309;-1.42941;-1.40025;-1.36425;-1.31971;-1.26444;-1.19556;-1.10918;-1.00013;-0.861244;-0.683065
