0;4268019773726;20;absz;1.53971e+08;1.11925e+08;8.13888e+07;5.91516e+07;4.29758e+07;3.12259e+07;2.26823e+07;1.64733e+07;1.19615e+07;8.68381e+06;6.30336e+06;4.57455e+06;3.31945e+06;2.40826e+06;1.74696e+06;1.26702e+06;918771;666153;482925;350040
0;4268019773726;20;frequency;9.999999974752427;13.86918846435492;19.23543905490988;26.67799336109056;37.00021196095804;51.31629158938722;71.17153245417285;98.70914048804025;136.9015682683994;189.8713664161278;263.3361782500288;365.2259113806622;506.5387032487934;702.5280792305466;974.3494403835484;1351.343611730726;1874.203936580443;2599.368780806799;3605.113577052066;4999.99999995282
0;4268019773726;20;phasez;-1.52939;-1.53078;-1.53139;-1.53232;-1.53335;-1.53464;-1.53505;-1.53594;-1.53666;-1.53728;-1.53784;-1.53819;-1.53838;-1.53837;-1.53799;-1.53714;-1.53566;-1.53328;-1.5297;-1.52448
1;4268789913838;50;absz;8.18803e+06;7.00813e+06;5.99196e+06;5.11327e+06;4.37539e+06;3.73778e+06;3.19959e+06;2.73425e+06;2.33869e+06;1.99927e+06;1.70961e+06;1.46113e+06;1.24915e+06;1.06768e+06;912607;780059;666754;569813;487036;416244;355732;304011;259792;222008;189713;162113;138525;118367;101139;86420.8;73842.7;63096.9;53913;46066;39360.1;33630.7;28734.3;24549.4;20972.6;17915.6;15302.1;13067.5;11156.5;9521.81;8123.14;6925.82;5900.28;5021.15;4266.55;3618.12
1;4268789913838;50;frequency;199.9999999213742;234.625769479635;275.2462588517801;322.8993264769997;378.802514688914;444.3841576318164;521.3198749487447;611.5753842550475;717.456725922716;841.6691823498468;987.3863981368913;1158.33146786315;1358.872060208682;1594.132014446359;1870.122253535556;2193.894364737048;2573.720768452858;3019.306079821149;3542.035062906734;4155.263512473084;4874.659497176026;5718.603679767398;6708.658946337209;7870.121340545211;9232.666380967203;10831.10727442716;12706.28439819177;14906.10877695531;17486.78621595445;20514.25336674129;24065.86241733066;28232.35745111674;33120.19296963342;38854.25382030405;45581.04601983359;53472.44000269313;62730.06193403319;73590.44528463698;86331.07429211862;101277.4737211686;118811.5260634959;139381.228686517;163512.140226203;191820.8086789974;225030.524286467;263989.7996954232;309694.0495706946;363311.0235703185;426210.642505751;499999.9999999716
1;4268789913838;50;phasez;-1.53796;-1.53811;-1.5397;-1.53959;-1.53981;-1.53998;-1.54053;-1.54036;-1.54123;-1.54152;-1.54154;-1.54219;-1.54253;-1.5429;-1.54298;-1.5433;-1.5434;-1.54361;-1.54374;-1.54384;-1.54389;-1.54393;-1.54389;-1.54381;-1.54367;-1.54341;-1.54308;-1.54262;-1.54205;-1.54135;-1.5405;-1.53946;-1.53822;-1.53677;-1.53504;-1.53303;-1.53067;-1.52789;-1.52463;-1.5208;-1.5163;-1.511;-1.50474;-1.49736;-1.48864;-1.47831;-1.46604;-1.45144;-1.43397;-1.41298
2;4269560719781;50;absz;89046.6;79681.1;71302.1;63809.9;57083.6;51085.6;45710.8;40903.4;36599.6;32751.6;29300.1;26216.8;23457.4;20990.4;18780.2;16804.5;15036.8;13454;12038.2;10771.2;9637.3;8622.83;7714.55;6902.14;6175.04;5524.32;4942.01;4420.96;3954.62;3537.28;3163.76;2829.53;2530.39;2262.65;2023;1808.51;1616.52;1444.68;1290.82;1153.12;1029.84;919.51;820.768;732.389;653.447;582.947;520.114;464.332;415.062;371.959
2;4269560719781;50;frequency;20000.00000002444;22385.53853899816;25055.61678390222;28044.17375656954;31389.19662092121;35133.2035329932;39323.78408414649;44014.2042055669;49264.08322518227;55140.1516811012;61717.09952482729;69078.52549602467;77317.99973512921;86540.25314108083;96862.50859274992;108415.9709538568;121347.4948009008;135821.4510731415;152021.8163702936;170154.5114554648;190450.0186878266;213166.3116533389;238592.1342356312;267050.6708003728;298903.6541519141;334555.9634717432;374460.7706856584;419125.3006744233;469117.2785435782;525072.1459047724;587701.13789258;657800.3235824071;736260.7247225839;824079.6413975459;922373.3285811875;1032391.184709951;1155531.632626961;1293359.894754076;1447627.888434013;1620296.494325686;1813560.480908265;2029876.401899315;2271993.821195295;2542990.262224833;2846310.325953354;3185809.474764127;3565803.038745301;3991121.067296888;4467169.723268114;4999999.999999929
2;4269560719781;50;phasez;-1.54522;-1.54484;-1.54437;-1.54428;-1.54375;-1.5431;-1.54253;-1.54183;-1.54102;-1.54002;-1.53902;-1.53782;-1.53649;-1.53498;-1.53328;-1.53137;-1.5293;-1.52682;-1.52409;-1.52109;-1.51769;-1.51383;-1.50956;-1.50475;-1.49935;-1.4933;-1.48652;-1.4789;-1.47035;-1.46074;-1.44996;-1.43785;-1.42424;-1.40896;-1.39178;-1.37247;-1.35075;-1.3263;-1.29878;-1.26776;-1.23275;-1.19322;-1.14852;-1.09785;-1.04029;-0.974845;-0.900191;-0.814883;-0.717183;-0.605146
3;4269878563284;20;absz;18285.4;14926.3;12182.8;9941.28;8113.94;6620.69;5402.22;4407.57;3595.17;2932.28;2390.65;1948.24;1587.14;1292;1050.88;853.845;692.964;561.9;455.751;371.081
3;4269878563284;20;frequency;99999.99999990905;122862.535599424;150952.0265389597;185463.4873444638;227865.1431623047;279960.8926363817;343967.05137965;422606.6409511731;519225.2346839865;637933.2888043621;783781.0140572543;962973.2274171232;1183133.324347452;1453627.601814205;1785963.729760951;2194280.323268956;2695948.443325946;3312310.615921419;4069588.809647371;4999999.999999929
3;4269878563284;20;phasez;-1.53239;-1.52921;-1.5252;-1.52012;-1.51384;-1.50608;-1.49643;-1.4845;-1.46967;-1.4513;-1.42853;-1.4003;-1.36526;-1.3217;-1.26742;-1.19955;-1.11416;-1.00611;-0.868172;-0.690818
