0;3880332213196;20;absz;1.58472e+08;1.15209e+08;8.3682e+07;6.07921e+07;4.416e+07;3.2072e+07;2.32822e+07;1.68976e+07;1.22617e+07;8.89665e+06;6.45401e+06;4.68098e+06;3.39453e+06;2.46116e+06;1.78414e+06;1.29318e+06;937139;679057;491957;356379
0;3880332213196;20;frequency;9.999999974752427;13.86918846435492;19.23543905490988;26.67799336109056;37.00021196095804;51.31629158938722;71.17153245417285;98.70914048804025;136.9015682683994;189.8713664161278;263.3361782500288;365.2259113806622;506.5387032487934;702.5280792305466;974.3494403835484;1351.343611730726;1874.203936580443;2599.368780806799;3605.113577052066;4999.99999995282
0;3880332213196;20;phasez;-1.53186;-1.53295;-1.53402;-1.53501;-1.53598;-1.53772;-1.53796;-1.53879;-1.53954;-1.54015;-1.54067;-1.54111;-1.54134;-1.54133;-1.54096;-1.54008;-1.53854;-1.5361;-1.53244;-1.52708
1;3881098483418;50;absz;8.36029e+06;7.15855e+06;6.13311e+06;5.23539e+06;4.48166e+06;3.82925e+06;3.2707e+06;2.79563e+06;2.39013e+06;2.04248e+06;1.74506e+06;1.49151e+06;1.27469e+06;1.08932e+06;930904;795379;679656;580710;496150;423912;362174;309424;264352;225843;192947;164841;140826;120308;102786;87811.6;75021.7;64093.7;54758.7;46782.3;39967.7;34144.3;29168.2;24916.5;21282.9;18177.7;15523.2;13254.2;11313.8;9654.4;8234.58;7019.6;5979.05;5087.14;4321.84;3664.29
1;3881098483418;50;frequency;199.9999999213742;234.625769479635;275.2462588517801;322.8993264769997;378.802514688914;444.3841576318164;521.3198749487447;611.5753842550475;717.456725922716;841.6691823498468;987.3863981368913;1158.33146786315;1358.872060208682;1594.132014446359;1870.122253535556;2193.894364737048;2573.720768452858;3019.306079821149;3542.035062906734;4155.263512473084;4874.659497176026;5718.603679767398;6708.658946337209;7870.121340545211;9232.666380967203;10831.10727442716;12706.28439819177;14906.10877695531;17486.78621595445;20514.25336674129;24065.86241733066;28232.35745111674;33120.19296963342;38854.25382030405;45581.04601983359;53472.44000269313;62730.06193403319;73590.44528463698;86331.07429211862;101277.4737211686;118811.5260634959;139381.228686517;163512.140226203;191820.8086789974;225030.524286467;263989.7996954232;309694.0495706946;363311.0235703185;426210.642505751;499999.9999999716
1;3881098483418;50;phasez;-1.54176;-1.54287;-1.54226;-1.54334;-1.54324;-1.54302;-1.54367;-1.54413;-1.54436;-1.54494;-1.54481;-1.54517;-1.54535;-1.5457;-1.54591;-1.5461;-1.54615;-1.54634;-1.54645;-1.54652;-1.5465;-1.54644;-1.54633;-1.54614;-1.5459;-1.54554;-1.5451;-1.54457;-1.54391;-1.54314;-1.5422;-1.54113;-1.53986;-1.53837;-1.53665;-1.53464;-1.53229;-1.52953;-1.52629;-1.52248;-1.518;-1.51272;-1.50648;-1.49911;-1.49039;-1.48006;-1.46779;-1.45318;-1.43571;-1.41471
2;3881869761215;50;absz;90541.8;80984.7;72448.8;64827.3;58000.1;51893.1;46426.2;41535.8;37166.1;33246.6;29745.5;26613.9;23810.3;21301;19057.4;17050.7;15254.5;13647.5;12209.6;10923.1;9771.8;8742.1;7820.43;6995.7;6257.7;5597.73;5006.88;4478.53;4005.58;3582.4;3203.67;2864.83;2561.66;2290.36;2047.48;1830.24;1635.76;1461.69;1305.89;1166.46;1041.66;929.956;830.012;740.588;660.727;589.423;525.889;469.499;419.706;376.153
2;3881869761215;50;frequency;20000.00000002444;22385.53853899816;25055.61678390222;28044.17375656954;31389.19662092121;35133.2035329932;39323.78408414649;44014.2042055669;49264.08322518227;55140.1516811012;61717.09952482729;69078.52549602467;77317.99973512921;86540.25314108083;96862.50859274992;108415.9709538568;121347.4948009008;135821.4510731415;152021.8163702936;170154.5114554648;190450.0186878266;213166.3116533389;238592.1342356312;267050.6708003728;298903.6541519141;334555.9634717432;374460.7706856584;419125.3006744233;469117.2785435782;525072.1459047724;587701.13789258;657800.3235824071;736260.7247225839;824079.6413975459;922373.3285811875;1032391.184709951;1155531.632626961;1293359.894754076;1447627.888434013;1620296.494325686;1813560.480908265;2029876.401899315;2271993.821195295;2542990.262224833;2846310.325953354;3185809.474764127;3565803.038745301;3991121.067296888;4467169.723268114;4999999.999999929
2;3881869761215;50;phasez;-1.54657;-1.54649;-1.546;-1.54564;-1.54526;-1.54476;-1.54406;-1.54337;-1.54265;-1.54184;-1.54066;-1.53958;-1.53815;-1.53668;-1.53496;-1.53304;-1.53095;-1.52854;-1.52582;-1.52276;-1.51941;-1.51558;-1.5113;-1.50651;-1.5011;-1.49507;-1.48825;-1.48065;-1.47208;-1.46245;-1.45165;-1.43954;-1.42591;-1.41061;-1.39341;-1.37408;-1.35233;-1.32785;-1.3003;-1.26924;-1.2342;-1.19463;-1.14988;-1.09917;-1.04155;-0.976058;-0.90136;-0.815993;-0.71826;-0.606197
3;3882187719595;20;absz;18555.9;15145.4;12356.7;10081.5;8225.85;6710.58;5474.36;4465.29;3641.35;2969.15;2420.17;1971.85;1606;1307.09;1062.97;863.538;700.738;568.162;460.843;375.264
3;3882187719595;20;frequency;99999.99999990905;122862.535599424;150952.0265389597;185463.4873444638;227865.1431623047;279960.8926363817;343967.05137965;422606.6409511731;519225.2346839865;637933.2888043621;783781.0140572543;962973.2274171232;1183133.324347452;1453627.601814205;1785963.729760951;2194280.323268956;2695948.443325946;3312310.615921419;4069588.809647371;4999999.999999929
3;3882187719595;20;phasez;-1.53411;-1.53099;-1.52682;-1.52182;-1.51562;-1.50783;-1.49818;-1.48622;-1.47138;-1.45298;-1.4302;-1.40192;-1.36683;-1.32323;-1.26887;-1.20091;-1.11543;-1.0073;-0.869273;-0.691845
