0;10846676247588;20;absz;1.35841e+08;9.91331e+07;7.22112e+07;5.26035e+07;3.83184e+07;2.78835e+07;2.02989e+07;1.47669e+07;1.07414e+07;7.81097e+06;5.67888e+06;4.12829e+06;3.00048e+06;2.18042e+06;1.58428e+06;1.15099e+06;836074;607234;440961;320167
0;10846676247588;20;frequency;9.999999974752427;13.86918846435492;19.23543905490988;26.67799336109056;37.00021196095804;51.31629158938722;71.17153245417285;98.70914048804025;136.9015682683994;189.8713664161278;263.3361782500288;365.2259113806622;506.5387032487934;702.5280792305466;974.3494403835484;1351.343611730726;1874.203936580443;2599.368780806799;3605.113577052066;4999.99999995282
0;10846676247588;20;phasez;-1.50888;-1.51347;-1.51608;-1.51882;-1.52122;-1.52334;-1.52496;-1.52634;-1.52762;-1.52851;-1.5293;-1.52983;-1.53015;-1.53017;-1.52981;-1.52898;-1.52749;-1.52514;-1.5216;-1.51642
1;10847447426298;50;absz;7.35785e+06;6.31002e+06;5.39814e+06;4.61972e+06;3.9495e+06;3.38046e+06;2.89234e+06;2.47474e+06;2.11784e+06;1.81144e+06;1.55023e+06;1.32596e+06;1.13469e+06;970777;830383;710401;607732;519836;444673;380366;325334;278266;237989;203546;174079;148874;127316;108881;93109.9;79622.8;68088;58223.4;49787.2;42572;36402.5;31124.8;26611.5;22751;19449.2;16624.7;14208.7;12141.5;10372.3;8858.01;7561.66;6451.05;5499.29;4682.87;3981.82;3378.77
1;10847447426298;50;frequency;199.9999999213742;234.625769479635;275.2462588517801;322.8993264769997;378.802514688914;444.3841576318164;521.3198749487447;611.5753842550475;717.456725922716;841.6691823498468;987.3863981368913;1158.33146786315;1358.872060208682;1594.132014446359;1870.122253535556;2193.894364737048;2573.720768452858;3019.306079821149;3542.035062906734;4155.263512473084;4874.659497176026;5718.603679767398;6708.658946337209;7870.121340545211;9232.666380967203;10831.10727442716;12706.28439819177;14906.10877695531;17486.78621595445;20514.25336674129;24065.86241733066;28232.35745111674;33120.19296963342;38854.25382030405;45581.04601983359;53472.44000269313;62730.06193403319;73590.44528463698;86331.07429211862;101277.4737211686;118811.5260634959;139381.228686517;163512.140226203;191820.8086789974;225030.524286467;263989.7996954232;309694.0495706946;363311.0235703185;426210.642505751;499999.9999999716
1;10847447426298;50;phasez;-1.53018;-1.53036;-1.53186;-1.52916;-1.53124;-1.5325;-1.5325;-1.53301;-1.53338;-1.53346;-1.53376;-1.53408;-1.53429;-1.53467;-1.53486;-1.53498;-1.53523;-1.53543;-1.53559;-1.5357;-1.5358;-1.53589;-1.53588;-1.53584;-1.53571;-1.5355;-1.53523;-1.53485;-1.53435;-1.53373;-1.53295;-1.532;-1.53087;-1.52951;-1.52789;-1.52598;-1.5237;-1.52101;-1.51782;-1.51405;-1.50958;-1.5043;-1.49806;-1.49067;-1.48192;-1.47153;-1.4592;-1.44451;-1.42694;-1.40583
2;10848218724041;50;absz;82023.5;73484.1;65767.4;58876.3;52707.6;47190.3;42245.2;37823.3;33858.2;30310.6;27132.6;24288.2;21744.4;19464.1;17424.6;15598.6;13963.4;12499.3;11188.8;10015.8;8965.33;8024.84;7182.81;6429.25;5754.61;5150.65;4609.85;4125.75;3692.27;3304.24;2956.81;2645.7;2367.2;2117.81;1894.47;1694.49;1515.35;1354.93;1211.23;1082.51;967.182;863.908;771.4;688.547;614.464;548.253;489.19;436.706;390.288;349.612
2;10848218724041;50;frequency;20000.00000002444;22385.53853899816;25055.61678390222;28044.17375656954;31389.19662092121;35133.2035329932;39323.78408414649;44014.2042055669;49264.08322518227;55140.1516811012;61717.09952482729;69078.52549602467;77317.99973512921;86540.25314108083;96862.50859274992;108415.9709538568;121347.4948009008;135821.4510731415;152021.8163702936;170154.5114554648;190450.0186878266;213166.3116533389;238592.1342356312;267050.6708003728;298903.6541519141;334555.9634717432;374460.7706856584;419125.3006744233;469117.2785435782;525072.1459047724;587701.13789258;657800.3235824071;736260.7247225839;824079.6413975459;922373.3285811875;1032391.184709951;1155531.632626961;1293359.894754076;1447627.888434013;1620296.494325686;1813560.480908265;2029876.401899315;2271993.821195295;2542990.262224833;2846310.325953354;3185809.474764127;3565803.038745301;3991121.067296888;4467169.723268114;4999999.999999929
2;10848218724041;50;phasez;-1.53735;-1.53717;-1.53708;-1.5366;-1.53636;-1.53582;-1.53539;-1.53475;-1.53391;-1.533;-1.53211;-1.53097;-1.52964;-1.52822;-1.52656;-1.52467;-1.52252;-1.52011;-1.51743;-1.51439;-1.51099;-1.5071;-1.50284;-1.49797;-1.49254;-1.48643;-1.47958;-1.4719;-1.46326;-1.4536;-1.44273;-1.43054;-1.41686;-1.40149;-1.38424;-1.36485;-1.34306;-1.31854;-1.29095;-1.25985;-1.22478;-1.18517;-1.14037;-1.0896;-1.03191;-0.966308;-0.891466;-0.805906;-0.707881;-0.595434
3;10848536488617;20;absz;16964.5;13859.5;11319.5;9245.83;7552.46;6167.42;5036.86;4112.92;3358.07;2741.23;2236.9;1824.65;1487.84;1212.21;986.781;802.355;651.506;528.438;428.579;348.754
3;10848536488617;20;frequency;99999.99999990905;122862.535599424;150952.0265389597;185463.4873444638;227865.1431623047;279960.8926363817;343967.05137965;422606.6409511731;519225.2346839865;637933.2888043621;783781.0140572543;962973.2274171232;1183133.324347452;1453627.601814205;1785963.729760951;2194280.323268956;2695948.443325946;3312310.615921419;4069588.809647371;4999999.999999929
3;10848536488617;20;phasez;-1.52572;-1.52254;-1.51844;-1.51347;-1.50712;-1.4993;-1.48957;-1.4775;-1.46254;-1.44403;-1.42113;-1.39274;-1.35756;-1.31387;-1.25946;-1.19143;-1.10585;-0.997522;-0.859156;-0.681112
