0;10258052532678;20;absz;1.35989e+08;9.91594e+07;7.22694e+07;5.26499e+07;3.8347e+07;2.79101e+07;2.03168e+07;1.47812e+07;1.07513e+07;7.81831e+06;5.68445e+06;4.13224e+06;3.00335e+06;2.18258e+06;1.58583e+06;1.15207e+06;836858;607809;441370;320462
0;10258052532678;20;frequency;9.999999974752427;13.86918846435492;19.23543905490988;26.67799336109056;37.00021196095804;51.31629158938722;71.17153245417285;98.70914048804025;136.9015682683994;189.8713664161278;263.3361782500288;365.2259113806622;506.5387032487934;702.5280792305466;974.3494403835484;1351.343611730726;1874.203936580443;2599.368780806799;3605.113577052066;4999.99999995282
0;10258052532678;20;phasez;-1.51035;-1.5135;-1.51673;-1.51915;-1.52139;-1.52298;-1.52485;-1.52631;-1.52756;-1.52856;-1.52932;-1.52985;-1.53016;-1.53019;-1.52984;-1.529;-1.52753;-1.5252;-1.52168;-1.51652
1;10258821493529;50;absz;7.35082e+06;6.30553e+06;5.3971e+06;4.61385e+06;3.94986e+06;3.38516e+06;2.89386e+06;2.47704e+06;2.11911e+06;1.81421e+06;1.55178e+06;1.32753e+06;1.13587e+06;971665;831202;711124;608291;520337;445083;380713;325637;278510;238195;203724;174227;149001;127425;108969;93185.3;79686.4;68142;58267.9;49824.5;42603.6;36428.4;31147.2;26630.7;22767.3;19463;16636.4;14218.4;12149.6;10379.4;8864.05;7566.53;6455.31;5502.87;4685.74;3984.14;3380.69
1;10258821493529;50;frequency;199.9999999213742;234.625769479635;275.2462588517801;322.8993264769997;378.802514688914;444.3841576318164;521.3198749487447;611.5753842550475;717.456725922716;841.6691823498468;987.3863981368913;1158.33146786315;1358.872060208682;1594.132014446359;1870.122253535556;2193.894364737048;2573.720768452858;3019.306079821149;3542.035062906734;4155.263512473084;4874.659497176026;5718.603679767398;6708.658946337209;7870.121340545211;9232.666380967203;10831.10727442716;12706.28439819177;14906.10877695531;17486.78621595445;20514.25336674129;24065.86241733066;28232.35745111674;33120.19296963342;38854.25382030405;45581.04601983359;53472.44000269313;62730.06193403319;73590.44528463698;86331.07429211862;101277.4737211686;118811.5260634959;139381.228686517;163512.140226203;191820.8086789974;225030.524286467;263989.7996954232;309694.0495706946;363311.0235703185;426210.642505751;499999.9999999716
1;10258821493529;50;phasez;-1.52842;-1.52982;-1.53096;-1.53103;-1.53059;-1.53218;-1.53267;-1.53284;-1.53365;-1.53334;-1.53372;-1.53418;-1.53446;-1.53466;-1.53488;-1.53506;-1.53532;-1.53553;-1.5357;-1.53583;-1.53591;-1.53599;-1.53599;-1.53595;-1.53584;-1.53563;-1.53535;-1.53497;-1.53447;-1.53384;-1.53307;-1.53212;-1.53098;-1.52961;-1.52799;-1.52607;-1.52379;-1.52109;-1.51791;-1.51414;-1.50968;-1.50441;-1.49816;-1.49078;-1.48202;-1.47164;-1.45931;-1.44462;-1.42706;-1.40595
2;10259589982818;50;absz;82097;73485;65801.3;58908.2;52736;47216.7;42274;37845.3;33880.1;30326.4;27148.9;24302.6;21756.3;19475.8;17435;15607.3;13971.8;12506.3;11194.8;10021.3;8970.23;8029.4;7186.82;6432.67;5757.69;5153.39;4612.28;4127.84;3694.21;3305.9;2958.22;2646.98;2368.33;2118.78;1895.34;1695.25;1516.03;1355.52;1211.72;1082.95;967.568;864.225;771.693;688.816;614.705;548.465;489.389;436.882;390.44;349.749
2;10259589982818;50;frequency;20000.00000002444;22385.53853899816;25055.61678390222;28044.17375656954;31389.19662092121;35133.2035329932;39323.78408414649;44014.2042055669;49264.08322518227;55140.1516811012;61717.09952482729;69078.52549602467;77317.99973512921;86540.25314108083;96862.50859274992;108415.9709538568;121347.4948009008;135821.4510731415;152021.8163702936;170154.5114554648;190450.0186878266;213166.3116533389;238592.1342356312;267050.6708003728;298903.6541519141;334555.9634717432;374460.7706856584;419125.3006744233;469117.2785435782;525072.1459047724;587701.13789258;657800.3235824071;736260.7247225839;824079.6413975459;922373.3285811875;1032391.184709951;1155531.632626961;1293359.894754076;1447627.888434013;1620296.494325686;1813560.480908265;2029876.401899315;2271993.821195295;2542990.262224833;2846310.325953354;3185809.474764127;3565803.038745301;3991121.067296888;4467169.723268114;4999999.999999929
2;10259589982818;50;phasez;-1.53744;-1.53737;-1.53726;-1.53676;-1.53653;-1.53583;-1.53524;-1.53479;-1.53406;-1.53318;-1.53212;-1.53109;-1.52981;-1.52825;-1.52669;-1.52473;-1.52265;-1.5202;-1.51755;-1.5145;-1.51108;-1.50727;-1.50293;-1.49809;-1.49264;-1.48653;-1.47969;-1.47201;-1.46339;-1.45371;-1.44287;-1.43065;-1.41697;-1.40162;-1.38438;-1.365;-1.3432;-1.31869;-1.29109;-1.26001;-1.22494;-1.18533;-1.14053;-1.08978;-1.03208;-0.96648;-0.891638;-0.806079;-0.708077;-0.595636
3;10259909329933;20;absz;16973.7;13867;11325.1;9250.03;7556.27;6170.47;5039.4;4114.65;3359.51;2742.36;2237.86;1825.37;1488.39;1212.68;987.152;802.642;651.735;528.621;428.729;348.856
3;10259909329933;20;frequency;99999.99999990905;122862.535599424;150952.0265389597;185463.4873444638;227865.1431623047;279960.8926363817;343967.05137965;422606.6409511731;519225.2346839865;637933.2888043621;783781.0140572543;962973.2274171232;1183133.324347452;1453627.601814205;1785963.729760951;2194280.323268956;2695948.443325946;3312310.615921419;4069588.809647371;4999999.999999929
3;10259909329933;20;phasez;-1.52571;-1.52257;-1.51855;-1.51352;-1.50724;-1.49938;-1.48966;-1.47761;-1.46264;-1.44414;-1.42123;-1.39287;-1.3577;-1.31402;-1.2596;-1.19157;-1.106;-0.997674;-0.859316;-0.681271
