0;895442569977;20;absz;2.18604e+08;1.58072e+08;1.14264e+08;8.26457e+07;5.97805e+07;4.32486e+07;3.12601e+07;2.26135e+07;1.63558e+07;1.18324e+07;8.5606e+06;6.19379e+06;4.48183e+06;3.24296e+06;2.34661e+06;1.69808e+06;1.22877e+06;889167;643444;465642
0;895442569977;20;frequency;9.999999974752427;13.86918846435492;19.23543905490988;26.67799336109056;37.00021196095804;51.31629158938722;71.17153245417285;98.70914048804025;136.9015682683994;189.8713664161278;263.3361782500288;365.2259113806622;506.5387032487934;702.5280792305466;974.3494403835484;1351.343611730726;1874.203936580443;2599.368780806799;3605.113577052066;4999.99999995282
0;895442569977;20;phasez;-1.55773;-1.55699;-1.55703;-1.55647;-1.55642;-1.55533;-1.55541;-1.55502;-1.55464;-1.55403;-1.55341;-1.55269;-1.55187;-1.55088;-1.54962;-1.54791;-1.54555;-1.54231;-1.53788;-1.53177
1;896212604533;50;absz;1.11476e+07;9.52708e+06;8.13622e+06;6.94004e+06;5.91883e+06;5.05659e+06;4.32128e+06;3.68892e+06;3.14791e+06;2.68761e+06;2.29627e+06;1.95965e+06;1.67355e+06;1.42956e+06;1.22034e+06;1.04217e+06;889901;759870;648884;554127;473196;404104;345119;294718;251709;214969;183598;156813;133936;114400;97718.2;83469;71300;60905.3;52027.6;44443.8;37964.8;32430.2;27701.3;23660.4;20207.4;17256.2;14732.5;12574.7;10728.5;9148.58;7795.59;6635.75;5640.31;4784.72
1;896212604533;50;frequency;199.9999999213742;234.625769479635;275.2462588517801;322.8993264769997;378.802514688914;444.3841576318164;521.3198749487447;611.5753842550475;717.456725922716;841.6691823498468;987.3863981368913;1158.33146786315;1358.872060208682;1594.132014446359;1870.122253535556;2193.894364737048;2573.720768452858;3019.306079821149;3542.035062906734;4155.263512473084;4874.659497176026;5718.603679767398;6708.658946337209;7870.121340545211;9232.666380967203;10831.10727442716;12706.28439819177;14906.10877695531;17486.78621595445;20514.25336674129;24065.86241733066;28232.35745111674;33120.19296963342;38854.25382030405;45581.04601983359;53472.44000269313;62730.06193403319;73590.44528463698;86331.07429211862;101277.4737211686;118811.5260634959;139381.228686517;163512.140226203;191820.8086789974;225030.524286467;263989.7996954232;309694.0495706946;363311.0235703185;426210.642505751;499999.9999999716
1;896212604533;50;phasez;-1.55755;-1.55327;-1.55684;-1.55369;-1.5552;-1.55398;-1.55387;-1.55324;-1.55366;-1.55376;-1.55325;-1.55337;-1.55322;-1.55308;-1.55294;-1.55261;-1.55247;-1.55218;-1.55192;-1.5516;-1.55127;-1.5509;-1.55046;-1.54991;-1.54935;-1.54872;-1.54798;-1.54717;-1.54623;-1.54519;-1.54397;-1.54261;-1.54105;-1.53927;-1.53723;-1.5349;-1.5322;-1.52909;-1.52549;-1.52129;-1.51641;-1.51071;-1.50405;-1.49624;-1.48707;-1.47629;-1.46356;-1.44848;-1.43054;-1.40905
2;896980715186;50;absz;117903;105500;94342.3;84400.7;75516.6;67558.7;60449.5;54068.1;48372.6;43273.9;38720.3;34637.8;30988.5;27721;24802.9;22192;19855.9;17765.5;15896.2;14223.2;12727.2;11387.8;10189.4;9117.37;8158.2;7299.5;6531.62;5844.36;5229.28;4678.85;4186.25;3745.37;3350.86;2997.72;2681.59;2398.67;2145.43;1918.79;1715.9;1534.28;1371.72;1226.26;1096.13;979.691;875.811;783.152;700.685;627.654;563.383;507.458
2;896980715186;50;frequency;20000.00000002444;22385.53853899816;25055.61678390222;28044.17375656954;31389.19662092121;35133.2035329932;39323.78408414649;44014.2042055669;49264.08322518227;55140.1516811012;61717.09952482729;69078.52549602467;77317.99973512921;86540.25314108083;96862.50859274992;108415.9709538568;121347.4948009008;135821.4510731415;152021.8163702936;170154.5114554648;190450.0186878266;213166.3116533389;238592.1342356312;267050.6708003728;298903.6541519141;334555.9634717432;374460.7706856584;419125.3006744233;469117.2785435782;525072.1459047724;587701.13789258;657800.3235824071;736260.7247225839;824079.6413975459;922373.3285811875;1032391.184709951;1155531.632626961;1293359.894754076;1447627.888434013;1620296.494325686;1813560.480908265;2029876.401899315;2271993.821195295;2542990.262224833;2846310.325953354;3185809.474764127;3565803.038745301;3991121.067296888;4467169.723268114;4999999.999999929
2;896980715186;50;phasez;-1.5491;-1.54799;-1.54767;-1.54726;-1.54646;-1.54572;-1.54489;-1.54401;-1.54311;-1.54194;-1.54063;-1.53915;-1.53764;-1.53585;-1.53389;-1.53171;-1.5293;-1.52662;-1.52358;-1.52029;-1.51659;-1.51247;-1.50786;-1.50272;-1.49703;-1.49065;-1.48351;-1.47556;-1.46666;-1.45671;-1.44559;-1.43315;-1.41918;-1.40357;-1.38606;-1.36639;-1.34433;-1.31956;-1.2917;-1.26035;-1.22503;-1.1852;-1.14021;-1.08925;-1.03145;-0.965811;-0.891005;-0.805626;-0.707945;-0.596096
3;897299358465;20;absz;24149.9;19712.5;16091.4;13133.2;10716.3;8747.13;7139.37;5826.49;4755.58;3880.48;3166.42;2583.06;2106.53;1717.29;1399.46;1139.75;927.869;755.549;616.446;506.219
3;897299358465;20;frequency;99999.99999990905;122862.535599424;150952.0265389597;185463.4873444638;227865.1431623047;279960.8926363817;343967.05137965;422606.6409511731;519225.2346839865;637933.2888043621;783781.0140572543;962973.2274171232;1183133.324347452;1453627.601814205;1785963.729760951;2194280.323268956;2695948.443325946;3312310.615921419;4069588.809647371;4999999.999999929
3;897299358465;20;phasez;-1.53295;-1.52916;-1.52464;-1.51906;-1.51225;-1.50387;-1.49368;-1.48112;-1.46569;-1.44667;-1.42331;-1.39443;-1.35876;-1.31458;-1.2597;-1.19127;-1.10535;-0.996929;-0.858789;-0.681603
