0;7041024579427;20;absz;1.38795e+08;1.0107e+08;7.36582e+07;5.36175e+07;3.90346e+07;2.84121e+07;2.06581e+07;1.50238e+07;1.09229e+07;7.94126e+06;5.77273e+06;4.19523e+06;3.04861e+06;2.21506e+06;1.60922e+06;1.1689e+06;848947;616455;447553;324868
0;7041024579427;20;frequency;9.999999974752427;13.86918846435492;19.23543905490988;26.67799336109056;37.00021196095804;51.31629158938722;71.17153245417285;98.70914048804025;136.9015682683994;189.8713664161278;263.3361782500288;365.2259113806622;506.5387032487934;702.5280792305466;974.3494403835484;1351.343611730726;1874.203936580443;2599.368780806799;3605.113577052066;4999.99999995282
0;7041024579427;20;phasez;-1.51484;-1.51708;-1.52025;-1.5224;-1.52415;-1.52558;-1.52729;-1.52838;-1.52933;-1.53007;-1.53065;-1.53108;-1.53127;-1.53121;-1.53081;-1.52996;-1.52852;-1.52624;-1.52277;-1.51765
1;7041792898171;50;absz;7.48034e+06;6.42539e+06;5.48507e+06;4.69493e+06;4.01563e+06;3.43069e+06;2.93772e+06;2.51429e+06;2.15115e+06;1.84053e+06;1.57414e+06;1.34701e+06;1.15226e+06;985561;843230;721344;616969;527681;451310;385988;330116;282304;241421;206447;176536;150960;129081;110373;94372.4;80692.3;68993.8;58991.1;50437.4;43123.4;36868.8;31520.2;26946.2;23034.1;19688.4;16827.3;14379.6;12285.8;10493.9;8960.92;7648.52;6524.52;5561.29;4735.13;4025.73;3415.79
1;7041792898171;50;frequency;199.9999999213742;234.625769479635;275.2462588517801;322.8993264769997;378.802514688914;444.3841576318164;521.3198749487447;611.5753842550475;717.456725922716;841.6691823498468;987.3863981368913;1158.33146786315;1358.872060208682;1594.132014446359;1870.122253535556;2193.894364737048;2573.720768452858;3019.306079821149;3542.035062906734;4155.263512473084;4874.659497176026;5718.603679767398;6708.658946337209;7870.121340545211;9232.666380967203;10831.10727442716;12706.28439819177;14906.10877695531;17486.78621595445;20514.25336674129;24065.86241733066;28232.35745111674;33120.19296963342;38854.25382030405;45581.04601983359;53472.44000269313;62730.06193403319;73590.44528463698;86331.07429211862;101277.4737211686;118811.5260634959;139381.228686517;163512.140226203;191820.8086789974;225030.524286467;263989.7996954232;309694.0495706946;363311.0235703185;426210.642505751;499999.9999999716
1;7041792898171;50;phasez;-1.53204;-1.53256;-1.53231;-1.53359;-1.53247;-1.53269;-1.53306;-1.5337;-1.53425;-1.53457;-1.5347;-1.53502;-1.53532;-1.53546;-1.53582;-1.53614;-1.53632;-1.53658;-1.53676;-1.53689;-1.53704;-1.5371;-1.53712;-1.5371;-1.53699;-1.53678;-1.5365;-1.53611;-1.5356;-1.53498;-1.5342;-1.53324;-1.53211;-1.53074;-1.52913;-1.52722;-1.52495;-1.52227;-1.51909;-1.51532;-1.51087;-1.50559;-1.49934;-1.49195;-1.48319;-1.4728;-1.46047;-1.44578;-1.42824;-1.40715
2;7042561091426;50;absz;83119.2;74404.1;66617.2;59630.6;53390.8;47794.6;42787;38300.8;34286.3;30686.9;27467.8;24588.6;22010.4;19702.3;17635.5;15784.8;14129.8;12646.3;11319.5;10131.9;9068.5;8116.53;7264.49;6501.77;5818.94;5207.75;4660.62;4170.85;3732.4;3339.81;2988.43;2673.8;2392.18;2139.92;1914.11;1711.89;1530.8;1368.59;1223.33;1093.2;976.65;872.271;778.813;695.128;620.288;553.418;493.789;440.796;393.951;352.908
2;7042561091426;50;frequency;20000.00000002444;22385.53853899816;25055.61678390222;28044.17375656954;31389.19662092121;35133.2035329932;39323.78408414649;44014.2042055669;49264.08322518227;55140.1516811012;61717.09952482729;69078.52549602467;77317.99973512921;86540.25314108083;96862.50859274992;108415.9709538568;121347.4948009008;135821.4510731415;152021.8163702936;170154.5114554648;190450.0186878266;213166.3116533389;238592.1342356312;267050.6708003728;298903.6541519141;334555.9634717432;374460.7706856584;419125.3006744233;469117.2785435782;525072.1459047724;587701.13789258;657800.3235824071;736260.7247225839;824079.6413975459;922373.3285811875;1032391.184709951;1155531.632626961;1293359.894754076;1447627.888434013;1620296.494325686;1813560.480908265;2029876.401899315;2271993.821195295;2542990.262224833;2846310.325953354;3185809.474764127;3565803.038745301;3991121.067296888;4467169.723268114;4999999.999999929
2;7042561091426;50;phasez;-1.5384;-1.53848;-1.53807;-1.53803;-1.53757;-1.53705;-1.53649;-1.53593;-1.53509;-1.53433;-1.53333;-1.53227;-1.53094;-1.52951;-1.52784;-1.52593;-1.5238;-1.5214;-1.51872;-1.51567;-1.51224;-1.50841;-1.5041;-1.49924;-1.49382;-1.4877;-1.48088;-1.47318;-1.46456;-1.4549;-1.44405;-1.4319;-1.41825;-1.40291;-1.38568;-1.36634;-1.34459;-1.32011;-1.29255;-1.26149;-1.22646;-1.18688;-1.14211;-1.09139;-1.03374;-0.968195;-0.893399;-0.807907;-0.709979;-0.59764
3;7042879587919;20;absz;17167.5;14025;11451.5;9352.41;7637.94;6236.49;5092.46;4157.64;3394.09;2770.27;2260.3;1843.41;1502.88;1224.28;996.459;810.069;657.694;533.409;432.594;352.018
3;7042879587919;20;frequency;99999.99999990905;122862.535599424;150952.0265389597;185463.4873444638;227865.1431623047;279960.8926363817;343967.05137965;422606.6409511731;519225.2346839865;637933.2888043621;783781.0140572543;962973.2274171232;1183133.324347452;1453627.601814205;1785963.729760951;2194280.323268956;2695948.443325946;3312310.615921419;4069588.809647371;4999999.999999929
3;7042879587919;20;phasez;-1.52695;-1.52377;-1.5197;-1.51468;-1.50837;-1.50055;-1.49082;-1.47876;-1.46385;-1.44536;-1.42252;-1.39421;-1.35909;-1.31546;-1.26112;-1.19315;-1.10764;-0.999404;-0.861164;-0.683304
