0;1874534378830;20;absz;1.92092e+08;1.39204e+08;1.00688e+08;7.2862e+07;5.27043e+07;3.81521e+07;2.75816e+07;1.9952e+07;1.44329e+07;1.04396e+07;7.55068e+06;5.46045e+06;3.94829e+06;2.85447e+06;2.06341e+06;1.4914e+06;1.07785e+06;778926;562883;406743
0;1874534378830;20;frequency;9.999999974752427;13.86918846435492;19.23543905490988;26.67799336109056;37.00021196095804;51.31629158938722;71.17153245417285;98.70914048804025;136.9015682683994;189.8713664161278;263.3361782500288;365.2259113806622;506.5387032487934;702.5280792305466;974.3494403835484;1351.343611730726;1874.203936580443;2599.368780806799;3605.113577052066;4999.99999995282
0;1874534378830;20;phasez;-1.55285;-1.55415;-1.5537;-1.55393;-1.55428;-1.55499;-1.55463;-1.55495;-1.55511;-1.55526;-1.55532;-1.55539;-1.55534;-1.55502;-1.55435;-1.55315;-1.55125;-1.54841;-1.54429;-1.53845
1;1875305763586;50;absz;9.8e+06;8.389e+06;7.17343e+06;6.10802e+06;5.21995e+06;4.45751e+06;3.80222e+06;3.24467e+06;2.76991e+06;2.36568e+06;2.01844e+06;1.72268e+06;1.47015e+06;1.25445e+06;1.07049e+06;913622;779599;665303;567740;484464;413435;352799;301076;256930;219260;187118;159694;136292;116321;99279;84735.2;72325.1;61733.8;52694.2;44980.3;38396;32774.3;27975.7;23879;20381.1;17394.2;14842.7;12663.3;10801;9209.14;7847.61;6682.38;5684.5;4828.85;4093.97
1;1875305763586;50;frequency;199.9999999213742;234.625769479635;275.2462588517801;322.8993264769997;378.802514688914;444.3841576318164;521.3198749487447;611.5753842550475;717.456725922716;841.6691823498468;987.3863981368913;1158.33146786315;1358.872060208682;1594.132014446359;1870.122253535556;2193.894364737048;2573.720768452858;3019.306079821149;3542.035062906734;4155.263512473084;4874.659497176026;5718.603679767398;6708.658946337209;7870.121340545211;9232.666380967203;10831.10727442716;12706.28439819177;14906.10877695531;17486.78621595445;20514.25336674129;24065.86241733066;28232.35745111674;33120.19296963342;38854.25382030405;45581.04601983359;53472.44000269313;62730.06193403319;73590.44528463698;86331.07429211862;101277.4737211686;118811.5260634959;139381.228686517;163512.140226203;191820.8086789974;225030.524286467;263989.7996954232;309694.0495706946;363311.0235703185;426210.642505751;499999.9999999716
1;1875305763586;50;phasez;-1.55674;-1.55483;-1.5551;-1.5574;-1.55641;-1.55783;-1.55796;-1.55754;-1.5585;-1.5582;-1.55818;-1.55844;-1.55854;-1.55853;-1.55865;-1.55864;-1.55853;-1.55857;-1.55833;-1.55815;-1.55793;-1.55765;-1.5573;-1.55687;-1.55637;-1.55579;-1.55509;-1.5543;-1.55339;-1.55235;-1.55113;-1.54976;-1.54818;-1.54637;-1.5443;-1.54192;-1.53918;-1.53601;-1.53234;-1.52807;-1.5231;-1.51731;-1.51053;-1.5026;-1.4933;-1.48236;-1.46947;-1.45421;-1.43608;-1.41439
2;1876072997648;50;absz;102310;91500.3;81806.6;73150.4;65402.9;58478.9;52286.7;46750;41800.4;37382;33420.5;29886.1;26725;23895.8;21371.1;19109.8;17090.1;15283.5;13667.9;12223.2;10932.1;9777.09;8744.03;7820.38;6994.36;6255.51;5594.9;5004.08;4475.42;4002.72;3579.82;3201.51;2863.05;2560.28;2289.45;2047.05;1830.17;1636.13;1462.47;1307.07;1167.98;1043.52;932.182;832.541;743.638;664.275;593.615;530.955;475.726;427.54
2;1876072997648;50;frequency;20000.00000002444;22385.53853899816;25055.61678390222;28044.17375656954;31389.19662092121;35133.2035329932;39323.78408414649;44014.2042055669;49264.08322518227;55140.1516811012;61717.09952482729;69078.52549602467;77317.99973512921;86540.25314108083;96862.50859274992;108415.9709538568;121347.4948009008;135821.4510731415;152021.8163702936;170154.5114554648;190450.0186878266;213166.3116533389;238592.1342356312;267050.6708003728;298903.6541519141;334555.9634717432;374460.7706856584;419125.3006744233;469117.2785435782;525072.1459047724;587701.13789258;657800.3235824071;736260.7247225839;824079.6413975459;922373.3285811875;1032391.184709951;1155531.632626961;1293359.894754076;1447627.888434013;1620296.494325686;1813560.480908265;2029876.401899315;2271993.821195295;2542990.262224833;2846310.325953354;3185809.474764127;3565803.038745301;3991121.067296888;4467169.723268114;4999999.999999929
2;1876072997648;50;phasez;-1.55616;-1.55546;-1.55505;-1.55436;-1.55388;-1.55299;-1.55204;-1.55121;-1.55002;-1.54893;-1.54761;-1.54625;-1.54451;-1.54269;-1.54077;-1.53845;-1.53596;-1.53324;-1.53016;-1.52674;-1.52294;-1.5187;-1.51399;-1.50876;-1.50294;-1.49639;-1.48913;-1.48104;-1.472;-1.46189;-1.4506;-1.438;-1.42388;-1.40809;-1.39038;-1.37055;-1.34831;-1.32332;-1.29527;-1.26372;-1.22818;-1.18812;-1.14289;-1.09169;-1.03358;-0.967631;-0.892486;-0.806684;-0.708548;-0.596114
3;1876393134165;20;absz;20799.7;16964.1;13833.3;11278.4;9197.14;7501.18;6116.7;4988.64;4068.17;3317.56;2704.96;2204.99;1796.82;1463.74;1191.6;969.433;788.129;640.567;521.288;426.479
3;1876393134165;20;frequency;99999.99999990905;122862.535599424;150952.0265389597;185463.4873444638;227865.1431623047;279960.8926363817;343967.05137965;422606.6409511731;519225.2346839865;637933.2888043621;783781.0140572543;962973.2274171232;1183133.324347452;1453627.601814205;1785963.729760951;2194280.323268956;2695948.443325946;3312310.615921419;4069588.809647371;4999999.999999929
3;1876393134165;20;phasez;-1.53971;-1.53584;-1.53111;-1.52539;-1.51841;-1.50985;-1.49938;-1.48656;-1.47085;-1.45159;-1.4279;-1.39873;-1.36273;-1.31821;-1.26295;-1.19409;-1.10771;-0.998711;-0.859876;-0.681736
