0;1272011286379;20;absz;2.06207e+08;1.49092e+08;1.07644e+08;7.78121e+07;5.62508e+07;4.06502e+07;2.93858e+07;2.12351e+07;1.53528e+07;1.10989e+07;8.02457e+06;5.80226e+06;4.19554e+06;3.03366e+06;2.19353e+06;1.58612e+06;1.14689e+06;829336;599751;433733
0;1272011286379;20;frequency;9.999999974752427;13.86918846435492;19.23543905490988;26.67799336109056;37.00021196095804;51.31629158938722;71.17153245417285;98.70914048804025;136.9015682683994;189.8713664161278;263.3361782500288;365.2259113806622;506.5387032487934;702.5280792305466;974.3494403835484;1351.343611730726;1874.203936580443;2599.368780806799;3605.113577052066;4999.99999995282
0;1272011286379;20;phasez;-1.559;-1.55918;-1.55961;-1.55903;-1.55867;-1.55798;-1.55845;-1.558;-1.5576;-1.55705;-1.55655;-1.55593;-1.55517;-1.55423;-1.55295;-1.55121;-1.54881;-1.5455;-1.54096;-1.53474
1;1272779546801;50;absz;1.05014e+07;8.91236e+06;7.61402e+06;6.49592e+06;5.55018e+06;4.7364e+06;4.0411e+06;3.45012e+06;2.94417e+06;2.5139e+06;2.14578e+06;1.83172e+06;1.56366e+06;1.33473e+06;1.13921e+06;972365;830042;708593;604865;516375;440819;376353;321294;274312;234203;199966;170741;145792;124490;106307;90783.5;77529.3;66211.9;56549.2;48298.2;41251.2;35232.9;30092.4;25700.9;21949.9;18744.8;16005.7;13664.5;11662.5;9950.09;8484.52;7229.65;6153.96;5230.99;4437.58
1;1272779546801;50;frequency;199.9999999213742;234.625769479635;275.2462588517801;322.8993264769997;378.802514688914;444.3841576318164;521.3198749487447;611.5753842550475;717.456725922716;841.6691823498468;987.3863981368913;1158.33146786315;1358.872060208682;1594.132014446359;1870.122253535556;2193.894364737048;2573.720768452858;3019.306079821149;3542.035062906734;4155.263512473084;4874.659497176026;5718.603679767398;6708.658946337209;7870.121340545211;9232.666380967203;10831.10727442716;12706.28439819177;14906.10877695531;17486.78621595445;20514.25336674129;24065.86241733066;28232.35745111674;33120.19296963342;38854.25382030405;45581.04601983359;53472.44000269313;62730.06193403319;73590.44528463698;86331.07429211862;101277.4737211686;118811.5260634959;139381.228686517;163512.140226203;191820.8086789974;225030.524286467;263989.7996954232;309694.0495706946;363311.0235703185;426210.642505751;499999.9999999716
1;1272779546801;50;phasez;-1.5586;-1.55757;-1.55772;-1.55586;-1.55842;-1.55646;-1.55751;-1.55703;-1.55749;-1.55691;-1.55705;-1.55656;-1.55668;-1.55646;-1.55622;-1.55585;-1.55566;-1.55538;-1.55506;-1.55464;-1.55418;-1.55377;-1.55325;-1.55268;-1.55203;-1.55129;-1.55049;-1.54956;-1.54853;-1.54737;-1.54605;-1.54457;-1.54289;-1.541;-1.53883;-1.53636;-1.53354;-1.5303;-1.52655;-1.52223;-1.51721;-1.51138;-1.50458;-1.49665;-1.48736;-1.47645;-1.46361;-1.44841;-1.43036;-1.40877
2;1273548909236;50;absz;109561;97997.8;87636.2;78396.8;70130.6;62731.7;56100.2;50199.3;44897.6;40169.4;35926.2;32143.2;28749.7;25721.4;23012.8;20587.3;18419;16479.6;14744.5;13192.3;11803.8;10561.4;9450.26;8455.74;7565.94;6769.84;6057.72;5420.22;4849.83;4339.37;3882.66;3473.88;3107.99;2780.48;2487.28;2224.97;1990.07;1779.87;1591.65;1423.14;1272.33;1137.29;1016.5;908.393;811.941;725.838;649.18;581.248;521.396;469.265
2;1273548909236;50;frequency;20000.00000002444;22385.53853899816;25055.61678390222;28044.17375656954;31389.19662092121;35133.2035329932;39323.78408414649;44014.2042055669;49264.08322518227;55140.1516811012;61717.09952482729;69078.52549602467;77317.99973512921;86540.25314108083;96862.50859274992;108415.9709538568;121347.4948009008;135821.4510731415;152021.8163702936;170154.5114554648;190450.0186878266;213166.3116533389;238592.1342356312;267050.6708003728;298903.6541519141;334555.9634717432;374460.7706856584;419125.3006744233;469117.2785435782;525072.1459047724;587701.13789258;657800.3235824071;736260.7247225839;824079.6413975459;922373.3285811875;1032391.184709951;1155531.632626961;1293359.894754076;1447627.888434013;1620296.494325686;1813560.480908265;2029876.401899315;2271993.821195295;2542990.262224833;2846310.325953354;3185809.474764127;3565803.038745301;3991121.067296888;4467169.723268114;4999999.999999929
2;1273548909236;50;phasez;-1.5512;-1.55079;-1.5497;-1.54904;-1.54827;-1.54756;-1.54667;-1.54564;-1.54465;-1.54339;-1.54201;-1.54056;-1.53882;-1.53691;-1.53488;-1.5326;-1.53009;-1.52735;-1.52423;-1.52082;-1.51705;-1.5128;-1.50809;-1.50289;-1.49708;-1.49063;-1.4834;-1.4754;-1.46641;-1.4564;-1.4452;-1.43267;-1.41865;-1.40295;-1.38535;-1.36564;-1.3435;-1.31864;-1.2907;-1.25927;-1.22388;-1.18395;-1.13886;-1.08784;-1.02989;-0.964114;-0.889169;-0.803602;-0.705736;-0.593615
3;1273865924579;20;absz;22404.6;18285.5;14924.2;12178.5;9939;8112.97;6620.99;5403.88;4410.41;3599.27;2937.12;2395.98;1953.96;1593.05;1298.03;1057.02;860.256;700.173;570.821;468.162
3;1273865924579;20;frequency;99999.99999990905;122862.535599424;150952.0265389597;185463.4873444638;227865.1431623047;279960.8926363817;343967.05137965;422606.6409511731;519225.2346839865;637933.2888043621;783781.0140572543;962973.2274171232;1183133.324347452;1453627.601814205;1785963.729760951;2194280.323268956;2695948.443325946;3312310.615921419;4069588.809647371;4999999.999999929
3;1273865924579;20;phasez;-1.53382;-1.53006;-1.52517;-1.51953;-1.51252;-1.50402;-1.49366;-1.48095;-1.46537;-1.44625;-1.4227;-1.39371;-1.35791;-1.31358;-1.25856;-1.18996;-1.10385;-0.995203;-0.856773;-0.679175
