0;6661593081462;20;absz;1.39498e+08;1.01655e+08;7.40472e+07;5.39053e+07;3.92428e+07;2.85597e+07;2.07716e+07;1.51051e+07;1.0983e+07;7.98451e+06;5.80333e+06;4.2175e+06;3.06469e+06;2.2266e+06;1.61749e+06;1.17483e+06;853137;619437;449667;326361
0;6661593081462;20;frequency;9.999999974752427;13.86918846435492;19.23543905490988;26.67799336109056;37.00021196095804;51.31629158938722;71.17153245417285;98.70914048804025;136.9015682683994;189.8713664161278;263.3361782500288;365.2259113806622;506.5387032487934;702.5280792305466;974.3494403835484;1351.343611730726;1874.203936580443;2599.368780806799;3605.113577052066;4999.99999995282
0;6661593081462;20;phasez;-1.51582;-1.51831;-1.52059;-1.52278;-1.5246;-1.52583;-1.52745;-1.52851;-1.52952;-1.53026;-1.53095;-1.53134;-1.53156;-1.53153;-1.53119;-1.53037;-1.52896;-1.52668;-1.52323;-1.51812
1;6662361169032;50;absz;7.51725e+06;6.44986e+06;5.517e+06;4.71896e+06;4.03485e+06;3.45322e+06;2.95454e+06;2.52753e+06;2.16192e+06;1.84994e+06;1.58282e+06;1.35404e+06;1.15806e+06;990725;847360;724879;619909;530228;453460;387801;331645;283600;242512;207370;177316;151619;129639;110845;94772.8;81030.7;69281.4;59234.6;50643.9;43298.7;37017.8;31646.6;27053.5;23125.7;19766.1;16893.1;14435.8;12333.5;10534.8;8995.61;7677.72;6549.21;5582.2;4752.82;4040.77;3428.45
1;6662361169032;50;frequency;199.9999999213742;234.625769479635;275.2462588517801;322.8993264769997;378.802514688914;444.3841576318164;521.3198749487447;611.5753842550475;717.456725922716;841.6691823498468;987.3863981368913;1158.33146786315;1358.872060208682;1594.132014446359;1870.122253535556;2193.894364737048;2573.720768452858;3019.306079821149;3542.035062906734;4155.263512473084;4874.659497176026;5718.603679767398;6708.658946337209;7870.121340545211;9232.666380967203;10831.10727442716;12706.28439819177;14906.10877695531;17486.78621595445;20514.25336674129;24065.86241733066;28232.35745111674;33120.19296963342;38854.25382030405;45581.04601983359;53472.44000269313;62730.06193403319;73590.44528463698;86331.07429211862;101277.4737211686;118811.5260634959;139381.228686517;163512.140226203;191820.8086789974;225030.524286467;263989.7996954232;309694.0495706946;363311.0235703185;426210.642505751;499999.9999999716
1;6662361169032;50;phasez;-1.52972;-1.53169;-1.53299;-1.53335;-1.53307;-1.533;-1.53348;-1.53451;-1.53437;-1.53491;-1.53513;-1.5354;-1.53571;-1.53604;-1.53632;-1.53655;-1.53677;-1.53702;-1.53723;-1.53737;-1.5375;-1.53761;-1.53758;-1.53756;-1.53743;-1.53721;-1.53692;-1.53652;-1.536;-1.53536;-1.53455;-1.53359;-1.53243;-1.53105;-1.52942;-1.5275;-1.52523;-1.52254;-1.51936;-1.51559;-1.51113;-1.50585;-1.4996;-1.49221;-1.48345;-1.47307;-1.46074;-1.44606;-1.42853;-1.40745
2;6663131455982;50;absz;83473.7;74735.7;66895;59908.7;53616.7;47993.6;42969;38459.2;34424.2;30814.6;27583.1;24688.2;22099.1;19781.4;17706.6;15848.9;14186;12697.1;11364.7;10172;9104.09;8148.1;7292.67;6526.9;5841.5;5227.86;4678.52;4186.84;3746.56;3352.37;2999.66;2683.82;2401;2147.79;1921.11;1718.09;1536.3;1373.47;1227.65;1097.05;980.071;875.308;781.495;697.487;622.416;555.313;495.469;442.301;395.302;354.126
2;6663131455982;50;frequency;20000.00000002444;22385.53853899816;25055.61678390222;28044.17375656954;31389.19662092121;35133.2035329932;39323.78408414649;44014.2042055669;49264.08322518227;55140.1516811012;61717.09952482729;69078.52549602467;77317.99973512921;86540.25314108083;96862.50859274992;108415.9709538568;121347.4948009008;135821.4510731415;152021.8163702936;170154.5114554648;190450.0186878266;213166.3116533389;238592.1342356312;267050.6708003728;298903.6541519141;334555.9634717432;374460.7706856584;419125.3006744233;469117.2785435782;525072.1459047724;587701.13789258;657800.3235824071;736260.7247225839;824079.6413975459;922373.3285811875;1032391.184709951;1155531.632626961;1293359.894754076;1447627.888434013;1620296.494325686;1813560.480908265;2029876.401899315;2271993.821195295;2542990.262224833;2846310.325953354;3185809.474764127;3565803.038745301;3991121.067296888;4467169.723268114;4999999.999999929
2;6663131455982;50;phasez;-1.53901;-1.53873;-1.5383;-1.53815;-1.53779;-1.5375;-1.5369;-1.53609;-1.53549;-1.53461;-1.53362;-1.53247;-1.53117;-1.52979;-1.52814;-1.52619;-1.52407;-1.52166;-1.51895;-1.51594;-1.51255;-1.5087;-1.50435;-1.49953;-1.49406;-1.48797;-1.48112;-1.47346;-1.46486;-1.4552;-1.44438;-1.43221;-1.41857;-1.40325;-1.38604;-1.36669;-1.34494;-1.32048;-1.29292;-1.26186;-1.22684;-1.18727;-1.14251;-1.09178;-1.03415;-0.968606;-0.893823;-0.808337;-0.710429;-0.598104
3;6663451590018;20;absz;17239.6;14082;11498.8;9390.28;7668.59;6261.65;5112.82;4173.96;3407.33;2780.93;2268.9;1850.35;1508.44;1228.74;1000.02;812.946;660.007;535.271;434.111;353.266
3;6663451590018;20;frequency;99999.99999990905;122862.535599424;150952.0265389597;185463.4873444638;227865.1431623047;279960.8926363817;343967.05137965;422606.6409511731;519225.2346839865;637933.2888043621;783781.0140572543;962973.2274171232;1183133.324347452;1453627.601814205;1785963.729760951;2194280.323268956;2695948.443325946;3312310.615921419;4069588.809647371;4999999.999999929
3;6663451590018;20;phasez;-1.5271;-1.52406;-1.51997;-1.51492;-1.50865;-1.50081;-1.49109;-1.47906;-1.46415;-1.44569;-1.42285;-1.39454;-1.35944;-1.31583;-1.2615;-1.19354;-1.10805;-0.999809;-0.861582;-0.683779
