0;10542608546219;20;absz;1.36021e+08;9.91197e+07;7.2228e+07;5.26308e+07;3.83294e+07;2.7906e+07;2.03079e+07;1.47748e+07;1.07456e+07;7.81464e+06;5.68159e+06;4.13029e+06;3.00196e+06;2.18164e+06;1.58513e+06;1.15164e+06;836524;607563;441199;320337
0;10542608546219;20;frequency;9.999999974752427;13.86918846435492;19.23543905490988;26.67799336109056;37.00021196095804;51.31629158938722;71.17153245417285;98.70914048804025;136.9015682683994;189.8713664161278;263.3361782500288;365.2259113806622;506.5387032487934;702.5280792305466;974.3494403835484;1351.343611730726;1874.203936580443;2599.368780806799;3605.113577052066;4999.99999995282
0;10542608546219;20;phasez;-1.51049;-1.51328;-1.51647;-1.51899;-1.52113;-1.52277;-1.52488;-1.52629;-1.52751;-1.52849;-1.52927;-1.52981;-1.53011;-1.53013;-1.52979;-1.52895;-1.52748;-1.52514;-1.52164;-1.51647
1;10543376602837;50;absz;7.37481e+06;6.30932e+06;5.38987e+06;4.61823e+06;3.95367e+06;3.38302e+06;2.89435e+06;2.47653e+06;2.11908e+06;1.81247e+06;1.55086e+06;1.32691e+06;1.13521e+06;971239;830894;710757;608030;520127;444925;380556;325501;278398;238109;203644;174166;148948;127379;108931;93153.4;79658.3;68118.1;58248.7;49807.1;42588.5;36415.4;31136.2;26621.5;22759.7;19456.1;16630.9;14213.7;12145.6;10375.8;8860.99;7563.93;6453.13;5500.97;4684.32;3982.96;3379.78
1;10543376602837;50;frequency;199.9999999213742;234.625769479635;275.2462588517801;322.8993264769997;378.802514688914;444.3841576318164;521.3198749487447;611.5753842550475;717.456725922716;841.6691823498468;987.3863981368913;1158.33146786315;1358.872060208682;1594.132014446359;1870.122253535556;2193.894364737048;2573.720768452858;3019.306079821149;3542.035062906734;4155.263512473084;4874.659497176026;5718.603679767398;6708.658946337209;7870.121340545211;9232.666380967203;10831.10727442716;12706.28439819177;14906.10877695531;17486.78621595445;20514.25336674129;24065.86241733066;28232.35745111674;33120.19296963342;38854.25382030405;45581.04601983359;53472.44000269313;62730.06193403319;73590.44528463698;86331.07429211862;101277.4737211686;118811.5260634959;139381.228686517;163512.140226203;191820.8086789974;225030.524286467;263989.7996954232;309694.0495706946;363311.0235703185;426210.642505751;499999.9999999716
1;10543376602837;50;phasez;-1.53098;-1.53033;-1.52917;-1.53092;-1.53052;-1.53142;-1.53219;-1.53237;-1.53347;-1.53347;-1.5336;-1.53406;-1.53422;-1.53462;-1.53485;-1.53501;-1.53522;-1.53544;-1.53559;-1.53579;-1.53588;-1.53594;-1.53592;-1.5359;-1.53577;-1.5356;-1.53532;-1.53493;-1.53444;-1.53381;-1.53304;-1.53209;-1.53096;-1.52959;-1.52797;-1.52605;-1.52377;-1.52107;-1.51788;-1.51411;-1.50964;-1.50437;-1.49812;-1.49072;-1.48197;-1.47159;-1.45925;-1.44457;-1.427;-1.40589
2;10544147763793;50;absz;82053.2;73477.6;65772.5;58884.1;52721.3;47206.5;42258.7;37831.5;33864.9;30317.1;27139.6;24296.6;21747.9;19470.5;17429.8;15601.9;13967.2;12502.2;11191.2;10017.9;8967.51;8026.6;7184.59;6430.7;5755.83;5151.81;4610.9;4126.66;3693.08;3304.92;2957.36;2646.23;2367.65;2118.2;1894.81;1694.81;1515.66;1355.18;1211.44;1082.69;967.346;864.025;771.535;688.67;614.566;548.342;489.274;436.774;390.347;349.666
2;10544147763793;50;frequency;20000.00000002444;22385.53853899816;25055.61678390222;28044.17375656954;31389.19662092121;35133.2035329932;39323.78408414649;44014.2042055669;49264.08322518227;55140.1516811012;61717.09952482729;69078.52549602467;77317.99973512921;86540.25314108083;96862.50859274992;108415.9709538568;121347.4948009008;135821.4510731415;152021.8163702936;170154.5114554648;190450.0186878266;213166.3116533389;238592.1342356312;267050.6708003728;298903.6541519141;334555.9634717432;374460.7706856584;419125.3006744233;469117.2785435782;525072.1459047724;587701.13789258;657800.3235824071;736260.7247225839;824079.6413975459;922373.3285811875;1032391.184709951;1155531.632626961;1293359.894754076;1447627.888434013;1620296.494325686;1813560.480908265;2029876.401899315;2271993.821195295;2542990.262224833;2846310.325953354;3185809.474764127;3565803.038745301;3991121.067296888;4467169.723268114;4999999.999999929
2;10544147763793;50;phasez;-1.53754;-1.53738;-1.53689;-1.53654;-1.53635;-1.53579;-1.53526;-1.53489;-1.53397;-1.53312;-1.53222;-1.53106;-1.52975;-1.52828;-1.52661;-1.52466;-1.52259;-1.52018;-1.51749;-1.51445;-1.51105;-1.50719;-1.50291;-1.49803;-1.49258;-1.48651;-1.47965;-1.47195;-1.46333;-1.45365;-1.44279;-1.43061;-1.41692;-1.40156;-1.38431;-1.36494;-1.34314;-1.31863;-1.29103;-1.25994;-1.22487;-1.18526;-1.14046;-1.0897;-1.03201;-0.966418;-0.891575;-0.806012;-0.708008;-0.59557
3;10544467280116;20;absz;16968.8;13862.7;11322.3;9248.31;7554.22;6168.85;5038.1;4113.61;3358.59;2741.72;2237.33;1824.97;1488.09;1212.42;986.962;802.483;651.618;528.531;428.653;348.799
3;10544467280116;20;frequency;99999.99999990905;122862.535599424;150952.0265389597;185463.4873444638;227865.1431623047;279960.8926363817;343967.05137965;422606.6409511731;519225.2346839865;637933.2888043621;783781.0140572543;962973.2274171232;1183133.324347452;1453627.601814205;1785963.729760951;2194280.323268956;2695948.443325946;3312310.615921419;4069588.809647371;4999999.999999929
3;10544467280116;20;phasez;-1.52572;-1.52258;-1.51853;-1.51351;-1.50718;-1.49933;-1.4896;-1.47755;-1.4626;-1.4441;-1.42117;-1.39281;-1.35763;-1.31394;-1.25954;-1.19151;-1.10594;-0.997612;-0.859257;-0.681253
