0;1824319804712;20;absz;1.93577e+08;1.3995e+08;1.01242e+08;7.32645e+07;5.30058e+07;3.83549e+07;2.77292e+07;2.00604e+07;1.45089e+07;1.04925e+07;7.58752e+06;5.48622e+06;3.96641e+06;2.86725e+06;2.07238e+06;1.49774e+06;1.08239e+06;782202;565240;408454
0;1824319804712;20;frequency;9.999999974752427;13.86918846435492;19.23543905490988;26.67799336109056;37.00021196095804;51.31629158938722;71.17153245417285;98.70914048804025;136.9015682683994;189.8713664161278;263.3361782500288;365.2259113806622;506.5387032487934;702.5280792305466;974.3494403835484;1351.343611730726;1874.203936580443;2599.368780806799;3605.113577052066;4999.99999995282
0;1824319804712;20;phasez;-1.55361;-1.55392;-1.55388;-1.55451;-1.55479;-1.55454;-1.55517;-1.55539;-1.55575;-1.55592;-1.55601;-1.55604;-1.55589;-1.55551;-1.55474;-1.55345;-1.55147;-1.54854;-1.54434;-1.53843
1;1825088187360;50;absz;9.8729e+06;8.43437e+06;7.2096e+06;6.14287e+06;5.25016e+06;4.47454e+06;3.82097e+06;3.26088e+06;2.78529e+06;2.37494e+06;2.0269e+06;1.73011e+06;1.47627e+06;1.25973e+06;1.07511e+06;917442;782926;668058;570108;486498;415151;354278;302339;258016;220193;187919;160378;136877;116822;99709.3;85106.3;72644.3;62008.1;52930.7;45183.3;38570.2;32925;28104.9;23990.8;20477.7;17477.4;14914.5;12725.3;10854.3;9255;7887.11;6716.54;5713.99;4854.01;4115.34
1;1825088187360;50;frequency;199.9999999213742;234.625769479635;275.2462588517801;322.8993264769997;378.802514688914;444.3841576318164;521.3198749487447;611.5753842550475;717.456725922716;841.6691823498468;987.3863981368913;1158.33146786315;1358.872060208682;1594.132014446359;1870.122253535556;2193.894364737048;2573.720768452858;3019.306079821149;3542.035062906734;4155.263512473084;4874.659497176026;5718.603679767398;6708.658946337209;7870.121340545211;9232.666380967203;10831.10727442716;12706.28439819177;14906.10877695531;17486.78621595445;20514.25336674129;24065.86241733066;28232.35745111674;33120.19296963342;38854.25382030405;45581.04601983359;53472.44000269313;62730.06193403319;73590.44528463698;86331.07429211862;101277.4737211686;118811.5260634959;139381.228686517;163512.140226203;191820.8086789974;225030.524286467;263989.7996954232;309694.0495706946;363311.0235703185;426210.642505751;499999.9999999716
1;1825088187360;50;phasez;-1.55701;-1.55393;-1.5566;-1.55765;-1.55811;-1.55782;-1.55743;-1.55788;-1.55856;-1.55881;-1.55841;-1.55866;-1.55889;-1.559;-1.55878;-1.55885;-1.5587;-1.55858;-1.55838;-1.55811;-1.55796;-1.55759;-1.55719;-1.55677;-1.55623;-1.55563;-1.5549;-1.5541;-1.55315;-1.5521;-1.55087;-1.54947;-1.54788;-1.54605;-1.54396;-1.54156;-1.5388;-1.53561;-1.53192;-1.52764;-1.52266;-1.51685;-1.51007;-1.50213;-1.49282;-1.48188;-1.46897;-1.45371;-1.43557;-1.41388
2;1825856086346;50;absz;102750;91860;82150.7;73481.7;65686.2;58729.3;52519.1;46962.9;41994;37551.1;33576.9;30019.3;26847.3;24008.9;21469.7;19199.8;17171;15356.6;13734.5;12283.1;10985.2;9825.09;8787.32;7859.49;7029.4;6287.2;5623.49;5029.69;4498.61;4023.49;3598.46;3218.28;2878.18;2573.89;2301.65;2058.07;1840.14;1645.01;1470.48;1314.26;1174.46;1049.36;937.409;837.289;747.919;668.141;597.126;534.142;478.628;430.194
2;1825856086346;50;frequency;20000.00000002444;22385.53853899816;25055.61678390222;28044.17375656954;31389.19662092121;35133.2035329932;39323.78408414649;44014.2042055669;49264.08322518227;55140.1516811012;61717.09952482729;69078.52549602467;77317.99973512921;86540.25314108083;96862.50859274992;108415.9709538568;121347.4948009008;135821.4510731415;152021.8163702936;170154.5114554648;190450.0186878266;213166.3116533389;238592.1342356312;267050.6708003728;298903.6541519141;334555.9634717432;374460.7706856584;419125.3006744233;469117.2785435782;525072.1459047724;587701.13789258;657800.3235824071;736260.7247225839;824079.6413975459;922373.3285811875;1032391.184709951;1155531.632626961;1293359.894754076;1447627.888434013;1620296.494325686;1813560.480908265;2029876.401899315;2271993.821195295;2542990.262224833;2846310.325953354;3185809.474764127;3565803.038745301;3991121.067296888;4467169.723268114;4999999.999999929
2;1825856086346;50;phasez;-1.55578;-1.55499;-1.55479;-1.55434;-1.5535;-1.55262;-1.55169;-1.5509;-1.54968;-1.54851;-1.5472;-1.54584;-1.54407;-1.54232;-1.54025;-1.53809;-1.53554;-1.53278;-1.52965;-1.52627;-1.52246;-1.51824;-1.51355;-1.50832;-1.50246;-1.49595;-1.48868;-1.4806;-1.47158;-1.46147;-1.45019;-1.43756;-1.42347;-1.40766;-1.38997;-1.37013;-1.34788;-1.3229;-1.29484;-1.26328;-1.22774;-1.18767;-1.14243;-1.09124;-1.03312;-0.967182;-0.892032;-0.806244;-0.708109;-0.595684
3;1826172468523;20;absz;20897.9;17044.1;13901.1;11333.5;9243.01;7538.74;6147.97;5014.14;4089.07;3334.79;2719.24;2216.69;1806.43;1471.64;1198.18;974.891;792.645;644.329;524.424;429.144
3;1826172468523;20;frequency;99999.99999990905;122862.535599424;150952.0265389597;185463.4873444638;227865.1431623047;279960.8926363817;343967.05137965;422606.6409511731;519225.2346839865;637933.2888043621;783781.0140572543;962973.2274171232;1183133.324347452;1453627.601814205;1785963.729760951;2194280.323268956;2695948.443325946;3312310.615921419;4069588.809647371;4999999.999999929
3;1826172468523;20;phasez;-1.53927;-1.53551;-1.53076;-1.52495;-1.51801;-1.50945;-1.49897;-1.48615;-1.47047;-1.45118;-1.42749;-1.39829;-1.36228;-1.31775;-1.26248;-1.19362;-1.10725;-0.998247;-0.859422;-0.681302
