0;8173853394122;20;absz;1.37017e+08;9.99508e+07;7.27948e+07;5.303e+07;3.86098e+07;2.80901e+07;2.04476e+07;1.48738e+07;1.08176e+07;7.86568e+06;5.71827e+06;4.15637e+06;3.02069e+06;2.19501e+06;1.59484e+06;1.15858e+06;841552;611164;443780;322178
0;8173853394122;20;frequency;9.999999974752427;13.86918846435492;19.23543905490988;26.67799336109056;37.00021196095804;51.31629158938722;71.17153245417285;98.70914048804025;136.9015682683994;189.8713664161278;263.3361782500288;365.2259113806622;506.5387032487934;702.5280792305466;974.3494403835484;1351.343611730726;1874.203936580443;2599.368780806799;3605.113577052066;4999.99999995282
0;8173853394122;20;phasez;-1.51177;-1.51483;-1.51748;-1.52033;-1.5224;-1.52394;-1.52581;-1.5271;-1.52822;-1.52917;-1.52983;-1.53028;-1.53054;-1.53053;-1.53016;-1.52932;-1.52787;-1.52556;-1.52208;-1.51695
1;8174623323672;50;absz;7.40771e+06;6.35152e+06;5.42162e+06;4.64659e+06;3.97564e+06;3.40202e+06;2.91008e+06;2.49125e+06;2.13123e+06;1.82399e+06;1.56063e+06;1.33516e+06;1.14217e+06;977052;835890;715018;611626;523177;447524;382756;327370;279992;239463;204788;175131;149766;128072;109519;93651;80079.6;68475.1;58551.5;50064.7;42807.2;36601.7;31294.1;26754.6;22872.5;19551.5;16711.5;14281.9;12203.3;10424.5;8902.13;7598.72;6482.4;5525.63;4705.08;4000.4;3394.46
1;8174623323672;50;frequency;199.9999999213742;234.625769479635;275.2462588517801;322.8993264769997;378.802514688914;444.3841576318164;521.3198749487447;611.5753842550475;717.456725922716;841.6691823498468;987.3863981368913;1158.33146786315;1358.872060208682;1594.132014446359;1870.122253535556;2193.894364737048;2573.720768452858;3019.306079821149;3542.035062906734;4155.263512473084;4874.659497176026;5718.603679767398;6708.658946337209;7870.121340545211;9232.666380967203;10831.10727442716;12706.28439819177;14906.10877695531;17486.78621595445;20514.25336674129;24065.86241733066;28232.35745111674;33120.19296963342;38854.25382030405;45581.04601983359;53472.44000269313;62730.06193403319;73590.44528463698;86331.07429211862;101277.4737211686;118811.5260634959;139381.228686517;163512.140226203;191820.8086789974;225030.524286467;263989.7996954232;309694.0495706946;363311.0235703185;426210.642505751;499999.9999999716
1;8174623323672;50;phasez;-1.53151;-1.53162;-1.52944;-1.53137;-1.53193;-1.5323;-1.53265;-1.53344;-1.53379;-1.53359;-1.53405;-1.53431;-1.53465;-1.53497;-1.53523;-1.53549;-1.53566;-1.53586;-1.53606;-1.5362;-1.53631;-1.53639;-1.53642;-1.53637;-1.53625;-1.53607;-1.53579;-1.53539;-1.53489;-1.53427;-1.53348;-1.53254;-1.53139;-1.53003;-1.52841;-1.5265;-1.52424;-1.52155;-1.51837;-1.51461;-1.51016;-1.50489;-1.49864;-1.49125;-1.48249;-1.47211;-1.45978;-1.44509;-1.42753;-1.40643
2;8175392003509;50;absz;82424.9;73826;66085.9;59166;52970.8;47423.2;42461;38007;34027;30457.7;27265.2;24409.5;21851.2;19558.8;17508.9;15673.1;14029.7;12558.5;11241.2;10062.1;9006.37;8061.79;7215.57;6458.28;5780.37;5173.43;4630.1;4143.79;3708.3;3318.45;2969.41;2656.94;2377.15;2126.59;1902.26;1701.41;1521.51;1360.34;1216;1086.73;970.935;867.202;774.314;691.127;616.777;550.304;491.006;438.322;391.743;350.931
2;8175392003509;50;frequency;20000.00000002444;22385.53853899816;25055.61678390222;28044.17375656954;31389.19662092121;35133.2035329932;39323.78408414649;44014.2042055669;49264.08322518227;55140.1516811012;61717.09952482729;69078.52549602467;77317.99973512921;86540.25314108083;96862.50859274992;108415.9709538568;121347.4948009008;135821.4510731415;152021.8163702936;170154.5114554648;190450.0186878266;213166.3116533389;238592.1342356312;267050.6708003728;298903.6541519141;334555.9634717432;374460.7706856584;419125.3006744233;469117.2785435782;525072.1459047724;587701.13789258;657800.3235824071;736260.7247225839;824079.6413975459;922373.3285811875;1032391.184709951;1155531.632626961;1293359.894754076;1447627.888434013;1620296.494325686;1813560.480908265;2029876.401899315;2271993.821195295;2542990.262224833;2846310.325953354;3185809.474764127;3565803.038745301;3991121.067296888;4467169.723268114;4999999.999999929
2;8175392003509;50;phasez;-1.53813;-1.53779;-1.53766;-1.53718;-1.53675;-1.53629;-1.53565;-1.53503;-1.53448;-1.53361;-1.53257;-1.53145;-1.53025;-1.52869;-1.52716;-1.52524;-1.52314;-1.52072;-1.518;-1.51499;-1.51159;-1.50773;-1.50339;-1.49855;-1.4931;-1.487;-1.48016;-1.47246;-1.46387;-1.45419;-1.44333;-1.43115;-1.41749;-1.40213;-1.38489;-1.36551;-1.34374;-1.31924;-1.29166;-1.26057;-1.22551;-1.18591;-1.14111;-1.09034;-1.03267;-0.967075;-0.89224;-0.806694;-0.708706;-0.596284
3;8175710797458;20;absz;17037.6;13920.9;11368.5;9286.3;7585.04;6193.72;5058.24;4129.83;3371.82;2752.3;2245.82;1831.84;1493.59;1216.82;990.472;805.284;653.859;530.332;430.116;350.01
3;8175710797458;20;frequency;99999.99999990905;122862.535599424;150952.0265389597;185463.4873444638;227865.1431623047;279960.8926363817;343967.05137965;422606.6409511731;519225.2346839865;637933.2888043621;783781.0140572543;962973.2274171232;1183133.324347452;1453627.601814205;1785963.729760951;2194280.323268956;2695948.443325946;3312310.615921419;4069588.809647371;4999999.999999929
3;8175710797458;20;phasez;-1.52626;-1.52307;-1.51898;-1.51397;-1.50769;-1.49984;-1.49011;-1.47807;-1.46314;-1.44463;-1.42173;-1.39339;-1.35824;-1.31457;-1.26017;-1.19216;-1.10659;-0.998275;-0.859937;-0.681964
