0;887082454591;20;absz;2.19162e+08;1.58356e+08;1.1444e+08;8.28031e+07;5.98766e+07;4.32989e+07;3.13249e+07;2.26547e+07;1.63862e+07;1.18539e+07;8.57625e+06;6.2052e+06;4.49014e+06;3.24915e+06;2.35114e+06;1.70136e+06;1.23111e+06;890875;644697;466562
0;887082454591;20;frequency;9.999999974752427;13.86918846435492;19.23543905490988;26.67799336109056;37.00021196095804;51.31629158938722;71.17153245417285;98.70914048804025;136.9015682683994;189.8713664161278;263.3361782500288;365.2259113806622;506.5387032487934;702.5280792305466;974.3494403835484;1351.343611730726;1874.203936580443;2599.368780806799;3605.113577052066;4999.99999995282
0;887082454591;20;phasez;-1.55899;-1.55732;-1.55696;-1.55643;-1.55598;-1.5553;-1.55546;-1.55499;-1.55458;-1.55402;-1.55337;-1.55263;-1.55183;-1.55084;-1.54955;-1.54786;-1.5455;-1.54227;-1.53785;-1.53177
1;887852455681;50;absz;1.11471e+07;9.53876e+06;8.1252e+06;6.9447e+06;5.93013e+06;5.07113e+06;4.32905e+06;3.6946e+06;3.15522e+06;2.69428e+06;2.29956e+06;1.96459e+06;1.67695e+06;1.43208e+06;1.22266e+06;1.04419e+06;891602;761380;650185;555229;474122;404906;345793;295309;252207;215390;183958;157120;134197;114622;97907.8;83631.2;71438.1;61024.3;52128.7;44530.2;38038.9;32492.9;27755;23706.3;20246.2;17289.1;14761.1;12598.9;10749.4;9166.22;7810.6;6648.57;5651.25;4794.14
1;887852455681;50;frequency;199.9999999213742;234.625769479635;275.2462588517801;322.8993264769997;378.802514688914;444.3841576318164;521.3198749487447;611.5753842550475;717.456725922716;841.6691823498468;987.3863981368913;1158.33146786315;1358.872060208682;1594.132014446359;1870.122253535556;2193.894364737048;2573.720768452858;3019.306079821149;3542.035062906734;4155.263512473084;4874.659497176026;5718.603679767398;6708.658946337209;7870.121340545211;9232.666380967203;10831.10727442716;12706.28439819177;14906.10877695531;17486.78621595445;20514.25336674129;24065.86241733066;28232.35745111674;33120.19296963342;38854.25382030405;45581.04601983359;53472.44000269313;62730.06193403319;73590.44528463698;86331.07429211862;101277.4737211686;118811.5260634959;139381.228686517;163512.140226203;191820.8086789974;225030.524286467;263989.7996954232;309694.0495706946;363311.0235703185;426210.642505751;499999.9999999716
1;887852455681;50;phasez;-1.55538;-1.55546;-1.55651;-1.55356;-1.55265;-1.55484;-1.55343;-1.55277;-1.55394;-1.55315;-1.55349;-1.55311;-1.55309;-1.55291;-1.55284;-1.55266;-1.55239;-1.55229;-1.55193;-1.55163;-1.55127;-1.55084;-1.55044;-1.54996;-1.54934;-1.5487;-1.54799;-1.54716;-1.54624;-1.5452;-1.54397;-1.54261;-1.54105;-1.53927;-1.53724;-1.5349;-1.5322;-1.52909;-1.52548;-1.52129;-1.5164;-1.5107;-1.50403;-1.49622;-1.48705;-1.47627;-1.46353;-1.44846;-1.43053;-1.40905
2;888620727176;50;absz;118148;105687;94537.3;84570.8;75680.6;67687.8;60556.2;54172.9;48466.3;43358.4;38789.4;34704.2;31046.7;27777.1;24850.6;22235.9;19894.9;17799.8;15926.7;14251.1;12751.7;11410.4;10209.5;9135.42;8174.53;7314.26;6544.7;5855.97;5239.86;4688.41;4194.68;3752.97;3357.64;3003.8;2687.03;2403.53;2149.81;1922.68;1719.38;1537.38;1374.5;1228.73;1098.35;981.65;877.606;784.732;702.106;628.921;564.535;508.507
2;888620727176;50;frequency;20000.00000002444;22385.53853899816;25055.61678390222;28044.17375656954;31389.19662092121;35133.2035329932;39323.78408414649;44014.2042055669;49264.08322518227;55140.1516811012;61717.09952482729;69078.52549602467;77317.99973512921;86540.25314108083;96862.50859274992;108415.9709538568;121347.4948009008;135821.4510731415;152021.8163702936;170154.5114554648;190450.0186878266;213166.3116533389;238592.1342356312;267050.6708003728;298903.6541519141;334555.9634717432;374460.7706856584;419125.3006744233;469117.2785435782;525072.1459047724;587701.13789258;657800.3235824071;736260.7247225839;824079.6413975459;922373.3285811875;1032391.184709951;1155531.632626961;1293359.894754076;1447627.888434013;1620296.494325686;1813560.480908265;2029876.401899315;2271993.821195295;2542990.262224833;2846310.325953354;3185809.474764127;3565803.038745301;3991121.067296888;4467169.723268114;4999999.999999929
2;888620727176;50;phasez;-1.54869;-1.54826;-1.54792;-1.54721;-1.54652;-1.54565;-1.54505;-1.54399;-1.54305;-1.54199;-1.54062;-1.53914;-1.53773;-1.53592;-1.53388;-1.53167;-1.52926;-1.52656;-1.5236;-1.52024;-1.51654;-1.5124;-1.5078;-1.50269;-1.49698;-1.4906;-1.48349;-1.47554;-1.46664;-1.4567;-1.4456;-1.43315;-1.41922;-1.4036;-1.38609;-1.36644;-1.34439;-1.31962;-1.29177;-1.26042;-1.22512;-1.18528;-1.1403;-1.08935;-1.03152;-0.965902;-0.891099;-0.805727;-0.70807;-0.596239
3;888939382348;20;absz;24195.2;19750.4;16123.7;13159.2;10738.2;8764.67;7154.14;5838.59;4765.22;3888.37;3172.86;2588.29;2110.78;1720.73;1402.24;1142.01;929.707;757.056;617.674;507.26
3;888939382348;20;frequency;99999.99999990905;122862.535599424;150952.0265389597;185463.4873444638;227865.1431623047;279960.8926363817;343967.05137965;422606.6409511731;519225.2346839865;637933.2888043621;783781.0140572543;962973.2274171232;1183133.324347452;1453627.601814205;1785963.729760951;2194280.323268956;2695948.443325946;3312310.615921419;4069588.809647371;4999999.999999929
3;888939382348;20;phasez;-1.53293;-1.52916;-1.52459;-1.51907;-1.51223;-1.50386;-1.49364;-1.4811;-1.46567;-1.4467;-1.42333;-1.39446;-1.35881;-1.31465;-1.25979;-1.19137;-1.10545;-0.997034;-0.858901;-0.681696
