0;8101333488132;20;absz;1.37044e+08;9.99837e+07;7.28424e+07;5.30454e+07;3.86247e+07;2.81162e+07;2.04551e+07;1.4881e+07;1.08208e+07;7.8685e+06;5.72002e+06;4.15782e+06;3.02184e+06;2.19591e+06;1.59546e+06;1.15903e+06;841870;611405;443944;322300
0;8101333488132;20;frequency;9.999999974752427;13.86918846435492;19.23543905490988;26.67799336109056;37.00021196095804;51.31629158938722;71.17153245417285;98.70914048804025;136.9015682683994;189.8713664161278;263.3361782500288;365.2259113806622;506.5387032487934;702.5280792305466;974.3494403835484;1351.343611730726;1874.203936580443;2599.368780806799;3605.113577052066;4999.99999995282
0;8101333488132;20;phasez;-1.51175;-1.51469;-1.51746;-1.52042;-1.52249;-1.52483;-1.52577;-1.52727;-1.52827;-1.5292;-1.52984;-1.53029;-1.53054;-1.53053;-1.53016;-1.52932;-1.52787;-1.52556;-1.52207;-1.51695
1;8102103450762;50;absz;7.40571e+06;6.33694e+06;5.43439e+06;4.64253e+06;3.97838e+06;3.40573e+06;2.91217e+06;2.49149e+06;2.13262e+06;1.82413e+06;1.56069e+06;1.33589e+06;1.14264e+06;977429;836134;715361;611835;523390;447670;382919;327498;280103;239552;204869;175199;149826;128121;109561;93685.6;80109.3;68501;58572.8;50082.8;42822.4;36614.3;31305;26763.4;22879.7;19558.2;16717;14286.6;12207.3;10427.9;8905.01;7601.2;6484.44;5527.36;4706.46;4001.57;3395.41
1;8102103450762;50;frequency;199.9999999213742;234.625769479635;275.2462588517801;322.8993264769997;378.802514688914;444.3841576318164;521.3198749487447;611.5753842550475;717.456725922716;841.6691823498468;987.3863981368913;1158.33146786315;1358.872060208682;1594.132014446359;1870.122253535556;2193.894364737048;2573.720768452858;3019.306079821149;3542.035062906734;4155.263512473084;4874.659497176026;5718.603679767398;6708.658946337209;7870.121340545211;9232.666380967203;10831.10727442716;12706.28439819177;14906.10877695531;17486.78621595445;20514.25336674129;24065.86241733066;28232.35745111674;33120.19296963342;38854.25382030405;45581.04601983359;53472.44000269313;62730.06193403319;73590.44528463698;86331.07429211862;101277.4737211686;118811.5260634959;139381.228686517;163512.140226203;191820.8086789974;225030.524286467;263989.7996954232;309694.0495706946;363311.0235703185;426210.642505751;499999.9999999716
1;8102103450762;50;phasez;-1.53015;-1.52938;-1.53052;-1.53008;-1.53185;-1.53242;-1.53296;-1.53262;-1.53354;-1.53402;-1.53399;-1.53439;-1.53465;-1.53496;-1.53525;-1.53543;-1.53573;-1.5359;-1.53606;-1.53623;-1.53633;-1.53639;-1.53642;-1.53637;-1.53624;-1.53608;-1.53579;-1.53542;-1.53492;-1.53429;-1.53351;-1.53257;-1.53144;-1.53008;-1.52846;-1.52655;-1.52428;-1.52159;-1.51841;-1.51465;-1.5102;-1.50492;-1.49869;-1.4913;-1.48254;-1.47216;-1.45982;-1.44514;-1.42758;-1.40648
2;8102874613153;50;absz;82529.4;73898;66144.6;59215.9;53014.2;47455.2;42492.6;38038.3;34049.9;30481.8;27284.5;24425.1;21862.8;19570.8;17518.9;15682.5;14038.4;12566;11248.3;10068.2;9012.15;8066.2;7219.74;6461.87;5783.51;5176.37;4632.71;4146.03;3710.31;3320.22;2971;2658.28;2378.34;2127.71;1903.25;1702.25;1522.22;1361.01;1216.6;1087.26;971.393;867.624;774.685;691.444;617.049;550.549;491.229;438.524;391.926;351.091
2;8102874613153;50;frequency;20000.00000002444;22385.53853899816;25055.61678390222;28044.17375656954;31389.19662092121;35133.2035329932;39323.78408414649;44014.2042055669;49264.08322518227;55140.1516811012;61717.09952482729;69078.52549602467;77317.99973512921;86540.25314108083;96862.50859274992;108415.9709538568;121347.4948009008;135821.4510731415;152021.8163702936;170154.5114554648;190450.0186878266;213166.3116533389;238592.1342356312;267050.6708003728;298903.6541519141;334555.9634717432;374460.7706856584;419125.3006744233;469117.2785435782;525072.1459047724;587701.13789258;657800.3235824071;736260.7247225839;824079.6413975459;922373.3285811875;1032391.184709951;1155531.632626961;1293359.894754076;1447627.888434013;1620296.494325686;1813560.480908265;2029876.401899315;2271993.821195295;2542990.262224833;2846310.325953354;3185809.474764127;3565803.038745301;3991121.067296888;4467169.723268114;4999999.999999929
2;8102874613153;50;phasez;-1.53804;-1.53746;-1.53727;-1.53716;-1.5368;-1.53633;-1.53586;-1.5352;-1.53448;-1.53367;-1.53268;-1.53152;-1.53022;-1.52887;-1.52713;-1.52526;-1.52316;-1.52076;-1.51806;-1.515;-1.51158;-1.50776;-1.50344;-1.49858;-1.49314;-1.48705;-1.48018;-1.47251;-1.46389;-1.45421;-1.44336;-1.43119;-1.41751;-1.40215;-1.38492;-1.36555;-1.34377;-1.31927;-1.29168;-1.2606;-1.22553;-1.18592;-1.14113;-1.09037;-1.03268;-0.967087;-0.892248;-0.806698;-0.708705;-0.596282
3;8103191201314;20;absz;17054.3;13932.7;11378.8;9293.52;7590.84;6198.38;5061.63;4132.78;3374.07;2754.14;2247.32;1832.95;1494.47;1217.53;991.039;805.741;654.23;530.629;430.355;350.2
3;8103191201314;20;frequency;99999.99999990905;122862.535599424;150952.0265389597;185463.4873444638;227865.1431623047;279960.8926363817;343967.05137965;422606.6409511731;519225.2346839865;637933.2888043621;783781.0140572543;962973.2274171232;1183133.324347452;1453627.601814205;1785963.729760951;2194280.323268956;2695948.443325946;3312310.615921419;4069588.809647371;4999999.999999929
3;8103191201314;20;phasez;-1.52625;-1.52308;-1.51907;-1.51401;-1.50778;-1.4999;-1.49015;-1.4781;-1.46315;-1.44467;-1.42176;-1.39341;-1.35825;-1.31459;-1.26019;-1.19216;-1.10659;-0.998258;-0.859913;-0.681908
