0;5085429558266;20;absz;1.46821e+08;1.06801e+08;7.76842e+07;5.65213e+07;4.10959e+07;2.98565e+07;2.17135e+07;1.5782e+07;1.14688e+07;8.33355e+06;6.05404e+06;4.39746e+06;3.19373e+06;2.31898e+06;1.6835e+06;1.22188e+06;886702;643372;466738;338548
0;5085429558266;20;frequency;9.999999974752427;13.86918846435492;19.23543905490988;26.67799336109056;37.00021196095804;51.31629158938722;71.17153245417285;98.70914048804025;136.9015682683994;189.8713664161278;263.3361782500288;365.2259113806622;506.5387032487934;702.5280792305466;974.3494403835484;1351.343611730726;1874.203936580443;2599.368780806799;3605.113577052066;4999.99999995282
0;5085429558266;20;phasez;-1.5245;-1.52611;-1.52719;-1.52887;-1.52986;-1.53058;-1.53142;-1.53218;-1.53284;-1.53339;-1.53385;-1.53425;-1.53452;-1.53456;-1.53429;-1.53353;-1.5321;-1.52979;-1.52626;-1.52109
1;5086200040795;50;absz;7.85438e+06;6.71947e+06;5.75128e+06;4.91767e+06;4.20693e+06;3.59819e+06;3.07966e+06;2.63241e+06;2.25144e+06;1.92586e+06;1.64733e+06;1.40846e+06;1.20439e+06;1.02989e+06;880758;753061;643910;550515;470666;402423;344031;294114;251424;214933;183732;157055;134252;114753;98086.8;83837.2;71658.8;61247.6;52348.6;44741.6;38238.8;32679.8;27927.2;23864.8;20392.2;17423.9;14885.3;12714.8;10857.9;9269.46;7910.03;6745.95;5748.63;4893.42;4159.3;3528.15
1;5086200040795;50;frequency;199.9999999213742;234.625769479635;275.2462588517801;322.8993264769997;378.802514688914;444.3841576318164;521.3198749487447;611.5753842550475;717.456725922716;841.6691823498468;987.3863981368913;1158.33146786315;1358.872060208682;1594.132014446359;1870.122253535556;2193.894364737048;2573.720768452858;3019.306079821149;3542.035062906734;4155.263512473084;4874.659497176026;5718.603679767398;6708.658946337209;7870.121340545211;9232.666380967203;10831.10727442716;12706.28439819177;14906.10877695531;17486.78621595445;20514.25336674129;24065.86241733066;28232.35745111674;33120.19296963342;38854.25382030405;45581.04601983359;53472.44000269313;62730.06193403319;73590.44528463698;86331.07429211862;101277.4737211686;118811.5260634959;139381.228686517;163512.140226203;191820.8086789974;225030.524286467;263989.7996954232;309694.0495706946;363311.0235703185;426210.642505751;499999.9999999716
1;5086200040795;50;phasez;-1.53509;-1.53761;-1.53646;-1.53549;-1.53485;-1.53653;-1.53683;-1.53719;-1.53721;-1.53801;-1.53815;-1.53851;-1.53878;-1.53926;-1.53948;-1.53975;-1.53982;-1.54012;-1.54029;-1.54043;-1.54048;-1.54053;-1.54055;-1.54049;-1.54036;-1.54016;-1.53987;-1.53947;-1.53897;-1.53833;-1.53755;-1.53659;-1.53544;-1.53405;-1.5324;-1.53044;-1.52812;-1.52538;-1.52213;-1.5183;-1.51378;-1.50846;-1.50217;-1.49476;-1.486;-1.47564;-1.46334;-1.44872;-1.43124;-1.41024
2;5086968994828;50;absz;86391.5;77319.4;69206.4;61920;55426.6;49611.7;44398.7;39732.8;35559.6;31819.3;28479.9;25484.3;22805.7;20408.5;18263.6;16345.6;14628.1;13091.5;11714.4;10483.9;9382.07;8395.51;7512.9;6723.02;6015.97;5383.12;4816.69;4309.77;3855.96;3449.75;3086.11;2760.65;2469.25;2208.44;1974.93;1765.89;1578.74;1411.15;1261.1;1126.74;1006.43;898.716;802.289;715.954;638.831;569.919;508.488;453.929;405.72;363.499
2;5086968994828;50;frequency;20000.00000002444;22385.53853899816;25055.61678390222;28044.17375656954;31389.19662092121;35133.2035329932;39323.78408414649;44014.2042055669;49264.08322518227;55140.1516811012;61717.09952482729;69078.52549602467;77317.99973512921;86540.25314108083;96862.50859274992;108415.9709538568;121347.4948009008;135821.4510731415;152021.8163702936;170154.5114554648;190450.0186878266;213166.3116533389;238592.1342356312;267050.6708003728;298903.6541519141;334555.9634717432;374460.7706856584;419125.3006744233;469117.2785435782;525072.1459047724;587701.13789258;657800.3235824071;736260.7247225839;824079.6413975459;922373.3285811875;1032391.184709951;1155531.632626961;1293359.894754076;1447627.888434013;1620296.494325686;1813560.480908265;2029876.401899315;2271993.821195295;2542990.262224833;2846310.325953354;3185809.474764127;3565803.038745301;3991121.067296888;4467169.723268114;4999999.999999929
2;5086968994828;50;phasez;-1.54196;-1.54189;-1.54186;-1.54129;-1.54096;-1.54038;-1.53986;-1.53916;-1.53853;-1.53749;-1.53653;-1.53532;-1.53407;-1.53254;-1.5308;-1.52889;-1.52677;-1.52427;-1.52158;-1.51852;-1.51505;-1.51121;-1.50691;-1.50207;-1.49666;-1.4906;-1.4838;-1.47617;-1.46761;-1.45799;-1.44721;-1.43512;-1.42152;-1.40625;-1.38909;-1.3698;-1.3481;-1.32369;-1.29619;-1.2652;-1.23023;-1.19073;-1.14604;-1.0954;-1.03788;-0.972458;-0.897814;-0.812501;-0.714805;-0.602729
3;5087285403683;20;absz;17783.4;14521.4;11854.6;9676.61;7900.84;6449.19;5264.37;4296.58;3506.11;2860.74;2333.13;1902.05;1550.08;1262.24;1026.93;834.584;677.418;549.333;445.518;362.627
3;5087285403683;20;frequency;99999.99999990905;122862.535599424;150952.0265389597;185463.4873444638;227865.1431623047;279960.8926363817;343967.05137965;422606.6409511731;519225.2346839865;637933.2888043621;783781.0140572543;962973.2274171232;1183133.324347452;1453627.601814205;1785963.729760951;2194280.323268956;2695948.443325946;3312310.615921419;4069588.809647371;4999999.999999929
3;5087285403683;20;phasez;-1.52996;-1.52667;-1.52257;-1.51749;-1.51122;-1.50336;-1.49373;-1.48174;-1.46693;-1.44857;-1.42582;-1.39762;-1.36262;-1.31911;-1.26489;-1.19707;-1.11173;-1.00373;-0.86581;-0.688426
