0;6918222034978;20;absz;1.39031e+08;1.01314e+08;7.38014e+07;5.37274e+07;3.90936e+07;2.84454e+07;2.06945e+07;1.50488e+07;1.09416e+07;7.95393e+06;5.78167e+06;4.20191e+06;3.05338e+06;2.2185e+06;1.61166e+06;1.17063e+06;850165;617322;448177;325306
0;6918222034978;20;frequency;9.999999974752427;13.86918846435492;19.23543905490988;26.67799336109056;37.00021196095804;51.31629158938722;71.17153245417285;98.70914048804025;136.9015682683994;189.8713664161278;263.3361782500288;365.2259113806622;506.5387032487934;702.5280792305466;974.3494403835484;1351.343611730726;1874.203936580443;2599.368780806799;3605.113577052066;4999.99999995282
0;6918222034978;20;phasez;-1.51453;-1.51802;-1.52037;-1.52268;-1.52442;-1.5258;-1.52738;-1.52856;-1.52947;-1.53017;-1.53081;-1.5312;-1.53137;-1.53132;-1.53094;-1.53011;-1.52867;-1.52638;-1.52292;-1.5178
1;6918992120731;50;absz;7.49367e+06;6.41314e+06;5.49432e+06;4.70017e+06;4.02276e+06;3.43911e+06;2.94407e+06;2.51839e+06;2.15514e+06;1.84282e+06;1.57701e+06;1.34895e+06;1.15399e+06;987212;844420;722290;617821;528418;451940;386526;330557;282681;241739;206709;176760;151148;129242;110509;94487.8;80790.1;69076.8;59061.8;50497.4;43173.3;36911.9;31557.2;26977.4;23060.7;19711.7;16846.8;14396.3;12299.8;10506.2;8971.17;7657.23;6531.86;5567.41;4740.35;4030.17;3419.52
1;6918992120731;50;frequency;199.9999999213742;234.625769479635;275.2462588517801;322.8993264769997;378.802514688914;444.3841576318164;521.3198749487447;611.5753842550475;717.456725922716;841.6691823498468;987.3863981368913;1158.33146786315;1358.872060208682;1594.132014446359;1870.122253535556;2193.894364737048;2573.720768452858;3019.306079821149;3542.035062906734;4155.263512473084;4874.659497176026;5718.603679767398;6708.658946337209;7870.121340545211;9232.666380967203;10831.10727442716;12706.28439819177;14906.10877695531;17486.78621595445;20514.25336674129;24065.86241733066;28232.35745111674;33120.19296963342;38854.25382030405;45581.04601983359;53472.44000269313;62730.06193403319;73590.44528463698;86331.07429211862;101277.4737211686;118811.5260634959;139381.228686517;163512.140226203;191820.8086789974;225030.524286467;263989.7996954232;309694.0495706946;363311.0235703185;426210.642505751;499999.9999999716
1;6918992120731;50;phasez;-1.52911;-1.53094;-1.53126;-1.53115;-1.53285;-1.53362;-1.53348;-1.53414;-1.53444;-1.53495;-1.53464;-1.53521;-1.53552;-1.53564;-1.53595;-1.53631;-1.53647;-1.53668;-1.53694;-1.53708;-1.53721;-1.53726;-1.53729;-1.53723;-1.53713;-1.53693;-1.53663;-1.53623;-1.53572;-1.53507;-1.53428;-1.53333;-1.53218;-1.53082;-1.5292;-1.52728;-1.52502;-1.52233;-1.51916;-1.51539;-1.51094;-1.50566;-1.49941;-1.49202;-1.48326;-1.47287;-1.46054;-1.44586;-1.42831;-1.40723
2;6919762403389;50;absz;83200.4;74515.9;66706.6;59716.7;53443.2;47850.9;42836.5;38342.7;34321;30724.1;27501.3;24616.2;22035;19724.2;17654.8;15803.1;14144.5;12661.1;11332.2;10143.4;9078.21;8125.67;7272.42;6508.82;5825.24;5213.48;4665.7;4175.34;3736.27;3343.43;2991.62;2676.68;2394.67;2142.2;1916.05;1713.61;1532.33;1369.96;1224.52;1094.27;977.612;873.122;779.56;695.776;620.883;553.956;494.261;441.224;394.331;353.249
2;6919762403389;50;frequency;20000.00000002444;22385.53853899816;25055.61678390222;28044.17375656954;31389.19662092121;35133.2035329932;39323.78408414649;44014.2042055669;49264.08322518227;55140.1516811012;61717.09952482729;69078.52549602467;77317.99973512921;86540.25314108083;96862.50859274992;108415.9709538568;121347.4948009008;135821.4510731415;152021.8163702936;170154.5114554648;190450.0186878266;213166.3116533389;238592.1342356312;267050.6708003728;298903.6541519141;334555.9634717432;374460.7706856584;419125.3006744233;469117.2785435782;525072.1459047724;587701.13789258;657800.3235824071;736260.7247225839;824079.6413975459;922373.3285811875;1032391.184709951;1155531.632626961;1293359.894754076;1447627.888434013;1620296.494325686;1813560.480908265;2029876.401899315;2271993.821195295;2542990.262224833;2846310.325953354;3185809.474764127;3565803.038745301;3991121.067296888;4467169.723268114;4999999.999999929
2;6919762403389;50;phasez;-1.53885;-1.53848;-1.53841;-1.5379;-1.53749;-1.53717;-1.53649;-1.536;-1.53523;-1.53448;-1.53341;-1.53225;-1.53097;-1.52953;-1.52787;-1.52598;-1.52383;-1.52145;-1.51877;-1.51577;-1.51233;-1.50849;-1.50418;-1.49931;-1.49389;-1.48778;-1.48093;-1.47327;-1.46464;-1.45499;-1.44415;-1.43199;-1.41834;-1.40302;-1.38581;-1.36645;-1.3447;-1.32022;-1.29266;-1.26161;-1.22657;-1.187;-1.14224;-1.0915;-1.03387;-0.968322;-0.89354;-0.808047;-0.710132;-0.597796
3;6920079535670;20;absz;17185;14038.4;11464.2;9362.29;7646.22;6243.02;5097.77;4161.95;3397.6;2773.09;2262.58;1845.28;1504.36;1225.46;997.399;810.828;658.291;533.901;432.999;352.363
3;6920079535670;20;frequency;99999.99999990905;122862.535599424;150952.0265389597;185463.4873444638;227865.1431623047;279960.8926363817;343967.05137965;422606.6409511731;519225.2346839865;637933.2888043621;783781.0140572543;962973.2274171232;1183133.324347452;1453627.601814205;1785963.729760951;2194280.323268956;2695948.443325946;3312310.615921419;4069588.809647371;4999999.999999929
3;6920079535670;20;phasez;-1.52703;-1.52382;-1.51982;-1.51474;-1.50844;-1.50061;-1.49087;-1.47884;-1.46395;-1.44548;-1.42261;-1.39431;-1.35921;-1.31559;-1.26125;-1.19329;-1.10779;-0.999554;-0.861315;-0.683477
