0;8433310125578;20;absz;1.368e+08;9.97626e+07;7.27026e+07;5.29453e+07;3.85552e+07;2.80669e+07;2.0419e+07;1.48549e+07;1.0804e+07;7.85587e+06;5.71126e+06;4.1514e+06;3.01714e+06;2.19251e+06;1.59303e+06;1.1573e+06;840608;610500;443302;321838
0;8433310125578;20;frequency;9.999999974752427;13.86918846435492;19.23543905490988;26.67799336109056;37.00021196095804;51.31629158938722;71.17153245417285;98.70914048804025;136.9015682683994;189.8713664161278;263.3361782500288;365.2259113806622;506.5387032487934;702.5280792305466;974.3494403835484;1351.343611730726;1874.203936580443;2599.368780806799;3605.113577052066;4999.99999995282
0;8433310125578;20;phasez;-1.51126;-1.51461;-1.5172;-1.51996;-1.52212;-1.52448;-1.52545;-1.52689;-1.52804;-1.52895;-1.52967;-1.53015;-1.53043;-1.53042;-1.53006;-1.52922;-1.52777;-1.52545;-1.52196;-1.51681
1;8434080126738;50;absz;7.39306e+06;6.33791e+06;5.42498e+06;4.64383e+06;3.96804e+06;3.39817e+06;2.9106e+06;2.48839e+06;2.12901e+06;1.82142e+06;1.55913e+06;1.3335e+06;1.14084e+06;975986;834953;714271;610960;522610;447053;382359;327024;279701;239210;204573;174952;149617;127946;109411;93561.1;80005.7;68413.4;58501;50023.5;42773.7;36573.8;31271.6;26737.1;22858.5;19541.1;16703.1;14275.2;12197.9;10420.4;8898.75;7596.02;6480.2;5523.85;4703.57;3999.2;3393.46
1;8434080126738;50;frequency;199.9999999213742;234.625769479635;275.2462588517801;322.8993264769997;378.802514688914;444.3841576318164;521.3198749487447;611.5753842550475;717.456725922716;841.6691823498468;987.3863981368913;1158.33146786315;1358.872060208682;1594.132014446359;1870.122253535556;2193.894364737048;2573.720768452858;3019.306079821149;3542.035062906734;4155.263512473084;4874.659497176026;5718.603679767398;6708.658946337209;7870.121340545211;9232.666380967203;10831.10727442716;12706.28439819177;14906.10877695531;17486.78621595445;20514.25336674129;24065.86241733066;28232.35745111674;33120.19296963342;38854.25382030405;45581.04601983359;53472.44000269313;62730.06193403319;73590.44528463698;86331.07429211862;101277.4737211686;118811.5260634959;139381.228686517;163512.140226203;191820.8086789974;225030.524286467;263989.7996954232;309694.0495706946;363311.0235703185;426210.642505751;499999.9999999716
1;8434080126738;50;phasez;-1.52696;-1.53095;-1.53014;-1.5313;-1.53199;-1.53228;-1.53298;-1.53276;-1.53301;-1.53351;-1.534;-1.53435;-1.53457;-1.53486;-1.53513;-1.53542;-1.53559;-1.53576;-1.53596;-1.53609;-1.53617;-1.53624;-1.53626;-1.53621;-1.53609;-1.53588;-1.53557;-1.53518;-1.53466;-1.53401;-1.53322;-1.53225;-1.53108;-1.52971;-1.52808;-1.52616;-1.52389;-1.52121;-1.51804;-1.51429;-1.50986;-1.50461;-1.49839;-1.49102;-1.48229;-1.47192;-1.4596;-1.44492;-1.42737;-1.40628
2;8434850789148;50;absz;82399.2;73796.5;66070.6;59154;52965.3;47409.9;42444.1;38001.3;34017.8;30453.2;27260.1;24402.7;21845.5;19556.4;17505.4;15671.4;14028.5;12557.6;11240.6;10061.5;9006.54;8061.55;7215.4;6458;5780.22;5173.38;4630.21;4143.77;3708.38;3318.5;2969.48;2657;2377.19;2126.67;1902.35;1701.45;1521.52;1360.4;1216.05;1086.79;970.987;867.26;774.376;691.18;616.813;550.344;491.055;438.364;391.777;350.957
2;8434850789148;50;frequency;20000.00000002444;22385.53853899816;25055.61678390222;28044.17375656954;31389.19662092121;35133.2035329932;39323.78408414649;44014.2042055669;49264.08322518227;55140.1516811012;61717.09952482729;69078.52549602467;77317.99973512921;86540.25314108083;96862.50859274992;108415.9709538568;121347.4948009008;135821.4510731415;152021.8163702936;170154.5114554648;190450.0186878266;213166.3116533389;238592.1342356312;267050.6708003728;298903.6541519141;334555.9634717432;374460.7706856584;419125.3006744233;469117.2785435782;525072.1459047724;587701.13789258;657800.3235824071;736260.7247225839;824079.6413975459;922373.3285811875;1032391.184709951;1155531.632626961;1293359.894754076;1447627.888434013;1620296.494325686;1813560.480908265;2029876.401899315;2271993.821195295;2542990.262224833;2846310.325953354;3185809.474764127;3565803.038745301;3991121.067296888;4467169.723268114;4999999.999999929
2;8434850789148;50;phasez;-1.53773;-1.53768;-1.5371;-1.5368;-1.53655;-1.53612;-1.53554;-1.53481;-1.53419;-1.53332;-1.53234;-1.53111;-1.52987;-1.52843;-1.52675;-1.52487;-1.52281;-1.52044;-1.51775;-1.51469;-1.51128;-1.50747;-1.50317;-1.49833;-1.49292;-1.48682;-1.47998;-1.4723;-1.46369;-1.45402;-1.44316;-1.43098;-1.41733;-1.40197;-1.38474;-1.36537;-1.34359;-1.31909;-1.2915;-1.26041;-1.22535;-1.18574;-1.14095;-1.09015;-1.03249;-0.966898;-0.892058;-0.806505;-0.708512;-0.596089
3;8435170133004;20;absz;17045.9;13926;11373.1;9289.53;7587.5;6195.63;5059.66;4131.02;3372.77;2753.08;2246.5;1832.36;1494.02;1217.16;990.77;805.546;654.069;530.501;430.255;350.119
3;8435170133004;20;frequency;99999.99999990905;122862.535599424;150952.0265389597;185463.4873444638;227865.1431623047;279960.8926363817;343967.05137965;422606.6409511731;519225.2346839865;637933.2888043621;783781.0140572543;962973.2274171232;1183133.324347452;1453627.601814205;1785963.729760951;2194280.323268956;2695948.443325946;3312310.615921419;4069588.809647371;4999999.999999929
3;8435170133004;20;phasez;-1.52596;-1.5228;-1.51878;-1.51373;-1.50745;-1.49969;-1.48993;-1.47789;-1.46296;-1.44445;-1.42157;-1.39321;-1.35805;-1.31438;-1.25997;-1.19195;-1.10637;-0.998034;-0.859673;-0.681638
