0;8388666146906;20;absz;1.368e+08;9.97575e+07;7.26845e+07;5.29572e+07;3.85675e+07;2.8077e+07;2.0427e+07;1.48592e+07;1.08064e+07;7.85754e+06;5.71233e+06;4.15211e+06;3.01768e+06;2.19287e+06;1.59331e+06;1.15752e+06;840758;610610;443374;321891
0;8388666146906;20;frequency;9.999999974752427;13.86918846435492;19.23543905490988;26.67799336109056;37.00021196095804;51.31629158938722;71.17153245417285;98.70914048804025;136.9015682683994;189.8713664161278;263.3361782500288;365.2259113806622;506.5387032487934;702.5280792305466;974.3494403835484;1351.343611730726;1874.203936580443;2599.368780806799;3605.113577052066;4999.99999995282
0;8388666146906;20;phasez;-1.51092;-1.51448;-1.51731;-1.52005;-1.52209;-1.52437;-1.52556;-1.52696;-1.52819;-1.52898;-1.52971;-1.53021;-1.53048;-1.53045;-1.53007;-1.52923;-1.52778;-1.52546;-1.52196;-1.51683
1;8389435310975;50;absz;7.41093e+06;6.34129e+06;5.43324e+06;4.64194e+06;3.96998e+06;3.40043e+06;2.90897e+06;2.48952e+06;2.13034e+06;1.82241e+06;1.55913e+06;1.33361e+06;1.14089e+06;976129;835102;714385;611088;522723;447097;382422;327073;279753;239248;204606;174985;149641;127964;109430;93575.8;80018.9;68424.7;58509.1;50030.9;42779.8;36580.2;31276.4;26741.6;22861.7;19544.2;16705.3;14277.5;12199.5;10421.6;8899.76;7596.92;6481.14;5524.66;4704.17;3999.71;3393.9
1;8389435310975;50;frequency;199.9999999213742;234.625769479635;275.2462588517801;322.8993264769997;378.802514688914;444.3841576318164;521.3198749487447;611.5753842550475;717.456725922716;841.6691823498468;987.3863981368913;1158.33146786315;1358.872060208682;1594.132014446359;1870.122253535556;2193.894364737048;2573.720768452858;3019.306079821149;3542.035062906734;4155.263512473084;4874.659497176026;5718.603679767398;6708.658946337209;7870.121340545211;9232.666380967203;10831.10727442716;12706.28439819177;14906.10877695531;17486.78621595445;20514.25336674129;24065.86241733066;28232.35745111674;33120.19296963342;38854.25382030405;45581.04601983359;53472.44000269313;62730.06193403319;73590.44528463698;86331.07429211862;101277.4737211686;118811.5260634959;139381.228686517;163512.140226203;191820.8086789974;225030.524286467;263989.7996954232;309694.0495706946;363311.0235703185;426210.642505751;499999.9999999716
1;8389435310975;50;phasez;-1.53006;-1.53022;-1.53072;-1.53115;-1.53074;-1.53294;-1.53309;-1.53333;-1.53328;-1.53362;-1.53398;-1.5345;-1.53461;-1.53495;-1.53506;-1.53535;-1.53557;-1.53574;-1.53594;-1.53608;-1.5362;-1.53626;-1.53628;-1.53621;-1.53609;-1.53588;-1.53559;-1.53519;-1.53468;-1.53405;-1.53325;-1.53228;-1.53111;-1.52974;-1.52809;-1.52618;-1.52391;-1.52122;-1.51805;-1.5143;-1.50987;-1.5046;-1.49838;-1.49101;-1.48228;-1.47192;-1.45962;-1.44495;-1.42739;-1.4063
2;8390207405603;50;absz;82423.7;73797.6;66072.9;59141.7;52959.6;47405.7;42449.8;37994.4;34015.7;30452.1;27261.2;24402.2;21846.2;19556.5;17506.6;15671.5;14029;12556.9;11240.7;10061.7;9006.31;8061.16;7215.24;6458.33;5780.07;5173.29;4630.11;4143.69;3708.17;3318.41;2969.39;2656.89;2377.13;2126.62;1902.31;1701.43;1521.54;1360.39;1216.05;1086.75;970.969;867.238;774.353;691.185;616.809;550.337;491.041;438.359;391.768;350.952
2;8390207405603;50;frequency;20000.00000002444;22385.53853899816;25055.61678390222;28044.17375656954;31389.19662092121;35133.2035329932;39323.78408414649;44014.2042055669;49264.08322518227;55140.1516811012;61717.09952482729;69078.52549602467;77317.99973512921;86540.25314108083;96862.50859274992;108415.9709538568;121347.4948009008;135821.4510731415;152021.8163702936;170154.5114554648;190450.0186878266;213166.3116533389;238592.1342356312;267050.6708003728;298903.6541519141;334555.9634717432;374460.7706856584;419125.3006744233;469117.2785435782;525072.1459047724;587701.13789258;657800.3235824071;736260.7247225839;824079.6413975459;922373.3285811875;1032391.184709951;1155531.632626961;1293359.894754076;1447627.888434013;1620296.494325686;1813560.480908265;2029876.401899315;2271993.821195295;2542990.262224833;2846310.325953354;3185809.474764127;3565803.038745301;3991121.067296888;4467169.723268114;4999999.999999929
2;8390207405603;50;phasez;-1.53754;-1.53699;-1.53709;-1.53693;-1.5364;-1.53593;-1.53547;-1.53479;-1.5342;-1.53324;-1.53227;-1.5312;-1.52987;-1.52848;-1.52677;-1.52492;-1.52286;-1.52049;-1.51779;-1.5148;-1.51136;-1.50754;-1.50324;-1.4984;-1.49296;-1.48686;-1.48003;-1.47235;-1.46374;-1.45407;-1.44321;-1.43103;-1.41737;-1.40202;-1.38478;-1.3654;-1.34363;-1.31913;-1.29155;-1.26046;-1.22539;-1.18579;-1.14099;-1.09022;-1.03255;-0.966962;-0.892121;-0.806569;-0.70858;-0.596163
3;8390522815526;20;absz;17043.1;13923;11371.5;9287.95;7586.15;6194.5;5058.94;4130.6;3372.29;2752.71;2246.21;1832.1;1493.81;1217.03;990.651;805.446;653.99;530.432;430.204;350.08
3;8390522815526;20;frequency;99999.99999990905;122862.535599424;150952.0265389597;185463.4873444638;227865.1431623047;279960.8926363817;343967.05137965;422606.6409511731;519225.2346839865;637933.2888043621;783781.0140572543;962973.2274171232;1183133.324347452;1453627.601814205;1785963.729760951;2194280.323268956;2695948.443325946;3312310.615921419;4069588.809647371;4999999.999999929
3;8390522815526;20;phasez;-1.52601;-1.52288;-1.51879;-1.51385;-1.50755;-1.49971;-1.49001;-1.47794;-1.46301;-1.44451;-1.42162;-1.39327;-1.35811;-1.31445;-1.26005;-1.19202;-1.10645;-0.998124;-0.859775;-0.68178
