0;1291527161233;20;absz;2.05867e+08;1.48685e+08;1.07434e+08;7.76385e+07;5.61072e+07;4.05859e+07;2.93041e+07;2.11856e+07;1.53139e+07;1.10717e+07;8.00482e+06;5.78765e+06;4.18493e+06;3.0259e+06;2.18794e+06;1.58202e+06;1.14391e+06;827153;598144;432565
0;1291527161233;20;frequency;9.999999974752427;13.86918846435492;19.23543905490988;26.67799336109056;37.00021196095804;51.31629158938722;71.17153245417285;98.70914048804025;136.9015682683994;189.8713664161278;263.3361782500288;365.2259113806622;506.5387032487934;702.5280792305466;974.3494403835484;1351.343611730726;1874.203936580443;2599.368780806799;3605.113577052066;4999.99999995282
0;1291527161233;20;phasez;-1.55964;-1.55958;-1.55968;-1.55908;-1.55901;-1.55871;-1.55852;-1.55812;-1.55777;-1.55723;-1.55664;-1.55601;-1.55525;-1.55432;-1.55305;-1.55131;-1.54893;-1.54564;-1.54112;-1.53491
1;1292298430643;50;absz;1.04161e+07;8.9071e+06;7.59629e+06;6.49671e+06;5.53016e+06;4.72601e+06;4.03216e+06;3.44194e+06;2.93791e+06;2.50646e+06;2.14095e+06;1.82721e+06;1.55938e+06;1.33097e+06;1.13619e+06;969832;827855;706721;603287;514996;439624;375291;320394;273533;233540;199395;170249;145365;124127;105993;90514.8;77298.3;66014.1;56379;48151.7;41125.2;35124.7;29999.5;25621.3;21881.7;18685.8;15955.2;13621.3;11625.3;9918.1;8457.17;7206.15;6133.83;5213.75;4422.91
1;1292298430643;50;frequency;199.9999999213742;234.625769479635;275.2462588517801;322.8993264769997;378.802514688914;444.3841576318164;521.3198749487447;611.5753842550475;717.456725922716;841.6691823498468;987.3863981368913;1158.33146786315;1358.872060208682;1594.132014446359;1870.122253535556;2193.894364737048;2573.720768452858;3019.306079821149;3542.035062906734;4155.263512473084;4874.659497176026;5718.603679767398;6708.658946337209;7870.121340545211;9232.666380967203;10831.10727442716;12706.28439819177;14906.10877695531;17486.78621595445;20514.25336674129;24065.86241733066;28232.35745111674;33120.19296963342;38854.25382030405;45581.04601983359;53472.44000269313;62730.06193403319;73590.44528463698;86331.07429211862;101277.4737211686;118811.5260634959;139381.228686517;163512.140226203;191820.8086789974;225030.524286467;263989.7996954232;309694.0495706946;363311.0235703185;426210.642505751;499999.9999999716
1;1292298430643;50;phasez;-1.55801;-1.55509;-1.55802;-1.55801;-1.55772;-1.55782;-1.55767;-1.55745;-1.55724;-1.55705;-1.55674;-1.55711;-1.55659;-1.55674;-1.55619;-1.55601;-1.55587;-1.55556;-1.55518;-1.5548;-1.5544;-1.55396;-1.55344;-1.55284;-1.5522;-1.55147;-1.55066;-1.54974;-1.54871;-1.54754;-1.54622;-1.54475;-1.54307;-1.54117;-1.53901;-1.53655;-1.53372;-1.53047;-1.52673;-1.52241;-1.51739;-1.51156;-1.50476;-1.49683;-1.48754;-1.47662;-1.46376;-1.44856;-1.43049;-1.40889
2;1293066376864;50;absz;109236;97682.2;87391.9;78169.7;69920.5;62540.6;55951.6;50047.5;44759.7;40041.8;35817.9;32042.6;28662.9;25641.8;22938.8;20522;18361.4;16426.8;14697.7;13150.2;11765.9;10527.5;9419.37;8427.68;7541.17;6747.6;6037.6;5402.37;4833.72;4325;3869.67;3462.15;3097.48;2771.05;2478.95;2217.41;1983.36;1773.83;1586.25;1418.34;1268.01;1133.45;1013.05;905.334;809.172;723.348;646.946;579.234;519.583;467.606
2;1293066376864;50;frequency;20000.00000002444;22385.53853899816;25055.61678390222;28044.17375656954;31389.19662092121;35133.2035329932;39323.78408414649;44014.2042055669;49264.08322518227;55140.1516811012;61717.09952482729;69078.52549602467;77317.99973512921;86540.25314108083;96862.50859274992;108415.9709538568;121347.4948009008;135821.4510731415;152021.8163702936;170154.5114554648;190450.0186878266;213166.3116533389;238592.1342356312;267050.6708003728;298903.6541519141;334555.9634717432;374460.7706856584;419125.3006744233;469117.2785435782;525072.1459047724;587701.13789258;657800.3235824071;736260.7247225839;824079.6413975459;922373.3285811875;1032391.184709951;1155531.632626961;1293359.894754076;1447627.888434013;1620296.494325686;1813560.480908265;2029876.401899315;2271993.821195295;2542990.262224833;2846310.325953354;3185809.474764127;3565803.038745301;3991121.067296888;4467169.723268114;4999999.999999929
2;1293066376864;50;phasez;-1.55119;-1.55064;-1.55024;-1.54937;-1.54861;-1.54792;-1.54703;-1.5459;-1.54483;-1.54355;-1.54216;-1.54064;-1.539;-1.53714;-1.53509;-1.5328;-1.53022;-1.52749;-1.5244;-1.52094;-1.51719;-1.51294;-1.50829;-1.50307;-1.49727;-1.49079;-1.48356;-1.47554;-1.46655;-1.45655;-1.4453;-1.43277;-1.41873;-1.40302;-1.38541;-1.36568;-1.34353;-1.31867;-1.29073;-1.2593;-1.22389;-1.18396;-1.13887;-1.08784;-1.02988;-0.964112;-0.889154;-0.80359;-0.705711;-0.59359
3;1293382938982;20;absz;22333.7;18227.3;14878.1;12139.6;9906.55;8086.01;6598.99;5385.92;4395.71;3587.09;2927.25;2387.96;1947.33;1587.65;1293.62;1053.44;857.312;697.765;568.817;466.502
3;1293382938982;20;frequency;99999.99999990905;122862.535599424;150952.0265389597;185463.4873444638;227865.1431623047;279960.8926363817;343967.05137965;422606.6409511731;519225.2346839865;637933.2888043621;783781.0140572543;962973.2274171232;1183133.324347452;1453627.601814205;1785963.729760951;2194280.323268956;2695948.443325946;3312310.615921419;4069588.809647371;4999999.999999929
3;1293382938982;20;phasez;-1.53407;-1.53007;-1.52548;-1.51971;-1.51274;-1.50419;-1.49381;-1.48111;-1.46551;-1.44635;-1.42278;-1.39377;-1.35795;-1.31362;-1.25858;-1.18998;-1.10386;-0.995202;-0.856754;-0.679151
