0;1411486740818;20;absz;2.03119e+08;1.46729e+08;1.06067e+08;7.66377e+07;5.53863e+07;4.00045e+07;2.89244e+07;2.09047e+07;1.51089e+07;1.09201e+07;7.8935e+06;5.70632e+06;4.12524e+06;2.98224e+06;2.15589e+06;1.55857e+06;1.12676e+06;814594;588938;425818
0;1411486740818;20;frequency;9.999999974752427;13.86918846435492;19.23543905490988;26.67799336109056;37.00021196095804;51.31629158938722;71.17153245417285;98.70914048804025;136.9015682683994;189.8713664161278;263.3361782500288;365.2259113806622;506.5387032487934;702.5280792305466;974.3494403835484;1351.343611730726;1874.203936580443;2599.368780806799;3605.113577052066;4999.99999995282
0;1411486740818;20;phasez;-1.55892;-1.55927;-1.559;-1.55909;-1.55935;-1.5589;-1.55911;-1.55872;-1.5584;-1.558;-1.5575;-1.55686;-1.55614;-1.55521;-1.55397;-1.55225;-1.54989;-1.54663;-1.54216;-1.53601
1;1412254974350;50;absz;1.02438e+07;8.75517e+06;7.49334e+06;6.39439e+06;5.45689e+06;4.65733e+06;3.97336e+06;3.39165e+06;2.89554e+06;2.47133e+06;2.10911e+06;1.79991e+06;1.53654e+06;1.3114e+06;1.11917e+06;955245;815384;695909;594000;506997;432777;369418;315341;269189;229793;196169;167474;142983;122075;104228;88993.3;75988.6;64886.5;55407.1;47315.3;40405;34504.4;29465.5;25161.7;21485.9;18345.8;15662.3;13369;11408.6;9731.88;8297.18;7069.09;6016.47;5113.37;4337.42
1;1412254974350;50;frequency;199.9999999213742;234.625769479635;275.2462588517801;322.8993264769997;378.802514688914;444.3841576318164;521.3198749487447;611.5753842550475;717.456725922716;841.6691823498468;987.3863981368913;1158.33146786315;1358.872060208682;1594.132014446359;1870.122253535556;2193.894364737048;2573.720768452858;3019.306079821149;3542.035062906734;4155.263512473084;4874.659497176026;5718.603679767398;6708.658946337209;7870.121340545211;9232.666380967203;10831.10727442716;12706.28439819177;14906.10877695531;17486.78621595445;20514.25336674129;24065.86241733066;28232.35745111674;33120.19296963342;38854.25382030405;45581.04601983359;53472.44000269313;62730.06193403319;73590.44528463698;86331.07429211862;101277.4737211686;118811.5260634959;139381.228686517;163512.140226203;191820.8086789974;225030.524286467;263989.7996954232;309694.0495706946;363311.0235703185;426210.642505751;499999.9999999716
1;1412254974350;50;phasez;-1.55716;-1.55832;-1.55888;-1.55885;-1.55801;-1.55843;-1.559;-1.55866;-1.55777;-1.55802;-1.55736;-1.55765;-1.55755;-1.55744;-1.55724;-1.55697;-1.55687;-1.55651;-1.55618;-1.55585;-1.55548;-1.55508;-1.55456;-1.55405;-1.5534;-1.55269;-1.55191;-1.55099;-1.54998;-1.54882;-1.54753;-1.54606;-1.54439;-1.54249;-1.54033;-1.53787;-1.53504;-1.53179;-1.52804;-1.5237;-1.51866;-1.51281;-1.50599;-1.49801;-1.48868;-1.47772;-1.46481;-1.44955;-1.43143;-1.40976
2;1413024614898;50;absz;107449;96085.9;85922.6;76851.1;68741.7;61481.5;54992.1;49174.2;43984.5;39337.7;35185.7;31474.7;28151;25180.6;22526.5;20151;18024.6;16126.2;14427;12906.5;11547;10330.4;9242.12;8268.68;7398.02;6618.9;5921.79;5298.54;4740.49;4241.14;3794.5;3394.7;3036.95;2716.79;2430.23;2173.74;1944.2;1738.7;1554.71;1390.04;1242.66;1110.72;992.679;887.049;792.742;708.593;633.665;567.253;508.724;457.707
2;1413024614898;50;frequency;20000.00000002444;22385.53853899816;25055.61678390222;28044.17375656954;31389.19662092121;35133.2035329932;39323.78408414649;44014.2042055669;49264.08322518227;55140.1516811012;61717.09952482729;69078.52549602467;77317.99973512921;86540.25314108083;96862.50859274992;108415.9709538568;121347.4948009008;135821.4510731415;152021.8163702936;170154.5114554648;190450.0186878266;213166.3116533389;238592.1342356312;267050.6708003728;298903.6541519141;334555.9634717432;374460.7706856584;419125.3006744233;469117.2785435782;525072.1459047724;587701.13789258;657800.3235824071;736260.7247225839;824079.6413975459;922373.3285811875;1032391.184709951;1155531.632626961;1293359.894754076;1447627.888434013;1620296.494325686;1813560.480908265;2029876.401899315;2271993.821195295;2542990.262224833;2846310.325953354;3185809.474764127;3565803.038745301;3991121.067296888;4467169.723268114;4999999.999999929
2;1413024614898;50;phasez;-1.5525;-1.55223;-1.55104;-1.5508;-1.55007;-1.54901;-1.54849;-1.54714;-1.54611;-1.54492;-1.54353;-1.54192;-1.54024;-1.53835;-1.53637;-1.53407;-1.53154;-1.52875;-1.52567;-1.52219;-1.51835;-1.51411;-1.50938;-1.50413;-1.4983;-1.49177;-1.48454;-1.47645;-1.46741;-1.45737;-1.44609;-1.43352;-1.41943;-1.40367;-1.38603;-1.36624;-1.34405;-1.31914;-1.29115;-1.25966;-1.22421;-1.18424;-1.13909;-1.08801;-1.03001;-0.964179;-0.88917;-0.803539;-0.705589;-0.593396
3;1413341071667;20;absz;21931.8;17895.5;14603.4;11912.7;9719.8;7932.31;6472.43;5282.15;4310.35;3517.08;2869.72;2340.83;1908.78;1556.06;1267.75;1032.23;839.953;683.486;557.021;456.614
3;1413341071667;20;frequency;99999.99999990905;122862.535599424;150952.0265389597;185463.4873444638;227865.1431623047;279960.8926363817;343967.05137965;422606.6409511731;519225.2346839865;637933.2888043621;783781.0140572543;962973.2274171232;1183133.324347452;1453627.601814205;1785963.729760951;2194280.323268956;2695948.443325946;3312310.615921419;4069588.809647371;4999999.999999929
3;1413341071667;20;phasez;-1.5354;-1.53147;-1.52665;-1.52088;-1.51382;-1.50531;-1.49482;-1.482;-1.46635;-1.44711;-1.42346;-1.39437;-1.35846;-1.31405;-1.25893;-1.19023;-1.10403;-0.995275;-0.856717;-0.678962
