0;10500734925002;20;absz;1.35969e+08;9.91301e+07;7.22327e+07;5.26335e+07;3.83339e+07;2.79128e+07;2.0307e+07;1.47746e+07;1.07465e+07;7.815e+06;5.68223e+06;4.13061e+06;3.00232e+06;2.18181e+06;1.58529e+06;1.1517e+06;836573;607598;441217;320349
0;10500734925002;20;frequency;9.999999974752427;13.86918846435492;19.23543905490988;26.67799336109056;37.00021196095804;51.31629158938722;71.17153245417285;98.70914048804025;136.9015682683994;189.8713664161278;263.3361782500288;365.2259113806622;506.5387032487934;702.5280792305466;974.3494403835484;1351.343611730726;1874.203936580443;2599.368780806799;3605.113577052066;4999.99999995282
0;10500734925002;20;phasez;-1.5092;-1.51379;-1.51613;-1.51903;-1.52128;-1.52371;-1.52492;-1.52623;-1.52749;-1.52846;-1.52924;-1.52977;-1.53011;-1.53014;-1.5298;-1.52898;-1.5275;-1.52516;-1.52165;-1.51648
1;10501502347295;50;absz;7.36365e+06;6.29847e+06;5.3986e+06;4.6166e+06;3.95168e+06;3.38062e+06;2.89379e+06;2.47619e+06;2.11943e+06;1.81314e+06;1.55112e+06;1.32712e+06;1.13534e+06;971392;830909;710856;608092;520187;444921;380571;325517;278424;238127;203657;174173;148955;127385;108937;93157.9;79662.6;68121.1;58250.2;49810.1;42591;36418;31138.3;26622.8;22760.4;19457.4;16631.8;14214.6;12146.4;10376.4;8861.49;7564.29;6453.41;5501.2;4684.53;3983.13;3379.88
1;10501502347295;50;frequency;199.9999999213742;234.625769479635;275.2462588517801;322.8993264769997;378.802514688914;444.3841576318164;521.3198749487447;611.5753842550475;717.456725922716;841.6691823498468;987.3863981368913;1158.33146786315;1358.872060208682;1594.132014446359;1870.122253535556;2193.894364737048;2573.720768452858;3019.306079821149;3542.035062906734;4155.263512473084;4874.659497176026;5718.603679767398;6708.658946337209;7870.121340545211;9232.666380967203;10831.10727442716;12706.28439819177;14906.10877695531;17486.78621595445;20514.25336674129;24065.86241733066;28232.35745111674;33120.19296963342;38854.25382030405;45581.04601983359;53472.44000269313;62730.06193403319;73590.44528463698;86331.07429211862;101277.4737211686;118811.5260634959;139381.228686517;163512.140226203;191820.8086789974;225030.524286467;263989.7996954232;309694.0495706946;363311.0235703185;426210.642505751;499999.9999999716
1;10501502347295;50;phasez;-1.53012;-1.52737;-1.53049;-1.5298;-1.53166;-1.53186;-1.53206;-1.53252;-1.53317;-1.53344;-1.5337;-1.53404;-1.53441;-1.53472;-1.53485;-1.53513;-1.53534;-1.53548;-1.53564;-1.53579;-1.53587;-1.53594;-1.53593;-1.5359;-1.53578;-1.53558;-1.53531;-1.53493;-1.53443;-1.53381;-1.53303;-1.53209;-1.53096;-1.52959;-1.52797;-1.52605;-1.52377;-1.52108;-1.51788;-1.51411;-1.50965;-1.50438;-1.49814;-1.49075;-1.48199;-1.47161;-1.45927;-1.44459;-1.42702;-1.40591
2;10502272360126;50;absz;82081.1;73480.3;65781.3;58901.6;52728;47216.4;42268.6;37835.4;33872.7;30323.7;27144.9;24300.6;21751.9;19472.8;17431.8;15605.1;13969.7;12504.6;11193.3;10019.7;8968.55;8027.97;7185.68;6431.7;5756.72;5152.51;4611.48;4127.2;3693.55;3305.34;2957.83;2646.59;2367.98;2118.43;1895.06;1695.01;1515.8;1355.35;1211.57;1082.82;967.469;864.149;771.605;688.727;614.635;548.411;489.318;436.808;390.382;349.701
2;10502272360126;50;frequency;20000.00000002444;22385.53853899816;25055.61678390222;28044.17375656954;31389.19662092121;35133.2035329932;39323.78408414649;44014.2042055669;49264.08322518227;55140.1516811012;61717.09952482729;69078.52549602467;77317.99973512921;86540.25314108083;96862.50859274992;108415.9709538568;121347.4948009008;135821.4510731415;152021.8163702936;170154.5114554648;190450.0186878266;213166.3116533389;238592.1342356312;267050.6708003728;298903.6541519141;334555.9634717432;374460.7706856584;419125.3006744233;469117.2785435782;525072.1459047724;587701.13789258;657800.3235824071;736260.7247225839;824079.6413975459;922373.3285811875;1032391.184709951;1155531.632626961;1293359.894754076;1447627.888434013;1620296.494325686;1813560.480908265;2029876.401899315;2271993.821195295;2542990.262224833;2846310.325953354;3185809.474764127;3565803.038745301;3991121.067296888;4467169.723268114;4999999.999999929
2;10502272360126;50;phasez;-1.53762;-1.53745;-1.53723;-1.53679;-1.53632;-1.53604;-1.53535;-1.53476;-1.53398;-1.53316;-1.53219;-1.53099;-1.52972;-1.52828;-1.52659;-1.5247;-1.52259;-1.52021;-1.51749;-1.5145;-1.51103;-1.5072;-1.50289;-1.49805;-1.49261;-1.48652;-1.47966;-1.47198;-1.46335;-1.45366;-1.44281;-1.43062;-1.41693;-1.40157;-1.38432;-1.36493;-1.34314;-1.31863;-1.29103;-1.25994;-1.22487;-1.18526;-1.14046;-1.08969;-1.032;-0.966416;-0.891569;-0.806011;-0.707997;-0.595546
3;10502591636254;20;absz;16972.9;13867.4;11325;9250.73;7556.29;6170.25;5039.19;4114.6;3359.39;2742.25;2237.74;1825.3;1488.3;1212.61;987.102;802.624;651.723;528.606;428.711;348.856
3;10502591636254;20;frequency;99999.99999990905;122862.535599424;150952.0265389597;185463.4873444638;227865.1431623047;279960.8926363817;343967.05137965;422606.6409511731;519225.2346839865;637933.2888043621;783781.0140572543;962973.2274171232;1183133.324347452;1453627.601814205;1785963.729760951;2194280.323268956;2695948.443325946;3312310.615921419;4069588.809647371;4999999.999999929
3;10502591636254;20;phasez;-1.52575;-1.52257;-1.51853;-1.51345;-1.50716;-1.49934;-1.48961;-1.47754;-1.4626;-1.4441;-1.42118;-1.39281;-1.35764;-1.31394;-1.25954;-1.1915;-1.10591;-0.997594;-0.859233;-0.681213
