0;769868729803;20;absz;2.25456e+08;1.62749e+08;1.17758e+08;8.51491e+07;6.15937e+07;4.4564e+07;3.22322e+07;2.3317e+07;1.68697e+07;1.22049e+07;8.83135e+06;6.39067e+06;4.62465e+06;3.34676e+06;2.42192e+06;1.75264e+06;1.2683e+06;917850;664249;480728
0;769868729803;20;frequency;9.999999974752427;13.86918846435492;19.23543905490988;26.67799336109056;37.00021196095804;51.31629158938722;71.17153245417285;98.70914048804025;136.9015682683994;189.8713664161278;263.3361782500288;365.2259113806622;506.5387032487934;702.5280792305466;974.3494403835484;1351.343611730726;1874.203936580443;2599.368780806799;3605.113577052066;4999.99999995282
0;769868729803;20;phasez;-1.55535;-1.55597;-1.55552;-1.55528;-1.55512;-1.55404;-1.55444;-1.5541;-1.55381;-1.55329;-1.55276;-1.5521;-1.55137;-1.55042;-1.54919;-1.54754;-1.54523;-1.54205;-1.53767;-1.53165
1;770636835469;50;absz;1.15224e+07;9.78605e+06;8.38103e+06;7.16304e+06;6.11125e+06;5.21947e+06;4.45846e+06;3.80555e+06;3.24829e+06;2.77426e+06;2.36945e+06;2.02305e+06;1.72773e+06;1.47509e+06;1.2597e+06;1.07573e+06;918630;784416;669874;572083;488542;417180;356305;304273;259860;221935;189545;161887;138268;118097;100873;86161.3;73596.6;62864.8;53698.7;45869.7;39181.2;33467.1;28584.6;24413.2;20848.7;17801.9;15197.3;12970.2;11065.1;9434.67;8038.33;6841.77;5814.89;4932.45
1;770636835469;50;frequency;199.9999999213742;234.625769479635;275.2462588517801;322.8993264769997;378.802514688914;444.3841576318164;521.3198749487447;611.5753842550475;717.456725922716;841.6691823498468;987.3863981368913;1158.33146786315;1358.872060208682;1594.132014446359;1870.122253535556;2193.894364737048;2573.720768452858;3019.306079821149;3542.035062906734;4155.263512473084;4874.659497176026;5718.603679767398;6708.658946337209;7870.121340545211;9232.666380967203;10831.10727442716;12706.28439819177;14906.10877695531;17486.78621595445;20514.25336674129;24065.86241733066;28232.35745111674;33120.19296963342;38854.25382030405;45581.04601983359;53472.44000269313;62730.06193403319;73590.44528463698;86331.07429211862;101277.4737211686;118811.5260634959;139381.228686517;163512.140226203;191820.8086789974;225030.524286467;263989.7996954232;309694.0495706946;363311.0235703185;426210.642505751;499999.9999999716
1;770636835469;50;phasez;-1.55434;-1.55516;-1.55619;-1.55415;-1.55384;-1.553;-1.55405;-1.55361;-1.55319;-1.55326;-1.55292;-1.55268;-1.55278;-1.55286;-1.55265;-1.55246;-1.55216;-1.55203;-1.55173;-1.55146;-1.55109;-1.55077;-1.55037;-1.54992;-1.54939;-1.54882;-1.54814;-1.54736;-1.54647;-1.54544;-1.5443;-1.54297;-1.54146;-1.53972;-1.53772;-1.53542;-1.53277;-1.5297;-1.52613;-1.52198;-1.51714;-1.51148;-1.50486;-1.49709;-1.48795;-1.4772;-1.4645;-1.44945;-1.43153;-1.41008
2;771408156632;50;absz;121730;108919;97403.9;87132.2;77967.3;69733.8;62379.9;55797.8;49924.8;44670.2;39955.1;35747.1;31976;28606.3;25592.5;22897.8;20485.7;18328.6;16398.6;14672.6;13127.8;11745.2;10509.1;9402.35;8412.38;7527;6734.59;6025.54;5391.01;4823.21;4315.04;3860.33;3453.44;3089.3;2763.37;2471.68;2210.62;1976.95;1767.8;1580.62;1413.08;1263.22;1129.14;1009.2;902.21;806.779;721.86;646.705;580.562;523.042
2;771408156632;50;frequency;20000.00000002444;22385.53853899816;25055.61678390222;28044.17375656954;31389.19662092121;35133.2035329932;39323.78408414649;44014.2042055669;49264.08322518227;55140.1516811012;61717.09952482729;69078.52549602467;77317.99973512921;86540.25314108083;96862.50859274992;108415.9709538568;121347.4948009008;135821.4510731415;152021.8163702936;170154.5114554648;190450.0186878266;213166.3116533389;238592.1342356312;267050.6708003728;298903.6541519141;334555.9634717432;374460.7706856584;419125.3006744233;469117.2785435782;525072.1459047724;587701.13789258;657800.3235824071;736260.7247225839;824079.6413975459;922373.3285811875;1032391.184709951;1155531.632626961;1293359.894754076;1447627.888434013;1620296.494325686;1813560.480908265;2029876.401899315;2271993.821195295;2542990.262224833;2846310.325953354;3185809.474764127;3565803.038745301;3991121.067296888;4467169.723268114;4999999.999999929
2;771408156632;50;phasez;-1.54903;-1.54831;-1.54848;-1.54761;-1.54691;-1.54613;-1.54554;-1.54454;-1.54351;-1.5424;-1.54106;-1.53975;-1.53827;-1.53639;-1.53453;-1.53241;-1.53002;-1.5274;-1.52438;-1.52108;-1.51743;-1.51333;-1.50875;-1.50363;-1.49797;-1.49157;-1.4845;-1.47654;-1.46767;-1.45776;-1.44663;-1.43422;-1.42028;-1.40468;-1.38717;-1.36755;-1.3455;-1.32074;-1.29291;-1.2616;-1.22632;-1.18651;-1.14156;-1.09069;-1.03288;-0.967301;-0.892564;-0.80725;-0.709666;-0.597906
3;771726695689;20;absz;24919.4;20338.8;16600.4;13548.1;11053.7;9021.04;7361.98;6007.04;4902.28;3999.67;3263.31;2661.78;2170.47;1769.17;1441.67;1174.07;955.796;778.355;635.158;521.779
3;771726695689;20;frequency;99999.99999990905;122862.535599424;150952.0265389597;185463.4873444638;227865.1431623047;279960.8926363817;343967.05137965;422606.6409511731;519225.2346839865;637933.2888043621;783781.0140572543;962973.2274171232;1183133.324347452;1453627.601814205;1785963.729760951;2194280.323268956;2695948.443325946;3312310.615921419;4069588.809647371;4999999.999999929
3;771726695689;20;phasez;-1.5335;-1.53002;-1.52543;-1.51989;-1.51309;-1.50481;-1.49462;-1.48209;-1.46669;-1.44775;-1.42439;-1.39556;-1.35993;-1.3158;-1.26098;-1.1926;-1.10677;-0.998445;-0.860432;-0.683388
