0;8600700966092;20;absz;1.36628e+08;9.96467e+07;7.26392e+07;5.28934e+07;3.85235e+07;2.80477e+07;2.04072e+07;1.4844e+07;1.07965e+07;7.8503e+06;5.70744e+06;4.14866e+06;3.01513e+06;2.19106e+06;1.59197e+06;1.15651e+06;840051;610102;443020;321636
0;8600700966092;20;frequency;9.999999974752427;13.86918846435492;19.23543905490988;26.67799336109056;37.00021196095804;51.31629158938722;71.17153245417285;98.70914048804025;136.9015682683994;189.8713664161278;263.3361782500288;365.2259113806622;506.5387032487934;702.5280792305466;974.3494403835484;1351.343611730726;1874.203936580443;2599.368780806799;3605.113577052066;4999.99999995282
0;8600700966092;20;phasez;-1.51137;-1.51426;-1.51785;-1.51988;-1.52197;-1.52446;-1.52557;-1.52682;-1.52807;-1.52893;-1.52965;-1.53013;-1.53041;-1.5304;-1.53004;-1.52919;-1.52775;-1.52543;-1.52193;-1.51679
1;8601470002584;50;absz;7.39106e+06;6.3183e+06;5.4229e+06;4.63385e+06;3.96998e+06;3.39451e+06;2.90623e+06;2.48734e+06;2.12834e+06;1.82054e+06;1.55738e+06;1.33247e+06;1.13998e+06;975431;834447;713789;610593;522294;446750;382127;326826;279520;239061;204453;174848;149525;127869;109347;93506.7;79959.6;68372.5;58465.2;49992.4;42745.7;36549.2;31249.9;26717.6;22841.6;19525.9;16689.9;14264;12188.6;10412.7;8892.41;7590.98;6476.12;5520.7;4701.02;3997.12;3391.74
1;8601470002584;50;frequency;199.9999999213742;234.625769479635;275.2462588517801;322.8993264769997;378.802514688914;444.3841576318164;521.3198749487447;611.5753842550475;717.456725922716;841.6691823498468;987.3863981368913;1158.33146786315;1358.872060208682;1594.132014446359;1870.122253535556;2193.894364737048;2573.720768452858;3019.306079821149;3542.035062906734;4155.263512473084;4874.659497176026;5718.603679767398;6708.658946337209;7870.121340545211;9232.666380967203;10831.10727442716;12706.28439819177;14906.10877695531;17486.78621595445;20514.25336674129;24065.86241733066;28232.35745111674;33120.19296963342;38854.25382030405;45581.04601983359;53472.44000269313;62730.06193403319;73590.44528463698;86331.07429211862;101277.4737211686;118811.5260634959;139381.228686517;163512.140226203;191820.8086789974;225030.524286467;263989.7996954232;309694.0495706946;363311.0235703185;426210.642505751;499999.9999999716
1;8601470002584;50;phasez;-1.53002;-1.5303;-1.53197;-1.53147;-1.53145;-1.53183;-1.53265;-1.53344;-1.5333;-1.53365;-1.53395;-1.53438;-1.53461;-1.53479;-1.53503;-1.53531;-1.53552;-1.53577;-1.53588;-1.53605;-1.53616;-1.53621;-1.53624;-1.53619;-1.53606;-1.53587;-1.53558;-1.53519;-1.53468;-1.53406;-1.53327;-1.53232;-1.53117;-1.5298;-1.52817;-1.52624;-1.52395;-1.52125;-1.51805;-1.51427;-1.50979;-1.50451;-1.49826;-1.49086;-1.48211;-1.47174;-1.45943;-1.44475;-1.42722;-1.40613
2;8602239267259;50;absz;82331;73719.4;65997.1;59100.1;52912.5;47363.3;42408.5;37966.1;33986.8;30422.6;27233;24381.3;21825.7;19536.3;17489.2;15655.3;14014.8;12546;11229.9;10052.7;8998.22;8054.12;7209.38;6452.82;5775.71;5169.45;4626.68;4140.75;3705.62;3316.21;2967.48;2655.24;2375.68;2125.31;1901.15;1700.43;1520.63;1359.59;1215.35;1086.16;970.405;866.753;773.927;690.797;616.467;550.022;490.76;438.101;391.548;350.749
2;8602239267259;50;frequency;20000.00000002444;22385.53853899816;25055.61678390222;28044.17375656954;31389.19662092121;35133.2035329932;39323.78408414649;44014.2042055669;49264.08322518227;55140.1516811012;61717.09952482729;69078.52549602467;77317.99973512921;86540.25314108083;96862.50859274992;108415.9709538568;121347.4948009008;135821.4510731415;152021.8163702936;170154.5114554648;190450.0186878266;213166.3116533389;238592.1342356312;267050.6708003728;298903.6541519141;334555.9634717432;374460.7706856584;419125.3006744233;469117.2785435782;525072.1459047724;587701.13789258;657800.3235824071;736260.7247225839;824079.6413975459;922373.3285811875;1032391.184709951;1155531.632626961;1293359.894754076;1447627.888434013;1620296.494325686;1813560.480908265;2029876.401899315;2271993.821195295;2542990.262224833;2846310.325953354;3185809.474764127;3565803.038745301;3991121.067296888;4467169.723268114;4999999.999999929
2;8602239267259;50;phasez;-1.53784;-1.53767;-1.53718;-1.53675;-1.53653;-1.53618;-1.53548;-1.53488;-1.53414;-1.53341;-1.53234;-1.53118;-1.52995;-1.52833;-1.52678;-1.52483;-1.52274;-1.52033;-1.51761;-1.51458;-1.51115;-1.50734;-1.50303;-1.49816;-1.49276;-1.48666;-1.47984;-1.47215;-1.46354;-1.45389;-1.44304;-1.43087;-1.41721;-1.40187;-1.38464;-1.36528;-1.3435;-1.31901;-1.29144;-1.26036;-1.2253;-1.18571;-1.14092;-1.09016;-1.03249;-0.966904;-0.892067;-0.806522;-0.708533;-0.596117
3;8602557832066;20;absz;17024.6;13908.2;11359.3;9278.59;7578.79;6189.41;5054.82;4127.47;3369.71;2750.76;2244.61;1830.86;1492.84;1216.24;990.036;804.948;653.605;530.125;429.948;349.866
3;8602557832066;20;frequency;99999.99999990905;122862.535599424;150952.0265389597;185463.4873444638;227865.1431623047;279960.8926363817;343967.05137965;422606.6409511731;519225.2346839865;637933.2888043621;783781.0140572543;962973.2274171232;1183133.324347452;1453627.601814205;1785963.729760951;2194280.323268956;2695948.443325946;3312310.615921419;4069588.809647371;4999999.999999929
3;8602557832066;20;phasez;-1.52591;-1.52274;-1.51873;-1.5136;-1.50733;-1.49948;-1.48975;-1.47773;-1.46282;-1.44435;-1.42145;-1.39313;-1.358;-1.31433;-1.25995;-1.19193;-1.10637;-0.99805;-0.859698;-0.681687
