0;10584453925348;20;absz;1.35936e+08;9.91088e+07;7.22224e+07;5.2636e+07;3.83261e+07;2.79062e+07;2.03029e+07;1.47724e+07;1.0745e+07;7.81383e+06;5.68119e+06;4.12986e+06;3.00168e+06;2.18133e+06;1.58498e+06;1.1515e+06;836434;607495;441157;320307
0;10584453925348;20;frequency;9.999999974752427;13.86918846435492;19.23543905490988;26.67799336109056;37.00021196095804;51.31629158938722;71.17153245417285;98.70914048804025;136.9015682683994;189.8713664161278;263.3361782500288;365.2259113806622;506.5387032487934;702.5280792305466;974.3494403835484;1351.343611730726;1874.203936580443;2599.368780806799;3605.113577052066;4999.99999995282
0;10584453925348;20;phasez;-1.50942;-1.51332;-1.51615;-1.51903;-1.52134;-1.52359;-1.52487;-1.52624;-1.52742;-1.52845;-1.52925;-1.5298;-1.5301;-1.53013;-1.52977;-1.52895;-1.52746;-1.52513;-1.52161;-1.51646
1;10585225042706;50;absz;7.36944e+06;6.29869e+06;5.39736e+06;4.6221e+06;3.95115e+06;3.38024e+06;2.8936e+06;2.47562e+06;2.11863e+06;1.81254e+06;1.55069e+06;1.32681e+06;1.1351e+06;971087;830668;710741;607995;520061;444859;380519;325471;278377;238093;203629;174147;148933;127367;108924;93146.3;79653.6;68114.6;58244.8;49804.7;42586.9;36414.1;31134.6;26619.9;22758.2;19455.1;16630;14212.9;12144.9;10375.4;8860.57;7563.66;6452.84;5500.89;4684.14;3982.8;3379.56
1;10585225042706;50;frequency;199.9999999213742;234.625769479635;275.2462588517801;322.8993264769997;378.802514688914;444.3841576318164;521.3198749487447;611.5753842550475;717.456725922716;841.6691823498468;987.3863981368913;1158.33146786315;1358.872060208682;1594.132014446359;1870.122253535556;2193.894364737048;2573.720768452858;3019.306079821149;3542.035062906734;4155.263512473084;4874.659497176026;5718.603679767398;6708.658946337209;7870.121340545211;9232.666380967203;10831.10727442716;12706.28439819177;14906.10877695531;17486.78621595445;20514.25336674129;24065.86241733066;28232.35745111674;33120.19296963342;38854.25382030405;45581.04601983359;53472.44000269313;62730.06193403319;73590.44528463698;86331.07429211862;101277.4737211686;118811.5260634959;139381.228686517;163512.140226203;191820.8086789974;225030.524286467;263989.7996954232;309694.0495706946;363311.0235703185;426210.642505751;499999.9999999716
1;10585225042706;50;phasez;-1.52772;-1.52992;-1.5312;-1.5316;-1.53116;-1.53285;-1.5324;-1.53275;-1.53273;-1.53328;-1.5338;-1.53399;-1.53425;-1.53457;-1.53482;-1.53504;-1.53528;-1.5355;-1.5356;-1.53571;-1.53586;-1.53591;-1.53591;-1.53588;-1.53576;-1.53557;-1.53529;-1.53491;-1.53442;-1.53381;-1.53303;-1.53209;-1.53095;-1.52959;-1.52797;-1.52605;-1.52377;-1.52107;-1.51788;-1.5141;-1.50964;-1.50436;-1.49811;-1.49072;-1.48197;-1.47158;-1.45925;-1.44455;-1.427;-1.40588
2;10585995383505;50;absz;82064.6;73486;65772;58883.6;52719.4;47202.3;42258.5;37830.5;33866.7;30316.6;27139.9;24294.2;21749.6;19469.2;17429.6;15602.4;13966.4;12501.7;11191.3;10017.8;8967.26;8026.59;7184.42;6430.67;5755.93;5151.83;4610.96;4126.69;3693.11;3304.98;2957.42;2646.22;2367.68;2118.19;1894.82;1694.8;1515.6;1355.14;1211.41;1082.66;967.327;864.021;771.493;688.639;614.564;548.342;489.266;436.764;390.34;349.656
2;10585995383505;50;frequency;20000.00000002444;22385.53853899816;25055.61678390222;28044.17375656954;31389.19662092121;35133.2035329932;39323.78408414649;44014.2042055669;49264.08322518227;55140.1516811012;61717.09952482729;69078.52549602467;77317.99973512921;86540.25314108083;96862.50859274992;108415.9709538568;121347.4948009008;135821.4510731415;152021.8163702936;170154.5114554648;190450.0186878266;213166.3116533389;238592.1342356312;267050.6708003728;298903.6541519141;334555.9634717432;374460.7706856584;419125.3006744233;469117.2785435782;525072.1459047724;587701.13789258;657800.3235824071;736260.7247225839;824079.6413975459;922373.3285811875;1032391.184709951;1155531.632626961;1293359.894754076;1447627.888434013;1620296.494325686;1813560.480908265;2029876.401899315;2271993.821195295;2542990.262224833;2846310.325953354;3185809.474764127;3565803.038745301;3991121.067296888;4467169.723268114;4999999.999999929
2;10585995383505;50;phasez;-1.5375;-1.53712;-1.53717;-1.53674;-1.53627;-1.53581;-1.53542;-1.53461;-1.53394;-1.53316;-1.53215;-1.53103;-1.52974;-1.52827;-1.52657;-1.52475;-1.52257;-1.52019;-1.51747;-1.51445;-1.51103;-1.5072;-1.50286;-1.49803;-1.49259;-1.4865;-1.47964;-1.47195;-1.46332;-1.45364;-1.44279;-1.43059;-1.41692;-1.40156;-1.3843;-1.36492;-1.34313;-1.31862;-1.29102;-1.25993;-1.22486;-1.18525;-1.14045;-1.08967;-1.03199;-0.966402;-0.891551;-0.805989;-0.70798;-0.595524
3;10586312433811;20;absz;16967.2;13863;11322.2;9247.74;7554.12;6168.65;5037.88;4113.63;3358.6;2741.65;2237.3;1824.94;1488.05;1212.4;986.914;802.461;651.589;528.513;428.638;348.79
3;10586312433811;20;frequency;99999.99999990905;122862.535599424;150952.0265389597;185463.4873444638;227865.1431623047;279960.8926363817;343967.05137965;422606.6409511731;519225.2346839865;637933.2888043621;783781.0140572543;962973.2274171232;1183133.324347452;1453627.601814205;1785963.729760951;2194280.323268956;2695948.443325946;3312310.615921419;4069588.809647371;4999999.999999929
3;10586312433811;20;phasez;-1.52576;-1.52254;-1.51852;-1.51345;-1.50716;-1.49936;-1.48959;-1.47753;-1.4626;-1.44408;-1.42117;-1.3928;-1.35761;-1.31393;-1.25952;-1.1915;-1.10592;-0.997591;-0.859234;-0.681183
