0;10732271391766;20;absz;1.35833e+08;9.90803e+07;7.22203e+07;5.26199e+07;3.83187e+07;2.78815e+07;2.03012e+07;1.47687e+07;1.07425e+07;7.81219e+06;5.67994e+06;4.12898e+06;3.00101e+06;2.18083e+06;1.58458e+06;1.15119e+06;836215;607331;441036;320221
0;10732271391766;20;frequency;9.999999974752427;13.86918846435492;19.23543905490988;26.67799336109056;37.00021196095804;51.31629158938722;71.17153245417285;98.70914048804025;136.9015682683994;189.8713664161278;263.3361782500288;365.2259113806622;506.5387032487934;702.5280792305466;974.3494403835484;1351.343611730726;1874.203936580443;2599.368780806799;3605.113577052066;4999.99999995282
0;10732271391766;20;phasez;-1.50923;-1.51338;-1.51641;-1.51886;-1.52114;-1.52347;-1.52503;-1.52641;-1.5275;-1.52848;-1.52925;-1.52982;-1.53012;-1.53016;-1.5298;-1.52897;-1.52748;-1.52513;-1.52159;-1.51641
1;10733039780094;50;absz;7.37208e+06;6.30756e+06;5.39247e+06;4.61606e+06;3.95173e+06;3.38106e+06;2.89363e+06;2.47597e+06;2.11751e+06;1.81249e+06;1.55034e+06;1.32619e+06;1.13479e+06;970881;830672;710525;607807;519921;444741;380427;325378;278307;238024;203580;174107;148899;127340;108900;93126.6;79637.4;68099.3;58232.5;49794.7;42578;36406.8;31129.5;26614.8;22753.5;19451.5;16626.7;14210.2;12142.6;10373.4;8859.02;7562.37;6451.75;5499.82;4683.3;3982.12;3379.07
1;10733039780094;50;frequency;199.9999999213742;234.625769479635;275.2462588517801;322.8993264769997;378.802514688914;444.3841576318164;521.3198749487447;611.5753842550475;717.456725922716;841.6691823498468;987.3863981368913;1158.33146786315;1358.872060208682;1594.132014446359;1870.122253535556;2193.894364737048;2573.720768452858;3019.306079821149;3542.035062906734;4155.263512473084;4874.659497176026;5718.603679767398;6708.658946337209;7870.121340545211;9232.666380967203;10831.10727442716;12706.28439819177;14906.10877695531;17486.78621595445;20514.25336674129;24065.86241733066;28232.35745111674;33120.19296963342;38854.25382030405;45581.04601983359;53472.44000269313;62730.06193403319;73590.44528463698;86331.07429211862;101277.4737211686;118811.5260634959;139381.228686517;163512.140226203;191820.8086789974;225030.524286467;263989.7996954232;309694.0495706946;363311.0235703185;426210.642505751;499999.9999999716
1;10733039780094;50;phasez;-1.52905;-1.52683;-1.52852;-1.53056;-1.53176;-1.53187;-1.53228;-1.53269;-1.533;-1.53344;-1.5337;-1.53408;-1.53431;-1.53454;-1.53478;-1.53509;-1.53528;-1.53546;-1.5356;-1.5357;-1.53581;-1.53589;-1.53591;-1.53582;-1.53572;-1.53551;-1.53524;-1.53486;-1.53437;-1.53374;-1.53299;-1.53205;-1.53091;-1.52955;-1.52793;-1.52602;-1.52374;-1.52104;-1.51785;-1.51408;-1.50961;-1.50433;-1.49808;-1.49069;-1.48193;-1.47155;-1.45921;-1.44452;-1.42695;-1.40584
2;10733810938273;50;absz;82057.3;73462;65761.6;58890.6;52713.7;47190.8;42254.5;37830.3;33864.7;30314.6;27139.2;24294;21747.7;19466.8;17426.9;15600;13965.2;12501.1;11190.2;10016.7;8966.78;8026.12;7183.88;6430.24;5755.32;5151.31;4610.46;4126.32;3692.8;3304.69;2957.19;2646.12;2367.5;2118.11;1894.71;1694.68;1515.54;1355.1;1211.4;1082.66;967.329;864.027;771.5;688.644;614.558;548.331;489.26;436.761;390.334;349.649
2;10733810938273;50;frequency;20000.00000002444;22385.53853899816;25055.61678390222;28044.17375656954;31389.19662092121;35133.2035329932;39323.78408414649;44014.2042055669;49264.08322518227;55140.1516811012;61717.09952482729;69078.52549602467;77317.99973512921;86540.25314108083;96862.50859274992;108415.9709538568;121347.4948009008;135821.4510731415;152021.8163702936;170154.5114554648;190450.0186878266;213166.3116533389;238592.1342356312;267050.6708003728;298903.6541519141;334555.9634717432;374460.7706856584;419125.3006744233;469117.2785435782;525072.1459047724;587701.13789258;657800.3235824071;736260.7247225839;824079.6413975459;922373.3285811875;1032391.184709951;1155531.632626961;1293359.894754076;1447627.888434013;1620296.494325686;1813560.480908265;2029876.401899315;2271993.821195295;2542990.262224833;2846310.325953354;3185809.474764127;3565803.038745301;3991121.067296888;4467169.723268114;4999999.999999929
2;10733810938273;50;phasez;-1.53739;-1.5368;-1.53682;-1.5368;-1.53647;-1.53575;-1.53535;-1.53473;-1.53396;-1.5331;-1.53208;-1.53104;-1.52976;-1.52824;-1.52655;-1.52468;-1.52254;-1.52012;-1.51748;-1.5144;-1.511;-1.50715;-1.50286;-1.49801;-1.49257;-1.48644;-1.47961;-1.47189;-1.46328;-1.4536;-1.44275;-1.43055;-1.41686;-1.4015;-1.38425;-1.36487;-1.34307;-1.31856;-1.29096;-1.25987;-1.22479;-1.18519;-1.14039;-1.0896;-1.03193;-0.966338;-0.891488;-0.805928;-0.707917;-0.595465
3;10734127235289;20;absz;16968.4;13864.2;11323.3;9248.56;7554.62;6169.11;5038.25;4113.82;3358.78;2741.88;2237.4;1825.04;1488.14;1212.49;987.026;802.548;651.666;528.562;428.677;348.816
3;10734127235289;20;frequency;99999.99999990905;122862.535599424;150952.0265389597;185463.4873444638;227865.1431623047;279960.8926363817;343967.05137965;422606.6409511731;519225.2346839865;637933.2888043621;783781.0140572543;962973.2274171232;1183133.324347452;1453627.601814205;1785963.729760951;2194280.323268956;2695948.443325946;3312310.615921419;4069588.809647371;4999999.999999929
3;10734127235289;20;phasez;-1.52571;-1.52248;-1.51851;-1.51344;-1.50712;-1.4993;-1.48959;-1.47751;-1.46253;-1.44401;-1.42112;-1.39273;-1.35755;-1.31387;-1.25945;-1.19142;-1.10585;-0.997515;-0.859155;-0.6811
