0;5021236386500;20;absz;1.47386e+08;1.07127e+08;7.79553e+07;5.66869e+07;4.12152e+07;2.99554e+07;2.17765e+07;1.58272e+07;1.15005e+07;8.35604e+06;6.06993e+06;4.40899e+06;3.20189e+06;2.32483e+06;1.68769e+06;1.22488e+06;888867;644897;467821;339318
0;5021236386500;20;frequency;9.999999974752427;13.86918846435492;19.23543905490988;26.67799336109056;37.00021196095804;51.31629158938722;71.17153245417285;98.70914048804025;136.9015682683994;189.8713664161278;263.3361782500288;365.2259113806622;506.5387032487934;702.5280792305466;974.3494403835484;1351.343611730726;1874.203936580443;2599.368780806799;3605.113577052066;4999.99999995282
0;5021236386500;20;phasez;-1.52546;-1.52637;-1.52744;-1.52895;-1.52994;-1.53028;-1.53169;-1.53239;-1.53307;-1.53361;-1.53408;-1.53446;-1.53472;-1.53477;-1.53449;-1.53372;-1.53233;-1.53003;-1.52651;-1.52133
1;5022005198633;50;absz;7.87688e+06;6.73687e+06;5.76871e+06;4.9258e+06;4.21698e+06;3.6076e+06;3.08467e+06;2.63982e+06;2.25841e+06;1.93183e+06;1.6511e+06;1.41201e+06;1.20744e+06;1.03251e+06;882860;754864;645437;551845;471790;403358;344829;294777;251988;215403;184133;157394;134534;114995;98290.8;84010.2;71804.4;61370.9;52452.1;44828.6;38312;32741.8;27980.3;23910.5;20430.9;17456.5;14913.1;12738.2;10877.8;9286.18;7924.17;6757.83;5758.76;4901.97;4166.49;3534.17
1;5022005198633;50;frequency;199.9999999213742;234.625769479635;275.2462588517801;322.8993264769997;378.802514688914;444.3841576318164;521.3198749487447;611.5753842550475;717.456725922716;841.6691823498468;987.3863981368913;1158.33146786315;1358.872060208682;1594.132014446359;1870.122253535556;2193.894364737048;2573.720768452858;3019.306079821149;3542.035062906734;4155.263512473084;4874.659497176026;5718.603679767398;6708.658946337209;7870.121340545211;9232.666380967203;10831.10727442716;12706.28439819177;14906.10877695531;17486.78621595445;20514.25336674129;24065.86241733066;28232.35745111674;33120.19296963342;38854.25382030405;45581.04601983359;53472.44000269313;62730.06193403319;73590.44528463698;86331.07429211862;101277.4737211686;118811.5260634959;139381.228686517;163512.140226203;191820.8086789974;225030.524286467;263989.7996954232;309694.0495706946;363311.0235703185;426210.642505751;499999.9999999716
1;5022005198633;50;phasez;-1.53393;-1.53357;-1.53299;-1.5343;-1.53635;-1.53626;-1.5369;-1.53712;-1.53749;-1.53797;-1.53825;-1.53876;-1.53908;-1.53924;-1.53968;-1.53993;-1.54016;-1.54038;-1.54047;-1.54065;-1.54074;-1.5408;-1.54078;-1.54073;-1.5406;-1.54039;-1.54008;-1.5397;-1.5392;-1.53856;-1.53776;-1.5368;-1.53563;-1.53423;-1.53258;-1.53061;-1.52829;-1.52554;-1.52229;-1.51846;-1.51394;-1.50862;-1.50234;-1.49493;-1.48618;-1.47582;-1.46353;-1.44891;-1.43144;-1.41044
2;5022777123916;50;absz;86582.4;77488.9;69341.2;62062.9;55534.2;49698.1;44482.8;39809.8;35628.8;31883.8;28529.9;25533.9;22848.7;20448.4;18300;16376;14656.1;13115.3;11736.9;10503.3;9399.21;8411.14;7526.55;6735.16;6026.7;5392.65;4825.2;4317.22;3862.57;3455.56;3091.34;2765.25;2473.33;2212.1;1978.19;1768.75;1581.28;1413.4;1263.11;1128.5;1007.99;900.101;803.523;717.065;639.812;570.796;509.253;454.618;406.337;364.056
2;5022777123916;50;frequency;20000.00000002444;22385.53853899816;25055.61678390222;28044.17375656954;31389.19662092121;35133.2035329932;39323.78408414649;44014.2042055669;49264.08322518227;55140.1516811012;61717.09952482729;69078.52549602467;77317.99973512921;86540.25314108083;96862.50859274992;108415.9709538568;121347.4948009008;135821.4510731415;152021.8163702936;170154.5114554648;190450.0186878266;213166.3116533389;238592.1342356312;267050.6708003728;298903.6541519141;334555.9634717432;374460.7706856584;419125.3006744233;469117.2785435782;525072.1459047724;587701.13789258;657800.3235824071;736260.7247225839;824079.6413975459;922373.3285811875;1032391.184709951;1155531.632626961;1293359.894754076;1447627.888434013;1620296.494325686;1813560.480908265;2029876.401899315;2271993.821195295;2542990.262224833;2846310.325953354;3185809.474764127;3565803.038745301;3991121.067296888;4467169.723268114;4999999.999999929
2;5022777123916;50;phasez;-1.54228;-1.54203;-1.54157;-1.5414;-1.54089;-1.54054;-1.5399;-1.53933;-1.53865;-1.53766;-1.53667;-1.53551;-1.53427;-1.53267;-1.53096;-1.52904;-1.52689;-1.52448;-1.5217;-1.51871;-1.51523;-1.51141;-1.50712;-1.50227;-1.49686;-1.49079;-1.48398;-1.47636;-1.4678;-1.4582;-1.44742;-1.43531;-1.42171;-1.40644;-1.38929;-1.36999;-1.34829;-1.32389;-1.29638;-1.26539;-1.23041;-1.19092;-1.14624;-1.09561;-1.03806;-0.972642;-0.898006;-0.812699;-0.714997;-0.602939
3;5023095274181;20;absz;17816.6;14548.7;11876.7;9695.27;7915.43;6460.97;5273.77;4304.07;3512.25;2865.54;2337.02;1905.19;1552.56;1264.24;1028.56;835.895;678.477;550.178;446.21;363.199
3;5023095274181;20;frequency;99999.99999990905;122862.535599424;150952.0265389597;185463.4873444638;227865.1431623047;279960.8926363817;343967.05137965;422606.6409511731;519225.2346839865;637933.2888043621;783781.0140572543;962973.2274171232;1183133.324347452;1453627.601814205;1785963.729760951;2194280.323268956;2695948.443325946;3312310.615921419;4069588.809647371;4999999.999999929
3;5023095274181;20;phasez;-1.53014;-1.5268;-1.52271;-1.51766;-1.51134;-1.50358;-1.49392;-1.48192;-1.46716;-1.44877;-1.42602;-1.39782;-1.36282;-1.3193;-1.26507;-1.19726;-1.11192;-1.00392;-0.865997;-0.688597
