0;7936738350050;20;absz;1.37292e+08;1.00087e+08;7.29461e+07;5.31155e+07;3.86772e+07;2.81467e+07;2.048e+07;1.48963e+07;1.08334e+07;7.87621e+06;5.72588e+06;4.16184e+06;3.02474e+06;2.19792e+06;1.59695e+06;1.16014e+06;842663;611980;444360;322594
0;7936738350050;20;frequency;9.999999974752427;13.86918846435492;19.23543905490988;26.67799336109056;37.00021196095804;51.31629158938722;71.17153245417285;98.70914048804025;136.9015682683994;189.8713664161278;263.3361782500288;365.2259113806622;506.5387032487934;702.5280792305466;974.3494403835484;1351.343611730726;1874.203936580443;2599.368780806799;3605.113577052066;4999.99999995282
0;7936738350050;20;phasez;-1.51233;-1.5154;-1.51811;-1.52054;-1.52269;-1.52412;-1.52612;-1.52734;-1.52841;-1.52932;-1.52995;-1.53039;-1.53062;-1.53059;-1.53021;-1.52937;-1.52792;-1.52561;-1.52214;-1.51702
1;7937508150347;50;absz;7.41532e+06;6.36148e+06;5.44157e+06;4.65592e+06;3.98177e+06;3.40858e+06;2.91461e+06;2.49434e+06;2.13497e+06;1.82602e+06;1.56257e+06;1.33671e+06;1.14378e+06;978301;837022;716002;612440;523872;448086;383281;327804;280352;239766;205052;175359;149956;128234;109657;93768.9;80180.2;68559.4;58622.1;50124.9;42859;36644.7;31330.2;26785.2;22898;19573.6;16730.2;14297.4;12216.3;10435.5;8911.55;7606.63;6489.1;5531.32;4709.73;4004.38;3397.73
1;7937508150347;50;frequency;199.9999999213742;234.625769479635;275.2462588517801;322.8993264769997;378.802514688914;444.3841576318164;521.3198749487447;611.5753842550475;717.456725922716;841.6691823498468;987.3863981368913;1158.33146786315;1358.872060208682;1594.132014446359;1870.122253535556;2193.894364737048;2573.720768452858;3019.306079821149;3542.035062906734;4155.263512473084;4874.659497176026;5718.603679767398;6708.658946337209;7870.121340545211;9232.666380967203;10831.10727442716;12706.28439819177;14906.10877695531;17486.78621595445;20514.25336674129;24065.86241733066;28232.35745111674;33120.19296963342;38854.25382030405;45581.04601983359;53472.44000269313;62730.06193403319;73590.44528463698;86331.07429211862;101277.4737211686;118811.5260634959;139381.228686517;163512.140226203;191820.8086789974;225030.524286467;263989.7996954232;309694.0495706946;363311.0235703185;426210.642505751;499999.9999999716
1;7937508150347;50;phasez;-1.52724;-1.52957;-1.53004;-1.53112;-1.53185;-1.53256;-1.53325;-1.53397;-1.5337;-1.53386;-1.53394;-1.53436;-1.53469;-1.53488;-1.53527;-1.53543;-1.53567;-1.53594;-1.53613;-1.53624;-1.5364;-1.53645;-1.53649;-1.53645;-1.53635;-1.53614;-1.53588;-1.53549;-1.535;-1.53437;-1.5336;-1.53265;-1.53151;-1.53015;-1.52853;-1.52662;-1.52436;-1.52167;-1.51849;-1.51473;-1.51028;-1.50501;-1.49878;-1.49139;-1.48264;-1.47226;-1.45993;-1.44524;-1.42769;-1.4066
2;7938276404767;50;absz;82588.9;73943.2;66200.1;59269.1;53056.8;47493.3;42521.2;38068.6;34075;30503.6;27304.3;24441.8;21878.6;19586;17532.1;15694.2;14047.9;12575;11256.2;10075.4;9018.33;8071.67;7224.66;6466.31;5787.44;5179.75;4635.67;4148.65;3712.59;3322.25;2972.74;2659.9;2379.73;2128.95;1904.33;1703.22;1523.1;1361.75;1217.25;1087.82;971.886;868.043;775.04;691.791;617.326;550.797;491.443;438.711;392.075;351.232
2;7938276404767;50;frequency;20000.00000002444;22385.53853899816;25055.61678390222;28044.17375656954;31389.19662092121;35133.2035329932;39323.78408414649;44014.2042055669;49264.08322518227;55140.1516811012;61717.09952482729;69078.52549602467;77317.99973512921;86540.25314108083;96862.50859274992;108415.9709538568;121347.4948009008;135821.4510731415;152021.8163702936;170154.5114554648;190450.0186878266;213166.3116533389;238592.1342356312;267050.6708003728;298903.6541519141;334555.9634717432;374460.7706856584;419125.3006744233;469117.2785435782;525072.1459047724;587701.13789258;657800.3235824071;736260.7247225839;824079.6413975459;922373.3285811875;1032391.184709951;1155531.632626961;1293359.894754076;1447627.888434013;1620296.494325686;1813560.480908265;2029876.401899315;2271993.821195295;2542990.262224833;2846310.325953354;3185809.474764127;3565803.038745301;3991121.067296888;4467169.723268114;4999999.999999929
2;7938276404767;50;phasez;-1.53807;-1.53784;-1.53735;-1.53744;-1.53696;-1.53652;-1.53596;-1.53521;-1.53456;-1.53367;-1.53276;-1.53159;-1.53037;-1.52886;-1.52722;-1.52532;-1.52324;-1.52079;-1.5181;-1.5151;-1.51172;-1.50786;-1.50353;-1.49871;-1.49326;-1.48717;-1.48031;-1.47263;-1.46402;-1.45434;-1.4435;-1.43133;-1.41765;-1.40231;-1.38508;-1.3657;-1.34393;-1.31943;-1.29185;-1.26077;-1.22571;-1.18611;-1.14131;-1.09055;-1.03287;-0.967281;-0.892445;-0.806891;-0.708909;-0.596488
3;7938592026400;20;absz;17064.3;13941;11384.6;9298.4;7594.63;6201.61;5064.44;4134.98;3375.74;2755.41;2248.38;1833.82;1495.15;1218.07;991.458;806.062;654.467;530.814;430.503;350.314
3;7938592026400;20;frequency;99999.99999990905;122862.535599424;150952.0265389597;185463.4873444638;227865.1431623047;279960.8926363817;343967.05137965;422606.6409511731;519225.2346839865;637933.2888043621;783781.0140572543;962973.2274171232;1183133.324347452;1453627.601814205;1785963.729760951;2194280.323268956;2695948.443325946;3312310.615921419;4069588.809647371;4999999.999999929
3;7938592026400;20;phasez;-1.52631;-1.52315;-1.51914;-1.51413;-1.50784;-1.49999;-1.49028;-1.47821;-1.46329;-1.44482;-1.42191;-1.39357;-1.35842;-1.31477;-1.26037;-1.19236;-1.1068;-0.998479;-0.860146;-0.682136
