0;4505080628601;20;absz;1.51533e+08;1.10253e+08;8.01674e+07;5.82848e+07;4.23742e+07;3.07792e+07;2.23762e+07;1.62517e+07;1.18051e+07;8.57263e+06;6.2241e+06;4.51835e+06;3.27941e+06;2.37974e+06;1.72669e+06;1.25264e+06;908583;658916;477764;346365
0;4505080628601;20;frequency;9.999999974752427;13.86918846435492;19.23543905490988;26.67799336109056;37.00021196095804;51.31629158938722;71.17153245417285;98.70914048804025;136.9015682683994;189.8713664161278;263.3361782500288;365.2259113806622;506.5387032487934;702.5280792305466;974.3494403835484;1351.343611730726;1874.203936580443;2599.368780806799;3605.113577052066;4999.99999995282
0;4505080628601;20;phasez;-1.52786;-1.52955;-1.53007;-1.53114;-1.5321;-1.53312;-1.53376;-1.53454;-1.53534;-1.53591;-1.53656;-1.53698;-1.53721;-1.5372;-1.53683;-1.536;-1.53454;-1.53223;-1.52871;-1.52353
1;4505853537497;50;absz;8.07423e+06;6.9063e+06;5.90399e+06;5.05957e+06;4.3208e+06;3.69565e+06;3.15942e+06;2.70291e+06;2.31073e+06;1.97619e+06;1.68937e+06;1.44433e+06;1.23469e+06;1.05547e+06;902469;771477;659470;563715;481813;411833;351989;300828;257107;219735;187786;160481;137142;117196;100152;85584;73133.8;62495.4;53404.3;45634.9;38995.1;33320.8;28471.8;24326.9;20784.2;17756.2;15167.4;12953.6;11060.4;9440.92;8054.95;6868.48;5852.01;4980.6;4232.61;3589.69
1;4505853537497;50;frequency;199.9999999213742;234.625769479635;275.2462588517801;322.8993264769997;378.802514688914;444.3841576318164;521.3198749487447;611.5753842550475;717.456725922716;841.6691823498468;987.3863981368913;1158.33146786315;1358.872060208682;1594.132014446359;1870.122253535556;2193.894364737048;2573.720768452858;3019.306079821149;3542.035062906734;4155.263512473084;4874.659497176026;5718.603679767398;6708.658946337209;7870.121340545211;9232.666380967203;10831.10727442716;12706.28439819177;14906.10877695531;17486.78621595445;20514.25336674129;24065.86241733066;28232.35745111674;33120.19296963342;38854.25382030405;45581.04601983359;53472.44000269313;62730.06193403319;73590.44528463698;86331.07429211862;101277.4737211686;118811.5260634959;139381.228686517;163512.140226203;191820.8086789974;225030.524286467;263989.7996954232;309694.0495706946;363311.0235703185;426210.642505751;499999.9999999716
1;4505853537497;50;phasez;-1.53757;-1.53848;-1.53751;-1.538;-1.53951;-1.53891;-1.53936;-1.53983;-1.54005;-1.5408;-1.54098;-1.54072;-1.54113;-1.54172;-1.54174;-1.54205;-1.54235;-1.54249;-1.54271;-1.54286;-1.54295;-1.54295;-1.54295;-1.54287;-1.54272;-1.54246;-1.54214;-1.54171;-1.54115;-1.54046;-1.53961;-1.53859;-1.53736;-1.53591;-1.53419;-1.53218;-1.52981;-1.52702;-1.52374;-1.5199;-1.51538;-1.51006;-1.50379;-1.49641;-1.48767;-1.47734;-1.46507;-1.45047;-1.43301;-1.41203
2;4506621670085;50;absz;88190.5;78930;70617.4;63204.8;56552;50611.3;45283.2;40520.8;36264.4;32445.5;29034.1;25981.8;23247.4;20800.6;18612.9;16655.1;14905.2;13337.6;11934.7;10679.5;9555.53;8550.33;7650.51;6845.16;6124.59;5479.61;4902.51;4385.83;3923.54;3509.74;3139.35;2807.92;2511.24;2245.69;2007.97;1795.18;1604.71;1434.19;1281.53;1144.88;1022.55;913.028;814.997;727.279;648.893;578.896;516.493;461.095;412.156;369.337
2;4506621670085;50;frequency;20000.00000002444;22385.53853899816;25055.61678390222;28044.17375656954;31389.19662092121;35133.2035329932;39323.78408414649;44014.2042055669;49264.08322518227;55140.1516811012;61717.09952482729;69078.52549602467;77317.99973512921;86540.25314108083;96862.50859274992;108415.9709538568;121347.4948009008;135821.4510731415;152021.8163702936;170154.5114554648;190450.0186878266;213166.3116533389;238592.1342356312;267050.6708003728;298903.6541519141;334555.9634717432;374460.7706856584;419125.3006744233;469117.2785435782;525072.1459047724;587701.13789258;657800.3235824071;736260.7247225839;824079.6413975459;922373.3285811875;1032391.184709951;1155531.632626961;1293359.894754076;1447627.888434013;1620296.494325686;1813560.480908265;2029876.401899315;2271993.821195295;2542990.262224833;2846310.325953354;3185809.474764127;3565803.038745301;3991121.067296888;4467169.723268114;4999999.999999929
2;4506621670085;50;phasez;-1.54406;-1.5439;-1.54364;-1.54321;-1.54279;-1.54218;-1.54167;-1.54088;-1.54008;-1.53922;-1.53824;-1.53701;-1.53561;-1.53409;-1.53246;-1.53048;-1.52825;-1.52588;-1.52318;-1.52011;-1.51674;-1.51291;-1.5086;-1.5038;-1.49837;-1.49235;-1.48555;-1.47793;-1.46939;-1.45978;-1.449;-1.4369;-1.42331;-1.40803;-1.39087;-1.37157;-1.34987;-1.32544;-1.29793;-1.26692;-1.23193;-1.19242;-1.14773;-1.09707;-1.03951;-0.974091;-0.899449;-0.814134;-0.716445;-0.604413
3;4506941429077;20;absz;18123.4;14796.3;12077.8;9857.34;8046.29;6566.11;5358.68;4372.7;3567.19;2909.8;2372.64;1933.78;1575.52;1282.7;1043.4;847.832;688.118;557.983;452.561;368.431
3;4506941429077;20;frequency;99999.99999990905;122862.535599424;150952.0265389597;185463.4873444638;227865.1431623047;279960.8926363817;343967.05137965;422606.6409511731;519225.2346839865;637933.2888043621;783781.0140572543;962973.2274171232;1183133.324347452;1453627.601814205;1785963.729760951;2194280.323268956;2695948.443325946;3312310.615921419;4069588.809647371;4999999.999999929
3;4506941429077;20;phasez;-1.53154;-1.52829;-1.52421;-1.51909;-1.5129;-1.50508;-1.49546;-1.48352;-1.46873;-1.45037;-1.42762;-1.3994;-1.36439;-1.32086;-1.2666;-1.19875;-1.11339;-1.00536;-0.86744;-0.690061
