0;11156920394;20;absz;3.20771e+08;2.30339e+08;1.65971e+08;1.19919e+08;8.65765e+07;6.25667e+07;4.51174e+07;3.25733e+07;2.35105e+07;1.69701e+07;1.2249e+07;8.84137e+06;6.38135e+06;4.60622e+06;3.32453e+06;2.39942e+06;1.73187e+06;1.24993e+06;902141;651088
0;11156920394;20;frequency;9.999999974752427;13.86918846435492;19.23543905490988;26.67799336109056;37.00021196095804;51.31629158938722;71.17153245417285;98.70914048804025;136.9015682683994;189.8713664161278;263.3361782500288;365.2259113806622;506.5387032487934;702.5280792305466;974.3494403835484;1351.343611730726;1874.203936580443;2599.368780806799;3605.113577052066;4999.99999995282
0;11156920394;20;phasez;-1.56583;-1.56594;-1.56666;-1.56646;-1.56614;-1.56512;-1.56617;-1.56573;-1.5658;-1.56552;-1.56526;-1.56486;-1.56432;-1.56352;-1.56244;-1.56093;-1.55884;-1.55591;-1.55184;-1.54613
1;11925146339;50;absz;1.59972e+07;1.36451e+07;1.16928e+07;9.93646e+06;8.47561e+06;7.21968e+06;6.15451e+06;5.24769e+06;4.4765e+06;3.81886e+06;3.25614e+06;2.77644e+06;2.36845e+06;2.01974e+06;1.72251e+06;1.46871e+06;1.25261e+06;1.06825e+06;911069;776997;662601;565067;481900;410966;350485;298898;254904;217394;185407;158122;134861;115017;98100;83667;71357.8;60860.6;51904.3;44265.4;37748.9;32188.4;27444.8;23396.2;19940.8;16991.1;14471.5;12318.9;10478.5;8903.58;7554.88;6397.51
1;11925146339;50;frequency;199.9999999213742;234.625769479635;275.2462588517801;322.8993264769997;378.802514688914;444.3841576318164;521.3198749487447;611.5753842550475;717.456725922716;841.6691823498468;987.3863981368913;1158.33146786315;1358.872060208682;1594.132014446359;1870.122253535556;2193.894364737048;2573.720768452858;3019.306079821149;3542.035062906734;4155.263512473084;4874.659497176026;5718.603679767398;6708.658946337209;7870.121340545211;9232.666380967203;10831.10727442716;12706.28439819177;14906.10877695531;17486.78621595445;20514.25336674129;24065.86241733066;28232.35745111674;33120.19296963342;38854.25382030405;45581.04601983359;53472.44000269313;62730.06193403319;73590.44528463698;86331.07429211862;101277.4737211686;118811.5260634959;139381.228686517;163512.140226203;191820.8086789974;225030.524286467;263989.7996954232;309694.0495706946;363311.0235703185;426210.642505751;499999.9999999716
1;11925146339;50;phasez;-1.56807;-1.56992;-1.56541;-1.56495;-1.56723;-1.56766;-1.56667;-1.56622;-1.56702;-1.56617;-1.56687;-1.56595;-1.56615;-1.56601;-1.56615;-1.56603;-1.56576;-1.56572;-1.56547;-1.56541;-1.56518;-1.56487;-1.56464;-1.56423;-1.56379;-1.56327;-1.56269;-1.56204;-1.56123;-1.56033;-1.55927;-1.55806;-1.55664;-1.555;-1.55312;-1.55093;-1.54838;-1.54541;-1.54195;-1.5379;-1.53316;-1.52761;-1.52109;-1.51342;-1.5044;-1.49374;-1.48115;-1.4662;-1.44839;-1.42704
2;12692036690;50;absz;163044;145735;130227;116366;104023;92931.7;83037.7;74193.6;66330.6;59276.6;52963.3;47334.3;42293.3;37798.9;33775.6;30182.5;26972.8;24103.3;21541.4;19251.6;17203.1;15374.6;13740.4;12279.7;10974.4;9807.69;8764.88;7833.08;6999.57;6255.15;5589.85;4995.02;4463.54;3988.23;3563.44;3183.79;2844.39;2541.06;2269.94;2027.58;1811.11;1617.66;1444.89;1290.67;1153.36;1031.11;922.635;826.81;742.812;670.044
2;12692036690;50;frequency;20000.00000002444;22385.53853899816;25055.61678390222;28044.17375656954;31389.19662092121;35133.2035329932;39323.78408414649;44014.2042055669;49264.08322518227;55140.1516811012;61717.09952482729;69078.52549602467;77317.99973512921;86540.25314108083;96862.50859274992;108415.9709538568;121347.4948009008;135821.4510731415;152021.8163702936;170154.5114554648;190450.0186878266;213166.3116533389;238592.1342356312;267050.6708003728;298903.6541519141;334555.9634717432;374460.7706856584;419125.3006744233;469117.2785435782;525072.1459047724;587701.13789258;657800.3235824071;736260.7247225839;824079.6413975459;922373.3285811875;1032391.184709951;1155531.632626961;1293359.894754076;1447627.888434013;1620296.494325686;1813560.480908265;2029876.401899315;2271993.821195295;2542990.262224833;2846310.325953354;3185809.474764127;3565803.038745301;3991121.067296888;4467169.723268114;4999999.999999929
2;12692036690;50;phasez;-1.56389;-1.56312;-1.56267;-1.56266;-1.56202;-1.56126;-1.56035;-1.55999;-1.55879;-1.55786;-1.55681;-1.55527;-1.5539;-1.55222;-1.55037;-1.54821;-1.54602;-1.54346;-1.54054;-1.5373;-1.53367;-1.52961;-1.5251;-1.52008;-1.51443;-1.50814;-1.50109;-1.49323;-1.48441;-1.47454;-1.46352;-1.45116;-1.43731;-1.42177;-1.40433;-1.38477;-1.36283;-1.33816;-1.31042;-1.2792;-1.24404;-1.20439;-1.1596;-1.10891;-1.05133;-0.986039;-0.911654;-0.826779;-0.729777;-0.618748
3;13008266572;20;absz;32887.9;26792.1;21821.9;17772.2;14475.2;11787.1;9596.01;7814.4;6362.12;5180.06;4217.14;3432.72;2793.6;2273.01;1848.74;1503.53;1222.75;995.356;812.631;668.891
3;13008266572;20;frequency;99999.99999990905;122862.535599424;150952.0265389597;185463.4873444638;227865.1431623047;279960.8926363817;343967.05137965;422606.6409511731;519225.2346839865;637933.2888043621;783781.0140572543;962973.2274171232;1183133.324347452;1453627.601814205;1785963.729760951;2194280.323268956;2695948.443325946;3312310.615921419;4069588.809647371;4999999.999999929
3;13008266572;20;phasez;-1.54959;-1.54592;-1.54154;-1.5362;-1.52943;-1.52123;-1.51117;-1.49871;-1.48343;-1.46459;-1.44128;-1.41257;-1.37704;-1.33305;-1.27837;-1.21019;-1.12457;-1.01666;-0.879273;-0.703237
