0;8148750758570;20;absz;1.37056e+08;9.99565e+07;7.28126e+07;5.30425e+07;3.86202e+07;2.81037e+07;2.04539e+07;1.48775e+07;1.08194e+07;7.86704e+06;5.71902e+06;4.15695e+06;3.02112e+06;2.19529e+06;1.59504e+06;1.15875e+06;841655;611245;443832;322211
0;8148750758570;20;frequency;9.999999974752427;13.86918846435492;19.23543905490988;26.67799336109056;37.00021196095804;51.31629158938722;71.17153245417285;98.70914048804025;136.9015682683994;189.8713664161278;263.3361782500288;365.2259113806622;506.5387032487934;702.5280792305466;974.3494403835484;1351.343611730726;1874.203936580443;2599.368780806799;3605.113577052066;4999.99999995282
0;8148750758570;20;phasez;-1.5111;-1.51464;-1.51817;-1.52011;-1.52258;-1.52449;-1.52587;-1.52719;-1.52829;-1.5292;-1.52988;-1.53033;-1.53058;-1.53055;-1.53019;-1.52936;-1.52789;-1.52559;-1.5221;-1.51697
1;8149519211395;50;absz;7.42555e+06;6.32951e+06;5.42032e+06;4.64445e+06;3.97925e+06;3.40247e+06;2.91219e+06;2.49134e+06;2.1317e+06;1.82354e+06;1.56058e+06;1.3351e+06;1.14224e+06;977192;835952;715180;611736;523285;447587;382820;327423;280036;239497;204814;175157;149791;128094;109536;93664.6;80092.3;68485.2;58559.7;50072.8;42813.7;36606.9;31298.1;26758.2;22875.2;19554.4;16713.7;14283.7;12204.6;10425.7;8903.04;7599.4;6483.09;5526.26;4705.61;4000.85;3394.79
1;8149519211395;50;frequency;199.9999999213742;234.625769479635;275.2462588517801;322.8993264769997;378.802514688914;444.3841576318164;521.3198749487447;611.5753842550475;717.456725922716;841.6691823498468;987.3863981368913;1158.33146786315;1358.872060208682;1594.132014446359;1870.122253535556;2193.894364737048;2573.720768452858;3019.306079821149;3542.035062906734;4155.263512473084;4874.659497176026;5718.603679767398;6708.658946337209;7870.121340545211;9232.666380967203;10831.10727442716;12706.28439819177;14906.10877695531;17486.78621595445;20514.25336674129;24065.86241733066;28232.35745111674;33120.19296963342;38854.25382030405;45581.04601983359;53472.44000269313;62730.06193403319;73590.44528463698;86331.07429211862;101277.4737211686;118811.5260634959;139381.228686517;163512.140226203;191820.8086789974;225030.524286467;263989.7996954232;309694.0495706946;363311.0235703185;426210.642505751;499999.9999999716
1;8149519211395;50;phasez;-1.52947;-1.53192;-1.53133;-1.53123;-1.53119;-1.53188;-1.53243;-1.53326;-1.53327;-1.5338;-1.53406;-1.53453;-1.53478;-1.53508;-1.5352;-1.53553;-1.53569;-1.53591;-1.53605;-1.53622;-1.53634;-1.53641;-1.53642;-1.53637;-1.53625;-1.53607;-1.5358;-1.53541;-1.53491;-1.53429;-1.5335;-1.53256;-1.53142;-1.53006;-1.52844;-1.52653;-1.52426;-1.52157;-1.51839;-1.51462;-1.51017;-1.5049;-1.49866;-1.49126;-1.48251;-1.47212;-1.45978;-1.44509;-1.42753;-1.40643
2;8150289561964;50;absz;82485.4;73847.7;66118.5;59196.3;53001.9;47449.3;42482;38028.1;34039.7;30474.9;27277.2;24419.1;21857.7;19565.6;17514.8;15678.2;14035.2;12562.7;11245.3;10065.8;9009.83;8064.36;7217.7;6460.22;5782.15;5175.23;4631.61;4145.05;3709.43;3319.5;2970.33;2657.73;2377.89;2127.28;1902.84;1701.9;1521.93;1360.74;1216.36;1087.04;971.207;867.467;774.537;691.322;616.924;550.441;491.133;438.436;391.84;351.016
2;8150289561964;50;frequency;20000.00000002444;22385.53853899816;25055.61678390222;28044.17375656954;31389.19662092121;35133.2035329932;39323.78408414649;44014.2042055669;49264.08322518227;55140.1516811012;61717.09952482729;69078.52549602467;77317.99973512921;86540.25314108083;96862.50859274992;108415.9709538568;121347.4948009008;135821.4510731415;152021.8163702936;170154.5114554648;190450.0186878266;213166.3116533389;238592.1342356312;267050.6708003728;298903.6541519141;334555.9634717432;374460.7706856584;419125.3006744233;469117.2785435782;525072.1459047724;587701.13789258;657800.3235824071;736260.7247225839;824079.6413975459;922373.3285811875;1032391.184709951;1155531.632626961;1293359.894754076;1447627.888434013;1620296.494325686;1813560.480908265;2029876.401899315;2271993.821195295;2542990.262224833;2846310.325953354;3185809.474764127;3565803.038745301;3991121.067296888;4467169.723268114;4999999.999999929
2;8150289561964;50;phasez;-1.53785;-1.53769;-1.53741;-1.53707;-1.53683;-1.53619;-1.53596;-1.53527;-1.53429;-1.5336;-1.53261;-1.53158;-1.53025;-1.52876;-1.52707;-1.52521;-1.52307;-1.5207;-1.51803;-1.51498;-1.51156;-1.50772;-1.50338;-1.49857;-1.49314;-1.48702;-1.48016;-1.47248;-1.46386;-1.45418;-1.44333;-1.43114;-1.41747;-1.40214;-1.38489;-1.36552;-1.34373;-1.31923;-1.29165;-1.26057;-1.2255;-1.1859;-1.14111;-1.09035;-1.03266;-0.967066;-0.892227;-0.806674;-0.708687;-0.596258
3;8150606805169;20;absz;17050.4;13930.3;11375.8;9291.79;7589.31;6196.97;5060.83;4132.01;3373.47;2753.64;2246.94;1832.65;1494.21;1217.32;990.88;805.623;654.121;530.544;430.294;350.147
3;8150606805169;20;frequency;99999.99999990905;122862.535599424;150952.0265389597;185463.4873444638;227865.1431623047;279960.8926363817;343967.05137965;422606.6409511731;519225.2346839865;637933.2888043621;783781.0140572543;962973.2274171232;1183133.324347452;1453627.601814205;1785963.729760951;2194280.323268956;2695948.443325946;3312310.615921419;4069588.809647371;4999999.999999929
3;8150606805169;20;phasez;-1.52621;-1.52307;-1.51906;-1.51399;-1.50769;-1.49986;-1.49014;-1.47807;-1.46314;-1.44462;-1.42174;-1.39338;-1.35822;-1.31455;-1.26015;-1.19213;-1.10655;-0.998229;-0.859882;-0.681869
