0;5275121289302;20;absz;1.45452e+08;1.05879e+08;7.703e+07;5.60378e+07;4.07551e+07;2.96255e+07;2.15413e+07;1.56572e+07;1.13793e+07;8.2686e+06;6.00744e+06;4.36424e+06;3.16992e+06;2.30201e+06;1.67143e+06;1.21335e+06;880676;639099;463704;336385
0;5275121289302;20;frequency;9.999999974752427;13.86918846435492;19.23543905490988;26.67799336109056;37.00021196095804;51.31629158938722;71.17153245417285;98.70914048804025;136.9015682683994;189.8713664161278;263.3361782500288;365.2259113806622;506.5387032487934;702.5280792305466;974.3494403835484;1351.343611730726;1874.203936580443;2599.368780806799;3605.113577052066;4999.99999995282
0;5275121289302;20;phasez;-1.52389;-1.5255;-1.52658;-1.52808;-1.52922;-1.52959;-1.53086;-1.53161;-1.53224;-1.53287;-1.53334;-1.53368;-1.5339;-1.53389;-1.53358;-1.53279;-1.5314;-1.5291;-1.5256;-1.52042
1;5275892335307;50;absz;7.79688e+06;6.66579e+06;5.70091e+06;4.87136e+06;4.17195e+06;3.57017e+06;3.05432e+06;2.6134e+06;2.23563e+06;1.91231e+06;1.63528e+06;1.39888e+06;1.19625e+06;1.02303e+06;874816;748001;639587;546917;467614;399830;341835;292248;249856;213608;182612;156107;133450;114077;97514.6;83358.8;71252;60904.2;52058.4;44495;38030.8;32503.6;27778.5;23739.8;20286.6;17334.2;14809.1;12650;10803;9222.84;7870.46;6712.56;5720.42;4869.72;4139.17;3511.21
1;5275892335307;50;frequency;199.9999999213742;234.625769479635;275.2462588517801;322.8993264769997;378.802514688914;444.3841576318164;521.3198749487447;611.5753842550475;717.456725922716;841.6691823498468;987.3863981368913;1158.33146786315;1358.872060208682;1594.132014446359;1870.122253535556;2193.894364737048;2573.720768452858;3019.306079821149;3542.035062906734;4155.263512473084;4874.659497176026;5718.603679767398;6708.658946337209;7870.121340545211;9232.666380967203;10831.10727442716;12706.28439819177;14906.10877695531;17486.78621595445;20514.25336674129;24065.86241733066;28232.35745111674;33120.19296963342;38854.25382030405;45581.04601983359;53472.44000269313;62730.06193403319;73590.44528463698;86331.07429211862;101277.4737211686;118811.5260634959;139381.228686517;163512.140226203;191820.8086789974;225030.524286467;263989.7996954232;309694.0495706946;363311.0235703185;426210.642505751;499999.9999999716
1;5275892335307;50;phasez;-1.53119;-1.53418;-1.53555;-1.53513;-1.53523;-1.53541;-1.53548;-1.53629;-1.53648;-1.53718;-1.53752;-1.53779;-1.53816;-1.53836;-1.5388;-1.53899;-1.53924;-1.53947;-1.53955;-1.53971;-1.53982;-1.53989;-1.53988;-1.53983;-1.5397;-1.53951;-1.53922;-1.53882;-1.53832;-1.5377;-1.53692;-1.53597;-1.53483;-1.53346;-1.53183;-1.52989;-1.52758;-1.52486;-1.52163;-1.51782;-1.51331;-1.50799;-1.50172;-1.49431;-1.48555;-1.47517;-1.46287;-1.44824;-1.43075;-1.40973
2;5276662444338;50;absz;85886.8;76887.3;68808.5;61585.1;55119.8;49319.6;44146.9;39516.2;35366.2;31650.2;28324;25348.9;22685.5;20302.8;18169.2;16260.5;14552.3;13023.4;11655.3;10430.8;9334.23;8353.37;7475.5;6689.57;5986.2;5356.72;4793.19;4288.88;3837.33;3433.21;3071.5;2747.59;2457.71;2198.19;1965.85;1757.83;1571.59;1404.85;1255.5;1121.78;1002.02;894.814;798.838;712.887;636.103;567.513;506.349;452.019;404.003;361.957
2;5276662444338;50;frequency;20000.00000002444;22385.53853899816;25055.61678390222;28044.17375656954;31389.19662092121;35133.2035329932;39323.78408414649;44014.2042055669;49264.08322518227;55140.1516811012;61717.09952482729;69078.52549602467;77317.99973512921;86540.25314108083;96862.50859274992;108415.9709538568;121347.4948009008;135821.4510731415;152021.8163702936;170154.5114554648;190450.0186878266;213166.3116533389;238592.1342356312;267050.6708003728;298903.6541519141;334555.9634717432;374460.7706856584;419125.3006744233;469117.2785435782;525072.1459047724;587701.13789258;657800.3235824071;736260.7247225839;824079.6413975459;922373.3285811875;1032391.184709951;1155531.632626961;1293359.894754076;1447627.888434013;1620296.494325686;1813560.480908265;2029876.401899315;2271993.821195295;2542990.262224833;2846310.325953354;3185809.474764127;3565803.038745301;3991121.067296888;4467169.723268114;4999999.999999929
2;5276662444338;50;phasez;-1.54141;-1.5412;-1.54089;-1.54058;-1.54023;-1.53961;-1.53919;-1.53853;-1.53776;-1.537;-1.53599;-1.53475;-1.53344;-1.53205;-1.53032;-1.52845;-1.52623;-1.52382;-1.52109;-1.51803;-1.51463;-1.51076;-1.50644;-1.50159;-1.49619;-1.49011;-1.48331;-1.47566;-1.4671;-1.45748;-1.44669;-1.43457;-1.42097;-1.40569;-1.38852;-1.36922;-1.34752;-1.3231;-1.2956;-1.2646;-1.22963;-1.19012;-1.14544;-1.0948;-1.03726;-0.971836;-0.897191;-0.811873;-0.714158;-0.60207
3;5276981592526;20;absz;17689.2;14445.8;11793.8;9628.49;7861.48;6417.01;5238.4;4275.77;3489.3;2847.2;2322.32;1893.38;1543.09;1256.63;1022.45;830.996;674.542;547.009;443.644;361.087
3;5276981592526;20;frequency;99999.99999990905;122862.535599424;150952.0265389597;185463.4873444638;227865.1431623047;279960.8926363817;343967.05137965;422606.6409511731;519225.2346839865;637933.2888043621;783781.0140572543;962973.2274171232;1183133.324347452;1453627.601814205;1785963.729760951;2194280.323268956;2695948.443325946;3312310.615921419;4069588.809647371;4999999.999999929
3;5276981592526;20;phasez;-1.52937;-1.52617;-1.52213;-1.51702;-1.51073;-1.5029;-1.49323;-1.48127;-1.46642;-1.44802;-1.42527;-1.39705;-1.36205;-1.31853;-1.26429;-1.19648;-1.11113;-1.00311;-0.865174;-0.687741
