0;4608294959569;20;absz;1.50556e+08;1.09554e+08;7.96724e+07;5.79504e+07;4.21119e+07;3.06144e+07;2.22403e+07;1.6161e+07;1.17385e+07;8.52543e+06;6.19112e+06;4.49494e+06;3.26289e+06;2.36811e+06;1.71838e+06;1.24676e+06;904393;655957;475689;344894
0;4608294959569;20;frequency;9.999999974752427;13.86918846435492;19.23543905490988;26.67799336109056;37.00021196095804;51.31629158938722;71.17153245417285;98.70914048804025;136.9015682683994;189.8713664161278;263.3361782500288;365.2259113806622;506.5387032487934;702.5280792305466;974.3494403835484;1351.343611730726;1874.203936580443;2599.368780806799;3605.113577052066;4999.99999995282
0;4608294959569;20;phasez;-1.52663;-1.5274;-1.5296;-1.53063;-1.53159;-1.53275;-1.53316;-1.53398;-1.53476;-1.53538;-1.53594;-1.53637;-1.53661;-1.53664;-1.5363;-1.53546;-1.53401;-1.5317;-1.52819;-1.523
1;4609063222640;50;absz;8.03028e+06;6.8669e+06;5.87363e+06;5.02777e+06;4.30623e+06;3.67864e+06;3.14453e+06;2.68945e+06;2.29869e+06;1.966e+06;1.68121e+06;1.43717e+06;1.22894e+06;1.05072e+06;898339;767894;656521;561179;479693;410033;350493;299575;256047;218835;187030;159840;136604;116743;99767.8;85260.5;72859.8;62263;53207.1;45467.5;38853.7;33200.7;28370.2;24240.6;20711.4;17694.2;15114.7;12909.2;11023;9409.23;8028.16;6845.84;5832.96;4964.58;4219.13;3578.33
1;4609063222640;50;frequency;199.9999999213742;234.625769479635;275.2462588517801;322.8993264769997;378.802514688914;444.3841576318164;521.3198749487447;611.5753842550475;717.456725922716;841.6691823498468;987.3863981368913;1158.33146786315;1358.872060208682;1594.132014446359;1870.122253535556;2193.894364737048;2573.720768452858;3019.306079821149;3542.035062906734;4155.263512473084;4874.659497176026;5718.603679767398;6708.658946337209;7870.121340545211;9232.666380967203;10831.10727442716;12706.28439819177;14906.10877695531;17486.78621595445;20514.25336674129;24065.86241733066;28232.35745111674;33120.19296963342;38854.25382030405;45581.04601983359;53472.44000269313;62730.06193403319;73590.44528463698;86331.07429211862;101277.4737211686;118811.5260634959;139381.228686517;163512.140226203;191820.8086789974;225030.524286467;263989.7996954232;309694.0495706946;363311.0235703185;426210.642505751;499999.9999999716
1;4609063222640;50;phasez;-1.53573;-1.5369;-1.53708;-1.53562;-1.53818;-1.53845;-1.53837;-1.53913;-1.53986;-1.5396;-1.53997;-1.54034;-1.54076;-1.54097;-1.54135;-1.54163;-1.54182;-1.54198;-1.54213;-1.54231;-1.54241;-1.54243;-1.54242;-1.54238;-1.54221;-1.542;-1.54168;-1.54126;-1.54073;-1.54004;-1.53922;-1.53822;-1.53701;-1.53556;-1.53385;-1.53185;-1.52948;-1.52669;-1.52342;-1.51957;-1.51505;-1.50972;-1.50346;-1.49606;-1.48732;-1.47698;-1.46471;-1.4501;-1.43265;-1.41166
2;4609831332427;50;absz;87887.8;78633.8;70355.7;62963.1;56355.3;50422.8;45119.6;40375.8;36133.4;32328.9;28926.9;25887.9;23165;20729.9;18548.4;16598.6;14853.6;13292.3;11894.3;10643.4;9524.18;8521.82;7625.2;6822.73;6104.71;5461.96;4886.77;4371.93;3911.17;3498.75;3129.68;2799.26;2503.52;2238.83;2001.93;1789.86;1600.02;1430.04;1277.85;1141.6;1019.62;910.452;812.701;725.222;647.08;577.274;515.051;459.801;410.999;368.28
2;4609831332427;50;frequency;20000.00000002444;22385.53853899816;25055.61678390222;28044.17375656954;31389.19662092121;35133.2035329932;39323.78408414649;44014.2042055669;49264.08322518227;55140.1516811012;61717.09952482729;69078.52549602467;77317.99973512921;86540.25314108083;96862.50859274992;108415.9709538568;121347.4948009008;135821.4510731415;152021.8163702936;170154.5114554648;190450.0186878266;213166.3116533389;238592.1342356312;267050.6708003728;298903.6541519141;334555.9634717432;374460.7706856584;419125.3006744233;469117.2785435782;525072.1459047724;587701.13789258;657800.3235824071;736260.7247225839;824079.6413975459;922373.3285811875;1032391.184709951;1155531.632626961;1293359.894754076;1447627.888434013;1620296.494325686;1813560.480908265;2029876.401899315;2271993.821195295;2542990.262224833;2846310.325953354;3185809.474764127;3565803.038745301;3991121.067296888;4467169.723268114;4999999.999999929
2;4609831332427;50;phasez;-1.54383;-1.54315;-1.54295;-1.54286;-1.54246;-1.54204;-1.54137;-1.54048;-1.53984;-1.53892;-1.538;-1.5367;-1.53532;-1.53378;-1.53208;-1.53014;-1.52801;-1.52551;-1.52282;-1.51976;-1.51637;-1.51253;-1.50825;-1.50344;-1.49802;-1.49197;-1.48518;-1.47757;-1.46901;-1.45942;-1.44864;-1.43654;-1.42295;-1.40768;-1.39051;-1.37121;-1.34951;-1.32508;-1.29757;-1.26657;-1.23159;-1.19208;-1.1474;-1.09674;-1.0392;-0.973772;-0.899138;-0.813837;-0.716147;-0.60411
3;4610150668561;20;absz;18059.7;14746.5;12035.2;9823.79;8019.78;6545.05;5341.66;4358.86;3556.12;2900.86;2365.45;1928.02;1570.93;1279.01;1040.44;845.454;686.191;556.43;451.308;367.411
3;4610150668561;20;frequency;99999.99999990905;122862.535599424;150952.0265389597;185463.4873444638;227865.1431623047;279960.8926363817;343967.05137965;422606.6409511731;519225.2346839865;637933.2888043621;783781.0140572543;962973.2274171232;1183133.324347452;1453627.601814205;1785963.729760951;2194280.323268956;2695948.443325946;3312310.615921419;4069588.809647371;4999999.999999929
3;4610150668561;20;phasez;-1.53125;-1.52797;-1.52385;-1.51882;-1.51253;-1.50474;-1.4951;-1.48315;-1.46834;-1.45;-1.42726;-1.39904;-1.36402;-1.32049;-1.26625;-1.19841;-1.11305;-1.00504;-0.867126;-0.689762
