0;513269155924;20;absz;2.44446e+08;1.76798e+08;1.27933e+08;9.24905e+07;6.6896e+07;4.84342e+07;3.50085e+07;2.53167e+07;1.83192e+07;1.32515e+07;9.58659e+06;6.93549e+06;5.01793e+06;3.63045e+06;2.62652e+06;1.90014e+06;1.37459e+06;994385;719353;520386
0;513269155924;20;frequency;9.999999974752427;13.86918846435492;19.23543905490988;26.67799336109056;37.00021196095804;51.31629158938722;71.17153245417285;98.70914048804025;136.9015682683994;189.8713664161278;263.3361782500288;365.2259113806622;506.5387032487934;702.5280792305466;974.3494403835484;1351.343611730726;1874.203936580443;2599.368780806799;3605.113577052066;4999.99999995282
0;513269155924;20;phasez;-1.55497;-1.55607;-1.55568;-1.55551;-1.55524;-1.55565;-1.55488;-1.55478;-1.55449;-1.55413;-1.55372;-1.5531;-1.55249;-1.55172;-1.55062;-1.54909;-1.54691;-1.54385;-1.53961;-1.5337
1;514042012860;50;absz;1.2513e+07;1.06518e+07;9.10602e+06;7.76697e+06;6.63687e+06;5.65944e+06;4.83944e+06;4.12862e+06;3.52373e+06;3.00852e+06;2.5694e+06;2.19335e+06;1.8731e+06;1.59886e+06;1.36535e+06;1.16566e+06;995120;849665;725472;619357;528813;451500;385503;329157;281036;239965;204901;174956;149393;127567;108937;93027.6;79440.8;67838.7;57932.3;49472.9;42247.3;36076;30804.7;26301.9;22455;19167.5;16358.2;13956.7;11902.8;10145.5;8641.17;7352.28;6246.75;5296.84
1;514042012860;50;frequency;199.9999999213742;234.625769479635;275.2462588517801;322.8993264769997;378.802514688914;444.3841576318164;521.3198749487447;611.5753842550475;717.456725922716;841.6691823498468;987.3863981368913;1158.33146786315;1358.872060208682;1594.132014446359;1870.122253535556;2193.894364737048;2573.720768452858;3019.306079821149;3542.035062906734;4155.263512473084;4874.659497176026;5718.603679767398;6708.658946337209;7870.121340545211;9232.666380967203;10831.10727442716;12706.28439819177;14906.10877695531;17486.78621595445;20514.25336674129;24065.86241733066;28232.35745111674;33120.19296963342;38854.25382030405;45581.04601983359;53472.44000269313;62730.06193403319;73590.44528463698;86331.07429211862;101277.4737211686;118811.5260634959;139381.228686517;163512.140226203;191820.8086789974;225030.524286467;263989.7996954232;309694.0495706946;363311.0235703185;426210.642505751;499999.9999999716
1;514042012860;50;phasez;-1.55488;-1.55468;-1.55325;-1.55523;-1.55471;-1.55542;-1.55478;-1.55518;-1.55395;-1.5551;-1.55453;-1.55466;-1.55463;-1.5543;-1.55436;-1.55415;-1.55392;-1.55383;-1.55364;-1.55342;-1.55319;-1.55284;-1.55253;-1.55207;-1.55161;-1.55106;-1.55043;-1.54968;-1.54883;-1.54787;-1.54674;-1.54546;-1.54398;-1.54229;-1.54033;-1.53809;-1.53549;-1.53247;-1.52896;-1.52486;-1.52008;-1.51448;-1.50791;-1.50019;-1.49112;-1.48042;-1.46778;-1.45278;-1.43491;-1.4135
2;514810438741;50;absz;131502;117612;105175;94082.9;84132.6;75256.1;67318;60207.8;53850.2;48158.7;43081.1;38536.2;34463.9;30830.1;27575.1;24665.1;22061.6;19733.6;17653.4;15791.2;14125.1;12635.6;11302.8;10110.5;9043.98;8090.12;7236.55;6473;5789.97;5179.06;4632.29;4143.22;3705.57;3314.03;2963.74;2650.25;2369.76;2118.76;1894.23;1693.37;1513.64;1352.86;1209.1;1080.56;965.969;863.788;772.946;692.586;621.939;560.563
2;514810438741;50;frequency;20000.00000002444;22385.53853899816;25055.61678390222;28044.17375656954;31389.19662092121;35133.2035329932;39323.78408414649;44014.2042055669;49264.08322518227;55140.1516811012;61717.09952482729;69078.52549602467;77317.99973512921;86540.25314108083;96862.50859274992;108415.9709538568;121347.4948009008;135821.4510731415;152021.8163702936;170154.5114554648;190450.0186878266;213166.3116533389;238592.1342356312;267050.6708003728;298903.6541519141;334555.9634717432;374460.7706856584;419125.3006744233;469117.2785435782;525072.1459047724;587701.13789258;657800.3235824071;736260.7247225839;824079.6413975459;922373.3285811875;1032391.184709951;1155531.632626961;1293359.894754076;1447627.888434013;1620296.494325686;1813560.480908265;2029876.401899315;2271993.821195295;2542990.262224833;2846310.325953354;3185809.474764127;3565803.038745301;3991121.067296888;4467169.723268114;4999999.999999929
2;514810438741;50;phasez;-1.55169;-1.55096;-1.5506;-1.55017;-1.54943;-1.54876;-1.54795;-1.54711;-1.5462;-1.54513;-1.54389;-1.54262;-1.54104;-1.53945;-1.53739;-1.53535;-1.53298;-1.53034;-1.52745;-1.5242;-1.52047;-1.51649;-1.51193;-1.50686;-1.50122;-1.49489;-1.48782;-1.47991;-1.47109;-1.46119;-1.45013;-1.43774;-1.42386;-1.40827;-1.39081;-1.37121;-1.34922;-1.3245;-1.29671;-1.26543;-1.23018;-1.19044;-1.14553;-1.09472;-1.03698;-0.971478;-0.896828;-0.811628;-0.714191;-0.602605
3;515129753949;20;absz;26841.8;21899.4;17867.1;14576.9;11888.9;9697.38;7911.51;6452.74;5263.42;4292.68;3500.57;2854.29;2326.45;1895.55;1544.1;1257.18;1023.3;833.305;680.204;559.183
3;515129753949;20;frequency;99999.99999990905;122862.535599424;150952.0265389597;185463.4873444638;227865.1431623047;279960.8926363817;343967.05137965;422606.6409511731;519225.2346839865;637933.2888043621;783781.0140572543;962973.2274171232;1183133.324347452;1453627.601814205;1785963.729760951;2194280.323268956;2695948.443325946;3312310.615921419;4069588.809647371;4999999.999999929
3;515129753949;20;phasez;-1.53664;-1.53293;-1.52846;-1.52291;-1.51626;-1.50802;-1.49789;-1.48546;-1.47013;-1.45127;-1.42795;-1.3992;-1.36365;-1.31958;-1.26484;-1.19656;-1.11081;-1.00265;-0.864835;-0.688107
