0;6940548783191;20;absz;1.38899e+08;1.01267e+08;7.37656e+07;5.37047e+07;3.90846e+07;2.84268e+07;2.06857e+07;1.5043e+07;1.0938e+07;7.9518e+06;5.77972e+06;4.20053e+06;3.05241e+06;2.2178e+06;1.61115e+06;1.17027e+06;849920;617151;448042;325214
0;6940548783191;20;frequency;9.999999974752427;13.86918846435492;19.23543905490988;26.67799336109056;37.00021196095804;51.31629158938722;71.17153245417285;98.70914048804025;136.9015682683994;189.8713664161278;263.3361782500288;365.2259113806622;506.5387032487934;702.5280792305466;974.3494403835484;1351.343611730726;1874.203936580443;2599.368780806799;3605.113577052066;4999.99999995282
0;6940548783191;20;phasez;-1.51513;-1.51774;-1.52027;-1.52249;-1.52455;-1.52641;-1.52738;-1.52849;-1.52943;-1.53022;-1.53077;-1.53117;-1.53137;-1.53132;-1.53093;-1.5301;-1.52865;-1.52636;-1.52289;-1.51778
1;6941318021128;50;absz;7.48269e+06;6.41464e+06;5.49316e+06;4.6953e+06;4.01783e+06;3.43744e+06;2.94165e+06;2.51744e+06;2.15412e+06;1.84282e+06;1.57656e+06;1.34834e+06;1.15356e+06;986955;844180;722076;617675;528246;451832;386422;330462;282606;241673;206663;176717;151107;129208;110481;94465.3;80769.7;69059.7;59046.9;50485.4;43163.7;36903.3;31549.1;26971;23056;19707.1;16843;14393.2;12297.3;10504.1;8969.3;7655.51;6530.58;5566.37;4739.45;4029.39;3418.87
1;6941318021128;50;frequency;199.9999999213742;234.625769479635;275.2462588517801;322.8993264769997;378.802514688914;444.3841576318164;521.3198749487447;611.5753842550475;717.456725922716;841.6691823498468;987.3863981368913;1158.33146786315;1358.872060208682;1594.132014446359;1870.122253535556;2193.894364737048;2573.720768452858;3019.306079821149;3542.035062906734;4155.263512473084;4874.659497176026;5718.603679767398;6708.658946337209;7870.121340545211;9232.666380967203;10831.10727442716;12706.28439819177;14906.10877695531;17486.78621595445;20514.25336674129;24065.86241733066;28232.35745111674;33120.19296963342;38854.25382030405;45581.04601983359;53472.44000269313;62730.06193403319;73590.44528463698;86331.07429211862;101277.4737211686;118811.5260634959;139381.228686517;163512.140226203;191820.8086789974;225030.524286467;263989.7996954232;309694.0495706946;363311.0235703185;426210.642505751;499999.9999999716
1;6941318021128;50;phasez;-1.5291;-1.53054;-1.53183;-1.53214;-1.53269;-1.53296;-1.53385;-1.53401;-1.53412;-1.53454;-1.53483;-1.53498;-1.53551;-1.53581;-1.53596;-1.53631;-1.53654;-1.53673;-1.53688;-1.53706;-1.53716;-1.53725;-1.53725;-1.5372;-1.53709;-1.53689;-1.5366;-1.53621;-1.53569;-1.53505;-1.53427;-1.53332;-1.53217;-1.5308;-1.52918;-1.52727;-1.525;-1.52231;-1.51913;-1.51537;-1.51091;-1.50564;-1.49939;-1.492;-1.48324;-1.47286;-1.46053;-1.44585;-1.4283;-1.40722
2;6942088124287;50;absz;83178.2;74452.8;66674.2;59680.3;53436.8;47829.8;42827.1;38333.8;34310.7;30714.7;27492.5;24610;22029;19716.3;17649;15797.9;14140;12657.8;11329.1;10140.4;9075.93;8123.06;7270.6;6506.85;5823.58;5212.01;4664.41;4174.2;3735.4;3342.52;2990.79;2675.92;2394.02;2141.56;1915.57;1713.21;1531.96;1369.63;1224.24;1094.02;977.379;872.912;779.371;695.609;620.731;553.811;494.129;441.104;394.225;353.155
2;6942088124287;50;frequency;20000.00000002444;22385.53853899816;25055.61678390222;28044.17375656954;31389.19662092121;35133.2035329932;39323.78408414649;44014.2042055669;49264.08322518227;55140.1516811012;61717.09952482729;69078.52549602467;77317.99973512921;86540.25314108083;96862.50859274992;108415.9709538568;121347.4948009008;135821.4510731415;152021.8163702936;170154.5114554648;190450.0186878266;213166.3116533389;238592.1342356312;267050.6708003728;298903.6541519141;334555.9634717432;374460.7706856584;419125.3006744233;469117.2785435782;525072.1459047724;587701.13789258;657800.3235824071;736260.7247225839;824079.6413975459;922373.3285811875;1032391.184709951;1155531.632626961;1293359.894754076;1447627.888434013;1620296.494325686;1813560.480908265;2029876.401899315;2271993.821195295;2542990.262224833;2846310.325953354;3185809.474764127;3565803.038745301;3991121.067296888;4467169.723268114;4999999.999999929
2;6942088124287;50;phasez;-1.53859;-1.53855;-1.53818;-1.53798;-1.53739;-1.53702;-1.53638;-1.53597;-1.53531;-1.53431;-1.53337;-1.53226;-1.53099;-1.52955;-1.52788;-1.52595;-1.52383;-1.52143;-1.51877;-1.51572;-1.51232;-1.50845;-1.50413;-1.49931;-1.49386;-1.48777;-1.48093;-1.47326;-1.46464;-1.45499;-1.44415;-1.43198;-1.41833;-1.40301;-1.38578;-1.36645;-1.34469;-1.32022;-1.29266;-1.2616;-1.22657;-1.187;-1.14224;-1.09149;-1.03386;-0.968322;-0.893535;-0.808046;-0.710127;-0.597792
3;6942405991426;20;absz;17175.4;14032;11457.7;9357.22;7642.62;6239.97;5095.63;4160.14;3396.21;2772.04;2261.73;1844.6;1503.8;1225.01;997.023;810.551;658.076;533.714;432.857;352.237
3;6942405991426;20;frequency;99999.99999990905;122862.535599424;150952.0265389597;185463.4873444638;227865.1431623047;279960.8926363817;343967.05137965;422606.6409511731;519225.2346839865;637933.2888043621;783781.0140572543;962973.2274171232;1183133.324347452;1453627.601814205;1785963.729760951;2194280.323268956;2695948.443325946;3312310.615921419;4069588.809647371;4999999.999999929
3;6942405991426;20;phasez;-1.52701;-1.52386;-1.51973;-1.51476;-1.50841;-1.50062;-1.49089;-1.47883;-1.46393;-1.44547;-1.42261;-1.39431;-1.3592;-1.31559;-1.26124;-1.19329;-1.10779;-0.999565;-0.861336;-0.683498
