0;10715534697779;20;absz;1.35794e+08;9.91309e+07;7.22303e+07;5.26242e+07;3.83238e+07;2.78868e+07;2.03004e+07;1.47701e+07;1.07428e+07;7.81218e+06;5.68006e+06;4.12905e+06;3.00107e+06;2.18091e+06;1.58464e+06;1.15123e+06;836235;607350;441053;320230
0;10715534697779;20;frequency;9.999999974752427;13.86918846435492;19.23543905490988;26.67799336109056;37.00021196095804;51.31629158938722;71.17153245417285;98.70914048804025;136.9015682683994;189.8713664161278;263.3361782500288;365.2259113806622;506.5387032487934;702.5280792305466;974.3494403835484;1351.343611730726;1874.203936580443;2599.368780806799;3605.113577052066;4999.99999995282
0;10715534697779;20;phasez;-1.50999;-1.51373;-1.51656;-1.51899;-1.52118;-1.5231;-1.52491;-1.52627;-1.52751;-1.52848;-1.52927;-1.52982;-1.53014;-1.53016;-1.5298;-1.52898;-1.52748;-1.52513;-1.52159;-1.51641
1;10716301770530;50;absz;7.36736e+06;6.29208e+06;5.39533e+06;4.61627e+06;3.95409e+06;3.37897e+06;2.89222e+06;2.47629e+06;2.1183e+06;1.81177e+06;1.55063e+06;1.32634e+06;1.13513e+06;970947;830628;710611;607817;519969;444762;380423;325403;278319;238039;203585;174113;148902;127347;108904;93130.1;79641.4;68102.6;58236.1;49797.9;42580.5;36407.9;31129.7;26615;22753.7;19451.5;16626.8;14210.6;12142.8;10373.5;8859.04;7562.34;6451.78;5499.9;4683.38;3982.15;3379.11
1;10716301770530;50;frequency;199.9999999213742;234.625769479635;275.2462588517801;322.8993264769997;378.802514688914;444.3841576318164;521.3198749487447;611.5753842550475;717.456725922716;841.6691823498468;987.3863981368913;1158.33146786315;1358.872060208682;1594.132014446359;1870.122253535556;2193.894364737048;2573.720768452858;3019.306079821149;3542.035062906734;4155.263512473084;4874.659497176026;5718.603679767398;6708.658946337209;7870.121340545211;9232.666380967203;10831.10727442716;12706.28439819177;14906.10877695531;17486.78621595445;20514.25336674129;24065.86241733066;28232.35745111674;33120.19296963342;38854.25382030405;45581.04601983359;53472.44000269313;62730.06193403319;73590.44528463698;86331.07429211862;101277.4737211686;118811.5260634959;139381.228686517;163512.140226203;191820.8086789974;225030.524286467;263989.7996954232;309694.0495706946;363311.0235703185;426210.642505751;499999.9999999716
1;10716301770530;50;phasez;-1.5298;-1.52994;-1.53039;-1.53081;-1.53129;-1.53241;-1.53258;-1.53275;-1.53298;-1.5336;-1.53383;-1.53402;-1.53426;-1.53454;-1.53474;-1.53505;-1.53527;-1.53542;-1.53558;-1.53577;-1.53583;-1.53588;-1.53589;-1.53583;-1.5357;-1.53551;-1.53524;-1.53485;-1.53437;-1.53375;-1.53298;-1.53205;-1.53091;-1.52956;-1.52794;-1.52603;-1.52375;-1.52105;-1.51786;-1.51408;-1.50962;-1.50434;-1.49809;-1.4907;-1.48194;-1.47155;-1.45921;-1.44452;-1.42696;-1.40584
2;10717070018585;50;absz;82037.3;73474.3;65786.5;58887.2;52725.5;47201.6;42257.4;37825.5;33869.4;30317.3;27137;24294;21749.7;19468.3;17427.6;15601;13966.5;12501.8;11190.9;10017.4;8967.12;8026.08;7184.2;6430.35;5755.42;5151.47;4610.64;4126.38;3692.84;3304.69;2957.28;2646.14;2367.53;2118.15;1894.79;1694.75;1515.59;1355.15;1211.4;1082.66;967.314;864.019;771.504;688.65;614.56;548.344;489.271;436.774;390.347;349.663
2;10717070018585;50;frequency;20000.00000002444;22385.53853899816;25055.61678390222;28044.17375656954;31389.19662092121;35133.2035329932;39323.78408414649;44014.2042055669;49264.08322518227;55140.1516811012;61717.09952482729;69078.52549602467;77317.99973512921;86540.25314108083;96862.50859274992;108415.9709538568;121347.4948009008;135821.4510731415;152021.8163702936;170154.5114554648;190450.0186878266;213166.3116533389;238592.1342356312;267050.6708003728;298903.6541519141;334555.9634717432;374460.7706856584;419125.3006744233;469117.2785435782;525072.1459047724;587701.13789258;657800.3235824071;736260.7247225839;824079.6413975459;922373.3285811875;1032391.184709951;1155531.632626961;1293359.894754076;1447627.888434013;1620296.494325686;1813560.480908265;2029876.401899315;2271993.821195295;2542990.262224833;2846310.325953354;3185809.474764127;3565803.038745301;3991121.067296888;4467169.723268114;4999999.999999929
2;10717070018585;50;phasez;-1.53745;-1.53717;-1.53692;-1.53679;-1.5364;-1.53593;-1.53523;-1.5347;-1.53389;-1.5331;-1.53201;-1.53106;-1.52979;-1.52829;-1.52658;-1.52466;-1.52259;-1.5202;-1.51742;-1.51442;-1.511;-1.50715;-1.50284;-1.49799;-1.49254;-1.48645;-1.4796;-1.47191;-1.46329;-1.4536;-1.44275;-1.43055;-1.41686;-1.40151;-1.38425;-1.36486;-1.34307;-1.31856;-1.29096;-1.25987;-1.22479;-1.18519;-1.14039;-1.08961;-1.03193;-0.966342;-0.891493;-0.805932;-0.70792;-0.595476
3;10717384320610;20;absz;16971.2;13865.6;11323.8;9249.95;7555.6;6169.56;5038.68;4114.27;3359.11;2742.08;2237.63;1825.22;1488.27;1212.59;987.112;802.603;651.715;528.614;428.718;348.852
3;10717384320610;20;frequency;99999.99999990905;122862.535599424;150952.0265389597;185463.4873444638;227865.1431623047;279960.8926363817;343967.05137965;422606.6409511731;519225.2346839865;637933.2888043621;783781.0140572543;962973.2274171232;1183133.324347452;1453627.601814205;1785963.729760951;2194280.323268956;2695948.443325946;3312310.615921419;4069588.809647371;4999999.999999929
3;10717384320610;20;phasez;-1.52577;-1.52251;-1.51846;-1.51345;-1.50714;-1.49929;-1.48957;-1.47749;-1.46252;-1.44404;-1.4211;-1.39272;-1.35755;-1.31387;-1.25945;-1.19142;-1.10585;-0.997501;-0.85914;-0.681106
