0;8974549200554;20;absz;1.36461e+08;9.94428e+07;7.25365e+07;5.2825e+07;3.84607e+07;2.79876e+07;2.03764e+07;1.48234e+07;1.07814e+07;7.84046e+06;5.70031e+06;4.14372e+06;3.01151e+06;2.18845e+06;1.59008e+06;1.15517e+06;839072;609380;442505;321272
0;8974549200554;20;frequency;9.999999974752427;13.86918846435492;19.23543905490988;26.67799336109056;37.00021196095804;51.31629158938722;71.17153245417285;98.70914048804025;136.9015682683994;189.8713664161278;263.3361782500288;365.2259113806622;506.5387032487934;702.5280792305466;974.3494403835484;1351.343611730726;1874.203936580443;2599.368780806799;3605.113577052066;4999.99999995282
0;8974549200554;20;phasez;-1.51071;-1.51414;-1.51711;-1.5197;-1.52169;-1.52395;-1.52515;-1.52662;-1.52776;-1.52876;-1.52949;-1.53001;-1.53031;-1.53034;-1.52999;-1.52914;-1.52769;-1.52536;-1.52186;-1.51672
1;8975316996517;50;absz;7.38079e+06;6.33037e+06;5.40908e+06;4.62999e+06;3.96679e+06;3.3929e+06;2.90454e+06;2.48494e+06;2.12533e+06;1.81861e+06;1.556e+06;1.33103e+06;1.13864e+06;974288;833417;712975;609837;521664;446225;381670;326458;279205;238792;204226;174658;149363;127732;109229;93406;79873.7;68300.3;58402.3;49938.1;42700.8;36510.5;31216.9;26688.8;22816.3;19504.2;16671.4;14248.3;12174.7;10400.4;8881.7;7581.57;6467.9;5513.46;4694.82;3991.87;3387.27
1;8975316996517;50;frequency;199.9999999213742;234.625769479635;275.2462588517801;322.8993264769997;378.802514688914;444.3841576318164;521.3198749487447;611.5753842550475;717.456725922716;841.6691823498468;987.3863981368913;1158.33146786315;1358.872060208682;1594.132014446359;1870.122253535556;2193.894364737048;2573.720768452858;3019.306079821149;3542.035062906734;4155.263512473084;4874.659497176026;5718.603679767398;6708.658946337209;7870.121340545211;9232.666380967203;10831.10727442716;12706.28439819177;14906.10877695531;17486.78621595445;20514.25336674129;24065.86241733066;28232.35745111674;33120.19296963342;38854.25382030405;45581.04601983359;53472.44000269313;62730.06193403319;73590.44528463698;86331.07429211862;101277.4737211686;118811.5260634959;139381.228686517;163512.140226203;191820.8086789974;225030.524286467;263989.7996954232;309694.0495706946;363311.0235703185;426210.642505751;499999.9999999716
1;8975316996517;50;phasez;-1.5323;-1.52827;-1.53091;-1.53149;-1.53241;-1.53189;-1.53267;-1.53326;-1.53311;-1.53361;-1.53368;-1.53402;-1.53461;-1.53485;-1.53508;-1.53528;-1.53545;-1.53567;-1.53585;-1.53599;-1.5361;-1.53616;-1.53617;-1.53612;-1.536;-1.53581;-1.53554;-1.53516;-1.53467;-1.53404;-1.53327;-1.53234;-1.53119;-1.52983;-1.52821;-1.52629;-1.52401;-1.52131;-1.51812;-1.51434;-1.50988;-1.50459;-1.49834;-1.49094;-1.48218;-1.47178;-1.45944;-1.44472;-1.42714;-1.40602
2;8976087786230;50;absz;82232.5;73648.8;65923.6;59018.3;52847.1;47312;42357.1;37917.6;33943.3;30383.1;27202.7;24349.7;21798.7;19513.3;17468.2;15636.2;13997.5;12529.7;11215.3;10039.4;8986.18;8043.64;7199.54;6444.06;5767.59;5162.32;4620.21;4135.02;3700.48;3311.58;2963.38;2651.58;2372.44;2122.46;1898.64;1698.21;1518.71;1357.91;1213.88;1084.87;969.261;865.764;773.068;690.079;615.83;549.476;490.291;437.696;391.186;350.436
2;8976087786230;50;frequency;20000.00000002444;22385.53853899816;25055.61678390222;28044.17375656954;31389.19662092121;35133.2035329932;39323.78408414649;44014.2042055669;49264.08322518227;55140.1516811012;61717.09952482729;69078.52549602467;77317.99973512921;86540.25314108083;96862.50859274992;108415.9709538568;121347.4948009008;135821.4510731415;152021.8163702936;170154.5114554648;190450.0186878266;213166.3116533389;238592.1342356312;267050.6708003728;298903.6541519141;334555.9634717432;374460.7706856584;419125.3006744233;469117.2785435782;525072.1459047724;587701.13789258;657800.3235824071;736260.7247225839;824079.6413975459;922373.3285811875;1032391.184709951;1155531.632626961;1293359.894754076;1447627.888434013;1620296.494325686;1813560.480908265;2029876.401899315;2271993.821195295;2542990.262224833;2846310.325953354;3185809.474764127;3565803.038745301;3991121.067296888;4467169.723268114;4999999.999999929
2;8976087786230;50;phasez;-1.53777;-1.53753;-1.53711;-1.53695;-1.53655;-1.53614;-1.53552;-1.53509;-1.53423;-1.53338;-1.5324;-1.53126;-1.52999;-1.52855;-1.52682;-1.52495;-1.52281;-1.5204;-1.5177;-1.51466;-1.51124;-1.50741;-1.50306;-1.49822;-1.49278;-1.48666;-1.4798;-1.47213;-1.46346;-1.45377;-1.4429;-1.4307;-1.41701;-1.40165;-1.38439;-1.36501;-1.34321;-1.31871;-1.29112;-1.26002;-1.22496;-1.18535;-1.14056;-1.08978;-1.03212;-0.966544;-0.891713;-0.806179;-0.70819;-0.59577
3;8976407788722;20;absz;17003.5;13893.6;11345.9;9267.49;7569.74;6181.52;5048.26;4122.02;3365.44;2747.32;2241.87;1828.73;1491.12;1214.93;989.004;804.146;652.978;529.649;429.582;349.586
3;8976407788722;20;frequency;99999.99999990905;122862.535599424;150952.0265389597;185463.4873444638;227865.1431623047;279960.8926363817;343967.05137965;422606.6409511731;519225.2346839865;637933.2888043621;783781.0140572543;962973.2274171232;1183133.324347452;1453627.601814205;1785963.729760951;2194280.323268956;2695948.443325946;3312310.615921419;4069588.809647371;4999999.999999929
3;8976407788722;20;phasez;-1.52601;-1.52283;-1.51876;-1.51364;-1.50735;-1.49954;-1.48975;-1.47767;-1.4627;-1.44417;-1.42126;-1.39288;-1.3577;-1.31401;-1.2596;-1.19159;-1.10603;-0.997719;-0.859391;-0.681389
