0;2672444592240;20;absz;1.76983e+08;1.28326e+08;9.29583e+07;6.73142e+07;4.87412e+07;3.53214e+07;2.5561e+07;1.85076e+07;1.34014e+07;9.70238e+06;7.02388e+06;5.08482e+06;3.68059e+06;2.66403e+06;1.92816e+06;1.39547e+06;1.0099e+06;730818;528838;382658
0;2672444592240;20;frequency;9.999999974752427;13.86918846435492;19.23543905490988;26.67799336109056;37.00021196095804;51.31629158938722;71.17153245417285;98.70914048804025;136.9015682683994;189.8713664161278;263.3361782500288;365.2259113806622;506.5387032487934;702.5280792305466;974.3494403835484;1351.343611730726;1874.203936580443;2599.368780806799;3605.113577052066;4999.99999995282
0;2672444592240;20;phasez;-1.54683;-1.54731;-1.54768;-1.54893;-1.54903;-1.54946;-1.54982;-1.54998;-1.55017;-1.55029;-1.55033;-1.55022;-1.54994;-1.54943;-1.54857;-1.54728;-1.54533;-1.54255;-1.5386;-1.53304
1;2673212869360;50;absz;9.10786e+06;7.80483e+06;6.65941e+06;5.69739e+06;4.86639e+06;4.15521e+06;3.54154e+06;3.03007e+06;2.58647e+06;2.20931e+06;1.88646e+06;1.61061e+06;1.37557e+06;1.17452e+06;1.00306e+06;856643;731416;624580;533373;455451;388907;332082;283569;242131;206748;176534;150737;128705;109892;93828.3;80109.7;68395.9;58394;49853.1;42559.3;36332.1;31014.3;26472.7;22595;19282.9;16454.4;14038.2;11974.1;10210.3;8702.81;7413.59;6310.63;5366.07;4556.18;3860.92
1;2673212869360;50;frequency;199.9999999213742;234.625769479635;275.2462588517801;322.8993264769997;378.802514688914;444.3841576318164;521.3198749487447;611.5753842550475;717.456725922716;841.6691823498468;987.3863981368913;1158.33146786315;1358.872060208682;1594.132014446359;1870.122253535556;2193.894364737048;2573.720768452858;3019.306079821149;3542.035062906734;4155.263512473084;4874.659497176026;5718.603679767398;6708.658946337209;7870.121340545211;9232.666380967203;10831.10727442716;12706.28439819177;14906.10877695531;17486.78621595445;20514.25336674129;24065.86241733066;28232.35745111674;33120.19296963342;38854.25382030405;45581.04601983359;53472.44000269313;62730.06193403319;73590.44528463698;86331.07429211862;101277.4737211686;118811.5260634959;139381.228686517;163512.140226203;191820.8086789974;225030.524286467;263989.7996954232;309694.0495706946;363311.0235703185;426210.642505751;499999.9999999716
1;2673212869360;50;phasez;-1.55045;-1.55046;-1.5502;-1.55165;-1.55244;-1.5521;-1.55178;-1.55232;-1.55228;-1.55228;-1.55253;-1.55248;-1.55278;-1.5527;-1.55261;-1.55274;-1.55264;-1.55274;-1.55259;-1.55255;-1.55248;-1.55235;-1.55223;-1.552;-1.55175;-1.55144;-1.55105;-1.55059;-1.55002;-1.54935;-1.54853;-1.54754;-1.54637;-1.54497;-1.5433;-1.54134;-1.53901;-1.53626;-1.53298;-1.52911;-1.52454;-1.51911;-1.51272;-1.50515;-1.49619;-1.48559;-1.47302;-1.45808;-1.44025;-1.41885
2;2673980277926;50;absz;96671.4;86494.7;77334.4;69163.2;61844.1;55313.4;49458.8;44231.4;39554.6;35365.1;31623.4;28278.4;25287;22610.2;20218.4;18079.2;16165.5;14454.5;12925.8;11557.2;10334.1;9240.32;8262.02;7387.27;6605.08;5905.78;5280.34;4721.23;4220.93;3773.7;3373.7;3016.03;2696.1;2409.95;2154.02;1925.07;1720.29;1537.06;1373.21;1226.55;1095.38;978.023;873.052;779.187;695.391;620.6;553.998;494.932;442.823;397.312
2;2673980277926;50;frequency;20000.00000002444;22385.53853899816;25055.61678390222;28044.17375656954;31389.19662092121;35133.2035329932;39323.78408414649;44014.2042055669;49264.08322518227;55140.1516811012;61717.09952482729;69078.52549602467;77317.99973512921;86540.25314108083;96862.50859274992;108415.9709538568;121347.4948009008;135821.4510731415;152021.8163702936;170154.5114554648;190450.0186878266;213166.3116533389;238592.1342356312;267050.6708003728;298903.6541519141;334555.9634717432;374460.7706856584;419125.3006744233;469117.2785435782;525072.1459047724;587701.13789258;657800.3235824071;736260.7247225839;824079.6413975459;922373.3285811875;1032391.184709951;1155531.632626961;1293359.894754076;1447627.888434013;1620296.494325686;1813560.480908265;2029876.401899315;2271993.821195295;2542990.262224833;2846310.325953354;3185809.474764127;3565803.038745301;3991121.067296888;4467169.723268114;4999999.999999929
2;2673980277926;50;phasez;-1.55269;-1.55279;-1.55231;-1.55227;-1.55181;-1.55136;-1.55066;-1.54997;-1.54933;-1.54851;-1.5473;-1.54623;-1.54483;-1.54328;-1.54159;-1.53967;-1.53746;-1.53497;-1.53219;-1.52906;-1.52547;-1.5215;-1.51703;-1.51205;-1.50642;-1.50015;-1.49312;-1.48524;-1.47642;-1.4665;-1.45541;-1.443;-1.42904;-1.41342;-1.39589;-1.37622;-1.35412;-1.32929;-1.30138;-1.26995;-1.23454;-1.1946;-1.14947;-1.09838;-1.04037;-0.974521;-0.899442;-0.813711;-0.715606;-0.603193
3;2674297457690;20;absz;19681.7;16048.6;13081.3;10661.6;8691.33;7085.04;5774.27;4706.67;3835.59;3125.68;2546.6;2074.11;1688.75;1374.36;1117.7;908.201;737.304;598.275;485.844;396.365
3;2674297457690;20;frequency;99999.99999990905;122862.535599424;150952.0265389597;185463.4873444638;227865.1431623047;279960.8926363817;343967.05137965;422606.6409511731;519225.2346839865;637933.2888043621;783781.0140572543;962973.2274171232;1183133.324347452;1453627.601814205;1785963.729760951;2194280.323268956;2695948.443325946;3312310.615921419;4069588.809647371;4999999.999999929
3;2674297457690;20;phasez;-1.54079;-1.53751;-1.53316;-1.52793;-1.52142;-1.51326;-1.50322;-1.49082;-1.47547;-1.45653;-1.43316;-1.40427;-1.36855;-1.32428;-1.26925;-1.20062;-1.11445;-1.00562;-0.866916;-0.688817
