0;6960078100494;20;absz;1.38986e+08;1.0127e+08;7.37559e+07;5.36826e+07;3.90802e+07;2.84167e+07;2.0681e+07;1.50398e+07;1.09353e+07;7.94972e+06;5.77832e+06;4.19948e+06;3.05162e+06;2.21719e+06;1.61075e+06;1.16996e+06;849700;616994;447935;325139
0;6960078100494;20;frequency;9.999999974752427;13.86918846435492;19.23543905490988;26.67799336109056;37.00021196095804;51.31629158938722;71.17153245417285;98.70914048804025;136.9015682683994;189.8713664161278;263.3361782500288;365.2259113806622;506.5387032487934;702.5280792305466;974.3494403835484;1351.343611730726;1874.203936580443;2599.368780806799;3605.113577052066;4999.99999995282
0;6960078100494;20;phasez;-1.51547;-1.51817;-1.52031;-1.5227;-1.52439;-1.52619;-1.52732;-1.52854;-1.52943;-1.53019;-1.53075;-1.53116;-1.53135;-1.53129;-1.5309;-1.53007;-1.52862;-1.52633;-1.52287;-1.51775
1;6960846605154;50;absz;7.50388e+06;6.41079e+06;5.49381e+06;4.69071e+06;4.019e+06;3.43424e+06;2.9412e+06;2.5171e+06;2.15236e+06;1.84225e+06;1.57591e+06;1.34816e+06;1.15323e+06;986581;843924;721876;617519;528117;451728;386325;330379;282544;241620;206618;176681;151076;129183;110458;94446.9;80754.7;69047.5;59035.1;50474.9;43154.7;36895.9;31543.4;26965.9;23051;19702.9;16839.7;14390.3;12295;10502.1;8967.71;7654.27;6529.39;5565.4;4738.64;4028.69;3418.28
1;6960846605154;50;frequency;199.9999999213742;234.625769479635;275.2462588517801;322.8993264769997;378.802514688914;444.3841576318164;521.3198749487447;611.5753842550475;717.456725922716;841.6691823498468;987.3863981368913;1158.33146786315;1358.872060208682;1594.132014446359;1870.122253535556;2193.894364737048;2573.720768452858;3019.306079821149;3542.035062906734;4155.263512473084;4874.659497176026;5718.603679767398;6708.658946337209;7870.121340545211;9232.666380967203;10831.10727442716;12706.28439819177;14906.10877695531;17486.78621595445;20514.25336674129;24065.86241733066;28232.35745111674;33120.19296963342;38854.25382030405;45581.04601983359;53472.44000269313;62730.06193403319;73590.44528463698;86331.07429211862;101277.4737211686;118811.5260634959;139381.228686517;163512.140226203;191820.8086789974;225030.524286467;263989.7996954232;309694.0495706946;363311.0235703185;426210.642505751;499999.9999999716
1;6960846605154;50;phasez;-1.52764;-1.53161;-1.532;-1.5327;-1.53293;-1.53318;-1.53362;-1.53442;-1.53417;-1.53479;-1.53485;-1.53512;-1.53544;-1.53575;-1.536;-1.53628;-1.53644;-1.5367;-1.53682;-1.53699;-1.53712;-1.53721;-1.5372;-1.5372;-1.53704;-1.53687;-1.53658;-1.53618;-1.53569;-1.53505;-1.53425;-1.5333;-1.53215;-1.53078;-1.52916;-1.52725;-1.52499;-1.5223;-1.51912;-1.51536;-1.5109;-1.50563;-1.49938;-1.49199;-1.48323;-1.47284;-1.46051;-1.44583;-1.42829;-1.40721
2;6961617643624;50;absz;83165.6;74461.5;66637.1;59651.6;53410;47820.6;42811.1;38323.6;34307.2;30706.2;27487.7;24602.8;22022.2;19712.3;17644.9;15793.2;14138.1;12654.1;11326.3;10137.9;9073.63;8121.1;7268.7;6505.38;5822.17;5210.69;4663.28;4173.21;3734.56;3341.79;2990.18;2675.28;2393.45;2141.12;1915.13;1712.8;1531.58;1369.31;1223.96;1093.77;977.167;872.737;779.202;695.465;620.617;553.714;494.036;441.017;394.145;353.073
2;6961617643624;50;frequency;20000.00000002444;22385.53853899816;25055.61678390222;28044.17375656954;31389.19662092121;35133.2035329932;39323.78408414649;44014.2042055669;49264.08322518227;55140.1516811012;61717.09952482729;69078.52549602467;77317.99973512921;86540.25314108083;96862.50859274992;108415.9709538568;121347.4948009008;135821.4510731415;152021.8163702936;170154.5114554648;190450.0186878266;213166.3116533389;238592.1342356312;267050.6708003728;298903.6541519141;334555.9634717432;374460.7706856584;419125.3006744233;469117.2785435782;525072.1459047724;587701.13789258;657800.3235824071;736260.7247225839;824079.6413975459;922373.3285811875;1032391.184709951;1155531.632626961;1293359.894754076;1447627.888434013;1620296.494325686;1813560.480908265;2029876.401899315;2271993.821195295;2542990.262224833;2846310.325953354;3185809.474764127;3565803.038745301;3991121.067296888;4467169.723268114;4999999.999999929
2;6961617643624;50;phasez;-1.53859;-1.53845;-1.53826;-1.53832;-1.53759;-1.53704;-1.53664;-1.53586;-1.53524;-1.53433;-1.53335;-1.5323;-1.53089;-1.52953;-1.52782;-1.52593;-1.52384;-1.52144;-1.51873;-1.51572;-1.51228;-1.50847;-1.50413;-1.49929;-1.49385;-1.48775;-1.48091;-1.47323;-1.46463;-1.45496;-1.44412;-1.43198;-1.41832;-1.40298;-1.38578;-1.36642;-1.34468;-1.3202;-1.29264;-1.26158;-1.22655;-1.18698;-1.14222;-1.0915;-1.03385;-0.968306;-0.893517;-0.808032;-0.710112;-0.59778
3;6961937036990;20;absz;17170.3;14026.8;11453.5;9354.78;7640.45;6238.18;5093.96;4158.87;3395.21;2771.17;2261.04;1844.02;1503.36;1224.66;996.745;810.313;657.89;533.555;432.726;352.13
3;6961937036990;20;frequency;99999.99999990905;122862.535599424;150952.0265389597;185463.4873444638;227865.1431623047;279960.8926363817;343967.05137965;422606.6409511731;519225.2346839865;637933.2888043621;783781.0140572543;962973.2274171232;1183133.324347452;1453627.601814205;1785963.729760951;2194280.323268956;2695948.443325946;3312310.615921419;4069588.809647371;4999999.999999929
3;6961937036990;20;phasez;-1.5269;-1.52385;-1.51974;-1.51471;-1.5084;-1.50061;-1.4909;-1.47884;-1.46393;-1.44546;-1.4226;-1.3943;-1.35919;-1.31558;-1.26125;-1.19329;-1.1078;-0.999565;-0.86134;-0.683507
