0;1046051657394;20;absz;2.12695e+08;1.53816e+08;1.11211e+08;8.03841e+07;5.813e+07;4.20565e+07;3.03861e+07;2.19691e+07;1.5886e+07;1.14877e+07;8.30776e+06;6.00851e+06;4.34592e+06;3.14368e+06;2.27407e+06;1.64517e+06;1.19022e+06;861118;623050;450828
0;1046051657394;20;frequency;9.999999974752427;13.86918846435492;19.23543905490988;26.67799336109056;37.00021196095804;51.31629158938722;71.17153245417285;98.70914048804025;136.9015682683994;189.8713664161278;263.3361782500288;365.2259113806622;506.5387032487934;702.5280792305466;974.3494403835484;1351.343611730726;1874.203936580443;2599.368780806799;3605.113577052066;4999.99999995282
0;1046051657394;20;phasez;-1.55778;-1.55829;-1.5571;-1.55703;-1.5575;-1.5572;-1.55699;-1.55656;-1.55624;-1.55572;-1.55503;-1.55432;-1.55343;-1.5523;-1.55088;-1.54902;-1.54653;-1.54318;-1.53863;-1.53243
1;1046819856426;50;absz;1.08436e+07;9.24993e+06;7.89357e+06;6.72276e+06;5.74018e+06;4.90623e+06;4.18616e+06;3.57244e+06;3.05241e+06;2.6053e+06;2.2248e+06;1.89945e+06;1.62124e+06;1.38441e+06;1.18209e+06;1.00921e+06;861818;735854;628256;536455;458079;391185;334048;285259;243611;208055;177687;151752;129614;110707;94557.6;80768.9;68993.7;58935.1;50344.2;43006.5;36737.3;31381.6;26805.6;22895.6;19554.1;16698.2;14256.7;12168.6;10382.4;8853.83;7544.45;6422.32;5459.16;4631.29
1;1046819856426;50;frequency;199.9999999213742;234.625769479635;275.2462588517801;322.8993264769997;378.802514688914;444.3841576318164;521.3198749487447;611.5753842550475;717.456725922716;841.6691823498468;987.3863981368913;1158.33146786315;1358.872060208682;1594.132014446359;1870.122253535556;2193.894364737048;2573.720768452858;3019.306079821149;3542.035062906734;4155.263512473084;4874.659497176026;5718.603679767398;6708.658946337209;7870.121340545211;9232.666380967203;10831.10727442716;12706.28439819177;14906.10877695531;17486.78621595445;20514.25336674129;24065.86241733066;28232.35745111674;33120.19296963342;38854.25382030405;45581.04601983359;53472.44000269313;62730.06193403319;73590.44528463698;86331.07429211862;101277.4737211686;118811.5260634959;139381.228686517;163512.140226203;191820.8086789974;225030.524286467;263989.7996954232;309694.0495706946;363311.0235703185;426210.642505751;499999.9999999716
1;1046819856426;50;phasez;-1.55194;-1.55508;-1.55581;-1.55635;-1.55644;-1.55571;-1.55541;-1.55491;-1.55554;-1.55467;-1.55466;-1.55478;-1.55433;-1.554;-1.55384;-1.5537;-1.55343;-1.55306;-1.5527;-1.55239;-1.55194;-1.55149;-1.55099;-1.55046;-1.54983;-1.54913;-1.54839;-1.54752;-1.54653;-1.54542;-1.54419;-1.54279;-1.54119;-1.53937;-1.53729;-1.53494;-1.53222;-1.52906;-1.52541;-1.52118;-1.51626;-1.51052;-1.50382;-1.49598;-1.48677;-1.47594;-1.46317;-1.44804;-1.43005;-1.40852
2;1047588182442;50;absz;114159;102082;91283.4;81695.3;73061.3;65377.1;58481.8;52313.5;46806.3;41873.8;37459.8;33515.5;29982.8;26821.9;24000.2;21473.5;19211.6;17189.1;15379.9;13763.8;12315.5;11019;9860.06;8822.88;7894.63;7064.2;6321.06;5656.13;5061.01;4528.54;4051.97;3625.27;3243.53;2901.82;2595.94;2322.16;2077.16;1857.76;1661.37;1485.55;1328.18;1187.34;1061.31;948.551;847.943;758.164;678.246;607.456;545.119;490.847
2;1047588182442;50;frequency;20000.00000002444;22385.53853899816;25055.61678390222;28044.17375656954;31389.19662092121;35133.2035329932;39323.78408414649;44014.2042055669;49264.08322518227;55140.1516811012;61717.09952482729;69078.52549602467;77317.99973512921;86540.25314108083;96862.50859274992;108415.9709538568;121347.4948009008;135821.4510731415;152021.8163702936;170154.5114554648;190450.0186878266;213166.3116533389;238592.1342356312;267050.6708003728;298903.6541519141;334555.9634717432;374460.7706856584;419125.3006744233;469117.2785435782;525072.1459047724;587701.13789258;657800.3235824071;736260.7247225839;824079.6413975459;922373.3285811875;1032391.184709951;1155531.632626961;1293359.894754076;1447627.888434013;1620296.494325686;1813560.480908265;2029876.401899315;2271993.821195295;2542990.262224833;2846310.325953354;3185809.474764127;3565803.038745301;3991121.067296888;4467169.723268114;4999999.999999929
2;1047588182442;50;phasez;-1.54892;-1.5485;-1.54795;-1.54752;-1.54643;-1.5459;-1.54518;-1.54413;-1.54323;-1.54186;-1.54065;-1.53916;-1.53766;-1.53584;-1.53384;-1.53164;-1.52925;-1.5265;-1.52335;-1.52006;-1.51634;-1.51219;-1.50755;-1.5024;-1.49664;-1.49024;-1.48307;-1.47512;-1.46616;-1.45618;-1.44502;-1.43254;-1.41856;-1.4029;-1.38536;-1.36567;-1.34357;-1.31876;-1.29087;-1.25949;-1.22415;-1.18428;-1.13927;-1.08828;-1.03042;-0.964732;-0.889868;-0.804404;-0.706664;-0.594704
3;1047906722203;20;absz;23363.2;19072.9;15568.9;12706.4;10369.7;8464.18;6908.65;5638.5;4602.36;3755.76;3064.92;2500.37;2039.26;1662.58;1354.9;1103.45;898.242;731.355;596.533;489.639
3;1047906722203;20;frequency;99999.99999990905;122862.535599424;150952.0265389597;185463.4873444638;227865.1431623047;279960.8926363817;343967.05137965;422606.6409511731;519225.2346839865;637933.2888043621;783781.0140572543;962973.2274171232;1183133.324347452;1453627.601814205;1785963.729760951;2194280.323268956;2695948.443325946;3312310.615921419;4069588.809647371;4999999.999999929
3;1047906722203;20;phasez;-1.5328;-1.52904;-1.52454;-1.51889;-1.51192;-1.50352;-1.49329;-1.48061;-1.46515;-1.44611;-1.42263;-1.39372;-1.35799;-1.31377;-1.25883;-1.19034;-1.10438;-0.995841;-0.857588;-0.680237
