0;9847862088689;20;absz;1.36068e+08;9.92701e+07;7.23614e+07;5.27099e+07;3.83758e+07;2.79251e+07;2.03313e+07;1.4791e+07;1.0758e+07;7.82377e+06;5.6885e+06;4.13518e+06;3.0055e+06;2.18411e+06;1.58694e+06;1.15291e+06;837452;608239;441674;320675
0;9847862088689;20;frequency;9.999999974752427;13.86918846435492;19.23543905490988;26.67799336109056;37.00021196095804;51.31629158938722;71.17153245417285;98.70914048804025;136.9015682683994;189.8713664161278;263.3361782500288;365.2259113806622;506.5387032487934;702.5280792305466;974.3494403835484;1351.343611730726;1874.203936580443;2599.368780806799;3605.113577052066;4999.99999995282
0;9847862088689;20;phasez;-1.51042;-1.51383;-1.51649;-1.5193;-1.52141;-1.52336;-1.52503;-1.52642;-1.52761;-1.52857;-1.52932;-1.52985;-1.53016;-1.53019;-1.52986;-1.529;-1.52756;-1.52523;-1.52173;-1.51658
1;9848630847515;50;absz;7.37409e+06;6.30208e+06;5.40182e+06;4.62435e+06;3.957e+06;3.38512e+06;2.89689e+06;2.48034e+06;2.12069e+06;1.81454e+06;1.55264e+06;1.32828e+06;1.13657e+06;972322;831907;711607;608721;520663;445385;380952;325845;278697;238363;203858;174344;149097;127505;109037;93241.9;79734.9;68182.2;58302.4;49852.6;42627.2;36448.3;31164;26644.3;22778.9;19472.7;16644.9;14225.5;12155.5;10384.2;8868.18;7570.18;6458.43;5505.39;4687.99;3986.03;3382.38
1;9848630847515;50;frequency;199.9999999213742;234.625769479635;275.2462588517801;322.8993264769997;378.802514688914;444.3841576318164;521.3198749487447;611.5753842550475;717.456725922716;841.6691823498468;987.3863981368913;1158.33146786315;1358.872060208682;1594.132014446359;1870.122253535556;2193.894364737048;2573.720768452858;3019.306079821149;3542.035062906734;4155.263512473084;4874.659497176026;5718.603679767398;6708.658946337209;7870.121340545211;9232.666380967203;10831.10727442716;12706.28439819177;14906.10877695531;17486.78621595445;20514.25336674129;24065.86241733066;28232.35745111674;33120.19296963342;38854.25382030405;45581.04601983359;53472.44000269313;62730.06193403319;73590.44528463698;86331.07429211862;101277.4737211686;118811.5260634959;139381.228686517;163512.140226203;191820.8086789974;225030.524286467;263989.7996954232;309694.0495706946;363311.0235703185;426210.642505751;499999.9999999716
1;9848630847515;50;phasez;-1.52929;-1.53023;-1.53069;-1.53113;-1.53203;-1.53219;-1.53229;-1.53272;-1.53316;-1.5334;-1.53372;-1.53409;-1.53431;-1.53476;-1.53502;-1.5352;-1.5353;-1.53553;-1.53572;-1.53585;-1.53594;-1.53602;-1.53604;-1.53597;-1.53588;-1.53569;-1.53542;-1.53503;-1.53454;-1.5339;-1.53314;-1.5322;-1.53106;-1.52969;-1.52807;-1.52615;-1.52387;-1.52117;-1.51797;-1.5142;-1.50973;-1.50446;-1.49821;-1.49082;-1.48207;-1.47169;-1.45936;-1.44467;-1.42711;-1.40601
2;9849399144084;50;absz;82133.5;73537.9;65833.1;58932.5;52763.9;47249.7;42290.8;37858.7;33896.2;30340;27159.5;24313.3;21765.9;19484.6;17442.3;15614.2;13977.8;12512.3;11200;10025.5;8974.05;8032.61;7189.8;6435.38;5760.16;5155.46;4614.24;4129.55;3695.65;3307.21;2959.47;2648.04;2369.26;2119.61;1896.05;1695.91;1516.62;1356.03;1212.18;1083.36;967.937;864.55;771.964;689.049;614.91;548.645;489.541;437.022;390.566;349.871
2;9849399144084;50;frequency;20000.00000002444;22385.53853899816;25055.61678390222;28044.17375656954;31389.19662092121;35133.2035329932;39323.78408414649;44014.2042055669;49264.08322518227;55140.1516811012;61717.09952482729;69078.52549602467;77317.99973512921;86540.25314108083;96862.50859274992;108415.9709538568;121347.4948009008;135821.4510731415;152021.8163702936;170154.5114554648;190450.0186878266;213166.3116533389;238592.1342356312;267050.6708003728;298903.6541519141;334555.9634717432;374460.7706856584;419125.3006744233;469117.2785435782;525072.1459047724;587701.13789258;657800.3235824071;736260.7247225839;824079.6413975459;922373.3285811875;1032391.184709951;1155531.632626961;1293359.894754076;1447627.888434013;1620296.494325686;1813560.480908265;2029876.401899315;2271993.821195295;2542990.262224833;2846310.325953354;3185809.474764127;3565803.038745301;3991121.067296888;4467169.723268114;4999999.999999929
2;9849399144084;50;phasez;-1.53752;-1.53756;-1.53736;-1.53685;-1.53648;-1.53595;-1.53546;-1.53476;-1.53417;-1.53336;-1.5322;-1.53119;-1.52977;-1.52836;-1.52672;-1.52482;-1.5227;-1.52029;-1.5176;-1.51456;-1.51114;-1.5073;-1.50299;-1.49814;-1.4927;-1.48657;-1.47975;-1.47208;-1.46344;-1.45376;-1.44291;-1.43072;-1.41705;-1.4017;-1.38445;-1.36505;-1.34326;-1.31876;-1.29117;-1.26007;-1.225;-1.18539;-1.14059;-1.0898;-1.03213;-0.966545;-0.891697;-0.806135;-0.708137;-0.595707
3;9849717503690;20;absz;16981.9;13874.3;11330.7;9255.45;7560.09;6173.6;5041.74;4116.79;3361.12;2743.71;2238.91;1826.26;1489.06;1213.23;987.59;802.993;652.03;528.861;428.917;349.018
3;9849717503690;20;frequency;99999.99999990905;122862.535599424;150952.0265389597;185463.4873444638;227865.1431623047;279960.8926363817;343967.05137965;422606.6409511731;519225.2346839865;637933.2888043621;783781.0140572543;962973.2274171232;1183133.324347452;1453627.601814205;1785963.729760951;2194280.323268956;2695948.443325946;3312310.615921419;4069588.809647371;4999999.999999929
3;9849717503690;20;phasez;-1.52585;-1.52262;-1.51856;-1.51358;-1.50728;-1.49942;-1.48972;-1.47765;-1.4627;-1.44419;-1.42128;-1.39292;-1.35774;-1.31405;-1.25965;-1.19162;-1.10604;-0.997706;-0.859347;-0.681299
