0;5760588603444;20;absz;1.42681e+08;1.03992e+08;7.56559e+07;5.5065e+07;4.0052e+07;2.91279e+07;2.1179e+07;1.5398e+07;1.11933e+07;8.13461e+06;5.91128e+06;4.29507e+06;3.12027e+06;2.26651e+06;1.64612e+06;1.19529e+06;867812;629940;457204;331779
0;5760588603444;20;frequency;9.999999974752427;13.86918846435492;19.23543905490988;26.67799336109056;37.00021196095804;51.31629158938722;71.17153245417285;98.70914048804025;136.9015682683994;189.8713664161278;263.3361782500288;365.2259113806622;506.5387032487934;702.5280792305466;974.3494403835484;1351.343611730726;1874.203936580443;2599.368780806799;3605.113577052066;4999.99999995282
0;5760588603444;20;phasez;-1.52097;-1.52227;-1.52442;-1.52604;-1.52751;-1.52899;-1.52954;-1.53047;-1.5312;-1.53178;-1.53225;-1.53257;-1.53276;-1.53271;-1.53233;-1.53151;-1.53006;-1.52774;-1.52421;-1.51905
1;5761358571696;50;absz;7.68193e+06;6.55495e+06;5.61022e+06;4.80062e+06;4.10905e+06;3.51409e+06;3.00861e+06;2.5729e+06;2.20125e+06;1.88289e+06;1.61082e+06;1.37773e+06;1.1782e+06;1.00777e+06;861928;737202;630427;539165;461070;394278;337141;288285;246499;210770;180206;154079;131730;112622;96282.2;82312.6;70368.1;60156.2;51424;43958.8;37576.1;32119;27453.3;23463.7;20052.6;17135.7;14640.8;12507.2;10681.8;9120.06;7783.28;6638.75;5657.95;4816.88;4094.72;3473.81
1;5761358571696;50;frequency;199.9999999213742;234.625769479635;275.2462588517801;322.8993264769997;378.802514688914;444.3841576318164;521.3198749487447;611.5753842550475;717.456725922716;841.6691823498468;987.3863981368913;1158.33146786315;1358.872060208682;1594.132014446359;1870.122253535556;2193.894364737048;2573.720768452858;3019.306079821149;3542.035062906734;4155.263512473084;4874.659497176026;5718.603679767398;6708.658946337209;7870.121340545211;9232.666380967203;10831.10727442716;12706.28439819177;14906.10877695531;17486.78621595445;20514.25336674129;24065.86241733066;28232.35745111674;33120.19296963342;38854.25382030405;45581.04601983359;53472.44000269313;62730.06193403319;73590.44528463698;86331.07429211862;101277.4737211686;118811.5260634959;139381.228686517;163512.140226203;191820.8086789974;225030.524286467;263989.7996954232;309694.0495706946;363311.0235703185;426210.642505751;499999.9999999716
1;5761358571696;50;phasez;-1.53338;-1.53177;-1.53276;-1.5343;-1.53363;-1.53452;-1.53503;-1.53553;-1.53547;-1.53621;-1.53631;-1.53662;-1.53688;-1.53718;-1.53742;-1.53773;-1.53789;-1.53801;-1.53823;-1.53833;-1.53845;-1.5385;-1.53852;-1.5385;-1.53838;-1.53821;-1.53795;-1.5376;-1.53711;-1.53652;-1.53575;-1.53482;-1.5337;-1.53236;-1.53074;-1.52884;-1.52656;-1.52386;-1.52067;-1.51688;-1.51239;-1.50708;-1.50081;-1.49339;-1.48462;-1.47423;-1.46191;-1.44724;-1.42972;-1.40867
2;5762129712098;50;absz;84810.5;75936.7;67958.9;60833.7;54450.7;48731.8;43629.8;39053;34945.6;31274;27990.5;25054.9;22424.4;20068;17961.1;16075.3;14386.7;12876;11524.3;10314.2;9230.6;8261.05;7392.92;6616.32;5920.8;5298.62;4741.39;4242.72;3796.49;3396.79;3039.11;2718.85;2432.17;2175.47;1945.68;1739.96;1555.71;1390.72;1242.96;1110.63;992.138;886.043;791.028;705.983;629.961;562.028;501.455;447.649;400.089;358.44
2;5762129712098;50;frequency;20000.00000002444;22385.53853899816;25055.61678390222;28044.17375656954;31389.19662092121;35133.2035329932;39323.78408414649;44014.2042055669;49264.08322518227;55140.1516811012;61717.09952482729;69078.52549602467;77317.99973512921;86540.25314108083;96862.50859274992;108415.9709538568;121347.4948009008;135821.4510731415;152021.8163702936;170154.5114554648;190450.0186878266;213166.3116533389;238592.1342356312;267050.6708003728;298903.6541519141;334555.9634717432;374460.7706856584;419125.3006744233;469117.2785435782;525072.1459047724;587701.13789258;657800.3235824071;736260.7247225839;824079.6413975459;922373.3285811875;1032391.184709951;1155531.632626961;1293359.894754076;1447627.888434013;1620296.494325686;1813560.480908265;2029876.401899315;2271993.821195295;2542990.262224833;2846310.325953354;3185809.474764127;3565803.038745301;3991121.067296888;4467169.723268114;4999999.999999929
2;5762129712098;50;phasez;-1.54032;-1.54001;-1.53969;-1.53951;-1.53898;-1.53879;-1.5381;-1.53759;-1.53685;-1.53592;-1.53491;-1.53384;-1.5325;-1.53103;-1.52937;-1.52747;-1.52529;-1.52292;-1.52021;-1.51716;-1.51369;-1.50982;-1.50552;-1.50068;-1.49526;-1.48914;-1.48231;-1.47466;-1.46607;-1.45643;-1.44561;-1.43349;-1.41985;-1.40455;-1.38735;-1.36804;-1.34631;-1.32186;-1.29433;-1.2633;-1.22829;-1.18875;-1.14403;-1.09332;-1.03572;-0.970229;-0.8955;-0.810085;-0.71225;-0.600022
3;5762446318363;20;absz;17487.1;14280.7;11660.2;9520.7;7774.17;6346.77;5181.66;4229.69;3452.31;2817.3;2298.23;1873.95;1527.46;1244.04;1012.33;822.86;667.982;541.719;439.353;357.574
3;5762446318363;20;frequency;99999.99999990905;122862.535599424;150952.0265389597;185463.4873444638;227865.1431623047;279960.8926363817;343967.05137965;422606.6409511731;519225.2346839865;637933.2888043621;783781.0140572543;962973.2274171232;1183133.324347452;1453627.601814205;1785963.729760951;2194280.323268956;2695948.443325946;3312310.615921419;4069588.809647371;4999999.999999929
3;5762446318363;20;phasez;-1.52845;-1.52526;-1.5212;-1.51613;-1.50982;-1.50196;-1.49225;-1.48023;-1.46537;-1.44694;-1.42415;-1.39587;-1.36082;-1.31725;-1.26295;-1.19505;-1.10961;-1.00147;-0.863365;-0.685691
