0;6014461616041;20;absz;1.41593e+08;1.03174e+08;7.51089e+07;5.46484e+07;3.97647e+07;2.89272e+07;2.10289e+07;1.5293e+07;1.11159e+07;8.07977e+06;5.87204e+06;4.26704e+06;3.10029e+06;2.25229e+06;1.63602e+06;1.18814e+06;862734;626344;454635;329939
0;6014461616041;20;frequency;9.999999974752427;13.86918846435492;19.23543905490988;26.67799336109056;37.00021196095804;51.31629158938722;71.17153245417285;98.70914048804025;136.9015682683994;189.8713664161278;263.3361782500288;365.2259113806622;506.5387032487934;702.5280792305466;974.3494403835484;1351.343611730726;1874.203936580443;2599.368780806799;3605.113577052066;4999.99999995282
0;6014461616041;20;phasez;-1.51984;-1.52176;-1.52332;-1.52516;-1.52673;-1.52752;-1.52894;-1.52985;-1.53069;-1.53123;-1.53169;-1.53202;-1.53217;-1.5321;-1.53172;-1.53091;-1.52949;-1.52722;-1.52374;-1.51862
1;6015231259067;50;absz;7.60745e+06;6.52067e+06;5.57106e+06;4.77087e+06;4.08491e+06;3.49117e+06;2.98999e+06;2.55647e+06;2.18715e+06;1.87106e+06;1.60084e+06;1.36913e+06;1.17125e+06;1.00185e+06;856897;732882;626791;536085;458474;392091;335261;286696;245155;209620;179231;153248;131024;112023;95775.5;81881.6;70001;59843.4;51160.2;43735.4;37387;31958.2;27317.1;23348.4;19954.6;17052.6;14570.5;12447.6;10631.3;9077.34;7747.15;6608.14;5632.11;4794.99;4076.31;3458.33
1;6015231259067;50;frequency;199.9999999213742;234.625769479635;275.2462588517801;322.8993264769997;378.802514688914;444.3841576318164;521.3198749487447;611.5753842550475;717.456725922716;841.6691823498468;987.3863981368913;1158.33146786315;1358.872060208682;1594.132014446359;1870.122253535556;2193.894364737048;2573.720768452858;3019.306079821149;3542.035062906734;4155.263512473084;4874.659497176026;5718.603679767398;6708.658946337209;7870.121340545211;9232.666380967203;10831.10727442716;12706.28439819177;14906.10877695531;17486.78621595445;20514.25336674129;24065.86241733066;28232.35745111674;33120.19296963342;38854.25382030405;45581.04601983359;53472.44000269313;62730.06193403319;73590.44528463698;86331.07429211862;101277.4737211686;118811.5260634959;139381.228686517;163512.140226203;191820.8086789974;225030.524286467;263989.7996954232;309694.0495706946;363311.0235703185;426210.642505751;499999.9999999716
1;6015231259067;50;phasez;-1.53187;-1.53147;-1.53403;-1.53233;-1.53381;-1.53298;-1.53411;-1.53471;-1.53522;-1.53538;-1.53556;-1.53606;-1.53632;-1.53645;-1.53679;-1.53712;-1.53741;-1.53752;-1.53777;-1.53789;-1.53804;-1.53808;-1.53815;-1.5381;-1.538;-1.53784;-1.53757;-1.53721;-1.53672;-1.5361;-1.53535;-1.53442;-1.53331;-1.53194;-1.53032;-1.52841;-1.52614;-1.52344;-1.52024;-1.51645;-1.51197;-1.50667;-1.5004;-1.49299;-1.48422;-1.47382;-1.46149;-1.44682;-1.42928;-1.40822
2;6016000497854;50;absz;84357.1;75505.4;67602.9;60510.1;54159;48477.9;43406.7;38848.2;34769.8;31118.5;27854.6;24929.7;22312.5;19970.5;17874.1;15997.4;14318.3;12815;11469.9;10265.5;9187.41;8222.61;7358.68;6585.71;5893.59;5274.52;4720;4223.71;3779.37;3381.73;3025.7;2706.92;2421.58;2166.09;1937.36;1732.57;1549.15;1384.91;1237.83;1106.08;988.09;882.446;787.834;703.142;627.428;559.771;499.452;445.863;398.485;356.994
2;6016000497854;50;frequency;20000.00000002444;22385.53853899816;25055.61678390222;28044.17375656954;31389.19662092121;35133.2035329932;39323.78408414649;44014.2042055669;49264.08322518227;55140.1516811012;61717.09952482729;69078.52549602467;77317.99973512921;86540.25314108083;96862.50859274992;108415.9709538568;121347.4948009008;135821.4510731415;152021.8163702936;170154.5114554648;190450.0186878266;213166.3116533389;238592.1342356312;267050.6708003728;298903.6541519141;334555.9634717432;374460.7706856584;419125.3006744233;469117.2785435782;525072.1459047724;587701.13789258;657800.3235824071;736260.7247225839;824079.6413975459;922373.3285811875;1032391.184709951;1155531.632626961;1293359.894754076;1447627.888434013;1620296.494325686;1813560.480908265;2029876.401899315;2271993.821195295;2542990.262224833;2846310.325953354;3185809.474764127;3565803.038745301;3991121.067296888;4467169.723268114;4999999.999999929
2;6016000497854;50;phasez;-1.53978;-1.53978;-1.53954;-1.53903;-1.53862;-1.53818;-1.53776;-1.5371;-1.53632;-1.5356;-1.53454;-1.53342;-1.53209;-1.53061;-1.52896;-1.52706;-1.52494;-1.52251;-1.51979;-1.51677;-1.51328;-1.50947;-1.50512;-1.50025;-1.49483;-1.48874;-1.4819;-1.47425;-1.46564;-1.45597;-1.44516;-1.43302;-1.41939;-1.40407;-1.38687;-1.36754;-1.3458;-1.32134;-1.2938;-1.26276;-1.22774;-1.1882;-1.14346;-1.09276;-1.03514;-0.969623;-0.894877;-0.809434;-0.711571;-0.599313
3;6016315834931;20;absz;17400.1;14213.5;11604.7;9476.03;7738.06;6317.38;5157.96;4210.61;3436.81;2804.84;2288.19;1865.89;1520.99;1238.85;1008.19;819.517;665.303;539.552;437.589;356.122
3;6016315834931;20;frequency;99999.99999990905;122862.535599424;150952.0265389597;185463.4873444638;227865.1431623047;279960.8926363817;343967.05137965;422606.6409511731;519225.2346839865;637933.2888043621;783781.0140572543;962973.2274171232;1183133.324347452;1453627.601814205;1785963.729760951;2194280.323268956;2695948.443325946;3312310.615921419;4069588.809647371;4999999.999999929
3;6016315834931;20;phasez;-1.52803;-1.52483;-1.52081;-1.51575;-1.50942;-1.50157;-1.49184;-1.47981;-1.46493;-1.44648;-1.42365;-1.39539;-1.3603;-1.31672;-1.26241;-1.19449;-1.10904;-1.00086;-0.862708;-0.684966
