0;1258059530723;20;absz;2.06536e+08;1.49189e+08;1.07861e+08;7.79302e+07;5.63241e+07;4.07517e+07;2.94318e+07;2.12744e+07;1.53812e+07;1.11196e+07;8.03955e+06;5.81313e+06;4.20345e+06;3.03948e+06;2.19783e+06;1.58919e+06;1.14915e+06;830990;600944;434619
0;1258059530723;20;frequency;9.999999974752427;13.86918846435492;19.23543905490988;26.67799336109056;37.00021196095804;51.31629158938722;71.17153245417285;98.70914048804025;136.9015682683994;189.8713664161278;263.3361782500288;365.2259113806622;506.5387032487934;702.5280792305466;974.3494403835484;1351.343611730726;1874.203936580443;2599.368780806799;3605.113577052066;4999.99999995282
0;1258059530723;20;phasez;-1.55995;-1.55879;-1.55927;-1.55938;-1.55874;-1.55862;-1.55818;-1.55797;-1.55741;-1.55705;-1.55644;-1.55582;-1.55508;-1.55411;-1.55286;-1.55112;-1.5487;-1.54539;-1.54084;-1.53463
1;1258830334546;50;absz;1.05032e+07;8.9476e+06;7.62008e+06;6.50744e+06;5.55904e+06;4.74088e+06;4.05045e+06;3.45707e+06;2.95185e+06;2.5188e+06;2.14933e+06;1.8348e+06;1.56622e+06;1.33716e+06;1.14129e+06;974311;831669;709953;606114;517400;441711;377097;321946;274863;234678;200375;171094;146093;124752;106531;90976;77693.7;66353.8;56671.1;48403.1;41341.4;35310.8;30159.4;25758.7;21999.4;18787.4;16042.4;13695.8;11689.2;9972.99;8504.2;7246.35;6168.26;5242.99;4447.85
1;1258830334546;50;frequency;199.9999999213742;234.625769479635;275.2462588517801;322.8993264769997;378.802514688914;444.3841576318164;521.3198749487447;611.5753842550475;717.456725922716;841.6691823498468;987.3863981368913;1158.33146786315;1358.872060208682;1594.132014446359;1870.122253535556;2193.894364737048;2573.720768452858;3019.306079821149;3542.035062906734;4155.263512473084;4874.659497176026;5718.603679767398;6708.658946337209;7870.121340545211;9232.666380967203;10831.10727442716;12706.28439819177;14906.10877695531;17486.78621595445;20514.25336674129;24065.86241733066;28232.35745111674;33120.19296963342;38854.25382030405;45581.04601983359;53472.44000269313;62730.06193403319;73590.44528463698;86331.07429211862;101277.4737211686;118811.5260634959;139381.228686517;163512.140226203;191820.8086789974;225030.524286467;263989.7996954232;309694.0495706946;363311.0235703185;426210.642505751;499999.9999999716
1;1258830334546;50;phasez;-1.55349;-1.55814;-1.55728;-1.5568;-1.5578;-1.55744;-1.55704;-1.55667;-1.55689;-1.5569;-1.55662;-1.55645;-1.5565;-1.55625;-1.55615;-1.5558;-1.55564;-1.5553;-1.55499;-1.55456;-1.55413;-1.55369;-1.55315;-1.55255;-1.55192;-1.55117;-1.55034;-1.54942;-1.5484;-1.54722;-1.54591;-1.54444;-1.54276;-1.54086;-1.5387;-1.53624;-1.53341;-1.53017;-1.52643;-1.52211;-1.51711;-1.51129;-1.5045;-1.49657;-1.48729;-1.47639;-1.46354;-1.44836;-1.43031;-1.40872
2;1259599104383;50;absz;109800;98204.5;87864.5;78570.9;70284.8;62863.4;56232.9;50304.5;44997.4;40249;36008.6;32208.5;28813.9;25778.8;23060.8;20632.9;18460.2;16516.4;14777.5;13222.3;11830.2;10585.3;9471.57;8475.38;7583.51;6785.32;6071.32;5432.72;4860.99;4349.43;3891.61;3481.74;3115.1;2786.82;2493.04;2230.08;1994.7;1783.94;1595.31;1426.45;1275.27;1139.96;1018.89;910.56;813.89;727.577;650.748;582.672;522.69;470.437
2;1259599104383;50;frequency;20000.00000002444;22385.53853899816;25055.61678390222;28044.17375656954;31389.19662092121;35133.2035329932;39323.78408414649;44014.2042055669;49264.08322518227;55140.1516811012;61717.09952482729;69078.52549602467;77317.99973512921;86540.25314108083;96862.50859274992;108415.9709538568;121347.4948009008;135821.4510731415;152021.8163702936;170154.5114554648;190450.0186878266;213166.3116533389;238592.1342356312;267050.6708003728;298903.6541519141;334555.9634717432;374460.7706856584;419125.3006744233;469117.2785435782;525072.1459047724;587701.13789258;657800.3235824071;736260.7247225839;824079.6413975459;922373.3285811875;1032391.184709951;1155531.632626961;1293359.894754076;1447627.888434013;1620296.494325686;1813560.480908265;2029876.401899315;2271993.821195295;2542990.262224833;2846310.325953354;3185809.474764127;3565803.038745301;3991121.067296888;4467169.723268114;4999999.999999929
2;1259599104383;50;phasez;-1.55126;-1.55026;-1.54951;-1.54896;-1.5484;-1.54765;-1.54655;-1.54549;-1.54442;-1.54315;-1.54181;-1.54039;-1.5387;-1.53678;-1.53488;-1.53247;-1.52994;-1.52725;-1.52414;-1.52069;-1.51691;-1.5127;-1.508;-1.50287;-1.49702;-1.49058;-1.48337;-1.47535;-1.46638;-1.45636;-1.44518;-1.43263;-1.41863;-1.40292;-1.38532;-1.3656;-1.34347;-1.31861;-1.29067;-1.25924;-1.22384;-1.18392;-1.13883;-1.08783;-1.02986;-0.964104;-0.889162;-0.803616;-0.705752;-0.593649
3;1259915349025;20;absz;22452.4;18327.4;14958.9;12206.8;9960.75;8131.18;6636.08;5416.14;4420.53;3607.52;2943.85;2401.53;1958.55;1596.77;1301.08;1059.54;862.341;701.889;572.225;469.332
3;1259915349025;20;frequency;99999.99999990905;122862.535599424;150952.0265389597;185463.4873444638;227865.1431623047;279960.8926363817;343967.05137965;422606.6409511731;519225.2346839865;637933.2888043621;783781.0140572543;962973.2274171232;1183133.324347452;1453627.601814205;1785963.729760951;2194280.323268956;2695948.443325946;3312310.615921419;4069588.809647371;4999999.999999929
3;1259915349025;20;phasez;-1.5338;-1.52989;-1.52513;-1.51944;-1.51249;-1.50398;-1.49359;-1.4809;-1.46535;-1.4462;-1.42267;-1.39368;-1.35786;-1.31355;-1.25853;-1.18994;-1.10383;-0.995205;-0.856791;-0.679197
