0;1431016137174;20;absz;2.02636e+08;1.46419e+08;1.05842e+08;7.64746e+07;5.52905e+07;3.99229e+07;2.88627e+07;2.08604e+07;1.50747e+07;1.08957e+07;7.87574e+06;5.69332e+06;4.11565e+06;2.97525e+06;2.15088e+06;1.55496e+06;1.12411e+06;812678;587540;424786
0;1431016137174;20;frequency;9.999999974752427;13.86918846435492;19.23543905490988;26.67799336109056;37.00021196095804;51.31629158938722;71.17153245417285;98.70914048804025;136.9015682683994;189.8713664161278;263.3361782500288;365.2259113806622;506.5387032487934;702.5280792305466;974.3494403835484;1351.343611730726;1874.203936580443;2599.368780806799;3605.113577052066;4999.99999995282
0;1431016137174;20;phasez;-1.55862;-1.55907;-1.55882;-1.55923;-1.55923;-1.55876;-1.55909;-1.5588;-1.55859;-1.55814;-1.55762;-1.55699;-1.55625;-1.55529;-1.55405;-1.55234;-1.54998;-1.54674;-1.54227;-1.53614
1;1431785255164;50;absz;1.02278e+07;8.76898e+06;7.47898e+06;6.38243e+06;5.44638e+06;4.64533e+06;3.96559e+06;3.38378e+06;2.88802e+06;2.46417e+06;2.1042e+06;1.79576e+06;1.53253e+06;1.30822e+06;1.11654e+06;952947;813386;694252;592535;505805;431733;368524;314572;268531;229230;195688;167059;142624;121767;103965;88766.7;75792.5;64717.4;55262.7;47190.5;40297.6;34411.5;29385.2;25093.2;21426.3;18294.4;15618.3;13331.3;11375.9;9704.09;8273.24;7048.5;5998.82;5098.39;4324.55
1;1431785255164;50;frequency;199.9999999213742;234.625769479635;275.2462588517801;322.8993264769997;378.802514688914;444.3841576318164;521.3198749487447;611.5753842550475;717.456725922716;841.6691823498468;987.3863981368913;1158.33146786315;1358.872060208682;1594.132014446359;1870.122253535556;2193.894364737048;2573.720768452858;3019.306079821149;3542.035062906734;4155.263512473084;4874.659497176026;5718.603679767398;6708.658946337209;7870.121340545211;9232.666380967203;10831.10727442716;12706.28439819177;14906.10877695531;17486.78621595445;20514.25336674129;24065.86241733066;28232.35745111674;33120.19296963342;38854.25382030405;45581.04601983359;53472.44000269313;62730.06193403319;73590.44528463698;86331.07429211862;101277.4737211686;118811.5260634959;139381.228686517;163512.140226203;191820.8086789974;225030.524286467;263989.7996954232;309694.0495706946;363311.0235703185;426210.642505751;499999.9999999716
1;1431785255164;50;phasez;-1.55711;-1.56066;-1.5602;-1.55718;-1.55852;-1.55813;-1.55903;-1.5586;-1.55802;-1.55849;-1.5583;-1.5576;-1.55762;-1.55737;-1.55726;-1.5571;-1.55684;-1.55666;-1.55632;-1.55597;-1.55561;-1.5552;-1.55471;-1.55416;-1.55353;-1.55285;-1.55206;-1.55116;-1.55015;-1.54901;-1.54771;-1.54625;-1.54458;-1.54268;-1.54052;-1.53807;-1.53524;-1.53199;-1.52824;-1.52389;-1.51886;-1.513;-1.50617;-1.4982;-1.48886;-1.4779;-1.46498;-1.44971;-1.43158;-1.40991
2;1432554090022;50;absz;107165;95844.7;85706.7;76634.4;68547.3;61315;54832.4;49043.8;43867.4;39233.2;35093;31389;28073.3;25112.7;22460.7;20092.7;17975;16080.3;14385.1;12869.3;11513.6;10300.4;9215.42;8244.51;7376.22;6599.27;5904.31;5282.52;4726.19;4228.46;3783.02;3384.42;3027.75;2708.5;2422.79;2167.07;1938.2;1733.3;1549.92;1385.76;1238.81;1107.28;989.58;884.276;790.259;706.336;631.638;565.418;507.067;456.21
2;1432554090022;50;frequency;20000.00000002444;22385.53853899816;25055.61678390222;28044.17375656954;31389.19662092121;35133.2035329932;39323.78408414649;44014.2042055669;49264.08322518227;55140.1516811012;61717.09952482729;69078.52549602467;77317.99973512921;86540.25314108083;96862.50859274992;108415.9709538568;121347.4948009008;135821.4510731415;152021.8163702936;170154.5114554648;190450.0186878266;213166.3116533389;238592.1342356312;267050.6708003728;298903.6541519141;334555.9634717432;374460.7706856584;419125.3006744233;469117.2785435782;525072.1459047724;587701.13789258;657800.3235824071;736260.7247225839;824079.6413975459;922373.3285811875;1032391.184709951;1155531.632626961;1293359.894754076;1447627.888434013;1620296.494325686;1813560.480908265;2029876.401899315;2271993.821195295;2542990.262224833;2846310.325953354;3185809.474764127;3565803.038745301;3991121.067296888;4467169.723268114;4999999.999999929
2;1432554090022;50;phasez;-1.55268;-1.55222;-1.55142;-1.55078;-1.55032;-1.54925;-1.54849;-1.54749;-1.54615;-1.545;-1.54357;-1.54209;-1.5405;-1.53865;-1.53656;-1.53431;-1.53176;-1.52892;-1.52583;-1.52234;-1.51854;-1.51428;-1.50958;-1.50431;-1.49851;-1.49197;-1.48469;-1.47661;-1.46758;-1.45751;-1.44624;-1.43366;-1.41957;-1.40381;-1.38615;-1.36636;-1.34416;-1.31924;-1.29124;-1.25975;-1.22429;-1.18431;-1.13916;-1.08807;-1.03006;-0.964232;-0.889214;-0.80358;-0.705623;-0.593431
3;1432870377664;20;absz;21863.3;17843.3;14559.9;11878.7;9691.5;7909.3;6453.5;5266.43;4297.41;3506.51;2861.03;2333.65;1902.89;1551.25;1263.8;1029.01;837.293;681.314;555.227;455.101
3;1432870377664;20;frequency;99999.99999990905;122862.535599424;150952.0265389597;185463.4873444638;227865.1431623047;279960.8926363817;343967.05137965;422606.6409511731;519225.2346839865;637933.2888043621;783781.0140572543;962973.2274171232;1183133.324347452;1453627.601814205;1785963.729760951;2194280.323268956;2695948.443325946;3312310.615921419;4069588.809647371;4999999.999999929
3;1432870377664;20;phasez;-1.53556;-1.53164;-1.52673;-1.52108;-1.51405;-1.50546;-1.49497;-1.48217;-1.46648;-1.44724;-1.4236;-1.39449;-1.35857;-1.31414;-1.259;-1.1903;-1.10409;-0.995329;-0.856768;-0.678984
