0;3512091443790;20;absz;1.63611e+08;1.18769e+08;8.62486e+07;6.25929e+07;4.542e+07;3.29692e+07;2.39065e+07;1.73391e+07;1.2572e+07;9.11506e+06;6.60723e+06;4.78891e+06;3.47053e+06;2.51468e+06;1.82182e+06;1.31963e+06;955749;692140;501210;362937
0;3512091443790;20;frequency;9.999999974752427;13.86918846435492;19.23543905490988;26.67799336109056;37.00021196095804;51.31629158938722;71.17153245417285;98.70914048804025;136.9015682683994;189.8713664161278;263.3361782500288;365.2259113806622;506.5387032487934;702.5280792305466;974.3494403835484;1351.343611730726;1874.203936580443;2599.368780806799;3605.113577052066;4999.99999995282
0;3512091443790;20;phasez;-1.53526;-1.53646;-1.53756;-1.53878;-1.53968;-1.54124;-1.54157;-1.54226;-1.54309;-1.54363;-1.54405;-1.54432;-1.54446;-1.54432;-1.54384;-1.54284;-1.54113;-1.53851;-1.53462;-1.52905
1;3512861498522;50;absz;8.59321e+06;7.33399e+06;6.26716e+06;5.35643e+06;4.58357e+06;3.91475e+06;3.34198e+06;2.85752e+06;2.44151e+06;2.08637e+06;1.78223e+06;1.52258e+06;1.30089e+06;1.11133e+06;949342;810968;692763;591772;505482;431792;368847;315065;269132;229897;196380;167749;143298;122408;104565;89321.1;76301.9;65176.5;55674.6;47557.2;40622.9;34697.7;29635.9;25311;21615.4;18457.7;15759;13452.3;11480.6;9794.7;8352.58;7118.69;6062.24;5156.86;4380.26;3713.04
1;3512861498522;50;frequency;199.9999999213742;234.625769479635;275.2462588517801;322.8993264769997;378.802514688914;444.3841576318164;521.3198749487447;611.5753842550475;717.456725922716;841.6691823498468;987.3863981368913;1158.33146786315;1358.872060208682;1594.132014446359;1870.122253535556;2193.894364737048;2573.720768452858;3019.306079821149;3542.035062906734;4155.263512473084;4874.659497176026;5718.603679767398;6708.658946337209;7870.121340545211;9232.666380967203;10831.10727442716;12706.28439819177;14906.10877695531;17486.78621595445;20514.25336674129;24065.86241733066;28232.35745111674;33120.19296963342;38854.25382030405;45581.04601983359;53472.44000269313;62730.06193403319;73590.44528463698;86331.07429211862;101277.4737211686;118811.5260634959;139381.228686517;163512.140226203;191820.8086789974;225030.524286467;263989.7996954232;309694.0495706946;363311.0235703185;426210.642505751;499999.9999999716
1;3512861498522;50;phasez;-1.54795;-1.54499;-1.54564;-1.54586;-1.54602;-1.54616;-1.5474;-1.54673;-1.54674;-1.5477;-1.54774;-1.54796;-1.5482;-1.54827;-1.5486;-1.54853;-1.54861;-1.54869;-1.54865;-1.54857;-1.54853;-1.54836;-1.54812;-1.54787;-1.54756;-1.54716;-1.5467;-1.54615;-1.5455;-1.54472;-1.54383;-1.54277;-1.54153;-1.54009;-1.5384;-1.53642;-1.5341;-1.53137;-1.52815;-1.52435;-1.51988;-1.5146;-1.50835;-1.50097;-1.49224;-1.48189;-1.46959;-1.45495;-1.43744;-1.41638
2;3513628363850;50;absz;92051.5;82334.4;73663.9;65906.5;58957.3;52742;47184.4;42214.4;37761.4;33782.5;30219.3;27030.8;24180.6;21631.1;19350;17309.2;15483.8;13850.8;12389.2;11082.7;9913.51;8866.93;7930.9;7093.81;6344.61;5674.54;5075.1;4538.7;4058.83;3629.49;3245.42;2901.84;2594.37;2319.28;2073.15;1852.92;1655.84;1479.52;1321.7;1180.49;1054.12;941.048;839.894;749.384;668.585;596.449;532.181;475.164;424.833;380.824
2;3513628363850;50;frequency;20000.00000002444;22385.53853899816;25055.61678390222;28044.17375656954;31389.19662092121;35133.2035329932;39323.78408414649;44014.2042055669;49264.08322518227;55140.1516811012;61717.09952482729;69078.52549602467;77317.99973512921;86540.25314108083;96862.50859274992;108415.9709538568;121347.4948009008;135821.4510731415;152021.8163702936;170154.5114554648;190450.0186878266;213166.3116533389;238592.1342356312;267050.6708003728;298903.6541519141;334555.9634717432;374460.7706856584;419125.3006744233;469117.2785435782;525072.1459047724;587701.13789258;657800.3235824071;736260.7247225839;824079.6413975459;922373.3285811875;1032391.184709951;1155531.632626961;1293359.894754076;1447627.888434013;1620296.494325686;1813560.480908265;2029876.401899315;2271993.821195295;2542990.262224833;2846310.325953354;3185809.474764127;3565803.038745301;3991121.067296888;4467169.723268114;4999999.999999929
2;3513628363850;50;phasez;-1.54831;-1.54803;-1.54771;-1.54722;-1.54665;-1.54644;-1.54579;-1.5452;-1.54443;-1.54341;-1.54253;-1.54128;-1.53998;-1.53857;-1.53686;-1.53494;-1.53282;-1.53044;-1.52772;-1.52466;-1.52126;-1.51744;-1.51313;-1.50836;-1.50291;-1.49683;-1.49002;-1.48236;-1.47377;-1.46411;-1.45327;-1.44111;-1.42745;-1.41209;-1.39483;-1.37543;-1.35362;-1.32908;-1.30144;-1.2703;-1.23519;-1.19553;-1.15069;-1.09989;-1.04218;-0.976605;-0.901822;-0.816369;-0.718555;-0.606413
3;3513944092285;20;absz;18838.4;15371;12538.1;10226.6;8342.63;6804.07;5548.9;4525.06;3689.13;3007.4;2450.73;1996.39;1625.62;1322.89;1075.64;873.785;709.043;574.923;466.404;379.911
3;3513944092285;20;frequency;99999.99999990905;122862.535599424;150952.0265389597;185463.4873444638;227865.1431623047;279960.8926363817;343967.05137965;422606.6409511731;519225.2346839865;637933.2888043621;783781.0140572543;962973.2274171232;1183133.324347452;1453627.601814205;1785963.729760951;2194280.323268956;2695948.443325946;3312310.615921419;4069588.809647371;4999999.999999929
3;3513944092285;20;phasez;-1.53597;-1.53276;-1.52869;-1.52368;-1.51741;-1.50965;-1.49996;-1.48796;-1.47306;-1.45459;-1.4317;-1.40332;-1.36811;-1.32436;-1.26985;-1.20175;-1.11611;-1.0078;-0.869621;-0.692023
