0;10327779084228;20;absz;1.35945e+08;9.91667e+07;7.22769e+07;5.26522e+07;3.83459e+07;2.79038e+07;2.03132e+07;1.47795e+07;1.07497e+07;7.81777e+06;5.68393e+06;4.13198e+06;3.0031e+06;2.18237e+06;1.58572e+06;1.152e+06;836792;607743;441326;320431
0;10327779084228;20;frequency;9.999999974752427;13.86918846435492;19.23543905490988;26.67799336109056;37.00021196095804;51.31629158938722;71.17153245417285;98.70914048804025;136.9015682683994;189.8713664161278;263.3361782500288;365.2259113806622;506.5387032487934;702.5280792305466;974.3494403835484;1351.343611730726;1874.203936580443;2599.368780806799;3605.113577052066;4999.99999995282
0;10327779084228;20;phasez;-1.50979;-1.51325;-1.51645;-1.51906;-1.52132;-1.52327;-1.52495;-1.52637;-1.52756;-1.5285;-1.52928;-1.52983;-1.53014;-1.53018;-1.52983;-1.529;-1.52752;-1.52519;-1.52167;-1.51652
1;10328549070729;50;absz;7.3615e+06;6.32074e+06;5.39371e+06;4.614e+06;3.95521e+06;3.3833e+06;2.89514e+06;2.47652e+06;2.12029e+06;1.81346e+06;1.55133e+06;1.32751e+06;1.13552e+06;971604;831182;711070;608242;520320;445043;380660;325596;278485;238185;203706;174217;148990;127413;108961;93179;79681.1;68136.9;58264.6;49821.3;42601.1;36426.1;31145.4;26629.2;22765.8;19461.8;16635.5;14217.7;12148.9;10378.6;8863.43;7566.03;6454.85;5502.49;4685.5;3983.98;3380.64
1;10328549070729;50;frequency;199.9999999213742;234.625769479635;275.2462588517801;322.8993264769997;378.802514688914;444.3841576318164;521.3198749487447;611.5753842550475;717.456725922716;841.6691823498468;987.3863981368913;1158.33146786315;1358.872060208682;1594.132014446359;1870.122253535556;2193.894364737048;2573.720768452858;3019.306079821149;3542.035062906734;4155.263512473084;4874.659497176026;5718.603679767398;6708.658946337209;7870.121340545211;9232.666380967203;10831.10727442716;12706.28439819177;14906.10877695531;17486.78621595445;20514.25336674129;24065.86241733066;28232.35745111674;33120.19296963342;38854.25382030405;45581.04601983359;53472.44000269313;62730.06193403319;73590.44528463698;86331.07429211862;101277.4737211686;118811.5260634959;139381.228686517;163512.140226203;191820.8086789974;225030.524286467;263989.7996954232;309694.0495706946;363311.0235703185;426210.642505751;499999.9999999716
1;10328549070729;50;phasez;-1.52854;-1.53325;-1.53076;-1.53076;-1.53091;-1.53178;-1.53245;-1.53265;-1.53269;-1.53319;-1.53362;-1.53385;-1.5344;-1.53457;-1.53485;-1.53514;-1.53532;-1.53552;-1.53566;-1.53582;-1.53591;-1.53597;-1.53597;-1.53592;-1.5358;-1.53561;-1.53533;-1.53494;-1.53445;-1.53383;-1.53305;-1.53211;-1.53097;-1.5296;-1.52798;-1.52606;-1.52379;-1.52109;-1.5179;-1.51413;-1.50968;-1.5044;-1.49816;-1.49077;-1.48202;-1.47163;-1.4593;-1.44461;-1.42705;-1.40594
2;10329317199082;50;absz;82072.7;73466.5;65773.3;58886.6;52735.9;47204;42270.7;37839.3;33871.2;30319.7;27142.8;24299.7;21751.9;19473.5;17432.3;15605;13969.6;12505.4;11193.7;10020;8969.04;8028.22;7186.06;6431.9;5756.92;5152.8;4611.74;4127.37;3693.7;3305.45;2957.89;2646.72;2368.08;2118.59;1895.12;1695.04;1515.84;1355.36;1211.6;1082.84;967.467;864.152;771.616;688.735;614.643;548.413;489.327;436.815;390.383;349.705
2;10329317199082;50;frequency;20000.00000002444;22385.53853899816;25055.61678390222;28044.17375656954;31389.19662092121;35133.2035329932;39323.78408414649;44014.2042055669;49264.08322518227;55140.1516811012;61717.09952482729;69078.52549602467;77317.99973512921;86540.25314108083;96862.50859274992;108415.9709538568;121347.4948009008;135821.4510731415;152021.8163702936;170154.5114554648;190450.0186878266;213166.3116533389;238592.1342356312;267050.6708003728;298903.6541519141;334555.9634717432;374460.7706856584;419125.3006744233;469117.2785435782;525072.1459047724;587701.13789258;657800.3235824071;736260.7247225839;824079.6413975459;922373.3285811875;1032391.184709951;1155531.632626961;1293359.894754076;1447627.888434013;1620296.494325686;1813560.480908265;2029876.401899315;2271993.821195295;2542990.262224833;2846310.325953354;3185809.474764127;3565803.038745301;3991121.067296888;4467169.723268114;4999999.999999929
2;10329317199082;50;phasez;-1.53719;-1.53732;-1.53707;-1.53677;-1.5364;-1.53604;-1.53532;-1.53463;-1.53401;-1.53315;-1.53216;-1.53105;-1.5298;-1.52831;-1.52664;-1.52475;-1.52264;-1.52024;-1.51751;-1.51448;-1.51107;-1.50725;-1.50292;-1.49808;-1.49264;-1.48653;-1.47969;-1.47202;-1.46337;-1.4537;-1.44284;-1.43066;-1.41698;-1.40162;-1.38436;-1.36499;-1.3432;-1.31869;-1.29109;-1.26;-1.22493;-1.18531;-1.14052;-1.08976;-1.03207;-0.966478;-0.891637;-0.806073;-0.708073;-0.595629
3;10329631803074;20;absz;16969;13864.1;11323.9;9249.34;7555.27;6169.68;5038.72;4114.2;3359.14;2742;2237.59;1825.18;1488.25;1212.52;987.055;802.571;651.674;528.58;428.693;348.839
3;10329631803074;20;frequency;99999.99999990905;122862.535599424;150952.0265389597;185463.4873444638;227865.1431623047;279960.8926363817;343967.05137965;422606.6409511731;519225.2346839865;637933.2888043621;783781.0140572543;962973.2274171232;1183133.324347452;1453627.601814205;1785963.729760951;2194280.323268956;2695948.443325946;3312310.615921419;4069588.809647371;4999999.999999929
3;10329631803074;20;phasez;-1.52576;-1.52259;-1.5186;-1.51354;-1.50725;-1.49938;-1.48965;-1.47758;-1.46264;-1.44412;-1.42123;-1.39285;-1.35769;-1.314;-1.25959;-1.19156;-1.10599;-0.997676;-0.859322;-0.681271
