0;465832100242;20;absz;2.49323e+08;1.80324e+08;1.30395e+08;9.43027e+07;6.82171e+07;4.92992e+07;3.56805e+07;2.58036e+07;1.86627e+07;1.34981e+07;9.76393e+06;7.0625e+06;5.10931e+06;3.69609e+06;2.67361e+06;1.93395e+06;1.39886e+06;1.01184e+06;731871;529381
0;465832100242;20;frequency;9.999999974752427;13.86918846435492;19.23543905490988;26.67799336109056;37.00021196095804;51.31629158938722;71.17153245417285;98.70914048804025;136.9015682683994;189.8713664161278;263.3361782500288;365.2259113806622;506.5387032487934;702.5280792305466;974.3494403835484;1351.343611730726;1874.203936580443;2599.368780806799;3605.113577052066;4999.99999995282
0;465832100242;20;phasez;-1.55578;-1.55655;-1.55494;-1.55567;-1.5557;-1.55601;-1.55551;-1.55534;-1.55509;-1.55476;-1.55437;-1.55381;-1.55315;-1.55234;-1.55123;-1.5497;-1.54753;-1.5445;-1.54026;-1.53435
1;466604785670;50;absz;1.27494e+07;1.08444e+07;9.2778e+06;7.90091e+06;6.75563e+06;5.76489e+06;4.91885e+06;4.20682e+06;3.58781e+06;3.06349e+06;2.6155e+06;2.23275e+06;1.90679e+06;1.6271e+06;1.38928e+06;1.18604e+06;1.01268e+06;864586;738048;630115;537966;459280;392118;334786;285826;244035;208356;177901;151896;129699;110743;94563.1;80747.6;68949.4;58876.6;50274.9;42928.6;36655.1;31296.5;26719.8;22809.2;19468.6;16613.5;14173.1;12086.5;10301.3;8773.13;7463.86;6340.83;5376.12
1;466604785670;50;frequency;199.9999999213742;234.625769479635;275.2462588517801;322.8993264769997;378.802514688914;444.3841576318164;521.3198749487447;611.5753842550475;717.456725922716;841.6691823498468;987.3863981368913;1158.33146786315;1358.872060208682;1594.132014446359;1870.122253535556;2193.894364737048;2573.720768452858;3019.306079821149;3542.035062906734;4155.263512473084;4874.659497176026;5718.603679767398;6708.658946337209;7870.121340545211;9232.666380967203;10831.10727442716;12706.28439819177;14906.10877695531;17486.78621595445;20514.25336674129;24065.86241733066;28232.35745111674;33120.19296963342;38854.25382030405;45581.04601983359;53472.44000269313;62730.06193403319;73590.44528463698;86331.07429211862;101277.4737211686;118811.5260634959;139381.228686517;163512.140226203;191820.8086789974;225030.524286467;263989.7996954232;309694.0495706946;363311.0235703185;426210.642505751;499999.9999999716
1;466604785670;50;phasez;-1.55469;-1.55758;-1.55405;-1.55613;-1.55547;-1.55464;-1.55505;-1.55564;-1.5549;-1.55525;-1.55498;-1.55508;-1.55515;-1.5552;-1.55489;-1.55479;-1.5547;-1.55444;-1.55433;-1.5541;-1.55387;-1.55353;-1.55319;-1.55279;-1.55229;-1.55173;-1.55111;-1.55038;-1.54954;-1.54857;-1.54747;-1.54619;-1.54472;-1.54304;-1.5411;-1.53887;-1.53628;-1.53327;-1.52976;-1.52568;-1.5209;-1.51531;-1.50875;-1.50104;-1.49198;-1.48128;-1.46864;-1.45365;-1.43579;-1.41439
2;467376657674;50;absz;133678;119578;106929;95660.2;85525.9;76501.1;68418;61183.7;54717.4;48939.8;43779.4;39153;35014.7;31317.9;28014.8;25055;22411.1;20044;17928.1;16035.9;14343.7;12829.9;11475.9;10265;9181.86;8212.68;7345.7;6570.24;5876.72;5256.18;4701.02;4204.34;3760.1;3362.62;3006.95;2688.71;2404.04;2149.33;1921.44;1717.57;1535.2;1372.1;1226.24;1095.84;979.605;875.989;783.869;702.387;630.769;568.574
2;467376657674;50;frequency;20000.00000002444;22385.53853899816;25055.61678390222;28044.17375656954;31389.19662092121;35133.2035329932;39323.78408414649;44014.2042055669;49264.08322518227;55140.1516811012;61717.09952482729;69078.52549602467;77317.99973512921;86540.25314108083;96862.50859274992;108415.9709538568;121347.4948009008;135821.4510731415;152021.8163702936;170154.5114554648;190450.0186878266;213166.3116533389;238592.1342356312;267050.6708003728;298903.6541519141;334555.9634717432;374460.7706856584;419125.3006744233;469117.2785435782;525072.1459047724;587701.13789258;657800.3235824071;736260.7247225839;824079.6413975459;922373.3285811875;1032391.184709951;1155531.632626961;1293359.894754076;1447627.888434013;1620296.494325686;1813560.480908265;2029876.401899315;2271993.821195295;2542990.262224833;2846310.325953354;3185809.474764127;3565803.038745301;3991121.067296888;4467169.723268114;4999999.999999929
2;467376657674;50;phasez;-1.55195;-1.55193;-1.55135;-1.55083;-1.55033;-1.54944;-1.54877;-1.5478;-1.547;-1.54586;-1.54482;-1.54323;-1.54178;-1.54004;-1.53828;-1.53611;-1.53381;-1.53115;-1.52827;-1.52499;-1.5214;-1.51732;-1.51282;-1.50774;-1.50208;-1.49575;-1.48873;-1.48083;-1.47198;-1.46208;-1.45102;-1.43863;-1.42474;-1.40918;-1.39173;-1.37213;-1.35013;-1.32542;-1.29764;-1.26636;-1.23113;-1.19139;-1.14649;-1.09567;-1.03795;-0.972471;-0.897849;-0.812669;-0.715272;-0.603737
3;467695120621;20;absz;27266.4;22245.8;18146.2;14804.4;12073.4;9846.89;8031.79;6550.14;5342.04;4356.32;3552.09;2895.98;2360.26;1922.89;1566.18;1275.06;1037.82;845.128;689.867;567.191
3;467695120621;20;frequency;99999.99999990905;122862.535599424;150952.0265389597;185463.4873444638;227865.1431623047;279960.8926363817;343967.05137965;422606.6409511731;519225.2346839865;637933.2888043621;783781.0140572543;962973.2274171232;1183133.324347452;1453627.601814205;1785963.729760951;2194280.323268956;2695948.443325946;3312310.615921419;4069588.809647371;4999999.999999929
3;467695120621;20;phasez;-1.53729;-1.53376;-1.52917;-1.52389;-1.51715;-1.50894;-1.49879;-1.48636;-1.47102;-1.45214;-1.42885;-1.40012;-1.36456;-1.32052;-1.26578;-1.19753;-1.11181;-1.00365;-0.86588;-0.689205
