0;9245240048160;20;absz;1.36394e+08;9.94674e+07;7.2473e+07;5.27727e+07;3.84404e+07;2.79762e+07;2.03567e+07;1.48104e+07;1.07732e+07;7.83422e+06;5.69618e+06;4.14063e+06;3.00942e+06;2.18693e+06;1.58897e+06;1.15435e+06;838485;608965;442201;321050
0;9245240048160;20;frequency;9.999999974752427;13.86918846435492;19.23543905490988;26.67799336109056;37.00021196095804;51.31629158938722;71.17153245417285;98.70914048804025;136.9015682683994;189.8713664161278;263.3361782500288;365.2259113806622;506.5387032487934;702.5280792305466;974.3494403835484;1351.343611730726;1874.203936580443;2599.368780806799;3605.113577052066;4999.99999995282
0;9245240048160;20;phasez;-1.51059;-1.51445;-1.51725;-1.51975;-1.52186;-1.52422;-1.5253;-1.52655;-1.52778;-1.52863;-1.52938;-1.52993;-1.53025;-1.53029;-1.52995;-1.52912;-1.52767;-1.52535;-1.52184;-1.51669
1;9246008083960;50;absz;7.39405e+06;6.31962e+06;5.40888e+06;4.62822e+06;3.95971e+06;3.39115e+06;2.89945e+06;2.48281e+06;2.12341e+06;1.81697e+06;1.55433e+06;1.3299e+06;1.13805e+06;973574;832932;712450;609459;521304;445938;381416;326227;279011;238627;204088;174537;149262;127643;109153;93340.8;79817.9;68254;58362.7;49904.8;42672.2;36486.4;31196.3;26672;22802.5;19492.6;16661.7;14240;12167.7;10394.7;8876.91;7577.49;6464.56;5510.64;4692.46;3989.73;3385.48
1;9246008083960;50;frequency;199.9999999213742;234.625769479635;275.2462588517801;322.8993264769997;378.802514688914;444.3841576318164;521.3198749487447;611.5753842550475;717.456725922716;841.6691823498468;987.3863981368913;1158.33146786315;1358.872060208682;1594.132014446359;1870.122253535556;2193.894364737048;2573.720768452858;3019.306079821149;3542.035062906734;4155.263512473084;4874.659497176026;5718.603679767398;6708.658946337209;7870.121340545211;9232.666380967203;10831.10727442716;12706.28439819177;14906.10877695531;17486.78621595445;20514.25336674129;24065.86241733066;28232.35745111674;33120.19296963342;38854.25382030405;45581.04601983359;53472.44000269313;62730.06193403319;73590.44528463698;86331.07429211862;101277.4737211686;118811.5260634959;139381.228686517;163512.140226203;191820.8086789974;225030.524286467;263989.7996954232;309694.0495706946;363311.0235703185;426210.642505751;499999.9999999716
1;9246008083960;50;phasez;-1.52893;-1.53069;-1.53177;-1.53129;-1.53126;-1.53215;-1.53338;-1.53305;-1.53321;-1.53372;-1.5341;-1.53422;-1.53446;-1.53481;-1.53504;-1.53521;-1.5355;-1.53564;-1.53576;-1.53602;-1.53609;-1.53614;-1.53615;-1.5361;-1.53599;-1.5358;-1.53552;-1.53512;-1.53462;-1.534;-1.53322;-1.53226;-1.53112;-1.52975;-1.52813;-1.52621;-1.52394;-1.52124;-1.51805;-1.51428;-1.50982;-1.50454;-1.4983;-1.49091;-1.48215;-1.47177;-1.45943;-1.44475;-1.42719;-1.40609
2;9246776503790;50;absz;82222.4;73607.6;65894.4;59007.8;52821.4;47296.2;42338.7;37899.5;33931.2;30377.2;27188.8;24340.7;21788.5;19505.1;17461;15630.8;13992;12525.2;11211.6;10035.9;8983.27;8040.73;7197.01;6441.92;5765.81;5160.48;4618.59;4133.44;3699.25;3310.51;2962.37;2650.67;2371.6;2121.64;1897.88;1697.49;1518.01;1357.27;1213.28;1084.32;968.796;865.317;772.648;689.664;615.448;549.135;489.964;437.395;390.895;350.171
2;9246776503790;50;frequency;20000.00000002444;22385.53853899816;25055.61678390222;28044.17375656954;31389.19662092121;35133.2035329932;39323.78408414649;44014.2042055669;49264.08322518227;55140.1516811012;61717.09952482729;69078.52549602467;77317.99973512921;86540.25314108083;96862.50859274992;108415.9709538568;121347.4948009008;135821.4510731415;152021.8163702936;170154.5114554648;190450.0186878266;213166.3116533389;238592.1342356312;267050.6708003728;298903.6541519141;334555.9634717432;374460.7706856584;419125.3006744233;469117.2785435782;525072.1459047724;587701.13789258;657800.3235824071;736260.7247225839;824079.6413975459;922373.3285811875;1032391.184709951;1155531.632626961;1293359.894754076;1447627.888434013;1620296.494325686;1813560.480908265;2029876.401899315;2271993.821195295;2542990.262224833;2846310.325953354;3185809.474764127;3565803.038745301;3991121.067296888;4467169.723268114;4999999.999999929
2;9246776503790;50;phasez;-1.53776;-1.53735;-1.53707;-1.53688;-1.53655;-1.53611;-1.53553;-1.53491;-1.53426;-1.53336;-1.53231;-1.53126;-1.52986;-1.52847;-1.52677;-1.52489;-1.52274;-1.52037;-1.51769;-1.51462;-1.51121;-1.50735;-1.50308;-1.49822;-1.49276;-1.48667;-1.47982;-1.47213;-1.46351;-1.45383;-1.44298;-1.43081;-1.41713;-1.40178;-1.38454;-1.36516;-1.34338;-1.31887;-1.29128;-1.2602;-1.22512;-1.18551;-1.14072;-1.08995;-1.03226;-0.96667;-0.891824;-0.806268;-0.708261;-0.595833
3;9247092724801;20;absz;16995.5;13886.7;11340.4;9263.11;7566.5;6178.74;5046;4120.11;3363.95;2745.92;2240.73;1827.68;1490.23;1214.13;988.341;803.582;652.48;529.229;429.219;349.288
3;9247092724801;20;frequency;99999.99999990905;122862.535599424;150952.0265389597;185463.4873444638;227865.1431623047;279960.8926363817;343967.05137965;422606.6409511731;519225.2346839865;637933.2888043621;783781.0140572543;962973.2274171232;1183133.324347452;1453627.601814205;1785963.729760951;2194280.323268956;2695948.443325946;3312310.615921419;4069588.809647371;4999999.999999929
3;9247092724801;20;phasez;-1.52594;-1.52276;-1.51863;-1.51364;-1.50732;-1.49954;-1.4898;-1.47773;-1.46279;-1.44429;-1.42139;-1.39303;-1.35787;-1.31419;-1.2598;-1.19176;-1.10618;-0.997852;-0.859494;-0.681472
