0;6848466141242;20;absz;1.39078e+08;1.01422e+08;7.38882e+07;5.37836e+07;3.91395e+07;2.84851e+07;2.07109e+07;1.50622e+07;1.09518e+07;7.96156e+06;5.78684e+06;4.20567e+06;3.05616e+06;2.22047e+06;1.61311e+06;1.17167e+06;850908;617853;448547;325575
0;6848466141242;20;frequency;9.999999974752427;13.86918846435492;19.23543905490988;26.67799336109056;37.00021196095804;51.31629158938722;71.17153245417285;98.70914048804025;136.9015682683994;189.8713664161278;263.3361782500288;365.2259113806622;506.5387032487934;702.5280792305466;974.3494403835484;1351.343611730726;1874.203936580443;2599.368780806799;3605.113577052066;4999.99999995282
0;6848466141242;20;phasez;-1.51543;-1.51828;-1.5209;-1.52268;-1.52433;-1.52574;-1.52744;-1.5287;-1.5295;-1.5303;-1.53084;-1.53125;-1.53144;-1.53137;-1.531;-1.53018;-1.52873;-1.52645;-1.52298;-1.51787
1;6849236907194;50;absz;7.51047e+06;6.43426e+06;5.4872e+06;4.70313e+06;4.02126e+06;3.44415e+06;2.94309e+06;2.52035e+06;2.15593e+06;1.84478e+06;1.57842e+06;1.35045e+06;1.15513e+06;988130;845197;722882;618342;528874;452331;386862;330845;282931;241935;206887;176907;151270;129344;110596;94562.1;80852.4;69129.4;59104.8;50533.9;43205;36938.3;31579.5;26996;23077.2;19725.3;16858.2;14405.9;12308.2;10513.2;8977.24;7662.39;6536.3;5571.14;4743.44;4032.77;3421.72
1;6849236907194;50;frequency;199.9999999213742;234.625769479635;275.2462588517801;322.8993264769997;378.802514688914;444.3841576318164;521.3198749487447;611.5753842550475;717.456725922716;841.6691823498468;987.3863981368913;1158.33146786315;1358.872060208682;1594.132014446359;1870.122253535556;2193.894364737048;2573.720768452858;3019.306079821149;3542.035062906734;4155.263512473084;4874.659497176026;5718.603679767398;6708.658946337209;7870.121340545211;9232.666380967203;10831.10727442716;12706.28439819177;14906.10877695531;17486.78621595445;20514.25336674129;24065.86241733066;28232.35745111674;33120.19296963342;38854.25382030405;45581.04601983359;53472.44000269313;62730.06193403319;73590.44528463698;86331.07429211862;101277.4737211686;118811.5260634959;139381.228686517;163512.140226203;191820.8086789974;225030.524286467;263989.7996954232;309694.0495706946;363311.0235703185;426210.642505751;499999.9999999716
1;6849236907194;50;phasez;-1.53129;-1.53128;-1.5319;-1.53262;-1.53242;-1.53391;-1.53336;-1.53409;-1.53432;-1.53478;-1.53485;-1.53504;-1.53563;-1.53572;-1.536;-1.53636;-1.53655;-1.53677;-1.53699;-1.53714;-1.53728;-1.5373;-1.53735;-1.53732;-1.53719;-1.53699;-1.5367;-1.5363;-1.53579;-1.53516;-1.53436;-1.53341;-1.53227;-1.5309;-1.52927;-1.52736;-1.52509;-1.52241;-1.51923;-1.51546;-1.511;-1.50572;-1.49947;-1.49208;-1.48332;-1.47293;-1.4606;-1.44592;-1.42838;-1.4073
2;6850009127490;50;absz;83292.2;74552.1;66748.2;59762.6;53500.4;47894.6;42868.9;38378.3;34354;30748.9;27522.7;24635;22052.5;19740.5;17667.7;15814.5;14155.7;12670.1;11340.8;10150.7;9085.26;8131.46;7277.76;6513.42;5829.43;5217.19;4669.06;4178.38;3739.06;3345.79;2993.78;2678.55;2396.35;2143.66;1917.43;1714.8;1533.38;1370.9;1225.35;1095.01;978.273;873.702;780.067;696.232;621.29;554.311;494.576;441.494;394.575;353.469
2;6850009127490;50;frequency;20000.00000002444;22385.53853899816;25055.61678390222;28044.17375656954;31389.19662092121;35133.2035329932;39323.78408414649;44014.2042055669;49264.08322518227;55140.1516811012;61717.09952482729;69078.52549602467;77317.99973512921;86540.25314108083;96862.50859274992;108415.9709538568;121347.4948009008;135821.4510731415;152021.8163702936;170154.5114554648;190450.0186878266;213166.3116533389;238592.1342356312;267050.6708003728;298903.6541519141;334555.9634717432;374460.7706856584;419125.3006744233;469117.2785435782;525072.1459047724;587701.13789258;657800.3235824071;736260.7247225839;824079.6413975459;922373.3285811875;1032391.184709951;1155531.632626961;1293359.894754076;1447627.888434013;1620296.494325686;1813560.480908265;2029876.401899315;2271993.821195295;2542990.262224833;2846310.325953354;3185809.474764127;3565803.038745301;3991121.067296888;4467169.723268114;4999999.999999929
2;6850009127490;50;phasez;-1.53865;-1.53832;-1.53844;-1.53794;-1.53765;-1.5372;-1.53673;-1.53595;-1.53537;-1.53443;-1.53343;-1.53235;-1.53107;-1.52964;-1.52797;-1.52605;-1.52399;-1.52154;-1.51885;-1.51578;-1.51239;-1.50854;-1.50421;-1.49937;-1.49393;-1.48783;-1.48099;-1.47332;-1.4647;-1.45505;-1.44421;-1.43206;-1.41841;-1.40308;-1.38587;-1.36652;-1.34476;-1.32029;-1.29274;-1.26168;-1.22665;-1.18708;-1.14232;-1.09159;-1.03396;-0.968417;-0.893626;-0.808148;-0.710232;-0.5979
3;6850326409632;20;absz;17197.6;14048.2;11471.1;9368.32;7651.53;6247.36;5101.25;4164.74;3399.78;2774.9;2264.08;1846.47;1505.35;1226.25;998.022;811.343;658.714;534.235;433.267;352.574
3;6850326409632;20;frequency;99999.99999990905;122862.535599424;150952.0265389597;185463.4873444638;227865.1431623047;279960.8926363817;343967.05137965;422606.6409511731;519225.2346839865;637933.2888043621;783781.0140572543;962973.2274171232;1183133.324347452;1453627.601814205;1785963.729760951;2194280.323268956;2695948.443325946;3312310.615921419;4069588.809647371;4999999.999999929
3;6850326409632;20;phasez;-1.52705;-1.52392;-1.51992;-1.51481;-1.50848;-1.50068;-1.49098;-1.47891;-1.46398;-1.44551;-1.42267;-1.39437;-1.35927;-1.31566;-1.26132;-1.19337;-1.10787;-0.999643;-0.86142;-0.683574
