0;167364947093;20;absz;3.10309e+08;2.24137e+08;1.61749e+08;1.16741e+08;8.42789e+07;6.08955e+07;4.39218e+07;3.16996e+07;2.2884e+07;1.65194e+07;1.19247e+07;8.60836e+06;6.21415e+06;4.48577e+06;3.23818e+06;2.33754e+06;1.68738e+06;1.21802e+06;879230;634647
0;167364947093;20;frequency;9.999999974752427;13.86918846435492;19.23543905490988;26.67799336109056;37.00021196095804;51.31629158938722;71.17153245417285;98.70914048804025;136.9015682683994;189.8713664161278;263.3361782500288;365.2259113806622;506.5387032487934;702.5280792305466;974.3494403835484;1351.343611730726;1874.203936580443;2599.368780806799;3605.113577052066;4999.99999995282
0;167364947093;20;phasez;-1.56579;-1.56509;-1.56516;-1.56478;-1.5651;-1.56512;-1.56488;-1.56466;-1.56453;-1.56437;-1.56403;-1.56356;-1.56301;-1.56221;-1.56111;-1.55956;-1.55743;-1.55443;-1.55024;-1.54441
1;168135040367;50;absz;1.55968e+07;1.32503e+07;1.13214e+07;9.64948e+06;8.22116e+06;7.02056e+06;5.99294e+06;5.10554e+06;4.35828e+06;3.71433e+06;3.16735e+06;2.70082e+06;2.30388e+06;1.9651e+06;1.67592e+06;1.42928e+06;1.21904e+06;1.03977e+06;886755;756336;645009;550098;469185;400178;341298;291106;248287;211762;180622;154061;131412;112091;95611.3;81555.5;69565.7;59338;50612.2;43168.5;36817.2;31398.1;26773.9;22826.8;19457.6;16581.3;14124.1;12024.7;10229.4;8693.03;7376.87;6247.54
1;168135040367;50;frequency;199.9999999213742;234.625769479635;275.2462588517801;322.8993264769997;378.802514688914;444.3841576318164;521.3198749487447;611.5753842550475;717.456725922716;841.6691823498468;987.3863981368913;1158.33146786315;1358.872060208682;1594.132014446359;1870.122253535556;2193.894364737048;2573.720768452858;3019.306079821149;3542.035062906734;4155.263512473084;4874.659497176026;5718.603679767398;6708.658946337209;7870.121340545211;9232.666380967203;10831.10727442716;12706.28439819177;14906.10877695531;17486.78621595445;20514.25336674129;24065.86241733066;28232.35745111674;33120.19296963342;38854.25382030405;45581.04601983359;53472.44000269313;62730.06193403319;73590.44528463698;86331.07429211862;101277.4737211686;118811.5260634959;139381.228686517;163512.140226203;191820.8086789974;225030.524286467;263989.7996954232;309694.0495706946;363311.0235703185;426210.642505751;499999.9999999716
1;168135040367;50;phasez;-1.56483;-1.56605;-1.56515;-1.56336;-1.56651;-1.56427;-1.56585;-1.56487;-1.56517;-1.56534;-1.56541;-1.56477;-1.56473;-1.56471;-1.56489;-1.56482;-1.56462;-1.56441;-1.56423;-1.56411;-1.56387;-1.56362;-1.56333;-1.56287;-1.56246;-1.56196;-1.56136;-1.56067;-1.55987;-1.55897;-1.55789;-1.55666;-1.55526;-1.55361;-1.55171;-1.54952;-1.54697;-1.544;-1.54053;-1.53648;-1.53174;-1.52618;-1.51965;-1.51197;-1.50294;-1.49227;-1.47966;-1.4647;-1.44687;-1.4255
2;168904231468;50;absz;158820;141924;126873;113367;101313;90573.6;80917.9;72322.9;64631.5;57744.2;51611;46128.4;41223.6;36843.6;32926;29425.7;26300.7;23503.9;21008.5;18775.2;16781.3;14998.7;13404.3;11980.7;10707.9;9570.81;8553.72;7644.63;6832.18;6106.1;5457.11;4876.82;4357.97;3894.3;3479.75;3109.28;2778.01;2481.85;2217.13;1980.59;1769.13;1580.25;1411.51;1260.81;1126.69;1007.23;901.187;807.537;725.39;654.246
2;168904231468;50;frequency;20000.00000002444;22385.53853899816;25055.61678390222;28044.17375656954;31389.19662092121;35133.2035329932;39323.78408414649;44014.2042055669;49264.08322518227;55140.1516811012;61717.09952482729;69078.52549602467;77317.99973512921;86540.25314108083;96862.50859274992;108415.9709538568;121347.4948009008;135821.4510731415;152021.8163702936;170154.5114554648;190450.0186878266;213166.3116533389;238592.1342356312;267050.6708003728;298903.6541519141;334555.9634717432;374460.7706856584;419125.3006744233;469117.2785435782;525072.1459047724;587701.13789258;657800.3235824071;736260.7247225839;824079.6413975459;922373.3285811875;1032391.184709951;1155531.632626961;1293359.894754076;1447627.888434013;1620296.494325686;1813560.480908265;2029876.401899315;2271993.821195295;2542990.262224833;2846310.325953354;3185809.474764127;3565803.038745301;3991121.067296888;4467169.723268114;4999999.999999929
2;168904231468;50;phasez;-1.5623;-1.56226;-1.56171;-1.56104;-1.56052;-1.55967;-1.55904;-1.5586;-1.55758;-1.55661;-1.55529;-1.5541;-1.55259;-1.55089;-1.54901;-1.54693;-1.54468;-1.54202;-1.53919;-1.53595;-1.53232;-1.52824;-1.52376;-1.51874;-1.5131;-1.5068;-1.49977;-1.49188;-1.48311;-1.47323;-1.4622;-1.44983;-1.43597;-1.42042;-1.40299;-1.38344;-1.36147;-1.33678;-1.30903;-1.2778;-1.24261;-1.20292;-1.15808;-1.1073;-1.04969;-0.984317;-0.909828;-0.824831;-0.727653;-0.616429
3;169222446709;20;absz;32042.4;26105.7;21265.9;17323.6;14112.4;11491.3;9357.83;7622.11;6206.55;5054.49;4115.34;3350.31;2726.99;2218.92;1804.89;1467.95;1193.76;971.685;793.176;652.684
3;169222446709;20;frequency;99999.99999990905;122862.535599424;150952.0265389597;185463.4873444638;227865.1431623047;279960.8926363817;343967.05137965;422606.6409511731;519225.2346839865;637933.2888043621;783781.0140572543;962973.2274171232;1183133.324347452;1453627.601814205;1785963.729760951;2194280.323268956;2695948.443325946;3312310.615921419;4069588.809647371;4999999.999999929
3;169222446709;20;phasez;-1.54808;-1.54448;-1.54021;-1.53472;-1.52806;-1.51993;-1.50986;-1.49742;-1.4822;-1.46331;-1.44008;-1.41137;-1.37587;-1.33189;-1.27723;-1.20906;-1.12344;-1.01547;-0.877984;-0.701791
