0;10255260438319;20;absz;1.36021e+08;9.91594e+07;7.22812e+07;5.26541e+07;3.83479e+07;2.79298e+07;2.0317e+07;1.47813e+07;1.07509e+07;7.81848e+06;5.68446e+06;4.13233e+06;3.00337e+06;2.18257e+06;1.58584e+06;1.15209e+06;836881;607815;441378;320465
0;10255260438319;20;frequency;9.999999974752427;13.86918846435492;19.23543905490988;26.67799336109056;37.00021196095804;51.31629158938722;71.17153245417285;98.70914048804025;136.9015682683994;189.8713664161278;263.3361782500288;365.2259113806622;506.5387032487934;702.5280792305466;974.3494403835484;1351.343611730726;1874.203936580443;2599.368780806799;3605.113577052066;4999.99999995282
0;10255260438319;20;phasez;-1.51047;-1.51373;-1.51669;-1.51926;-1.5213;-1.52331;-1.52485;-1.52633;-1.52752;-1.52852;-1.52927;-1.52985;-1.53015;-1.53018;-1.52984;-1.52901;-1.52753;-1.52519;-1.52167;-1.51652
1;10256031741186;50;absz;7.37534e+06;6.30302e+06;5.39529e+06;4.61906e+06;3.95699e+06;3.38352e+06;2.8965e+06;2.47743e+06;2.11976e+06;1.81373e+06;1.55173e+06;1.32743e+06;1.13561e+06;971604;831196;711139;608268;520346;445091;380723;325633;278513;238207;203725;174230;149002;127426;108970;93186.3;79685.9;68141.2;58267.8;49824.8;42603.4;36428.4;31147.6;26630.6;22767.2;19462.9;16636.4;14218.3;12149.4;10379.2;8863.9;7566.49;6455.17;5502.69;4685.79;3984.15;3380.8
1;10256031741186;50;frequency;199.9999999213742;234.625769479635;275.2462588517801;322.8993264769997;378.802514688914;444.3841576318164;521.3198749487447;611.5753842550475;717.456725922716;841.6691823498468;987.3863981368913;1158.33146786315;1358.872060208682;1594.132014446359;1870.122253535556;2193.894364737048;2573.720768452858;3019.306079821149;3542.035062906734;4155.263512473084;4874.659497176026;5718.603679767398;6708.658946337209;7870.121340545211;9232.666380967203;10831.10727442716;12706.28439819177;14906.10877695531;17486.78621595445;20514.25336674129;24065.86241733066;28232.35745111674;33120.19296963342;38854.25382030405;45581.04601983359;53472.44000269313;62730.06193403319;73590.44528463698;86331.07429211862;101277.4737211686;118811.5260634959;139381.228686517;163512.140226203;191820.8086789974;225030.524286467;263989.7996954232;309694.0495706946;363311.0235703185;426210.642505751;499999.9999999716
1;10256031741186;50;phasez;-1.52847;-1.5289;-1.53101;-1.53193;-1.53133;-1.53249;-1.5325;-1.53277;-1.53343;-1.53339;-1.53385;-1.53415;-1.53433;-1.53457;-1.5349;-1.53514;-1.53529;-1.53547;-1.53565;-1.53581;-1.53592;-1.53597;-1.53599;-1.53594;-1.53581;-1.53563;-1.53534;-1.53497;-1.53448;-1.53385;-1.53307;-1.53213;-1.53098;-1.52962;-1.52799;-1.52607;-1.5238;-1.5211;-1.51791;-1.51414;-1.50968;-1.50441;-1.49816;-1.49078;-1.48202;-1.47164;-1.45931;-1.44462;-1.42706;-1.40596
2;10256800300710;50;absz;82091.7;73499.5;65807.5;58905.8;52737.9;47223.1;42273.3;37839.8;33876.5;30328;27151.2;24305.5;21757.2;19476.2;17435.2;15608.3;13971.6;12507.1;11195.6;10021.5;8970.38;8029.47;7187.09;6432.92;5757.85;5153.39;4612.34;4127.87;3694.24;3305.94;2958.34;2647.05;2368.4;2118.82;1895.33;1695.28;1516.07;1355.53;1211.75;1082.93;967.587;864.224;771.682;688.801;614.698;548.452;489.359;436.851;390.426;349.736
2;10256800300710;50;frequency;20000.00000002444;22385.53853899816;25055.61678390222;28044.17375656954;31389.19662092121;35133.2035329932;39323.78408414649;44014.2042055669;49264.08322518227;55140.1516811012;61717.09952482729;69078.52549602467;77317.99973512921;86540.25314108083;96862.50859274992;108415.9709538568;121347.4948009008;135821.4510731415;152021.8163702936;170154.5114554648;190450.0186878266;213166.3116533389;238592.1342356312;267050.6708003728;298903.6541519141;334555.9634717432;374460.7706856584;419125.3006744233;469117.2785435782;525072.1459047724;587701.13789258;657800.3235824071;736260.7247225839;824079.6413975459;922373.3285811875;1032391.184709951;1155531.632626961;1293359.894754076;1447627.888434013;1620296.494325686;1813560.480908265;2029876.401899315;2271993.821195295;2542990.262224833;2846310.325953354;3185809.474764127;3565803.038745301;3991121.067296888;4467169.723268114;4999999.999999929
2;10256800300710;50;phasez;-1.53766;-1.53734;-1.53709;-1.53683;-1.53648;-1.53599;-1.53524;-1.53477;-1.53407;-1.53308;-1.53216;-1.53107;-1.52974;-1.52833;-1.5266;-1.5248;-1.52266;-1.52023;-1.51751;-1.51452;-1.51106;-1.50722;-1.50294;-1.49806;-1.49266;-1.48654;-1.4797;-1.47202;-1.46339;-1.4537;-1.44285;-1.43066;-1.41699;-1.40162;-1.38438;-1.36499;-1.3432;-1.31869;-1.2911;-1.26001;-1.22494;-1.18533;-1.14053;-1.08975;-1.03208;-0.966489;-0.891642;-0.806085;-0.708076;-0.595647
3;10257113177605;20;absz;16975.2;13869;11326.4;9251.35;7556.69;6170.99;5039.68;4114.96;3359.76;2742.59;2238.05;1825.55;1488.52;1212.77;987.231;802.708;651.783;528.674;428.767;348.893
3;10257113177605;20;frequency;99999.99999990905;122862.535599424;150952.0265389597;185463.4873444638;227865.1431623047;279960.8926363817;343967.05137965;422606.6409511731;519225.2346839865;637933.2888043621;783781.0140572543;962973.2274171232;1183133.324347452;1453627.601814205;1785963.729760951;2194280.323268956;2695948.443325946;3312310.615921419;4069588.809647371;4999999.999999929
3;10257113177605;20;phasez;-1.52574;-1.52256;-1.51857;-1.51349;-1.50721;-1.49936;-1.48967;-1.4776;-1.46264;-1.44414;-1.42123;-1.39287;-1.3577;-1.31401;-1.2596;-1.19157;-1.106;-0.997659;-0.859298;-0.681274
