0;9208982895874;20;absz;1.36363e+08;9.94434e+07;7.2459e+07;5.27885e+07;3.84405e+07;2.79673e+07;2.0356e+07;1.48125e+07;1.07742e+07;7.83448e+06;5.6965e+06;4.14085e+06;3.00962e+06;2.18706e+06;1.58907e+06;1.15441e+06;838536;609007;442230;321073
0;9208982895874;20;frequency;9.999999974752427;13.86918846435492;19.23543905490988;26.67799336109056;37.00021196095804;51.31629158938722;71.17153245417285;98.70914048804025;136.9015682683994;189.8713664161278;263.3361782500288;365.2259113806622;506.5387032487934;702.5280792305466;974.3494403835484;1351.343611730726;1874.203936580443;2599.368780806799;3605.113577052066;4999.99999995282
0;9208982895874;20;phasez;-1.51176;-1.51433;-1.51737;-1.51974;-1.52188;-1.52423;-1.5252;-1.52653;-1.52768;-1.52861;-1.52939;-1.52994;-1.53025;-1.53028;-1.52993;-1.52912;-1.52766;-1.52534;-1.52184;-1.51669
1;9209751176539;50;absz;7.37749e+06;6.32582e+06;5.40926e+06;4.63786e+06;3.96146e+06;3.39071e+06;2.89961e+06;2.48277e+06;2.12447e+06;1.81762e+06;1.55503e+06;1.33011e+06;1.13799e+06;973507;832809;712460;609516;521365;445957;381447;326247;279029;238641;204102;174547;149271;127653;109165;93351.8;79825.2;68259.3;58367.6;49909.4;42675.1;36489.4;31199;26673.9;22804.1;19494.1;16662.9;14241;12168.6;10395.1;8877.24;7577.87;6464.9;5510.94;4692.66;3989.9;3385.68
1;9209751176539;50;frequency;199.9999999213742;234.625769479635;275.2462588517801;322.8993264769997;378.802514688914;444.3841576318164;521.3198749487447;611.5753842550475;717.456725922716;841.6691823498468;987.3863981368913;1158.33146786315;1358.872060208682;1594.132014446359;1870.122253535556;2193.894364737048;2573.720768452858;3019.306079821149;3542.035062906734;4155.263512473084;4874.659497176026;5718.603679767398;6708.658946337209;7870.121340545211;9232.666380967203;10831.10727442716;12706.28439819177;14906.10877695531;17486.78621595445;20514.25336674129;24065.86241733066;28232.35745111674;33120.19296963342;38854.25382030405;45581.04601983359;53472.44000269313;62730.06193403319;73590.44528463698;86331.07429211862;101277.4737211686;118811.5260634959;139381.228686517;163512.140226203;191820.8086789974;225030.524286467;263989.7996954232;309694.0495706946;363311.0235703185;426210.642505751;499999.9999999716
1;9209751176539;50;phasez;-1.53052;-1.53055;-1.53101;-1.53158;-1.53104;-1.53158;-1.53286;-1.53291;-1.53304;-1.5336;-1.53385;-1.53395;-1.5345;-1.53474;-1.53502;-1.53529;-1.5354;-1.53566;-1.5358;-1.53598;-1.53609;-1.53611;-1.53616;-1.53609;-1.53598;-1.53579;-1.53551;-1.53512;-1.53463;-1.534;-1.53322;-1.53228;-1.53113;-1.52977;-1.52815;-1.52623;-1.52396;-1.52126;-1.51808;-1.51431;-1.50984;-1.50457;-1.49832;-1.49093;-1.48217;-1.47178;-1.45945;-1.44476;-1.4272;-1.4061
2;9210519698017;50;absz;82222.2;73606.7;65925.5;59010.3;52818.8;47295.9;42338.4;37903.4;33929.9;30373.5;27189.6;24340.9;21791.2;19506.7;17461.3;15630.6;13992.2;12525.3;11212.1;10035.7;8982.97;8040.7;7197.13;6441.81;5765.62;5160.5;4618.75;4133.54;3699.28;3310.44;2962.32;2650.62;2371.54;2121.67;1897.88;1697.51;1518.03;1357.28;1213.3;1084.32;968.803;865.33;772.659;689.669;615.468;549.141;489.973;437.402;390.91;350.174
2;9210519698017;50;frequency;20000.00000002444;22385.53853899816;25055.61678390222;28044.17375656954;31389.19662092121;35133.2035329932;39323.78408414649;44014.2042055669;49264.08322518227;55140.1516811012;61717.09952482729;69078.52549602467;77317.99973512921;86540.25314108083;96862.50859274992;108415.9709538568;121347.4948009008;135821.4510731415;152021.8163702936;170154.5114554648;190450.0186878266;213166.3116533389;238592.1342356312;267050.6708003728;298903.6541519141;334555.9634717432;374460.7706856584;419125.3006744233;469117.2785435782;525072.1459047724;587701.13789258;657800.3235824071;736260.7247225839;824079.6413975459;922373.3285811875;1032391.184709951;1155531.632626961;1293359.894754076;1447627.888434013;1620296.494325686;1813560.480908265;2029876.401899315;2271993.821195295;2542990.262224833;2846310.325953354;3185809.474764127;3565803.038745301;3991121.067296888;4467169.723268114;4999999.999999929
2;9210519698017;50;phasez;-1.53763;-1.53739;-1.53704;-1.53676;-1.53663;-1.53597;-1.53563;-1.5349;-1.53421;-1.5334;-1.5324;-1.53112;-1.52982;-1.52842;-1.52685;-1.52491;-1.52281;-1.52038;-1.51768;-1.51466;-1.51125;-1.50739;-1.5031;-1.49822;-1.4928;-1.48667;-1.47984;-1.47215;-1.46353;-1.45385;-1.443;-1.43081;-1.41715;-1.40178;-1.38455;-1.36516;-1.34339;-1.31888;-1.29128;-1.2602;-1.22513;-1.18553;-1.14072;-1.08996;-1.03227;-0.966689;-0.891842;-0.806281;-0.708282;-0.595848
3;9210837914899;20;absz;16996.7;13886.4;11341;9263.07;7566.51;6178.95;5046.07;4120.15;3363.94;2745.97;2240.8;1827.75;1490.32;1214.21;988.376;803.63;652.52;529.248;429.244;349.288
3;9210837914899;20;frequency;99999.99999990905;122862.535599424;150952.0265389597;185463.4873444638;227865.1431623047;279960.8926363817;343967.05137965;422606.6409511731;519225.2346839865;637933.2888043621;783781.0140572543;962973.2274171232;1183133.324347452;1453627.601814205;1785963.729760951;2194280.323268956;2695948.443325946;3312310.615921419;4069588.809647371;4999999.999999929
3;9210837914899;20;phasez;-1.52593;-1.52275;-1.51869;-1.51366;-1.50737;-1.49953;-1.4898;-1.47773;-1.46279;-1.44429;-1.4214;-1.39304;-1.35788;-1.3142;-1.25979;-1.19177;-1.1062;-0.997873;-0.859518;-0.681494
