0;10277576547514;20;absz;1.35955e+08;9.91268e+07;7.22802e+07;5.26641e+07;3.83509e+07;2.79217e+07;2.03151e+07;1.47827e+07;1.07513e+07;7.81801e+06;5.68447e+06;4.13212e+06;3.00326e+06;2.18251e+06;1.58581e+06;1.15207e+06;836851;607772;441354;320444
0;10277576547514;20;frequency;9.999999974752427;13.86918846435492;19.23543905490988;26.67799336109056;37.00021196095804;51.31629158938722;71.17153245417285;98.70914048804025;136.9015682683994;189.8713664161278;263.3361782500288;365.2259113806622;506.5387032487934;702.5280792305466;974.3494403835484;1351.343611730726;1874.203936580443;2599.368780806799;3605.113577052066;4999.99999995282
0;10277576547514;20;phasez;-1.51021;-1.51304;-1.51636;-1.51911;-1.52122;-1.5238;-1.52496;-1.5264;-1.52755;-1.52853;-1.52933;-1.52982;-1.53016;-1.53017;-1.52983;-1.52899;-1.52752;-1.52519;-1.52167;-1.51651
1;10278346431692;50;absz;7.3605e+06;6.31979e+06;5.39644e+06;4.61389e+06;3.95221e+06;3.38272e+06;2.89656e+06;2.47743e+06;2.11922e+06;1.81349e+06;1.55173e+06;1.32743e+06;1.13572e+06;971571;831187;711068;608263;520332;445077;380707;325622;278507;238193;203716;174224;148999;127422;108966;93182.8;79684.3;68140.1;58266.3;49823.1;42602.2;36428;31146.6;26629.7;22766.5;19462.4;16636.1;14218.1;12149.3;10378.9;8863.57;7566.25;6454.96;5502.67;4685.64;3984.04;3380.68
1;10278346431692;50;frequency;199.9999999213742;234.625769479635;275.2462588517801;322.8993264769997;378.802514688914;444.3841576318164;521.3198749487447;611.5753842550475;717.456725922716;841.6691823498468;987.3863981368913;1158.33146786315;1358.872060208682;1594.132014446359;1870.122253535556;2193.894364737048;2573.720768452858;3019.306079821149;3542.035062906734;4155.263512473084;4874.659497176026;5718.603679767398;6708.658946337209;7870.121340545211;9232.666380967203;10831.10727442716;12706.28439819177;14906.10877695531;17486.78621595445;20514.25336674129;24065.86241733066;28232.35745111674;33120.19296963342;38854.25382030405;45581.04601983359;53472.44000269313;62730.06193403319;73590.44528463698;86331.07429211862;101277.4737211686;118811.5260634959;139381.228686517;163512.140226203;191820.8086789974;225030.524286467;263989.7996954232;309694.0495706946;363311.0235703185;426210.642505751;499999.9999999716
1;10278346431692;50;phasez;-1.53158;-1.52981;-1.5306;-1.53033;-1.53232;-1.53177;-1.5327;-1.53248;-1.53277;-1.53354;-1.53365;-1.53408;-1.53441;-1.53462;-1.53489;-1.53507;-1.5353;-1.53552;-1.53561;-1.53583;-1.53587;-1.53596;-1.53597;-1.53592;-1.53582;-1.53563;-1.53534;-1.53497;-1.53446;-1.53384;-1.53307;-1.53212;-1.53098;-1.52962;-1.52799;-1.52607;-1.52379;-1.5211;-1.51791;-1.51414;-1.50967;-1.5044;-1.49816;-1.49076;-1.48201;-1.47163;-1.45929;-1.44461;-1.42704;-1.40594
2;10279114699230;50;absz;82087.9;73477.1;65785.6;58908;52732.2;47208.5;42264.9;37839.8;33869.8;30324.5;27144.9;24300.7;21754.4;19472.9;17433.1;15605.3;13970.1;12504.8;11193.6;10020.1;8969.36;8028.51;7186.21;6432.1;5757.08;5152.82;4611.82;4127.41;3693.8;3305.55;2957.98;2646.75;2368.12;2118.6;1895.16;1695.08;1515.9;1355.39;1211.6;1082.86;967.517;864.183;771.644;688.758;614.66;548.421;489.337;436.835;390.394;349.711
2;10279114699230;50;frequency;20000.00000002444;22385.53853899816;25055.61678390222;28044.17375656954;31389.19662092121;35133.2035329932;39323.78408414649;44014.2042055669;49264.08322518227;55140.1516811012;61717.09952482729;69078.52549602467;77317.99973512921;86540.25314108083;96862.50859274992;108415.9709538568;121347.4948009008;135821.4510731415;152021.8163702936;170154.5114554648;190450.0186878266;213166.3116533389;238592.1342356312;267050.6708003728;298903.6541519141;334555.9634717432;374460.7706856584;419125.3006744233;469117.2785435782;525072.1459047724;587701.13789258;657800.3235824071;736260.7247225839;824079.6413975459;922373.3285811875;1032391.184709951;1155531.632626961;1293359.894754076;1447627.888434013;1620296.494325686;1813560.480908265;2029876.401899315;2271993.821195295;2542990.262224833;2846310.325953354;3185809.474764127;3565803.038745301;3991121.067296888;4467169.723268114;4999999.999999929
2;10279114699230;50;phasez;-1.5375;-1.53702;-1.53716;-1.53673;-1.53642;-1.53583;-1.53556;-1.53481;-1.53401;-1.53316;-1.5321;-1.531;-1.52985;-1.52829;-1.5266;-1.52478;-1.52262;-1.52023;-1.5175;-1.5145;-1.51108;-1.50722;-1.50293;-1.49807;-1.49265;-1.48654;-1.47968;-1.472;-1.46337;-1.4537;-1.44284;-1.43065;-1.41698;-1.40162;-1.38438;-1.365;-1.34321;-1.31869;-1.2911;-1.26001;-1.22493;-1.18533;-1.14052;-1.08976;-1.03208;-0.966491;-0.891646;-0.806085;-0.708087;-0.595658
3;10279431051474;20;absz;16969.1;13865.3;11323.3;9249.56;7555.61;6169.83;5038.74;4114.32;3359.19;2742.1;2237.7;1825.24;1488.3;1212.6;987.088;802.598;651.719;528.601;428.712;348.845
3;10279431051474;20;frequency;99999.99999990905;122862.535599424;150952.0265389597;185463.4873444638;227865.1431623047;279960.8926363817;343967.05137965;422606.6409511731;519225.2346839865;637933.2888043621;783781.0140572543;962973.2274171232;1183133.324347452;1453627.601814205;1785963.729760951;2194280.323268956;2695948.443325946;3312310.615921419;4069588.809647371;4999999.999999929
3;10279431051474;20;phasez;-1.52579;-1.52259;-1.5185;-1.51355;-1.5072;-1.49937;-1.48966;-1.47758;-1.46263;-1.44413;-1.42123;-1.39286;-1.35769;-1.314;-1.2596;-1.19158;-1.106;-0.997683;-0.85933;-0.681304
