0;108771205314;20;absz;3.158e+08;2.28346e+08;1.64791e+08;1.19006e+08;8.58033e+07;6.18792e+07;4.46977e+07;3.22652e+07;2.32888e+07;1.68072e+07;1.21305e+07;8.75563e+06;6.31913e+06;4.56098e+06;3.29181e+06;2.37584e+06;1.7147e+06;1.23751e+06;893112;644557
0;108771205314;20;frequency;9.999999974752427;13.86918846435492;19.23543905490988;26.67799336109056;37.00021196095804;51.31629158938722;71.17153245417285;98.70914048804025;136.9015682683994;189.8713664161278;263.3361782500288;365.2259113806622;506.5387032487934;702.5280792305466;974.3494403835484;1351.343611730726;1874.203936580443;2599.368780806799;3605.113577052066;4999.99999995282
0;108771205314;20;phasez;-1.5669;-1.56567;-1.56573;-1.56601;-1.56564;-1.566;-1.56557;-1.56556;-1.56547;-1.56509;-1.56491;-1.56447;-1.56389;-1.56311;-1.562;-1.56051;-1.55834;-1.55535;-1.55119;-1.54536
1;109541395302;50;absz;1.57668e+07;1.34723e+07;1.15314e+07;9.80637e+06;8.3699e+06;7.13028e+06;6.08697e+06;5.19187e+06;4.4258e+06;3.77796e+06;3.21858e+06;2.74458e+06;2.34127e+06;1.99706e+06;1.70322e+06;1.45248e+06;1.2387e+06;1.05624e+06;900811;768183;655132;558700;476476;406336;346534;295539;252048;214958;183333;156359;133358;113741;97010.8;82739.4;70568.7;60187.3;51333;43778.7;37334.3;31836.2;27144.8;23141;19723.5;16806.2;14314.5;12185.6;10365.3;8807.6;7473.47;6328.74
1;109541395302;50;frequency;199.9999999213742;234.625769479635;275.2462588517801;322.8993264769997;378.802514688914;444.3841576318164;521.3198749487447;611.5753842550475;717.456725922716;841.6691823498468;987.3863981368913;1158.33146786315;1358.872060208682;1594.132014446359;1870.122253535556;2193.894364737048;2573.720768452858;3019.306079821149;3542.035062906734;4155.263512473084;4874.659497176026;5718.603679767398;6708.658946337209;7870.121340545211;9232.666380967203;10831.10727442716;12706.28439819177;14906.10877695531;17486.78621595445;20514.25336674129;24065.86241733066;28232.35745111674;33120.19296963342;38854.25382030405;45581.04601983359;53472.44000269313;62730.06193403319;73590.44528463698;86331.07429211862;101277.4737211686;118811.5260634959;139381.228686517;163512.140226203;191820.8086789974;225030.524286467;263989.7996954232;309694.0495706946;363311.0235703185;426210.642505751;499999.9999999716
1;109541395302;50;phasez;-1.56923;-1.56881;-1.56671;-1.56603;-1.56659;-1.56715;-1.56606;-1.56661;-1.56545;-1.56584;-1.56598;-1.5654;-1.56601;-1.56568;-1.56576;-1.56555;-1.56548;-1.56543;-1.56511;-1.56494;-1.56484;-1.5645;-1.56422;-1.56382;-1.5634;-1.56289;-1.5623;-1.56161;-1.56083;-1.55991;-1.55885;-1.55762;-1.5562;-1.55457;-1.55267;-1.55049;-1.54793;-1.54496;-1.5415;-1.53745;-1.53271;-1.52715;-1.52063;-1.51296;-1.50392;-1.49326;-1.48066;-1.4657;-1.44788;-1.4265
2;110311689708;50;absz;161180;144141;128770;115029;102804;91898.8;82107.2;73375.2;65560.8;58600.4;52369.5;46790.7;41812.8;37366.2;33394.2;29843.4;26669.8;23832.7;21299.4;19035.1;17011.9;15203.7;13587.6;12142.7;10853.2;9699.08;8667.85;7746.23;6922.63;6186.18;5528.23;4940.11;4414.43;3944.46;3524.37;3148.89;2813.18;2513.18;2245.02;2005.37;1791.23;1599.89;1429;1276.4;1140.56;1019.63;912.268;817.481;734.357;662.356
2;110311689708;50;frequency;20000.00000002444;22385.53853899816;25055.61678390222;28044.17375656954;31389.19662092121;35133.2035329932;39323.78408414649;44014.2042055669;49264.08322518227;55140.1516811012;61717.09952482729;69078.52549602467;77317.99973512921;86540.25314108083;96862.50859274992;108415.9709538568;121347.4948009008;135821.4510731415;152021.8163702936;170154.5114554648;190450.0186878266;213166.3116533389;238592.1342356312;267050.6708003728;298903.6541519141;334555.9634717432;374460.7706856584;419125.3006744233;469117.2785435782;525072.1459047724;587701.13789258;657800.3235824071;736260.7247225839;824079.6413975459;922373.3285811875;1032391.184709951;1155531.632626961;1293359.894754076;1447627.888434013;1620296.494325686;1813560.480908265;2029876.401899315;2271993.821195295;2542990.262224833;2846310.325953354;3185809.474764127;3565803.038745301;3991121.067296888;4467169.723268114;4999999.999999929
2;110311689708;50;phasez;-1.56377;-1.5631;-1.56244;-1.56243;-1.56143;-1.56089;-1.56013;-1.55936;-1.55851;-1.55745;-1.55646;-1.55512;-1.55349;-1.55198;-1.54998;-1.54788;-1.54558;-1.54309;-1.5401;-1.53691;-1.5333;-1.52926;-1.52474;-1.51971;-1.51407;-1.50777;-1.50075;-1.49288;-1.48408;-1.47423;-1.46318;-1.45082;-1.43694;-1.42142;-1.40399;-1.38444;-1.36247;-1.3378;-1.31005;-1.27882;-1.24363;-1.20395;-1.15913;-1.10838;-1.05076;-0.985401;-0.910935;-0.825965;-0.728826;-0.617642
3;110629691198;20;absz;32507.8;26475.1;21564.3;17566.8;14306.5;11649.3;9485.64;7724.42;6289.06;5120.8;4168.79;3393.52;2761.9;2247.02;1827.59;1486.29;1208.62;983.76;803.047;660.834
3;110629691198;20;frequency;99999.99999990905;122862.535599424;150952.0265389597;185463.4873444638;227865.1431623047;279960.8926363817;343967.05137965;422606.6409511731;519225.2346839865;637933.2888043621;783781.0140572543;962973.2274171232;1183133.324347452;1453627.601814205;1785963.729760951;2194280.323268956;2695948.443325946;3312310.615921419;4069588.809647371;4999999.999999929
3;110629691198;20;phasez;-1.5491;-1.54565;-1.54116;-1.53574;-1.52911;-1.52091;-1.51083;-1.49841;-1.48316;-1.46431;-1.44107;-1.41235;-1.37686;-1.33288;-1.27822;-1.21004;-1.12443;-1.01649;-0.879036;-0.702913
