0;4569227229577;20;absz;1.51125e+08;1.09823e+08;7.98294e+07;5.80662e+07;4.22053e+07;3.06861e+07;2.2287e+07;1.61924e+07;1.17619e+07;8.54223e+06;6.20259e+06;4.50341e+06;3.26891e+06;2.37237e+06;1.72147e+06;1.24894e+06;905955;657069;476470;345445
0;4569227229577;20;frequency;9.999999974752427;13.86918846435492;19.23543905490988;26.67799336109056;37.00021196095804;51.31629158938722;71.17153245417285;98.70914048804025;136.9015682683994;189.8713664161278;263.3361782500288;365.2259113806622;506.5387032487934;702.5280792305466;974.3494403835484;1351.343611730726;1874.203936580443;2599.368780806799;3605.113577052066;4999.99999995282
0;4569227229577;20;phasez;-1.52822;-1.52878;-1.52972;-1.53108;-1.53183;-1.53286;-1.53359;-1.53435;-1.53497;-1.53562;-1.53612;-1.53653;-1.53678;-1.53677;-1.53643;-1.5356;-1.5342;-1.53189;-1.52838;-1.5232
1;4569997674864;50;absz;8.05133e+06;6.88161e+06;5.89243e+06;5.0418e+06;4.30494e+06;3.68141e+06;3.15183e+06;2.69296e+06;2.30367e+06;1.97018e+06;1.68356e+06;1.43969e+06;1.23124e+06;1.05254e+06;899852;769261;657616;562145;480511;410703;351049;300043;256438;219169;187309;160082;136807;116914;99912.4;85381;72962.6;62349.7;53280.8;45530.1;38906.6;33245.6;28407.5;24272.6;20738.5;17717.2;15134.7;12926.1;11037.1;9420.9;8038.05;6854.06;5839.92;4970.33;4224.03;3582.49
1;4569997674864;50;frequency;199.9999999213742;234.625769479635;275.2462588517801;322.8993264769997;378.802514688914;444.3841576318164;521.3198749487447;611.5753842550475;717.456725922716;841.6691823498468;987.3863981368913;1158.33146786315;1358.872060208682;1594.132014446359;1870.122253535556;2193.894364737048;2573.720768452858;3019.306079821149;3542.035062906734;4155.263512473084;4874.659497176026;5718.603679767398;6708.658946337209;7870.121340545211;9232.666380967203;10831.10727442716;12706.28439819177;14906.10877695531;17486.78621595445;20514.25336674129;24065.86241733066;28232.35745111674;33120.19296963342;38854.25382030405;45581.04601983359;53472.44000269313;62730.06193403319;73590.44528463698;86331.07429211862;101277.4737211686;118811.5260634959;139381.228686517;163512.140226203;191820.8086789974;225030.524286467;263989.7996954232;309694.0495706946;363311.0235703185;426210.642505751;499999.9999999716
1;4569997674864;50;phasez;-1.53295;-1.53872;-1.53853;-1.53919;-1.53806;-1.53909;-1.53906;-1.53924;-1.54004;-1.53999;-1.54048;-1.54047;-1.54096;-1.54133;-1.54155;-1.54168;-1.54197;-1.54209;-1.54234;-1.5425;-1.5426;-1.54264;-1.54263;-1.54258;-1.5424;-1.54218;-1.54186;-1.54143;-1.5409;-1.54021;-1.53937;-1.53837;-1.53715;-1.5357;-1.53399;-1.53198;-1.52961;-1.52682;-1.52355;-1.51971;-1.51518;-1.50987;-1.5036;-1.4962;-1.48747;-1.47713;-1.46486;-1.45025;-1.43279;-1.4118
2;4570767987858;50;absz;87999.9;78716.3;70460;63045.1;56423.2;50491.4;45179.6;40430.9;36177.5;32371.5;28965.7;25919.5;23193.6;20756.3;18572.1;16619;14871.4;13308;11908.1;10655.8;9535.14;8532.35;7634.28;6830.65;6111.8;5468.21;4892.26;4376.81;3915.49;3502.54;3133.04;2802.29;2506.21;2241.24;2004.05;1791.74;1601.66;1431.48;1279.15;1142.78;1020.66;911.349;813.515;725.947;647.72;577.849;515.563;460.268;411.41;368.651
2;4570767987858;50;frequency;20000.00000002444;22385.53853899816;25055.61678390222;28044.17375656954;31389.19662092121;35133.2035329932;39323.78408414649;44014.2042055669;49264.08322518227;55140.1516811012;61717.09952482729;69078.52549602467;77317.99973512921;86540.25314108083;96862.50859274992;108415.9709538568;121347.4948009008;135821.4510731415;152021.8163702936;170154.5114554648;190450.0186878266;213166.3116533389;238592.1342356312;267050.6708003728;298903.6541519141;334555.9634717432;374460.7706856584;419125.3006744233;469117.2785435782;525072.1459047724;587701.13789258;657800.3235824071;736260.7247225839;824079.6413975459;922373.3285811875;1032391.184709951;1155531.632626961;1293359.894754076;1447627.888434013;1620296.494325686;1813560.480908265;2029876.401899315;2271993.821195295;2542990.262224833;2846310.325953354;3185809.474764127;3565803.038745301;3991121.067296888;4467169.723268114;4999999.999999929
2;4570767987858;50;phasez;-1.54397;-1.54343;-1.54325;-1.54322;-1.54265;-1.54197;-1.54145;-1.5408;-1.54004;-1.53894;-1.53794;-1.53682;-1.53548;-1.53395;-1.53217;-1.53028;-1.52816;-1.5257;-1.52296;-1.5199;-1.51651;-1.51266;-1.50836;-1.50357;-1.49817;-1.49211;-1.48531;-1.47771;-1.46915;-1.45956;-1.44877;-1.43668;-1.42308;-1.40781;-1.39065;-1.37135;-1.34964;-1.32521;-1.29771;-1.2667;-1.23172;-1.19221;-1.14752;-1.09686;-1.03933;-0.973899;-0.89926;-0.813957;-0.716269;-0.604224
3;4571086089923;20;absz;18082;14762.9;12049;9835.25;8028.28;6552.3;5347.32;4363.39;3559.85;2903.84;2367.85;1929.94;1572.46;1280.23;1041.45;846.267;686.849;556.954;451.732;367.758
3;4571086089923;20;frequency;99999.99999990905;122862.535599424;150952.0265389597;185463.4873444638;227865.1431623047;279960.8926363817;343967.05137965;422606.6409511731;519225.2346839865;637933.2888043621;783781.0140572543;962973.2274171232;1183133.324347452;1453627.601814205;1785963.729760951;2194280.323268956;2695948.443325946;3312310.615921419;4069588.809647371;4999999.999999929
3;4571086089923;20;phasez;-1.53137;-1.52805;-1.52399;-1.51892;-1.51266;-1.50487;-1.49526;-1.4833;-1.46848;-1.45014;-1.42738;-1.39917;-1.36416;-1.32063;-1.26639;-1.19855;-1.1132;-1.00517;-0.867263;-0.689897
