0;909385913206;20;absz;2.18205e+08;1.57667e+08;1.13992e+08;8.24241e+07;5.95973e+07;4.30953e+07;3.11722e+07;2.254e+07;1.63062e+07;1.17953e+07;8.53378e+06;6.17431e+06;4.46765e+06;3.23276e+06;2.33914e+06;1.69258e+06;1.22476e+06;886251;641347;464124
0;909385913206;20;frequency;9.999999974752427;13.86918846435492;19.23543905490988;26.67799336109056;37.00021196095804;51.31629158938722;71.17153245417285;98.70914048804025;136.9015682683994;189.8713664161278;263.3361782500288;365.2259113806622;506.5387032487934;702.5280792305466;974.3494403835484;1351.343611730726;1874.203936580443;2599.368780806799;3605.113577052066;4999.99999995282
0;909385913206;20;phasez;-1.55775;-1.55751;-1.55736;-1.55667;-1.55646;-1.55682;-1.55558;-1.55528;-1.55472;-1.55419;-1.55353;-1.55278;-1.55199;-1.55097;-1.5497;-1.54796;-1.54561;-1.54237;-1.53791;-1.53181
1;910154953978;50;absz;1.10873e+07;9.49998e+06;8.09466e+06;6.91869e+06;5.90003e+06;5.0386e+06;4.30289e+06;3.67406e+06;3.13823e+06;2.68129e+06;2.28825e+06;1.95388e+06;1.66849e+06;1.42443e+06;1.21658e+06;1.03875e+06;887017;757435;646791;552342;471678;402799;343979;293760;250878;214265;182998;156300;133498;114025;97397.9;83195.7;71067.5;60707.5;51859.6;44300.1;37841.9;32325.3;27612.2;23584.4;20142.4;17200.2;14685.1;12534.5;10694.3;9119.52;7770.83;6614.65;5622.46;4769.64
1;910154953978;50;frequency;199.9999999213742;234.625769479635;275.2462588517801;322.8993264769997;378.802514688914;444.3841576318164;521.3198749487447;611.5753842550475;717.456725922716;841.6691823498468;987.3863981368913;1158.33146786315;1358.872060208682;1594.132014446359;1870.122253535556;2193.894364737048;2573.720768452858;3019.306079821149;3542.035062906734;4155.263512473084;4874.659497176026;5718.603679767398;6708.658946337209;7870.121340545211;9232.666380967203;10831.10727442716;12706.28439819177;14906.10877695531;17486.78621595445;20514.25336674129;24065.86241733066;28232.35745111674;33120.19296963342;38854.25382030405;45581.04601983359;53472.44000269313;62730.06193403319;73590.44528463698;86331.07429211862;101277.4737211686;118811.5260634959;139381.228686517;163512.140226203;191820.8086789974;225030.524286467;263989.7996954232;309694.0495706946;363311.0235703185;426210.642505751;499999.9999999716
1;910154953978;50;phasez;-1.55879;-1.55058;-1.55627;-1.55518;-1.55314;-1.55381;-1.55385;-1.55396;-1.55368;-1.55394;-1.55376;-1.55358;-1.55333;-1.55304;-1.55297;-1.55271;-1.55255;-1.55226;-1.55194;-1.55164;-1.55128;-1.55089;-1.55045;-1.54994;-1.54938;-1.54872;-1.54799;-1.54717;-1.54623;-1.54517;-1.54395;-1.54259;-1.54103;-1.53924;-1.5372;-1.53486;-1.53216;-1.52904;-1.52543;-1.52123;-1.51634;-1.51064;-1.50397;-1.49615;-1.48698;-1.47619;-1.46346;-1.44837;-1.43042;-1.40893
2;910921531826;50;absz;117558;105167;94068.5;84149.3;75263.3;67327.3;60241;53896.3;48215.5;43140.8;38597;34529.1;30883.2;27637.3;24725.4;22122.3;19792;17709.7;15846.4;14178.8;12686.8;11352.1;10157.6;9088.99;8132.69;7276.95;6511.37;5826.08;5213.16;4664.32;4173.29;3733.84;3340.53;2988.5;2673.45;2391.37;2138.91;1912.97;1710.74;1529.67;1367.64;1222.62;1092.88;976.801;873.227;780.826;698.606;625.788;561.684;505.91
2;910921531826;50;frequency;20000.00000002444;22385.53853899816;25055.61678390222;28044.17375656954;31389.19662092121;35133.2035329932;39323.78408414649;44014.2042055669;49264.08322518227;55140.1516811012;61717.09952482729;69078.52549602467;77317.99973512921;86540.25314108083;96862.50859274992;108415.9709538568;121347.4948009008;135821.4510731415;152021.8163702936;170154.5114554648;190450.0186878266;213166.3116533389;238592.1342356312;267050.6708003728;298903.6541519141;334555.9634717432;374460.7706856584;419125.3006744233;469117.2785435782;525072.1459047724;587701.13789258;657800.3235824071;736260.7247225839;824079.6413975459;922373.3285811875;1032391.184709951;1155531.632626961;1293359.894754076;1447627.888434013;1620296.494325686;1813560.480908265;2029876.401899315;2271993.821195295;2542990.262224833;2846310.325953354;3185809.474764127;3565803.038745301;3991121.067296888;4467169.723268114;4999999.999999929
2;910921531826;50;phasez;-1.5489;-1.54839;-1.54792;-1.54703;-1.54661;-1.54576;-1.54478;-1.5441;-1.54308;-1.54178;-1.54064;-1.53913;-1.53755;-1.53573;-1.53382;-1.53168;-1.52919;-1.52653;-1.52358;-1.52019;-1.51654;-1.51237;-1.50775;-1.50264;-1.49693;-1.49054;-1.4834;-1.47544;-1.46654;-1.45659;-1.44548;-1.43302;-1.41905;-1.40342;-1.38591;-1.36625;-1.34417;-1.31939;-1.29151;-1.26017;-1.22484;-1.18501;-1.14001;-1.08908;-1.03123;-0.965599;-0.890795;-0.805409;-0.707736;-0.595861
3;911238959370;20;absz;24072.6;19649.8;16039.2;13092.1;10683.2;8719.86;7117.63;5808.52;4740.81;3868.45;3156.67;2575.13;2100.13;1712.11;1395.27;1136.38;925.133;753.33;614.608;504.695
3;911238959370;20;frequency;99999.99999990905;122862.535599424;150952.0265389597;185463.4873444638;227865.1431623047;279960.8926363817;343967.05137965;422606.6409511731;519225.2346839865;637933.2888043621;783781.0140572543;962973.2274171232;1183133.324347452;1453627.601814205;1785963.729760951;2194280.323268956;2695948.443325946;3312310.615921419;4069588.809647371;4999999.999999929
3;911238959370;20;phasez;-1.53284;-1.52909;-1.52458;-1.51896;-1.5122;-1.50385;-1.49358;-1.48101;-1.46557;-1.44655;-1.42314;-1.39428;-1.35858;-1.3144;-1.25951;-1.19106;-1.10515;-0.996731;-0.858576;-0.681364
