0;1958249267856;20;absz;1.9048e+08;1.37853e+08;9.97512e+07;7.21742e+07;5.22346e+07;3.78124e+07;2.73411e+07;1.97827e+07;1.43108e+07;1.03542e+07;7.49038e+06;5.41829e+06;3.91858e+06;2.83353e+06;2.04864e+06;1.48094e+06;1.07048e+06;773693;559159;404095
0;1958249267856;20;frequency;9.999999974752427;13.86918846435492;19.23543905490988;26.67799336109056;37.00021196095804;51.31629158938722;71.17153245417285;98.70914048804025;136.9015682683994;189.8713664161278;263.3361782500288;365.2259113806622;506.5387032487934;702.5280792305466;974.3494403835484;1351.343611730726;1874.203936580443;2599.368780806799;3605.113577052066;4999.99999995282
0;1958249267856;20;phasez;-1.55334;-1.55325;-1.55364;-1.5538;-1.55384;-1.55441;-1.55421;-1.55427;-1.55427;-1.55433;-1.55448;-1.55455;-1.55447;-1.55422;-1.55361;-1.55247;-1.55066;-1.54792;-1.54391;-1.53818
1;1959017422219;50;absz;9.73768e+06;8.32146e+06;7.10965e+06;6.06685e+06;5.18355e+06;4.42085e+06;3.77652e+06;3.2222e+06;2.75039e+06;2.34756e+06;2.00393e+06;1.71042e+06;1.45973e+06;1.2457e+06;1.06329e+06;907503;774436;660898;564016;481280;410750;350526;299133;255279;217853;185917;158664;135415;115570;98636.5;84183.6;71852.3;61328.1;52345.8;44680.8;38137.1;32551.8;27784.1;23713.6;20238.5;17271.4;14737;12572.2;10722.5;9141.37;7789.28;6632.44;5641.63;4791.97;4062.34
1;1959017422219;50;frequency;199.9999999213742;234.625769479635;275.2462588517801;322.8993264769997;378.802514688914;444.3841576318164;521.3198749487447;611.5753842550475;717.456725922716;841.6691823498468;987.3863981368913;1158.33146786315;1358.872060208682;1594.132014446359;1870.122253535556;2193.894364737048;2573.720768452858;3019.306079821149;3542.035062906734;4155.263512473084;4874.659497176026;5718.603679767398;6708.658946337209;7870.121340545211;9232.666380967203;10831.10727442716;12706.28439819177;14906.10877695531;17486.78621595445;20514.25336674129;24065.86241733066;28232.35745111674;33120.19296963342;38854.25382030405;45581.04601983359;53472.44000269313;62730.06193403319;73590.44528463698;86331.07429211862;101277.4737211686;118811.5260634959;139381.228686517;163512.140226203;191820.8086789974;225030.524286467;263989.7996954232;309694.0495706946;363311.0235703185;426210.642505751;499999.9999999716
1;1959017422219;50;phasez;-1.55584;-1.5563;-1.55388;-1.55738;-1.55473;-1.55656;-1.55606;-1.5565;-1.55699;-1.55741;-1.55763;-1.55774;-1.55776;-1.55784;-1.55795;-1.55804;-1.55799;-1.55802;-1.55797;-1.5578;-1.55759;-1.55741;-1.55709;-1.5567;-1.55629;-1.55576;-1.55513;-1.5544;-1.55355;-1.55254;-1.55138;-1.55007;-1.54854;-1.54678;-1.54475;-1.54241;-1.5397;-1.53656;-1.53291;-1.52867;-1.52372;-1.51794;-1.51118;-1.50327;-1.49398;-1.48306;-1.47018;-1.45493;-1.43681;-1.41514
2;1959788759152;50;absz;101623;90856.7;81262.8;72656.7;64951.8;58092.1;51928.8;46435.3;41512.8;37118.7;33193.8;29679.2;26536.5;23730.1;21215.7;18973.2;16967.7;15172.6;13569;12134;10851.6;9704.57;8678.78;7761.43;6941.24;6207.77;5551.83;4965.21;4440.53;3971.14;3551.33;3175.9;2839.96;2539.44;2270.62;2030.09;1814.89;1622.33;1450.01;1295.78;1157.79;1034.33;923.857;825.046;736.861;658.139;588.058;525.911;471.121;423.315
2;1959788759152;50;frequency;20000.00000002444;22385.53853899816;25055.61678390222;28044.17375656954;31389.19662092121;35133.2035329932;39323.78408414649;44014.2042055669;49264.08322518227;55140.1516811012;61717.09952482729;69078.52549602467;77317.99973512921;86540.25314108083;96862.50859274992;108415.9709538568;121347.4948009008;135821.4510731415;152021.8163702936;170154.5114554648;190450.0186878266;213166.3116533389;238592.1342356312;267050.6708003728;298903.6541519141;334555.9634717432;374460.7706856584;419125.3006744233;469117.2785435782;525072.1459047724;587701.13789258;657800.3235824071;736260.7247225839;824079.6413975459;922373.3285811875;1032391.184709951;1155531.632626961;1293359.894754076;1447627.888434013;1620296.494325686;1813560.480908265;2029876.401899315;2271993.821195295;2542990.262224833;2846310.325953354;3185809.474764127;3565803.038745301;3991121.067296888;4467169.723268114;4999999.999999929
2;1959788759152;50;phasez;-1.55624;-1.55599;-1.55527;-1.55479;-1.55391;-1.55341;-1.55242;-1.55159;-1.55064;-1.54939;-1.54799;-1.54667;-1.54513;-1.54327;-1.54132;-1.53906;-1.53661;-1.53389;-1.5308;-1.52742;-1.52358;-1.51939;-1.51471;-1.50948;-1.50365;-1.49717;-1.48991;-1.48184;-1.47282;-1.46273;-1.45145;-1.43885;-1.42475;-1.40896;-1.39127;-1.37145;-1.3492;-1.32423;-1.29616;-1.26461;-1.22906;-1.189;-1.14375;-1.09255;-1.03443;-0.968466;-0.893298;-0.807492;-0.709325;-0.596863
3;1960105311830;20;absz;20651.7;16841.3;13731.8;11194.7;9128.74;7444.83;6069.7;4949.8;4035.9;3290.87;2682.86;2186.68;1781.61;1451.19;1181.24;960.86;781.008;634.662;516.352;422.293
3;1960105311830;20;frequency;99999.99999990905;122862.535599424;150952.0265389597;185463.4873444638;227865.1431623047;279960.8926363817;343967.05137965;422606.6409511731;519225.2346839865;637933.2888043621;783781.0140572543;962973.2274171232;1183133.324347452;1453627.601814205;1785963.729760951;2194280.323268956;2695948.443325946;3312310.615921419;4069588.809647371;4999999.999999929
3;1960105311830;20;phasez;-1.54038;-1.53647;-1.53181;-1.52613;-1.51915;-1.51059;-1.5002;-1.4874;-1.4717;-1.45245;-1.42877;-1.39959;-1.3636;-1.31906;-1.26379;-1.19493;-1.10853;-0.999518;-0.860652;-0.682464
