0;5185870680252;20;absz;1.46068e+08;1.06361e+08;7.73903e+07;5.62516e+07;4.09116e+07;2.9753e+07;2.16237e+07;1.57134e+07;1.14208e+07;8.2982e+06;6.02894e+06;4.37957e+06;3.18086e+06;2.3099e+06;1.67706e+06;1.21736e+06;883456;641056;465083;337370
0;5185870680252;20;frequency;9.999999974752427;13.86918846435492;19.23543905490988;26.67799336109056;37.00021196095804;51.31629158938722;71.17153245417285;98.70914048804025;136.9015682683994;189.8713664161278;263.3361782500288;365.2259113806622;506.5387032487934;702.5280792305466;974.3494403835484;1351.343611730726;1874.203936580443;2599.368780806799;3605.113577052066;4999.99999995282
0;5185870680252;20;phasez;-1.52343;-1.5258;-1.52722;-1.52846;-1.5294;-1.53055;-1.53121;-1.53196;-1.53247;-1.53313;-1.53358;-1.53394;-1.53417;-1.5342;-1.53392;-1.53316;-1.53177;-1.52946;-1.52593;-1.52074
1;5186638974467;50;absz;7.80729e+06;6.68855e+06;5.72811e+06;4.88968e+06;4.18758e+06;3.58407e+06;3.06736e+06;2.62276e+06;2.24283e+06;1.91825e+06;1.64114e+06;1.40348e+06;1.20012e+06;1.02618e+06;877564;750280;641545;548541;469002;400956;342808;293087;250555;214196;183115;156540;133813;114386;97776.1;83575.5;71436.3;61061.3;52189.5;44607.2;38124.6;32583.8;27846.4;23796.8;20334.8;17374.8;14843.6;12679.2;10827.9;9244.03;7888.32;6727.66;5733.23;4880.43;4148.45;3519.07
1;5186638974467;50;frequency;199.9999999213742;234.625769479635;275.2462588517801;322.8993264769997;378.802514688914;444.3841576318164;521.3198749487447;611.5753842550475;717.456725922716;841.6691823498468;987.3863981368913;1158.33146786315;1358.872060208682;1594.132014446359;1870.122253535556;2193.894364737048;2573.720768452858;3019.306079821149;3542.035062906734;4155.263512473084;4874.659497176026;5718.603679767398;6708.658946337209;7870.121340545211;9232.666380967203;10831.10727442716;12706.28439819177;14906.10877695531;17486.78621595445;20514.25336674129;24065.86241733066;28232.35745111674;33120.19296963342;38854.25382030405;45581.04601983359;53472.44000269313;62730.06193403319;73590.44528463698;86331.07429211862;101277.4737211686;118811.5260634959;139381.228686517;163512.140226203;191820.8086789974;225030.524286467;263989.7996954232;309694.0495706946;363311.0235703185;426210.642505751;499999.9999999716
1;5186638974467;50;phasez;-1.53343;-1.53407;-1.53479;-1.53437;-1.5349;-1.53516;-1.53702;-1.53656;-1.53698;-1.53769;-1.53824;-1.53825;-1.53871;-1.53887;-1.53908;-1.53944;-1.53959;-1.53977;-1.53996;-1.5401;-1.54013;-1.54017;-1.54016;-1.54007;-1.53998;-1.53977;-1.53948;-1.53909;-1.53859;-1.53798;-1.53721;-1.53625;-1.53511;-1.53373;-1.53209;-1.53014;-1.52783;-1.5251;-1.52186;-1.51803;-1.51352;-1.50819;-1.50191;-1.4945;-1.48573;-1.47536;-1.46306;-1.44842;-1.43093;-1.40992
2;5187407091839;50;absz;86122.5;77095.5;68981.2;61753.1;55251.3;49460.9;44264.5;39613.4;35452.8;31726.7;28394.8;25409.3;22741.4;20351.1;18212.2;16300.1;14587.2;13054.2;11682.2;10455.1;9355.91;8372.69;7492.81;6704.88;5999.7;5368.64;4803.85;4298.43;3845.81;3440.74;3078.14;2753.6;2463.05;2202.93;1970.13;1761.58;1574.95;1407.81;1258.14;1124.11;1004.11;896.666;800.471;714.366;637.403;568.663;507.361;452.929;404.816;362.698
2;5187407091839;50;frequency;20000.00000002444;22385.53853899816;25055.61678390222;28044.17375656954;31389.19662092121;35133.2035329932;39323.78408414649;44014.2042055669;49264.08322518227;55140.1516811012;61717.09952482729;69078.52549602467;77317.99973512921;86540.25314108083;96862.50859274992;108415.9709538568;121347.4948009008;135821.4510731415;152021.8163702936;170154.5114554648;190450.0186878266;213166.3116533389;238592.1342356312;267050.6708003728;298903.6541519141;334555.9634717432;374460.7706856584;419125.3006744233;469117.2785435782;525072.1459047724;587701.13789258;657800.3235824071;736260.7247225839;824079.6413975459;922373.3285811875;1032391.184709951;1155531.632626961;1293359.894754076;1447627.888434013;1620296.494325686;1813560.480908265;2029876.401899315;2271993.821195295;2542990.262224833;2846310.325953354;3185809.474764127;3565803.038745301;3991121.067296888;4467169.723268114;4999999.999999929
2;5187407091839;50;phasez;-1.54144;-1.54141;-1.54129;-1.54093;-1.54027;-1.54021;-1.53948;-1.53895;-1.53814;-1.53723;-1.53616;-1.53495;-1.53374;-1.53221;-1.53055;-1.52866;-1.52644;-1.52401;-1.5213;-1.51825;-1.51479;-1.51094;-1.50662;-1.5018;-1.49638;-1.49031;-1.4835;-1.47586;-1.46729;-1.45768;-1.44689;-1.43477;-1.42117;-1.4059;-1.38872;-1.36944;-1.34774;-1.32332;-1.29582;-1.26483;-1.22986;-1.19036;-1.14569;-1.09503;-1.03752;-0.972093;-0.897456;-0.812144;-0.714443;-0.60236
3;5187723236604;20;absz;17729.7;14479.8;11820.5;9650.06;7878.84;6431.56;5250.09;4285.09;3496.91;2853.28;2327.25;1897.33;1546.29;1259.23;1024.55;832.685;675.915;548.122;444.543;361.821
3;5187723236604;20;frequency;99999.99999990905;122862.535599424;150952.0265389597;185463.4873444638;227865.1431623047;279960.8926363817;343967.05137965;422606.6409511731;519225.2346839865;637933.2888043621;783781.0140572543;962973.2274171232;1183133.324347452;1453627.601814205;1785963.729760951;2194280.323268956;2695948.443325946;3312310.615921419;4069588.809647371;4999999.999999929
3;5187723236604;20;phasez;-1.5297;-1.52636;-1.52231;-1.51721;-1.51094;-1.50311;-1.49345;-1.48144;-1.46662;-1.44824;-1.42549;-1.39725;-1.36224;-1.31874;-1.26453;-1.1967;-1.11137;-1.00337;-0.865458;-0.688039
