0;8104117150907;20;absz;1.36963e+08;9.99892e+07;7.2847e+07;5.30538e+07;3.86313e+07;2.81087e+07;2.0458e+07;1.48802e+07;1.0821e+07;7.86825e+06;5.72029e+06;4.15786e+06;3.02185e+06;2.19586e+06;1.59544e+06;1.15903e+06;841852;611391;443940;322295
0;8104117150907;20;frequency;9.999999974752427;13.86918846435492;19.23543905490988;26.67799336109056;37.00021196095804;51.31629158938722;71.17153245417285;98.70914048804025;136.9015682683994;189.8713664161278;263.3361782500288;365.2259113806622;506.5387032487934;702.5280792305466;974.3494403835484;1351.343611730726;1874.203936580443;2599.368780806799;3605.113577052066;4999.99999995282
0;8104117150907;20;phasez;-1.51136;-1.5148;-1.51795;-1.5204;-1.52255;-1.5238;-1.52582;-1.52729;-1.52827;-1.52918;-1.52983;-1.53031;-1.53055;-1.53053;-1.53017;-1.52934;-1.52788;-1.52557;-1.52208;-1.51696
1;8104887124682;50;absz;7.40112e+06;6.33763e+06;5.43532e+06;4.645e+06;3.97815e+06;3.40484e+06;2.91376e+06;2.49202e+06;2.13204e+06;1.82422e+06;1.5612e+06;1.33565e+06;1.14248e+06;977534;836123;715286;611856;523373;447665;382905;327499;280099;239548;204864;175195;149821;128119;109559;93684.1;80109.2;68499.1;58571.7;50082.7;42822.5;36614.1;31304.5;26763.3;22879.9;19558.1;16716.9;14286.5;12207.1;10427.7;8904.67;7600.96;6484.31;5527.28;4706.44;4001.51;3395.39
1;8104887124682;50;frequency;199.9999999213742;234.625769479635;275.2462588517801;322.8993264769997;378.802514688914;444.3841576318164;521.3198749487447;611.5753842550475;717.456725922716;841.6691823498468;987.3863981368913;1158.33146786315;1358.872060208682;1594.132014446359;1870.122253535556;2193.894364737048;2573.720768452858;3019.306079821149;3542.035062906734;4155.263512473084;4874.659497176026;5718.603679767398;6708.658946337209;7870.121340545211;9232.666380967203;10831.10727442716;12706.28439819177;14906.10877695531;17486.78621595445;20514.25336674129;24065.86241733066;28232.35745111674;33120.19296963342;38854.25382030405;45581.04601983359;53472.44000269313;62730.06193403319;73590.44528463698;86331.07429211862;101277.4737211686;118811.5260634959;139381.228686517;163512.140226203;191820.8086789974;225030.524286467;263989.7996954232;309694.0495706946;363311.0235703185;426210.642505751;499999.9999999716
1;8104887124682;50;phasez;-1.5283;-1.53201;-1.53118;-1.53083;-1.53173;-1.53331;-1.53237;-1.53288;-1.53322;-1.53381;-1.53411;-1.53447;-1.53468;-1.53508;-1.53516;-1.53543;-1.53573;-1.53586;-1.53604;-1.53617;-1.53632;-1.53639;-1.5364;-1.53636;-1.53626;-1.53607;-1.53579;-1.53542;-1.53492;-1.53429;-1.53352;-1.53258;-1.53144;-1.53008;-1.52846;-1.52655;-1.52428;-1.52159;-1.51841;-1.51465;-1.5102;-1.50492;-1.49868;-1.4913;-1.48254;-1.47216;-1.45982;-1.44514;-1.42758;-1.40648
2;8105655830150;50;absz;82514.9;73872;66147.2;59224;53009.4;47464.4;42481.9;38038.9;34046.1;30478.9;27282.4;24421.3;21862.2;19570.3;17518.7;15681;14037;12564.8;11247.3;10067.3;9011.39;8065.39;7218.93;6461.32;5783.09;5175.87;4632.28;4145.64;3709.92;3319.89;2970.78;2658.13;2378.18;2127.54;1903.07;1702.1;1522.11;1360.89;1216.49;1087.18;971.316;867.545;774.629;691.402;617;550.488;491.18;438.484;391.885;351.055
2;8105655830150;50;frequency;20000.00000002444;22385.53853899816;25055.61678390222;28044.17375656954;31389.19662092121;35133.2035329932;39323.78408414649;44014.2042055669;49264.08322518227;55140.1516811012;61717.09952482729;69078.52549602467;77317.99973512921;86540.25314108083;96862.50859274992;108415.9709538568;121347.4948009008;135821.4510731415;152021.8163702936;170154.5114554648;190450.0186878266;213166.3116533389;238592.1342356312;267050.6708003728;298903.6541519141;334555.9634717432;374460.7706856584;419125.3006744233;469117.2785435782;525072.1459047724;587701.13789258;657800.3235824071;736260.7247225839;824079.6413975459;922373.3285811875;1032391.184709951;1155531.632626961;1293359.894754076;1447627.888434013;1620296.494325686;1813560.480908265;2029876.401899315;2271993.821195295;2542990.262224833;2846310.325953354;3185809.474764127;3565803.038745301;3991121.067296888;4467169.723268114;4999999.999999929
2;8105655830150;50;phasez;-1.53814;-1.53778;-1.53738;-1.53706;-1.53681;-1.53635;-1.53578;-1.53504;-1.5344;-1.53362;-1.53272;-1.53153;-1.53027;-1.52877;-1.52713;-1.52526;-1.52313;-1.52071;-1.51801;-1.51502;-1.5116;-1.50775;-1.50347;-1.49862;-1.49315;-1.48703;-1.4802;-1.47252;-1.4639;-1.45422;-1.44336;-1.43118;-1.41752;-1.40216;-1.38492;-1.36554;-1.34377;-1.31928;-1.29169;-1.2606;-1.22554;-1.18593;-1.14114;-1.09037;-1.03269;-0.9671;-0.892261;-0.806707;-0.708718;-0.59631
3;8105975172688;20;absz;17050.8;13931.4;11376.5;9291.77;7589.23;6197.44;5061.01;4132.29;3373.64;2753.7;2246.95;1832.69;1494.27;1217.38;990.913;805.645;654.151;530.557;430.3;350.156
3;8105975172688;20;frequency;99999.99999990905;122862.535599424;150952.0265389597;185463.4873444638;227865.1431623047;279960.8926363817;343967.05137965;422606.6409511731;519225.2346839865;637933.2888043621;783781.0140572543;962973.2274171232;1183133.324347452;1453627.601814205;1785963.729760951;2194280.323268956;2695948.443325946;3312310.615921419;4069588.809647371;4999999.999999929
3;8105975172688;20;phasez;-1.52628;-1.52309;-1.51911;-1.51398;-1.50774;-1.49988;-1.49016;-1.4781;-1.46317;-1.44467;-1.42178;-1.39342;-1.35827;-1.3146;-1.2602;-1.19218;-1.1066;-0.998279;-0.859937;-0.681917
