0;7208428632364;20;absz;1.3839e+08;1.00857e+08;7.35034e+07;5.34983e+07;3.89492e+07;2.83558e+07;2.06151e+07;1.49933e+07;1.09014e+07;7.92562e+06;5.76132e+06;4.1872e+06;3.04288e+06;2.21096e+06;1.60624e+06;1.16681e+06;847411;615358;446783;324327
0;7208428632364;20;frequency;9.999999974752427;13.86918846435492;19.23543905490988;26.67799336109056;37.00021196095804;51.31629158938722;71.17153245417285;98.70914048804025;136.9015682683994;189.8713664161278;263.3361782500288;365.2259113806622;506.5387032487934;702.5280792305466;974.3494403835484;1351.343611730726;1874.203936580443;2599.368780806799;3605.113577052066;4999.99999995282
0;7208428632364;20;phasez;-1.5138;-1.5173;-1.51969;-1.52225;-1.5241;-1.52575;-1.52697;-1.52811;-1.52916;-1.5299;-1.53051;-1.5309;-1.53112;-1.53107;-1.53068;-1.52982;-1.52836;-1.52605;-1.52255;-1.51742
1;7209198826079;50;absz;7.47631e+06;6.38926e+06;5.47381e+06;4.68693e+06;4.00319e+06;3.42643e+06;2.93288e+06;2.51009e+06;2.14671e+06;1.83689e+06;1.57202e+06;1.34448e+06;1.15027e+06;983948;841620;720003;615894;526772;450553;385330;329561;281846;241033;206131;176271;150730;128891;110213;94239.6;80579.6;68899.1;58910.1;50369.5;43064.7;36819.2;31478.2;26910.5;23004.4;19663.6;16806.5;14361.8;12270.6;10481.4;8950.31;7639.38;6516.77;5554.73;4729.63;4021.14;3411.84
1;7209198826079;50;frequency;199.9999999213742;234.625769479635;275.2462588517801;322.8993264769997;378.802514688914;444.3841576318164;521.3198749487447;611.5753842550475;717.456725922716;841.6691823498468;987.3863981368913;1158.33146786315;1358.872060208682;1594.132014446359;1870.122253535556;2193.894364737048;2573.720768452858;3019.306079821149;3542.035062906734;4155.263512473084;4874.659497176026;5718.603679767398;6708.658946337209;7870.121340545211;9232.666380967203;10831.10727442716;12706.28439819177;14906.10877695531;17486.78621595445;20514.25336674129;24065.86241733066;28232.35745111674;33120.19296963342;38854.25382030405;45581.04601983359;53472.44000269313;62730.06193403319;73590.44528463698;86331.07429211862;101277.4737211686;118811.5260634959;139381.228686517;163512.140226203;191820.8086789974;225030.524286467;263989.7996954232;309694.0495706946;363311.0235703185;426210.642505751;499999.9999999716
1;7209198826079;50;phasez;-1.52934;-1.53209;-1.53149;-1.53141;-1.53244;-1.5338;-1.5337;-1.534;-1.53394;-1.5343;-1.53435;-1.53502;-1.53522;-1.53542;-1.53568;-1.53604;-1.53617;-1.53636;-1.53657;-1.53667;-1.5368;-1.53689;-1.5369;-1.53687;-1.53674;-1.53657;-1.5363;-1.53591;-1.53542;-1.5348;-1.53402;-1.53308;-1.53194;-1.53059;-1.52897;-1.52707;-1.52481;-1.52212;-1.51894;-1.51518;-1.51072;-1.50545;-1.49921;-1.49181;-1.48305;-1.47267;-1.46033;-1.44565;-1.4281;-1.40702
2;7209969370550;50;absz;82971.3;74314.7;66516.9;59566.8;53306.8;47722.9;42729.6;38245;34235.2;30644.6;27433.2;24555.6;21980.6;19674.2;17611.3;15763.4;14110.4;12629.7;11305;10118.8;9056.99;8106.28;7255.23;6493.56;5811.64;5201.36;4654.97;4165.78;3727.9;3335.88;2984.93;2670.68;2389.33;2137.45;1911.88;1709.9;1529.01;1367.03;1221.92;1091.97;975.582;871.319;777.966;694.362;619.631;552.831;493.26;440.329;393.528;352.532
2;7209969370550;50;frequency;20000.00000002444;22385.53853899816;25055.61678390222;28044.17375656954;31389.19662092121;35133.2035329932;39323.78408414649;44014.2042055669;49264.08322518227;55140.1516811012;61717.09952482729;69078.52549602467;77317.99973512921;86540.25314108083;96862.50859274992;108415.9709538568;121347.4948009008;135821.4510731415;152021.8163702936;170154.5114554648;190450.0186878266;213166.3116533389;238592.1342356312;267050.6708003728;298903.6541519141;334555.9634717432;374460.7706856584;419125.3006744233;469117.2785435782;525072.1459047724;587701.13789258;657800.3235824071;736260.7247225839;824079.6413975459;922373.3285811875;1032391.184709951;1155531.632626961;1293359.894754076;1447627.888434013;1620296.494325686;1813560.480908265;2029876.401899315;2271993.821195295;2542990.262224833;2846310.325953354;3185809.474764127;3565803.038745301;3991121.067296888;4467169.723268114;4999999.999999929
2;7209969370550;50;phasez;-1.5382;-1.53833;-1.53801;-1.53776;-1.53738;-1.53691;-1.53637;-1.53577;-1.53502;-1.53414;-1.53318;-1.53212;-1.53079;-1.52927;-1.52769;-1.52583;-1.52367;-1.52128;-1.51862;-1.51555;-1.51211;-1.50827;-1.50396;-1.49909;-1.49367;-1.48757;-1.48073;-1.47305;-1.46443;-1.45477;-1.44393;-1.43175;-1.4181;-1.40277;-1.38555;-1.36619;-1.34444;-1.31996;-1.2924;-1.26134;-1.2263;-1.18672;-1.14196;-1.09121;-1.03356;-0.968016;-0.893223;-0.807726;-0.709792;-0.597445
3;7210286525140;20;absz;17138.6;14000.5;11433.6;9337.98;7626.65;6227.36;5085.3;4151.8;3389.46;2766.46;2257.28;1840.98;1500.94;1222.71;995.191;809.052;656.869;532.758;432.075;351.597
3;7210286525140;20;frequency;99999.99999990905;122862.535599424;150952.0265389597;185463.4873444638;227865.1431623047;279960.8926363817;343967.05137965;422606.6409511731;519225.2346839865;637933.2888043621;783781.0140572543;962973.2274171232;1183133.324347452;1453627.601814205;1785963.729760951;2194280.323268956;2695948.443325946;3312310.615921419;4069588.809647371;4999999.999999929
3;7210286525140;20;phasez;-1.52678;-1.5237;-1.51961;-1.51453;-1.50824;-1.50041;-1.4907;-1.47862;-1.46372;-1.44525;-1.42239;-1.39407;-1.35896;-1.31534;-1.26099;-1.19302;-1.1075;-0.999263;-0.861019;-0.683147
