0;4611075779678;20;absz;1.50572e+08;1.09539e+08;7.96729e+07;5.79192e+07;4.21103e+07;3.06005e+07;2.2242e+07;1.61587e+07;1.17382e+07;8.52494e+06;6.19062e+06;4.49446e+06;3.26251e+06;2.36784e+06;1.71819e+06;1.24657e+06;904279;655867;475624;344857
0;4611075779678;20;frequency;9.999999974752427;13.86918846435492;19.23543905490988;26.67799336109056;37.00021196095804;51.31629158938722;71.17153245417285;98.70914048804025;136.9015682683994;189.8713664161278;263.3361782500288;365.2259113806622;506.5387032487934;702.5280792305466;974.3494403835484;1351.343611730726;1874.203936580443;2599.368780806799;3605.113577052066;4999.99999995282
0;4611075779678;20;phasez;-1.52686;-1.5289;-1.52911;-1.53034;-1.5314;-1.5329;-1.53329;-1.534;-1.53472;-1.53532;-1.53593;-1.53636;-1.53663;-1.53664;-1.5363;-1.53544;-1.53401;-1.53167;-1.52815;-1.52299
1;4611846448046;50;absz;8.03377e+06;6.8735e+06;5.8933e+06;5.02767e+06;4.29839e+06;3.6765e+06;3.14404e+06;2.68868e+06;2.29889e+06;1.96528e+06;1.68091e+06;1.43721e+06;1.22875e+06;1.05063e+06;898149;767911;656437;561131;479642;409997;350463;299539;256012;218812;187013;159828;136592;116733;99757;85251.9;72851.6;62256.2;53201.5;45462.8;38849.7;33197.7;28367.3;24238.5;20709.3;17692.6;15113.3;12908.1;11021.9;9408.36;8027.43;6845.3;5832.58;4964.17;4218.8;3578.11
1;4611846448046;50;frequency;199.9999999213742;234.625769479635;275.2462588517801;322.8993264769997;378.802514688914;444.3841576318164;521.3198749487447;611.5753842550475;717.456725922716;841.6691823498468;987.3863981368913;1158.33146786315;1358.872060208682;1594.132014446359;1870.122253535556;2193.894364737048;2573.720768452858;3019.306079821149;3542.035062906734;4155.263512473084;4874.659497176026;5718.603679767398;6708.658946337209;7870.121340545211;9232.666380967203;10831.10727442716;12706.28439819177;14906.10877695531;17486.78621595445;20514.25336674129;24065.86241733066;28232.35745111674;33120.19296963342;38854.25382030405;45581.04601983359;53472.44000269313;62730.06193403319;73590.44528463698;86331.07429211862;101277.4737211686;118811.5260634959;139381.228686517;163512.140226203;191820.8086789974;225030.524286467;263989.7996954232;309694.0495706946;363311.0235703185;426210.642505751;499999.9999999716
1;4611846448046;50;phasez;-1.53642;-1.53669;-1.53765;-1.53894;-1.53796;-1.53872;-1.53962;-1.53877;-1.54018;-1.53983;-1.54011;-1.54047;-1.54085;-1.54109;-1.54141;-1.54169;-1.54178;-1.54199;-1.54213;-1.54229;-1.54237;-1.54243;-1.54243;-1.54233;-1.54222;-1.542;-1.54169;-1.54127;-1.54072;-1.54005;-1.53923;-1.53821;-1.537;-1.53555;-1.53384;-1.53184;-1.52947;-1.52668;-1.52341;-1.51956;-1.51504;-1.50971;-1.50345;-1.49605;-1.48731;-1.47697;-1.4647;-1.4501;-1.43264;-1.41165
2;4612614580754;50;absz;87846;78614.4;70356.7;62965.4;56339.7;50414.9;45115.9;40374.8;36128.4;32331.4;28927.1;25884.1;23162.8;20728.2;18548.5;16597.6;14853.1;13290.7;11893;10642.4;9522.82;8521.09;7624.69;6822.14;6104.14;5461.63;4886.38;4371.53;3910.84;3498.51;3129.4;2799.03;2503.35;2238.67;2001.79;1789.73;1599.86;1429.92;1277.75;1141.53;1019.56;910.37;812.642;725.168;647.028;577.231;515.016;459.776;410.975;368.257
2;4612614580754;50;frequency;20000.00000002444;22385.53853899816;25055.61678390222;28044.17375656954;31389.19662092121;35133.2035329932;39323.78408414649;44014.2042055669;49264.08322518227;55140.1516811012;61717.09952482729;69078.52549602467;77317.99973512921;86540.25314108083;96862.50859274992;108415.9709538568;121347.4948009008;135821.4510731415;152021.8163702936;170154.5114554648;190450.0186878266;213166.3116533389;238592.1342356312;267050.6708003728;298903.6541519141;334555.9634717432;374460.7706856584;419125.3006744233;469117.2785435782;525072.1459047724;587701.13789258;657800.3235824071;736260.7247225839;824079.6413975459;922373.3285811875;1032391.184709951;1155531.632626961;1293359.894754076;1447627.888434013;1620296.494325686;1813560.480908265;2029876.401899315;2271993.821195295;2542990.262224833;2846310.325953354;3185809.474764127;3565803.038745301;3991121.067296888;4467169.723268114;4999999.999999929
2;4612614580754;50;phasez;-1.54375;-1.54318;-1.54313;-1.54284;-1.54249;-1.54192;-1.54119;-1.54071;-1.53987;-1.53883;-1.53799;-1.53679;-1.53528;-1.53373;-1.53203;-1.53012;-1.52799;-1.52554;-1.52281;-1.51978;-1.51635;-1.51252;-1.50824;-1.50341;-1.49803;-1.49199;-1.48517;-1.47756;-1.469;-1.45941;-1.44864;-1.43653;-1.42294;-1.40767;-1.3905;-1.37121;-1.3495;-1.32508;-1.29757;-1.26657;-1.23158;-1.19207;-1.14739;-1.09671;-1.03919;-0.973767;-0.899132;-0.813821;-0.71614;-0.604091
3;4612934428235;20;absz;18060.6;14745.2;12035.5;9823.75;8019.19;6544.48;5341.32;4358.57;3555.9;2900.73;2365.33;1927.94;1570.84;1278.92;1040.4;845.424;686.171;556.413;451.283;367.384
3;4612934428235;20;frequency;99999.99999990905;122862.535599424;150952.0265389597;185463.4873444638;227865.1431623047;279960.8926363817;343967.05137965;422606.6409511731;519225.2346839865;637933.2888043621;783781.0140572543;962973.2274171232;1183133.324347452;1453627.601814205;1785963.729760951;2194280.323268956;2695948.443325946;3312310.615921419;4069588.809647371;4999999.999999929
3;4612934428235;20;phasez;-1.53114;-1.52793;-1.52385;-1.51874;-1.51252;-1.50475;-1.49511;-1.48316;-1.46834;-1.45;-1.42723;-1.39902;-1.36402;-1.32049;-1.26624;-1.1984;-1.11305;-1.00503;-0.867123;-0.689754
