0;6192982318274;20;absz;1.40951e+08;1.02664e+08;7.47577e+07;5.44065e+07;3.95873e+07;2.88111e+07;2.09421e+07;1.52277e+07;1.10706e+07;8.04715e+06;5.84884e+06;4.25034e+06;3.08835e+06;2.24374e+06;1.62983e+06;1.18368e+06;859506;624005;452951;328736
0;6192982318274;20;frequency;9.999999974752427;13.86918846435492;19.23543905490988;26.67799336109056;37.00021196095804;51.31629158938722;71.17153245417285;98.70914048804025;136.9015682683994;189.8713664161278;263.3361782500288;365.2259113806622;506.5387032487934;702.5280792305466;974.3494403835484;1351.343611730726;1874.203936580443;2599.368780806799;3605.113577052066;4999.99999995282
0;6192982318274;20;phasez;-1.51857;-1.52134;-1.52263;-1.52449;-1.52614;-1.52756;-1.52858;-1.52957;-1.53028;-1.53091;-1.53138;-1.53176;-1.53193;-1.5319;-1.53154;-1.53072;-1.52932;-1.52702;-1.52352;-1.51836
1;6193752451045;50;absz;7.58078e+06;6.50349e+06;5.55447e+06;4.75321e+06;4.06343e+06;3.47906e+06;2.97594e+06;2.5478e+06;2.17937e+06;1.86357e+06;1.59467e+06;1.36425e+06;1.16685e+06;998052;853826;730157;624516;534100;456761;390633;334068;285665;244273;208877;178612;152718;130578;111647;95456.5;81611;69772.8;59651.2;50996.2;43596.5;37269.8;31859.5;27233.7;23277.5;19894.8;17001.6;14527.4;12411;10600.4;9050.87;7724.72;6589.2;5615.94;4781.41;4064.89;3448.77
1;6193752451045;50;frequency;199.9999999213742;234.625769479635;275.2462588517801;322.8993264769997;378.802514688914;444.3841576318164;521.3198749487447;611.5753842550475;717.456725922716;841.6691823498468;987.3863981368913;1158.33146786315;1358.872060208682;1594.132014446359;1870.122253535556;2193.894364737048;2573.720768452858;3019.306079821149;3542.035062906734;4155.263512473084;4874.659497176026;5718.603679767398;6708.658946337209;7870.121340545211;9232.666380967203;10831.10727442716;12706.28439819177;14906.10877695531;17486.78621595445;20514.25336674129;24065.86241733066;28232.35745111674;33120.19296963342;38854.25382030405;45581.04601983359;53472.44000269313;62730.06193403319;73590.44528463698;86331.07429211862;101277.4737211686;118811.5260634959;139381.228686517;163512.140226203;191820.8086789974;225030.524286467;263989.7996954232;309694.0495706946;363311.0235703185;426210.642505751;499999.9999999716
1;6193752451045;50;phasez;-1.5313;-1.53271;-1.53242;-1.53396;-1.53322;-1.53334;-1.53395;-1.53428;-1.53534;-1.53525;-1.53556;-1.5359;-1.53615;-1.53644;-1.5367;-1.53695;-1.53716;-1.53735;-1.53749;-1.53766;-1.53775;-1.53784;-1.53783;-1.53778;-1.53768;-1.53749;-1.53723;-1.53688;-1.5364;-1.53579;-1.53504;-1.53412;-1.533;-1.53165;-1.53004;-1.52814;-1.52587;-1.52318;-1.51998;-1.5162;-1.51173;-1.50643;-1.50016;-1.49275;-1.48397;-1.47358;-1.46124;-1.44656;-1.42902;-1.40795
2;6194520666202;50;absz;84093.8;75292.2;67390.4;60321.8;53995;48343.3;43264.9;38729.5;34667.6;31022.3;27770.2;24857.6;22245.9;19911.4;17821.6;15951.4;14277.2;12778.5;11436.7;10235.5;9161.07;8198.97;7338.01;6567.11;5877.17;5259.62;4706.86;4212.13;3769.05;3372.49;3017.56;2699.72;2415.16;2160.42;1932.32;1728.08;1545.16;1381.36;1234.63;1103.27;985.605;880.234;785.884;701.395;625.871;558.401;498.225;444.761;397.508;356.112
2;6194520666202;50;frequency;20000.00000002444;22385.53853899816;25055.61678390222;28044.17375656954;31389.19662092121;35133.2035329932;39323.78408414649;44014.2042055669;49264.08322518227;55140.1516811012;61717.09952482729;69078.52549602467;77317.99973512921;86540.25314108083;96862.50859274992;108415.9709538568;121347.4948009008;135821.4510731415;152021.8163702936;170154.5114554648;190450.0186878266;213166.3116533389;238592.1342356312;267050.6708003728;298903.6541519141;334555.9634717432;374460.7706856584;419125.3006744233;469117.2785435782;525072.1459047724;587701.13789258;657800.3235824071;736260.7247225839;824079.6413975459;922373.3285811875;1032391.184709951;1155531.632626961;1293359.894754076;1447627.888434013;1620296.494325686;1813560.480908265;2029876.401899315;2271993.821195295;2542990.262224833;2846310.325953354;3185809.474764127;3565803.038745301;3991121.067296888;4467169.723268114;4999999.999999929
2;6194520666202;50;phasez;-1.53953;-1.53924;-1.53889;-1.53871;-1.53831;-1.53796;-1.5373;-1.53678;-1.53612;-1.53518;-1.53434;-1.53303;-1.53178;-1.53033;-1.52866;-1.52681;-1.52468;-1.52226;-1.51956;-1.51646;-1.51302;-1.50921;-1.50487;-1.50001;-1.49457;-1.48847;-1.48162;-1.47395;-1.46536;-1.4557;-1.44488;-1.43273;-1.41909;-1.40376;-1.38657;-1.36723;-1.34549;-1.32103;-1.29349;-1.26244;-1.22743;-1.18787;-1.14313;-1.0924;-1.03479;-0.969266;-0.894508;-0.809044;-0.711164;-0.598883
3;6194836801067;20;absz;17353.8;14172.8;11572.4;9449.87;7716.62;6300.08;5144.07;4199.25;3427.76;2797.56;2282.26;1861.13;1517.17;1235.79;1005.71;817.539;663.706;538.261;436.534;355.265
3;6194836801067;20;frequency;99999.99999990905;122862.535599424;150952.0265389597;185463.4873444638;227865.1431623047;279960.8926363817;343967.05137965;422606.6409511731;519225.2346839865;637933.2888043621;783781.0140572543;962973.2274171232;1183133.324347452;1453627.601814205;1785963.729760951;2194280.323268956;2695948.443325946;3312310.615921419;4069588.809647371;4999999.999999929
3;6194836801067;20;phasez;-1.5278;-1.52463;-1.5205;-1.51546;-1.50913;-1.5013;-1.49157;-1.47954;-1.46463;-1.4462;-1.42337;-1.39507;-1.35999;-1.3164;-1.26208;-1.19415;-1.10867;-1.00048;-0.862297;-0.68452
