0;6139997901001;20;absz;1.41244e+08;1.02812e+08;7.48561e+07;5.44836e+07;3.96463e+07;2.8828e+07;2.09682e+07;1.52466e+07;1.10835e+07;8.05637e+06;5.8552e+06;4.25483e+06;3.09144e+06;2.24596e+06;1.63149e+06;1.18492e+06;860403;624666;453436;329082
0;6139997901001;20;frequency;9.999999974752427;13.86918846435492;19.23543905490988;26.67799336109056;37.00021196095804;51.31629158938722;71.17153245417285;98.70914048804025;136.9015682683994;189.8713664161278;263.3361782500288;365.2259113806622;506.5387032487934;702.5280792305466;974.3494403835484;1351.343611730726;1874.203936580443;2599.368780806799;3605.113577052066;4999.99999995282
0;6139997901001;20;phasez;-1.51914;-1.5218;-1.52278;-1.5249;-1.52627;-1.52771;-1.52875;-1.52964;-1.53047;-1.53105;-1.53155;-1.53188;-1.532;-1.53192;-1.53154;-1.53073;-1.52931;-1.52704;-1.52357;-1.51843
1;6140765441022;50;absz;7.59424e+06;6.49357e+06;5.56267e+06;4.76098e+06;4.07108e+06;3.48503e+06;2.98104e+06;2.54927e+06;2.18078e+06;1.86619e+06;1.59648e+06;1.36553e+06;1.16821e+06;999132;854611;730990;625161;534620;457249;391038;334387;285957;244524;209086;178779;152868;130705;111752;95546.5;81687.2;69838.9;59705.7;51043.3;43636.1;37302.5;31887.2;27256.7;23298;19911.9;17016.1;14539.7;12421.5;10609.2;9058.62;7731.16;6594.61;5620.63;4785.36;4068.18;3451.53
1;6140765441022;50;frequency;199.9999999213742;234.625769479635;275.2462588517801;322.8993264769997;378.802514688914;444.3841576318164;521.3198749487447;611.5753842550475;717.456725922716;841.6691823498468;987.3863981368913;1158.33146786315;1358.872060208682;1594.132014446359;1870.122253535556;2193.894364737048;2573.720768452858;3019.306079821149;3542.035062906734;4155.263512473084;4874.659497176026;5718.603679767398;6708.658946337209;7870.121340545211;9232.666380967203;10831.10727442716;12706.28439819177;14906.10877695531;17486.78621595445;20514.25336674129;24065.86241733066;28232.35745111674;33120.19296963342;38854.25382030405;45581.04601983359;53472.44000269313;62730.06193403319;73590.44528463698;86331.07429211862;101277.4737211686;118811.5260634959;139381.228686517;163512.140226203;191820.8086789974;225030.524286467;263989.7996954232;309694.0495706946;363311.0235703185;426210.642505751;499999.9999999716
1;6140765441022;50;phasez;-1.5327;-1.53168;-1.53382;-1.53273;-1.53382;-1.53363;-1.5343;-1.53463;-1.53464;-1.53515;-1.5356;-1.5356;-1.53612;-1.53633;-1.53669;-1.53692;-1.53713;-1.53741;-1.5376;-1.53769;-1.53782;-1.53788;-1.5379;-1.53787;-1.53777;-1.53758;-1.53733;-1.53696;-1.53648;-1.53589;-1.53512;-1.53419;-1.53308;-1.53172;-1.5301;-1.5282;-1.52593;-1.52324;-1.52004;-1.51626;-1.51178;-1.50648;-1.50021;-1.4928;-1.48402;-1.47363;-1.46129;-1.44662;-1.42908;-1.40801
2;6141537321110;50;absz;84130.2;75340.3;67450.1;60353.4;54035.7;48373.7;43293.8;38750.7;34686.7;31047.5;27790.4;24872.4;22262.1;19925.2;17832.8;15962.6;14287.1;12787.3;11444.6;10243.3;9167.72;8204.48;7342.93;6571.6;5881.12;5263.36;4710.14;4214.95;3771.7;3374.82;3019.6;2701.55;2416.79;2161.88;1933.61;1729.17;1546.16;1382.24;1235.44;1103.99;986.236;880.782;786.353;701.812;626.258;558.736;498.52;445.027;397.74;356.319
2;6141537321110;50;frequency;20000.00000002444;22385.53853899816;25055.61678390222;28044.17375656954;31389.19662092121;35133.2035329932;39323.78408414649;44014.2042055669;49264.08322518227;55140.1516811012;61717.09952482729;69078.52549602467;77317.99973512921;86540.25314108083;96862.50859274992;108415.9709538568;121347.4948009008;135821.4510731415;152021.8163702936;170154.5114554648;190450.0186878266;213166.3116533389;238592.1342356312;267050.6708003728;298903.6541519141;334555.9634717432;374460.7706856584;419125.3006744233;469117.2785435782;525072.1459047724;587701.13789258;657800.3235824071;736260.7247225839;824079.6413975459;922373.3285811875;1032391.184709951;1155531.632626961;1293359.894754076;1447627.888434013;1620296.494325686;1813560.480908265;2029876.401899315;2271993.821195295;2542990.262224833;2846310.325953354;3185809.474764127;3565803.038745301;3991121.067296888;4467169.723268114;4999999.999999929
2;6141537321110;50;phasez;-1.53942;-1.5394;-1.53898;-1.53886;-1.53829;-1.53825;-1.53743;-1.53692;-1.53609;-1.5354;-1.53442;-1.53321;-1.53192;-1.53048;-1.52879;-1.52683;-1.52473;-1.52228;-1.51959;-1.51652;-1.51308;-1.50926;-1.50494;-1.50007;-1.49464;-1.48855;-1.48169;-1.47403;-1.46542;-1.45578;-1.44495;-1.43281;-1.41917;-1.40386;-1.38666;-1.36733;-1.34559;-1.32114;-1.29359;-1.26256;-1.22754;-1.18799;-1.14325;-1.09254;-1.03492;-0.969405;-0.894647;-0.809187;-0.711321;-0.599036
3;6141853714353;20;absz;17361.7;14180.3;11578.1;9454.09;7720.54;6303.72;5146.75;4201.7;3429.68;2799.05;2283.53;1862.15;1517.98;1236.43;1006.22;817.942;664.022;538.516;436.748;355.433
3;6141853714353;20;frequency;99999.99999990905;122862.535599424;150952.0265389597;185463.4873444638;227865.1431623047;279960.8926363817;343967.05137965;422606.6409511731;519225.2346839865;637933.2888043621;783781.0140572543;962973.2274171232;1183133.324347452;1453627.601814205;1785963.729760951;2194280.323268956;2695948.443325946;3312310.615921419;4069588.809647371;4999999.999999929
3;6141853714353;20;phasez;-1.5279;-1.52469;-1.52063;-1.5155;-1.50921;-1.50137;-1.49167;-1.47963;-1.46472;-1.44626;-1.42344;-1.39517;-1.3601;-1.31651;-1.26221;-1.19429;-1.10882;-1.00064;-0.862473;-0.684738
