0;3676700558964;20;absz;1.61175e+08;1.1704e+08;8.50528e+07;6.17546e+07;4.48563e+07;3.25661e+07;2.36235e+07;1.71368e+07;1.24306e+07;9.01508e+06;6.53676e+06;4.73919e+06;3.43548e+06;2.48994e+06;1.80443e+06;1.30743e+06;947173;686099;496930;359892
0;3676700558964;20;frequency;9.999999974752427;13.86918846435492;19.23543905490988;26.67799336109056;37.00021196095804;51.31629158938722;71.17153245417285;98.70914048804025;136.9015682683994;189.8713664161278;263.3361782500288;365.2259113806622;506.5387032487934;702.5280792305466;974.3494403835484;1351.343611730726;1874.203936580443;2599.368780806799;3605.113577052066;4999.99999995282
0;3676700558964;20;phasez;-1.5334;-1.53472;-1.53534;-1.53681;-1.53762;-1.53888;-1.53987;-1.54059;-1.54147;-1.54214;-1.54261;-1.54296;-1.54309;-1.54298;-1.54253;-1.54157;-1.53999;-1.53747;-1.5337;-1.52823
1;3677470589011;50;absz;8.52917e+06;7.25464e+06;6.21096e+06;5.30177e+06;4.53229e+06;3.87607e+06;3.31249e+06;2.83076e+06;2.41884e+06;2.06555e+06;1.76567e+06;1.50835e+06;1.28867e+06;1.10113e+06;940718;803759;686705;586648;501187;428154;365749;312445;266905;228009;194779;166393;142139;121428;103731;88615;75701.7;64669.6;55247.2;47196.1;40317.6;34439.9;29418.2;25127.2;21460.6;18327.1;15649;13359.9;11402.6;9729.06;8297.59;7072.48;6023.41;5124.31;4352.95;3690.28
1;3677470589011;50;frequency;199.9999999213742;234.625769479635;275.2462588517801;322.8993264769997;378.802514688914;444.3841576318164;521.3198749487447;611.5753842550475;717.456725922716;841.6691823498468;987.3863981368913;1158.33146786315;1358.872060208682;1594.132014446359;1870.122253535556;2193.894364737048;2573.720768452858;3019.306079821149;3542.035062906734;4155.263512473084;4874.659497176026;5718.603679767398;6708.658946337209;7870.121340545211;9232.666380967203;10831.10727442716;12706.28439819177;14906.10877695531;17486.78621595445;20514.25336674129;24065.86241733066;28232.35745111674;33120.19296963342;38854.25382030405;45581.04601983359;53472.44000269313;62730.06193403319;73590.44528463698;86331.07429211862;101277.4737211686;118811.5260634959;139381.228686517;163512.140226203;191820.8086789974;225030.524286467;263989.7996954232;309694.0495706946;363311.0235703185;426210.642505751;499999.9999999716
1;3677470589011;50;phasez;-1.54245;-1.54253;-1.54133;-1.54327;-1.54449;-1.54521;-1.54523;-1.54585;-1.54549;-1.54618;-1.54648;-1.5466;-1.54712;-1.54721;-1.54732;-1.5475;-1.54762;-1.54768;-1.5477;-1.54769;-1.54765;-1.54753;-1.54737;-1.54715;-1.54683;-1.54645;-1.54599;-1.54542;-1.54478;-1.544;-1.54307;-1.54201;-1.54075;-1.53929;-1.53759;-1.5356;-1.53326;-1.53052;-1.52729;-1.52349;-1.51901;-1.51373;-1.50749;-1.50012;-1.49139;-1.48105;-1.46877;-1.45414;-1.43665;-1.41562
2;3678241993496;50;absz;91333.1;81706.4;73095;65389.5;58509.7;52340.7;46829.3;41893.5;37483.2;33534.9;29995.8;26835.9;24007.2;21476.2;19212.1;17187.9;15376.2;13755.6;12304.5;11007.6;9846.83;8808.06;7878.85;7047.7;6303.75;5638.44;5043.07;4510.34;4033.82;3607.37;3225.82;2884.4;2578.98;2305.68;2061.1;1842.23;1646.41;1471.15;1314.3;1173.91;1048.27;935.831;835.245;745.237;664.892;593.152;529.226;472.498;422.415;378.617
2;3678241993496;50;frequency;20000.00000002444;22385.53853899816;25055.61678390222;28044.17375656954;31389.19662092121;35133.2035329932;39323.78408414649;44014.2042055669;49264.08322518227;55140.1516811012;61717.09952482729;69078.52549602467;77317.99973512921;86540.25314108083;96862.50859274992;108415.9709538568;121347.4948009008;135821.4510731415;152021.8163702936;170154.5114554648;190450.0186878266;213166.3116533389;238592.1342356312;267050.6708003728;298903.6541519141;334555.9634717432;374460.7706856584;419125.3006744233;469117.2785435782;525072.1459047724;587701.13789258;657800.3235824071;736260.7247225839;824079.6413975459;922373.3285811875;1032391.184709951;1155531.632626961;1293359.894754076;1447627.888434013;1620296.494325686;1813560.480908265;2029876.401899315;2271993.821195295;2542990.262224833;2846310.325953354;3185809.474764127;3565803.038745301;3991121.067296888;4467169.723268114;4999999.999999929
2;3678241993496;50;phasez;-1.54755;-1.54731;-1.54697;-1.54681;-1.54633;-1.54575;-1.54517;-1.54427;-1.54351;-1.54275;-1.54167;-1.54053;-1.53916;-1.53771;-1.536;-1.53404;-1.53195;-1.52955;-1.52685;-1.52382;-1.52044;-1.51662;-1.51231;-1.50749;-1.50209;-1.49602;-1.48921;-1.48159;-1.473;-1.46337;-1.45255;-1.4404;-1.42674;-1.41142;-1.39419;-1.37483;-1.35305;-1.32854;-1.30094;-1.26984;-1.23476;-1.19515;-1.15036;-1.09961;-1.04195;-0.97642;-0.901679;-0.816272;-0.718504;-0.606393
3;3678560300521;20;absz;18704;15264;12453.3;10158;8287.6;6760;5513.52;4496.74;3666.44;2989.26;2436.23;1984.78;1616.33;1315.44;1069.68;868.943;705.114;571.732;463.771;377.71
3;3678560300521;20;frequency;99999.99999990905;122862.535599424;150952.0265389597;185463.4873444638;227865.1431623047;279960.8926363817;343967.05137965;422606.6409511731;519225.2346839865;637933.2888043621;783781.0140572543;962973.2274171232;1183133.324347452;1453627.601814205;1785963.729760951;2194280.323268956;2695948.443325946;3312310.615921419;4069588.809647371;4999999.999999929
3;3678560300521;20;phasez;-1.53511;-1.5319;-1.52785;-1.52284;-1.51657;-1.50882;-1.49916;-1.48713;-1.47229;-1.45386;-1.43102;-1.40268;-1.36754;-1.32386;-1.26944;-1.20141;-1.11585;-1.00765;-0.869551;-0.692037
