0;3235887981530;20;absz;1.6746e+08;1.21551e+08;8.82204e+07;6.39923e+07;4.64156e+07;3.36471e+07;2.4412e+07;1.76954e+07;1.28267e+07;9.29452e+06;6.73445e+06;4.87843e+06;3.53346e+06;2.55885e+06;1.85285e+06;1.34156e+06;971291;703216;509119;368586
0;3235887981530;20;frequency;9.999999974752427;13.86918846435492;19.23543905490988;26.67799336109056;37.00021196095804;51.31629158938722;71.17153245417285;98.70914048804025;136.9015682683994;189.8713664161278;263.3361782500288;365.2259113806622;506.5387032487934;702.5280792305466;974.3494403835484;1351.343611730726;1874.203936580443;2599.368780806799;3605.113577052066;4999.99999995282
0;3235887981530;20;phasez;-1.53907;-1.53976;-1.54058;-1.54142;-1.54198;-1.54301;-1.54395;-1.54465;-1.54532;-1.54588;-1.54637;-1.54667;-1.54676;-1.54651;-1.54585;-1.54465;-1.54274;-1.53992;-1.5359;-1.53026
1;3236656250999;50;absz;8.75726e+06;7.48471e+06;6.39207e+06;5.45943e+06;4.66664e+06;3.98779e+06;3.40628e+06;2.90886e+06;2.48487e+06;2.12181e+06;1.81294e+06;1.54856e+06;1.32224e+06;1.12948e+06;964744;824098;703848;601167;513477;438588;374606;319970;273288;233426;199374;170289;145451;124232;106108;90628.3;77407.2;66111.7;56465.3;48226.1;41187.3;35174.7;30038.8;25650.7;21902.4;18699.7;15963.3;13624.7;11625.8;9916.83;8455.18;7204.88;6134.5;5217.48;4431.04;3755.5
1;3236656250999;50;frequency;199.9999999213742;234.625769479635;275.2462588517801;322.8993264769997;378.802514688914;444.3841576318164;521.3198749487447;611.5753842550475;717.456725922716;841.6691823498468;987.3863981368913;1158.33146786315;1358.872060208682;1594.132014446359;1870.122253535556;2193.894364737048;2573.720768452858;3019.306079821149;3542.035062906734;4155.263512473084;4874.659497176026;5718.603679767398;6708.658946337209;7870.121340545211;9232.666380967203;10831.10727442716;12706.28439819177;14906.10877695531;17486.78621595445;20514.25336674129;24065.86241733066;28232.35745111674;33120.19296963342;38854.25382030405;45581.04601983359;53472.44000269313;62730.06193403319;73590.44528463698;86331.07429211862;101277.4737211686;118811.5260634959;139381.228686517;163512.140226203;191820.8086789974;225030.524286467;263989.7996954232;309694.0495706946;363311.0235703185;426210.642505751;499999.9999999716
1;3236656250999;50;phasez;-1.54706;-1.54661;-1.54724;-1.54735;-1.54813;-1.5486;-1.54828;-1.54935;-1.54929;-1.54944;-1.54953;-1.54987;-1.55018;-1.55006;-1.55013;-1.55015;-1.54999;-1.55001;-1.54995;-1.54979;-1.54967;-1.54951;-1.54932;-1.54905;-1.54876;-1.54838;-1.54793;-1.54741;-1.54678;-1.54604;-1.54517;-1.54413;-1.54291;-1.54147;-1.5398;-1.53784;-1.53553;-1.5328;-1.52959;-1.5258;-1.52133;-1.51605;-1.50981;-1.50243;-1.49368;-1.48331;-1.47099;-1.45631;-1.43874;-1.41762
2;3237427613209;50;absz;93397.2;83541.4;74734.8;66850;59798.3;53487.4;47842.9;42798.9;38289;34247;30632;27398.4;24506.1;21918.9;19603.6;17535.5;15684.5;14029;12547.7;11222.3;10037.5;8976.64;8028.03;7179.86;6421.02;5741.98;5134.74;4591.53;4105.67;3670.95;3282.2;2934.36;2623.15;2344.83;2095.79;1873.06;1673.78;1495.4;1335.86;1193.09;1065.34;951.055;848.819;757.399;675.755;602.883;537.971;480.39;429.566;385.158
2;3237427613209;50;frequency;20000.00000002444;22385.53853899816;25055.61678390222;28044.17375656954;31389.19662092121;35133.2035329932;39323.78408414649;44014.2042055669;49264.08322518227;55140.1516811012;61717.09952482729;69078.52549602467;77317.99973512921;86540.25314108083;96862.50859274992;108415.9709538568;121347.4948009008;135821.4510731415;152021.8163702936;170154.5114554648;190450.0186878266;213166.3116533389;238592.1342356312;267050.6708003728;298903.6541519141;334555.9634717432;374460.7706856584;419125.3006744233;469117.2785435782;525072.1459047724;587701.13789258;657800.3235824071;736260.7247225839;824079.6413975459;922373.3285811875;1032391.184709951;1155531.632626961;1293359.894754076;1447627.888434013;1620296.494325686;1813560.480908265;2029876.401899315;2271993.821195295;2542990.262224833;2846310.325953354;3185809.474764127;3565803.038745301;3991121.067296888;4467169.723268114;4999999.999999929
2;3237427613209;50;phasez;-1.54976;-1.54941;-1.54906;-1.54878;-1.5483;-1.54779;-1.54724;-1.54662;-1.54581;-1.54491;-1.54386;-1.54274;-1.54145;-1.53999;-1.53834;-1.53647;-1.53425;-1.53189;-1.5292;-1.52612;-1.52273;-1.5189;-1.5146;-1.50975;-1.50431;-1.49823;-1.49137;-1.48367;-1.47505;-1.46534;-1.45445;-1.44222;-1.42849;-1.41306;-1.39573;-1.37627;-1.35436;-1.32973;-1.30201;-1.27079;-1.23558;-1.19583;-1.1509;-1.1;-1.0422;-0.97654;-0.901655;-0.816118;-0.718202;-0.605966
3;3237746741182;20;absz;19084.4;15568.5;12698.4;10354.1;8444.65;6885.98;5614.33;4577.48;3731.05;3041.03;2477.76;2018.07;1643.05;1336.98;1087.08;883.059;716.606;581.138;471.543;384.244
3;3237746741182;20;frequency;99999.99999990905;122862.535599424;150952.0265389597;185463.4873444638;227865.1431623047;279960.8926363817;343967.05137965;422606.6409511731;519225.2346839865;637933.2888043621;783781.0140572543;962973.2274171232;1183133.324347452;1453627.601814205;1785963.729760951;2194280.323268956;2695948.443325946;3312310.615921419;4069588.809647371;4999999.999999929
3;3237746741182;20;phasez;-1.53741;-1.53429;-1.53024;-1.52514;-1.51886;-1.51105;-1.50131;-1.48925;-1.47427;-1.45572;-1.4327;-1.40418;-1.36882;-1.32492;-1.27026;-1.20198;-1.11617;-1.0077;-0.869351;-0.691581
