0;1283159213166;20;absz;2.05959e+08;1.48762e+08;1.07561e+08;7.77365e+07;5.61714e+07;4.05934e+07;2.93395e+07;2.12103e+07;1.53331e+07;1.10843e+07;8.01362e+06;5.79424e+06;4.18972e+06;3.02939e+06;2.19046e+06;1.58383e+06;1.14525e+06;828127;598850;433071
0;1283159213166;20;frequency;9.999999974752427;13.86918846435492;19.23543905490988;26.67799336109056;37.00021196095804;51.31629158938722;71.17153245417285;98.70914048804025;136.9015682683994;189.8713664161278;263.3361782500288;365.2259113806622;506.5387032487934;702.5280792305466;974.3494403835484;1351.343611730726;1874.203936580443;2599.368780806799;3605.113577052066;4999.99999995282
0;1283159213166;20;phasez;-1.55909;-1.55975;-1.5592;-1.55921;-1.55904;-1.55802;-1.55827;-1.55804;-1.55765;-1.55716;-1.5566;-1.55597;-1.55519;-1.55426;-1.553;-1.55126;-1.54889;-1.54559;-1.54106;-1.53485
1;1283929080611;50;absz;1.04108e+07;8.93387e+06;7.61452e+06;6.47455e+06;5.54494e+06;4.73658e+06;4.03882e+06;3.44811e+06;2.93982e+06;2.51105e+06;2.14339e+06;1.82925e+06;1.56137e+06;1.33235e+06;1.13736e+06;970989;828903;707534;603991;515593;440154;375752;320786;273872;233822;199638;170461;145548;124285;106130;90630.7;77398.2;66099.2;56451.8;48213.3;41178.9;35170.6;30038.6;25655.6;21910.5;18710.8;15976.4;13639;11640.6;9931.12;8468.34;7215.73;6142.08;5220.74;4428.95
1;1283929080611;50;frequency;199.9999999213742;234.625769479635;275.2462588517801;322.8993264769997;378.802514688914;444.3841576318164;521.3198749487447;611.5753842550475;717.456725922716;841.6691823498468;987.3863981368913;1158.33146786315;1358.872060208682;1594.132014446359;1870.122253535556;2193.894364737048;2573.720768452858;3019.306079821149;3542.035062906734;4155.263512473084;4874.659497176026;5718.603679767398;6708.658946337209;7870.121340545211;9232.666380967203;10831.10727442716;12706.28439819177;14906.10877695531;17486.78621595445;20514.25336674129;24065.86241733066;28232.35745111674;33120.19296963342;38854.25382030405;45581.04601983359;53472.44000269313;62730.06193403319;73590.44528463698;86331.07429211862;101277.4737211686;118811.5260634959;139381.228686517;163512.140226203;191820.8086789974;225030.524286467;263989.7996954232;309694.0495706946;363311.0235703185;426210.642505751;499999.9999999716
1;1283929080611;50;phasez;-1.55913;-1.55744;-1.55693;-1.55914;-1.55732;-1.5574;-1.55717;-1.55792;-1.55743;-1.55716;-1.55708;-1.55698;-1.55667;-1.55648;-1.55615;-1.55599;-1.55576;-1.55548;-1.55518;-1.55474;-1.55437;-1.55385;-1.55339;-1.55279;-1.55215;-1.55142;-1.5506;-1.54968;-1.54865;-1.54747;-1.54617;-1.54469;-1.54301;-1.54111;-1.53895;-1.53649;-1.53367;-1.53042;-1.52669;-1.52237;-1.51735;-1.51152;-1.50473;-1.49679;-1.48749;-1.47658;-1.46371;-1.4485;-1.43044;-1.40883
2;1284700358586;50;absz;109406;97831.6;87502.8;78271.8;70005.1;62622.6;56019.4;50104.3;44823.8;40094.2;35863.5;32085;28700.1;25675.4;22971.2;20548.9;18385.8;16449.9;14717.4;13168.2;11781.5;10541.8;9432.41;8439.32;7551.31;6757.05;6045.87;5409.57;4840.52;4330.92;3875.1;3466.96;3101.8;2775;2482.45;2220.61;1986.2;1776.38;1588.52;1420.36;1269.82;1135.09;1014.53;906.634;810.339;724.393;647.896;580.091;520.357;468.321
2;1284700358586;50;frequency;20000.00000002444;22385.53853899816;25055.61678390222;28044.17375656954;31389.19662092121;35133.2035329932;39323.78408414649;44014.2042055669;49264.08322518227;55140.1516811012;61717.09952482729;69078.52549602467;77317.99973512921;86540.25314108083;96862.50859274992;108415.9709538568;121347.4948009008;135821.4510731415;152021.8163702936;170154.5114554648;190450.0186878266;213166.3116533389;238592.1342356312;267050.6708003728;298903.6541519141;334555.9634717432;374460.7706856584;419125.3006744233;469117.2785435782;525072.1459047724;587701.13789258;657800.3235824071;736260.7247225839;824079.6413975459;922373.3285811875;1032391.184709951;1155531.632626961;1293359.894754076;1447627.888434013;1620296.494325686;1813560.480908265;2029876.401899315;2271993.821195295;2542990.262224833;2846310.325953354;3185809.474764127;3565803.038745301;3991121.067296888;4467169.723268114;4999999.999999929
2;1284700358586;50;phasez;-1.55064;-1.55031;-1.54999;-1.54928;-1.54857;-1.54761;-1.54682;-1.54578;-1.54477;-1.54355;-1.54204;-1.54064;-1.53894;-1.53708;-1.53505;-1.53278;-1.53025;-1.52746;-1.52443;-1.52092;-1.51712;-1.51292;-1.50825;-1.50301;-1.4972;-1.49074;-1.48349;-1.47547;-1.46649;-1.45646;-1.44525;-1.4327;-1.41867;-1.40296;-1.38537;-1.36563;-1.3435;-1.31863;-1.29069;-1.25927;-1.22386;-1.18393;-1.13884;-1.08784;-1.02987;-0.964099;-0.889145;-0.803582;-0.705712;-0.593623
3;1285019912950;20;absz;22366.1;18252.2;14897.8;12156.1;9920.3;8096.93;6607.96;5393.42;4401.76;3592.02;2931.29;2391.28;1950.14;1589.91;1295.49;1054.95;858.586;698.798;569.669;467.186
3;1285019912950;20;frequency;99999.99999990905;122862.535599424;150952.0265389597;185463.4873444638;227865.1431623047;279960.8926363817;343967.05137965;422606.6409511731;519225.2346839865;637933.2888043621;783781.0140572543;962973.2274171232;1183133.324347452;1453627.601814205;1785963.729760951;2194280.323268956;2695948.443325946;3312310.615921419;4069588.809647371;4999999.999999929
3;1285019912950;20;phasez;-1.53399;-1.53005;-1.52541;-1.51965;-1.51267;-1.50414;-1.49376;-1.48102;-1.46542;-1.44628;-1.42272;-1.39371;-1.35791;-1.31358;-1.25855;-1.18995;-1.10383;-0.995189;-0.856753;-0.679139
