0;1562128747402;20;absz;1.99635e+08;1.44296e+08;1.04342e+08;7.54335e+07;5.452e+07;3.93876e+07;2.8483e+07;2.05815e+07;1.48753e+07;1.07502e+07;7.77008e+06;5.61584e+06;4.05896e+06;2.93363e+06;2.12027e+06;1.53243e+06;1.10762e+06;800593;578680;418295
0;1562128747402;20;frequency;9.999999974752427;13.86918846435492;19.23543905490988;26.67799336109056;37.00021196095804;51.31629158938722;71.17153245417285;98.70914048804025;136.9015682683994;189.8713664161278;263.3361782500288;365.2259113806622;506.5387032487934;702.5280792305466;974.3494403835484;1351.343611730726;1874.203936580443;2599.368780806799;3605.113577052066;4999.99999995282
0;1562128747402;20;phasez;-1.55653;-1.55714;-1.55736;-1.5582;-1.55815;-1.55806;-1.55862;-1.55852;-1.55854;-1.55837;-1.558;-1.55761;-1.55698;-1.55615;-1.55495;-1.55329;-1.55093;-1.54771;-1.54325;-1.53713
1;1562897957196;50;absz;1.01408e+07;8.63023e+06;7.37869e+06;6.29275e+06;5.37028e+06;4.5842e+06;3.90676e+06;3.33714e+06;2.84815e+06;2.43077e+06;2.07379e+06;1.76994e+06;1.51047e+06;1.28922e+06;1.10004e+06;938967;801259;683853;583630;498120;425151;362857;309710;264356;225639;192608;164413;140349;119811;102286;87321.2;74548.6;63646.3;54341.8;46398.5;39616.1;33825.4;28880.7;24658.8;21052.8;17972.7;15341.5;13093.1;11171.3;9528.09;8122.35;6918.94;5887.87;5003.32;4243.46
1;1562897957196;50;frequency;199.9999999213742;234.625769479635;275.2462588517801;322.8993264769997;378.802514688914;444.3841576318164;521.3198749487447;611.5753842550475;717.456725922716;841.6691823498468;987.3863981368913;1158.33146786315;1358.872060208682;1594.132014446359;1870.122253535556;2193.894364737048;2573.720768452858;3019.306079821149;3542.035062906734;4155.263512473084;4874.659497176026;5718.603679767398;6708.658946337209;7870.121340545211;9232.666380967203;10831.10727442716;12706.28439819177;14906.10877695531;17486.78621595445;20514.25336674129;24065.86241733066;28232.35745111674;33120.19296963342;38854.25382030405;45581.04601983359;53472.44000269313;62730.06193403319;73590.44528463698;86331.07429211862;101277.4737211686;118811.5260634959;139381.228686517;163512.140226203;191820.8086789974;225030.524286467;263989.7996954232;309694.0495706946;363311.0235703185;426210.642505751;499999.9999999716
1;1562897957196;50;phasez;-1.55978;-1.5583;-1.55887;-1.55932;-1.55983;-1.55832;-1.55858;-1.55893;-1.55884;-1.5585;-1.55859;-1.55884;-1.55865;-1.55834;-1.55827;-1.55807;-1.55779;-1.55756;-1.5574;-1.557;-1.55661;-1.55619;-1.55569;-1.55516;-1.55458;-1.5539;-1.55312;-1.55225;-1.55127;-1.55014;-1.54887;-1.54742;-1.54578;-1.5439;-1.54176;-1.53931;-1.5365;-1.53326;-1.52951;-1.52517;-1.52013;-1.51427;-1.50743;-1.49944;-1.49009;-1.47911;-1.46618;-1.45089;-1.43274;-1.41105
2;1563663696770;50;absz;105447;94244.1;84301.2;75402.3;67413.7;60293.9;53914.5;48228.9;43123.5;38566;34493.1;30849.1;27591.7;24678;22071.7;19741.5;17659.2;15796.9;14129.3;12639.2;11306.7;10114.3;9047.88;8094.4;7241.12;6477.85;5795.13;5184.46;4637.94;4149.13;3711.72;3320.3;2970.11;2656.72;2376.28;2125.33;1900.66;1699.63;1519.63;1358.57;1214.36;1085.31;969.846;866.542;774.295;691.976;618.675;553.692;496.428;446.483
2;1563663696770;50;frequency;20000.00000002444;22385.53853899816;25055.61678390222;28044.17375656954;31389.19662092121;35133.2035329932;39323.78408414649;44014.2042055669;49264.08322518227;55140.1516811012;61717.09952482729;69078.52549602467;77317.99973512921;86540.25314108083;96862.50859274992;108415.9709538568;121347.4948009008;135821.4510731415;152021.8163702936;170154.5114554648;190450.0186878266;213166.3116533389;238592.1342356312;267050.6708003728;298903.6541519141;334555.9634717432;374460.7706856584;419125.3006744233;469117.2785435782;525072.1459047724;587701.13789258;657800.3235824071;736260.7247225839;824079.6413975459;922373.3285811875;1032391.184709951;1155531.632626961;1293359.894754076;1447627.888434013;1620296.494325686;1813560.480908265;2029876.401899315;2271993.821195295;2542990.262224833;2846310.325953354;3185809.474764127;3565803.038745301;3991121.067296888;4467169.723268114;4999999.999999929
2;1563663696770;50;phasez;-1.55361;-1.5531;-1.55277;-1.55228;-1.55142;-1.55069;-1.54969;-1.54858;-1.54765;-1.5464;-1.54491;-1.54349;-1.54176;-1.53984;-1.53782;-1.53555;-1.53301;-1.53018;-1.52707;-1.52366;-1.51979;-1.51553;-1.51079;-1.50554;-1.49965;-1.49313;-1.48587;-1.47779;-1.46872;-1.45863;-1.44734;-1.43473;-1.42062;-1.40483;-1.38717;-1.36733;-1.34511;-1.32018;-1.29215;-1.26063;-1.22514;-1.18513;-1.13995;-1.08883;-1.03078;-0.964913;-0.889857;-0.804183;-0.706169;-0.593896
3;1563983185565;20;absz;21490;17531.2;14302.4;11665.5;9516.52;7764.8;6334.71;5168.81;4216.95;3440.34;2806.58;2288.92;1866.02;1520.95;1238.93;1008.54;820.48;667.417;543.694;445.418
3;1563983185565;20;frequency;99999.99999990905;122862.535599424;150952.0265389597;185463.4873444638;227865.1431623047;279960.8926363817;343967.05137965;422606.6409511731;519225.2346839865;637933.2888043621;783781.0140572543;962973.2274171232;1183133.324347452;1453627.601814205;1785963.729760951;2194280.323268956;2695948.443325946;3312310.615921419;4069588.809647371;4999999.999999929
3;1563983185565;20;phasez;-1.53692;-1.53297;-1.52816;-1.52222;-1.5153;-1.50664;-1.49616;-1.48332;-1.46761;-1.44833;-1.42465;-1.39547;-1.35953;-1.31504;-1.25986;-1.19111;-1.10484;-0.996004;-0.857356;-0.679476
