0;8179437513499;20;absz;1.36989e+08;9.99193e+07;7.28073e+07;5.30433e+07;3.86087e+07;2.81089e+07;2.04471e+07;1.48741e+07;1.0817e+07;7.86531e+06;5.7179e+06;4.15624e+06;3.02062e+06;2.19498e+06;1.59478e+06;1.15855e+06;841503;611147;443764;322165
0;8179437513499;20;frequency;9.999999974752427;13.86918846435492;19.23543905490988;26.67799336109056;37.00021196095804;51.31629158938722;71.17153245417285;98.70914048804025;136.9015682683994;189.8713664161278;263.3361782500288;365.2259113806622;506.5387032487934;702.5280792305466;974.3494403835484;1351.343611730726;1874.203936580443;2599.368780806799;3605.113577052066;4999.99999995282
0;8179437513499;20;phasez;-1.51178;-1.51524;-1.51789;-1.52005;-1.52232;-1.5241;-1.5259;-1.52714;-1.52825;-1.52915;-1.52984;-1.5303;-1.53056;-1.53053;-1.53016;-1.52933;-1.52787;-1.52556;-1.52207;-1.51695
1;8180208166171;50;absz;7.40911e+06;6.33859e+06;5.4284e+06;4.65019e+06;3.97661e+06;3.40216e+06;2.90937e+06;2.49071e+06;2.13031e+06;1.82403e+06;1.56048e+06;1.33519e+06;1.14223e+06;977087;835860;715023;611640;523170;447501;382751;327365;279989;239454;204780;175126;149762;128069;109514;93646;80076.5;68472.8;58550.4;50063.7;42805.9;36600.7;31293;26753.6;22871.4;19551;16710.9;14281.5;12202.8;10424.2;8901.75;7598.5;6482.22;5525.52;4704.99;4000.4;3394.37
1;8180208166171;50;frequency;199.9999999213742;234.625769479635;275.2462588517801;322.8993264769997;378.802514688914;444.3841576318164;521.3198749487447;611.5753842550475;717.456725922716;841.6691823498468;987.3863981368913;1158.33146786315;1358.872060208682;1594.132014446359;1870.122253535556;2193.894364737048;2573.720768452858;3019.306079821149;3542.035062906734;4155.263512473084;4874.659497176026;5718.603679767398;6708.658946337209;7870.121340545211;9232.666380967203;10831.10727442716;12706.28439819177;14906.10877695531;17486.78621595445;20514.25336674129;24065.86241733066;28232.35745111674;33120.19296963342;38854.25382030405;45581.04601983359;53472.44000269313;62730.06193403319;73590.44528463698;86331.07429211862;101277.4737211686;118811.5260634959;139381.228686517;163512.140226203;191820.8086789974;225030.524286467;263989.7996954232;309694.0495706946;363311.0235703185;426210.642505751;499999.9999999716
1;8180208166171;50;phasez;-1.53179;-1.53126;-1.53058;-1.53103;-1.53183;-1.53219;-1.53287;-1.53347;-1.53325;-1.53366;-1.53414;-1.5344;-1.53458;-1.53487;-1.5352;-1.53543;-1.53565;-1.53588;-1.53607;-1.53618;-1.53633;-1.5364;-1.53639;-1.53636;-1.53624;-1.53605;-1.53577;-1.53539;-1.53489;-1.53427;-1.53348;-1.53253;-1.5314;-1.53003;-1.52842;-1.5265;-1.52424;-1.52155;-1.51838;-1.51461;-1.51016;-1.50489;-1.49864;-1.49126;-1.4825;-1.47211;-1.45977;-1.44509;-1.42753;-1.40643
2;8180978359501;50;absz;82468.2;73845.3;66121.6;59199.1;52995.6;47437.5;42468;38018.7;34037.9;30468.7;27272.8;24413.8;21855.4;19563.5;17512.7;15676.1;14032.7;12560.9;11243.3;10064.1;9008.35;8063.09;7216.85;6459.45;5781.25;5174.37;4630.94;4144.45;3708.88;3318.96;2969.92;2657.3;2377.48;2126.96;1902.6;1701.69;1521.74;1360.56;1216.2;1086.89;971.069;867.335;774.427;691.231;616.852;550.378;491.081;438.384;391.797;350.977
2;8180978359501;50;frequency;20000.00000002444;22385.53853899816;25055.61678390222;28044.17375656954;31389.19662092121;35133.2035329932;39323.78408414649;44014.2042055669;49264.08322518227;55140.1516811012;61717.09952482729;69078.52549602467;77317.99973512921;86540.25314108083;96862.50859274992;108415.9709538568;121347.4948009008;135821.4510731415;152021.8163702936;170154.5114554648;190450.0186878266;213166.3116533389;238592.1342356312;267050.6708003728;298903.6541519141;334555.9634717432;374460.7706856584;419125.3006744233;469117.2785435782;525072.1459047724;587701.13789258;657800.3235824071;736260.7247225839;824079.6413975459;922373.3285811875;1032391.184709951;1155531.632626961;1293359.894754076;1447627.888434013;1620296.494325686;1813560.480908265;2029876.401899315;2271993.821195295;2542990.262224833;2846310.325953354;3185809.474764127;3565803.038745301;3991121.067296888;4467169.723268114;4999999.999999929
2;8180978359501;50;phasez;-1.53799;-1.53757;-1.5376;-1.53715;-1.53683;-1.53639;-1.53569;-1.53524;-1.53454;-1.53368;-1.53262;-1.5316;-1.53022;-1.52872;-1.52709;-1.52522;-1.5231;-1.52071;-1.51798;-1.51494;-1.51154;-1.5077;-1.50338;-1.49853;-1.49311;-1.487;-1.48018;-1.47247;-1.46385;-1.45417;-1.44333;-1.43114;-1.41748;-1.40212;-1.38487;-1.3655;-1.34373;-1.31923;-1.29164;-1.26055;-1.22549;-1.18588;-1.14109;-1.09032;-1.03264;-0.967046;-0.892205;-0.806664;-0.708669;-0.59625
3;8181297738109;20;absz;17047.7;13927.6;11373.6;9289.89;7587.54;6195.67;5059.56;4131.15;3372.76;2753.07;2246.5;1832.29;1493.96;1217.11;990.708;805.483;654.005;530.458;430.227;350.089
3;8181297738109;20;frequency;99999.99999990905;122862.535599424;150952.0265389597;185463.4873444638;227865.1431623047;279960.8926363817;343967.05137965;422606.6409511731;519225.2346839865;637933.2888043621;783781.0140572543;962973.2274171232;1183133.324347452;1453627.601814205;1785963.729760951;2194280.323268956;2695948.443325946;3312310.615921419;4069588.809647371;4999999.999999929
3;8181297738109;20;phasez;-1.52624;-1.52303;-1.51904;-1.51398;-1.50763;-1.49984;-1.49011;-1.47807;-1.46311;-1.44462;-1.42173;-1.39336;-1.35821;-1.31455;-1.26015;-1.19212;-1.10653;-0.998221;-0.859877;-0.681868
