0;2890001943442;20;absz;1.73113e+08;1.25545e+08;9.10727e+07;6.59751e+07;4.78202e+07;3.46273e+07;2.50958e+07;1.81855e+07;1.31706e+07;9.53714e+06;6.9061e+06;5.00004e+06;3.6199e+06;2.62058e+06;1.89705e+06;1.37321e+06;994024;719497;520777;376918
0;2890001943442;20;frequency;9.999999974752427;13.86918846435492;19.23543905490988;26.67799336109056;37.00021196095804;51.31629158938722;71.17153245417285;98.70914048804025;136.9015682683994;189.8713664161278;263.3361782500288;365.2259113806622;506.5387032487934;702.5280792305466;974.3494403835484;1351.343611730726;1874.203936580443;2599.368780806799;3605.113577052066;4999.99999995282
0;2890001943442;20;phasez;-1.5428;-1.5441;-1.5447;-1.54581;-1.54642;-1.54676;-1.54746;-1.54805;-1.54859;-1.54888;-1.54907;-1.54909;-1.54887;-1.54837;-1.54751;-1.54616;-1.54421;-1.54141;-1.53745;-1.53188
1;2890770199553;50;absz;9.00167e+06;7.67091e+06;6.55384e+06;5.60348e+06;4.77845e+06;4.08413e+06;3.48837e+06;2.97883e+06;2.54404e+06;2.17254e+06;1.85614e+06;1.58489e+06;1.35389e+06;1.15595e+06;987259;843277;720109;614992;525216;448545;383061;327134;279371;238579;203745;173988;148581;126882;108350;92523.2;79008;67465.1;57608;49189.8;42001.1;35861.2;30616.8;26137.8;22312.3;19044.5;16253.3;13868.6;11830.6;10089.2;8600.22;7326.88;6237.01;5303.76;4503.52;3816.4
1;2890770199553;50;frequency;199.9999999213742;234.625769479635;275.2462588517801;322.8993264769997;378.802514688914;444.3841576318164;521.3198749487447;611.5753842550475;717.456725922716;841.6691823498468;987.3863981368913;1158.33146786315;1358.872060208682;1594.132014446359;1870.122253535556;2193.894364737048;2573.720768452858;3019.306079821149;3542.035062906734;4155.263512473084;4874.659497176026;5718.603679767398;6708.658946337209;7870.121340545211;9232.666380967203;10831.10727442716;12706.28439819177;14906.10877695531;17486.78621595445;20514.25336674129;24065.86241733066;28232.35745111674;33120.19296963342;38854.25382030405;45581.04601983359;53472.44000269313;62730.06193403319;73590.44528463698;86331.07429211862;101277.4737211686;118811.5260634959;139381.228686517;163512.140226203;191820.8086789974;225030.524286467;263989.7996954232;309694.0495706946;363311.0235703185;426210.642505751;499999.9999999716
1;2890770199553;50;phasez;-1.55059;-1.55133;-1.55163;-1.55106;-1.55116;-1.55105;-1.55116;-1.55082;-1.55093;-1.55172;-1.55153;-1.55136;-1.55147;-1.55165;-1.55154;-1.5516;-1.55158;-1.55156;-1.55151;-1.5514;-1.55134;-1.5512;-1.551;-1.55079;-1.55053;-1.5502;-1.5498;-1.54931;-1.54874;-1.54802;-1.54719;-1.5462;-1.54502;-1.54362;-1.54198;-1.54004;-1.53774;-1.53502;-1.53181;-1.528;-1.52349;-1.51815;-1.51184;-1.50436;-1.49551;-1.48501;-1.47256;-1.45773;-1.44001;-1.41873
2;2891539518484;50;absz;95331.5;85292.7;76265;68208.8;61018.9;54576.6;48803.9;43650.8;39040.1;34905.4;31220.4;27920;24966.5;22328.4;19967;17856;15968.1;14280.4;12769.8;11419.2;10211.1;9130.9;8164.62;7300.92;6528.25;5837.18;5219.26;4666.55;4172.36;3730.17;3334.83;2981.24;2664.95;2382.05;2129.03;1902.69;1700.22;1519.07;1357.02;1212.01;1082.31;966.268;862.474;769.63;686.772;612.82;546.956;488.522;436.989;391.948
2;2891539518484;50;frequency;20000.00000002444;22385.53853899816;25055.61678390222;28044.17375656954;31389.19662092121;35133.2035329932;39323.78408414649;44014.2042055669;49264.08322518227;55140.1516811012;61717.09952482729;69078.52549602467;77317.99973512921;86540.25314108083;96862.50859274992;108415.9709538568;121347.4948009008;135821.4510731415;152021.8163702936;170154.5114554648;190450.0186878266;213166.3116533389;238592.1342356312;267050.6708003728;298903.6541519141;334555.9634717432;374460.7706856584;419125.3006744233;469117.2785435782;525072.1459047724;587701.13789258;657800.3235824071;736260.7247225839;824079.6413975459;922373.3285811875;1032391.184709951;1155531.632626961;1293359.894754076;1447627.888434013;1620296.494325686;1813560.480908265;2029876.401899315;2271993.821195295;2542990.262224833;2846310.325953354;3185809.474764127;3565803.038745301;3991121.067296888;4467169.723268114;4999999.999999929
2;2891539518484;50;phasez;-1.55176;-1.55116;-1.55122;-1.55078;-1.55036;-1.54993;-1.54941;-1.54872;-1.54797;-1.54715;-1.54609;-1.54499;-1.54367;-1.54218;-1.54047;-1.53857;-1.53643;-1.53397;-1.53126;-1.52815;-1.52463;-1.52074;-1.51638;-1.51144;-1.50593;-1.49972;-1.49276;-1.48496;-1.47621;-1.4664;-1.45539;-1.44305;-1.4292;-1.41365;-1.3962;-1.37659;-1.35458;-1.32982;-1.30198;-1.27063;-1.2353;-1.19543;-1.15038;-1.09935;-1.04143;-0.975633;-0.90063;-0.814966;-0.716929;-0.604568
3;2891856797090;20;absz;19435.9;15849.9;12922.9;10534.1;8588.72;7001.71;5707.04;4652.11;3791.17;3089.54;2517.04;2050.04;1669.02;1358.11;1104.31;897.191;728.206;590.705;479.517;390.991
3;2891856797090;20;frequency;99999.99999990905;122862.535599424;150952.0265389597;185463.4873444638;227865.1431623047;279960.8926363817;343967.05137965;422606.6409511731;519225.2346839865;637933.2888043621;783781.0140572543;962973.2274171232;1183133.324347452;1453627.601814205;1785963.729760951;2194280.323268956;2695948.443325946;3312310.615921419;4069588.809647371;4999999.999999929
3;2891856797090;20;phasez;-1.53976;-1.53635;-1.53226;-1.52716;-1.5207;-1.51271;-1.50281;-1.49054;-1.47535;-1.45658;-1.43334;-1.4046;-1.36903;-1.32488;-1.27;-1.20149;-1.11546;-1.00676;-0.868175;-0.690212
