0;569048169117;20;absz;2.39647e+08;1.73195e+08;1.25228e+08;9.05873e+07;6.55413e+07;4.74203e+07;3.42894e+07;2.48113e+07;1.79486e+07;1.29861e+07;9.39561e+06;6.79846e+06;4.91927e+06;3.55951e+06;2.57551e+06;1.86346e+06;1.34828e+06;975469;705770;510626
0;569048169117;20;frequency;9.999999974752427;13.86918846435492;19.23543905490988;26.67799336109056;37.00021196095804;51.31629158938722;71.17153245417285;98.70914048804025;136.9015682683994;189.8713664161278;263.3361782500288;365.2259113806622;506.5387032487934;702.5280792305466;974.3494403835484;1351.343611730726;1874.203936580443;2599.368780806799;3605.113577052066;4999.99999995282
0;569048169117;20;phasez;-1.55579;-1.55518;-1.55512;-1.55527;-1.555;-1.55395;-1.55442;-1.55418;-1.55382;-1.55348;-1.55306;-1.55252;-1.5519;-1.55106;-1.54999;-1.54847;-1.54628;-1.54324;-1.53897;-1.53306
1;569819398428;50;absz;1.22393e+07;1.0457e+07;8.89923e+06;7.60512e+06;6.50708e+06;5.55641e+06;4.74185e+06;4.04715e+06;3.45407e+06;2.95025e+06;2.52016e+06;2.15116e+06;1.83657e+06;1.56848e+06;1.33926e+06;1.14345e+06;976351;833516;711805;607679;518914;443065;378302;323039;275839;235536;201133;171753;146671;125252;106964;91347;78012.2;66623.6;56898.4;48592.8;41499.1;35439.5;30263.2;25841.4;22063.3;18835.1;16075.8;13716.8;11699.2;9972.84;8494.85;7228.49;6142.04;5208.55
1;569819398428;50;frequency;199.9999999213742;234.625769479635;275.2462588517801;322.8993264769997;378.802514688914;444.3841576318164;521.3198749487447;611.5753842550475;717.456725922716;841.6691823498468;987.3863981368913;1158.33146786315;1358.872060208682;1594.132014446359;1870.122253535556;2193.894364737048;2573.720768452858;3019.306079821149;3542.035062906734;4155.263512473084;4874.659497176026;5718.603679767398;6708.658946337209;7870.121340545211;9232.666380967203;10831.10727442716;12706.28439819177;14906.10877695531;17486.78621595445;20514.25336674129;24065.86241733066;28232.35745111674;33120.19296963342;38854.25382030405;45581.04601983359;53472.44000269313;62730.06193403319;73590.44528463698;86331.07429211862;101277.4737211686;118811.5260634959;139381.228686517;163512.140226203;191820.8086789974;225030.524286467;263989.7996954232;309694.0495706946;363311.0235703185;426210.642505751;499999.9999999716
1;569819398428;50;phasez;-1.55347;-1.55441;-1.55572;-1.55423;-1.55253;-1.55324;-1.55424;-1.55456;-1.55427;-1.55395;-1.55376;-1.55389;-1.5538;-1.55369;-1.55359;-1.55364;-1.55329;-1.5533;-1.55302;-1.55286;-1.55254;-1.55221;-1.55186;-1.55144;-1.55096;-1.55043;-1.54977;-1.54902;-1.54818;-1.5472;-1.54606;-1.54479;-1.54331;-1.5416;-1.53964;-1.53739;-1.53477;-1.53174;-1.52821;-1.5241;-1.5193;-1.51368;-1.5071;-1.49937;-1.49029;-1.47957;-1.46691;-1.4519;-1.43403;-1.41261
2;570589493627;50;absz;129091;115518;103256;92367.2;82640;73913.8;66118.9;59125.7;52890.7;47299.6;42314.2;37857.4;33859;30287.9;27091;24231.3;21677.5;19392.2;17347;15519.3;13882.9;12419.4;11110.1;9938.69;8890.55;7953.25;7114.52;6364.24;5693.1;5092.68;4555.44;4074.67;3644.54;3259.62;2915.24;2607.08;2331.29;2084.53;1863.74;1666.15;1489.38;1331.25;1189.83;1063.37;950.641;850.089;760.683;681.585;612.021;551.584
2;570589493627;50;frequency;20000.00000002444;22385.53853899816;25055.61678390222;28044.17375656954;31389.19662092121;35133.2035329932;39323.78408414649;44014.2042055669;49264.08322518227;55140.1516811012;61717.09952482729;69078.52549602467;77317.99973512921;86540.25314108083;96862.50859274992;108415.9709538568;121347.4948009008;135821.4510731415;152021.8163702936;170154.5114554648;190450.0186878266;213166.3116533389;238592.1342356312;267050.6708003728;298903.6541519141;334555.9634717432;374460.7706856584;419125.3006744233;469117.2785435782;525072.1459047724;587701.13789258;657800.3235824071;736260.7247225839;824079.6413975459;922373.3285811875;1032391.184709951;1155531.632626961;1293359.894754076;1447627.888434013;1620296.494325686;1813560.480908265;2029876.401899315;2271993.821195295;2542990.262224833;2846310.325953354;3185809.474764127;3565803.038745301;3991121.067296888;4467169.723268114;4999999.999999929
2;570589493627;50;phasez;-1.55053;-1.55011;-1.54993;-1.54937;-1.54866;-1.54787;-1.54728;-1.54639;-1.54542;-1.54441;-1.54323;-1.54179;-1.54029;-1.53866;-1.53667;-1.53455;-1.53224;-1.52963;-1.52666;-1.52339;-1.51971;-1.51565;-1.5111;-1.50603;-1.50038;-1.49402;-1.48696;-1.47905;-1.47019;-1.46032;-1.44924;-1.43682;-1.42292;-1.40733;-1.38986;-1.37025;-1.34824;-1.3235;-1.2957;-1.26441;-1.22915;-1.18939;-1.14447;-1.0936;-1.03586;-0.970352;-0.895681;-0.810454;-0.712983;-0.601345
3;570905612954;20;absz;26372;21519.6;17561;14326.9;11686.3;9533.66;7777.98;6344.88;5175.86;4221.69;3443.16;2807.78;2288.84;1865.06;1519.44;1237.17;1007.07;820.137;669.418;550.239
3;570905612954;20;frequency;99999.99999990905;122862.535599424;150952.0265389597;185463.4873444638;227865.1431623047;279960.8926363817;343967.05137965;422606.6409511731;519225.2346839865;637933.2888043621;783781.0140572543;962973.2274171232;1183133.324347452;1453627.601814205;1785963.729760951;2194280.323268956;2695948.443325946;3312310.615921419;4069588.809647371;4999999.999999929
3;570905612954;20;phasez;-1.53572;-1.53218;-1.52766;-1.52222;-1.51551;-1.50722;-1.49709;-1.48457;-1.46925;-1.45035;-1.42704;-1.39824;-1.36268;-1.31858;-1.26382;-1.19551;-1.10973;-1.00152;-0.863664;-0.686862
