0;10087824664177;20;absz;1.36055e+08;9.92315e+07;7.22996e+07;5.26825e+07;3.83649e+07;2.79139e+07;2.03215e+07;1.47859e+07;1.07548e+07;7.82111e+06;5.6863e+06;4.13344e+06;3.00424e+06;2.18318e+06;1.58626e+06;1.15243e+06;837101;607967;441495;320540
0;10087824664177;20;frequency;9.999999974752427;13.86918846435492;19.23543905490988;26.67799336109056;37.00021196095804;51.31629158938722;71.17153245417285;98.70914048804025;136.9015682683994;189.8713664161278;263.3361782500288;365.2259113806622;506.5387032487934;702.5280792305466;974.3494403835484;1351.343611730726;1874.203936580443;2599.368780806799;3605.113577052066;4999.99999995282
0;10087824664177;20;phasez;-1.50999;-1.51348;-1.5167;-1.51921;-1.52146;-1.52312;-1.52505;-1.52638;-1.52756;-1.52851;-1.52929;-1.52988;-1.53018;-1.53021;-1.52986;-1.52903;-1.52755;-1.52522;-1.5217;-1.51655
1;10088595043390;50;absz;7.36622e+06;6.29531e+06;5.39512e+06;4.62007e+06;3.95468e+06;3.38271e+06;2.89755e+06;2.47645e+06;2.12017e+06;1.81378e+06;1.55202e+06;1.32804e+06;1.13621e+06;971874;831452;711363;608470;520477;445201;380816;325716;278581;238268;203775;174271;149038;127456;108996;93206.6;79704.6;68156;58280;49834.1;42611.6;36435.1;31153.5;26636;22772.1;19467;16639.9;14221.4;12152.2;10381.4;8865.78;7568.12;6456.52;5503.91;4686.71;3984.99;3381.44
1;10088595043390;50;frequency;199.9999999213742;234.625769479635;275.2462588517801;322.8993264769997;378.802514688914;444.3841576318164;521.3198749487447;611.5753842550475;717.456725922716;841.6691823498468;987.3863981368913;1158.33146786315;1358.872060208682;1594.132014446359;1870.122253535556;2193.894364737048;2573.720768452858;3019.306079821149;3542.035062906734;4155.263512473084;4874.659497176026;5718.603679767398;6708.658946337209;7870.121340545211;9232.666380967203;10831.10727442716;12706.28439819177;14906.10877695531;17486.78621595445;20514.25336674129;24065.86241733066;28232.35745111674;33120.19296963342;38854.25382030405;45581.04601983359;53472.44000269313;62730.06193403319;73590.44528463698;86331.07429211862;101277.4737211686;118811.5260634959;139381.228686517;163512.140226203;191820.8086789974;225030.524286467;263989.7996954232;309694.0495706946;363311.0235703185;426210.642505751;499999.9999999716
1;10088595043390;50;phasez;-1.52934;-1.53178;-1.53068;-1.5327;-1.53289;-1.53188;-1.53203;-1.5327;-1.53306;-1.53328;-1.53362;-1.53388;-1.53433;-1.53463;-1.53495;-1.53508;-1.53542;-1.5355;-1.53568;-1.53583;-1.53595;-1.53599;-1.53601;-1.53596;-1.53585;-1.53566;-1.53538;-1.535;-1.5345;-1.53387;-1.53309;-1.53214;-1.531;-1.52963;-1.52801;-1.52608;-1.52381;-1.5211;-1.51791;-1.51414;-1.50968;-1.5044;-1.49816;-1.49077;-1.48202;-1.47164;-1.45931;-1.44463;-1.42707;-1.40597
2;10089364091308;50;absz;82080.8;73508.4;65807.2;58924.6;52747.4;47218.8;42279.4;37851;33881.8;30329.8;27150.1;24306.3;21759.3;19478;17436.8;15609.4;13973.4;12508.3;11197.1;10022.8;8971.55;8030.4;7188.02;6433.83;5758.59;5154.13;4613.02;4128.58;3694.67;3306.45;2958.75;2647.48;2368.72;2119.13;1895.67;1695.57;1516.28;1355.75;1211.95;1083.14;967.755;864.401;771.843;688.918;614.807;548.56;489.447;436.933;390.483;349.794
2;10089364091308;50;frequency;20000.00000002444;22385.53853899816;25055.61678390222;28044.17375656954;31389.19662092121;35133.2035329932;39323.78408414649;44014.2042055669;49264.08322518227;55140.1516811012;61717.09952482729;69078.52549602467;77317.99973512921;86540.25314108083;96862.50859274992;108415.9709538568;121347.4948009008;135821.4510731415;152021.8163702936;170154.5114554648;190450.0186878266;213166.3116533389;238592.1342356312;267050.6708003728;298903.6541519141;334555.9634717432;374460.7706856584;419125.3006744233;469117.2785435782;525072.1459047724;587701.13789258;657800.3235824071;736260.7247225839;824079.6413975459;922373.3285811875;1032391.184709951;1155531.632626961;1293359.894754076;1447627.888434013;1620296.494325686;1813560.480908265;2029876.401899315;2271993.821195295;2542990.262224833;2846310.325953354;3185809.474764127;3565803.038745301;3991121.067296888;4467169.723268114;4999999.999999929
2;10089364091308;50;phasez;-1.53751;-1.53739;-1.53729;-1.53664;-1.53633;-1.53583;-1.5353;-1.53473;-1.53408;-1.53316;-1.5323;-1.5311;-1.52979;-1.52833;-1.52659;-1.52477;-1.52262;-1.52025;-1.51752;-1.51447;-1.51108;-1.50727;-1.50294;-1.49807;-1.49265;-1.48654;-1.47969;-1.47203;-1.46339;-1.45372;-1.44286;-1.43068;-1.41699;-1.40164;-1.38439;-1.36502;-1.34322;-1.31871;-1.29112;-1.26003;-1.22496;-1.18536;-1.14057;-1.08979;-1.03213;-0.966538;-0.891692;-0.806139;-0.708139;-0.595707
3;10089681870707;20;absz;16974.6;13869.6;11326.8;9251.75;7557.29;6171.33;5040.07;4115.39;3360.1;2742.89;2238.27;1825.71;1488.69;1212.91;987.336;802.803;651.865;528.718;428.81;348.93
3;10089681870707;20;frequency;99999.99999990905;122862.535599424;150952.0265389597;185463.4873444638;227865.1431623047;279960.8926363817;343967.05137965;422606.6409511731;519225.2346839865;637933.2888043621;783781.0140572543;962973.2274171232;1183133.324347452;1453627.601814205;1785963.729760951;2194280.323268956;2695948.443325946;3312310.615921419;4069588.809647371;4999999.999999929
3;10089681870707;20;phasez;-1.52578;-1.5226;-1.51855;-1.51351;-1.50718;-1.49939;-1.48967;-1.47759;-1.46266;-1.44416;-1.42125;-1.39288;-1.3577;-1.31402;-1.25962;-1.1916;-1.10602;-0.997701;-0.859351;-0.681313
