0;2652920981246;20;absz;1.77389e+08;1.28536e+08;9.31307e+07;6.74551e+07;4.88305e+07;3.53552e+07;2.56027e+07;1.85418e+07;1.34235e+07;9.71828e+06;7.0355e+06;5.09294e+06;3.68645e+06;2.66825e+06;1.93116e+06;1.39763e+06;1.01142e+06;731923;529630;383225
0;2652920981246;20;frequency;9.999999974752427;13.86918846435492;19.23543905490988;26.67799336109056;37.00021196095804;51.31629158938722;71.17153245417285;98.70914048804025;136.9015682683994;189.8713664161278;263.3361782500288;365.2259113806622;506.5387032487934;702.5280792305466;974.3494403835484;1351.343611730726;1874.203936580443;2599.368780806799;3605.113577052066;4999.99999995282
0;2652920981246;20;phasez;-1.54647;-1.54714;-1.54797;-1.54872;-1.54949;-1.55031;-1.54998;-1.55017;-1.55029;-1.55038;-1.55042;-1.55031;-1.55001;-1.54952;-1.54867;-1.54735;-1.54544;-1.54265;-1.53873;-1.53319
1;2653691008460;50;absz;9.13404e+06;7.82882e+06;6.67526e+06;5.69412e+06;4.87228e+06;4.15927e+06;3.55126e+06;3.0323e+06;2.59037e+06;2.21221e+06;1.88947e+06;1.61361e+06;1.37762e+06;1.17654e+06;1.00456e+06;857871;732570;625545;534164;456139;389491;332564;283975;242482;207044;176780;150940;128874;110036;93947.5;80208.8;68478.3;58463.1;49911.7;42609;36373.9;31049.4;26502.9;22620.1;19304.6;16472.8;14053.8;11987.4;10221.6;8712.41;7421.72;6317.43;5371.9;4561.19;3865.12
1;2653691008460;50;frequency;199.9999999213742;234.625769479635;275.2462588517801;322.8993264769997;378.802514688914;444.3841576318164;521.3198749487447;611.5753842550475;717.456725922716;841.6691823498468;987.3863981368913;1158.33146786315;1358.872060208682;1594.132014446359;1870.122253535556;2193.894364737048;2573.720768452858;3019.306079821149;3542.035062906734;4155.263512473084;4874.659497176026;5718.603679767398;6708.658946337209;7870.121340545211;9232.666380967203;10831.10727442716;12706.28439819177;14906.10877695531;17486.78621595445;20514.25336674129;24065.86241733066;28232.35745111674;33120.19296963342;38854.25382030405;45581.04601983359;53472.44000269313;62730.06193403319;73590.44528463698;86331.07429211862;101277.4737211686;118811.5260634959;139381.228686517;163512.140226203;191820.8086789974;225030.524286467;263989.7996954232;309694.0495706946;363311.0235703185;426210.642505751;499999.9999999716
1;2653691008460;50;phasez;-1.55215;-1.55244;-1.55138;-1.55142;-1.55163;-1.55187;-1.55209;-1.55253;-1.55247;-1.55229;-1.55243;-1.55281;-1.55265;-1.55283;-1.55276;-1.55289;-1.55275;-1.55278;-1.55274;-1.55269;-1.55265;-1.55252;-1.55235;-1.55219;-1.55192;-1.55164;-1.55126;-1.5508;-1.55024;-1.54954;-1.54872;-1.54772;-1.54654;-1.54512;-1.54344;-1.54147;-1.53912;-1.53635;-1.53306;-1.52918;-1.52459;-1.51917;-1.51276;-1.50517;-1.4962;-1.48559;-1.47301;-1.45806;-1.44022;-1.41881
2;2654459243522;50;absz;96792.4;86593.3;77430.7;69227.2;61915.7;55365.7;49517.6;44279.9;39594.7;35404.5;31658.4;28306.3;25314.6;22636.5;20240.8;18097.9;16182.3;14470.2;12938.6;11569.8;10344.9;9249.64;8270.8;7395.07;6612.1;5912.04;5286.13;4726.25;4225.55;3777.88;3377.42;3019.28;2699.01;2412.56;2156.38;1927.22;1722.23;1538.82;1374.75;1227.96;1096.63;979.162;874.074;780.09;696.215;621.356;554.679;495.552;443.397;397.84
2;2654459243522;50;frequency;20000.00000002444;22385.53853899816;25055.61678390222;28044.17375656954;31389.19662092121;35133.2035329932;39323.78408414649;44014.2042055669;49264.08322518227;55140.1516811012;61717.09952482729;69078.52549602467;77317.99973512921;86540.25314108083;96862.50859274992;108415.9709538568;121347.4948009008;135821.4510731415;152021.8163702936;170154.5114554648;190450.0186878266;213166.3116533389;238592.1342356312;267050.6708003728;298903.6541519141;334555.9634717432;374460.7706856584;419125.3006744233;469117.2785435782;525072.1459047724;587701.13789258;657800.3235824071;736260.7247225839;824079.6413975459;922373.3285811875;1032391.184709951;1155531.632626961;1293359.894754076;1447627.888434013;1620296.494325686;1813560.480908265;2029876.401899315;2271993.821195295;2542990.262224833;2846310.325953354;3185809.474764127;3565803.038745301;3991121.067296888;4467169.723268114;4999999.999999929
2;2654459243522;50;phasez;-1.5532;-1.55266;-1.55265;-1.55237;-1.55194;-1.55151;-1.55093;-1.55035;-1.54948;-1.54863;-1.54761;-1.54633;-1.54506;-1.54337;-1.54173;-1.53974;-1.5375;-1.535;-1.53223;-1.52907;-1.52547;-1.5215;-1.51706;-1.51205;-1.50642;-1.50014;-1.49309;-1.48522;-1.47637;-1.46646;-1.45537;-1.44295;-1.429;-1.41336;-1.39584;-1.37615;-1.35404;-1.32921;-1.30128;-1.26985;-1.23444;-1.19449;-1.14936;-1.09826;-1.04025;-0.974394;-0.899315;-0.813573;-0.715471;-0.603061
3;2654776797406;20;absz;19698.5;16062;13094.6;10672.1;8699.95;7091.91;5780.19;4711.58;3839.59;3128.97;2549.27;2076.32;1690.55;1375.88;1118.92;909.227;738.167;598.983;486.436;396.861
3;2654776797406;20;frequency;99999.99999990905;122862.535599424;150952.0265389597;185463.4873444638;227865.1431623047;279960.8926363817;343967.05137965;422606.6409511731;519225.2346839865;637933.2888043621;783781.0140572543;962973.2274171232;1183133.324347452;1453627.601814205;1785963.729760951;2194280.323268956;2695948.443325946;3312310.615921419;4069588.809647371;4999999.999999929
3;2654776797406;20;phasez;-1.54092;-1.53739;-1.53324;-1.52789;-1.52136;-1.51326;-1.5032;-1.49077;-1.47544;-1.45649;-1.43309;-1.40422;-1.36848;-1.32419;-1.26916;-1.20051;-1.11433;-1.0055;-0.866786;-0.688686
