0;9186638338447;20;absz;1.36458e+08;9.94483e+07;7.24752e+07;5.27773e+07;3.84413e+07;2.79633e+07;2.03603e+07;1.48134e+07;1.07741e+07;7.83506e+06;5.69657e+06;4.14098e+06;3.00974e+06;2.18714e+06;1.58915e+06;1.15449e+06;838565;609020;442248;321079
0;9186638338447;20;frequency;9.999999974752427;13.86918846435492;19.23543905490988;26.67799336109056;37.00021196095804;51.31629158938722;71.17153245417285;98.70914048804025;136.9015682683994;189.8713664161278;263.3361782500288;365.2259113806622;506.5387032487934;702.5280792305466;974.3494403835484;1351.343611730726;1874.203936580443;2599.368780806799;3605.113577052066;4999.99999995282
0;9186638338447;20;phasez;-1.51116;-1.51463;-1.51741;-1.52011;-1.52183;-1.5237;-1.52516;-1.52652;-1.52768;-1.52863;-1.52941;-1.52995;-1.53028;-1.53031;-1.52995;-1.52913;-1.52766;-1.52534;-1.52183;-1.5167
1;9187406405726;50;absz;7.38305e+06;6.31954e+06;5.40849e+06;4.63231e+06;3.96436e+06;3.39033e+06;2.90072e+06;2.48276e+06;2.12352e+06;1.81774e+06;1.55497e+06;1.32989e+06;1.13825e+06;973557;832879;712507;609521;521356;445959;381464;326272;279051;238654;204109;174556;149277;127659;109168;93353;79828;68261.7;58369.9;49910.7;42677.1;36490.4;31200.1;26674.7;22804.4;19494.7;16663.5;14240.8;12168.5;10395.2;8877.51;7577.98;6464.93;5510.93;4692.71;3990.07;3385.75
1;9187406405726;50;frequency;199.9999999213742;234.625769479635;275.2462588517801;322.8993264769997;378.802514688914;444.3841576318164;521.3198749487447;611.5753842550475;717.456725922716;841.6691823498468;987.3863981368913;1158.33146786315;1358.872060208682;1594.132014446359;1870.122253535556;2193.894364737048;2573.720768452858;3019.306079821149;3542.035062906734;4155.263512473084;4874.659497176026;5718.603679767398;6708.658946337209;7870.121340545211;9232.666380967203;10831.10727442716;12706.28439819177;14906.10877695531;17486.78621595445;20514.25336674129;24065.86241733066;28232.35745111674;33120.19296963342;38854.25382030405;45581.04601983359;53472.44000269313;62730.06193403319;73590.44528463698;86331.07429211862;101277.4737211686;118811.5260634959;139381.228686517;163512.140226203;191820.8086789974;225030.524286467;263989.7996954232;309694.0495706946;363311.0235703185;426210.642505751;499999.9999999716
1;9187406405726;50;phasez;-1.52736;-1.52848;-1.5307;-1.53087;-1.53226;-1.53266;-1.53288;-1.53301;-1.53301;-1.53347;-1.53385;-1.53403;-1.53459;-1.53473;-1.53494;-1.53519;-1.53548;-1.53569;-1.53584;-1.53596;-1.53608;-1.53615;-1.53614;-1.53609;-1.53598;-1.53579;-1.53551;-1.53512;-1.53463;-1.53399;-1.53322;-1.53227;-1.53113;-1.52977;-1.52815;-1.52623;-1.52395;-1.52126;-1.51808;-1.51431;-1.50985;-1.50457;-1.49833;-1.49094;-1.48218;-1.4718;-1.45946;-1.44477;-1.42722;-1.40611
2;9188177636719;50;absz;82236.8;73611.3;65909.3;59012.4;52838.9;47300;42341.5;37910.1;33931.9;30378.5;27194.5;24342.2;21792.3;19507;17462;15631.8;13993.2;12526.1;11212.2;10036.5;8983.74;8041.24;7197.5;6441.98;5766.15;5160.87;4619.02;4133.75;3699.43;3310.58;2962.47;2650.75;2371.66;2121.75;1897.97;1697.6;1518.09;1357.34;1213.37;1084.38;968.844;865.364;772.685;689.682;615.479;549.148;489.984;437.406;390.919;350.186
2;9188177636719;50;frequency;20000.00000002444;22385.53853899816;25055.61678390222;28044.17375656954;31389.19662092121;35133.2035329932;39323.78408414649;44014.2042055669;49264.08322518227;55140.1516811012;61717.09952482729;69078.52549602467;77317.99973512921;86540.25314108083;96862.50859274992;108415.9709538568;121347.4948009008;135821.4510731415;152021.8163702936;170154.5114554648;190450.0186878266;213166.3116533389;238592.1342356312;267050.6708003728;298903.6541519141;334555.9634717432;374460.7706856584;419125.3006744233;469117.2785435782;525072.1459047724;587701.13789258;657800.3235824071;736260.7247225839;824079.6413975459;922373.3285811875;1032391.184709951;1155531.632626961;1293359.894754076;1447627.888434013;1620296.494325686;1813560.480908265;2029876.401899315;2271993.821195295;2542990.262224833;2846310.325953354;3185809.474764127;3565803.038745301;3991121.067296888;4467169.723268114;4999999.999999929
2;9188177636719;50;phasez;-1.53741;-1.53759;-1.53718;-1.53684;-1.53645;-1.53598;-1.53559;-1.5349;-1.53425;-1.5333;-1.5323;-1.53123;-1.52994;-1.52847;-1.52678;-1.52493;-1.52278;-1.52039;-1.51768;-1.51466;-1.51122;-1.50742;-1.50307;-1.49824;-1.49282;-1.48669;-1.47985;-1.47216;-1.46354;-1.45385;-1.44299;-1.43082;-1.41715;-1.4018;-1.38455;-1.36518;-1.34339;-1.31889;-1.2913;-1.26021;-1.22514;-1.18553;-1.14073;-1.08996;-1.03227;-0.966685;-0.891841;-0.806283;-0.708277;-0.595844
3;9188493900302;20;absz;17001;13889;11342.9;9264.85;7567.91;6179.68;5046.97;4120.96;3364.52;2746.38;2241.08;1828.02;1490.51;1214.35;988.497;803.704;652.59;529.308;429.291;349.317
3;9188493900302;20;frequency;99999.99999990905;122862.535599424;150952.0265389597;185463.4873444638;227865.1431623047;279960.8926363817;343967.05137965;422606.6409511731;519225.2346839865;637933.2888043621;783781.0140572543;962973.2274171232;1183133.324347452;1453627.601814205;1785963.729760951;2194280.323268956;2695948.443325946;3312310.615921419;4069588.809647371;4999999.999999929
3;9188493900302;20;phasez;-1.52596;-1.52274;-1.51874;-1.51365;-1.50738;-1.49952;-1.4898;-1.47772;-1.46279;-1.44431;-1.42139;-1.39304;-1.35788;-1.3142;-1.2598;-1.19177;-1.10619;-0.997858;-0.8595;-0.681452
