0;605290092318;20;absz;2.36299e+08;1.70897e+08;1.23614e+08;8.94495e+07;6.46955e+07;4.6829e+07;3.38666e+07;2.4496e+07;1.77243e+07;1.28226e+07;9.27781e+06;6.71361e+06;4.85815e+06;3.51555e+06;2.54393e+06;1.84075e+06;1.33193e+06;963724;697313;504551
0;605290092318;20;frequency;9.999999974752427;13.86918846435492;19.23543905490988;26.67799336109056;37.00021196095804;51.31629158938722;71.17153245417285;98.70914048804025;136.9015682683994;189.8713664161278;263.3361782500288;365.2259113806622;506.5387032487934;702.5280792305466;974.3494403835484;1351.343611730726;1874.203936580443;2599.368780806799;3605.113577052066;4999.99999995282
0;605290092318;20;phasez;-1.55541;-1.55557;-1.55462;-1.55509;-1.55506;-1.5553;-1.55421;-1.55399;-1.55379;-1.55337;-1.55282;-1.55228;-1.5516;-1.55075;-1.54965;-1.54809;-1.54591;-1.54283;-1.53856;-1.53262
1;606060220376;50;absz;1.20746e+07;1.03133e+07;8.79572e+06;7.50743e+06;6.4371e+06;5.4775e+06;4.67992e+06;3.99826e+06;3.416e+06;2.91389e+06;2.48882e+06;2.12509e+06;1.81479e+06;1.54944e+06;1.32268e+06;1.12956e+06;964511;823562;703205;600471;512717;437825;373857;319259;272616;232809;198805;169777;144988;123825;105747;90312.7;77131.7;65876.3;56263.6;48053;41039.6;35048.8;29931.5;25559.6;21823.6;18631.3;15902.5;13569.6;11574.4;9867.11;8405.07;7152.36;6077.73;5154.28
1;606060220376;50;frequency;199.9999999213742;234.625769479635;275.2462588517801;322.8993264769997;378.802514688914;444.3841576318164;521.3198749487447;611.5753842550475;717.456725922716;841.6691823498468;987.3863981368913;1158.33146786315;1358.872060208682;1594.132014446359;1870.122253535556;2193.894364737048;2573.720768452858;3019.306079821149;3542.035062906734;4155.263512473084;4874.659497176026;5718.603679767398;6708.658946337209;7870.121340545211;9232.666380967203;10831.10727442716;12706.28439819177;14906.10877695531;17486.78621595445;20514.25336674129;24065.86241733066;28232.35745111674;33120.19296963342;38854.25382030405;45581.04601983359;53472.44000269313;62730.06193403319;73590.44528463698;86331.07429211862;101277.4737211686;118811.5260634959;139381.228686517;163512.140226203;191820.8086789974;225030.524286467;263989.7996954232;309694.0495706946;363311.0235703185;426210.642505751;499999.9999999716
1;606060220376;50;phasez;-1.55393;-1.55092;-1.55204;-1.55574;-1.55334;-1.55501;-1.55381;-1.55468;-1.5538;-1.55369;-1.55342;-1.55373;-1.55309;-1.55327;-1.55326;-1.55307;-1.55302;-1.55285;-1.55267;-1.55242;-1.55211;-1.55178;-1.55141;-1.55096;-1.55049;-1.54992;-1.54927;-1.54853;-1.54768;-1.54669;-1.54557;-1.54428;-1.5428;-1.5411;-1.53914;-1.53689;-1.53427;-1.53124;-1.52772;-1.52361;-1.5188;-1.51318;-1.5066;-1.49887;-1.48977;-1.47905;-1.46639;-1.45137;-1.43349;-1.41206
2;606830305652;50;absz;127559;114118;102119;91322.8;81708.5;73063.5;65362.6;58471.4;52303.1;46778.9;41852.7;37429.8;33483.6;29955.3;26793.1;23971.1;21441.2;19180.2;17159.2;15350.3;13733.1;12285.8;10990.6;9831.96;8796.13;7868.9;7039.43;6297.33;5633.54;5039.38;4507.99;4032.38;3606.84;3226.13;2885.35;2580.43;2307.56;2063.38;1844.87;1649.36;1474.42;1317.92;1177.96;1052.77;941.169;841.647;753.118;674.785;605.897;546.06
2;606830305652;50;frequency;20000.00000002444;22385.53853899816;25055.61678390222;28044.17375656954;31389.19662092121;35133.2035329932;39323.78408414649;44014.2042055669;49264.08322518227;55140.1516811012;61717.09952482729;69078.52549602467;77317.99973512921;86540.25314108083;96862.50859274992;108415.9709538568;121347.4948009008;135821.4510731415;152021.8163702936;170154.5114554648;190450.0186878266;213166.3116533389;238592.1342356312;267050.6708003728;298903.6541519141;334555.9634717432;374460.7706856584;419125.3006744233;469117.2785435782;525072.1459047724;587701.13789258;657800.3235824071;736260.7247225839;824079.6413975459;922373.3285811875;1032391.184709951;1155531.632626961;1293359.894754076;1447627.888434013;1620296.494325686;1813560.480908265;2029876.401899315;2271993.821195295;2542990.262224833;2846310.325953354;3185809.474764127;3565803.038745301;3991121.067296888;4467169.723268114;4999999.999999929
2;606830305652;50;phasez;-1.55003;-1.55018;-1.54914;-1.54875;-1.54817;-1.54754;-1.54681;-1.54609;-1.54494;-1.54396;-1.54278;-1.54128;-1.53985;-1.53809;-1.53617;-1.53405;-1.53167;-1.52908;-1.52617;-1.52282;-1.51917;-1.51515;-1.5106;-1.50547;-1.49983;-1.4935;-1.48644;-1.4785;-1.46965;-1.45975;-1.44867;-1.43626;-1.42235;-1.40675;-1.38926;-1.36965;-1.34764;-1.3229;-1.29508;-1.26379;-1.22852;-1.18875;-1.14382;-1.09296;-1.03521;-0.969672;-0.894986;-0.809743;-0.712252;-0.600622
3;607147435271;20;absz;26079;21284.8;17367.9;14172.7;11559.9;9431.78;7695.91;6277.6;5121.65;4177.76;3407.61;2778.96;2265.44;1846.15;1504.08;1224.73;996.969;811.924;662.708;544.68
3;607147435271;20;frequency;99999.99999990905;122862.535599424;150952.0265389597;185463.4873444638;227865.1431623047;279960.8926363817;343967.05137965;422606.6409511731;519225.2346839865;637933.2888043621;783781.0140572543;962973.2274171232;1183133.324347452;1453627.601814205;1785963.729760951;2194280.323268956;2695948.443325946;3312310.615921419;4069588.809647371;4999999.999999929
3;607147435271;20;phasez;-1.5352;-1.53156;-1.52713;-1.5217;-1.51491;-1.50668;-1.49654;-1.48404;-1.46869;-1.44978;-1.42647;-1.39767;-1.36208;-1.31797;-1.2632;-1.19487;-1.10909;-1.00085;-0.86296;-0.686108
