0;9889700283288;20;absz;1.36154e+08;9.92935e+07;7.23413e+07;5.26928e+07;3.83756e+07;2.79277e+07;2.03298e+07;1.47895e+07;1.07582e+07;7.82312e+06;5.68815e+06;4.13486e+06;3.00527e+06;2.18396e+06;1.58686e+06;1.15283e+06;837393;608179;441633;320651
0;9889700283288;20;frequency;9.999999974752427;13.86918846435492;19.23543905490988;26.67799336109056;37.00021196095804;51.31629158938722;71.17153245417285;98.70914048804025;136.9015682683994;189.8713664161278;263.3361782500288;365.2259113806622;506.5387032487934;702.5280792305466;974.3494403835484;1351.343611730726;1874.203936580443;2599.368780806799;3605.113577052066;4999.99999995282
0;9889700283288;20;phasez;-1.51055;-1.51396;-1.51697;-1.51922;-1.52155;-1.5237;-1.52518;-1.52644;-1.52757;-1.52856;-1.52933;-1.52984;-1.53017;-1.5302;-1.52985;-1.52902;-1.52757;-1.52524;-1.52173;-1.51657
1;9890470330634;50;absz;7.36446e+06;6.31717e+06;5.40125e+06;4.62097e+06;3.95793e+06;3.38607e+06;2.89732e+06;2.47825e+06;2.12079e+06;1.81429e+06;1.5528e+06;1.32854e+06;1.13652e+06;972267;831713;711482;608641;520662;445343;380918;325821;278671;238339;203842;174327;149089;127496;109030;93237.6;79729.2;68177.9;58298.9;49850.1;42625.3;36446.9;31162.6;26643.1;22777.9;19472;16644;14225;12155;10383.9;8867.92;7569.89;6458.09;5505.23;4687.83;3985.92;3382.23
1;9890470330634;50;frequency;199.9999999213742;234.625769479635;275.2462588517801;322.8993264769997;378.802514688914;444.3841576318164;521.3198749487447;611.5753842550475;717.456725922716;841.6691823498468;987.3863981368913;1158.33146786315;1358.872060208682;1594.132014446359;1870.122253535556;2193.894364737048;2573.720768452858;3019.306079821149;3542.035062906734;4155.263512473084;4874.659497176026;5718.603679767398;6708.658946337209;7870.121340545211;9232.666380967203;10831.10727442716;12706.28439819177;14906.10877695531;17486.78621595445;20514.25336674129;24065.86241733066;28232.35745111674;33120.19296963342;38854.25382030405;45581.04601983359;53472.44000269313;62730.06193403319;73590.44528463698;86331.07429211862;101277.4737211686;118811.5260634959;139381.228686517;163512.140226203;191820.8086789974;225030.524286467;263989.7996954232;309694.0495706946;363311.0235703185;426210.642505751;499999.9999999716
1;9890470330634;50;phasez;-1.52947;-1.53098;-1.52959;-1.53143;-1.53109;-1.53126;-1.53224;-1.53281;-1.53297;-1.53313;-1.53383;-1.53401;-1.53424;-1.5346;-1.53494;-1.53505;-1.53537;-1.53549;-1.53577;-1.53585;-1.53596;-1.53602;-1.53602;-1.53597;-1.53585;-1.53568;-1.5354;-1.53503;-1.53453;-1.5339;-1.53313;-1.53219;-1.53106;-1.52969;-1.52806;-1.52614;-1.52386;-1.52116;-1.51796;-1.51419;-1.50973;-1.50444;-1.4982;-1.49081;-1.48206;-1.47168;-1.45935;-1.44466;-1.4271;-1.406
2;9891237629872;50;absz;82128;73523.3;65841.1;58949.8;52766.3;47244;42295.3;37859.2;33892;30340;27161.4;24316;21767.1;19485.5;17442.9;15614.4;13977.5;12512.5;11200.7;10026;8974.7;8033.16;7190.22;6435.7;5760.36;5155.77;4614.36;4129.74;3695.82;3307.31;2959.51;2648.08;2369.3;2119.65;1896.12;1695.94;1516.65;1356.07;1212.24;1083.39;967.95;864.578;771.987;689.077;614.936;548.666;489.565;437.035;390.584;349.885
2;9891237629872;50;frequency;20000.00000002444;22385.53853899816;25055.61678390222;28044.17375656954;31389.19662092121;35133.2035329932;39323.78408414649;44014.2042055669;49264.08322518227;55140.1516811012;61717.09952482729;69078.52549602467;77317.99973512921;86540.25314108083;96862.50859274992;108415.9709538568;121347.4948009008;135821.4510731415;152021.8163702936;170154.5114554648;190450.0186878266;213166.3116533389;238592.1342356312;267050.6708003728;298903.6541519141;334555.9634717432;374460.7706856584;419125.3006744233;469117.2785435782;525072.1459047724;587701.13789258;657800.3235824071;736260.7247225839;824079.6413975459;922373.3285811875;1032391.184709951;1155531.632626961;1293359.894754076;1447627.888434013;1620296.494325686;1813560.480908265;2029876.401899315;2271993.821195295;2542990.262224833;2846310.325953354;3185809.474764127;3565803.038745301;3991121.067296888;4467169.723268114;4999999.999999929
2;9891237629872;50;phasez;-1.53765;-1.5373;-1.53719;-1.53684;-1.53646;-1.53606;-1.53549;-1.53476;-1.53409;-1.5332;-1.53217;-1.53113;-1.52984;-1.52845;-1.52666;-1.52481;-1.52269;-1.52024;-1.51756;-1.51453;-1.5111;-1.50729;-1.50297;-1.49812;-1.49268;-1.48658;-1.47974;-1.47206;-1.46343;-1.45375;-1.4429;-1.43071;-1.41702;-1.40168;-1.38443;-1.36505;-1.34327;-1.31875;-1.29116;-1.26006;-1.22499;-1.18538;-1.14058;-1.08979;-1.03212;-0.966523;-0.891674;-0.806111;-0.708107;-0.595663
3;9891553039235;20;absz;16979.3;13871.9;11330.3;9254.12;7559.24;6172.91;5041.39;4116.46;3360.76;2743.46;2238.74;1826.1;1488.97;1213.12;987.5;802.93;651.961;528.806;428.879;348.998
3;9891553039235;20;frequency;99999.99999990905;122862.535599424;150952.0265389597;185463.4873444638;227865.1431623047;279960.8926363817;343967.05137965;422606.6409511731;519225.2346839865;637933.2888043621;783781.0140572543;962973.2274171232;1183133.324347452;1453627.601814205;1785963.729760951;2194280.323268956;2695948.443325946;3312310.615921419;4069588.809647371;4999999.999999929
3;9891553039235;20;phasez;-1.52574;-1.52261;-1.51857;-1.51357;-1.50726;-1.4994;-1.4897;-1.47763;-1.46269;-1.44419;-1.42129;-1.39291;-1.35775;-1.31407;-1.25965;-1.19162;-1.10604;-0.997702;-0.85934;-0.681302
