0;7054979192422;20;absz;1.38682e+08;1.0105e+08;7.36128e+07;5.36164e+07;3.90164e+07;2.84007e+07;2.06522e+07;1.50222e+07;1.09222e+07;7.93974e+06;5.77149e+06;4.19467e+06;3.04822e+06;2.21473e+06;1.60896e+06;1.16872e+06;848807;616355;447482;324815
0;7054979192422;20;frequency;9.999999974752427;13.86918846435492;19.23543905490988;26.67799336109056;37.00021196095804;51.31629158938722;71.17153245417285;98.70914048804025;136.9015682683994;189.8713664161278;263.3361782500288;365.2259113806622;506.5387032487934;702.5280792305466;974.3494403835484;1351.343611730726;1874.203936580443;2599.368780806799;3605.113577052066;4999.99999995282
0;7054979192422;20;phasez;-1.51484;-1.51804;-1.52031;-1.52248;-1.5242;-1.52554;-1.52725;-1.52837;-1.52932;-1.53007;-1.53061;-1.53104;-1.53123;-1.5312;-1.5308;-1.52995;-1.52852;-1.52624;-1.52276;-1.51764
1;7055750381339;50;absz;7.48975e+06;6.39803e+06;5.48199e+06;4.69591e+06;4.01516e+06;3.43361e+06;2.93742e+06;2.51391e+06;2.15026e+06;1.83977e+06;1.57412e+06;1.34685e+06;1.1522e+06;985603;843167;721183;616819;527572;451257;385929;330064;282268;241379;206418;176511;150938;129062;110356;94360.2;80682.7;68984.9;58983.2;50431.1;43118.1;36863.3;31515.9;26942.7;23031.4;19686.4;16825.2;14378.1;12284.4;10493.1;8960.09;7647.82;6523.87;5560.73;4734.62;4025.39;3415.42
1;7055750381339;50;frequency;199.9999999213742;234.625769479635;275.2462588517801;322.8993264769997;378.802514688914;444.3841576318164;521.3198749487447;611.5753842550475;717.456725922716;841.6691823498468;987.3863981368913;1158.33146786315;1358.872060208682;1594.132014446359;1870.122253535556;2193.894364737048;2573.720768452858;3019.306079821149;3542.035062906734;4155.263512473084;4874.659497176026;5718.603679767398;6708.658946337209;7870.121340545211;9232.666380967203;10831.10727442716;12706.28439819177;14906.10877695531;17486.78621595445;20514.25336674129;24065.86241733066;28232.35745111674;33120.19296963342;38854.25382030405;45581.04601983359;53472.44000269313;62730.06193403319;73590.44528463698;86331.07429211862;101277.4737211686;118811.5260634959;139381.228686517;163512.140226203;191820.8086789974;225030.524286467;263989.7996954232;309694.0495706946;363311.0235703185;426210.642505751;499999.9999999716
1;7055750381339;50;phasez;-1.53074;-1.53291;-1.53175;-1.53239;-1.53149;-1.53292;-1.53375;-1.53355;-1.53369;-1.53413;-1.53463;-1.53509;-1.53514;-1.53575;-1.53585;-1.53614;-1.53635;-1.53653;-1.53679;-1.53692;-1.537;-1.53712;-1.53712;-1.53708;-1.53696;-1.53678;-1.53649;-1.5361;-1.53559;-1.53496;-1.53418;-1.53323;-1.53209;-1.53073;-1.52911;-1.52721;-1.52494;-1.52226;-1.51908;-1.51531;-1.51086;-1.50558;-1.49933;-1.49194;-1.48318;-1.47279;-1.46046;-1.44577;-1.42823;-1.40714
2;7056521521168;50;absz;83130.1;74393.7;66618.6;59619.4;53386.1;47792;42783.3;38295.7;34279.3;30684;27464.3;24589.1;22005.8;19697.4;17632.2;15782.4;14127.7;12645.3;11317.8;10130.5;9067.01;8115.02;7263.39;6500.96;5818.07;5206.93;4659.95;4170.25;3731.84;3339.45;2988.04;2673.48;2391.83;2139.66;1913.84;1711.66;1530.58;1368.42;1223.16;1093.06;976.54;872.164;778.702;695.021;620.211;553.355;493.717;440.735;393.894;352.854
2;7056521521168;50;frequency;20000.00000002444;22385.53853899816;25055.61678390222;28044.17375656954;31389.19662092121;35133.2035329932;39323.78408414649;44014.2042055669;49264.08322518227;55140.1516811012;61717.09952482729;69078.52549602467;77317.99973512921;86540.25314108083;96862.50859274992;108415.9709538568;121347.4948009008;135821.4510731415;152021.8163702936;170154.5114554648;190450.0186878266;213166.3116533389;238592.1342356312;267050.6708003728;298903.6541519141;334555.9634717432;374460.7706856584;419125.3006744233;469117.2785435782;525072.1459047724;587701.13789258;657800.3235824071;736260.7247225839;824079.6413975459;922373.3285811875;1032391.184709951;1155531.632626961;1293359.894754076;1447627.888434013;1620296.494325686;1813560.480908265;2029876.401899315;2271993.821195295;2542990.262224833;2846310.325953354;3185809.474764127;3565803.038745301;3991121.067296888;4467169.723268114;4999999.999999929
2;7056521521168;50;phasez;-1.5385;-1.53843;-1.53799;-1.53797;-1.53752;-1.53717;-1.53648;-1.53592;-1.53516;-1.53436;-1.53327;-1.53216;-1.53097;-1.52947;-1.52783;-1.52588;-1.52383;-1.52139;-1.5187;-1.51567;-1.51221;-1.50838;-1.50408;-1.49921;-1.4938;-1.4877;-1.48085;-1.47316;-1.46456;-1.45488;-1.44404;-1.43188;-1.41822;-1.4029;-1.38568;-1.36633;-1.34457;-1.32009;-1.29254;-1.26147;-1.22644;-1.18686;-1.1421;-1.09135;-1.03372;-0.968174;-0.893379;-0.807885;-0.709962;-0.597623
3;7056838025977;20;absz;17163.5;14020.7;11449.4;9350.14;7636.51;6235.3;5091.67;4156.88;3393.51;2769.81;2259.94;1843.12;1502.65;1224.06;996.284;809.943;657.588;533.322;432.532;351.976
3;7056838025977;20;frequency;99999.99999990905;122862.535599424;150952.0265389597;185463.4873444638;227865.1431623047;279960.8926363817;343967.05137965;422606.6409511731;519225.2346839865;637933.2888043621;783781.0140572543;962973.2274171232;1183133.324347452;1453627.601814205;1785963.729760951;2194280.323268956;2695948.443325946;3312310.615921419;4069588.809647371;4999999.999999929
3;7056838025977;20;phasez;-1.52688;-1.52378;-1.51969;-1.51464;-1.50836;-1.50053;-1.49085;-1.47876;-1.46384;-1.44537;-1.42251;-1.39419;-1.35908;-1.31546;-1.26111;-1.19315;-1.10763;-0.999394;-0.861159;-0.68329
