0;831252396185;20;absz;2.22024e+08;1.60295e+08;1.15919e+08;8.38623e+07;6.06359e+07;4.38906e+07;3.17317e+07;2.29522e+07;1.6604e+07;1.20129e+07;8.69193e+06;6.28935e+06;4.55145e+06;3.29364e+06;2.38343e+06;1.72471e+06;1.24812e+06;903201;653636;473039
0;831252396185;20;frequency;9.999999974752427;13.86918846435492;19.23543905490988;26.67799336109056;37.00021196095804;51.31629158938722;71.17153245417285;98.70914048804025;136.9015682683994;189.8713664161278;263.3361782500288;365.2259113806622;506.5387032487934;702.5280792305466;974.3494403835484;1351.343611730726;1874.203936580443;2599.368780806799;3605.113577052066;4999.99999995282
0;831252396185;20;phasez;-1.55583;-1.55629;-1.55641;-1.55582;-1.55559;-1.55554;-1.55482;-1.55449;-1.55404;-1.5535;-1.55294;-1.55227;-1.55152;-1.55055;-1.54932;-1.54766;-1.54532;-1.54213;-1.53772;-1.53166
1;832022292277;50;absz;1.13005e+07;9.65659e+06;8.22232e+06;7.03773e+06;6.01007e+06;5.1364e+06;4.38841e+06;3.74719e+06;3.19844e+06;2.72982e+06;2.3312e+06;1.99166e+06;1.69992e+06;1.45166e+06;1.23969e+06;1.0586e+06;903909;771905;659175;562901;480710;410516;350589;299404;255698;218381;186519;159305;136066;116218;99268.5;84793.4;72431.6;61872.2;52854.1;45149.9;38568;32945;28140.3;24035.7;20527.1;17528.4;14964.9;12772.4;10897.1;9291.94;7917.14;6739;5727.89;4858.85
1;832022292277;50;frequency;199.9999999213742;234.625769479635;275.2462588517801;322.8993264769997;378.802514688914;444.3841576318164;521.3198749487447;611.5753842550475;717.456725922716;841.6691823498468;987.3863981368913;1158.33146786315;1358.872060208682;1594.132014446359;1870.122253535556;2193.894364737048;2573.720768452858;3019.306079821149;3542.035062906734;4155.263512473084;4874.659497176026;5718.603679767398;6708.658946337209;7870.121340545211;9232.666380967203;10831.10727442716;12706.28439819177;14906.10877695531;17486.78621595445;20514.25336674129;24065.86241733066;28232.35745111674;33120.19296963342;38854.25382030405;45581.04601983359;53472.44000269313;62730.06193403319;73590.44528463698;86331.07429211862;101277.4737211686;118811.5260634959;139381.228686517;163512.140226203;191820.8086789974;225030.524286467;263989.7996954232;309694.0495706946;363311.0235703185;426210.642505751;499999.9999999716
1;832022292277;50;phasez;-1.55274;-1.55221;-1.55511;-1.55246;-1.55313;-1.55409;-1.55207;-1.5532;-1.55397;-1.55373;-1.55309;-1.55288;-1.55281;-1.55296;-1.55261;-1.55255;-1.5523;-1.55207;-1.55178;-1.55149;-1.55118;-1.5508;-1.55036;-1.54987;-1.5493;-1.54869;-1.54797;-1.54715;-1.54624;-1.54518;-1.544;-1.54265;-1.5411;-1.53933;-1.5373;-1.53499;-1.53231;-1.52922;-1.52563;-1.52147;-1.51662;-1.51095;-1.50431;-1.49654;-1.4874;-1.47665;-1.46395;-1.4489;-1.43099;-1.40954
2;832793438161;50;absz;119805;107165;95867.2;85758.8;76712.8;68632.2;61385.7;54931.9;49136.6;43961;39331;35185.9;31477.3;28163.8;25195.3;22542.2;20170.6;18045.6;16147.6;14448;12927.4;11566.6;10349.8;9260.48;8286.25;7413.74;6633.76;5935.57;5310.71;4751.64;4251.17;3803.31;3402.54;3043.84;2722.74;2435.45;2178.3;1948.08;1742.01;1557.58;1392.5;1244.81;1112.67;994.484;889.065;794.973;711.279;637.173;571.952;515.224
2;832793438161;50;frequency;20000.00000002444;22385.53853899816;25055.61678390222;28044.17375656954;31389.19662092121;35133.2035329932;39323.78408414649;44014.2042055669;49264.08322518227;55140.1516811012;61717.09952482729;69078.52549602467;77317.99973512921;86540.25314108083;96862.50859274992;108415.9709538568;121347.4948009008;135821.4510731415;152021.8163702936;170154.5114554648;190450.0186878266;213166.3116533389;238592.1342356312;267050.6708003728;298903.6541519141;334555.9634717432;374460.7706856584;419125.3006744233;469117.2785435782;525072.1459047724;587701.13789258;657800.3235824071;736260.7247225839;824079.6413975459;922373.3285811875;1032391.184709951;1155531.632626961;1293359.894754076;1447627.888434013;1620296.494325686;1813560.480908265;2029876.401899315;2271993.821195295;2542990.262224833;2846310.325953354;3185809.474764127;3565803.038745301;3991121.067296888;4467169.723268114;4999999.999999929
2;832793438161;50;phasez;-1.54887;-1.54829;-1.54795;-1.54727;-1.54655;-1.54603;-1.54498;-1.54417;-1.54319;-1.54198;-1.54089;-1.53935;-1.53783;-1.53608;-1.53406;-1.53192;-1.52957;-1.52688;-1.5239;-1.52058;-1.51688;-1.51274;-1.50818;-1.5031;-1.49737;-1.49105;-1.48394;-1.47599;-1.46713;-1.4572;-1.44611;-1.43369;-1.41975;-1.40414;-1.38663;-1.36702;-1.34498;-1.32022;-1.29239;-1.26106;-1.22577;-1.18596;-1.141;-1.0901;-1.03228;-0.966668;-0.891896;-0.806547;-0.70892;-0.597102
3;833111124547;20;absz;24531.9;20026.4;16346.6;13341.4;10885.8;8884.23;7251.72;5917.41;4829.34;3940.48;3215.18;2622.66;2138.66;1743.38;1420.63;1156.96;941.859;766.954;625.782;513.973
3;833111124547;20;frequency;99999.99999990905;122862.535599424;150952.0265389597;185463.4873444638;227865.1431623047;279960.8926363817;343967.05137965;422606.6409511731;519225.2346839865;637933.2888043621;783781.0140572543;962973.2274171232;1183133.324347452;1453627.601814205;1785963.729760951;2194280.323268956;2695948.443325946;3312310.615921419;4069588.809647371;4999999.999999929
3;833111124547;20;phasez;-1.53315;-1.52942;-1.52491;-1.51934;-1.51256;-1.50425;-1.49409;-1.48153;-1.46615;-1.4472;-1.42384;-1.39503;-1.35941;-1.31527;-1.26044;-1.19205;-1.10616;-0.9978;-0.859728;-0.682609
