0;1313835677323;20;absz;2.05221e+08;1.48367e+08;1.07207e+08;7.74372e+07;5.59757e+07;4.04388e+07;2.92358e+07;2.11289e+07;1.52746e+07;1.10409e+07;7.98225e+06;5.77107e+06;4.1728e+06;3.01708e+06;2.18143e+06;1.57722e+06;1.1404e+06;824573;596256;431175
0;1313835677323;20;frequency;9.999999974752427;13.86918846435492;19.23543905490988;26.67799336109056;37.00021196095804;51.31629158938722;71.17153245417285;98.70914048804025;136.9015682683994;189.8713664161278;263.3361782500288;365.2259113806622;506.5387032487934;702.5280792305466;974.3494403835484;1351.343611730726;1874.203936580443;2599.368780806799;3605.113577052066;4999.99999995282
0;1313835677323;20;phasez;-1.55911;-1.55911;-1.55979;-1.55952;-1.5591;-1.55829;-1.55864;-1.55829;-1.55784;-1.55742;-1.55683;-1.55619;-1.55546;-1.55452;-1.55326;-1.55153;-1.54915;-1.54586;-1.54134;-1.53514
1;1314607162776;50;absz;1.03874e+07;8.86162e+06;7.57029e+06;6.46699e+06;5.51525e+06;4.71148e+06;4.01738e+06;3.43162e+06;2.93008e+06;2.49954e+06;2.13307e+06;1.82094e+06;1.55436e+06;1.32697e+06;1.13268e+06;966797;825312;704503;601367;513364;438202;374097;319355;272640;232774;198735;169680;144880;123708;105634;90202.6;77029.3;65782.4;56180.3;47980.6;40978.7;34999.9;29891.8;25529.1;21801.8;18617.8;15896.6;13570.4;11581.8;9880.78;8425.01;7178.58;6110.25;5193.5;4405.68
1;1314607162776;50;frequency;199.9999999213742;234.625769479635;275.2462588517801;322.8993264769997;378.802514688914;444.3841576318164;521.3198749487447;611.5753842550475;717.456725922716;841.6691823498468;987.3863981368913;1158.33146786315;1358.872060208682;1594.132014446359;1870.122253535556;2193.894364737048;2573.720768452858;3019.306079821149;3542.035062906734;4155.263512473084;4874.659497176026;5718.603679767398;6708.658946337209;7870.121340545211;9232.666380967203;10831.10727442716;12706.28439819177;14906.10877695531;17486.78621595445;20514.25336674129;24065.86241733066;28232.35745111674;33120.19296963342;38854.25382030405;45581.04601983359;53472.44000269313;62730.06193403319;73590.44528463698;86331.07429211862;101277.4737211686;118811.5260634959;139381.228686517;163512.140226203;191820.8086789974;225030.524286467;263989.7996954232;309694.0495706946;363311.0235703185;426210.642505751;499999.9999999716
1;1314607162776;50;phasez;-1.55972;-1.55968;-1.55878;-1.55658;-1.55824;-1.55856;-1.55712;-1.55745;-1.55733;-1.55736;-1.55726;-1.55687;-1.55682;-1.55667;-1.55645;-1.55625;-1.5561;-1.55573;-1.5554;-1.55507;-1.55457;-1.55416;-1.55366;-1.55309;-1.55245;-1.55173;-1.55089;-1.54997;-1.54893;-1.54778;-1.54645;-1.54496;-1.54329;-1.54138;-1.53921;-1.53675;-1.53393;-1.53068;-1.52695;-1.52263;-1.51761;-1.51178;-1.50498;-1.49704;-1.48775;-1.47683;-1.46397;-1.44877;-1.43069;-1.40908
2;1315377802400;50;absz;108878;97376.2;87092.7;77929.1;69686.8;62328.8;55738.8;49859.6;44603.7;39900.8;35688.1;31925.2;28558;25548.6;22854.9;20447;18293;16366.3;14643;13101;11721.2;10487.7;9383.67;8396.05;7512.36;6721.77;6014.31;5381.31;4814.98;4308.05;3854.45;3448.48;3085.25;2760.15;2469.04;2208.56;1975.37;1766.67;1579.8;1412.54;1262.81;1128.79;1008.87;901.58;805.811;720.312;644.214;576.775;517.356;465.582
2;1315377802400;50;frequency;20000.00000002444;22385.53853899816;25055.61678390222;28044.17375656954;31389.19662092121;35133.2035329932;39323.78408414649;44014.2042055669;49264.08322518227;55140.1516811012;61717.09952482729;69078.52549602467;77317.99973512921;86540.25314108083;96862.50859274992;108415.9709538568;121347.4948009008;135821.4510731415;152021.8163702936;170154.5114554648;190450.0186878266;213166.3116533389;238592.1342356312;267050.6708003728;298903.6541519141;334555.9634717432;374460.7706856584;419125.3006744233;469117.2785435782;525072.1459047724;587701.13789258;657800.3235824071;736260.7247225839;824079.6413975459;922373.3285811875;1032391.184709951;1155531.632626961;1293359.894754076;1447627.888434013;1620296.494325686;1813560.480908265;2029876.401899315;2271993.821195295;2542990.262224833;2846310.325953354;3185809.474764127;3565803.038745301;3991121.067296888;4467169.723268114;4999999.999999929
2;1315377802400;50;phasez;-1.55142;-1.55079;-1.55037;-1.54939;-1.54873;-1.54819;-1.54714;-1.54601;-1.54499;-1.54381;-1.54238;-1.5409;-1.53923;-1.53733;-1.53527;-1.53297;-1.53052;-1.52772;-1.52458;-1.52117;-1.51739;-1.51318;-1.50847;-1.50329;-1.49748;-1.49097;-1.48375;-1.47572;-1.46673;-1.45668;-1.44548;-1.43293;-1.4189;-1.40318;-1.38556;-1.36582;-1.34367;-1.3188;-1.29085;-1.25939;-1.22397;-1.18403;-1.13891;-1.08787;-1.0299;-0.964112;-0.889137;-0.803549;-0.705656;-0.593502
3;1315697317093;20;absz;22252;18157.8;14820.3;12092.6;9868.39;8054.82;6572.96;5364.63;4378.16;3572.71;2915.33;2378.22;1939.37;1581.13;1288.26;1049.02;853.702;694.792;566.363;464.42
3;1315697317093;20;frequency;99999.99999990905;122862.535599424;150952.0265389597;185463.4873444638;227865.1431623047;279960.8926363817;343967.05137965;422606.6409511731;519225.2346839865;637933.2888043621;783781.0140572543;962973.2274171232;1183133.324347452;1453627.601814205;1785963.729760951;2194280.323268956;2695948.443325946;3312310.615921419;4069588.809647371;4999999.999999929
3;1315697317093;20;phasez;-1.53426;-1.53039;-1.52567;-1.51991;-1.51287;-1.50444;-1.49401;-1.48127;-1.46567;-1.4465;-1.42293;-1.39392;-1.35807;-1.31375;-1.25869;-1.19005;-1.10393;-0.995227;-0.856746;-0.679077
