0;10311046897369;20;absz;1.35988e+08;9.92048e+07;7.22657e+07;5.26509e+07;3.83437e+07;2.79064e+07;2.03169e+07;1.47794e+07;1.07494e+07;7.81757e+06;5.68394e+06;4.13189e+06;3.00313e+06;2.18239e+06;1.58572e+06;1.15201e+06;836819;607762;441341;320436
0;10311046897369;20;frequency;9.999999974752427;13.86918846435492;19.23543905490988;26.67799336109056;37.00021196095804;51.31629158938722;71.17153245417285;98.70914048804025;136.9015682683994;189.8713664161278;263.3361782500288;365.2259113806622;506.5387032487934;702.5280792305466;974.3494403835484;1351.343611730726;1874.203936580443;2599.368780806799;3605.113577052066;4999.99999995282
0;10311046897369;20;phasez;-1.50988;-1.51342;-1.51622;-1.51907;-1.52132;-1.52341;-1.52484;-1.52628;-1.52755;-1.52851;-1.52929;-1.52983;-1.53014;-1.53016;-1.52982;-1.52899;-1.52752;-1.52519;-1.52167;-1.51652
1;10311816671879;50;absz;7.36466e+06;6.31576e+06;5.40088e+06;4.61617e+06;3.95524e+06;3.3836e+06;2.89603e+06;2.47709e+06;2.11901e+06;1.81374e+06;1.55153e+06;1.32745e+06;1.13564e+06;971575;831233;711115;608242;520295;445042;380676;325601;278488;238183;203707;174217;148989;127415;108961;93177.9;79680.8;68136.7;58264.8;49822.2;42601.7;36426.9;31145.6;26628.6;22765.5;19461.8;16635.4;14217.5;12148.7;10378.6;8863.34;7566.02;6454.81;5502.44;4685.45;3983.89;3380.57
1;10311816671879;50;frequency;199.9999999213742;234.625769479635;275.2462588517801;322.8993264769997;378.802514688914;444.3841576318164;521.3198749487447;611.5753842550475;717.456725922716;841.6691823498468;987.3863981368913;1158.33146786315;1358.872060208682;1594.132014446359;1870.122253535556;2193.894364737048;2573.720768452858;3019.306079821149;3542.035062906734;4155.263512473084;4874.659497176026;5718.603679767398;6708.658946337209;7870.121340545211;9232.666380967203;10831.10727442716;12706.28439819177;14906.10877695531;17486.78621595445;20514.25336674129;24065.86241733066;28232.35745111674;33120.19296963342;38854.25382030405;45581.04601983359;53472.44000269313;62730.06193403319;73590.44528463698;86331.07429211862;101277.4737211686;118811.5260634959;139381.228686517;163512.140226203;191820.8086789974;225030.524286467;263989.7996954232;309694.0495706946;363311.0235703185;426210.642505751;499999.9999999716
1;10311816671879;50;phasez;-1.5297;-1.52842;-1.53139;-1.53014;-1.53086;-1.5316;-1.53214;-1.53195;-1.53319;-1.53331;-1.53359;-1.53406;-1.53443;-1.53452;-1.53485;-1.53509;-1.53537;-1.53551;-1.53565;-1.53579;-1.53589;-1.53596;-1.53598;-1.53593;-1.53582;-1.53561;-1.53534;-1.53496;-1.53446;-1.53382;-1.53305;-1.53211;-1.53097;-1.5296;-1.52798;-1.52606;-1.52379;-1.52109;-1.5179;-1.51413;-1.50968;-1.5044;-1.49816;-1.49078;-1.48202;-1.47164;-1.4593;-1.44461;-1.42705;-1.40594
2;10312584205416;50;absz;82017.8;73446.8;65778.1;58875.6;52726.4;47200.2;42259.3;37832.3;33865.3;30320.7;27142.3;24298.2;21749.8;19470.4;17430.2;15602.8;13968.1;12503.8;11192.3;10019;8968.22;8027.1;7185.17;6431.33;5756.25;5152.09;4611.24;4126.86;3693.25;3305.12;2957.58;2646.41;2367.82;2118.35;1894.93;1694.91;1515.72;1355.24;1211.47;1082.72;967.39;864.079;771.553;688.688;614.594;548.371;489.289;436.791;390.36;349.682
2;10312584205416;50;frequency;20000.00000002444;22385.53853899816;25055.61678390222;28044.17375656954;31389.19662092121;35133.2035329932;39323.78408414649;44014.2042055669;49264.08322518227;55140.1516811012;61717.09952482729;69078.52549602467;77317.99973512921;86540.25314108083;96862.50859274992;108415.9709538568;121347.4948009008;135821.4510731415;152021.8163702936;170154.5114554648;190450.0186878266;213166.3116533389;238592.1342356312;267050.6708003728;298903.6541519141;334555.9634717432;374460.7706856584;419125.3006744233;469117.2785435782;525072.1459047724;587701.13789258;657800.3235824071;736260.7247225839;824079.6413975459;922373.3285811875;1032391.184709951;1155531.632626961;1293359.894754076;1447627.888434013;1620296.494325686;1813560.480908265;2029876.401899315;2271993.821195295;2542990.262224833;2846310.325953354;3185809.474764127;3565803.038745301;3991121.067296888;4467169.723268114;4999999.999999929
2;10312584205416;50;phasez;-1.53736;-1.53723;-1.53705;-1.53665;-1.53631;-1.53603;-1.5353;-1.53468;-1.53407;-1.53314;-1.53216;-1.53112;-1.52978;-1.52831;-1.52664;-1.52474;-1.52261;-1.52021;-1.51754;-1.51448;-1.51106;-1.50725;-1.5029;-1.49809;-1.49264;-1.48655;-1.47968;-1.47201;-1.46338;-1.45371;-1.44284;-1.43066;-1.41697;-1.40162;-1.38436;-1.36498;-1.3432;-1.31868;-1.2911;-1.26;-1.22493;-1.18533;-1.14054;-1.08976;-1.03209;-0.966497;-0.891656;-0.806105;-0.708103;-0.595674
3;10312901264964;20;absz;16966;13862.6;11322.2;9248.1;7554.52;6168.83;5038.1;4113.74;3358.88;2741.9;2237.45;1825.09;1488.16;1212.5;987.018;802.52;651.656;528.557;428.667;348.816
3;10312901264964;20;frequency;99999.99999990905;122862.535599424;150952.0265389597;185463.4873444638;227865.1431623047;279960.8926363817;343967.05137965;422606.6409511731;519225.2346839865;637933.2888043621;783781.0140572543;962973.2274171232;1183133.324347452;1453627.601814205;1785963.729760951;2194280.323268956;2695948.443325946;3312310.615921419;4069588.809647371;4999999.999999929
3;10312901264964;20;phasez;-1.52567;-1.52259;-1.51859;-1.51349;-1.50719;-1.49938;-1.48968;-1.47759;-1.46264;-1.44414;-1.42122;-1.39285;-1.3577;-1.31401;-1.2596;-1.19157;-1.10601;-0.99769;-0.85934;-0.681333
