0;9284274802007;20;absz;1.36314e+08;9.9449e+07;7.24533e+07;5.27709e+07;3.8426e+07;2.79553e+07;2.03561e+07;1.48089e+07;1.07722e+07;7.83306e+06;5.69516e+06;4.14001e+06;3.00903e+06;2.18668e+06;1.58879e+06;1.15418e+06;838383;608894;442153;321008
0;9284274802007;20;frequency;9.999999974752427;13.86918846435492;19.23543905490988;26.67799336109056;37.00021196095804;51.31629158938722;71.17153245417285;98.70914048804025;136.9015682683994;189.8713664161278;263.3361782500288;365.2259113806622;506.5387032487934;702.5280792305466;974.3494403835484;1351.343611730726;1874.203936580443;2599.368780806799;3605.113577052066;4999.99999995282
0;9284274802007;20;phasez;-1.51049;-1.51466;-1.51724;-1.51964;-1.52191;-1.52334;-1.52505;-1.52645;-1.5277;-1.52861;-1.52936;-1.52991;-1.53026;-1.53028;-1.52994;-1.52911;-1.52766;-1.52533;-1.52183;-1.51668
1;9285045899752;50;absz;7.39308e+06;6.32562e+06;5.4163e+06;4.62826e+06;3.95922e+06;3.38941e+06;2.90061e+06;2.48168e+06;2.12298e+06;1.81712e+06;1.55445e+06;1.3299e+06;1.13789e+06;973332;832770;712351;609387;521287;445877;381385;326200;278992;238604;204060;174517;149246;127630;109147;93335.9;79813.4;68248.4;58359.3;49902.2;42669.3;36483.9;31194.5;26670.1;22800.9;19491.7;16660.8;14239.2;12167.1;10394;8876.3;7576.93;6464.09;5510.23;4691.99;3989.41;3385.17
1;9285045899752;50;frequency;199.9999999213742;234.625769479635;275.2462588517801;322.8993264769997;378.802514688914;444.3841576318164;521.3198749487447;611.5753842550475;717.456725922716;841.6691823498468;987.3863981368913;1158.33146786315;1358.872060208682;1594.132014446359;1870.122253535556;2193.894364737048;2573.720768452858;3019.306079821149;3542.035062906734;4155.263512473084;4874.659497176026;5718.603679767398;6708.658946337209;7870.121340545211;9232.666380967203;10831.10727442716;12706.28439819177;14906.10877695531;17486.78621595445;20514.25336674129;24065.86241733066;28232.35745111674;33120.19296963342;38854.25382030405;45581.04601983359;53472.44000269313;62730.06193403319;73590.44528463698;86331.07429211862;101277.4737211686;118811.5260634959;139381.228686517;163512.140226203;191820.8086789974;225030.524286467;263989.7996954232;309694.0495706946;363311.0235703185;426210.642505751;499999.9999999716
1;9285045899752;50;phasez;-1.53307;-1.52899;-1.53189;-1.53106;-1.5315;-1.53304;-1.53268;-1.53287;-1.53307;-1.53375;-1.53375;-1.53419;-1.53437;-1.53476;-1.53497;-1.53519;-1.53549;-1.5357;-1.53578;-1.53594;-1.53608;-1.53616;-1.53612;-1.5361;-1.53597;-1.53579;-1.53549;-1.53511;-1.53461;-1.53399;-1.5332;-1.53226;-1.53111;-1.52975;-1.52813;-1.52621;-1.52394;-1.52124;-1.51806;-1.51428;-1.50983;-1.50455;-1.49831;-1.49092;-1.48216;-1.47178;-1.45944;-1.44475;-1.4272;-1.40609
2;9285814034106;50;absz;82193.3;73590.3;65886.7;58993.2;52808.6;47281.5;42330.7;37899.5;33927.1;30368.8;27184.8;24337;21785;19500.7;17458.4;15628.4;13989.7;12523.3;11210.1;10034.5;8981.85;8039.45;7196.27;6440.86;5764.77;5159.78;4617.99;4132.92;3698.66;3309.95;2961.9;2650.2;2371.18;2121.3;1897.61;1697.25;1517.79;1357.07;1213.1;1084.17;968.637;865.188;772.525;689.561;615.363;549.037;489.892;437.32;390.84;350.117
2;9285814034106;50;frequency;20000.00000002444;22385.53853899816;25055.61678390222;28044.17375656954;31389.19662092121;35133.2035329932;39323.78408414649;44014.2042055669;49264.08322518227;55140.1516811012;61717.09952482729;69078.52549602467;77317.99973512921;86540.25314108083;96862.50859274992;108415.9709538568;121347.4948009008;135821.4510731415;152021.8163702936;170154.5114554648;190450.0186878266;213166.3116533389;238592.1342356312;267050.6708003728;298903.6541519141;334555.9634717432;374460.7706856584;419125.3006744233;469117.2785435782;525072.1459047724;587701.13789258;657800.3235824071;736260.7247225839;824079.6413975459;922373.3285811875;1032391.184709951;1155531.632626961;1293359.894754076;1447627.888434013;1620296.494325686;1813560.480908265;2029876.401899315;2271993.821195295;2542990.262224833;2846310.325953354;3185809.474764127;3565803.038745301;3991121.067296888;4467169.723268114;4999999.999999929
2;9285814034106;50;phasez;-1.53756;-1.53734;-1.53724;-1.53691;-1.53643;-1.53602;-1.53557;-1.5348;-1.53411;-1.53333;-1.53241;-1.53125;-1.52993;-1.52847;-1.52674;-1.52489;-1.52277;-1.52038;-1.51766;-1.51466;-1.5112;-1.50739;-1.50306;-1.49824;-1.49279;-1.48668;-1.47983;-1.47214;-1.46352;-1.45384;-1.443;-1.43082;-1.41714;-1.40179;-1.38454;-1.36516;-1.34338;-1.31887;-1.29128;-1.26019;-1.22513;-1.18552;-1.14072;-1.08995;-1.03226;-0.966673;-0.891827;-0.806267;-0.708267;-0.595823
3;9286130415516;20;absz;16988.1;13880.3;11336.8;9260.16;7564.16;6176.75;5044.47;4118.88;3362.94;2745.2;2240.08;1827.2;1489.85;1213.85;988.108;803.377;652.32;529.101;429.129;349.193
3;9286130415516;20;frequency;99999.99999990905;122862.535599424;150952.0265389597;185463.4873444638;227865.1431623047;279960.8926363817;343967.05137965;422606.6409511731;519225.2346839865;637933.2888043621;783781.0140572543;962973.2274171232;1183133.324347452;1453627.601814205;1785963.729760951;2194280.323268956;2695948.443325946;3312310.615921419;4069588.809647371;4999999.999999929
3;9286130415516;20;phasez;-1.52593;-1.52277;-1.51868;-1.51366;-1.50734;-1.49953;-1.48979;-1.47773;-1.46278;-1.44429;-1.42139;-1.39304;-1.35788;-1.31421;-1.25981;-1.19178;-1.10621;-0.997887;-0.85954;-0.681515
