0;6809420941751;20;absz;1.39245e+08;1.01467e+08;7.38736e+07;5.38045e+07;3.916e+07;2.84733e+07;2.07268e+07;1.50721e+07;1.09582e+07;7.96604e+06;5.79038e+06;4.20819e+06;3.05793e+06;2.2217e+06;1.61402e+06;1.17235e+06;851386;618205;448794;325751
0;6809420941751;20;frequency;9.999999974752427;13.86918846435492;19.23543905490988;26.67799336109056;37.00021196095804;51.31629158938722;71.17153245417285;98.70914048804025;136.9015682683994;189.8713664161278;263.3361782500288;365.2259113806622;506.5387032487934;702.5280792305466;974.3494403835484;1351.343611730726;1874.203936580443;2599.368780806799;3605.113577052066;4999.99999995282
0;6809420941751;20;phasez;-1.51555;-1.51793;-1.52075;-1.52258;-1.52452;-1.52599;-1.52739;-1.52861;-1.52954;-1.53026;-1.53086;-1.53124;-1.53145;-1.5314;-1.53101;-1.53021;-1.52876;-1.52649;-1.52303;-1.51792
1;6810190876668;50;absz;7.50751e+06;6.41425e+06;5.50563e+06;4.7057e+06;4.02537e+06;3.44604e+06;2.94881e+06;2.52256e+06;2.15699e+06;1.8462e+06;1.57949e+06;1.35101e+06;1.15564e+06;988666;845673;723267;618690;529126;452564;387049;330991;283063;242056;206985;176994;151342;129407;110648;94607.6;80890.9;69163.2;59133.7;50558.4;43225.7;36955.8;31594;27008.7;23087.5;19733.9;16865.7;14412.1;12313.2;10517.6;8981.04;7665.47;6538.89;5573.48;4745.43;4034.42;3423.09
1;6810190876668;50;frequency;199.9999999213742;234.625769479635;275.2462588517801;322.8993264769997;378.802514688914;444.3841576318164;521.3198749487447;611.5753842550475;717.456725922716;841.6691823498468;987.3863981368913;1158.33146786315;1358.872060208682;1594.132014446359;1870.122253535556;2193.894364737048;2573.720768452858;3019.306079821149;3542.035062906734;4155.263512473084;4874.659497176026;5718.603679767398;6708.658946337209;7870.121340545211;9232.666380967203;10831.10727442716;12706.28439819177;14906.10877695531;17486.78621595445;20514.25336674129;24065.86241733066;28232.35745111674;33120.19296963342;38854.25382030405;45581.04601983359;53472.44000269313;62730.06193403319;73590.44528463698;86331.07429211862;101277.4737211686;118811.5260634959;139381.228686517;163512.140226203;191820.8086789974;225030.524286467;263989.7996954232;309694.0495706946;363311.0235703185;426210.642505751;499999.9999999716
1;6810190876668;50;phasez;-1.53282;-1.53138;-1.53146;-1.532;-1.53283;-1.53244;-1.53331;-1.53444;-1.53404;-1.53453;-1.53505;-1.53521;-1.53544;-1.53577;-1.5361;-1.5364;-1.53667;-1.53683;-1.53699;-1.53715;-1.5373;-1.53739;-1.53741;-1.53736;-1.53725;-1.53706;-1.53675;-1.53636;-1.53585;-1.53521;-1.53442;-1.53346;-1.53231;-1.53094;-1.52932;-1.52741;-1.52514;-1.52244;-1.51926;-1.51549;-1.51103;-1.50576;-1.49951;-1.49211;-1.48335;-1.47296;-1.46063;-1.44594;-1.4284;-1.40732
2;6810959012010;50;absz;83324.1;74596.4;66782.4;59788;53523.9;47901.5;42886.4;38390.1;34366.8;30762.4;27532.5;24646.2;22061.8;19746.5;17674.7;15820.9;14160.3;12674.8;11344.3;10154.1;9088.2;8134.22;7280.16;6515.73;5831.52;5218.95;4670.66;4179.85;3740.28;3346.89;2994.72;2679.41;2397.1;2144.31;1918;1715.34;1533.86;1371.32;1225.74;1095.35;978.56;873.974;780.318;696.451;621.485;554.483;494.717;441.634;394.694;353.579
2;6810959012010;50;frequency;20000.00000002444;22385.53853899816;25055.61678390222;28044.17375656954;31389.19662092121;35133.2035329932;39323.78408414649;44014.2042055669;49264.08322518227;55140.1516811012;61717.09952482729;69078.52549602467;77317.99973512921;86540.25314108083;96862.50859274992;108415.9709538568;121347.4948009008;135821.4510731415;152021.8163702936;170154.5114554648;190450.0186878266;213166.3116533389;238592.1342356312;267050.6708003728;298903.6541519141;334555.9634717432;374460.7706856584;419125.3006744233;469117.2785435782;525072.1459047724;587701.13789258;657800.3235824071;736260.7247225839;824079.6413975459;922373.3285811875;1032391.184709951;1155531.632626961;1293359.894754076;1447627.888434013;1620296.494325686;1813560.480908265;2029876.401899315;2271993.821195295;2542990.262224833;2846310.325953354;3185809.474764127;3565803.038745301;3991121.067296888;4467169.723268114;4999999.999999929
2;6810959012010;50;phasez;-1.53878;-1.53874;-1.5383;-1.53801;-1.53773;-1.5374;-1.53668;-1.53614;-1.53543;-1.53465;-1.53351;-1.5324;-1.53112;-1.52961;-1.52798;-1.52613;-1.52392;-1.52159;-1.51889;-1.51586;-1.51241;-1.50858;-1.50425;-1.4994;-1.49396;-1.48786;-1.48103;-1.47335;-1.46474;-1.45508;-1.44424;-1.43209;-1.41843;-1.40311;-1.3859;-1.36655;-1.3448;-1.32032;-1.29278;-1.26172;-1.22668;-1.18711;-1.14236;-1.09163;-1.03399;-0.968452;-0.893665;-0.808188;-0.710267;-0.597948
3;6811275459824;20;absz;17203.5;14053.1;11475.3;9371.92;7653.77;6249.3;5102.88;4166.11;3400.9;2775.82;2264.72;1847;1505.77;1226.58;998.305;811.562;658.89;534.372;433.387;352.68
3;6811275459824;20;frequency;99999.99999990905;122862.535599424;150952.0265389597;185463.4873444638;227865.1431623047;279960.8926363817;343967.05137965;422606.6409511731;519225.2346839865;637933.2888043621;783781.0140572543;962973.2274171232;1183133.324347452;1453627.601814205;1785963.729760951;2194280.323268956;2695948.443325946;3312310.615921419;4069588.809647371;4999999.999999929
3;6811275459824;20;phasez;-1.52713;-1.52388;-1.51991;-1.5149;-1.50854;-1.50071;-1.49099;-1.47893;-1.46402;-1.44557;-1.42272;-1.39441;-1.35931;-1.3157;-1.26137;-1.19342;-1.10792;-0.999693;-0.861466;-0.683661
