0;2011271477120;20;absz;1.8934e+08;1.37128e+08;9.91898e+07;7.18155e+07;5.19554e+07;3.75832e+07;2.71986e+07;1.96802e+07;1.42401e+07;1.0303e+07;7.45464e+06;5.39286e+06;3.90084e+06;2.82114e+06;2.03999e+06;1.47492e+06;1.06621e+06;770690;557018;402568
0;2011271477120;20;frequency;9.999999974752427;13.86918846435492;19.23543905490988;26.67799336109056;37.00021196095804;51.31629158938722;71.17153245417285;98.70914048804025;136.9015682683994;189.8713664161278;263.3361782500288;365.2259113806622;506.5387032487934;702.5280792305466;974.3494403835484;1351.343611730726;1874.203936580443;2599.368780806799;3605.113577052066;4999.99999995282
0;2011271477120;20;phasez;-1.55403;-1.55348;-1.55332;-1.5536;-1.55347;-1.55432;-1.55371;-1.55387;-1.55388;-1.55391;-1.55394;-1.55397;-1.55393;-1.55366;-1.55308;-1.55201;-1.55024;-1.54759;-1.54366;-1.53804
1;2012042728022;50;absz;9.73188e+06;8.29644e+06;7.06732e+06;6.03108e+06;5.15709e+06;4.40224e+06;3.75672e+06;3.21051e+06;2.73855e+06;2.33826e+06;1.99557e+06;1.70371e+06;1.45376e+06;1.24088e+06;1.05905e+06;903856;771433;658302;561818;479439;409172;349185;297993;254309;217017;185203;158055;134890;115118;98251.1;83854;71567.5;61083.6;52135;44498.7;37981;32417.3;27668.6;23614.4;20153.2;17198.1;14674;12517.9;10675.6;9101.12;7754.74;6602.67;5616.03;4769.94;4043.46
1;2012042728022;50;frequency;199.9999999213742;234.625769479635;275.2462588517801;322.8993264769997;378.802514688914;444.3841576318164;521.3198749487447;611.5753842550475;717.456725922716;841.6691823498468;987.3863981368913;1158.33146786315;1358.872060208682;1594.132014446359;1870.122253535556;2193.894364737048;2573.720768452858;3019.306079821149;3542.035062906734;4155.263512473084;4874.659497176026;5718.603679767398;6708.658946337209;7870.121340545211;9232.666380967203;10831.10727442716;12706.28439819177;14906.10877695531;17486.78621595445;20514.25336674129;24065.86241733066;28232.35745111674;33120.19296963342;38854.25382030405;45581.04601983359;53472.44000269313;62730.06193403319;73590.44528463698;86331.07429211862;101277.4737211686;118811.5260634959;139381.228686517;163512.140226203;191820.8086789974;225030.524286467;263989.7996954232;309694.0495706946;363311.0235703185;426210.642505751;499999.9999999716
1;2012042728022;50;phasez;-1.55294;-1.55512;-1.55522;-1.55524;-1.5555;-1.5567;-1.55599;-1.55596;-1.55681;-1.55692;-1.55684;-1.55717;-1.55754;-1.55754;-1.55768;-1.55765;-1.55777;-1.55776;-1.55768;-1.55759;-1.5575;-1.55732;-1.55704;-1.55672;-1.55631;-1.55582;-1.55522;-1.55451;-1.55368;-1.55272;-1.55159;-1.55027;-1.54876;-1.54701;-1.54499;-1.54267;-1.53997;-1.53685;-1.53322;-1.52899;-1.52406;-1.5183;-1.51156;-1.50366;-1.4944;-1.48349;-1.47062;-1.45539;-1.43729;-1.41562
2;2012812440791;50;absz;101270;90519.6;80943.9;72368.4;64691.4;57840.5;51719.1;46243.1;41348.1;36967.1;33055.8;29555.5;26424.4;23627.4;21129.3;18892.9;16894.7;15107.1;13509.7;12081.4;10803.6;9661.43;8639.97;7726.67;6909.77;6179.43;5526.12;4942.03;4419.66;3952.37;3534.41;3160.6;2826.23;2527.05;2259.49;2020.06;1805.91;1614.22;1442.68;1289.19;1151.83;1028.96;919.029;820.679;732.918;654.571;584.813;522.956;468.426;420.841
2;2012812440791;50;frequency;20000.00000002444;22385.53853899816;25055.61678390222;28044.17375656954;31389.19662092121;35133.2035329932;39323.78408414649;44014.2042055669;49264.08322518227;55140.1516811012;61717.09952482729;69078.52549602467;77317.99973512921;86540.25314108083;96862.50859274992;108415.9709538568;121347.4948009008;135821.4510731415;152021.8163702936;170154.5114554648;190450.0186878266;213166.3116533389;238592.1342356312;267050.6708003728;298903.6541519141;334555.9634717432;374460.7706856584;419125.3006744233;469117.2785435782;525072.1459047724;587701.13789258;657800.3235824071;736260.7247225839;824079.6413975459;922373.3285811875;1032391.184709951;1155531.632626961;1293359.894754076;1447627.888434013;1620296.494325686;1813560.480908265;2029876.401899315;2271993.821195295;2542990.262224833;2846310.325953354;3185809.474764127;3565803.038745301;3991121.067296888;4467169.723268114;4999999.999999929
2;2012812440791;50;phasez;-1.55629;-1.55607;-1.55556;-1.55493;-1.55434;-1.55345;-1.55272;-1.5518;-1.55077;-1.54963;-1.54847;-1.54702;-1.54532;-1.54363;-1.54161;-1.53937;-1.53696;-1.53421;-1.5311;-1.52777;-1.52401;-1.51977;-1.51511;-1.50989;-1.50406;-1.49758;-1.49035;-1.48229;-1.47323;-1.46316;-1.4519;-1.43929;-1.4252;-1.40941;-1.39173;-1.37191;-1.34968;-1.3247;-1.29665;-1.2651;-1.22957;-1.1895;-1.14426;-1.09306;-1.03495;-0.968982;-0.893816;-0.808008;-0.709842;-0.59737
3;2013130436923;20;absz;20562.4;16768;13672;11145;9087.48;7410.18;6041.6;4926.52;4016.61;3274.92;2669.78;2175.79;1772.69;1443.82;1175.1;955.779;776.807;631.172;513.418;419.804
3;2013130436923;20;frequency;99999.99999990905;122862.535599424;150952.0265389597;185463.4873444638;227865.1431623047;279960.8926363817;343967.05137965;422606.6409511731;519225.2346839865;637933.2888043621;783781.0140572543;962973.2274171232;1183133.324347452;1453627.601814205;1785963.729760951;2194280.323268956;2695948.443325946;3312310.615921419;4069588.809647371;4999999.999999929
3;2013130436923;20;phasez;-1.54073;-1.53693;-1.53225;-1.52653;-1.51956;-1.51104;-1.50061;-1.48783;-1.47215;-1.45291;-1.42923;-1.40006;-1.36407;-1.31955;-1.2643;-1.19543;-1.10906;-1.00005;-0.861178;-0.683014
