0;2591520742736;20;absz;1.78706e+08;1.29393e+08;9.36953e+07;6.78357e+07;4.91216e+07;3.55797e+07;2.57495e+07;1.86393e+07;1.34976e+07;9.77071e+06;7.07366e+06;5.12063e+06;3.70619e+06;2.68244e+06;1.94132e+06;1.40488e+06;1.01662e+06;735614;532255;385086
0;2591520742736;20;frequency;9.999999974752427;13.86918846435492;19.23543905490988;26.67799336109056;37.00021196095804;51.31629158938722;71.17153245417285;98.70914048804025;136.9015682683994;189.8713664161278;263.3361782500288;365.2259113806622;506.5387032487934;702.5280792305466;974.3494403835484;1351.343611730726;1874.203936580443;2599.368780806799;3605.113577052066;4999.99999995282
0;2591520742736;20;phasez;-1.54772;-1.54841;-1.54912;-1.54963;-1.55003;-1.54973;-1.55041;-1.55056;-1.55058;-1.55066;-1.55063;-1.55055;-1.5503;-1.54982;-1.54899;-1.54771;-1.5458;-1.54304;-1.53914;-1.53364
1;2592290641698;50;absz;9.19983e+06;7.85818e+06;6.72815e+06;5.72708e+06;4.89745e+06;4.18616e+06;3.57155e+06;3.0485e+06;2.60519e+06;2.22416e+06;1.89877e+06;1.62201e+06;1.38477e+06;1.18251e+06;1.00976e+06;862188;736208;628656;536820;458356;391380;334178;285336;243628;208008;177598;151628;129453;110521;94357.1;80555.2;68768.9;58706.8;50115.5;42781.4;36518.5;31170.9;26604.5;22705.6;19376.4;16533.5;14105.1;12030.7;10258.2;8743.39;7448.1;6339.73;5390.71;4577.2;3878.78
1;2592290641698;50;frequency;199.9999999213742;234.625769479635;275.2462588517801;322.8993264769997;378.802514688914;444.3841576318164;521.3198749487447;611.5753842550475;717.456725922716;841.6691823498468;987.3863981368913;1158.33146786315;1358.872060208682;1594.132014446359;1870.122253535556;2193.894364737048;2573.720768452858;3019.306079821149;3542.035062906734;4155.263512473084;4874.659497176026;5718.603679767398;6708.658946337209;7870.121340545211;9232.666380967203;10831.10727442716;12706.28439819177;14906.10877695531;17486.78621595445;20514.25336674129;24065.86241733066;28232.35745111674;33120.19296963342;38854.25382030405;45581.04601983359;53472.44000269313;62730.06193403319;73590.44528463698;86331.07429211862;101277.4737211686;118811.5260634959;139381.228686517;163512.140226203;191820.8086789974;225030.524286467;263989.7996954232;309694.0495706946;363311.0235703185;426210.642505751;499999.9999999716
1;2592290641698;50;phasez;-1.54957;-1.55176;-1.55165;-1.55192;-1.55276;-1.55186;-1.55281;-1.55212;-1.55285;-1.55288;-1.55322;-1.55288;-1.55298;-1.55308;-1.55313;-1.55322;-1.5532;-1.5532;-1.55314;-1.55315;-1.5531;-1.55297;-1.55286;-1.55266;-1.55244;-1.55216;-1.55178;-1.55133;-1.55078;-1.55009;-1.54926;-1.54827;-1.54708;-1.54566;-1.54397;-1.54198;-1.53961;-1.53681;-1.53349;-1.52957;-1.52494;-1.51947;-1.51302;-1.50539;-1.49638;-1.48572;-1.4731;-1.4581;-1.44022;-1.41877
2;2593061757313;50;absz;97261.1;86957.6;77774.5;69548.1;62189.4;55608.5;49723.4;44465.3;39757.5;35549.7;31788.6;28421.1;25413.9;22721.6;20317.6;18165.3;16243.8;14524.6;12986.5;11612.6;10383.2;9283.91;8300.78;7421.99;6636.17;5933.55;5305.07;4743.28;4240.79;3791.56;3389.67;3030.32;2708.87;2421.41;2164.31;1934.35;1728.6;1544.57;1379.92;1232.62;1100.84;982.939;877.471;783.162;698.975;623.857;556.957;497.613;445.284;399.583
2;2593061757313;50;frequency;20000.00000002444;22385.53853899816;25055.61678390222;28044.17375656954;31389.19662092121;35133.2035329932;39323.78408414649;44014.2042055669;49264.08322518227;55140.1516811012;61717.09952482729;69078.52549602467;77317.99973512921;86540.25314108083;96862.50859274992;108415.9709538568;121347.4948009008;135821.4510731415;152021.8163702936;170154.5114554648;190450.0186878266;213166.3116533389;238592.1342356312;267050.6708003728;298903.6541519141;334555.9634717432;374460.7706856584;419125.3006744233;469117.2785435782;525072.1459047724;587701.13789258;657800.3235824071;736260.7247225839;824079.6413975459;922373.3285811875;1032391.184709951;1155531.632626961;1293359.894754076;1447627.888434013;1620296.494325686;1813560.480908265;2029876.401899315;2271993.821195295;2542990.262224833;2846310.325953354;3185809.474764127;3565803.038745301;3991121.067296888;4467169.723268114;4999999.999999929
2;2593061757313;50;phasez;-1.5533;-1.5535;-1.55302;-1.55284;-1.55252;-1.55202;-1.55136;-1.55066;-1.54995;-1.54915;-1.54798;-1.54687;-1.54547;-1.54386;-1.54217;-1.5401;-1.53786;-1.53532;-1.53256;-1.52931;-1.52567;-1.52172;-1.5172;-1.51216;-1.50652;-1.50019;-1.49315;-1.4852;-1.47634;-1.46641;-1.45529;-1.44282;-1.42885;-1.4132;-1.39562;-1.37592;-1.3538;-1.32894;-1.30099;-1.26954;-1.2341;-1.19412;-1.14897;-1.09783;-1.03981;-0.973924;-0.898818;-0.813052;-0.714917;-0.602464
3;2593378186321;20;absz;19777.3;16123.7;13144.5;10712.2;8732.72;7118.38;5801.47;4728.98;3853.7;3140.57;2558.77;2084.1;1696.97;1381.13;1123.24;912.801;741.114;601.432;488.498;398.626
3;2593378186321;20;frequency;99999.99999990905;122862.535599424;150952.0265389597;185463.4873444638;227865.1431623047;279960.8926363817;343967.05137965;422606.6409511731;519225.2346839865;637933.2888043621;783781.0140572543;962973.2274171232;1183133.324347452;1453627.601814205;1785963.729760951;2194280.323268956;2695948.443325946;3312310.615921419;4069588.809647371;4999999.999999929
3;2593378186321;20;phasez;-1.54116;-1.53779;-1.53356;-1.52816;-1.52155;-1.51338;-1.50327;-1.49077;-1.47539;-1.45638;-1.43293;-1.404;-1.36821;-1.32388;-1.26881;-1.20012;-1.11387;-1.005;-0.866232;-0.688107
