0;10774124354510;20;absz;1.35864e+08;9.91037e+07;7.22287e+07;5.26212e+07;3.83141e+07;2.78899e+07;2.03005e+07;1.47689e+07;1.07419e+07;7.81152e+06;5.67951e+06;4.12869e+06;3.00075e+06;2.18064e+06;1.58448e+06;1.15112e+06;836149;607296;441002;320197
0;10774124354510;20;frequency;9.999999974752427;13.86918846435492;19.23543905490988;26.67799336109056;37.00021196095804;51.31629158938722;71.17153245417285;98.70914048804025;136.9015682683994;189.8713664161278;263.3361782500288;365.2259113806622;506.5387032487934;702.5280792305466;974.3494403835484;1351.343611730726;1874.203936580443;2599.368780806799;3605.113577052066;4999.99999995282
0;10774124354510;20;phasez;-1.51012;-1.51313;-1.51633;-1.51884;-1.52131;-1.52278;-1.52486;-1.52639;-1.52758;-1.52851;-1.52931;-1.52982;-1.53014;-1.53016;-1.5298;-1.52897;-1.52748;-1.52513;-1.5216;-1.51642
1;10774894270853;50;absz;7.36046e+06;6.31065e+06;5.39289e+06;4.61251e+06;3.95025e+06;3.37998e+06;2.89289e+06;2.47449e+06;2.11727e+06;1.81164e+06;1.55025e+06;1.32625e+06;1.13474e+06;970664;830518;710485;607761;519893;444701;380403;325361;278279;238009;203563;174096;148895;127332;108894;93122.2;79632.1;68096.8;58230.9;49793.3;42576.9;36405.9;31128.1;26613.7;22753.2;19451.2;16626.6;14210.2;12142.6;10373.3;8858.92;7562.29;6451.62;5499.78;4683.24;3982.05;3379.01
1;10774894270853;50;frequency;199.9999999213742;234.625769479635;275.2462588517801;322.8993264769997;378.802514688914;444.3841576318164;521.3198749487447;611.5753842550475;717.456725922716;841.6691823498468;987.3863981368913;1158.33146786315;1358.872060208682;1594.132014446359;1870.122253535556;2193.894364737048;2573.720768452858;3019.306079821149;3542.035062906734;4155.263512473084;4874.659497176026;5718.603679767398;6708.658946337209;7870.121340545211;9232.666380967203;10831.10727442716;12706.28439819177;14906.10877695531;17486.78621595445;20514.25336674129;24065.86241733066;28232.35745111674;33120.19296963342;38854.25382030405;45581.04601983359;53472.44000269313;62730.06193403319;73590.44528463698;86331.07429211862;101277.4737211686;118811.5260634959;139381.228686517;163512.140226203;191820.8086789974;225030.524286467;263989.7996954232;309694.0495706946;363311.0235703185;426210.642505751;499999.9999999716
1;10774894270853;50;phasez;-1.53048;-1.52935;-1.53107;-1.53057;-1.53118;-1.53194;-1.53282;-1.53318;-1.53284;-1.53386;-1.53381;-1.53394;-1.53431;-1.53457;-1.53487;-1.53503;-1.5353;-1.53544;-1.53563;-1.53571;-1.53584;-1.53588;-1.53587;-1.53581;-1.53569;-1.53551;-1.53522;-1.53485;-1.53436;-1.53373;-1.53296;-1.53202;-1.53089;-1.52953;-1.52791;-1.526;-1.52372;-1.52102;-1.51783;-1.51406;-1.5096;-1.50432;-1.49807;-1.49068;-1.48193;-1.47154;-1.45921;-1.44451;-1.42695;-1.40584
2;10775662411991;50;absz;82054.2;73472.5;65762.5;58873;52719.8;47197.9;42251.7;37831;33861.4;30315.5;27137.3;24293.6;21746.2;19467.5;17427.6;15601.2;13965.9;12501;11190.6;10017.3;8966.56;8026.03;7184.1;6430.27;5755.45;5151.28;4610.4;4126.24;3692.76;3304.7;2957.2;2646.08;2367.52;2118.08;1894.72;1694.72;1515.55;1355.11;1211.36;1082.64;967.307;864.025;771.499;688.635;614.548;548.336;489.258;436.762;390.343;349.658
2;10775662411991;50;frequency;20000.00000002444;22385.53853899816;25055.61678390222;28044.17375656954;31389.19662092121;35133.2035329932;39323.78408414649;44014.2042055669;49264.08322518227;55140.1516811012;61717.09952482729;69078.52549602467;77317.99973512921;86540.25314108083;96862.50859274992;108415.9709538568;121347.4948009008;135821.4510731415;152021.8163702936;170154.5114554648;190450.0186878266;213166.3116533389;238592.1342356312;267050.6708003728;298903.6541519141;334555.9634717432;374460.7706856584;419125.3006744233;469117.2785435782;525072.1459047724;587701.13789258;657800.3235824071;736260.7247225839;824079.6413975459;922373.3285811875;1032391.184709951;1155531.632626961;1293359.894754076;1447627.888434013;1620296.494325686;1813560.480908265;2029876.401899315;2271993.821195295;2542990.262224833;2846310.325953354;3185809.474764127;3565803.038745301;3991121.067296888;4467169.723268114;4999999.999999929
2;10775662411991;50;phasez;-1.53731;-1.53723;-1.53674;-1.53665;-1.53627;-1.53572;-1.53533;-1.53463;-1.53397;-1.53306;-1.53213;-1.53095;-1.52962;-1.5282;-1.52652;-1.52464;-1.52252;-1.52016;-1.51746;-1.51442;-1.511;-1.50716;-1.50285;-1.498;-1.49256;-1.48647;-1.47958;-1.47189;-1.46327;-1.4536;-1.44274;-1.43054;-1.41686;-1.4015;-1.38425;-1.36487;-1.34307;-1.31855;-1.29096;-1.25986;-1.22479;-1.18517;-1.14038;-1.0896;-1.03192;-0.96632;-0.891469;-0.805905;-0.70789;-0.595426
3;10775982035816;20;absz;16970.3;13864.5;11322.9;9248.87;7554.62;6168.93;5038.14;4113.75;3358.85;2741.83;2237.38;1825.04;1488.16;1212.47;986.996;802.531;651.664;528.562;428.68;348.823
3;10775982035816;20;frequency;99999.99999990905;122862.535599424;150952.0265389597;185463.4873444638;227865.1431623047;279960.8926363817;343967.05137965;422606.6409511731;519225.2346839865;637933.2888043621;783781.0140572543;962973.2274171232;1183133.324347452;1453627.601814205;1785963.729760951;2194280.323268956;2695948.443325946;3312310.615921419;4069588.809647371;4999999.999999929
3;10775982035816;20;phasez;-1.52563;-1.52254;-1.51843;-1.51342;-1.50713;-1.49927;-1.48957;-1.47749;-1.46254;-1.44402;-1.42112;-1.39274;-1.35756;-1.31386;-1.25944;-1.19141;-1.10584;-0.997505;-0.859136;-0.681087
