0;4781275572643;20;absz;1.49174e+08;1.08524e+08;7.88944e+07;5.73689e+07;4.17052e+07;3.03306e+07;2.2033e+07;1.60103e+07;1.16333e+07;8.45071e+06;6.13844e+06;4.45764e+06;3.23662e+06;2.34945e+06;1.70509e+06;1.23727e+06;897661;651187;472296;342506
0;4781275572643;20;frequency;9.999999974752427;13.86918846435492;19.23543905490988;26.67799336109056;37.00021196095804;51.31629158938722;71.17153245417285;98.70914048804025;136.9015682683994;189.8713664161278;263.3361782500288;365.2259113806622;506.5387032487934;702.5280792305466;974.3494403835484;1351.343611730726;1874.203936580443;2599.368780806799;3605.113577052066;4999.99999995282
0;4781275572643;20;phasez;-1.52618;-1.52714;-1.52888;-1.52982;-1.53079;-1.53164;-1.53241;-1.53314;-1.53371;-1.53435;-1.53489;-1.53539;-1.5357;-1.53577;-1.53547;-1.5347;-1.53324;-1.53092;-1.52739;-1.52222
1;4782048091914;50;absz;7.95959e+06;6.80632e+06;5.84083e+06;4.98193e+06;4.26416e+06;3.64601e+06;3.12103e+06;2.66797e+06;2.28195e+06;1.95101e+06;1.66804e+06;1.42646e+06;1.21997e+06;1.04291e+06;891612;762315;651712;557174;476297;407171;348053;297514;254310;217367;185787;158795;135721;115996;99137.3;84726.1;72411.1;61882.7;52885.6;45195.5;38623.6;33006.3;28204.8;24100.7;20592.5;17593.7;15029.4;12836.7;10961.5;9357;7984.1;6808.75;5801.65;4938.2;4197.01;3559.79
1;4782048091914;50;frequency;199.9999999213742;234.625769479635;275.2462588517801;322.8993264769997;378.802514688914;444.3841576318164;521.3198749487447;611.5753842550475;717.456725922716;841.6691823498468;987.3863981368913;1158.33146786315;1358.872060208682;1594.132014446359;1870.122253535556;2193.894364737048;2573.720768452858;3019.306079821149;3542.035062906734;4155.263512473084;4874.659497176026;5718.603679767398;6708.658946337209;7870.121340545211;9232.666380967203;10831.10727442716;12706.28439819177;14906.10877695531;17486.78621595445;20514.25336674129;24065.86241733066;28232.35745111674;33120.19296963342;38854.25382030405;45581.04601983359;53472.44000269313;62730.06193403319;73590.44528463698;86331.07429211862;101277.4737211686;118811.5260634959;139381.228686517;163512.140226203;191820.8086789974;225030.524286467;263989.7996954232;309694.0495706946;363311.0235703185;426210.642505751;499999.9999999716
1;4782048091914;50;phasez;-1.53438;-1.5353;-1.53611;-1.5365;-1.53585;-1.53714;-1.53767;-1.53795;-1.53844;-1.53924;-1.53938;-1.53979;-1.53997;-1.54043;-1.54063;-1.54086;-1.54102;-1.54128;-1.5414;-1.54146;-1.54161;-1.54167;-1.54166;-1.54161;-1.54149;-1.54126;-1.54095;-1.54056;-1.54004;-1.53939;-1.53857;-1.53758;-1.53639;-1.53497;-1.53328;-1.5313;-1.52895;-1.52617;-1.52291;-1.51906;-1.51454;-1.50921;-1.50293;-1.49553;-1.48678;-1.47642;-1.46414;-1.44953;-1.43206;-1.41107
2;4782817009555;50;absz;87301.9;78123.4;69928.3;62578.8;55999.9;50116.2;44848.8;40136.1;35916.4;32140.3;28762.5;25737.9;23031.5;20609.4;18441.9;16504.1;14769.2;13216.6;11827.3;10584.3;9471.06;8474.92;7583.72;6785.66;6071.61;5432.79;4860.76;4348.83;3890.71;3480.62;3113.68;2785.06;2491;2227.75;1992.08;1781.12;1592.23;1423.15;1271.74;1136.19;1014.86;906.189;808.942;721.883;644.116;574.646;512.7;457.708;409.113;366.585
2;4782817009555;50;frequency;20000.00000002444;22385.53853899816;25055.61678390222;28044.17375656954;31389.19662092121;35133.2035329932;39323.78408414649;44014.2042055669;49264.08322518227;55140.1516811012;61717.09952482729;69078.52549602467;77317.99973512921;86540.25314108083;96862.50859274992;108415.9709538568;121347.4948009008;135821.4510731415;152021.8163702936;170154.5114554648;190450.0186878266;213166.3116533389;238592.1342356312;267050.6708003728;298903.6541519141;334555.9634717432;374460.7706856584;419125.3006744233;469117.2785435782;525072.1459047724;587701.13789258;657800.3235824071;736260.7247225839;824079.6413975459;922373.3285811875;1032391.184709951;1155531.632626961;1293359.894754076;1447627.888434013;1620296.494325686;1813560.480908265;2029876.401899315;2271993.821195295;2542990.262224833;2846310.325953354;3185809.474764127;3565803.038745301;3991121.067296888;4467169.723268114;4999999.999999929
2;4782817009555;50;phasez;-1.5432;-1.54276;-1.54262;-1.54229;-1.54187;-1.54131;-1.54066;-1.54;-1.53942;-1.53836;-1.53741;-1.53617;-1.53474;-1.53329;-1.53157;-1.52969;-1.52747;-1.52503;-1.52236;-1.51924;-1.51579;-1.512;-1.50769;-1.50288;-1.49745;-1.49142;-1.48461;-1.47698;-1.46843;-1.45883;-1.44804;-1.43594;-1.42235;-1.40707;-1.38991;-1.37061;-1.34891;-1.3245;-1.297;-1.266;-1.231;-1.1915;-1.14682;-1.09619;-1.03864;-0.973227;-0.898595;-0.813307;-0.715615;-0.603578
3;4783134520181;20;absz;17957.1;14661.5;11966.8;9769.12;7975.1;6509.09;5312.75;4335.67;3537.61;2886.06;2353.59;1918.48;1563.28;1272.88;1035.54;841.529;683.056;553.889;449.238;365.695
3;4783134520181;20;frequency;99999.99999990905;122862.535599424;150952.0265389597;185463.4873444638;227865.1431623047;279960.8926363817;343967.05137965;422606.6409511731;519225.2346839865;637933.2888043621;783781.0140572543;962973.2274171232;1183133.324347452;1453627.601814205;1785963.729760951;2194280.323268956;2695948.443325946;3312310.615921419;4069588.809647371;4999999.999999929
3;4783134520181;20;phasez;-1.53063;-1.52742;-1.52332;-1.51821;-1.51194;-1.50414;-1.49453;-1.48258;-1.46774;-1.44939;-1.42664;-1.39843;-1.36342;-1.3199;-1.26566;-1.19784;-1.11252;-1.00451;-0.866614;-0.689251
