0;1615130022828;20;absz;1.9831e+08;1.43358e+08;1.03694e+08;7.50044e+07;5.42094e+07;3.91859e+07;2.83312e+07;2.04779e+07;1.48008e+07;1.06974e+07;7.73191e+06;5.58846e+06;4.03904e+06;2.91917e+06;2.10979e+06;1.5248e+06;1.10203e+06;796498;575697;416128
0;1615130022828;20;frequency;9.999999974752427;13.86918846435492;19.23543905490988;26.67799336109056;37.00021196095804;51.31629158938722;71.17153245417285;98.70914048804025;136.9015682683994;189.8713664161278;263.3361782500288;365.2259113806622;506.5387032487934;702.5280792305466;974.3494403835484;1351.343611730726;1874.203936580443;2599.368780806799;3605.113577052066;4999.99999995282
0;1615130022828;20;phasez;-1.55587;-1.55632;-1.55654;-1.55674;-1.55743;-1.55813;-1.55799;-1.55819;-1.55816;-1.55809;-1.55789;-1.55752;-1.55699;-1.55621;-1.55508;-1.55345;-1.55114;-1.54793;-1.54349;-1.53739
1;1615899997642;50;absz;1.0085e+07;8.58079e+06;7.34725e+06;6.25109e+06;5.3432e+06;4.55781e+06;3.89089e+06;3.32029e+06;2.83379e+06;2.41822e+06;2.06346e+06;1.76095e+06;1.50287e+06;1.28261e+06;1.09469e+06;934151;797196;680353;580649;495576;422929;360995;308086;262965;224447;191581;163533;139593;119163;101723;86837.4;74134;63292.1;54035.6;46133.9;39388.9;33629.5;28711.8;24513.1;20927.7;17864.9;15248.6;13013.2;11102.4;9468.79;8071.24;6875.07;5850.13;4970.97;4215.7
1;1615899997642;50;frequency;199.9999999213742;234.625769479635;275.2462588517801;322.8993264769997;378.802514688914;444.3841576318164;521.3198749487447;611.5753842550475;717.456725922716;841.6691823498468;987.3863981368913;1158.33146786315;1358.872060208682;1594.132014446359;1870.122253535556;2193.894364737048;2573.720768452858;3019.306079821149;3542.035062906734;4155.263512473084;4874.659497176026;5718.603679767398;6708.658946337209;7870.121340545211;9232.666380967203;10831.10727442716;12706.28439819177;14906.10877695531;17486.78621595445;20514.25336674129;24065.86241733066;28232.35745111674;33120.19296963342;38854.25382030405;45581.04601983359;53472.44000269313;62730.06193403319;73590.44528463698;86331.07429211862;101277.4737211686;118811.5260634959;139381.228686517;163512.140226203;191820.8086789974;225030.524286467;263989.7996954232;309694.0495706946;363311.0235703185;426210.642505751;499999.9999999716
1;1615899997642;50;phasez;-1.55886;-1.55746;-1.56126;-1.55959;-1.55875;-1.5585;-1.56001;-1.55871;-1.5593;-1.55897;-1.55879;-1.55896;-1.55887;-1.55864;-1.55843;-1.55832;-1.55807;-1.55781;-1.55756;-1.5572;-1.55689;-1.55645;-1.55603;-1.5555;-1.5549;-1.55423;-1.55348;-1.55262;-1.55163;-1.55052;-1.54925;-1.54783;-1.5462;-1.54433;-1.5422;-1.53977;-1.53696;-1.53373;-1.53;-1.52567;-1.52064;-1.51479;-1.50796;-1.49998;-1.49063;-1.47965;-1.46672;-1.45143;-1.43328;-1.41157
2;1616668389908;50;absz;104857;93766.7;83835;74974.1;67050.9;59950.8;53617.8;47948.9;42877.4;38344.7;34295;30669.5;27428.2;24530.8;21941.3;19624.2;17553.9;15700.4;14043.8;12562.2;11236.6;10051.9;8991.65;8043;7194.94;6436.62;5757.89;5151.05;4607.89;4122;3687.15;3298.3;2950.35;2638.9;2360.2;2110.83;1887.64;1687.9;1509.11;1349.04;1205.81;1077.65;962.92;860.303;768.662;686.89;614.074;549.524;492.625;443.013
2;1616668389908;50;frequency;20000.00000002444;22385.53853899816;25055.61678390222;28044.17375656954;31389.19662092121;35133.2035329932;39323.78408414649;44014.2042055669;49264.08322518227;55140.1516811012;61717.09952482729;69078.52549602467;77317.99973512921;86540.25314108083;96862.50859274992;108415.9709538568;121347.4948009008;135821.4510731415;152021.8163702936;170154.5114554648;190450.0186878266;213166.3116533389;238592.1342356312;267050.6708003728;298903.6541519141;334555.9634717432;374460.7706856584;419125.3006744233;469117.2785435782;525072.1459047724;587701.13789258;657800.3235824071;736260.7247225839;824079.6413975459;922373.3285811875;1032391.184709951;1155531.632626961;1293359.894754076;1447627.888434013;1620296.494325686;1813560.480908265;2029876.401899315;2271993.821195295;2542990.262224833;2846310.325953354;3185809.474764127;3565803.038745301;3991121.067296888;4467169.723268114;4999999.999999929
2;1616668389908;50;phasez;-1.55382;-1.55359;-1.55299;-1.55229;-1.55178;-1.5509;-1.55002;-1.54891;-1.54799;-1.54677;-1.54545;-1.54385;-1.5423;-1.54036;-1.53835;-1.53603;-1.53354;-1.53073;-1.52761;-1.52417;-1.52034;-1.51606;-1.51132;-1.50607;-1.50022;-1.4937;-1.48642;-1.47831;-1.46927;-1.45915;-1.44788;-1.43527;-1.42115;-1.40536;-1.38768;-1.36785;-1.34562;-1.32067;-1.29263;-1.26111;-1.22561;-1.18558;-1.14039;-1.08925;-1.0312;-0.965314;-0.89024;-0.804539;-0.706492;-0.594196
3;1616985645467;20;absz;21359.3;17426.3;14215.2;11593.4;9457.34;7715.91;6294.19;5135.22;4189.25;3417.5;2787.75;2273.36;1853.25;1510.39;1230.21;1001.36;814.532;662.497;539.574;441.933
3;1616985645467;20;frequency;99999.99999990905;122862.535599424;150952.0265389597;185463.4873444638;227865.1431623047;279960.8926363817;343967.05137965;422606.6409511731;519225.2346839865;637933.2888043621;783781.0140572543;962973.2274171232;1183133.324347452;1453627.601814205;1785963.729760951;2194280.323268956;2695948.443325946;3312310.615921419;4069588.809647371;4999999.999999929
3;1616985645467;20;phasez;-1.53732;-1.53338;-1.52862;-1.52281;-1.51579;-1.50719;-1.49673;-1.48387;-1.46813;-1.44885;-1.42517;-1.39602;-1.36002;-1.31554;-1.26033;-1.19155;-1.10527;-0.996397;-0.857709;-0.67977
