0;9384726106678;20;absz;1.36278e+08;9.93882e+07;7.24243e+07;5.27541e+07;3.84171e+07;2.79622e+07;2.03479e+07;1.48059e+07;1.07695e+07;7.83142e+06;5.69403e+06;4.13922e+06;3.00835e+06;2.18614e+06;1.5884e+06;1.15394e+06;838207;608769;442063;320958
0;9384726106678;20;frequency;9.999999974752427;13.86918846435492;19.23543905490988;26.67799336109056;37.00021196095804;51.31629158938722;71.17153245417285;98.70914048804025;136.9015682683994;189.8713664161278;263.3361782500288;365.2259113806622;506.5387032487934;702.5280792305466;974.3494403835484;1351.343611730726;1874.203936580443;2599.368780806799;3605.113577052066;4999.99999995282
0;9384726106678;20;phasez;-1.51056;-1.51414;-1.5172;-1.5197;-1.52199;-1.52382;-1.52516;-1.5266;-1.5276;-1.52858;-1.52938;-1.52993;-1.53024;-1.53026;-1.52991;-1.52907;-1.52762;-1.52528;-1.52177;-1.51662
1;9385496028650;50;absz;7.38598e+06;6.32446e+06;5.40797e+06;4.63109e+06;3.96333e+06;3.39017e+06;2.89818e+06;2.48121e+06;2.12302e+06;1.81628e+06;1.55412e+06;1.32952e+06;1.1377e+06;973173;832474;712196;609214;521154;445782;381276;326127;278932;238564;204034;174490;149223;127610;109127;93320.5;79800.1;68238.2;58349.9;49893.9;42662.2;36477.5;31189;26665.4;22796.5;19487.6;16657.6;14236.1;12164.6;10392;8874.55;7575.54;6462.86;5509.27;4691.23;3988.82;3384.74
1;9385496028650;50;frequency;199.9999999213742;234.625769479635;275.2462588517801;322.8993264769997;378.802514688914;444.3841576318164;521.3198749487447;611.5753842550475;717.456725922716;841.6691823498468;987.3863981368913;1158.33146786315;1358.872060208682;1594.132014446359;1870.122253535556;2193.894364737048;2573.720768452858;3019.306079821149;3542.035062906734;4155.263512473084;4874.659497176026;5718.603679767398;6708.658946337209;7870.121340545211;9232.666380967203;10831.10727442716;12706.28439819177;14906.10877695531;17486.78621595445;20514.25336674129;24065.86241733066;28232.35745111674;33120.19296963342;38854.25382030405;45581.04601983359;53472.44000269313;62730.06193403319;73590.44528463698;86331.07429211862;101277.4737211686;118811.5260634959;139381.228686517;163512.140226203;191820.8086789974;225030.524286467;263989.7996954232;309694.0495706946;363311.0235703185;426210.642505751;499999.9999999716
1;9385496028650;50;phasez;-1.52784;-1.5303;-1.53032;-1.53155;-1.53185;-1.53198;-1.53238;-1.53237;-1.53359;-1.53333;-1.53357;-1.53415;-1.53434;-1.53469;-1.53499;-1.53511;-1.53541;-1.53558;-1.53577;-1.53592;-1.53601;-1.53606;-1.53607;-1.53606;-1.53593;-1.53575;-1.53547;-1.5351;-1.53461;-1.53398;-1.53321;-1.53226;-1.53112;-1.52975;-1.52813;-1.52622;-1.52394;-1.52125;-1.51806;-1.51428;-1.50982;-1.50454;-1.4983;-1.4909;-1.48215;-1.47176;-1.45942;-1.44473;-1.42717;-1.40606
2;9386266573115;50;absz;82213.1;73597.2;65905.5;59000;52819.8;47297.1;42339.9;37902.3;33927.7;30370.3;27186.4;24338.9;21786.4;19503.6;17459.7;15628.7;13990.4;12523.2;11210.4;10034.6;8982.26;8039.74;7196.29;6441.16;5765.13;5159.95;4618.14;4133.03;3698.83;3310.08;2961.95;2650.3;2371.25;2121.39;1897.62;1697.28;1517.82;1357.1;1213.16;1084.21;968.715;865.231;772.564;689.57;615.386;549.067;489.914;437.34;390.86;350.129
2;9386266573115;50;frequency;20000.00000002444;22385.53853899816;25055.61678390222;28044.17375656954;31389.19662092121;35133.2035329932;39323.78408414649;44014.2042055669;49264.08322518227;55140.1516811012;61717.09952482729;69078.52549602467;77317.99973512921;86540.25314108083;96862.50859274992;108415.9709538568;121347.4948009008;135821.4510731415;152021.8163702936;170154.5114554648;190450.0186878266;213166.3116533389;238592.1342356312;267050.6708003728;298903.6541519141;334555.9634717432;374460.7706856584;419125.3006744233;469117.2785435782;525072.1459047724;587701.13789258;657800.3235824071;736260.7247225839;824079.6413975459;922373.3285811875;1032391.184709951;1155531.632626961;1293359.894754076;1447627.888434013;1620296.494325686;1813560.480908265;2029876.401899315;2271993.821195295;2542990.262224833;2846310.325953354;3185809.474764127;3565803.038745301;3991121.067296888;4467169.723268114;4999999.999999929
2;9386266573115;50;phasez;-1.53762;-1.53752;-1.53715;-1.53669;-1.53661;-1.53594;-1.53558;-1.53481;-1.53411;-1.5333;-1.53227;-1.53117;-1.52991;-1.52841;-1.52676;-1.52489;-1.5228;-1.52038;-1.51765;-1.5146;-1.51121;-1.50736;-1.50306;-1.4982;-1.49276;-1.48665;-1.47981;-1.47212;-1.46349;-1.45381;-1.44296;-1.43078;-1.41711;-1.40174;-1.38451;-1.36513;-1.34334;-1.31884;-1.29123;-1.26014;-1.22507;-1.18547;-1.14066;-1.08989;-1.03221;-0.966619;-0.89177;-0.806214;-0.70821;-0.595776
3;9386584111321;20;absz;16998.8;13888.9;11342.8;9264.26;7567.53;6179.6;5046.53;4120.51;3364.25;2746.19;2240.92;1827.86;1490.35;1214.25;988.414;803.647;652.543;529.274;429.262;349.303
3;9386584111321;20;frequency;99999.99999990905;122862.535599424;150952.0265389597;185463.4873444638;227865.1431623047;279960.8926363817;343967.05137965;422606.6409511731;519225.2346839865;637933.2888043621;783781.0140572543;962973.2274171232;1183133.324347452;1453627.601814205;1785963.729760951;2194280.323268956;2695948.443325946;3312310.615921419;4069588.809647371;4999999.999999929
3;9386584111321;20;phasez;-1.52582;-1.5227;-1.51869;-1.51365;-1.50734;-1.49947;-1.48976;-1.47771;-1.46274;-1.44426;-1.42134;-1.39298;-1.3578;-1.31412;-1.25971;-1.19168;-1.10609;-0.997763;-0.859393;-0.681385
