0;5322577857056;20;absz;1.45236e+08;1.056e+08;7.68856e+07;5.5923e+07;4.06737e+07;2.95695e+07;2.14985e+07;1.56274e+07;1.13583e+07;8.25334e+06;5.9968e+06;4.3564e+06;3.16425e+06;2.29797e+06;1.66856e+06;1.21133e+06;879249;638096;463026;335916
0;5322577857056;20;frequency;9.999999974752427;13.86918846435492;19.23543905490988;26.67799336109056;37.00021196095804;51.31629158938722;71.17153245417285;98.70914048804025;136.9015682683994;189.8713664161278;263.3361782500288;365.2259113806622;506.5387032487934;702.5280792305466;974.3494403835484;1351.343611730726;1874.203936580443;2599.368780806799;3605.113577052066;4999.99999995282
0;5322577857056;20;phasez;-1.5232;-1.52457;-1.52646;-1.52795;-1.52881;-1.53054;-1.5307;-1.53149;-1.53211;-1.5327;-1.53316;-1.53356;-1.53375;-1.53373;-1.53339;-1.53257;-1.53113;-1.52885;-1.52536;-1.52023
1;5323346049781;50;absz;7.77195e+06;6.65241e+06;5.69919e+06;4.86502e+06;4.16573e+06;3.56447e+06;3.04918e+06;2.60944e+06;2.23128e+06;1.90864e+06;1.63245e+06;1.39626e+06;1.19419e+06;1.02118e+06;873350;746799;638644;546082;466937;399221;341350;291842;249515;213313;182365;155901;133272;113927;97387.8;83248.9;71159.5;60825;51990.6;44438.9;37982;32463.1;27744.3;23710.4;20261.4;17312.5;14791.1;12634.7;10790;9211.75;7861;6704.49;5713.65;4863.98;4134.47;3507.3
1;5323346049781;50;frequency;199.9999999213742;234.625769479635;275.2462588517801;322.8993264769997;378.802514688914;444.3841576318164;521.3198749487447;611.5753842550475;717.456725922716;841.6691823498468;987.3863981368913;1158.33146786315;1358.872060208682;1594.132014446359;1870.122253535556;2193.894364737048;2573.720768452858;3019.306079821149;3542.035062906734;4155.263512473084;4874.659497176026;5718.603679767398;6708.658946337209;7870.121340545211;9232.666380967203;10831.10727442716;12706.28439819177;14906.10877695531;17486.78621595445;20514.25336674129;24065.86241733066;28232.35745111674;33120.19296963342;38854.25382030405;45581.04601983359;53472.44000269313;62730.06193403319;73590.44528463698;86331.07429211862;101277.4737211686;118811.5260634959;139381.228686517;163512.140226203;191820.8086789974;225030.524286467;263989.7996954232;309694.0495706946;363311.0235703185;426210.642505751;499999.9999999716
1;5323346049781;50;phasez;-1.53144;-1.53511;-1.53449;-1.53518;-1.53588;-1.53612;-1.53585;-1.53589;-1.53648;-1.53696;-1.53739;-1.53784;-1.53797;-1.53828;-1.53852;-1.53879;-1.53899;-1.5392;-1.53935;-1.53951;-1.53962;-1.53969;-1.53971;-1.53965;-1.53953;-1.53936;-1.53907;-1.53871;-1.53823;-1.53761;-1.53682;-1.53588;-1.53473;-1.53336;-1.53172;-1.52979;-1.52749;-1.52476;-1.52153;-1.51772;-1.51322;-1.5079;-1.50163;-1.49421;-1.48544;-1.47506;-1.46276;-1.44812;-1.43062;-1.40961
2;5324114322588;50;absz;85768.8;76773.4;68708.4;61514.7;55044.2;49268.5;44093.8;39464.2;35318.3;31612.6;28288.5;25316.8;22658.3;20277;18146.9;16240.8;14535.3;13007.8;11641.4;10418.3;9323.57;8343.32;7466.36;6681.46;5979.2;5350.33;4787.58;4283.76;3832.83;3429.26;3068;2744.54;2454.99;2195.76;1963.66;1755.96;1569.94;1403.34;1254.18;1120.61;1000.97;893.873;797.981;712.164;635.459;566.927;505.825;451.55;403.586;361.584
2;5324114322588;50;frequency;20000.00000002444;22385.53853899816;25055.61678390222;28044.17375656954;31389.19662092121;35133.2035329932;39323.78408414649;44014.2042055669;49264.08322518227;55140.1516811012;61717.09952482729;69078.52549602467;77317.99973512921;86540.25314108083;96862.50859274992;108415.9709538568;121347.4948009008;135821.4510731415;152021.8163702936;170154.5114554648;190450.0186878266;213166.3116533389;238592.1342356312;267050.6708003728;298903.6541519141;334555.9634717432;374460.7706856584;419125.3006744233;469117.2785435782;525072.1459047724;587701.13789258;657800.3235824071;736260.7247225839;824079.6413975459;922373.3285811875;1032391.184709951;1155531.632626961;1293359.894754076;1447627.888434013;1620296.494325686;1813560.480908265;2029876.401899315;2271993.821195295;2542990.262224833;2846310.325953354;3185809.474764127;3565803.038745301;3991121.067296888;4467169.723268114;4999999.999999929
2;5324114322588;50;phasez;-1.5411;-1.54092;-1.54065;-1.54057;-1.5401;-1.53962;-1.53909;-1.53864;-1.53772;-1.53692;-1.53586;-1.53467;-1.53338;-1.53189;-1.53024;-1.5282;-1.52618;-1.52373;-1.52102;-1.51796;-1.5145;-1.51068;-1.50637;-1.5015;-1.49609;-1.49002;-1.48319;-1.47555;-1.46696;-1.45736;-1.44657;-1.43445;-1.42084;-1.40557;-1.38841;-1.36909;-1.3474;-1.32298;-1.29548;-1.26448;-1.22951;-1.19;-1.14533;-1.09467;-1.03714;-0.971711;-0.897061;-0.811732;-0.714022;-0.601932
3;5324431911985;20;absz;17666.8;14427.9;11777.7;9616.11;7851.57;6409;5232.12;4270.5;3485.22;2843.85;2319.62;1891.14;1541.32;1255.21;1021.31;830.082;673.823;546.429;443.166;360.702
3;5324431911985;20;frequency;99999.99999990905;122862.535599424;150952.0265389597;185463.4873444638;227865.1431623047;279960.8926363817;343967.05137965;422606.6409511731;519225.2346839865;637933.2888043621;783781.0140572543;962973.2274171232;1183133.324347452;1453627.601814205;1785963.729760951;2194280.323268956;2695948.443325946;3312310.615921419;4069588.809647371;4999999.999999929
3;5324431911985;20;phasez;-1.52938;-1.52617;-1.52202;-1.51695;-1.51064;-1.50279;-1.49312;-1.48117;-1.4663;-1.44793;-1.42514;-1.39693;-1.36191;-1.31839;-1.26417;-1.19633;-1.11099;-1.00296;-0.865028;-0.687596
