0;5124504791233;20;absz;1.46542e+08;1.06583e+08;7.75525e+07;5.64e+07;4.10167e+07;2.98069e+07;2.16782e+07;1.57537e+07;1.14499e+07;8.3188e+06;6.04375e+06;4.39004e+06;3.18847e+06;2.31525e+06;1.68088e+06;1.22004e+06;885416;642432;466069;338071
0;5124504791233;20;frequency;9.999999974752427;13.86918846435492;19.23543905490988;26.67799336109056;37.00021196095804;51.31629158938722;71.17153245417285;98.70914048804025;136.9015682683994;189.8713664161278;263.3361782500288;365.2259113806622;506.5387032487934;702.5280792305466;974.3494403835484;1351.343611730726;1874.203936580443;2599.368780806799;3605.113577052066;4999.99999995282
0;5124504791233;20;phasez;-1.52449;-1.52623;-1.52759;-1.52853;-1.52959;-1.53055;-1.53147;-1.53211;-1.53278;-1.53333;-1.53378;-1.53416;-1.53438;-1.5344;-1.53411;-1.53336;-1.53196;-1.52967;-1.52614;-1.52096
1;5125274978366;50;absz;7.83189e+06;6.70144e+06;5.74091e+06;4.91216e+06;4.20291e+06;3.59404e+06;3.07267e+06;2.62898e+06;2.24768e+06;1.92302e+06;1.64437e+06;1.40601e+06;1.20271e+06;1.02829e+06;879371;751904;642930;549700;469992;401831;343529;293693;251073;214638;183481;156842;134074;114605;97959.8;83730.7;71568;61171.1;52283.7;44686.3;38192;32641.1;27894.9;23837.7;20369.7;17404.2;14868.8;12700.5;10845.9;9259.07;7901.17;6738.57;5742.41;4888.17;4154.89;3524.47
1;5125274978366;50;frequency;199.9999999213742;234.625769479635;275.2462588517801;322.8993264769997;378.802514688914;444.3841576318164;521.3198749487447;611.5753842550475;717.456725922716;841.6691823498468;987.3863981368913;1158.33146786315;1358.872060208682;1594.132014446359;1870.122253535556;2193.894364737048;2573.720768452858;3019.306079821149;3542.035062906734;4155.263512473084;4874.659497176026;5718.603679767398;6708.658946337209;7870.121340545211;9232.666380967203;10831.10727442716;12706.28439819177;14906.10877695531;17486.78621595445;20514.25336674129;24065.86241733066;28232.35745111674;33120.19296963342;38854.25382030405;45581.04601983359;53472.44000269313;62730.06193403319;73590.44528463698;86331.07429211862;101277.4737211686;118811.5260634959;139381.228686517;163512.140226203;191820.8086789974;225030.524286467;263989.7996954232;309694.0495706946;363311.0235703185;426210.642505751;499999.9999999716
1;5125274978366;50;phasez;-1.53497;-1.53479;-1.53633;-1.53604;-1.53612;-1.53598;-1.53763;-1.53721;-1.53712;-1.53763;-1.53819;-1.53829;-1.53877;-1.53897;-1.53939;-1.53947;-1.53974;-1.53996;-1.54018;-1.54025;-1.54037;-1.54041;-1.54037;-1.54033;-1.54022;-1.54001;-1.53971;-1.53933;-1.53882;-1.53819;-1.5374;-1.53645;-1.5353;-1.53391;-1.53226;-1.53031;-1.52799;-1.52525;-1.52201;-1.51818;-1.51367;-1.50835;-1.50207;-1.49466;-1.4859;-1.47553;-1.46324;-1.44861;-1.43113;-1.41013
2;5126042247304;50;absz;86274.5;77219.6;69120.9;61859.3;55364.8;49543.3;44340;39684.1;35517.6;31785;28446;25452.9;22779.2;20385.5;18243.3;16326.8;14610.5;13075.3;11701.4;10472;9371.29;8386.24;7504.54;6715.46;6009.34;5377.41;4811.52;4305.02;3851.76;3446.03;3082.84;2757.74;2466.66;2206.09;1972.87;1764.13;1577.14;1409.75;1259.86;1125.63;1005.47;897.859;801.524;715.314;638.25;569.411;508.029;453.523;405.357;363.184
2;5126042247304;50;frequency;20000.00000002444;22385.53853899816;25055.61678390222;28044.17375656954;31389.19662092121;35133.2035329932;39323.78408414649;44014.2042055669;49264.08322518227;55140.1516811012;61717.09952482729;69078.52549602467;77317.99973512921;86540.25314108083;96862.50859274992;108415.9709538568;121347.4948009008;135821.4510731415;152021.8163702936;170154.5114554648;190450.0186878266;213166.3116533389;238592.1342356312;267050.6708003728;298903.6541519141;334555.9634717432;374460.7706856584;419125.3006744233;469117.2785435782;525072.1459047724;587701.13789258;657800.3235824071;736260.7247225839;824079.6413975459;922373.3285811875;1032391.184709951;1155531.632626961;1293359.894754076;1447627.888434013;1620296.494325686;1813560.480908265;2029876.401899315;2271993.821195295;2542990.262224833;2846310.325953354;3185809.474764127;3565803.038745301;3991121.067296888;4467169.723268114;4999999.999999929
2;5126042247304;50;phasez;-1.54207;-1.54152;-1.54132;-1.54112;-1.54071;-1.54026;-1.53968;-1.5391;-1.53825;-1.53747;-1.53634;-1.53523;-1.53387;-1.5324;-1.53067;-1.52878;-1.52661;-1.52422;-1.52147;-1.51836;-1.51497;-1.51114;-1.5068;-1.50197;-1.49656;-1.4905;-1.4837;-1.47604;-1.46749;-1.45787;-1.4471;-1.43499;-1.4214;-1.40612;-1.38895;-1.36966;-1.34796;-1.32354;-1.29604;-1.26504;-1.23007;-1.19057;-1.14589;-1.09525;-1.03772;-0.972296;-0.89766;-0.812355;-0.714657;-0.602596
3;5126359316281;20;absz;17762.2;14505.2;11840.9;9666.51;7892.8;6442.2;5258.82;4292.07;3502.56;2857.82;2330.81;1900.17;1548.52;1261;1025.96;833.836;676.832;548.858;445.14;362.316
3;5126359316281;20;frequency;99999.99999990905;122862.535599424;150952.0265389597;185463.4873444638;227865.1431623047;279960.8926363817;343967.05137965;422606.6409511731;519225.2346839865;637933.2888043621;783781.0140572543;962973.2274171232;1183133.324347452;1453627.601814205;1785963.729760951;2194280.323268956;2695948.443325946;3312310.615921419;4069588.809647371;4999999.999999929
3;5126359316281;20;phasez;-1.52978;-1.52655;-1.5225;-1.51739;-1.51106;-1.50329;-1.49362;-1.48164;-1.46681;-1.44843;-1.42569;-1.39748;-1.36247;-1.31896;-1.26473;-1.19691;-1.11156;-1.00356;-0.865648;-0.688279
