0;443500632090;20;absz;2.51867e+08;1.82174e+08;1.31618e+08;9.52224e+07;6.88345e+07;4.97518e+07;3.60093e+07;2.60421e+07;1.88327e+07;1.36206e+07;9.85227e+06;7.12636e+06;5.15502e+06;3.72897e+06;2.69738e+06;1.95104e+06;1.41114e+06;1.02065e+06;738204;533909
0;443500632090;20;frequency;9.999999974752427;13.86918846435492;19.23543905490988;26.67799336109056;37.00021196095804;51.31629158938722;71.17153245417285;98.70914048804025;136.9015682683994;189.8713664161278;263.3361782500288;365.2259113806622;506.5387032487934;702.5280792305466;974.3494403835484;1351.343611730726;1874.203936580443;2599.368780806799;3605.113577052066;4999.99999995282
0;443500632090;20;phasez;-1.55776;-1.55622;-1.55688;-1.55624;-1.556;-1.55573;-1.55584;-1.5556;-1.55531;-1.55504;-1.55451;-1.55405;-1.55339;-1.55257;-1.55148;-1.54999;-1.54783;-1.54482;-1.54059;-1.53473
1;444268894406;50;absz;1.2846e+07;1.09596e+07;9.34622e+06;7.98764e+06;6.80906e+06;5.82478e+06;4.96791e+06;4.23959e+06;3.62202e+06;3.08999e+06;2.63994e+06;2.25233e+06;1.92281e+06;1.64183e+06;1.40146e+06;1.19647e+06;1.02141e+06;871989;744422;635586;542546;463217;395446;337597;288229;246075;210092;179374;153146;130758;111645;95327.7;81396.2;69501.7;59344.1;50672.9;43266;36941;31539.6;26925.8;22984.2;19617;16739.7;14280.4;12177.4;10378.4;8838.54;7519.23;6387.69;5415.67
1;444268894406;50;frequency;199.9999999213742;234.625769479635;275.2462588517801;322.8993264769997;378.802514688914;444.3841576318164;521.3198749487447;611.5753842550475;717.456725922716;841.6691823498468;987.3863981368913;1158.33146786315;1358.872060208682;1594.132014446359;1870.122253535556;2193.894364737048;2573.720768452858;3019.306079821149;3542.035062906734;4155.263512473084;4874.659497176026;5718.603679767398;6708.658946337209;7870.121340545211;9232.666380967203;10831.10727442716;12706.28439819177;14906.10877695531;17486.78621595445;20514.25336674129;24065.86241733066;28232.35745111674;33120.19296963342;38854.25382030405;45581.04601983359;53472.44000269313;62730.06193403319;73590.44528463698;86331.07429211862;101277.4737211686;118811.5260634959;139381.228686517;163512.140226203;191820.8086789974;225030.524286467;263989.7996954232;309694.0495706946;363311.0235703185;426210.642505751;499999.9999999716
1;444268894406;50;phasez;-1.55382;-1.55415;-1.55507;-1.55592;-1.5555;-1.55651;-1.55528;-1.55575;-1.55475;-1.55522;-1.55577;-1.55568;-1.55543;-1.55533;-1.55502;-1.55514;-1.55489;-1.55486;-1.55469;-1.55442;-1.55423;-1.55389;-1.55357;-1.55316;-1.55269;-1.55213;-1.55152;-1.55079;-1.54997;-1.54899;-1.5479;-1.54664;-1.54517;-1.54348;-1.54154;-1.5393;-1.5367;-1.53369;-1.53019;-1.52609;-1.52131;-1.51571;-1.50915;-1.50144;-1.49237;-1.48167;-1.46904;-1.45405;-1.4362;-1.41481
2;445039146407;50;absz;134774;120561;107807;96386.9;86200.6;77116.4;68954;61676.3;55158.3;49332.3;44118;39458.8;35289.7;31557.3;28227.8;25248.2;22580.6;20197.3;18065.4;16158.1;14453;12926.8;11562.1;10341.9;9250.16;8273.62;7400.26;6618.94;5919.86;5294.64;4735.31;4235.01;3787.32;3386.86;3028.51;2708.01;2421.18;2164.58;1935.02;1729.66;1545.96;1381.68;1234.76;1103.44;986.392;882.026;789.276;707.231;635.128;572.513
2;445039146407;50;frequency;20000.00000002444;22385.53853899816;25055.61678390222;28044.17375656954;31389.19662092121;35133.2035329932;39323.78408414649;44014.2042055669;49264.08322518227;55140.1516811012;61717.09952482729;69078.52549602467;77317.99973512921;86540.25314108083;96862.50859274992;108415.9709538568;121347.4948009008;135821.4510731415;152021.8163702936;170154.5114554648;190450.0186878266;213166.3116533389;238592.1342356312;267050.6708003728;298903.6541519141;334555.9634717432;374460.7706856584;419125.3006744233;469117.2785435782;525072.1459047724;587701.13789258;657800.3235824071;736260.7247225839;824079.6413975459;922373.3285811875;1032391.184709951;1155531.632626961;1293359.894754076;1447627.888434013;1620296.494325686;1813560.480908265;2029876.401899315;2271993.821195295;2542990.262224833;2846310.325953354;3185809.474764127;3565803.038745301;3991121.067296888;4467169.723268114;4999999.999999929
2;445039146407;50;phasez;-1.55277;-1.55213;-1.5517;-1.5512;-1.55078;-1.54984;-1.54924;-1.54819;-1.54729;-1.5464;-1.54533;-1.54379;-1.54218;-1.54058;-1.5387;-1.53665;-1.53426;-1.53165;-1.52866;-1.52543;-1.5218;-1.51769;-1.51318;-1.50816;-1.50248;-1.4962;-1.48912;-1.48122;-1.4724;-1.46251;-1.45147;-1.43906;-1.42518;-1.40964;-1.39218;-1.3726;-1.35062;-1.32591;-1.29813;-1.26687;-1.23164;-1.19191;-1.14703;-1.09616;-1.03849;-0.973021;-0.898401;-0.81323;-0.715845;-0.604319
3;445357158252;20;absz;27476.2;22416;18286;14916.6;12163.7;9920.03;8091.3;6598.43;5380.99;4387.87;3577.58;2916.64;2376.95;1936.4;1577.12;1283.89;1044.96;850.922;694.595;571.106
3;445357158252;20;frequency;99999.99999990905;122862.535599424;150952.0265389597;185463.4873444638;227865.1431623047;279960.8926363817;343967.05137965;422606.6409511731;519225.2346839865;637933.2888043621;783781.0140572543;962973.2274171232;1183133.324347452;1453627.601814205;1785963.729760951;2194280.323268956;2695948.443325946;3312310.615921419;4069588.809647371;4999999.999999929
3;445357158252;20;phasez;-1.53773;-1.53413;-1.52978;-1.52423;-1.51758;-1.50933;-1.49924;-1.48678;-1.47147;-1.4526;-1.42934;-1.40058;-1.36505;-1.32103;-1.26631;-1.19805;-1.11234;-1.00419;-0.866447;-0.689798
