0;281735357315;20;absz;2.77942e+08;2.00833e+08;1.45234e+08;1.05025e+08;7.58423e+07;5.48713e+07;3.9611e+07;2.86277e+07;2.06896e+07;1.49506e+07;1.08041e+07;7.80871e+06;5.64392e+06;4.07908e+06;2.94807e+06;2.13062e+06;1.53974e+06;1.11272e+06;804113;581097
0;281735357315;20;frequency;9.999999974752427;13.86918846435492;19.23543905490988;26.67799336109056;37.00021196095804;51.31629158938722;71.17153245417285;98.70914048804025;136.9015682683994;189.8713664161278;263.3361782500288;365.2259113806622;506.5387032487934;702.5280792305466;974.3494403835484;1351.343611730726;1874.203936580443;2599.368780806799;3605.113577052066;4999.99999995282
0;281735357315;20;phasez;-1.55947;-1.55948;-1.55992;-1.55956;-1.55983;-1.55973;-1.55937;-1.55951;-1.55931;-1.55896;-1.55851;-1.55804;-1.55739;-1.5566;-1.55553;-1.55401;-1.55189;-1.54889;-1.5447;-1.53884
1;282506372566;50;absz;1.40694e+07;1.20301e+07;1.02631e+07;8.75402e+06;7.48159e+06;6.37302e+06;5.43641e+06;4.64282e+06;3.95685e+06;3.37852e+06;2.88395e+06;2.46102e+06;2.09955e+06;1.79203e+06;1.52924e+06;1.30486e+06;1.11337e+06;950230;810852;691940;590501;503945;430025;366967;313157;267241;228061;194632;166098;141758;120981;103252;88121.2;75208.8;64188.8;54782.9;46753.6;39900.1;34049;29054.6;24789.6;21147.5;18037;15379.7;13108.2;11166.2;9504.63;8081.79;6862.09;5814.93
1;282506372566;50;frequency;199.9999999213742;234.625769479635;275.2462588517801;322.8993264769997;378.802514688914;444.3841576318164;521.3198749487447;611.5753842550475;717.456725922716;841.6691823498468;987.3863981368913;1158.33146786315;1358.872060208682;1594.132014446359;1870.122253535556;2193.894364737048;2573.720768452858;3019.306079821149;3542.035062906734;4155.263512473084;4874.659497176026;5718.603679767398;6708.658946337209;7870.121340545211;9232.666380967203;10831.10727442716;12706.28439819177;14906.10877695531;17486.78621595445;20514.25336674129;24065.86241733066;28232.35745111674;33120.19296963342;38854.25382030405;45581.04601983359;53472.44000269313;62730.06193403319;73590.44528463698;86331.07429211862;101277.4737211686;118811.5260634959;139381.228686517;163512.140226203;191820.8086789974;225030.524286467;263989.7996954232;309694.0495706946;363311.0235703185;426210.642505751;499999.9999999716
1;282506372566;50;phasez;-1.56049;-1.56019;-1.55802;-1.56005;-1.55924;-1.55896;-1.55904;-1.56021;-1.55963;-1.55864;-1.55912;-1.55925;-1.55948;-1.5593;-1.55927;-1.55925;-1.55908;-1.55898;-1.55876;-1.55854;-1.55832;-1.55801;-1.55772;-1.55737;-1.55692;-1.55641;-1.55582;-1.55514;-1.55433;-1.55341;-1.55233;-1.55108;-1.54965;-1.548;-1.54609;-1.54388;-1.54132;-1.53833;-1.53486;-1.53079;-1.52604;-1.52047;-1.51393;-1.50625;-1.4972;-1.48654;-1.47393;-1.45896;-1.44113;-1.41976
2;283277766911;50;absz;146152;130649;116824;104456;93378.2;83475;74619.1;66715.4;59659.4;53320.6;47679.1;42626.6;38108.6;34071.7;30465;27235.1;24355;21775.2;19469.3;17407.4;15564.8;13917;12443.9;11126.1;9948.38;8894.61;7953.19;7110.87;6357.84;5684.47;5082.22;4543.45;4061.75;3631;3245.77;2901.22;2593.12;2317.6;2071.15;1850.79;1653.76;1477.64;1320.23;1179.59;1054.26;942.643;843.49;755.834;678.883;612.145
2;283277766911;50;frequency;20000.00000002444;22385.53853899816;25055.61678390222;28044.17375656954;31389.19662092121;35133.2035329932;39323.78408414649;44014.2042055669;49264.08322518227;55140.1516811012;61717.09952482729;69078.52549602467;77317.99973512921;86540.25314108083;96862.50859274992;108415.9709538568;121347.4948009008;135821.4510731415;152021.8163702936;170154.5114554648;190450.0186878266;213166.3116533389;238592.1342356312;267050.6708003728;298903.6541519141;334555.9634717432;374460.7706856584;419125.3006744233;469117.2785435782;525072.1459047724;587701.13789258;657800.3235824071;736260.7247225839;824079.6413975459;922373.3285811875;1032391.184709951;1155531.632626961;1293359.894754076;1447627.888434013;1620296.494325686;1813560.480908265;2029876.401899315;2271993.821195295;2542990.262224833;2846310.325953354;3185809.474764127;3565803.038745301;3991121.067296888;4467169.723268114;4999999.999999929
2;283277766911;50;phasez;-1.55662;-1.55627;-1.55592;-1.55552;-1.555;-1.55455;-1.55362;-1.55286;-1.55201;-1.5508;-1.5497;-1.5483;-1.54695;-1.54529;-1.54342;-1.54126;-1.53887;-1.53636;-1.53344;-1.5302;-1.52659;-1.52254;-1.51806;-1.513;-1.50737;-1.50106;-1.494;-1.48615;-1.47734;-1.46746;-1.45643;-1.44407;-1.4302;-1.41467;-1.39722;-1.37766;-1.35568;-1.331;-1.30325;-1.27201;-1.2368;-1.1971;-1.15226;-1.10147;-1.04382;-0.978404;-0.903859;-0.818784;-0.721519;-0.610151
3;283596142682;20;absz;29650.1;24174.3;19706.3;16066.3;13096.5;10671.5;8697.73;7089.27;5777.07;4708.3;3836.14;3125.32;2545.57;2072.66;1687.07;1372.86;1116.92;909.368;742.344;610.628
3;283596142682;20;frequency;99999.99999990905;122862.535599424;150952.0265389597;185463.4873444638;227865.1431623047;279960.8926363817;343967.05137965;422606.6409511731;519225.2346839865;637933.2888043621;783781.0140572543;962973.2274171232;1183133.324347452;1453627.601814205;1785963.729760951;2194280.323268956;2695948.443325946;3312310.615921419;4069588.809647371;4999999.999999929
3;283596142682;20;phasez;-1.54253;-1.53882;-1.53441;-1.52905;-1.52234;-1.51417;-1.50408;-1.49169;-1.47639;-1.45756;-1.43433;-1.40562;-1.37012;-1.32612;-1.27145;-1.20325;-1.11763;-1.00957;-0.871986;-0.695619
