0;1659735867377;20;absz;1.9722e+08;1.42601e+08;1.03188e+08;7.46303e+07;5.39634e+07;3.90304e+07;2.82117e+07;2.039e+07;1.474e+07;1.06546e+07;7.70143e+06;5.56633e+06;4.02316e+06;2.90762e+06;2.10134e+06;1.51859e+06;1.09747e+06;793117;573222;414298
0;1659735867377;20;frequency;9.999999974752427;13.86918846435492;19.23543905490988;26.67799336109056;37.00021196095804;51.31629158938722;71.17153245417285;98.70914048804025;136.9015682683994;189.8713664161278;263.3361782500288;365.2259113806622;506.5387032487934;702.5280792305466;974.3494403835484;1351.343611730726;1874.203936580443;2599.368780806799;3605.113577052066;4999.99999995282
0;1659735867377;20;phasez;-1.55495;-1.55476;-1.55641;-1.55631;-1.55669;-1.55772;-1.55722;-1.55773;-1.5578;-1.55777;-1.55767;-1.55741;-1.55699;-1.55631;-1.55524;-1.55367;-1.55141;-1.54823;-1.54385;-1.53774
1;1660504835442;50;absz;1.00088e+07;8.55808e+06;7.30602e+06;6.23489e+06;5.32579e+06;4.53962e+06;3.8798e+06;3.3081e+06;2.82371e+06;2.40874e+06;2.05616e+06;1.75436e+06;1.49703e+06;1.27773e+06;1.09038e+06;930498;794056;677634;578302;493511;421188;359451;306776;261828;223466;190737;162803;138963;118619;101255;86436.4;73788.6;62993.3;53778.9;45914.1;39198.8;33466.1;28571.3;24392.5;20823.4;17775.2;15171;12946.1;11044.5;9418.9;8028.32;6838.07;5818.2;4943.54;4192.17
1;1660504835442;50;frequency;199.9999999213742;234.625769479635;275.2462588517801;322.8993264769997;378.802514688914;444.3841576318164;521.3198749487447;611.5753842550475;717.456725922716;841.6691823498468;987.3863981368913;1158.33146786315;1358.872060208682;1594.132014446359;1870.122253535556;2193.894364737048;2573.720768452858;3019.306079821149;3542.035062906734;4155.263512473084;4874.659497176026;5718.603679767398;6708.658946337209;7870.121340545211;9232.666380967203;10831.10727442716;12706.28439819177;14906.10877695531;17486.78621595445;20514.25336674129;24065.86241733066;28232.35745111674;33120.19296963342;38854.25382030405;45581.04601983359;53472.44000269313;62730.06193403319;73590.44528463698;86331.07429211862;101277.4737211686;118811.5260634959;139381.228686517;163512.140226203;191820.8086789974;225030.524286467;263989.7996954232;309694.0495706946;363311.0235703185;426210.642505751;499999.9999999716
1;1660504835442;50;phasez;-1.55979;-1.55794;-1.55871;-1.56034;-1.55949;-1.55956;-1.55902;-1.559;-1.55905;-1.55907;-1.55903;-1.55889;-1.55893;-1.55896;-1.55864;-1.55857;-1.55839;-1.55816;-1.5579;-1.5576;-1.55728;-1.55685;-1.55642;-1.55591;-1.55532;-1.55464;-1.55389;-1.55303;-1.55204;-1.55095;-1.54967;-1.54824;-1.54661;-1.54475;-1.54263;-1.54021;-1.53741;-1.53419;-1.53047;-1.52615;-1.52114;-1.5153;-1.50848;-1.50051;-1.49117;-1.48019;-1.46727;-1.45199;-1.43383;-1.41212
2;1661276072123;50;absz;104361;93302.5;83438;74621.6;66719.7;59659.8;53355.4;47709.6;42675.3;38163.4;34127.8;30521.4;27294.5;24408.6;21831.4;19524.6;17464.5;15620.3;13971.3;12496.7;11178;9998.99;8943.83;8000.44;7156.45;6401.5;5726.19;5122.34;4582.18;4098.94;3666.39;3279.46;2933.3;2623.58;2346.41;2098.36;1876.42;1677.76;1499.98;1340.83;1198.39;1070.96;956.922;854.874;763.816;682.525;610.142;545.961;489.398;440.061
2;1661276072123;50;frequency;20000.00000002444;22385.53853899816;25055.61678390222;28044.17375656954;31389.19662092121;35133.2035329932;39323.78408414649;44014.2042055669;49264.08322518227;55140.1516811012;61717.09952482729;69078.52549602467;77317.99973512921;86540.25314108083;96862.50859274992;108415.9709538568;121347.4948009008;135821.4510731415;152021.8163702936;170154.5114554648;190450.0186878266;213166.3116533389;238592.1342356312;267050.6708003728;298903.6541519141;334555.9634717432;374460.7706856584;419125.3006744233;469117.2785435782;525072.1459047724;587701.13789258;657800.3235824071;736260.7247225839;824079.6413975459;922373.3285811875;1032391.184709951;1155531.632626961;1293359.894754076;1447627.888434013;1620296.494325686;1813560.480908265;2029876.401899315;2271993.821195295;2542990.262224833;2846310.325953354;3185809.474764127;3565803.038745301;3991121.067296888;4467169.723268114;4999999.999999929
2;1661276072123;50;phasez;-1.55471;-1.55385;-1.55373;-1.5528;-1.55221;-1.55118;-1.55054;-1.54951;-1.54843;-1.54713;-1.54595;-1.54431;-1.54268;-1.54085;-1.53886;-1.53651;-1.53402;-1.53124;-1.52817;-1.52464;-1.52088;-1.51662;-1.51189;-1.50664;-1.50076;-1.49424;-1.48698;-1.47884;-1.46981;-1.45971;-1.44843;-1.4358;-1.42169;-1.40589;-1.38818;-1.36835;-1.3461;-1.32113;-1.29306;-1.26152;-1.22599;-1.18594;-1.14071;-1.08951;-1.03146;-0.965544;-0.890437;-0.804703;-0.706627;-0.594313
3;1661593765705;20;absz;21249.8;17333.8;14141.8;11532;9406.91;7674.29;6259.43;5106.55;4165.5;3397.88;2771.4;2259.86;1842.13;1501.21;1222.6;995.115;809.365;658.244;536.062;438.996
3;1661593765705;20;frequency;99999.99999990905;122862.535599424;150952.0265389597;185463.4873444638;227865.1431623047;279960.8926363817;343967.05137965;422606.6409511731;519225.2346839865;637933.2888043621;783781.0140572543;962973.2274171232;1183133.324347452;1453627.601814205;1785963.729760951;2194280.323268956;2695948.443325946;3312310.615921419;4069588.809647371;4999999.999999929
3;1661593765705;20;phasez;-1.53792;-1.53399;-1.52912;-1.52341;-1.51636;-1.50772;-1.49725;-1.48441;-1.4687;-1.44939;-1.4257;-1.39651;-1.3605;-1.31597;-1.26072;-1.19188;-1.10556;-0.996619;-0.857879;-0.679875
