0;6678333928920;20;absz;1.39564e+08;1.016e+08;7.40292e+07;5.39038e+07;3.92417e+07;2.85654e+07;2.07695e+07;1.51028e+07;1.09817e+07;7.9826e+06;5.80202e+06;4.21645e+06;3.06391e+06;2.22602e+06;1.61707e+06;1.17451e+06;852911;619282;449565;326293
0;6678333928920;20;frequency;9.999999974752427;13.86918846435492;19.23543905490988;26.67799336109056;37.00021196095804;51.31629158938722;71.17153245417285;98.70914048804025;136.9015682683994;189.8713664161278;263.3361782500288;365.2259113806622;506.5387032487934;702.5280792305466;974.3494403835484;1351.343611730726;1874.203936580443;2599.368780806799;3605.113577052066;4999.99999995282
0;6678333928920;20;phasez;-1.51552;-1.51877;-1.52086;-1.52286;-1.52455;-1.52654;-1.52756;-1.52872;-1.52963;-1.53048;-1.53098;-1.5314;-1.53159;-1.53155;-1.53119;-1.53037;-1.52895;-1.52669;-1.52322;-1.5181
1;6679105250828;50;absz;7.52322e+06;6.43896e+06;5.51445e+06;4.70421e+06;4.03694e+06;3.4513e+06;2.95285e+06;2.5256e+06;2.16186e+06;1.84964e+06;1.58206e+06;1.35362e+06;1.15787e+06;990362;847262;724615;619834;530095;453348;387714;331564;283532;242463;207321;177278;151582;129611;110821;94753.1;81013.4;69267.5;59222.1;50633;43289.9;37010.5;31640.2;27048.6;23121.3;19763;16890.6;14433.3;12331.2;10532.9;8993.86;7676.39;6548.1;5581.29;4751.97;4040.07;3427.84
1;6679105250828;50;frequency;199.9999999213742;234.625769479635;275.2462588517801;322.8993264769997;378.802514688914;444.3841576318164;521.3198749487447;611.5753842550475;717.456725922716;841.6691823498468;987.3863981368913;1158.33146786315;1358.872060208682;1594.132014446359;1870.122253535556;2193.894364737048;2573.720768452858;3019.306079821149;3542.035062906734;4155.263512473084;4874.659497176026;5718.603679767398;6708.658946337209;7870.121340545211;9232.666380967203;10831.10727442716;12706.28439819177;14906.10877695531;17486.78621595445;20514.25336674129;24065.86241733066;28232.35745111674;33120.19296963342;38854.25382030405;45581.04601983359;53472.44000269313;62730.06193403319;73590.44528463698;86331.07429211862;101277.4737211686;118811.5260634959;139381.228686517;163512.140226203;191820.8086789974;225030.524286467;263989.7996954232;309694.0495706946;363311.0235703185;426210.642505751;499999.9999999716
1;6679105250828;50;phasez;-1.53345;-1.53171;-1.53194;-1.53226;-1.5338;-1.53341;-1.5338;-1.53437;-1.53483;-1.53466;-1.53517;-1.5356;-1.5357;-1.53591;-1.53637;-1.53662;-1.53674;-1.53702;-1.53719;-1.53738;-1.53748;-1.53757;-1.53759;-1.53755;-1.5374;-1.5372;-1.5369;-1.5365;-1.53598;-1.53533;-1.53453;-1.53357;-1.53241;-1.53103;-1.52941;-1.52749;-1.52522;-1.52252;-1.51934;-1.51557;-1.51111;-1.50583;-1.49959;-1.49219;-1.48343;-1.47305;-1.46072;-1.44604;-1.42851;-1.40743
2;6679874983379;50;absz;83473;74731.9;66885.3;59881.2;53609.6;47988.4;42960.2;38452.6;34417.5;30808.7;27578.9;24684.7;22095.8;19777;17703;15845.8;14183.7;12695.1;11363;10170.2;9102.61;8146.74;7291.44;6525.72;5840.42;5226.88;4677.69;4186.08;3745.97;3351.89;2999.22;2683.4;2400.64;2147.49;1920.8;1717.81;1536.05;1373.27;1227.49;1096.9;979.946;875.202;781.405;697.41;622.342;555.246;495.398;442.241;395.24;354.071
2;6679874983379;50;frequency;20000.00000002444;22385.53853899816;25055.61678390222;28044.17375656954;31389.19662092121;35133.2035329932;39323.78408414649;44014.2042055669;49264.08322518227;55140.1516811012;61717.09952482729;69078.52549602467;77317.99973512921;86540.25314108083;96862.50859274992;108415.9709538568;121347.4948009008;135821.4510731415;152021.8163702936;170154.5114554648;190450.0186878266;213166.3116533389;238592.1342356312;267050.6708003728;298903.6541519141;334555.9634717432;374460.7706856584;419125.3006744233;469117.2785435782;525072.1459047724;587701.13789258;657800.3235824071;736260.7247225839;824079.6413975459;922373.3285811875;1032391.184709951;1155531.632626961;1293359.894754076;1447627.888434013;1620296.494325686;1813560.480908265;2029876.401899315;2271993.821195295;2542990.262224833;2846310.325953354;3185809.474764127;3565803.038745301;3991121.067296888;4467169.723268114;4999999.999999929
2;6679874983379;50;phasez;-1.53897;-1.53873;-1.53866;-1.53834;-1.53769;-1.53727;-1.53669;-1.53608;-1.53534;-1.53458;-1.53359;-1.53248;-1.53116;-1.52968;-1.52809;-1.52617;-1.52407;-1.52165;-1.51899;-1.51593;-1.51249;-1.50863;-1.50434;-1.49947;-1.49403;-1.48797;-1.48112;-1.47346;-1.46484;-1.45521;-1.44436;-1.43222;-1.41858;-1.40324;-1.38603;-1.36668;-1.34494;-1.32047;-1.29291;-1.26186;-1.22682;-1.18726;-1.14251;-1.09177;-1.03412;-0.968591;-0.893811;-0.808325;-0.710413;-0.59807
3;6680192888995;20;absz;17234.3;14077.7;11494.7;9386.74;7666.21;6259.41;5111;4172.53;3406.19;2780.08;2268.24;1849.76;1508.02;1228.4;999.739;812.73;659.836;535.134;433.997;353.17
3;6680192888995;20;frequency;99999.99999990905;122862.535599424;150952.0265389597;185463.4873444638;227865.1431623047;279960.8926363817;343967.05137965;422606.6409511731;519225.2346839865;637933.2888043621;783781.0140572543;962973.2274171232;1183133.324347452;1453627.601814205;1785963.729760951;2194280.323268956;2695948.443325946;3312310.615921419;4069588.809647371;4999999.999999929
3;6680192888995;20;phasez;-1.52721;-1.524;-1.52002;-1.51493;-1.50864;-1.50079;-1.4911;-1.47906;-1.46414;-1.44568;-1.42284;-1.39454;-1.35945;-1.31583;-1.26149;-1.19354;-1.10805;-0.999822;-0.861598;-0.683788
