0;3355868377633;20;absz;1.6562e+08;1.20313e+08;8.7344e+07;6.33569e+07;4.59537e+07;3.3326e+07;2.41774e+07;1.75335e+07;1.27116e+07;9.2145e+06;6.67816e+06;4.83907e+06;3.50568e+06;2.53937e+06;1.83913e+06;1.33185e+06;964390;698281;505588;366055
0;3355868377633;20;frequency;9.999999974752427;13.86918846435492;19.23543905490988;26.67799336109056;37.00021196095804;51.31629158938722;71.17153245417285;98.70914048804025;136.9015682683994;189.8713664161278;263.3361782500288;365.2259113806622;506.5387032487934;702.5280792305466;974.3494403835484;1351.343611730726;1874.203936580443;2599.368780806799;3605.113577052066;4999.99999995282
0;3355868377633;20;phasez;-1.53779;-1.53819;-1.53907;-1.54008;-1.54067;-1.54178;-1.54259;-1.54341;-1.54411;-1.54474;-1.54522;-1.54554;-1.54571;-1.54556;-1.54499;-1.5439;-1.54209;-1.53934;-1.53537;-1.52973
1;3356637263147;50;absz;8.69441e+06;7.41768e+06;6.32751e+06;5.41676e+06;4.62948e+06;3.95312e+06;3.37977e+06;2.8855e+06;2.46604e+06;2.10616e+06;1.79882e+06;1.53663e+06;1.31285e+06;1.12146e+06;957922;818289;698863;596980;509873;435529;372018;317773;271424;231849;198037;169159;144489;123420;105421;90045.8;76914.1;65696;56113.9;47927.9;40935;34962;29858.4;25498.7;21773.7;18591.1;15871.6;13547.2;11560.6;9861.78;8409.19;7166.22;6102.18;5190.4;4408.38;3736.54
1;3356637263147;50;frequency;199.9999999213742;234.625769479635;275.2462588517801;322.8993264769997;378.802514688914;444.3841576318164;521.3198749487447;611.5753842550475;717.456725922716;841.6691823498468;987.3863981368913;1158.33146786315;1358.872060208682;1594.132014446359;1870.122253535556;2193.894364737048;2573.720768452858;3019.306079821149;3542.035062906734;4155.263512473084;4874.659497176026;5718.603679767398;6708.658946337209;7870.121340545211;9232.666380967203;10831.10727442716;12706.28439819177;14906.10877695531;17486.78621595445;20514.25336674129;24065.86241733066;28232.35745111674;33120.19296963342;38854.25382030405;45581.04601983359;53472.44000269313;62730.06193403319;73590.44528463698;86331.07429211862;101277.4737211686;118811.5260634959;139381.228686517;163512.140226203;191820.8086789974;225030.524286467;263989.7996954232;309694.0495706946;363311.0235703185;426210.642505751;499999.9999999716
1;3356637263147;50;phasez;-1.54259;-1.54643;-1.54459;-1.54633;-1.54763;-1.54856;-1.54822;-1.54807;-1.5482;-1.54858;-1.54897;-1.5491;-1.54923;-1.54948;-1.54942;-1.54951;-1.54946;-1.54943;-1.54939;-1.54934;-1.54914;-1.54896;-1.54878;-1.54853;-1.5482;-1.54783;-1.54737;-1.54684;-1.54619;-1.54546;-1.54457;-1.54353;-1.54231;-1.54088;-1.5392;-1.53724;-1.53492;-1.53219;-1.52898;-1.52518;-1.52071;-1.51542;-1.50917;-1.50178;-1.49303;-1.48266;-1.47034;-1.45568;-1.43814;-1.41705
2;3357408419388;50;absz;92788.5;83007.4;74257.1;66420.2;59424.7;53160.5;47548.3;42542.8;38051.4;34037.1;30445.2;27230.8;24358.8;21789.2;19490.2;17434;15594.7;13947.9;12476.3;11158.8;9981.32;8927.13;7984.41;7140.69;6386.37;5711.49;5107.88;4567.78;4084.63;3652.42;3265.72;2919.78;2610.29;2333.4;2085.67;1864.04;1665.75;1488.29;1329.53;1187.47;1060.35;946.582;844.815;753.806;672.537;600.002;535.382;478.047;427.45;383.211
2;3357408419388;50;frequency;20000.00000002444;22385.53853899816;25055.61678390222;28044.17375656954;31389.19662092121;35133.2035329932;39323.78408414649;44014.2042055669;49264.08322518227;55140.1516811012;61717.09952482729;69078.52549602467;77317.99973512921;86540.25314108083;96862.50859274992;108415.9709538568;121347.4948009008;135821.4510731415;152021.8163702936;170154.5114554648;190450.0186878266;213166.3116533389;238592.1342356312;267050.6708003728;298903.6541519141;334555.9634717432;374460.7706856584;419125.3006744233;469117.2785435782;525072.1459047724;587701.13789258;657800.3235824071;736260.7247225839;824079.6413975459;922373.3285811875;1032391.184709951;1155531.632626961;1293359.894754076;1447627.888434013;1620296.494325686;1813560.480908265;2029876.401899315;2271993.821195295;2542990.262224833;2846310.325953354;3185809.474764127;3565803.038745301;3991121.067296888;4467169.723268114;4999999.999999929
2;3357408419388;50;phasez;-1.54927;-1.54893;-1.5484;-1.5482;-1.54755;-1.54717;-1.5466;-1.54595;-1.54514;-1.54439;-1.54329;-1.54219;-1.54081;-1.53929;-1.53774;-1.53577;-1.53364;-1.53124;-1.52856;-1.52551;-1.52211;-1.51824;-1.51394;-1.50908;-1.50368;-1.49759;-1.49076;-1.48307;-1.47445;-1.46478;-1.45391;-1.44172;-1.42802;-1.41263;-1.39533;-1.37589;-1.35405;-1.32945;-1.30178;-1.2706;-1.23543;-1.19572;-1.15083;-1.09995;-1.04223;-0.976608;-0.901771;-0.816279;-0.718411;-0.606228
3;3357724791761;20;absz;18969.6;15477.3;12625.9;10296.4;8398.18;6848.42;5584.28;4553.44;3711.9;3025.66;2465.4;2008.19;1635.13;1330.56;1081.87;878.826;713.139;578.3;469.194;382.258
3;3357724791761;20;frequency;99999.99999990905;122862.535599424;150952.0265389597;185463.4873444638;227865.1431623047;279960.8926363817;343967.05137965;422606.6409511731;519225.2346839865;637933.2888043621;783781.0140572543;962973.2274171232;1183133.324347452;1453627.601814205;1785963.729760951;2194280.323268956;2695948.443325946;3312310.615921419;4069588.809647371;4999999.999999929
3;3357724791761;20;phasez;-1.53676;-1.53359;-1.52946;-1.5245;-1.51818;-1.51042;-1.50068;-1.48866;-1.47371;-1.45521;-1.43225;-1.40383;-1.36852;-1.32468;-1.27011;-1.20191;-1.11617;-1.0078;-0.86953;-0.691873
