0;206423647435;20;absz;2.99828e+08;2.16422e+08;1.5624e+08;1.12924e+08;8.15237e+07;5.8873e+07;4.25076e+07;3.06998e+07;2.21683e+07;1.6008e+07;1.15595e+07;8.34729e+06;6.02808e+06;4.35327e+06;3.14361e+06;2.27009e+06;1.6393e+06;1.18378e+06;854786;617224
0;206423647435;20;frequency;9.999999974752427;13.86918846435492;19.23543905490988;26.67799336109056;37.00021196095804;51.31629158938722;71.17153245417285;98.70914048804025;136.9015682683994;189.8713664161278;263.3361782500288;365.2259113806622;506.5387032487934;702.5280792305466;974.3494403835484;1351.343611730726;1874.203936580443;2599.368780806799;3605.113577052066;4999.99999995282
0;206423647435;20;phasez;-1.56486;-1.56294;-1.56307;-1.56324;-1.56321;-1.56222;-1.56309;-1.56291;-1.56274;-1.56255;-1.56219;-1.56181;-1.56121;-1.56043;-1.55932;-1.55777;-1.55563;-1.55263;-1.54844;-1.5426
1;207193523029;50;absz;1.51191e+07;1.28587e+07;1.09441e+07;9.36983e+06;7.9734e+06;6.80507e+06;5.80475e+06;4.9501e+06;4.22695e+06;3.60489e+06;3.07502e+06;2.62293e+06;2.23816e+06;1.90862e+06;1.62778e+06;1.38848e+06;1.18453e+06;1.01048e+06;861916;735283;627179;535017;456406;389317;332107;283314;241680;206174;175887;150048;128011;109209;93170.7;79486.3;67812.5;57852.9;49354.9;42103.7;35915.7;30634.7;26127.5;22280;18995.4;16190.1;13793.7;11745.3;9993.61;8494.15;7209.41;6106.9
1;207193523029;50;frequency;199.9999999213742;234.625769479635;275.2462588517801;322.8993264769997;378.802514688914;444.3841576318164;521.3198749487447;611.5753842550475;717.456725922716;841.6691823498468;987.3863981368913;1158.33146786315;1358.872060208682;1594.132014446359;1870.122253535556;2193.894364737048;2573.720768452858;3019.306079821149;3542.035062906734;4155.263512473084;4874.659497176026;5718.603679767398;6708.658946337209;7870.121340545211;9232.666380967203;10831.10727442716;12706.28439819177;14906.10877695531;17486.78621595445;20514.25336674129;24065.86241733066;28232.35745111674;33120.19296963342;38854.25382030405;45581.04601983359;53472.44000269313;62730.06193403319;73590.44528463698;86331.07429211862;101277.4737211686;118811.5260634959;139381.228686517;163512.140226203;191820.8086789974;225030.524286467;263989.7996954232;309694.0495706946;363311.0235703185;426210.642505751;499999.9999999716
1;207193523029;50;phasez;-1.56551;-1.56267;-1.56163;-1.56247;-1.56483;-1.56303;-1.56312;-1.56425;-1.56363;-1.5633;-1.56277;-1.56314;-1.56333;-1.56303;-1.56301;-1.56274;-1.56276;-1.56263;-1.56252;-1.56233;-1.56206;-1.5618;-1.56144;-1.56111;-1.56063;-1.56016;-1.55955;-1.55885;-1.55805;-1.55713;-1.55605;-1.55483;-1.55341;-1.55177;-1.54987;-1.54767;-1.54512;-1.54214;-1.53867;-1.53462;-1.52988;-1.52432;-1.51779;-1.51011;-1.50107;-1.49041;-1.4778;-1.46284;-1.44501;-1.42363
2;207961725392;50;absz;154714;138256;123583;110478;98751.7;88243.5;78863;70481.9;62998.8;56312.3;50336.6;44984.6;40207.2;35940.9;32126.5;28713;25662.8;22940.1;20506.7;18328.9;16383.9;14645.1;13092.1;11701.7;10460.4;9349.99;8357.78;7470.51;6677.57;5968.45;5334.61;4767.93;4261.38;3808.4;3403.43;3041.42;2717.71;2428.32;2169.5;1938.25;1731.54;1546.79;1381.72;1234.33;1103.06;986.144;882.356;790.653;710.213;640.504
2;207961725392;50;frequency;20000.00000002444;22385.53853899816;25055.61678390222;28044.17375656954;31389.19662092121;35133.2035329932;39323.78408414649;44014.2042055669;49264.08322518227;55140.1516811012;61717.09952482729;69078.52549602467;77317.99973512921;86540.25314108083;96862.50859274992;108415.9709538568;121347.4948009008;135821.4510731415;152021.8163702936;170154.5114554648;190450.0186878266;213166.3116533389;238592.1342356312;267050.6708003728;298903.6541519141;334555.9634717432;374460.7706856584;419125.3006744233;469117.2785435782;525072.1459047724;587701.13789258;657800.3235824071;736260.7247225839;824079.6413975459;922373.3285811875;1032391.184709951;1155531.632626961;1293359.894754076;1447627.888434013;1620296.494325686;1813560.480908265;2029876.401899315;2271993.821195295;2542990.262224833;2846310.325953354;3185809.474764127;3565803.038745301;3991121.067296888;4467169.723268114;4999999.999999929
2;207961725392;50;phasez;-1.56048;-1.56048;-1.55999;-1.55922;-1.55866;-1.55804;-1.55741;-1.55649;-1.55556;-1.55472;-1.55357;-1.55229;-1.55068;-1.54907;-1.54714;-1.5451;-1.54284;-1.5402;-1.53733;-1.5341;-1.53043;-1.52638;-1.52186;-1.51682;-1.51121;-1.50492;-1.49788;-1.49002;-1.4812;-1.47135;-1.46029;-1.44793;-1.43407;-1.41854;-1.40111;-1.38156;-1.35959;-1.33492;-1.30717;-1.27593;-1.24074;-1.20105;-1.15621;-1.10544;-1.04781;-0.982434;-0.907932;-0.8229;-0.725709;-0.614426
3;208280450411;20;absz;31254.8;25468.8;20752.7;16910.5;13776.6;11220.4;9140.87;7447;6065.19;4940.52;4023.46;3276.39;2667.36;2170.8;1766.17;1436.73;1168.51;951.228;776.487;638.864
3;208280450411;20;frequency;99999.99999990905;122862.535599424;150952.0265389597;185463.4873444638;227865.1431623047;279960.8926363817;343967.05137965;422606.6409511731;519225.2346839865;637933.2888043621;783781.0140572543;962973.2274171232;1183133.324347452;1453627.601814205;1785963.729760951;2194280.323268956;2695948.443325946;3312310.615921419;4069588.809647371;4999999.999999929
3;208280450411;20;phasez;-1.54605;-1.54249;-1.53828;-1.53286;-1.52617;-1.51805;-1.50797;-1.49552;-1.48027;-1.46143;-1.4382;-1.40949;-1.374;-1.33002;-1.27537;-1.2072;-1.12158;-1.01361;-0.876108;-0.69988
