0;8187803434445;20;absz;1.36915e+08;9.98843e+07;7.28084e+07;5.30238e+07;3.86112e+07;2.81129e+07;2.04477e+07;1.4874e+07;1.0816e+07;7.86517e+06;5.71781e+06;4.15606e+06;3.02049e+06;2.19489e+06;1.59472e+06;1.15852e+06;841486;611123;443746;322155
0;8187803434445;20;frequency;9.999999974752427;13.86918846435492;19.23543905490988;26.67799336109056;37.00021196095804;51.31629158938722;71.17153245417285;98.70914048804025;136.9015682683994;189.8713664161278;263.3361782500288;365.2259113806622;506.5387032487934;702.5280792305466;974.3494403835484;1351.343611730726;1874.203936580443;2599.368780806799;3605.113577052066;4999.99999995282
0;8187803434445;20;phasez;-1.51175;-1.51516;-1.51779;-1.52012;-1.52215;-1.52383;-1.5258;-1.527;-1.52823;-1.52913;-1.52982;-1.53028;-1.53056;-1.53054;-1.53016;-1.52931;-1.52786;-1.52555;-1.52206;-1.51693
1;8188571827898;50;absz;7.429e+06;6.34111e+06;5.4236e+06;4.65139e+06;3.97614e+06;3.40411e+06;2.91187e+06;2.49068e+06;2.13144e+06;1.82336e+06;1.56065e+06;1.33498e+06;1.14188e+06;977066;835828;715014;611610;523170;447470;382739;327357;279975;239446;204772;175121;149757;128069;109513;93646.9;80078.6;68473.7;58550;50063.5;42806.2;36600.5;31293.3;26753.7;22871.6;19551;16710.8;14281.3;12202.5;10423.9;8901.56;7598.22;6482.01;5525.39;4704.78;4000.19;3394.25
1;8188571827898;50;frequency;199.9999999213742;234.625769479635;275.2462588517801;322.8993264769997;378.802514688914;444.3841576318164;521.3198749487447;611.5753842550475;717.456725922716;841.6691823498468;987.3863981368913;1158.33146786315;1358.872060208682;1594.132014446359;1870.122253535556;2193.894364737048;2573.720768452858;3019.306079821149;3542.035062906734;4155.263512473084;4874.659497176026;5718.603679767398;6708.658946337209;7870.121340545211;9232.666380967203;10831.10727442716;12706.28439819177;14906.10877695531;17486.78621595445;20514.25336674129;24065.86241733066;28232.35745111674;33120.19296963342;38854.25382030405;45581.04601983359;53472.44000269313;62730.06193403319;73590.44528463698;86331.07429211862;101277.4737211686;118811.5260634959;139381.228686517;163512.140226203;191820.8086789974;225030.524286467;263989.7996954232;309694.0495706946;363311.0235703185;426210.642505751;499999.9999999716
1;8188571827898;50;phasez;-1.53125;-1.52949;-1.53145;-1.53157;-1.53231;-1.53255;-1.53267;-1.53323;-1.53343;-1.53417;-1.53407;-1.53418;-1.53465;-1.53481;-1.53533;-1.53549;-1.53564;-1.53591;-1.53605;-1.53621;-1.53631;-1.53639;-1.53638;-1.53636;-1.53624;-1.53605;-1.53576;-1.53538;-1.53489;-1.53425;-1.53347;-1.53253;-1.53139;-1.53003;-1.52841;-1.52651;-1.52424;-1.52156;-1.51838;-1.51461;-1.51016;-1.50488;-1.49864;-1.49125;-1.4825;-1.47211;-1.45977;-1.44508;-1.42752;-1.40642
2;8189340269248;50;absz;82454.8;73837.3;66107.6;59173.9;52986.8;47442.7;42465.7;38019.5;34030.9;30466.8;27271.9;24413.2;21852.1;19562.6;17511.5;15675.4;14031.6;12560;11242.7;10063.4;9007.85;8062.52;7216.35;6458.93;5780.9;5174;4630.66;4144.13;3708.61;3318.76;2969.73;2657.17;2377.35;2126.84;1902.45;1701.53;1521.61;1360.45;1216.11;1086.82;970.998;867.28;774.369;691.19;616.809;550.338;491.048;438.359;391.772;350.946
2;8189340269248;50;frequency;20000.00000002444;22385.53853899816;25055.61678390222;28044.17375656954;31389.19662092121;35133.2035329932;39323.78408414649;44014.2042055669;49264.08322518227;55140.1516811012;61717.09952482729;69078.52549602467;77317.99973512921;86540.25314108083;96862.50859274992;108415.9709538568;121347.4948009008;135821.4510731415;152021.8163702936;170154.5114554648;190450.0186878266;213166.3116533389;238592.1342356312;267050.6708003728;298903.6541519141;334555.9634717432;374460.7706856584;419125.3006744233;469117.2785435782;525072.1459047724;587701.13789258;657800.3235824071;736260.7247225839;824079.6413975459;922373.3285811875;1032391.184709951;1155531.632626961;1293359.894754076;1447627.888434013;1620296.494325686;1813560.480908265;2029876.401899315;2271993.821195295;2542990.262224833;2846310.325953354;3185809.474764127;3565803.038745301;3991121.067296888;4467169.723268114;4999999.999999929
2;8189340269248;50;phasez;-1.53814;-1.53754;-1.53722;-1.53716;-1.53667;-1.53631;-1.53585;-1.5352;-1.53452;-1.53361;-1.53254;-1.53147;-1.53028;-1.52878;-1.52711;-1.52522;-1.5231;-1.52073;-1.51797;-1.51498;-1.51156;-1.50768;-1.50338;-1.49852;-1.4931;-1.48697;-1.48014;-1.47247;-1.46385;-1.45417;-1.44333;-1.43114;-1.41747;-1.40212;-1.38487;-1.36551;-1.34373;-1.31923;-1.29164;-1.26056;-1.22549;-1.18588;-1.14109;-1.09032;-1.03265;-0.967054;-0.892216;-0.80666;-0.708674;-0.596243
3;8189659396884;20;absz;17044;13925.8;11373.1;9289.17;7586.84;6195.17;5059.13;4130.91;3372.52;2752.83;2246.27;1832.18;1493.86;1217.04;990.633;805.411;653.968;530.415;430.186;350.057
3;8189659396884;20;frequency;99999.99999990905;122862.535599424;150952.0265389597;185463.4873444638;227865.1431623047;279960.8926363817;343967.05137965;422606.6409511731;519225.2346839865;637933.2888043621;783781.0140572543;962973.2274171232;1183133.324347452;1453627.601814205;1785963.729760951;2194280.323268956;2695948.443325946;3312310.615921419;4069588.809647371;4999999.999999929
3;8189659396884;20;phasez;-1.5263;-1.52299;-1.51901;-1.51394;-1.50766;-1.49985;-1.49011;-1.47805;-1.46311;-1.44461;-1.42171;-1.39337;-1.35821;-1.31454;-1.26014;-1.19212;-1.10655;-0.998222;-0.859875;-0.681863
