0;1684843991737;20;absz;1.96582e+08;1.42171e+08;1.02896e+08;7.44052e+07;5.38216e+07;3.89288e+07;2.81386e+07;2.03392e+07;1.4705e+07;1.06293e+07;7.68314e+06;5.55363e+06;4.01422e+06;2.90127e+06;2.09678e+06;1.51535e+06;1.09515e+06;791480;572025;413428
0;1684843991737;20;frequency;9.999999974752427;13.86918846435492;19.23543905490988;26.67799336109056;37.00021196095804;51.31629158938722;71.17153245417285;98.70914048804025;136.9015682683994;189.8713664161278;263.3361782500288;365.2259113806622;506.5387032487934;702.5280792305466;974.3494403835484;1351.343611730726;1874.203936580443;2599.368780806799;3605.113577052066;4999.99999995282
0;1684843991737;20;phasez;-1.55453;-1.5549;-1.55592;-1.55559;-1.55613;-1.55622;-1.5571;-1.55736;-1.55759;-1.55751;-1.55743;-1.55723;-1.55681;-1.55616;-1.55513;-1.55358;-1.55134;-1.54822;-1.54386;-1.53782
1;1685615238194;50;absz;1.00146e+07;8.52992e+06;7.28528e+06;6.21315e+06;5.31162e+06;4.5346e+06;3.86646e+06;3.30075e+06;2.81706e+06;2.40379e+06;2.0512e+06;1.75059e+06;1.49372e+06;1.27476e+06;1.08771e+06;928340;792231;676109;576987;492369;420203;358623;306066;261221;222954;190290;162419;138631;118337;101013;86229.5;73610.1;62839.1;53646.7;45799.7;39100.3;33381.3;28498;24328.8;20768.2;17727.4;15129.7;12910.6;11013.8;9392.5;8005.49;6818.24;5801.19;4928.91;4179.65
1;1685615238194;50;frequency;199.9999999213742;234.625769479635;275.2462588517801;322.8993264769997;378.802514688914;444.3841576318164;521.3198749487447;611.5753842550475;717.456725922716;841.6691823498468;987.3863981368913;1158.33146786315;1358.872060208682;1594.132014446359;1870.122253535556;2193.894364737048;2573.720768452858;3019.306079821149;3542.035062906734;4155.263512473084;4874.659497176026;5718.603679767398;6708.658946337209;7870.121340545211;9232.666380967203;10831.10727442716;12706.28439819177;14906.10877695531;17486.78621595445;20514.25336674129;24065.86241733066;28232.35745111674;33120.19296963342;38854.25382030405;45581.04601983359;53472.44000269313;62730.06193403319;73590.44528463698;86331.07429211862;101277.4737211686;118811.5260634959;139381.228686517;163512.140226203;191820.8086789974;225030.524286467;263989.7996954232;309694.0495706946;363311.0235703185;426210.642505751;499999.9999999716
1;1685615238194;50;phasez;-1.5622;-1.55804;-1.55921;-1.55887;-1.56007;-1.55915;-1.55939;-1.55898;-1.55865;-1.55861;-1.5588;-1.55909;-1.55901;-1.55906;-1.55863;-1.55854;-1.55842;-1.55819;-1.55794;-1.55765;-1.5573;-1.55693;-1.55652;-1.55599;-1.55542;-1.55475;-1.55401;-1.55317;-1.5522;-1.5511;-1.54985;-1.54843;-1.54682;-1.54498;-1.54287;-1.54046;-1.53768;-1.53447;-1.53076;-1.52646;-1.52145;-1.51563;-1.50882;-1.50086;-1.49154;-1.48057;-1.46766;-1.45238;-1.43424;-1.41255
2;1686386285061;50;absz;104099;93117.2;83251.5;74435.1;66570.5;59525.5;53228.2;47604.2;42565.4;38064.4;34039.8;30440.6;27224.8;24346.1;21773.9;19475.5;17418.6;15577.2;13933.6;12463;11147.2;9971.16;8919.08;7977.88;7135.93;6383.09;5709.73;5107.29;4568.57;4086.49;3655.18;3269.43;2924.21;2615.34;2338.91;2091.63;1870.31;1672.25;1494.99;1336.32;1194.32;1067.25;953.544;851.857;761.047;680.006;607.846;543.87;487.482;438.307
2;1686386285061;50;frequency;20000.00000002444;22385.53853899816;25055.61678390222;28044.17375656954;31389.19662092121;35133.2035329932;39323.78408414649;44014.2042055669;49264.08322518227;55140.1516811012;61717.09952482729;69078.52549602467;77317.99973512921;86540.25314108083;96862.50859274992;108415.9709538568;121347.4948009008;135821.4510731415;152021.8163702936;170154.5114554648;190450.0186878266;213166.3116533389;238592.1342356312;267050.6708003728;298903.6541519141;334555.9634717432;374460.7706856584;419125.3006744233;469117.2785435782;525072.1459047724;587701.13789258;657800.3235824071;736260.7247225839;824079.6413975459;922373.3285811875;1032391.184709951;1155531.632626961;1293359.894754076;1447627.888434013;1620296.494325686;1813560.480908265;2029876.401899315;2271993.821195295;2542990.262224833;2846310.325953354;3185809.474764127;3565803.038745301;3991121.067296888;4467169.723268114;4999999.999999929
2;1686386285061;50;phasez;-1.5547;-1.55415;-1.55376;-1.55295;-1.55241;-1.55149;-1.55058;-1.54986;-1.54863;-1.54749;-1.54605;-1.5446;-1.54307;-1.54113;-1.53918;-1.53688;-1.53432;-1.53158;-1.52845;-1.52501;-1.52121;-1.51695;-1.51227;-1.50701;-1.50116;-1.49464;-1.48741;-1.47927;-1.47023;-1.46015;-1.44886;-1.43624;-1.42213;-1.40634;-1.38864;-1.36881;-1.34657;-1.32161;-1.29356;-1.26202;-1.2265;-1.18645;-1.14123;-1.09007;-1.03199;-0.966066;-0.890953;-0.805227;-0.707136;-0.594779
3;1686702667481;20;absz;21196.2;17290.4;14102.9;11500;9380.79;7652.15;6241.41;5091.35;4152.87;3387.46;2762.81;2252.63;1836.09;1496.19;1218.43;991.623;806.453;655.799;533.989;437.216
3;1686702667481;20;frequency;99999.99999990905;122862.535599424;150952.0265389597;185463.4873444638;227865.1431623047;279960.8926363817;343967.05137965;422606.6409511731;519225.2346839865;637933.2888043621;783781.0140572543;962973.2274171232;1183133.324347452;1453627.601814205;1785963.729760951;2194280.323268956;2695948.443325946;3312310.615921419;4069588.809647371;4999999.999999929
3;1686702667481;20;phasez;-1.53826;-1.53424;-1.52952;-1.52373;-1.5167;-1.5081;-1.49765;-1.48485;-1.46911;-1.44984;-1.42615;-1.39698;-1.36098;-1.31646;-1.26123;-1.1924;-1.10606;-0.997138;-0.858393;-0.680379
