0;471421814227;20;absz;2.49043e+08;1.79669e+08;1.30153e+08;9.40608e+07;6.80297e+07;4.9268e+07;3.55941e+07;2.57447e+07;1.86211e+07;1.34682e+07;9.74229e+06;7.04687e+06;5.09801e+06;3.68784e+06;2.66776e+06;1.92975e+06;1.39583e+06;1.00965e+06;730304;528250
0;471421814227;20;frequency;9.999999974752427;13.86918846435492;19.23543905490988;26.67799336109056;37.00021196095804;51.31629158938722;71.17153245417285;98.70914048804025;136.9015682683994;189.8713664161278;263.3361782500288;365.2259113806622;506.5387032487934;702.5280792305466;974.3494403835484;1351.343611730726;1874.203936580443;2599.368780806799;3605.113577052066;4999.99999995282
0;471421814227;20;phasez;-1.55518;-1.55624;-1.55642;-1.55563;-1.55581;-1.55647;-1.5556;-1.55534;-1.55499;-1.55472;-1.55421;-1.5537;-1.55307;-1.55227;-1.55117;-1.54964;-1.54747;-1.54443;-1.54019;-1.53428
1;472190645459;50;absz;1.27347e+07;1.0803e+07;9.23223e+06;7.89879e+06;6.74341e+06;5.74337e+06;4.9088e+06;4.19225e+06;3.57953e+06;3.05655e+06;2.60995e+06;2.22749e+06;1.90193e+06;1.62417e+06;1.38638e+06;1.18355e+06;1.01049e+06;862626;736522;628794;536833;458294;391296;334077;285232;243526;207921;177529;151580;129427;110514;94366.3;80581;68808.4;58757.1;50173.2;42843.1;36582.3;31235;26667;22764.7;19431;16582;14146.3;12063.7;10282;8756.76;7449.88;6329.11;5366.38
1;472190645459;50;frequency;199.9999999213742;234.625769479635;275.2462588517801;322.8993264769997;378.802514688914;444.3841576318164;521.3198749487447;611.5753842550475;717.456725922716;841.6691823498468;987.3863981368913;1158.33146786315;1358.872060208682;1594.132014446359;1870.122253535556;2193.894364737048;2573.720768452858;3019.306079821149;3542.035062906734;4155.263512473084;4874.659497176026;5718.603679767398;6708.658946337209;7870.121340545211;9232.666380967203;10831.10727442716;12706.28439819177;14906.10877695531;17486.78621595445;20514.25336674129;24065.86241733066;28232.35745111674;33120.19296963342;38854.25382030405;45581.04601983359;53472.44000269313;62730.06193403319;73590.44528463698;86331.07429211862;101277.4737211686;118811.5260634959;139381.228686517;163512.140226203;191820.8086789974;225030.524286467;263989.7996954232;309694.0495706946;363311.0235703185;426210.642505751;499999.9999999716
1;472190645459;50;phasez;-1.5569;-1.55652;-1.5543;-1.55363;-1.55463;-1.55539;-1.55605;-1.5552;-1.55515;-1.55523;-1.55497;-1.55523;-1.55532;-1.55493;-1.55476;-1.55475;-1.55457;-1.55447;-1.55427;-1.55403;-1.55379;-1.55349;-1.55312;-1.55269;-1.55221;-1.55166;-1.55105;-1.55031;-1.54948;-1.54849;-1.54739;-1.54611;-1.54463;-1.54294;-1.541;-1.53876;-1.53617;-1.53316;-1.52965;-1.52556;-1.52079;-1.5152;-1.50864;-1.50093;-1.49186;-1.48117;-1.46853;-1.45354;-1.43568;-1.41427
2;472961830374;50;absz;133439;119301;106717;95415.8;85358.3;76334.2;68253.2;61063.4;54617.7;48848.1;43685.6;39072.9;34947.6;31255.3;27955.4;25005.8;22363.7;20004.6;17894.1;16005.1;14316.5;12805.6;11454.1;10245.8;9164.37;8197.2;7331.91;6558.09;5865.7;5246.49;4692.44;4196.73;3753.28;3356.5;3001.54;2683.89;2399.77;2145.55;1918.06;1714.57;1532.53;1369.71;1224.14;1093.94;977.935;874.48;782.513;701.175;629.677;567.6
2;472961830374;50;frequency;20000.00000002444;22385.53853899816;25055.61678390222;28044.17375656954;31389.19662092121;35133.2035329932;39323.78408414649;44014.2042055669;49264.08322518227;55140.1516811012;61717.09952482729;69078.52549602467;77317.99973512921;86540.25314108083;96862.50859274992;108415.9709538568;121347.4948009008;135821.4510731415;152021.8163702936;170154.5114554648;190450.0186878266;213166.3116533389;238592.1342356312;267050.6708003728;298903.6541519141;334555.9634717432;374460.7706856584;419125.3006744233;469117.2785435782;525072.1459047724;587701.13789258;657800.3235824071;736260.7247225839;824079.6413975459;922373.3285811875;1032391.184709951;1155531.632626961;1293359.894754076;1447627.888434013;1620296.494325686;1813560.480908265;2029876.401899315;2271993.821195295;2542990.262224833;2846310.325953354;3185809.474764127;3565803.038745301;3991121.067296888;4467169.723268114;4999999.999999929
2;472961830374;50;phasez;-1.55214;-1.55206;-1.5512;-1.55044;-1.55014;-1.54934;-1.54853;-1.5478;-1.54679;-1.54577;-1.54465;-1.54327;-1.54166;-1.54011;-1.53814;-1.53609;-1.53365;-1.53112;-1.52814;-1.52491;-1.52127;-1.5172;-1.51267;-1.50759;-1.50196;-1.49565;-1.4886;-1.4807;-1.47185;-1.46198;-1.45093;-1.43852;-1.42465;-1.40906;-1.3916;-1.37203;-1.35002;-1.3253;-1.29752;-1.26624;-1.23101;-1.19126;-1.14637;-1.09555;-1.03786;-0.972357;-0.897722;-0.812543;-0.715135;-0.603593
3;473281257289;20;absz;27215.3;22201.5;18114.5;14776.4;12050.7;9827.81;8016.78;6538.01;5332.17;4348.53;3545.65;2890.78;2356.02;1919.49;1563.46;1272.86;1035.99;843.664;688.677;566.216
3;473281257289;20;frequency;99999.99999990905;122862.535599424;150952.0265389597;185463.4873444638;227865.1431623047;279960.8926363817;343967.05137965;422606.6409511731;519225.2346839865;637933.2888043621;783781.0140572543;962973.2274171232;1183133.324347452;1453627.601814205;1785963.729760951;2194280.323268956;2695948.443325946;3312310.615921419;4069588.809647371;4999999.999999929
3;473281257289;20;phasez;-1.53725;-1.53361;-1.52921;-1.52377;-1.51701;-1.50878;-1.49872;-1.48626;-1.47095;-1.45203;-1.42875;-1.4;-1.36445;-1.3204;-1.26566;-1.1974;-1.11168;-1.00353;-0.865753;-0.689085
