0;5690864821285;20;absz;1.43176e+08;1.04203e+08;7.58318e+07;5.51691e+07;4.01381e+07;2.92021e+07;2.12264e+07;1.54294e+07;1.12162e+07;8.15165e+06;5.92341e+06;4.30383e+06;3.12651e+06;2.27095e+06;1.64922e+06;1.19749e+06;869366;631037;457985;332328
0;5690864821285;20;frequency;9.999999974752427;13.86918846435492;19.23543905490988;26.67799336109056;37.00021196095804;51.31629158938722;71.17153245417285;98.70914048804025;136.9015682683994;189.8713664161278;263.3361782500288;365.2259113806622;506.5387032487934;702.5280792305466;974.3494403835484;1351.343611730726;1874.203936580443;2599.368780806799;3605.113577052066;4999.99999995282
0;5690864821285;20;phasez;-1.52118;-1.52289;-1.52484;-1.52633;-1.52774;-1.52919;-1.52981;-1.53058;-1.53137;-1.5319;-1.53239;-1.53277;-1.53295;-1.5329;-1.53254;-1.53172;-1.53027;-1.52795;-1.52442;-1.51924
1;5691633591323;50;absz;7.68412e+06;6.5787e+06;5.63189e+06;4.80782e+06;4.12132e+06;3.52286e+06;3.01206e+06;2.57707e+06;2.20513e+06;1.88602e+06;1.6138e+06;1.38051e+06;1.18025e+06;1.00979e+06;863443;738522;631556;540099;461846;394937;337695;288750;246898;211100;180489;154316;131933;112794;96430.7;82438.6;70475.8;60247.4;51501.9;44025.2;37632.3;32166.9;27493.4;23498.1;20081.3;17159.9;14661.6;12524.9;10697.1;9132.99;7794.25;6648.08;5665.82;4823.58;4100.39;3478.62
1;5691633591323;50;frequency;199.9999999213742;234.625769479635;275.2462588517801;322.8993264769997;378.802514688914;444.3841576318164;521.3198749487447;611.5753842550475;717.456725922716;841.6691823498468;987.3863981368913;1158.33146786315;1358.872060208682;1594.132014446359;1870.122253535556;2193.894364737048;2573.720768452858;3019.306079821149;3542.035062906734;4155.263512473084;4874.659497176026;5718.603679767398;6708.658946337209;7870.121340545211;9232.666380967203;10831.10727442716;12706.28439819177;14906.10877695531;17486.78621595445;20514.25336674129;24065.86241733066;28232.35745111674;33120.19296963342;38854.25382030405;45581.04601983359;53472.44000269313;62730.06193403319;73590.44528463698;86331.07429211862;101277.4737211686;118811.5260634959;139381.228686517;163512.140226203;191820.8086789974;225030.524286467;263989.7996954232;309694.0495706946;363311.0235703185;426210.642505751;499999.9999999716
1;5691633591323;50;phasez;-1.53247;-1.5337;-1.53416;-1.53499;-1.53376;-1.53452;-1.53446;-1.53575;-1.5355;-1.53627;-1.53655;-1.53676;-1.53718;-1.53732;-1.53765;-1.53785;-1.53805;-1.53825;-1.53843;-1.53855;-1.53864;-1.5387;-1.5387;-1.53866;-1.53854;-1.53835;-1.53806;-1.53768;-1.53721;-1.5366;-1.53584;-1.53492;-1.5338;-1.53245;-1.53084;-1.52893;-1.52665;-1.52395;-1.52074;-1.51695;-1.51247;-1.50716;-1.50089;-1.49348;-1.48471;-1.47433;-1.462;-1.44734;-1.42983;-1.40879
2;5692402248491;50;absz;84943.5;76014.7;68056;60905;54522;48803.8;43686.1;39101.6;34994.4;31316.2;28032.2;25089.9;22454.1;20095.1;17985.5;16096;14407.4;12894.1;11539.3;10327.8;9243.21;8272.06;7402.9;6624.99;5928.65;5305.53;4747.67;4248.41;3801.34;3401.25;3043.03;2722.39;2435.31;2178.32;1948.22;1742.21;1557.69;1392.47;1244.56;1112.05;993.377;887.134;792.003;706.847;630.736;562.709;502.054;448.191;400.572;358.868
2;5692402248491;50;frequency;20000.00000002444;22385.53853899816;25055.61678390222;28044.17375656954;31389.19662092121;35133.2035329932;39323.78408414649;44014.2042055669;49264.08322518227;55140.1516811012;61717.09952482729;69078.52549602467;77317.99973512921;86540.25314108083;96862.50859274992;108415.9709538568;121347.4948009008;135821.4510731415;152021.8163702936;170154.5114554648;190450.0186878266;213166.3116533389;238592.1342356312;267050.6708003728;298903.6541519141;334555.9634717432;374460.7706856584;419125.3006744233;469117.2785435782;525072.1459047724;587701.13789258;657800.3235824071;736260.7247225839;824079.6413975459;922373.3285811875;1032391.184709951;1155531.632626961;1293359.894754076;1447627.888434013;1620296.494325686;1813560.480908265;2029876.401899315;2271993.821195295;2542990.262224833;2846310.325953354;3185809.474764127;3565803.038745301;3991121.067296888;4467169.723268114;4999999.999999929
2;5692402248491;50;phasez;-1.54043;-1.54008;-1.53958;-1.53974;-1.53916;-1.53879;-1.5382;-1.53763;-1.53685;-1.53608;-1.53511;-1.53389;-1.53265;-1.53111;-1.52943;-1.52754;-1.52541;-1.52299;-1.52026;-1.51718;-1.51378;-1.50992;-1.50562;-1.50077;-1.49535;-1.48925;-1.48242;-1.47477;-1.46618;-1.45655;-1.44573;-1.4336;-1.41998;-1.40468;-1.38751;-1.36819;-1.34647;-1.32202;-1.2945;-1.26348;-1.22848;-1.18895;-1.14424;-1.09354;-1.03596;-0.970481;-0.895763;-0.810368;-0.712558;-0.600349
3;5692718583348;20;absz;17510.4;14301.7;11675.7;9533.54;7784.7;6355.25;5188.27;4235.27;3456.75;2820.9;2301.1;1876.32;1529.36;1245.58;1013.58;823.86;668.795;542.373;439.878;358
3;5692718583348;20;frequency;99999.99999990905;122862.535599424;150952.0265389597;185463.4873444638;227865.1431623047;279960.8926363817;343967.05137965;422606.6409511731;519225.2346839865;637933.2888043621;783781.0140572543;962973.2274171232;1183133.324347452;1453627.601814205;1785963.729760951;2194280.323268956;2695948.443325946;3312310.615921419;4069588.809647371;4999999.999999929
3;5692718583348;20;phasez;-1.52863;-1.52531;-1.52128;-1.51621;-1.50993;-1.50208;-1.49237;-1.48037;-1.46548;-1.44707;-1.42429;-1.39602;-1.36097;-1.31742;-1.26314;-1.19526;-1.10985;-1.00173;-0.863657;-0.686019
