0;3863596791768;20;absz;1.58621e+08;1.15355e+08;8.38358e+07;6.08823e+07;4.4217e+07;3.21237e+07;2.33072e+07;1.6916e+07;1.22743e+07;8.90588e+06;6.46013e+06;4.68571e+06;3.39783e+06;2.46346e+06;1.78579e+06;1.29429e+06;937967;679632;492373;356665
0;3863596791768;20;frequency;9.999999974752427;13.86918846435492;19.23543905490988;26.67799336109056;37.00021196095804;51.31629158938722;71.17153245417285;98.70914048804025;136.9015682683994;189.8713664161278;263.3361782500288;365.2259113806622;506.5387032487934;702.5280792305466;974.3494403835484;1351.343611730726;1874.203936580443;2599.368780806799;3605.113577052066;4999.99999995282
0;3863596791768;20;phasez;-1.53251;-1.53326;-1.53406;-1.53518;-1.53625;-1.53704;-1.53814;-1.53895;-1.53964;-1.54031;-1.54082;-1.54125;-1.54148;-1.54145;-1.54106;-1.54017;-1.53864;-1.53621;-1.53254;-1.52719
1;3864364149326;50;absz;8.39223e+06;7.18548e+06;6.12721e+06;5.25183e+06;4.48303e+06;3.8271e+06;3.27543e+06;2.7978e+06;2.39149e+06;2.04467e+06;1.74723e+06;1.49321e+06;1.27587e+06;1.09031e+06;931665;796109;680211;581176;496571;424255;362473;309676;264566;226024;193095;164965;140935;120400;102864;87877.1;75077.5;64140.6;54797.8;46815.8;39995.3;34168;29188.7;24933.5;21297.5;18189.6;15533.4;13262.3;11320.8;9660.17;8239.66;7023.77;5982.46;5089.96;4324.26;3666.31
1;3864364149326;50;frequency;199.9999999213742;234.625769479635;275.2462588517801;322.8993264769997;378.802514688914;444.3841576318164;521.3198749487447;611.5753842550475;717.456725922716;841.6691823498468;987.3863981368913;1158.33146786315;1358.872060208682;1594.132014446359;1870.122253535556;2193.894364737048;2573.720768452858;3019.306079821149;3542.035062906734;4155.263512473084;4874.659497176026;5718.603679767398;6708.658946337209;7870.121340545211;9232.666380967203;10831.10727442716;12706.28439819177;14906.10877695531;17486.78621595445;20514.25336674129;24065.86241733066;28232.35745111674;33120.19296963342;38854.25382030405;45581.04601983359;53472.44000269313;62730.06193403319;73590.44528463698;86331.07429211862;101277.4737211686;118811.5260634959;139381.228686517;163512.140226203;191820.8086789974;225030.524286467;263989.7996954232;309694.0495706946;363311.0235703185;426210.642505751;499999.9999999716
1;3864364149326;50;phasez;-1.54044;-1.54119;-1.54357;-1.54323;-1.54286;-1.54296;-1.54336;-1.54368;-1.54437;-1.5443;-1.54479;-1.54533;-1.54553;-1.54571;-1.54599;-1.5462;-1.54627;-1.5465;-1.54657;-1.54659;-1.54658;-1.54655;-1.54641;-1.54625;-1.54598;-1.54563;-1.5452;-1.54465;-1.54399;-1.54321;-1.54229;-1.54121;-1.53994;-1.53846;-1.53673;-1.53473;-1.53237;-1.52962;-1.52638;-1.52257;-1.51809;-1.5128;-1.50656;-1.49919;-1.49047;-1.48014;-1.46787;-1.45326;-1.43579;-1.41478
2;3865135645950;50;absz;90559.7;81026.3;72492.3;64869.9;58033.4;51924.1;46455.3;41555.6;37188;33267.1;29766.3;26628.8;23825;21315.3;19068.6;17061.4;15263.7;13655.8;12217;10929.5;9777.46;8747.14;7824.75;6999.67;6261.47;5600.88;5009.71;4480.9;4007.68;3584.26;3205.41;2866.36;2563;2291.49;2048.52;1831.1;1636.52;1462.4;1306.51;1166.99;1042.12;930.389;830.396;740.937;661.038;589.71;526.149;469.726;419.913;376.341
2;3865135645950;50;frequency;20000.00000002444;22385.53853899816;25055.61678390222;28044.17375656954;31389.19662092121;35133.2035329932;39323.78408414649;44014.2042055669;49264.08322518227;55140.1516811012;61717.09952482729;69078.52549602467;77317.99973512921;86540.25314108083;96862.50859274992;108415.9709538568;121347.4948009008;135821.4510731415;152021.8163702936;170154.5114554648;190450.0186878266;213166.3116533389;238592.1342356312;267050.6708003728;298903.6541519141;334555.9634717432;374460.7706856584;419125.3006744233;469117.2785435782;525072.1459047724;587701.13789258;657800.3235824071;736260.7247225839;824079.6413975459;922373.3285811875;1032391.184709951;1155531.632626961;1293359.894754076;1447627.888434013;1620296.494325686;1813560.480908265;2029876.401899315;2271993.821195295;2542990.262224833;2846310.325953354;3185809.474764127;3565803.038745301;3991121.067296888;4467169.723268114;4999999.999999929
2;3865135645950;50;phasez;-1.5469;-1.54625;-1.54621;-1.54583;-1.54525;-1.54471;-1.54421;-1.54353;-1.54279;-1.54172;-1.54071;-1.53959;-1.5382;-1.53678;-1.53508;-1.53314;-1.53103;-1.52866;-1.52589;-1.52291;-1.5195;-1.51566;-1.51139;-1.50661;-1.50119;-1.49513;-1.48834;-1.48072;-1.47214;-1.46253;-1.45173;-1.43961;-1.42597;-1.41068;-1.39347;-1.37413;-1.35238;-1.32791;-1.30035;-1.26929;-1.23424;-1.19467;-1.14992;-1.09921;-1.04158;-0.976089;-0.901385;-0.816017;-0.718278;-0.606193
3;3865454018717;20;absz;18566.3;15153.8;12363.8;10086.3;8230.42;6714.21;5476.82;4467.44;3643.09;2970.56;2421.28;1972.76;1606.69;1307.68;1063.43;863.92;701.047;568.425;461.05;375.444
3;3865454018717;20;frequency;99999.99999990905;122862.535599424;150952.0265389597;185463.4873444638;227865.1431623047;279960.8926363817;343967.05137965;422606.6409511731;519225.2346839865;637933.2888043621;783781.0140572543;962973.2274171232;1183133.324347452;1453627.601814205;1785963.729760951;2194280.323268956;2695948.443325946;3312310.615921419;4069588.809647371;4999999.999999929
3;3865454018717;20;phasez;-1.53421;-1.53098;-1.52688;-1.52191;-1.51567;-1.50787;-1.49827;-1.48629;-1.47146;-1.45307;-1.43026;-1.40198;-1.36689;-1.32327;-1.26892;-1.20096;-1.11548;-1.00733;-0.869306;-0.691872
