0;3054594187800;20;absz;1.70603e+08;1.23646e+08;8.96805e+07;6.50232e+07;4.71349e+07;3.41633e+07;2.47691e+07;1.7949e+07;1.30044e+07;9.41999e+06;6.82244e+06;4.94043e+06;3.5772e+06;2.58985e+06;1.87494e+06;1.35737e+06;982614;711333;514936;372741
0;3054594187800;20;frequency;9.999999974752427;13.86918846435492;19.23543905490988;26.67799336109056;37.00021196095804;51.31629158938722;71.17153245417285;98.70914048804025;136.9015682683994;189.8713664161278;263.3361782500288;365.2259113806622;506.5387032487934;702.5280792305466;974.3494403835484;1351.343611730726;1874.203936580443;2599.368780806799;3605.113577052066;4999.99999995282
0;3054594187800;20;phasez;-1.54004;-1.54128;-1.54322;-1.54345;-1.5445;-1.54451;-1.54566;-1.54651;-1.54713;-1.54763;-1.54804;-1.54821;-1.5481;-1.54771;-1.54689;-1.54556;-1.54358;-1.54073;-1.53672;-1.53109
1;3055364429082;50;absz;8.86867e+06;7.58332e+06;6.46691e+06;5.53435e+06;4.71966e+06;4.03266e+06;3.44632e+06;2.94281e+06;2.51413e+06;2.14769e+06;1.83422e+06;1.56652e+06;1.33798e+06;1.1429e+06;976083;833586;711976;608050;519351;443551;378811;323543;276332;236001;201552;172140;147015;125558;107231;91576.8;78208;66790.3;57038.8;48710.4;41596.7;35519.7;30329.8;25895.9;22108.9;18873.5;16109.1;13747.2;11728.7;10003.3;8527.98;7265.94;6185.9;5260.62;4467.33;3785.99
1;3055364429082;50;frequency;199.9999999213742;234.625769479635;275.2462588517801;322.8993264769997;378.802514688914;444.3841576318164;521.3198749487447;611.5753842550475;717.456725922716;841.6691823498468;987.3863981368913;1158.33146786315;1358.872060208682;1594.132014446359;1870.122253535556;2193.894364737048;2573.720768452858;3019.306079821149;3542.035062906734;4155.263512473084;4874.659497176026;5718.603679767398;6708.658946337209;7870.121340545211;9232.666380967203;10831.10727442716;12706.28439819177;14906.10877695531;17486.78621595445;20514.25336674129;24065.86241733066;28232.35745111674;33120.19296963342;38854.25382030405;45581.04601983359;53472.44000269313;62730.06193403319;73590.44528463698;86331.07429211862;101277.4737211686;118811.5260634959;139381.228686517;163512.140226203;191820.8086789974;225030.524286467;263989.7996954232;309694.0495706946;363311.0235703185;426210.642505751;499999.9999999716
1;3055364429082;50;phasez;-1.54915;-1.5492;-1.5511;-1.54864;-1.54965;-1.55086;-1.54988;-1.55078;-1.55071;-1.55068;-1.55087;-1.55068;-1.55104;-1.5508;-1.55081;-1.55083;-1.55091;-1.55077;-1.55075;-1.55065;-1.55049;-1.55035;-1.55016;-1.54994;-1.54964;-1.54928;-1.54885;-1.54834;-1.54773;-1.547;-1.54614;-1.54513;-1.54394;-1.54253;-1.54087;-1.53893;-1.53663;-1.53392;-1.53072;-1.52693;-1.52245;-1.51715;-1.51087;-1.50344;-1.49463;-1.48419;-1.47179;-1.45702;-1.43937;-1.41816
2;3056133392729;50;absz;94374;84420.3;75522.3;67545.7;60409.1;54033.8;48329.1;43227.8;38668.2;34582.9;30930.3;27660.3;24739.9;22125.4;19788.6;17698.5;15827.2;14155.3;12659.1;11321.4;10124.7;9054.13;8096.61;7240.3;6474.4;5789.54;5176.85;4628.86;4138.81;3700.59;3308.58;2957.79;2644.11;2363.46;2112.45;1887.93;1687.06;1507.34;1346.53;1202.64;1073.92;958.749;855.73;763.593;681.336;607.918;542.529;484.528;433.338;388.591
2;3056133392729;50;frequency;20000.00000002444;22385.53853899816;25055.61678390222;28044.17375656954;31389.19662092121;35133.2035329932;39323.78408414649;44014.2042055669;49264.08322518227;55140.1516811012;61717.09952482729;69078.52549602467;77317.99973512921;86540.25314108083;96862.50859274992;108415.9709538568;121347.4948009008;135821.4510731415;152021.8163702936;170154.5114554648;190450.0186878266;213166.3116533389;238592.1342356312;267050.6708003728;298903.6541519141;334555.9634717432;374460.7706856584;419125.3006744233;469117.2785435782;525072.1459047724;587701.13789258;657800.3235824071;736260.7247225839;824079.6413975459;922373.3285811875;1032391.184709951;1155531.632626961;1293359.894754076;1447627.888434013;1620296.494325686;1813560.480908265;2029876.401899315;2271993.821195295;2542990.262224833;2846310.325953354;3185809.474764127;3565803.038745301;3991121.067296888;4467169.723268114;4999999.999999929
2;3056133392729;50;phasez;-1.55069;-1.55056;-1.55015;-1.54981;-1.54935;-1.54909;-1.54838;-1.54755;-1.54683;-1.54615;-1.54501;-1.54388;-1.54265;-1.54111;-1.53948;-1.53756;-1.53539;-1.53303;-1.53023;-1.52717;-1.52377;-1.51987;-1.51554;-1.51064;-1.50516;-1.499;-1.49209;-1.48434;-1.47564;-1.46585;-1.45489;-1.44261;-1.42881;-1.41331;-1.3959;-1.37637;-1.35441;-1.32973;-1.30194;-1.27065;-1.23538;-1.19558;-1.15059;-1.09963;-1.04177;-0.97606;-0.901121;-0.815519;-0.717558;-0.605276
3;3056449917859;20;absz;19263.8;15710;12811.2;10444.7;8516.96;6943.7;5660.65;4614.85;3761.15;3065.34;2497.47;2034.12;1656.13;1347.65;1095.79;890.206;722.493;585.989;475.586;387.661
3;3056449917859;20;frequency;99999.99999990905;122862.535599424;150952.0265389597;185463.4873444638;227865.1431623047;279960.8926363817;343967.05137965;422606.6409511731;519225.2346839865;637933.2888043621;783781.0140572543;962973.2274171232;1183133.324347452;1453627.601814205;1785963.729760951;2194280.323268956;2695948.443325946;3312310.615921419;4069588.809647371;4999999.999999929
3;3056449917859;20;phasez;-1.53862;-1.53541;-1.53125;-1.5262;-1.51985;-1.51192;-1.50208;-1.48989;-1.4748;-1.45612;-1.43298;-1.40435;-1.36887;-1.32485;-1.27007;-1.20169;-1.11577;-1.00721;-0.868757;-0.690909
