0;6728564944217;20;absz;1.39374e+08;1.0158e+08;7.40032e+07;5.38604e+07;3.92061e+07;2.85296e+07;2.07532e+07;1.50909e+07;1.09726e+07;7.97599e+06;5.79741e+06;4.21317e+06;3.06152e+06;2.22432e+06;1.61585e+06;1.17365e+06;852315;618856;449262;326080
0;6728564944217;20;frequency;9.999999974752427;13.86918846435492;19.23543905490988;26.67799336109056;37.00021196095804;51.31629158938722;71.17153245417285;98.70914048804025;136.9015682683994;189.8713664161278;263.3361782500288;365.2259113806622;506.5387032487934;702.5280792305466;974.3494403835484;1351.343611730726;1874.203936580443;2599.368780806799;3605.113577052066;4999.99999995282
0;6728564944217;20;phasez;-1.51518;-1.51794;-1.52099;-1.52284;-1.52439;-1.52563;-1.52757;-1.52869;-1.52965;-1.53034;-1.53094;-1.53133;-1.53154;-1.53149;-1.53111;-1.53027;-1.52885;-1.52657;-1.52312;-1.518
1;6729334786512;50;absz;7.5133e+06;6.44211e+06;5.49997e+06;4.70993e+06;4.03133e+06;3.44883e+06;2.9511e+06;2.52476e+06;2.15889e+06;1.84808e+06;1.58091e+06;1.35256e+06;1.15704e+06;989745;846605;724043;619355;529685;453051;387463;331352;283345;242306;207201;177172;151492;129537;110759;94701.1;80970.6;69229;59189.9;50605.4;43265.7;36989.8;31623.2;27033.6;23108.7;19751.3;16880.7;14425;12324.3;10526.9;8988.71;7672.21;6544.61;5578.23;4749.48;4037.91;3425.98
1;6729334786512;50;frequency;199.9999999213742;234.625769479635;275.2462588517801;322.8993264769997;378.802514688914;444.3841576318164;521.3198749487447;611.5753842550475;717.456725922716;841.6691823498468;987.3863981368913;1158.33146786315;1358.872060208682;1594.132014446359;1870.122253535556;2193.894364737048;2573.720768452858;3019.306079821149;3542.035062906734;4155.263512473084;4874.659497176026;5718.603679767398;6708.658946337209;7870.121340545211;9232.666380967203;10831.10727442716;12706.28439819177;14906.10877695531;17486.78621595445;20514.25336674129;24065.86241733066;28232.35745111674;33120.19296963342;38854.25382030405;45581.04601983359;53472.44000269313;62730.06193403319;73590.44528463698;86331.07429211862;101277.4737211686;118811.5260634959;139381.228686517;163512.140226203;191820.8086789974;225030.524286467;263989.7996954232;309694.0495706946;363311.0235703185;426210.642505751;499999.9999999716
1;6729334786512;50;phasez;-1.53011;-1.53177;-1.53306;-1.53272;-1.53297;-1.53335;-1.53374;-1.53405;-1.53455;-1.53495;-1.53511;-1.53546;-1.53554;-1.53591;-1.53622;-1.53646;-1.5368;-1.53691;-1.5371;-1.53726;-1.53739;-1.53745;-1.53749;-1.53743;-1.53733;-1.53712;-1.53683;-1.53643;-1.53592;-1.53528;-1.5345;-1.53353;-1.53239;-1.53101;-1.52939;-1.52748;-1.5252;-1.52252;-1.51933;-1.51556;-1.5111;-1.50582;-1.49957;-1.49217;-1.48341;-1.47302;-1.46069;-1.44601;-1.42847;-1.4074
2;6730104552203;50;absz;83424.6;74662.9;66863.9;59856.1;53580.3;47965;42937.6;38434.5;34407;30794.5;27563.6;24670.1;22085.1;19767.2;17693.1;15837.1;14175.4;12687.4;11356;10164.5;9097.41;8142.39;7287.26;6522.06;5837.15;5224.08;4675.17;4183.79;3743.86;3350.14;2997.61;2681.96;2399.34;2146.35;1919.86;1716.98;1535.31;1372.58;1226.88;1096.36;979.457;874.756;781.011;697.061;622.015;554.968;495.165;442.021;395.04;353.894
2;6730104552203;50;frequency;20000.00000002444;22385.53853899816;25055.61678390222;28044.17375656954;31389.19662092121;35133.2035329932;39323.78408414649;44014.2042055669;49264.08322518227;55140.1516811012;61717.09952482729;69078.52549602467;77317.99973512921;86540.25314108083;96862.50859274992;108415.9709538568;121347.4948009008;135821.4510731415;152021.8163702936;170154.5114554648;190450.0186878266;213166.3116533389;238592.1342356312;267050.6708003728;298903.6541519141;334555.9634717432;374460.7706856584;419125.3006744233;469117.2785435782;525072.1459047724;587701.13789258;657800.3235824071;736260.7247225839;824079.6413975459;922373.3285811875;1032391.184709951;1155531.632626961;1293359.894754076;1447627.888434013;1620296.494325686;1813560.480908265;2029876.401899315;2271993.821195295;2542990.262224833;2846310.325953354;3185809.474764127;3565803.038745301;3991121.067296888;4467169.723268114;4999999.999999929
2;6730104552203;50;phasez;-1.5389;-1.5387;-1.53825;-1.5381;-1.53782;-1.53724;-1.53673;-1.5362;-1.53536;-1.53454;-1.53368;-1.53241;-1.53116;-1.52974;-1.52809;-1.52619;-1.52406;-1.52163;-1.51892;-1.5159;-1.51248;-1.50864;-1.5043;-1.49948;-1.49403;-1.48792;-1.48107;-1.47341;-1.46481;-1.45515;-1.44432;-1.43216;-1.41851;-1.40318;-1.38597;-1.36663;-1.34488;-1.32041;-1.29285;-1.2618;-1.22677;-1.1872;-1.14244;-1.0917;-1.03407;-0.968531;-0.893742;-0.808253;-0.710342;-0.598014
3;6730422769970;20;absz;17224.7;14070.3;11489.1;9381.77;7662.16;6255.98;5108.5;4170.6;3404.59;2778.78;2267.11;1848.88;1507.29;1227.82;999.281;812.358;659.541;534.888;433.807;353.021
3;6730422769970;20;frequency;99999.99999990905;122862.535599424;150952.0265389597;185463.4873444638;227865.1431623047;279960.8926363817;343967.05137965;422606.6409511731;519225.2346839865;637933.2888043621;783781.0140572543;962973.2274171232;1183133.324347452;1453627.601814205;1785963.729760951;2194280.323268956;2695948.443325946;3312310.615921419;4069588.809647371;4999999.999999929
3;6730422769970;20;phasez;-1.52711;-1.52397;-1.51991;-1.51497;-1.50861;-1.50076;-1.49105;-1.47899;-1.46408;-1.44565;-1.42278;-1.39448;-1.35939;-1.31578;-1.26144;-1.19348;-1.10799;-0.999754;-0.861528;-0.683698
