0;8804363952550;20;absz;1.36627e+08;9.95777e+07;7.25568e+07;5.28697e+07;3.84978e+07;2.80105e+07;2.03878e+07;1.48334e+07;1.07883e+07;7.84473e+06;5.70328e+06;4.14586e+06;3.01319e+06;2.18962e+06;1.59093e+06;1.15575e+06;839492;609703;442739;321432
0;8804363952550;20;frequency;9.999999974752427;13.86918846435492;19.23543905490988;26.67799336109056;37.00021196095804;51.31629158938722;71.17153245417285;98.70914048804025;136.9015682683994;189.8713664161278;263.3361782500288;365.2259113806622;506.5387032487934;702.5280792305466;974.3494403835484;1351.343611730726;1874.203936580443;2599.368780806799;3605.113577052066;4999.99999995282
0;8804363952550;20;phasez;-1.51082;-1.51475;-1.51727;-1.51974;-1.52198;-1.52346;-1.52541;-1.52674;-1.52789;-1.52882;-1.52955;-1.53008;-1.53036;-1.53035;-1.53;-1.52919;-1.5277;-1.52538;-1.52188;-1.51672
1;8805134144255;50;absz;7.39131e+06;6.32914e+06;5.4162e+06;4.63587e+06;3.96377e+06;3.39481e+06;2.90279e+06;2.48455e+06;2.12735e+06;1.8193e+06;1.55673e+06;1.33192e+06;1.13939e+06;974720;833774;713312;610146;521962;446458;381873;326610;279341;238917;204325;174743;149439;127795;109285;93453.6;79911.9;68334.1;58431.5;49964.5;42722.9;36530.1;31234.2;26704.5;22831.3;19518;16683.6;14258.6;12184;10408.6;8889;7587.92;6473.55;5518.23;4698.9;3995.26;3390.09
1;8805134144255;50;frequency;199.9999999213742;234.625769479635;275.2462588517801;322.8993264769997;378.802514688914;444.3841576318164;521.3198749487447;611.5753842550475;717.456725922716;841.6691823498468;987.3863981368913;1158.33146786315;1358.872060208682;1594.132014446359;1870.122253535556;2193.894364737048;2573.720768452858;3019.306079821149;3542.035062906734;4155.263512473084;4874.659497176026;5718.603679767398;6708.658946337209;7870.121340545211;9232.666380967203;10831.10727442716;12706.28439819177;14906.10877695531;17486.78621595445;20514.25336674129;24065.86241733066;28232.35745111674;33120.19296963342;38854.25382030405;45581.04601983359;53472.44000269313;62730.06193403319;73590.44528463698;86331.07429211862;101277.4737211686;118811.5260634959;139381.228686517;163512.140226203;191820.8086789974;225030.524286467;263989.7996954232;309694.0495706946;363311.0235703185;426210.642505751;499999.9999999716
1;8805134144255;50;phasez;-1.52921;-1.529;-1.53011;-1.53141;-1.53165;-1.53211;-1.53209;-1.53345;-1.53315;-1.53345;-1.53415;-1.53447;-1.53447;-1.53475;-1.53501;-1.53534;-1.53554;-1.53566;-1.53587;-1.53602;-1.5361;-1.53616;-1.53617;-1.53613;-1.53599;-1.5358;-1.53551;-1.53512;-1.53462;-1.53398;-1.53319;-1.53222;-1.53107;-1.52969;-1.52805;-1.52612;-1.52384;-1.52113;-1.51794;-1.51418;-1.50973;-1.50446;-1.49824;-1.49086;-1.48212;-1.47176;-1.45944;-1.44477;-1.42722;-1.40613
2;8805902315605;50;absz;82278.6;73705.8;65970.4;59054.9;52878.5;47349.5;42383.8;37946;33970.8;30410.4;27223.1;24367;21816.4;19530.1;17482.8;15650.3;14009.9;12541.1;11226.3;10048.7;8994.78;8051.12;7206.6;6450.23;5773.44;5167.38;4624.77;4139;3704.04;3314.71;2966.18;2654.05;2374.63;2124.36;1900.3;1699.63;1519.96;1359;1214.83;1085.7;970.012;866.398;773.607;690.506;616.21;549.804;490.561;437.93;391.391;350.608
2;8805902315605;50;frequency;20000.00000002444;22385.53853899816;25055.61678390222;28044.17375656954;31389.19662092121;35133.2035329932;39323.78408414649;44014.2042055669;49264.08322518227;55140.1516811012;61717.09952482729;69078.52549602467;77317.99973512921;86540.25314108083;96862.50859274992;108415.9709538568;121347.4948009008;135821.4510731415;152021.8163702936;170154.5114554648;190450.0186878266;213166.3116533389;238592.1342356312;267050.6708003728;298903.6541519141;334555.9634717432;374460.7706856584;419125.3006744233;469117.2785435782;525072.1459047724;587701.13789258;657800.3235824071;736260.7247225839;824079.6413975459;922373.3285811875;1032391.184709951;1155531.632626961;1293359.894754076;1447627.888434013;1620296.494325686;1813560.480908265;2029876.401899315;2271993.821195295;2542990.262224833;2846310.325953354;3185809.474764127;3565803.038745301;3991121.067296888;4467169.723268114;4999999.999999929
2;8805902315605;50;phasez;-1.53774;-1.53735;-1.53714;-1.53693;-1.53649;-1.53598;-1.53547;-1.53486;-1.53409;-1.53324;-1.53212;-1.53105;-1.5298;-1.52829;-1.52667;-1.52477;-1.5227;-1.52028;-1.51759;-1.51454;-1.51114;-1.50731;-1.50302;-1.49819;-1.49277;-1.48667;-1.47985;-1.47216;-1.46354;-1.45389;-1.44303;-1.43085;-1.41719;-1.40185;-1.38461;-1.36524;-1.34347;-1.31897;-1.29138;-1.2603;-1.22524;-1.18564;-1.14085;-1.09006;-1.03239;-0.966802;-0.891957;-0.806395;-0.708398;-0.595971
3;8806219715444;20;absz;17013.5;13902.2;11354.3;9274.8;7575.29;6186.36;5052.32;4125.27;3368.1;2749.31;2243.51;1829.93;1492.03;1215.6;989.518;804.535;653.259;529.859;429.731;349.693
3;8806219715444;20;frequency;99999.99999990905;122862.535599424;150952.0265389597;185463.4873444638;227865.1431623047;279960.8926363817;343967.05137965;422606.6409511731;519225.2346839865;637933.2888043621;783781.0140572543;962973.2274171232;1183133.324347452;1453627.601814205;1785963.729760951;2194280.323268956;2695948.443325946;3312310.615921419;4069588.809647371;4999999.999999929
3;8806219715444;20;phasez;-1.52584;-1.52259;-1.51862;-1.51358;-1.50733;-1.49951;-1.4898;-1.47776;-1.46283;-1.44435;-1.42146;-1.39311;-1.35796;-1.3143;-1.25991;-1.19189;-1.10632;-0.997997;-0.859642;-0.681626
