0;7465215008099;20;absz;1.38006e+08;1.00515e+08;7.32565e+07;5.3345e+07;3.88354e+07;2.82628e+07;2.05603e+07;1.49537e+07;1.08727e+07;7.90476e+06;5.7462e+06;4.17659e+06;3.03521e+06;2.20549e+06;1.60237e+06;1.16401e+06;845444;613968;445798;323623
0;7465215008099;20;frequency;9.999999974752427;13.86918846435492;19.23543905490988;26.67799336109056;37.00021196095804;51.31629158938722;71.17153245417285;98.70914048804025;136.9015682683994;189.8713664161278;263.3361782500288;365.2259113806622;506.5387032487934;702.5280792305466;974.3494403835484;1351.343611730726;1874.203936580443;2599.368780806799;3605.113577052066;4999.99999995282
0;7465215008099;20;phasez;-1.51388;-1.51673;-1.51901;-1.52142;-1.52336;-1.52563;-1.52661;-1.52781;-1.52885;-1.52965;-1.53029;-1.53069;-1.53089;-1.53084;-1.53044;-1.52959;-1.52814;-1.52584;-1.52237;-1.51725
1;7465986299708;50;absz;7.45586e+06;6.37943e+06;5.45648e+06;4.67023e+06;3.99699e+06;3.42032e+06;2.92709e+06;2.50403e+06;2.1411e+06;1.8328e+06;1.5679e+06;1.34148e+06;1.14751e+06;981581;839803;718334;614430;525588;449511;384485;328835;281232;240508;205676;175887;150406;128615;109978;94040.7;80409.4;68753.6;58787.1;50265;42977.5;36745.6;31415.7;26857.6;22959.4;19625.1;16773.6;14334.4;12247.5;10461.9;8933.66;7625.3;6504.94;5544.73;4721.13;4013.94;3405.78
1;7465986299708;50;frequency;199.9999999213742;234.625769479635;275.2462588517801;322.8993264769997;378.802514688914;444.3841576318164;521.3198749487447;611.5753842550475;717.456725922716;841.6691823498468;987.3863981368913;1158.33146786315;1358.872060208682;1594.132014446359;1870.122253535556;2193.894364737048;2573.720768452858;3019.306079821149;3542.035062906734;4155.263512473084;4874.659497176026;5718.603679767398;6708.658946337209;7870.121340545211;9232.666380967203;10831.10727442716;12706.28439819177;14906.10877695531;17486.78621595445;20514.25336674129;24065.86241733066;28232.35745111674;33120.19296963342;38854.25382030405;45581.04601983359;53472.44000269313;62730.06193403319;73590.44528463698;86331.07429211862;101277.4737211686;118811.5260634959;139381.228686517;163512.140226203;191820.8086789974;225030.524286467;263989.7996954232;309694.0495706946;363311.0235703185;426210.642505751;499999.9999999716
1;7465986299708;50;phasez;-1.53198;-1.53184;-1.53235;-1.53315;-1.53223;-1.53278;-1.53286;-1.5336;-1.53384;-1.53396;-1.53419;-1.5347;-1.53498;-1.5353;-1.5355;-1.53568;-1.53599;-1.53617;-1.53632;-1.53653;-1.53663;-1.53671;-1.53673;-1.53674;-1.5366;-1.53643;-1.53615;-1.53577;-1.53527;-1.53464;-1.53387;-1.53293;-1.53179;-1.53043;-1.52881;-1.52691;-1.52464;-1.52196;-1.51878;-1.51503;-1.51057;-1.5053;-1.49906;-1.49166;-1.48291;-1.47253;-1.46019;-1.44551;-1.42796;-1.40687
2;7466756029979;50;absz;82809.2;74141.2;66389.2;59434.5;53210;47632.2;42645.9;38176.6;34171.3;30590.3;27382.6;24510.6;21939.4;19639;17579.2;15736;14085.8;12607.9;11285.4;10101.2;9041.31;8092.31;7242.99;6482.64;5801.86;5192.49;4647.1;4158.8;3721.65;3330.31;2979.93;2666.27;2385.43;2134;1908.83;1707.18;1526.61;1364.89;1220.03;1090.28;974.069;869.98;776.772;693.295;618.69;551.996;492.515;439.655;392.928;351.99
2;7466756029979;50;frequency;20000.00000002444;22385.53853899816;25055.61678390222;28044.17375656954;31389.19662092121;35133.2035329932;39323.78408414649;44014.2042055669;49264.08322518227;55140.1516811012;61717.09952482729;69078.52549602467;77317.99973512921;86540.25314108083;96862.50859274992;108415.9709538568;121347.4948009008;135821.4510731415;152021.8163702936;170154.5114554648;190450.0186878266;213166.3116533389;238592.1342356312;267050.6708003728;298903.6541519141;334555.9634717432;374460.7706856584;419125.3006744233;469117.2785435782;525072.1459047724;587701.13789258;657800.3235824071;736260.7247225839;824079.6413975459;922373.3285811875;1032391.184709951;1155531.632626961;1293359.894754076;1447627.888434013;1620296.494325686;1813560.480908265;2029876.401899315;2271993.821195295;2542990.262224833;2846310.325953354;3185809.474764127;3565803.038745301;3991121.067296888;4467169.723268114;4999999.999999929
2;7466756029979;50;phasez;-1.53842;-1.53827;-1.53799;-1.53763;-1.53714;-1.53676;-1.53613;-1.53563;-1.53471;-1.53406;-1.53294;-1.53188;-1.53065;-1.52915;-1.52754;-1.52563;-1.52348;-1.52111;-1.51841;-1.51542;-1.51196;-1.50814;-1.50383;-1.49897;-1.49353;-1.48742;-1.48058;-1.47291;-1.46428;-1.45462;-1.44376;-1.4316;-1.41793;-1.40259;-1.38537;-1.366;-1.34425;-1.31975;-1.29218;-1.26111;-1.22606;-1.18647;-1.1417;-1.09095;-1.03328;-0.967725;-0.892922;-0.807396;-0.709446;-0.597079
3;7467077271172;20;absz;17114.2;13980.6;11416.6;9323.91;7615.14;6217.97;5077.67;4145.56;3384.3;2762.39;2253.94;1838.25;1498.73;1220.93;993.755;807.917;655.957;532.008;431.468;351.095
3;7467077271172;20;frequency;99999.99999990905;122862.535599424;150952.0265389597;185463.4873444638;227865.1431623047;279960.8926363817;343967.05137965;422606.6409511731;519225.2346839865;637933.2888043621;783781.0140572543;962973.2274171232;1183133.324347452;1453627.601814205;1785963.729760951;2194280.323268956;2695948.443325946;3312310.615921419;4069588.809647371;4999999.999999929
3;7467077271172;20;phasez;-1.52669;-1.52347;-1.51947;-1.51446;-1.50811;-1.50031;-1.49054;-1.47848;-1.46355;-1.44507;-1.42219;-1.39386;-1.35874;-1.31509;-1.26073;-1.19274;-1.1072;-0.998929;-0.860645;-0.682705
