0;4209443837231;20;absz;1.5458e+08;1.12441e+08;8.17561e+07;5.94073e+07;4.31725e+07;3.13745e+07;2.2777e+07;1.6544e+07;1.20102e+07;8.7192e+06;6.32838e+06;4.59239e+06;3.33219e+06;2.41723e+06;1.75321e+06;1.2714e+06;921833;668275;484393;351046
0;4209443837231;20;frequency;9.999999974752427;13.86918846435492;19.23543905490988;26.67799336109056;37.00021196095804;51.31629158938722;71.17153245417285;98.70914048804025;136.9015682683994;189.8713664161278;263.3361782500288;365.2259113806622;506.5387032487934;702.5280792305466;974.3494403835484;1351.343611730726;1874.203936580443;2599.368780806799;3605.113577052066;4999.99999995282
0;4209443837231;20;phasez;-1.52985;-1.5306;-1.5314;-1.53251;-1.53351;-1.53468;-1.53537;-1.53624;-1.53696;-1.53765;-1.53818;-1.53861;-1.53884;-1.53886;-1.53854;-1.53771;-1.53626;-1.53392;-1.53034;-1.5251
1;4210212218305;50;absz;8.20767e+06;7.02259e+06;6.00596e+06;5.13457e+06;4.3883e+06;3.7553e+06;3.21266e+06;2.74567e+06;2.34709e+06;2.00663e+06;1.71521e+06;1.46623e+06;1.25335e+06;1.07123e+06;915658;782546;668786;571582;488515;417467;356746;304858;260500;222596;190204;162525;138871;118660;101386;86629;74016.9;63241.8;54036.5;46170.3;39448.8;33705.5;28797.5;24602.8;21018.1;17953.8;15334.3;13094.8;11179.6;9541.33;8139.64;6939.69;5911.93;5030.93;4274.78;3625.01
1;4210212218305;50;frequency;199.9999999213742;234.625769479635;275.2462588517801;322.8993264769997;378.802514688914;444.3841576318164;521.3198749487447;611.5753842550475;717.456725922716;841.6691823498468;987.3863981368913;1158.33146786315;1358.872060208682;1594.132014446359;1870.122253535556;2193.894364737048;2573.720768452858;3019.306079821149;3542.035062906734;4155.263512473084;4874.659497176026;5718.603679767398;6708.658946337209;7870.121340545211;9232.666380967203;10831.10727442716;12706.28439819177;14906.10877695531;17486.78621595445;20514.25336674129;24065.86241733066;28232.35745111674;33120.19296963342;38854.25382030405;45581.04601983359;53472.44000269313;62730.06193403319;73590.44528463698;86331.07429211862;101277.4737211686;118811.5260634959;139381.228686517;163512.140226203;191820.8086789974;225030.524286467;263989.7996954232;309694.0495706946;363311.0235703185;426210.642505751;499999.9999999716
1;4210212218305;50;phasez;-1.53557;-1.53851;-1.53849;-1.53957;-1.54034;-1.54055;-1.54043;-1.54104;-1.54185;-1.54207;-1.54228;-1.5427;-1.54292;-1.54335;-1.54359;-1.54377;-1.5441;-1.54423;-1.54439;-1.54447;-1.54451;-1.54451;-1.54449;-1.54438;-1.54418;-1.54391;-1.54354;-1.54307;-1.54247;-1.54174;-1.54086;-1.5398;-1.53855;-1.53707;-1.53533;-1.53331;-1.53093;-1.52814;-1.52488;-1.52105;-1.51654;-1.51123;-1.50498;-1.4976;-1.48888;-1.47854;-1.46627;-1.45167;-1.43421;-1.41321
2;4210980358723;50;absz;89279;79875.9;71472;63964.1;57226;51204.3;45808.9;40991.4;36681.1;32822;29360.6;26274.5;23508.7;21035;18821.6;16840.9;15068.5;13483.2;12063.5;10793.4;9657.28;8640.21;7730.36;6916.09;6187.37;5535.38;4951.9;4429.69;3962.29;3544.12;3169.87;2834.86;2535.08;2266.82;2026.7;1811.82;1619.45;1447.27;1293.16;1155.17;1031.65;921.105;822.187;733.648;654.553;583.936;520.989;465.123;415.78;372.599
2;4210980358723;50;frequency;20000.00000002444;22385.53853899816;25055.61678390222;28044.17375656954;31389.19662092121;35133.2035329932;39323.78408414649;44014.2042055669;49264.08322518227;55140.1516811012;61717.09952482729;69078.52549602467;77317.99973512921;86540.25314108083;96862.50859274992;108415.9709538568;121347.4948009008;135821.4510731415;152021.8163702936;170154.5114554648;190450.0186878266;213166.3116533389;238592.1342356312;267050.6708003728;298903.6541519141;334555.9634717432;374460.7706856584;419125.3006744233;469117.2785435782;525072.1459047724;587701.13789258;657800.3235824071;736260.7247225839;824079.6413975459;922373.3285811875;1032391.184709951;1155531.632626961;1293359.894754076;1447627.888434013;1620296.494325686;1813560.480908265;2029876.401899315;2271993.821195295;2542990.262224833;2846310.325953354;3185809.474764127;3565803.038745301;3991121.067296888;4467169.723268114;4999999.999999929
2;4210980358723;50;phasez;-1.54537;-1.54521;-1.54464;-1.54433;-1.54397;-1.54337;-1.54282;-1.54216;-1.54129;-1.54036;-1.53938;-1.53818;-1.5367;-1.53528;-1.53357;-1.5316;-1.52948;-1.52709;-1.52435;-1.52129;-1.51792;-1.51407;-1.50981;-1.50499;-1.49959;-1.49355;-1.48676;-1.47912;-1.47058;-1.46096;-1.45017;-1.43808;-1.42446;-1.40917;-1.392;-1.37267;-1.35096;-1.32652;-1.29898;-1.26796;-1.23295;-1.19341;-1.1487;-1.09801;-1.04045;-0.975004;-0.900339;-0.815035;-0.71732;-0.605273
3;4211296551646;20;absz;18324.4;14957.9;12207.4;9961.75;8130.19;6633.89;5412.87;4415.99;3601.96;2937.64;2394.98;1951.74;1589.91;1294.24;1052.69;855.287;694.112;562.832;456.512;371.698
3;4211296551646;20;frequency;99999.99999990905;122862.535599424;150952.0265389597;185463.4873444638;227865.1431623047;279960.8926363817;343967.05137965;422606.6409511731;519225.2346839865;637933.2888043621;783781.0140572543;962973.2274171232;1183133.324347452;1453627.601814205;1785963.729760951;2194280.323268956;2695948.443325946;3312310.615921419;4069588.809647371;4999999.999999929
3;4211296551646;20;phasez;-1.53255;-1.52943;-1.52542;-1.52037;-1.51406;-1.50627;-1.49667;-1.48473;-1.46988;-1.45153;-1.42876;-1.40052;-1.36547;-1.32192;-1.26763;-1.19973;-1.11435;-1.00627;-0.868327;-0.690954
