0;10668137998093;20;absz;1.35835e+08;9.90903e+07;7.22244e+07;5.26187e+07;3.83209e+07;2.78875e+07;2.0302e+07;1.47703e+07;1.07441e+07;7.81304e+06;5.68062e+06;4.12938e+06;3.00138e+06;2.1811e+06;1.58476e+06;1.15129e+06;836302;607401;441077;320252
0;10668137998093;20;frequency;9.999999974752427;13.86918846435492;19.23543905490988;26.67799336109056;37.00021196095804;51.31629158938722;71.17153245417285;98.70914048804025;136.9015682683994;189.8713664161278;263.3361782500288;365.2259113806622;506.5387032487934;702.5280792305466;974.3494403835484;1351.343611730726;1874.203936580443;2599.368780806799;3605.113577052066;4999.99999995282
0;10668137998093;20;phasez;-1.51013;-1.51345;-1.51631;-1.51902;-1.52121;-1.52327;-1.52504;-1.52633;-1.52753;-1.52851;-1.52928;-1.52983;-1.53015;-1.53016;-1.5298;-1.52897;-1.52749;-1.52513;-1.52161;-1.51643
1;10668907007845;50;absz;7.36351e+06;6.30321e+06;5.39809e+06;4.61516e+06;3.95203e+06;3.38047e+06;2.89283e+06;2.47624e+06;2.11767e+06;1.8124e+06;1.55045e+06;1.32667e+06;1.13513e+06;970968;830626;710558;607915;520000;444810;380455;325413;278337;238061;203600;174128;148916;127353;108911;93137.2;79645.2;68106.5;58238.2;49799.7;42582.3;36410.2;31131.8;26616.9;22755.7;19453.2;16627.9;14211.3;12143.6;10374;8859.62;7562.95;6452.19;5500.24;4683.6;3982.33;3379.3
1;10668907007845;50;frequency;199.9999999213742;234.625769479635;275.2462588517801;322.8993264769997;378.802514688914;444.3841576318164;521.3198749487447;611.5753842550475;717.456725922716;841.6691823498468;987.3863981368913;1158.33146786315;1358.872060208682;1594.132014446359;1870.122253535556;2193.894364737048;2573.720768452858;3019.306079821149;3542.035062906734;4155.263512473084;4874.659497176026;5718.603679767398;6708.658946337209;7870.121340545211;9232.666380967203;10831.10727442716;12706.28439819177;14906.10877695531;17486.78621595445;20514.25336674129;24065.86241733066;28232.35745111674;33120.19296963342;38854.25382030405;45581.04601983359;53472.44000269313;62730.06193403319;73590.44528463698;86331.07429211862;101277.4737211686;118811.5260634959;139381.228686517;163512.140226203;191820.8086789974;225030.524286467;263989.7996954232;309694.0495706946;363311.0235703185;426210.642505751;499999.9999999716
1;10668907007845;50;phasez;-1.53025;-1.52864;-1.53029;-1.53196;-1.53156;-1.53215;-1.5325;-1.53284;-1.53304;-1.53345;-1.5338;-1.53416;-1.53435;-1.53457;-1.53485;-1.53507;-1.53526;-1.53547;-1.53559;-1.53574;-1.53581;-1.53589;-1.53589;-1.53584;-1.53572;-1.53552;-1.53524;-1.53487;-1.53438;-1.53377;-1.533;-1.53205;-1.53092;-1.52957;-1.52794;-1.52603;-1.52375;-1.52105;-1.51786;-1.51409;-1.50963;-1.50434;-1.4981;-1.49071;-1.48195;-1.47157;-1.45923;-1.44454;-1.42698;-1.40587
2;10669675280867;50;absz;82078.3;73485.2;65787;58894.5;52723.7;47204;42259.9;37826.3;33867.7;30314.9;27138.7;24294.8;21748.9;19468.3;17428.8;15602.3;13965.8;12502.5;11192.2;10018;8967.49;8026.69;7184.51;6430.67;5755.77;5151.64;4610.78;4126.57;3692.97;3304.89;2957.41;2646.28;2367.66;2118.22;1894.81;1694.8;1515.67;1355.2;1211.47;1082.7;967.363;864.052;771.522;688.666;614.573;548.35;489.273;436.776;390.348;349.665
2;10669675280867;50;frequency;20000.00000002444;22385.53853899816;25055.61678390222;28044.17375656954;31389.19662092121;35133.2035329932;39323.78408414649;44014.2042055669;49264.08322518227;55140.1516811012;61717.09952482729;69078.52549602467;77317.99973512921;86540.25314108083;96862.50859274992;108415.9709538568;121347.4948009008;135821.4510731415;152021.8163702936;170154.5114554648;190450.0186878266;213166.3116533389;238592.1342356312;267050.6708003728;298903.6541519141;334555.9634717432;374460.7706856584;419125.3006744233;469117.2785435782;525072.1459047724;587701.13789258;657800.3235824071;736260.7247225839;824079.6413975459;922373.3285811875;1032391.184709951;1155531.632626961;1293359.894754076;1447627.888434013;1620296.494325686;1813560.480908265;2029876.401899315;2271993.821195295;2542990.262224833;2846310.325953354;3185809.474764127;3565803.038745301;3991121.067296888;4467169.723268114;4999999.999999929
2;10669675280867;50;phasez;-1.5374;-1.53697;-1.53706;-1.53658;-1.53637;-1.53589;-1.5353;-1.53479;-1.53385;-1.53311;-1.53218;-1.53095;-1.52972;-1.52831;-1.52656;-1.52471;-1.52255;-1.52019;-1.51747;-1.5144;-1.51101;-1.50716;-1.50285;-1.49804;-1.49257;-1.48645;-1.47963;-1.47193;-1.4633;-1.45363;-1.44276;-1.43057;-1.4169;-1.40152;-1.38427;-1.36489;-1.34309;-1.31859;-1.29099;-1.25989;-1.22482;-1.18521;-1.14041;-1.08962;-1.03195;-0.966363;-0.891515;-0.805949;-0.707932;-0.595485
3;10669993758108;20;absz;16971.7;13865.8;11324;9249.7;7555.28;6169.58;5038.64;4114.14;3359.05;2741.98;2237.52;1825.14;1488.24;1212.55;987.069;802.564;651.687;528.58;428.687;348.834
3;10669993758108;20;frequency;99999.99999990905;122862.535599424;150952.0265389597;185463.4873444638;227865.1431623047;279960.8926363817;343967.05137965;422606.6409511731;519225.2346839865;637933.2888043621;783781.0140572543;962973.2274171232;1183133.324347452;1453627.601814205;1785963.729760951;2194280.323268956;2695948.443325946;3312310.615921419;4069588.809647371;4999999.999999929
3;10669993758108;20;phasez;-1.52572;-1.52246;-1.51853;-1.51342;-1.50715;-1.49928;-1.48958;-1.47752;-1.46256;-1.44406;-1.42114;-1.39276;-1.35758;-1.31389;-1.25947;-1.19145;-1.10588;-0.997539;-0.859171;-0.681113
