0;7322880540746;20;absz;1.38189e+08;1.00745e+08;7.34032e+07;5.34254e+07;3.88893e+07;2.83101e+07;2.05889e+07;1.49737e+07;1.08886e+07;7.91611e+06;5.75436e+06;4.18233e+06;3.03934e+06;2.20842e+06;1.60448e+06;1.16557e+06;846558;614761;446359;324017
0;7322880540746;20;frequency;9.999999974752427;13.86918846435492;19.23543905490988;26.67799336109056;37.00021196095804;51.31629158938722;71.17153245417285;98.70914048804025;136.9015682683994;189.8713664161278;263.3361782500288;365.2259113806622;506.5387032487934;702.5280792305466;974.3494403835484;1351.343611730726;1874.203936580443;2599.368780806799;3605.113577052066;4999.99999995282
0;7322880540746;20;phasez;-1.5138;-1.51671;-1.51943;-1.52203;-1.52372;-1.52573;-1.52689;-1.52808;-1.52901;-1.52978;-1.53037;-1.53078;-1.53098;-1.53092;-1.53052;-1.5297;-1.52824;-1.52596;-1.52249;-1.51738
1;7323651492254;50;absz;7.48097e+06;6.39128e+06;5.46611e+06;4.67245e+06;3.99952e+06;3.42326e+06;2.92881e+06;2.50551e+06;2.1449e+06;1.83519e+06;1.56993e+06;1.34287e+06;1.14904e+06;982905;840820;719318;615247;526231;450101;384975;329253;281576;240797;205926;176095;150584;128765;110104;94146.2;80499.3;68830;58851.5;50320;43023.1;36784;31448.1;26885.2;22982.6;19645.2;16790.6;14348.7;12259.7;10472.2;8942.44;7632.85;6511.25;5550.04;4725.68;4017.81;3409.07
1;7323651492254;50;frequency;199.9999999213742;234.625769479635;275.2462588517801;322.8993264769997;378.802514688914;444.3841576318164;521.3198749487447;611.5753842550475;717.456725922716;841.6691823498468;987.3863981368913;1158.33146786315;1358.872060208682;1594.132014446359;1870.122253535556;2193.894364737048;2573.720768452858;3019.306079821149;3542.035062906734;4155.263512473084;4874.659497176026;5718.603679767398;6708.658946337209;7870.121340545211;9232.666380967203;10831.10727442716;12706.28439819177;14906.10877695531;17486.78621595445;20514.25336674129;24065.86241733066;28232.35745111674;33120.19296963342;38854.25382030405;45581.04601983359;53472.44000269313;62730.06193403319;73590.44528463698;86331.07429211862;101277.4737211686;118811.5260634959;139381.228686517;163512.140226203;191820.8086789974;225030.524286467;263989.7996954232;309694.0495706946;363311.0235703185;426210.642505751;499999.9999999716
1;7323651492254;50;phasez;-1.53019;-1.53061;-1.532;-1.53149;-1.53261;-1.53319;-1.53288;-1.53363;-1.53388;-1.53426;-1.53449;-1.53494;-1.53516;-1.53545;-1.53562;-1.53586;-1.53611;-1.5363;-1.53654;-1.53665;-1.53677;-1.53686;-1.53685;-1.53683;-1.53672;-1.53655;-1.53627;-1.53589;-1.53539;-1.53477;-1.53398;-1.53304;-1.5319;-1.53053;-1.52891;-1.527;-1.52473;-1.52205;-1.51886;-1.5151;-1.51065;-1.50537;-1.49913;-1.49173;-1.48298;-1.47259;-1.46025;-1.44557;-1.42802;-1.40694
2;7324423077288;50;absz;82930;74262.3;66481.4;59508.3;53281.2;47688.7;42697.9;38217.8;34213.6;30626.6;27413.9;24536.8;21962.2;19661.1;17599.1;15753.2;14101.7;12621.2;11297.5;10112;9050.55;8100.74;7250.41;6489.3;5807.92;5197.79;4651.89;4163.02;3725.44;3333.68;2982.94;2668.95;2387.83;2136.1;1910.71;1708.88;1528.09;1366.18;1221.2;1091.32;974.992;870.804;777.504;693.964;619.268;552.511;492.96;440.069;393.297;352.323
2;7324423077288;50;frequency;20000.00000002444;22385.53853899816;25055.61678390222;28044.17375656954;31389.19662092121;35133.2035329932;39323.78408414649;44014.2042055669;49264.08322518227;55140.1516811012;61717.09952482729;69078.52549602467;77317.99973512921;86540.25314108083;96862.50859274992;108415.9709538568;121347.4948009008;135821.4510731415;152021.8163702936;170154.5114554648;190450.0186878266;213166.3116533389;238592.1342356312;267050.6708003728;298903.6541519141;334555.9634717432;374460.7706856584;419125.3006744233;469117.2785435782;525072.1459047724;587701.13789258;657800.3235824071;736260.7247225839;824079.6413975459;922373.3285811875;1032391.184709951;1155531.632626961;1293359.894754076;1447627.888434013;1620296.494325686;1813560.480908265;2029876.401899315;2271993.821195295;2542990.262224833;2846310.325953354;3185809.474764127;3565803.038745301;3991121.067296888;4467169.723268114;4999999.999999929
2;7324423077288;50;phasez;-1.53837;-1.53792;-1.53802;-1.53757;-1.53739;-1.53681;-1.53622;-1.53565;-1.53503;-1.53404;-1.53322;-1.532;-1.53071;-1.5292;-1.52758;-1.52568;-1.52356;-1.52117;-1.51849;-1.51548;-1.51204;-1.50819;-1.50387;-1.49904;-1.4936;-1.48749;-1.48065;-1.47298;-1.46436;-1.45469;-1.44385;-1.43168;-1.41803;-1.4027;-1.38546;-1.36611;-1.34434;-1.31986;-1.29229;-1.26122;-1.22618;-1.1866;-1.14183;-1.09107;-1.03343;-0.967862;-0.893063;-0.807551;-0.70961;-0.597249
3;7324739210576;20;absz;17135.6;13997;11430.2;9335.02;7623.8;6224.99;5083.55;4150.25;3388.08;2765.47;2256.46;1840.33;1500.34;1222.23;994.804;808.755;656.629;532.553;431.91;351.466
3;7324739210576;20;frequency;99999.99999990905;122862.535599424;150952.0265389597;185463.4873444638;227865.1431623047;279960.8926363817;343967.05137965;422606.6409511731;519225.2346839865;637933.2888043621;783781.0140572543;962973.2274171232;1183133.324347452;1453627.601814205;1785963.729760951;2194280.323268956;2695948.443325946;3312310.615921419;4069588.809647371;4999999.999999929
3;7324739210576;20;phasez;-1.52673;-1.52352;-1.51958;-1.51441;-1.50816;-1.50034;-1.49061;-1.47856;-1.46362;-1.44516;-1.42229;-1.39396;-1.35883;-1.3152;-1.26084;-1.19285;-1.10734;-0.999057;-0.860788;-0.682894
