0;273367416096;20;absz;2.80263e+08;2.02455e+08;1.46274e+08;1.05595e+08;7.62995e+07;5.51628e+07;3.98609e+07;2.8804e+07;2.08138e+07;1.50422e+07;1.08703e+07;7.85654e+06;5.67811e+06;4.10337e+06;2.96533e+06;2.14279e+06;1.54841e+06;1.11888e+06;808512;584217
0;273367416096;20;frequency;9.999999974752427;13.86918846435492;19.23543905490988;26.67799336109056;37.00021196095804;51.31629158938722;71.17153245417285;98.70914048804025;136.9015682683994;189.8713664161278;263.3361782500288;365.2259113806622;506.5387032487934;702.5280792305466;974.3494403835484;1351.343611730726;1874.203936580443;2599.368780806799;3605.113577052066;4999.99999995282
0;273367416096;20;phasez;-1.55893;-1.56004;-1.55979;-1.56032;-1.56009;-1.55918;-1.55971;-1.55957;-1.55924;-1.559;-1.55865;-1.55826;-1.55773;-1.55698;-1.55593;-1.55443;-1.55229;-1.5493;-1.54508;-1.53924
1;274137309329;50;absz;1.41757e+07;1.21087e+07;1.0322e+07;8.7974e+06;7.50888e+06;6.40716e+06;5.47196e+06;4.66695e+06;3.98022e+06;3.39924e+06;2.9023e+06;2.47431e+06;2.11244e+06;1.80229e+06;1.538e+06;1.31226e+06;1.1197e+06;955463;815293;695777;593675;506622;432297;368902;314792;268627;229239;195625;166946;142474;121585;103766;88555.9;75577.9;64502.1;55048.3;46979;40091.7;34211.6;29192.7;24906.3;21246.6;18121.1;15450.8;13168.5;11217.2;9547.7;8118.1;6892.77;5840.85
1;274137309329;50;frequency;199.9999999213742;234.625769479635;275.2462588517801;322.8993264769997;378.802514688914;444.3841576318164;521.3198749487447;611.5753842550475;717.456725922716;841.6691823498468;987.3863981368913;1158.33146786315;1358.872060208682;1594.132014446359;1870.122253535556;2193.894364737048;2573.720768452858;3019.306079821149;3542.035062906734;4155.263512473084;4874.659497176026;5718.603679767398;6708.658946337209;7870.121340545211;9232.666380967203;10831.10727442716;12706.28439819177;14906.10877695531;17486.78621595445;20514.25336674129;24065.86241733066;28232.35745111674;33120.19296963342;38854.25382030405;45581.04601983359;53472.44000269313;62730.06193403319;73590.44528463698;86331.07429211862;101277.4737211686;118811.5260634959;139381.228686517;163512.140226203;191820.8086789974;225030.524286467;263989.7996954232;309694.0495706946;363311.0235703185;426210.642505751;499999.9999999716
1;274137309329;50;phasez;-1.56159;-1.56214;-1.55993;-1.55971;-1.56157;-1.5607;-1.55913;-1.55899;-1.55933;-1.55979;-1.55979;-1.55962;-1.55967;-1.55985;-1.55959;-1.55954;-1.55941;-1.55936;-1.55916;-1.55898;-1.55871;-1.55845;-1.55811;-1.55772;-1.55727;-1.55677;-1.55615;-1.55547;-1.55465;-1.55373;-1.55265;-1.5514;-1.54996;-1.5483;-1.54639;-1.54417;-1.5416;-1.53862;-1.53513;-1.53107;-1.52632;-1.52075;-1.51422;-1.50654;-1.4975;-1.48684;-1.47424;-1.45928;-1.44145;-1.42008
2;274907624909;50;absz;146919;131324;117410;104944;93831.1;83870;75000.4;67033.4;59947.9;53573.8;47914.2;42827.8;38290.1;34234.7;30608.5;27366.4;24467.3;21876.2;19557.9;17487.4;15635.8;13980.9;12500.1;11176.9;9993.41;8935;7988.76;7142.67;6385.81;5709.29;5104.36;4563.27;4079.3;3646.66;3259.65;2913.65;2604.15;2327.31;2079.83;1858.5;1660.63;1483.74;1325.67;1184.38;1058.61;946.491;846.915;758.907;681.658;614.658
2;274907624909;50;frequency;20000.00000002444;22385.53853899816;25055.61678390222;28044.17375656954;31389.19662092121;35133.2035329932;39323.78408414649;44014.2042055669;49264.08322518227;55140.1516811012;61717.09952482729;69078.52549602467;77317.99973512921;86540.25314108083;96862.50859274992;108415.9709538568;121347.4948009008;135821.4510731415;152021.8163702936;170154.5114554648;190450.0186878266;213166.3116533389;238592.1342356312;267050.6708003728;298903.6541519141;334555.9634717432;374460.7706856584;419125.3006744233;469117.2785435782;525072.1459047724;587701.13789258;657800.3235824071;736260.7247225839;824079.6413975459;922373.3285811875;1032391.184709951;1155531.632626961;1293359.894754076;1447627.888434013;1620296.494325686;1813560.480908265;2029876.401899315;2271993.821195295;2542990.262224833;2846310.325953354;3185809.474764127;3565803.038745301;3991121.067296888;4467169.723268114;4999999.999999929
2;274907624909;50;phasez;-1.55705;-1.55685;-1.55671;-1.5558;-1.55524;-1.55466;-1.55398;-1.55302;-1.55239;-1.55123;-1.54998;-1.54875;-1.54724;-1.54538;-1.54359;-1.54161;-1.53926;-1.53664;-1.53371;-1.53052;-1.52689;-1.52289;-1.51831;-1.51333;-1.50768;-1.5014;-1.49434;-1.48647;-1.47767;-1.46781;-1.45676;-1.44441;-1.43054;-1.415;-1.39757;-1.37801;-1.35603;-1.33134;-1.30359;-1.27236;-1.23716;-1.19745;-1.15259;-1.10183;-1.04417;-0.978757;-0.904219;-0.819144;-0.721895;-0.610545
3;275224866719;20;absz;29789.3;24285.5;19798.7;16139.1;13153.7;10718.5;8736.32;7120.8;5802.32;4728.6;3852.44;3138.68;2556.22;2081.24;1693.99;1378.48;1121.46;913.067;745.365;613.138
3;275224866719;20;frequency;99999.99999990905;122862.535599424;150952.0265389597;185463.4873444638;227865.1431623047;279960.8926363817;343967.05137965;422606.6409511731;519225.2346839865;637933.2888043621;783781.0140572543;962973.2274171232;1183133.324347452;1453627.601814205;1785963.729760951;2194280.323268956;2695948.443325946;3312310.615921419;4069588.809647371;4999999.999999929
3;275224866719;20;phasez;-1.5426;-1.53925;-1.53468;-1.52934;-1.52266;-1.51446;-1.50436;-1.492;-1.47674;-1.45788;-1.43462;-1.40595;-1.37045;-1.32647;-1.27179;-1.2036;-1.11798;-1.00993;-0.872349;-0.695988
