0;10380769786768;20;absz;1.35979e+08;9.91706e+07;7.22687e+07;5.2654e+07;3.83424e+07;2.79051e+07;2.03137e+07;1.47792e+07;1.07489e+07;7.81688e+06;5.68329e+06;4.13136e+06;3.00276e+06;2.18215e+06;1.58556e+06;1.1519e+06;836718;607699;441295;320405
0;10380769786768;20;frequency;9.999999974752427;13.86918846435492;19.23543905490988;26.67799336109056;37.00021196095804;51.31629158938722;71.17153245417285;98.70914048804025;136.9015682683994;189.8713664161278;263.3361782500288;365.2259113806622;506.5387032487934;702.5280792305466;974.3494403835484;1351.343611730726;1874.203936580443;2599.368780806799;3605.113577052066;4999.99999995282
0;10380769786768;20;phasez;-1.5093;-1.51353;-1.51643;-1.51889;-1.5213;-1.52305;-1.52474;-1.52637;-1.52749;-1.52855;-1.52928;-1.52983;-1.53016;-1.53017;-1.52982;-1.52899;-1.52752;-1.52518;-1.52166;-1.5165
1;10381538101739;50;absz;7.35274e+06;6.30627e+06;5.3962e+06;4.62423e+06;3.95395e+06;3.38246e+06;2.89339e+06;2.47673e+06;2.11828e+06;1.8134e+06;1.55141e+06;1.32723e+06;1.13558e+06;971398;831066;710996;608239;520226;444997;380638;325571;278463;238162;203688;174199;148977;127405;108952;93173.8;79677.2;68132.9;58260.9;49818.6;42599;36423.8;31143.6;26627.3;22764.6;19460.5;16634.6;14216.7;12148.2;10377.9;8862.92;7565.49;6454.43;5502.11;4685.24;3983.71;3380.39
1;10381538101739;50;frequency;199.9999999213742;234.625769479635;275.2462588517801;322.8993264769997;378.802514688914;444.3841576318164;521.3198749487447;611.5753842550475;717.456725922716;841.6691823498468;987.3863981368913;1158.33146786315;1358.872060208682;1594.132014446359;1870.122253535556;2193.894364737048;2573.720768452858;3019.306079821149;3542.035062906734;4155.263512473084;4874.659497176026;5718.603679767398;6708.658946337209;7870.121340545211;9232.666380967203;10831.10727442716;12706.28439819177;14906.10877695531;17486.78621595445;20514.25336674129;24065.86241733066;28232.35745111674;33120.19296963342;38854.25382030405;45581.04601983359;53472.44000269313;62730.06193403319;73590.44528463698;86331.07429211862;101277.4737211686;118811.5260634959;139381.228686517;163512.140226203;191820.8086789974;225030.524286467;263989.7996954232;309694.0495706946;363311.0235703185;426210.642505751;499999.9999999716
1;10381538101739;50;phasez;-1.53039;-1.52975;-1.53172;-1.5304;-1.53193;-1.53205;-1.53269;-1.53267;-1.53298;-1.53337;-1.53351;-1.53411;-1.53431;-1.53461;-1.53493;-1.53508;-1.53533;-1.5355;-1.53564;-1.53582;-1.5359;-1.53593;-1.53595;-1.53593;-1.53579;-1.53561;-1.53532;-1.53495;-1.53445;-1.53382;-1.53304;-1.5321;-1.53097;-1.5296;-1.52798;-1.52606;-1.52379;-1.52109;-1.5179;-1.51413;-1.50967;-1.50439;-1.49815;-1.49076;-1.48201;-1.47163;-1.45929;-1.4446;-1.42704;-1.40593
2;10382306231087;50;absz;82075.9;73498.8;65797.6;58902.6;52733;47216.4;42264.5;37840.8;33872;30325.8;27146.6;24300.6;21753.5;19474.2;17432.9;15606.4;13969.9;12505.7;11193.8;10020.6;8969.29;8028.81;7186.27;6432.19;5757.22;5152.9;4611.79;4127.46;3693.78;3305.55;2958.03;2646.75;2368.11;2118.6;1895.15;1695.07;1515.87;1355.36;1211.62;1082.85;967.506;864.161;771.619;688.749;614.655;548.423;489.331;436.833;390.406;349.722
2;10382306231087;50;frequency;20000.00000002444;22385.53853899816;25055.61678390222;28044.17375656954;31389.19662092121;35133.2035329932;39323.78408414649;44014.2042055669;49264.08322518227;55140.1516811012;61717.09952482729;69078.52549602467;77317.99973512921;86540.25314108083;96862.50859274992;108415.9709538568;121347.4948009008;135821.4510731415;152021.8163702936;170154.5114554648;190450.0186878266;213166.3116533389;238592.1342356312;267050.6708003728;298903.6541519141;334555.9634717432;374460.7706856584;419125.3006744233;469117.2785435782;525072.1459047724;587701.13789258;657800.3235824071;736260.7247225839;824079.6413975459;922373.3285811875;1032391.184709951;1155531.632626961;1293359.894754076;1447627.888434013;1620296.494325686;1813560.480908265;2029876.401899315;2271993.821195295;2542990.262224833;2846310.325953354;3185809.474764127;3565803.038745301;3991121.067296888;4467169.723268114;4999999.999999929
2;10382306231087;50;phasez;-1.5372;-1.53746;-1.53715;-1.53681;-1.5365;-1.53586;-1.53533;-1.53472;-1.5341;-1.53314;-1.53213;-1.53112;-1.52975;-1.52827;-1.52661;-1.52469;-1.52264;-1.52019;-1.51755;-1.51449;-1.51106;-1.50724;-1.50289;-1.49808;-1.49263;-1.48652;-1.47968;-1.47198;-1.46337;-1.45368;-1.44283;-1.43064;-1.41695;-1.4016;-1.38435;-1.36498;-1.34317;-1.31866;-1.29107;-1.25997;-1.2249;-1.18529;-1.1405;-1.08972;-1.03204;-0.966446;-0.891597;-0.806043;-0.70803;-0.595591
3;10382623798002;20;absz;16971.2;13866.8;11324.8;9250.43;7555.97;6170.02;5039.18;4114.61;3359.4;2742.29;2237.81;1825.33;1488.36;1212.65;987.155;802.629;651.736;528.618;428.723;348.86
3;10382623798002;20;frequency;99999.99999990905;122862.535599424;150952.0265389597;185463.4873444638;227865.1431623047;279960.8926363817;343967.05137965;422606.6409511731;519225.2346839865;637933.2888043621;783781.0140572543;962973.2274171232;1183133.324347452;1453627.601814205;1785963.729760951;2194280.323268956;2695948.443325946;3312310.615921419;4069588.809647371;4999999.999999929
3;10382623798002;20;phasez;-1.52575;-1.52258;-1.51859;-1.51347;-1.50719;-1.49936;-1.48965;-1.47757;-1.46262;-1.44411;-1.42122;-1.39283;-1.35767;-1.31398;-1.25957;-1.19154;-1.10597;-0.997637;-0.859275;-0.681237
