0;7850251821883;20;absz;1.37324e+08;1.00199e+08;7.30297e+07;5.31666e+07;3.86959e+07;2.81767e+07;2.04907e+07;1.49051e+07;1.08396e+07;7.88104e+06;5.72911e+06;4.16424e+06;3.02636e+06;2.19914e+06;1.5978e+06;1.16074e+06;843112;612301;444599;322758
0;7850251821883;20;frequency;9.999999974752427;13.86918846435492;19.23543905490988;26.67799336109056;37.00021196095804;51.31629158938722;71.17153245417285;98.70914048804025;136.9015682683994;189.8713664161278;263.3361782500288;365.2259113806622;506.5387032487934;702.5280792305466;974.3494403835484;1351.343611730726;1874.203936580443;2599.368780806799;3605.113577052066;4999.99999995282
0;7850251821883;20;phasez;-1.51215;-1.51526;-1.51852;-1.52084;-1.52305;-1.5246;-1.52621;-1.52742;-1.52847;-1.52938;-1.53001;-1.53044;-1.53067;-1.53064;-1.53024;-1.52939;-1.52793;-1.52564;-1.52216;-1.51704
1;7851020935891;50;absz;7.43015e+06;6.34698e+06;5.447e+06;4.66357e+06;3.98676e+06;3.41148e+06;2.91893e+06;2.49547e+06;2.13529e+06;1.82721e+06;1.56356e+06;1.33724e+06;1.14445e+06;979088;837452;716331;612792;524163;448337;383470;327971;280490;239889;205158;175443;150028;128296;109706;93810.2;80216.4;68590;58649.7;50147.9;42878;36661;31344.2;26797.3;22908.3;19582.1;16737.4;14303.7;12221.5;10440.1;8915.1;7609.61;6491.62;5533.57;4711.67;4005.95;3399.12
1;7851020935891;50;frequency;199.9999999213742;234.625769479635;275.2462588517801;322.8993264769997;378.802514688914;444.3841576318164;521.3198749487447;611.5753842550475;717.456725922716;841.6691823498468;987.3863981368913;1158.33146786315;1358.872060208682;1594.132014446359;1870.122253535556;2193.894364737048;2573.720768452858;3019.306079821149;3542.035062906734;4155.263512473084;4874.659497176026;5718.603679767398;6708.658946337209;7870.121340545211;9232.666380967203;10831.10727442716;12706.28439819177;14906.10877695531;17486.78621595445;20514.25336674129;24065.86241733066;28232.35745111674;33120.19296963342;38854.25382030405;45581.04601983359;53472.44000269313;62730.06193403319;73590.44528463698;86331.07429211862;101277.4737211686;118811.5260634959;139381.228686517;163512.140226203;191820.8086789974;225030.524286467;263989.7996954232;309694.0495706946;363311.0235703185;426210.642505751;499999.9999999716
1;7851020935891;50;phasez;-1.52953;-1.53123;-1.53145;-1.53163;-1.53288;-1.53307;-1.53279;-1.5329;-1.53373;-1.5342;-1.5342;-1.53439;-1.53472;-1.53497;-1.53522;-1.53543;-1.53581;-1.53592;-1.53613;-1.53632;-1.53641;-1.5365;-1.53651;-1.53649;-1.53637;-1.5362;-1.53592;-1.53554;-1.53503;-1.53441;-1.53363;-1.53269;-1.53155;-1.53019;-1.52858;-1.52667;-1.5244;-1.52172;-1.51855;-1.51478;-1.51033;-1.50506;-1.49882;-1.49144;-1.48268;-1.4723;-1.45997;-1.44528;-1.42773;-1.40663
2;7851789761764;50;absz;82636.5;73988.2;66233.2;59288.9;53080.4;47518.3;42543.2;38084.8;34091.9;30515.9;27315.7;24453.7;21890.7;19593.9;17539.2;15701;14054.3;12580.2;11260.5;10079.2;9021.71;8074.75;7227.31;6468.69;5789.63;5181.74;4637.44;4150.2;3713.98;3323.55;2973.97;2660.91;2380.67;2129.71;1905.01;1703.87;1523.65;1362.28;1217.69;1088.21;972.218;868.351;775.325;692.019;617.538;550.979;491.61;438.859;392.216;351.347
2;7851789761764;50;frequency;20000.00000002444;22385.53853899816;25055.61678390222;28044.17375656954;31389.19662092121;35133.2035329932;39323.78408414649;44014.2042055669;49264.08322518227;55140.1516811012;61717.09952482729;69078.52549602467;77317.99973512921;86540.25314108083;96862.50859274992;108415.9709538568;121347.4948009008;135821.4510731415;152021.8163702936;170154.5114554648;190450.0186878266;213166.3116533389;238592.1342356312;267050.6708003728;298903.6541519141;334555.9634717432;374460.7706856584;419125.3006744233;469117.2785435782;525072.1459047724;587701.13789258;657800.3235824071;736260.7247225839;824079.6413975459;922373.3285811875;1032391.184709951;1155531.632626961;1293359.894754076;1447627.888434013;1620296.494325686;1813560.480908265;2029876.401899315;2271993.821195295;2542990.262224833;2846310.325953354;3185809.474764127;3565803.038745301;3991121.067296888;4467169.723268114;4999999.999999929
2;7851789761764;50;phasez;-1.53812;-1.53793;-1.53753;-1.53736;-1.53705;-1.53642;-1.53587;-1.53536;-1.5346;-1.53371;-1.53274;-1.5317;-1.53041;-1.52891;-1.52728;-1.5254;-1.52326;-1.52089;-1.51816;-1.51509;-1.51173;-1.5079;-1.50358;-1.49872;-1.4933;-1.4872;-1.48035;-1.47265;-1.46404;-1.45437;-1.44353;-1.43136;-1.41769;-1.40235;-1.38512;-1.36575;-1.34398;-1.31948;-1.29191;-1.26082;-1.22577;-1.18617;-1.14138;-1.09061;-1.03294;-0.967366;-0.892535;-0.806994;-0.709016;-0.596618
3;7852108540543;20;absz;17074;13948.1;11390.5;9303.11;7598.73;6204.74;5066.85;4136.9;3377.39;2756.77;2249.39;1834.68;1495.83;1218.6;991.883;806.429;654.754;531.044;430.692;350.478
3;7852108540543;20;frequency;99999.99999990905;122862.535599424;150952.0265389597;185463.4873444638;227865.1431623047;279960.8926363817;343967.05137965;422606.6409511731;519225.2346839865;637933.2888043621;783781.0140572543;962973.2274171232;1183133.324347452;1453627.601814205;1785963.729760951;2194280.323268956;2695948.443325946;3312310.615921419;4069588.809647371;4999999.999999929
3;7852108540543;20;phasez;-1.52643;-1.5233;-1.5192;-1.51414;-1.50785;-1.50004;-1.4903;-1.47826;-1.46331;-1.44483;-1.42194;-1.39362;-1.35846;-1.31482;-1.26043;-1.19241;-1.10686;-0.998546;-0.860222;-0.682259
