0;357019115923;20;absz;2.63306e+08;1.90562e+08;1.37739e+08;9.95617e+07;7.19504e+07;5.20336e+07;3.76153e+07;2.719e+07;1.96578e+07;1.42133e+07;1.02767e+07;7.43064e+06;5.37303e+06;3.88524e+06;2.80929e+06;2.03133e+06;1.46865e+06;1.06186e+06;767710;555057
0;357019115923;20;frequency;9.999999974752427;13.86918846435492;19.23543905490988;26.67799336109056;37.00021196095804;51.31629158938722;71.17153245417285;98.70914048804025;136.9015682683994;189.8713664161278;263.3361782500288;365.2259113806622;506.5387032487934;702.5280792305466;974.3494403835484;1351.343611730726;1874.203936580443;2599.368780806799;3605.113577052066;4999.99999995282
0;357019115923;20;phasez;-1.55754;-1.55896;-1.55819;-1.55734;-1.55759;-1.55689;-1.55733;-1.55714;-1.55694;-1.55664;-1.5563;-1.55575;-1.55514;-1.55431;-1.55324;-1.5517;-1.54958;-1.54657;-1.54236;-1.53649
1;357786024204;50;absz;1.33926e+07;1.14186e+07;9.74175e+06;8.32735e+06;7.1081e+06;6.05867e+06;5.18032e+06;4.42123e+06;3.77283e+06;3.22014e+06;2.74791e+06;2.34519e+06;2.00223e+06;1.7089e+06;1.4585e+06;1.245e+06;1.06264e+06;907005;774170;660817;564050;481426;410937;350772;299416;255579;218163;186233;158972;135712;115850;98896.5;84427.6;72075.7;61531.6;52528.9;44842.6;38279.4;32675.1;27889.4;23802.5;20311.4;17328.8;14779.5;12600.4;10736.5;9141.6;7775.36;6603.88;5597.78
1;357786024204;50;frequency;199.9999999213742;234.625769479635;275.2462588517801;322.8993264769997;378.802514688914;444.3841576318164;521.3198749487447;611.5753842550475;717.456725922716;841.6691823498468;987.3863981368913;1158.33146786315;1358.872060208682;1594.132014446359;1870.122253535556;2193.894364737048;2573.720768452858;3019.306079821149;3542.035062906734;4155.263512473084;4874.659497176026;5718.603679767398;6708.658946337209;7870.121340545211;9232.666380967203;10831.10727442716;12706.28439819177;14906.10877695531;17486.78621595445;20514.25336674129;24065.86241733066;28232.35745111674;33120.19296963342;38854.25382030405;45581.04601983359;53472.44000269313;62730.06193403319;73590.44528463698;86331.07429211862;101277.4737211686;118811.5260634959;139381.228686517;163512.140226203;191820.8086789974;225030.524286467;263989.7996954232;309694.0495706946;363311.0235703185;426210.642505751;499999.9999999716
1;357786024204;50;phasez;-1.55824;-1.559;-1.55361;-1.55968;-1.55849;-1.5568;-1.557;-1.55773;-1.55751;-1.55702;-1.5569;-1.55732;-1.55686;-1.55713;-1.55674;-1.55686;-1.55677;-1.55658;-1.55642;-1.55623;-1.55597;-1.55568;-1.5553;-1.55493;-1.55448;-1.55396;-1.55333;-1.55262;-1.55179;-1.55084;-1.54974;-1.5485;-1.54705;-1.54537;-1.54345;-1.54123;-1.53865;-1.53565;-1.53216;-1.52809;-1.52333;-1.51775;-1.5112;-1.50351;-1.49445;-1.48377;-1.47115;-1.45618;-1.43834;-1.41696
2;358554027215;50;absz;139854;125110;111876;100004;89448.4;79972.3;71530.9;63940.5;57175;51129;45726.2;40895.2;36567.4;32701.7;29241;26149.1;23383.3;20913.1;18702;16724.5;14957.5;13376.4;11963.3;10698.3;9567.83;8556.58;7651.85;6843.02;6119.36;5472.24;4893.57;4375.75;3912.62;3498.25;3127.74;2796.28;2499.72;2234.54;1997.31;1785.09;1595.29;1425.63;1273.94;1138.34;1017.52;909.839;814.165;729.57;655.244;590.745
2;358554027215;50;frequency;20000.00000002444;22385.53853899816;25055.61678390222;28044.17375656954;31389.19662092121;35133.2035329932;39323.78408414649;44014.2042055669;49264.08322518227;55140.1516811012;61717.09952482729;69078.52549602467;77317.99973512921;86540.25314108083;96862.50859274992;108415.9709538568;121347.4948009008;135821.4510731415;152021.8163702936;170154.5114554648;190450.0186878266;213166.3116533389;238592.1342356312;267050.6708003728;298903.6541519141;334555.9634717432;374460.7706856584;419125.3006744233;469117.2785435782;525072.1459047724;587701.13789258;657800.3235824071;736260.7247225839;824079.6413975459;922373.3285811875;1032391.184709951;1155531.632626961;1293359.894754076;1447627.888434013;1620296.494325686;1813560.480908265;2029876.401899315;2271993.821195295;2542990.262224833;2846310.325953354;3185809.474764127;3565803.038745301;3991121.067296888;4467169.723268114;4999999.999999929
2;358554027215;50;phasez;-1.55426;-1.5542;-1.55336;-1.55305;-1.55235;-1.55186;-1.55109;-1.55035;-1.54936;-1.54824;-1.54714;-1.54575;-1.54411;-1.54251;-1.5406;-1.5386;-1.53628;-1.5337;-1.53069;-1.52748;-1.52381;-1.51975;-1.51526;-1.51023;-1.50458;-1.49827;-1.49125;-1.48336;-1.47453;-1.46466;-1.45362;-1.44124;-1.42738;-1.41181;-1.39436;-1.3748;-1.35282;-1.32812;-1.30035;-1.2691;-1.23387;-1.19417;-1.14929;-1.09851;-1.04081;-0.975352;-0.900761;-0.815638;-0.718302;-0.606851
3;358872857795;20;absz;28459.9;23211.5;18928.9;15435.9;12585.9;10261.1;8367.04;6821.66;5561.47;4534;3695.49;3011.97;2453.97;1998.72;1627.45;1324.66;1077.94;877.742;716.539;589.287
3;358872857795;20;frequency;99999.99999990905;122862.535599424;150952.0265389597;185463.4873444638;227865.1431623047;279960.8926363817;343967.05137965;422606.6409511731;519225.2346839865;637933.2888043621;783781.0140572543;962973.2274171232;1183133.324347452;1453627.601814205;1785963.729760951;2194280.323268956;2695948.443325946;3312310.615921419;4069588.809647371;4999999.999999929
3;358872857795;20;phasez;-1.53956;-1.53621;-1.53168;-1.52626;-1.51961;-1.51144;-1.5013;-1.4889;-1.47355;-1.45472;-1.43146;-1.40272;-1.36722;-1.32321;-1.26851;-1.20029;-1.11461;-1.00652;-0.868843;-0.692337
