0;8341230781484;20;absz;1.36843e+08;9.97771e+07;7.27329e+07;5.29596e+07;3.85711e+07;2.80732e+07;2.04308e+07;1.48604e+07;1.08089e+07;7.85894e+06;5.71337e+06;4.15286e+06;3.01822e+06;2.19326e+06;1.59356e+06;1.15767e+06;840897;610703;443451;321948
0;8341230781484;20;frequency;9.999999974752427;13.86918846435492;19.23543905490988;26.67799336109056;37.00021196095804;51.31629158938722;71.17153245417285;98.70914048804025;136.9015682683994;189.8713664161278;263.3361782500288;365.2259113806622;506.5387032487934;702.5280792305466;974.3494403835484;1351.343611730726;1874.203936580443;2599.368780806799;3605.113577052066;4999.99999995282
0;8341230781484;20;phasez;-1.51149;-1.51483;-1.51739;-1.51997;-1.52221;-1.52441;-1.52549;-1.52691;-1.52811;-1.52902;-1.52972;-1.53024;-1.53049;-1.53046;-1.53008;-1.52925;-1.52779;-1.52548;-1.522;-1.51688
1;8342001480714;50;absz;7.41318e+06;6.3316e+06;5.43151e+06;4.63831e+06;3.97049e+06;3.40009e+06;2.90795e+06;2.48885e+06;2.1301e+06;1.82243e+06;1.55916e+06;1.33404e+06;1.14122e+06;976352;835206;714503;611210;522788;447181;382482;327138;279795;239292;204643;175011;149665;127984;109447;93586.7;80028.1;68432.2;58514.5;50032.7;42780.4;36578.7;31274.6;26738.2;22858.5;19540.2;16701.6;14273.2;12195.9;10418.2;8896.69;7594.2;6478.68;5522.55;4702.42;3998.17;3392.52
1;8342001480714;50;frequency;199.9999999213742;234.625769479635;275.2462588517801;322.8993264769997;378.802514688914;444.3841576318164;521.3198749487447;611.5753842550475;717.456725922716;841.6691823498468;987.3863981368913;1158.33146786315;1358.872060208682;1594.132014446359;1870.122253535556;2193.894364737048;2573.720768452858;3019.306079821149;3542.035062906734;4155.263512473084;4874.659497176026;5718.603679767398;6708.658946337209;7870.121340545211;9232.666380967203;10831.10727442716;12706.28439819177;14906.10877695531;17486.78621595445;20514.25336674129;24065.86241733066;28232.35745111674;33120.19296963342;38854.25382030405;45581.04601983359;53472.44000269313;62730.06193403319;73590.44528463698;86331.07429211862;101277.4737211686;118811.5260634959;139381.228686517;163512.140226203;191820.8086789974;225030.524286467;263989.7996954232;309694.0495706946;363311.0235703185;426210.642505751;499999.9999999716
1;8342001480714;50;phasez;-1.52837;-1.53119;-1.53062;-1.5311;-1.53177;-1.53317;-1.5331;-1.5331;-1.53319;-1.53377;-1.5341;-1.53443;-1.53461;-1.5349;-1.53517;-1.53533;-1.53563;-1.53578;-1.53599;-1.53615;-1.53626;-1.5363;-1.53635;-1.53627;-1.53619;-1.53599;-1.53572;-1.53533;-1.53484;-1.53421;-1.53343;-1.53249;-1.53136;-1.52999;-1.52837;-1.52646;-1.52419;-1.5215;-1.51832;-1.51456;-1.51011;-1.50483;-1.4986;-1.49121;-1.48245;-1.47206;-1.45973;-1.44504;-1.42748;-1.40638
2;8342770275224;50;absz;82439.1;73813.1;66084.5;59161.7;52956.1;47419.7;42443.9;38001.3;34017.8;30450.9;27259.5;24401.6;21843.1;19553.3;17503.5;15667.9;14025.2;12555;11237.6;10059.1;9003.72;8059.21;7213.3;6456.37;5778.51;5171.76;4628.67;4142.44;3707.1;3317.39;2968.49;2656.12;2376.37;2125.96;1901.69;1700.88;1521.02;1359.91;1215.63;1086.4;970.64;866.949;774.093;690.919;616.571;550.13;490.86;438.193;391.625;350.816
2;8342770275224;50;frequency;20000.00000002444;22385.53853899816;25055.61678390222;28044.17375656954;31389.19662092121;35133.2035329932;39323.78408414649;44014.2042055669;49264.08322518227;55140.1516811012;61717.09952482729;69078.52549602467;77317.99973512921;86540.25314108083;96862.50859274992;108415.9709538568;121347.4948009008;135821.4510731415;152021.8163702936;170154.5114554648;190450.0186878266;213166.3116533389;238592.1342356312;267050.6708003728;298903.6541519141;334555.9634717432;374460.7706856584;419125.3006744233;469117.2785435782;525072.1459047724;587701.13789258;657800.3235824071;736260.7247225839;824079.6413975459;922373.3285811875;1032391.184709951;1155531.632626961;1293359.894754076;1447627.888434013;1620296.494325686;1813560.480908265;2029876.401899315;2271993.821195295;2542990.262224833;2846310.325953354;3185809.474764127;3565803.038745301;3991121.067296888;4467169.723268114;4999999.999999929
2;8342770275224;50;phasez;-1.53786;-1.53768;-1.53749;-1.53706;-1.53659;-1.53637;-1.53585;-1.53522;-1.53426;-1.53354;-1.53259;-1.53131;-1.53017;-1.5287;-1.52704;-1.52512;-1.52309;-1.52064;-1.51796;-1.51491;-1.51148;-1.50763;-1.50333;-1.49851;-1.49303;-1.48695;-1.48011;-1.47243;-1.4638;-1.45412;-1.44327;-1.43109;-1.41741;-1.40206;-1.38483;-1.36544;-1.34367;-1.31915;-1.29157;-1.26048;-1.22541;-1.1858;-1.14101;-1.09023;-1.03254;-0.966957;-0.892111;-0.806553;-0.708554;-0.596128
3;8343088805534;20;absz;17042.8;13923.2;11370.3;9286.22;7584.78;6193.42;5057.83;4129.49;3371.52;2752.04;2245.6;1831.63;1493.41;1216.66;990.342;805.188;653.787;530.261;430.061;349.958
3;8343088805534;20;frequency;99999.99999990905;122862.535599424;150952.0265389597;185463.4873444638;227865.1431623047;279960.8926363817;343967.05137965;422606.6409511731;519225.2346839865;637933.2888043621;783781.0140572543;962973.2274171232;1183133.324347452;1453627.601814205;1785963.729760951;2194280.323268956;2695948.443325946;3312310.615921419;4069588.809647371;4999999.999999929
3;8343088805534;20;phasez;-1.52614;-1.52301;-1.51901;-1.51393;-1.50761;-1.49978;-1.49009;-1.47801;-1.46307;-1.44457;-1.42166;-1.3933;-1.35814;-1.31446;-1.26005;-1.19203;-1.10645;-0.998116;-0.859747;-0.681724
