0;8491904657606;20;absz;1.36781e+08;9.97361e+07;7.26779e+07;5.29337e+07;3.85453e+07;2.8059e+07;2.04177e+07;1.48515e+07;1.08005e+07;7.85338e+06;5.70945e+06;4.15032e+06;3.01625e+06;2.19188e+06;1.59259e+06;1.15696e+06;840390;610339;443186;321756
0;8491904657606;20;frequency;9.999999974752427;13.86918846435492;19.23543905490988;26.67799336109056;37.00021196095804;51.31629158938722;71.17153245417285;98.70914048804025;136.9015682683994;189.8713664161278;263.3361782500288;365.2259113806622;506.5387032487934;702.5280792305466;974.3494403835484;1351.343611730726;1874.203936580443;2599.368780806799;3605.113577052066;4999.99999995282
0;8491904657606;20;phasez;-1.51139;-1.51449;-1.51734;-1.51983;-1.52208;-1.52361;-1.52564;-1.52693;-1.52809;-1.52896;-1.52967;-1.53015;-1.53042;-1.53042;-1.53006;-1.52923;-1.52777;-1.52545;-1.52197;-1.51683
1;8492672617847;50;absz;7.39065e+06;6.32964e+06;5.42397e+06;4.63946e+06;3.97134e+06;3.39886e+06;2.90988e+06;2.48694e+06;2.12871e+06;1.82108e+06;1.55834e+06;1.33303e+06;1.14056e+06;975708;834754;714001;610813;522499;446914;382260;326953;279624;239143;204517;174903;149573;127909;109380;93533.8;79980.7;68392.4;58480.9;50005.8;42757.7;36559.9;31258.3;26724.8;22846.7;19531.1;16694.7;14268;12191.8;10415.1;8894.36;7592.39;6477.32;5521.7;4701.9;3997.89;3392.36
1;8492672617847;50;frequency;199.9999999213742;234.625769479635;275.2462588517801;322.8993264769997;378.802514688914;444.3841576318164;521.3198749487447;611.5753842550475;717.456725922716;841.6691823498468;987.3863981368913;1158.33146786315;1358.872060208682;1594.132014446359;1870.122253535556;2193.894364737048;2573.720768452858;3019.306079821149;3542.035062906734;4155.263512473084;4874.659497176026;5718.603679767398;6708.658946337209;7870.121340545211;9232.666380967203;10831.10727442716;12706.28439819177;14906.10877695531;17486.78621595445;20514.25336674129;24065.86241733066;28232.35745111674;33120.19296963342;38854.25382030405;45581.04601983359;53472.44000269313;62730.06193403319;73590.44528463698;86331.07429211862;101277.4737211686;118811.5260634959;139381.228686517;163512.140226203;191820.8086789974;225030.524286467;263989.7996954232;309694.0495706946;363311.0235703185;426210.642505751;499999.9999999716
1;8492672617847;50;phasez;-1.53182;-1.5304;-1.52976;-1.53079;-1.53229;-1.53215;-1.53308;-1.53313;-1.53308;-1.53365;-1.53403;-1.53422;-1.53459;-1.53502;-1.53512;-1.53541;-1.5356;-1.53576;-1.53598;-1.53605;-1.53619;-1.53626;-1.53627;-1.53622;-1.53612;-1.53593;-1.53564;-1.53525;-1.53474;-1.5341;-1.53331;-1.53236;-1.53121;-1.52984;-1.5282;-1.52627;-1.52399;-1.52129;-1.51807;-1.5143;-1.50983;-1.50454;-1.49829;-1.49089;-1.48213;-1.47175;-1.45941;-1.44474;-1.42719;-1.4061
2;8493444092358;50;absz;82386;73765.9;66032.5;59126;52936.1;47390.7;42426.2;37979.5;33997.4;30435.6;27244.4;24388;21833.9;19545.2;17497.4;15662.4;14020;12549.8;11233.9;10055.6;9001.47;8056.77;7211.4;6454.64;5777.33;5170.87;4627.96;4141.88;3706.65;3317.16;2968.42;2656.1;2376.46;2126.02;1901.78;1700.99;1521.1;1360.03;1215.77;1086.52;970.757;867.048;774.194;691.034;616.678;550.239;490.952;438.273;391.697;350.888
2;8493444092358;50;frequency;20000.00000002444;22385.53853899816;25055.61678390222;28044.17375656954;31389.19662092121;35133.2035329932;39323.78408414649;44014.2042055669;49264.08322518227;55140.1516811012;61717.09952482729;69078.52549602467;77317.99973512921;86540.25314108083;96862.50859274992;108415.9709538568;121347.4948009008;135821.4510731415;152021.8163702936;170154.5114554648;190450.0186878266;213166.3116533389;238592.1342356312;267050.6708003728;298903.6541519141;334555.9634717432;374460.7706856584;419125.3006744233;469117.2785435782;525072.1459047724;587701.13789258;657800.3235824071;736260.7247225839;824079.6413975459;922373.3285811875;1032391.184709951;1155531.632626961;1293359.894754076;1447627.888434013;1620296.494325686;1813560.480908265;2029876.401899315;2271993.821195295;2542990.262224833;2846310.325953354;3185809.474764127;3565803.038745301;3991121.067296888;4467169.723268114;4999999.999999929
2;8493444092358;50;phasez;-1.53787;-1.53771;-1.53728;-1.537;-1.53657;-1.53617;-1.53559;-1.53495;-1.53421;-1.53341;-1.53233;-1.5312;-1.52995;-1.52844;-1.52679;-1.52491;-1.52278;-1.52038;-1.51769;-1.51465;-1.51117;-1.50733;-1.50307;-1.49816;-1.49274;-1.48664;-1.47979;-1.47211;-1.46349;-1.45383;-1.44299;-1.43083;-1.41717;-1.40183;-1.3846;-1.36525;-1.34347;-1.31898;-1.2914;-1.26033;-1.22527;-1.18567;-1.14089;-1.0901;-1.03244;-0.966851;-0.892006;-0.806457;-0.708468;-0.596049
3;8493761570182;20;absz;17032.4;13915.7;11364.4;9282.49;7582.23;6191.7;5056.78;4128.92;3371.08;2751.85;2245.57;1831.62;1493.45;1216.73;990.424;805.27;653.848;530.337;430.126;350.017
3;8493761570182;20;frequency;99999.99999990905;122862.535599424;150952.0265389597;185463.4873444638;227865.1431623047;279960.8926363817;343967.05137965;422606.6409511731;519225.2346839865;637933.2888043621;783781.0140572543;962973.2274171232;1183133.324347452;1453627.601814205;1785963.729760951;2194280.323268956;2695948.443325946;3312310.615921419;4069588.809647371;4999999.999999929
3;8493761570182;20;phasez;-1.52593;-1.52273;-1.51877;-1.51362;-1.50733;-1.4995;-1.48975;-1.47771;-1.46275;-1.44428;-1.42142;-1.39307;-1.35795;-1.3143;-1.25991;-1.19189;-1.10633;-0.99801;-0.859666;-0.681678
