0;2795167097376;20;absz;1.74884e+08;1.26783e+08;9.18626e+07;6.65686e+07;4.82255e+07;3.49402e+07;2.52988e+07;1.83253e+07;1.32698e+07;9.60746e+06;6.9562e+06;5.03592e+06;3.64545e+06;2.63889e+06;1.91016e+06;1.3826e+06;1.00072e+06;724278;524176;379327
0;2795167097376;20;frequency;9.999999974752427;13.86918846435492;19.23543905490988;26.67799336109056;37.00021196095804;51.31629158938722;71.17153245417285;98.70914048804025;136.9015682683994;189.8713664161278;263.3361782500288;365.2259113806622;506.5387032487934;702.5280792305466;974.3494403835484;1351.343611730726;1874.203936580443;2599.368780806799;3605.113577052066;4999.99999995282
0;2795167097376;20;phasez;-1.54547;-1.54531;-1.54603;-1.54668;-1.54744;-1.54896;-1.54851;-1.54907;-1.54942;-1.54968;-1.54975;-1.54971;-1.5494;-1.54887;-1.548;-1.54665;-1.54473;-1.54195;-1.538;-1.53244
1;2795937728730;50;absz;9.04903e+06;7.75e+06;6.60335e+06;5.63869e+06;4.81758e+06;4.11573e+06;3.5128e+06;3.00003e+06;2.56152e+06;2.18889e+06;1.86889e+06;1.59579e+06;1.36277e+06;1.16388e+06;993865;848850;724878;619026;528663;451447;385508;329206;281125;240065;204993;175044;149475;127640;108990;93064.5;79464.3;67851.4;57933.3;49466.1;42233.9;36057.4;30782.1;26277.5;22429.9;19144;16336.8;13938.9;11890.3;10139.4;8642.64;7362.7;6267.26;5329.3;4525.03;3834.49
1;2795937728730;50;frequency;199.9999999213742;234.625769479635;275.2462588517801;322.8993264769997;378.802514688914;444.3841576318164;521.3198749487447;611.5753842550475;717.456725922716;841.6691823498468;987.3863981368913;1158.33146786315;1358.872060208682;1594.132014446359;1870.122253535556;2193.894364737048;2573.720768452858;3019.306079821149;3542.035062906734;4155.263512473084;4874.659497176026;5718.603679767398;6708.658946337209;7870.121340545211;9232.666380967203;10831.10727442716;12706.28439819177;14906.10877695531;17486.78621595445;20514.25336674129;24065.86241733066;28232.35745111674;33120.19296963342;38854.25382030405;45581.04601983359;53472.44000269313;62730.06193403319;73590.44528463698;86331.07429211862;101277.4737211686;118811.5260634959;139381.228686517;163512.140226203;191820.8086789974;225030.524286467;263989.7996954232;309694.0495706946;363311.0235703185;426210.642505751;499999.9999999716
1;2795937728730;50;phasez;-1.55203;-1.55148;-1.5522;-1.5498;-1.55037;-1.55126;-1.55185;-1.55144;-1.55152;-1.55149;-1.55201;-1.55169;-1.55217;-1.55188;-1.55209;-1.55209;-1.55209;-1.55207;-1.55199;-1.55194;-1.55186;-1.55175;-1.55159;-1.55138;-1.55112;-1.55078;-1.55039;-1.5499;-1.54932;-1.54863;-1.54778;-1.54678;-1.54561;-1.5442;-1.54255;-1.54061;-1.5383;-1.53557;-1.53233;-1.52851;-1.52397;-1.51861;-1.51226;-1.50474;-1.49585;-1.48532;-1.47281;-1.45794;-1.44017;-1.41884
2;2796706640865;50;absz;95912.5;85792.3;76704.5;68606;61356.4;54878.5;49082.8;43893.8;39246.8;35098.3;31387.6;28069.1;25102.8;22446.1;20070.8;17948.4;16051.8;14352.7;12834;11476.5;10262.1;9175.85;8204.82;7336.54;6559.84;5865.25;5244.26;4688.87;4192.19;3747.9;3350.71;2995.39;2677.64;2393.37;2139.16;1911.78;1708.35;1526.36;1363.58;1217.89;1087.58;971.018;866.747;773.492;690.242;615.954;549.793;491.114;439.346;394.113
2;2796706640865;50;frequency;20000.00000002444;22385.53853899816;25055.61678390222;28044.17375656954;31389.19662092121;35133.2035329932;39323.78408414649;44014.2042055669;49264.08322518227;55140.1516811012;61717.09952482729;69078.52549602467;77317.99973512921;86540.25314108083;96862.50859274992;108415.9709538568;121347.4948009008;135821.4510731415;152021.8163702936;170154.5114554648;190450.0186878266;213166.3116533389;238592.1342356312;267050.6708003728;298903.6541519141;334555.9634717432;374460.7706856584;419125.3006744233;469117.2785435782;525072.1459047724;587701.13789258;657800.3235824071;736260.7247225839;824079.6413975459;922373.3285811875;1032391.184709951;1155531.632626961;1293359.894754076;1447627.888434013;1620296.494325686;1813560.480908265;2029876.401899315;2271993.821195295;2542990.262224833;2846310.325953354;3185809.474764127;3565803.038745301;3991121.067296888;4467169.723268114;4999999.999999929
2;2796706640865;50;phasez;-1.5522;-1.55243;-1.55151;-1.55132;-1.5507;-1.5505;-1.54998;-1.54922;-1.54857;-1.5477;-1.54661;-1.54561;-1.54425;-1.54276;-1.54093;-1.53908;-1.53689;-1.5345;-1.53165;-1.52861;-1.52507;-1.52114;-1.51672;-1.51176;-1.50621;-1.49996;-1.49298;-1.48514;-1.47637;-1.46652;-1.45547;-1.44308;-1.4292;-1.41362;-1.39612;-1.3765;-1.35443;-1.32965;-1.30178;-1.27038;-1.23502;-1.19511;-1.15002;-1.09897;-1.04102;-0.975192;-0.900151;-0.814465;-0.716394;-0.604012
3;2797025069966;20;absz;19534;15931.7;12988.7;10587;8630.71;7035.64;5734.67;4674.35;3809.26;3104.21;2529;2059.7;1676.95;1364.66;1109.7;901.616;731.878;593.754;482.055;393.145
3;2797025069966;20;frequency;99999.99999990905;122862.535599424;150952.0265389597;185463.4873444638;227865.1431623047;279960.8926363817;343967.05137965;422606.6409511731;519225.2346839865;637933.2888043621;783781.0140572543;962973.2274171232;1183133.324347452;1453627.601814205;1785963.729760951;2194280.323268956;2695948.443325946;3312310.615921419;4069588.809647371;4999999.999999929
3;2797025069966;20;phasez;-1.54008;-1.53683;-1.53265;-1.52753;-1.521;-1.51301;-1.50304;-1.4907;-1.47545;-1.4566;-1.43332;-1.40452;-1.36888;-1.32469;-1.26973;-1.20116;-1.11505;-1.0063;-0.867658;-0.689627
