0;1905216396982;20;absz;1.91502e+08;1.38689e+08;1.00365e+08;7.25945e+07;5.25281e+07;3.80149e+07;2.74964e+07;1.98915e+07;1.43895e+07;1.0409e+07;7.52903e+06;5.44546e+06;3.9378e+06;2.84706e+06;2.05815e+06;1.48768e+06;1.07522e+06;777048;561540;405786
0;1905216396982;20;frequency;9.999999974752427;13.86918846435492;19.23543905490988;26.67799336109056;37.00021196095804;51.31629158938722;71.17153245417285;98.70914048804025;136.9015682683994;189.8713664161278;263.3361782500288;365.2259113806622;506.5387032487934;702.5280792305466;974.3494403835484;1351.343611730726;1874.203936580443;2599.368780806799;3605.113577052066;4999.99999995282
0;1905216396982;20;phasez;-1.55493;-1.55323;-1.55359;-1.55405;-1.55409;-1.55469;-1.55448;-1.55463;-1.55478;-1.55496;-1.555;-1.5551;-1.55503;-1.55476;-1.5541;-1.55294;-1.55107;-1.54827;-1.54419;-1.53841
1;1905986111401;50;absz;9.81972e+06;8.36727e+06;7.14473e+06;6.09473e+06;5.20298e+06;4.44141e+06;3.7969e+06;3.23816e+06;2.76356e+06;2.35782e+06;2.01311e+06;1.71858e+06;1.46656e+06;1.25147e+06;1.06814e+06;911402;777781;663720;566398;483327;412449;351969;300352;256323;218737;186669;159313;135965;116041;99038.7;84531.1;72149.1;61582.9;52565.8;44869.8;38300.6;32692.5;27905.6;23818.5;20328.8;17349;14804.1;12629.8;10772.2;9184.28;7826.27;6664.27;5668.89;4815.42;4082.43
1;1905986111401;50;frequency;199.9999999213742;234.625769479635;275.2462588517801;322.8993264769997;378.802514688914;444.3841576318164;521.3198749487447;611.5753842550475;717.456725922716;841.6691823498468;987.3863981368913;1158.33146786315;1358.872060208682;1594.132014446359;1870.122253535556;2193.894364737048;2573.720768452858;3019.306079821149;3542.035062906734;4155.263512473084;4874.659497176026;5718.603679767398;6708.658946337209;7870.121340545211;9232.666380967203;10831.10727442716;12706.28439819177;14906.10877695531;17486.78621595445;20514.25336674129;24065.86241733066;28232.35745111674;33120.19296963342;38854.25382030405;45581.04601983359;53472.44000269313;62730.06193403319;73590.44528463698;86331.07429211862;101277.4737211686;118811.5260634959;139381.228686517;163512.140226203;191820.8086789974;225030.524286467;263989.7996954232;309694.0495706946;363311.0235703185;426210.642505751;499999.9999999716
1;1905986111401;50;phasez;-1.55486;-1.55532;-1.55637;-1.55621;-1.55759;-1.55747;-1.55759;-1.55767;-1.55727;-1.55807;-1.55812;-1.55817;-1.55838;-1.5584;-1.55847;-1.55836;-1.55847;-1.55835;-1.55824;-1.55807;-1.5579;-1.55763;-1.55729;-1.55687;-1.55638;-1.55581;-1.55515;-1.55437;-1.55346;-1.55242;-1.55123;-1.54987;-1.5483;-1.54651;-1.54444;-1.54208;-1.53935;-1.53619;-1.53253;-1.52828;-1.52332;-1.51754;-1.51077;-1.50284;-1.49355;-1.4826;-1.46971;-1.45445;-1.43631;-1.41462
2;1906755507734;50;absz;102132;91269.2;81602;72965.5;65252.8;58329.4;52155.3;46633.5;41703.3;37288.5;33341.5;29809.4;26658.4;23838.1;21316.3;19062.7;17046.3;15244.9;13633;12191.8;10903.5;9751.56;8721.06;7799.86;6975.78;6239;5579.79;4990.4;4463.29;3991.65;3569.78;3192.54;2854.95;2552.97;2282.83;2041.04;1824.77;1631.23;1458.02;1303.02;1164.31;1040.16;929.133;829.828;741.164;662.047;591.587;529.126;474.045;425.986
2;1906755507734;50;frequency;20000.00000002444;22385.53853899816;25055.61678390222;28044.17375656954;31389.19662092121;35133.2035329932;39323.78408414649;44014.2042055669;49264.08322518227;55140.1516811012;61717.09952482729;69078.52549602467;77317.99973512921;86540.25314108083;96862.50859274992;108415.9709538568;121347.4948009008;135821.4510731415;152021.8163702936;170154.5114554648;190450.0186878266;213166.3116533389;238592.1342356312;267050.6708003728;298903.6541519141;334555.9634717432;374460.7706856584;419125.3006744233;469117.2785435782;525072.1459047724;587701.13789258;657800.3235824071;736260.7247225839;824079.6413975459;922373.3285811875;1032391.184709951;1155531.632626961;1293359.894754076;1447627.888434013;1620296.494325686;1813560.480908265;2029876.401899315;2271993.821195295;2542990.262224833;2846310.325953354;3185809.474764127;3565803.038745301;3991121.067296888;4467169.723268114;4999999.999999929
2;1906755507734;50;phasez;-1.55577;-1.55562;-1.55502;-1.55435;-1.55388;-1.55303;-1.5523;-1.55135;-1.55017;-1.54916;-1.5478;-1.54632;-1.5447;-1.54285;-1.54091;-1.53863;-1.53616;-1.53341;-1.53035;-1.52694;-1.52318;-1.51893;-1.51422;-1.50897;-1.50313;-1.49666;-1.48942;-1.4813;-1.4723;-1.46221;-1.45094;-1.43834;-1.42424;-1.40846;-1.39077;-1.37093;-1.3487;-1.32372;-1.29567;-1.26411;-1.22856;-1.1885;-1.14325;-1.09205;-1.03392;-0.967974;-0.89282;-0.807014;-0.70886;-0.596438
3;1907073012488;20;absz;20751;16921.7;13799.7;11251.1;9174.52;7481.96;6100.81;4975.24;4056.89;3308.22;2697.16;2198.48;1791.34;1459.23;1187.86;966.34;785.527;638.414;519.486;424.951
3;1907073012488;20;frequency;99999.99999990905;122862.535599424;150952.0265389597;185463.4873444638;227865.1431623047;279960.8926363817;343967.05137965;422606.6409511731;519225.2346839865;637933.2888043621;783781.0140572543;962973.2274171232;1183133.324347452;1453627.601814205;1785963.729760951;2194280.323268956;2695948.443325946;3312310.615921419;4069588.809647371;4999999.999999929
3;1907073012488;20;phasez;-1.5399;-1.53606;-1.53147;-1.52572;-1.51876;-1.51019;-1.49974;-1.48696;-1.47125;-1.45199;-1.42831;-1.39912;-1.36311;-1.31858;-1.2633;-1.19444;-1.10805;-0.999042;-0.860188;-0.682022
