0;7786061555554;20;absz;1.37385e+08;1.00187e+08;7.3021e+07;5.31906e+07;3.87219e+07;2.81721e+07;2.05015e+07;1.49125e+07;1.08441e+07;7.8847e+06;5.7318e+06;4.16614e+06;3.02781e+06;2.20011e+06;1.59848e+06;1.16124e+06;843463;612542;444775;322892
0;7786061555554;20;frequency;9.999999974752427;13.86918846435492;19.23543905490988;26.67799336109056;37.00021196095804;51.31629158938722;71.17153245417285;98.70914048804025;136.9015682683994;189.8713664161278;263.3361782500288;365.2259113806622;506.5387032487934;702.5280792305466;974.3494403835484;1351.343611730726;1874.203936580443;2599.368780806799;3605.113577052066;4999.99999995282
0;7786061555554;20;phasez;-1.5122;-1.5155;-1.51804;-1.52091;-1.52302;-1.52504;-1.52616;-1.5275;-1.52856;-1.52937;-1.53005;-1.53049;-1.53071;-1.53067;-1.53028;-1.52943;-1.52798;-1.52567;-1.5222;-1.51709
1;7786833865152;50;absz;7.43606e+06;6.34745e+06;5.43576e+06;4.65554e+06;3.9876e+06;3.41171e+06;2.91698e+06;2.49752e+06;2.13703e+06;1.82777e+06;1.56384e+06;1.33821e+06;1.14484e+06;979332;837692;716659;613040;524349;448516;383618;328092;280613;239985;205226;175506;150085;128342;109747;93842.5;80244.4;68614.1;58669.2;50164.8;42892.8;36673.7;31354.6;26806.1;22915.9;19588.7;16742.4;14307.9;12225.1;10443;8917.75;7611.98;6493.55;5535.04;4712.93;4007.09;3400.09
1;7786833865152;50;frequency;199.9999999213742;234.625769479635;275.2462588517801;322.8993264769997;378.802514688914;444.3841576318164;521.3198749487447;611.5753842550475;717.456725922716;841.6691823498468;987.3863981368913;1158.33146786315;1358.872060208682;1594.132014446359;1870.122253535556;2193.894364737048;2573.720768452858;3019.306079821149;3542.035062906734;4155.263512473084;4874.659497176026;5718.603679767398;6708.658946337209;7870.121340545211;9232.666380967203;10831.10727442716;12706.28439819177;14906.10877695531;17486.78621595445;20514.25336674129;24065.86241733066;28232.35745111674;33120.19296963342;38854.25382030405;45581.04601983359;53472.44000269313;62730.06193403319;73590.44528463698;86331.07429211862;101277.4737211686;118811.5260634959;139381.228686517;163512.140226203;191820.8086789974;225030.524286467;263989.7996954232;309694.0495706946;363311.0235703185;426210.642505751;499999.9999999716
1;7786833865152;50;phasez;-1.5313;-1.53285;-1.53161;-1.53157;-1.53245;-1.53238;-1.53222;-1.53326;-1.53353;-1.53377;-1.5344;-1.5344;-1.53471;-1.5351;-1.53532;-1.53559;-1.53574;-1.53601;-1.53621;-1.53635;-1.53645;-1.53653;-1.53655;-1.53653;-1.5364;-1.53623;-1.53595;-1.53556;-1.53506;-1.53444;-1.53366;-1.53272;-1.53159;-1.53023;-1.52861;-1.52671;-1.52444;-1.52176;-1.51859;-1.51483;-1.51037;-1.5051;-1.49886;-1.49147;-1.48271;-1.47233;-1.45999;-1.44531;-1.42776;-1.40666
2;7787602829292;50;absz;82621.3;73997.4;66229.4;59307.5;53098.2;47532.9;42561.2;38091.1;34096.1;30525.6;27328.8;24461.5;21894.3;19599.4;17544.7;15703.8;14058.1;12583.4;11263.5;10081.5;9024.38;8076.92;7229.53;6470.23;5791.1;5183.02;4638.61;4151.35;3714.99;3324.45;2974.69;2661.6;2381.3;2130.3;1905.53;1704.27;1524.01;1362.57;1217.99;1088.48;972.461;868.563;775.504;692.182;617.688;551.114;491.726;438.96;392.303;351.429
2;7787602829292;50;frequency;20000.00000002444;22385.53853899816;25055.61678390222;28044.17375656954;31389.19662092121;35133.2035329932;39323.78408414649;44014.2042055669;49264.08322518227;55140.1516811012;61717.09952482729;69078.52549602467;77317.99973512921;86540.25314108083;96862.50859274992;108415.9709538568;121347.4948009008;135821.4510731415;152021.8163702936;170154.5114554648;190450.0186878266;213166.3116533389;238592.1342356312;267050.6708003728;298903.6541519141;334555.9634717432;374460.7706856584;419125.3006744233;469117.2785435782;525072.1459047724;587701.13789258;657800.3235824071;736260.7247225839;824079.6413975459;922373.3285811875;1032391.184709951;1155531.632626961;1293359.894754076;1447627.888434013;1620296.494325686;1813560.480908265;2029876.401899315;2271993.821195295;2542990.262224833;2846310.325953354;3185809.474764127;3565803.038745301;3991121.067296888;4467169.723268114;4999999.999999929
2;7787602829292;50;phasez;-1.53799;-1.53775;-1.53768;-1.53738;-1.53703;-1.53641;-1.53592;-1.53533;-1.53463;-1.5338;-1.5328;-1.53177;-1.53031;-1.52897;-1.52733;-1.52541;-1.52333;-1.52092;-1.51824;-1.51517;-1.51177;-1.50793;-1.50363;-1.49878;-1.49332;-1.48722;-1.48038;-1.47271;-1.46408;-1.45442;-1.44357;-1.4314;-1.41774;-1.4024;-1.38516;-1.3658;-1.34403;-1.31954;-1.29197;-1.26089;-1.22583;-1.18624;-1.14146;-1.09068;-1.03303;-0.967448;-0.892621;-0.807086;-0.709113;-0.596705
3;7787920481354;20;absz;17075.7;13950;11392.4;9304.61;7599.6;6205.32;5067.4;4137.56;3377.81;2757.21;2249.72;1834.9;1496.03;1218.76;992.021;806.509;654.827;531.111;430.74;350.51
3;7787920481354;20;frequency;99999.99999990905;122862.535599424;150952.0265389597;185463.4873444638;227865.1431623047;279960.8926363817;343967.05137965;422606.6409511731;519225.2346839865;637933.2888043621;783781.0140572543;962973.2274171232;1183133.324347452;1453627.601814205;1785963.729760951;2194280.323268956;2695948.443325946;3312310.615921419;4069588.809647371;4999999.999999929
3;7787920481354;20;phasez;-1.52653;-1.52334;-1.51924;-1.51418;-1.50791;-1.50007;-1.49036;-1.47828;-1.46337;-1.44488;-1.42201;-1.39367;-1.35852;-1.31488;-1.2605;-1.1925;-1.10695;-0.99866;-0.860347;-0.682381
