0;3980741288918;20;absz;1.57298e+08;1.14301e+08;8.30442e+07;6.03675e+07;4.38476e+07;3.18416e+07;2.31207e+07;1.67857e+07;1.21816e+07;8.84001e+06;6.41424e+06;4.65297e+06;3.37494e+06;2.4474e+06;1.77447e+06;1.28634e+06;932338;675661;489592;354708
0;3980741288918;20;frequency;9.999999974752427;13.86918846435492;19.23543905490988;26.67799336109056;37.00021196095804;51.31629158938722;71.17153245417285;98.70914048804025;136.9015682683994;189.8713664161278;263.3361782500288;365.2259113806622;506.5387032487934;702.5280792305466;974.3494403835484;1351.343611730726;1874.203936580443;2599.368780806799;3605.113577052066;4999.99999995282
0;3980741288918;20;phasez;-1.53156;-1.53166;-1.53328;-1.53406;-1.53496;-1.53563;-1.53705;-1.53795;-1.53871;-1.53933;-1.53988;-1.54027;-1.54053;-1.54053;-1.54017;-1.53932;-1.53781;-1.5354;-1.53178;-1.52647
1;3981510445142;50;absz;8.32286e+06;7.11894e+06;6.08953e+06;5.20169e+06;4.45657e+06;3.80614e+06;3.25494e+06;2.77997e+06;2.37721e+06;2.03145e+06;1.73588e+06;1.48355e+06;1.26788e+06;1.08371e+06;926022;791355;676296;577861;493762;421889;360476;308004;263155;224830;192086;164116;140213;119792;102346;87438;74704.8;63825.2;54529.5;46588.1;39803.1;34005.8;29051.3;24817.7;21199.6;18107.3;15463.9;13204.2;11271.7;9618.82;8204.86;6994.65;5958.07;5069.56;4307.04;3651.95
1;3981510445142;50;frequency;199.9999999213742;234.625769479635;275.2462588517801;322.8993264769997;378.802514688914;444.3841576318164;521.3198749487447;611.5753842550475;717.456725922716;841.6691823498468;987.3863981368913;1158.33146786315;1358.872060208682;1594.132014446359;1870.122253535556;2193.894364737048;2573.720768452858;3019.306079821149;3542.035062906734;4155.263512473084;4874.659497176026;5718.603679767398;6708.658946337209;7870.121340545211;9232.666380967203;10831.10727442716;12706.28439819177;14906.10877695531;17486.78621595445;20514.25336674129;24065.86241733066;28232.35745111674;33120.19296963342;38854.25382030405;45581.04601983359;53472.44000269313;62730.06193403319;73590.44528463698;86331.07429211862;101277.4737211686;118811.5260634959;139381.228686517;163512.140226203;191820.8086789974;225030.524286467;263989.7996954232;309694.0495706946;363311.0235703185;426210.642505751;499999.9999999716
1;3981510445142;50;phasez;-1.54127;-1.54074;-1.54046;-1.54037;-1.54141;-1.54288;-1.542;-1.54336;-1.54354;-1.54387;-1.54414;-1.5442;-1.54467;-1.54481;-1.54511;-1.54533;-1.54554;-1.54569;-1.54575;-1.54585;-1.54587;-1.54586;-1.5458;-1.54563;-1.54539;-1.54507;-1.54465;-1.54413;-1.54349;-1.54272;-1.54181;-1.54073;-1.53945;-1.53796;-1.53623;-1.53421;-1.53184;-1.52907;-1.52583;-1.52201;-1.51752;-1.51224;-1.506;-1.49863;-1.48992;-1.47959;-1.46733;-1.45273;-1.43527;-1.41427
2;3982280790515;50;absz;90102.2;80618.4;72147.4;64552.4;57733.5;51666.7;46230;41362.8;37003.5;33112.7;29624;26503.9;23715.1;21215.5;18982.6;16983.4;15195.7;13594.3;12163.6;10881.5;9735.37;8709.59;7791.72;6970.15;6235.28;5577.84;4989.38;4462.79;3991.66;3570.1;3192.79;2855.28;2553.11;2282.77;2040.81;1824.3;1630.5;1457.02;1301.77;1162.78;1038.41;927.079;827.466;738.314;658.712;587.627;524.277;468.05;418.408;374.98
2;3982280790515;50;frequency;20000.00000002444;22385.53853899816;25055.61678390222;28044.17375656954;31389.19662092121;35133.2035329932;39323.78408414649;44014.2042055669;49264.08322518227;55140.1516811012;61717.09952482729;69078.52549602467;77317.99973512921;86540.25314108083;96862.50859274992;108415.9709538568;121347.4948009008;135821.4510731415;152021.8163702936;170154.5114554648;190450.0186878266;213166.3116533389;238592.1342356312;267050.6708003728;298903.6541519141;334555.9634717432;374460.7706856584;419125.3006744233;469117.2785435782;525072.1459047724;587701.13789258;657800.3235824071;736260.7247225839;824079.6413975459;922373.3285811875;1032391.184709951;1155531.632626961;1293359.894754076;1447627.888434013;1620296.494325686;1813560.480908265;2029876.401899315;2271993.821195295;2542990.262224833;2846310.325953354;3185809.474764127;3565803.038745301;3991121.067296888;4467169.723268114;4999999.999999929
2;3982280790515;50;phasez;-1.54626;-1.5458;-1.54584;-1.54542;-1.5448;-1.54435;-1.54368;-1.54299;-1.54227;-1.54132;-1.54026;-1.53903;-1.53767;-1.53622;-1.53449;-1.5326;-1.53044;-1.52805;-1.52537;-1.52235;-1.51892;-1.51512;-1.51087;-1.50606;-1.50066;-1.4946;-1.48782;-1.48019;-1.47163;-1.46204;-1.45124;-1.43913;-1.4255;-1.41021;-1.39302;-1.37369;-1.35196;-1.3275;-1.29995;-1.26891;-1.23389;-1.19433;-1.1496;-1.09892;-1.04132;-0.975852;-0.901175;-0.815833;-0.718119;-0.606062
3;3982598689427;20;absz;18478.7;15083.9;12308;10042.4;8194.85;6685.8;5454.26;4449.29;3628.54;2958.95;2411.98;1965.31;1600.73;1302.9;1059.58;860.811;698.543;566.392;459.401;374.083
3;3982598689427;20;frequency;99999.99999990905;122862.535599424;150952.0265389597;185463.4873444638;227865.1431623047;279960.8926363817;343967.05137965;422606.6409511731;519225.2346839865;637933.2888043621;783781.0140572543;962973.2274171232;1183133.324347452;1453627.601814205;1785963.729760951;2194280.323268956;2695948.443325946;3312310.615921419;4069588.809647371;4999999.999999929
3;3982598689427;20;phasez;-1.53361;-1.53042;-1.52635;-1.52139;-1.51512;-1.50734;-1.49772;-1.48579;-1.47097;-1.45258;-1.4298;-1.40153;-1.36647;-1.32287;-1.26855;-1.20063;-1.1152;-1.0071;-0.869116;-0.691723
