0;705687866152;20;absz;2.29029e+08;1.65596e+08;1.19869e+08;8.66576e+07;6.26932e+07;4.53744e+07;3.28156e+07;2.37377e+07;1.71755e+07;1.24277e+07;8.99213e+06;6.50707e+06;4.70872e+06;3.40765e+06;2.46598e+06;1.78451e+06;1.29133e+06;934449;676214;489346
0;705687866152;20;frequency;9.999999974752427;13.86918846435492;19.23543905490988;26.67799336109056;37.00021196095804;51.31629158938722;71.17153245417285;98.70914048804025;136.9015682683994;189.8713664161278;263.3361782500288;365.2259113806622;506.5387032487934;702.5280792305466;974.3494403835484;1351.343611730726;1874.203936580443;2599.368780806799;3605.113577052066;4999.99999995282
0;705687866152;20;phasez;-1.55549;-1.55546;-1.55553;-1.55488;-1.5549;-1.55504;-1.55425;-1.554;-1.5536;-1.55322;-1.55268;-1.55208;-1.55138;-1.55049;-1.54931;-1.54769;-1.54544;-1.5423;-1.53797;-1.53198
1;706459075732;50;absz;1.17018e+07;9.9941e+06;8.51209e+06;7.30053e+06;6.22404e+06;5.31281e+06;4.53588e+06;3.87455e+06;3.30941e+06;2.82401e+06;2.41278e+06;2.05975e+06;1.75849e+06;1.50212e+06;1.28254e+06;1.09504e+06;935172;798597;681970;582346;497271;424648;362647;309696;264469;225866;192894;164743;140702;120175;102643;87668;74882;63961.5;54634.1;46666.8;39860.8;34046.6;29079.6;24835;21207.9;18108.4;15458.2;13192.3;11254.1;9595.28;8174.98;6957.64;5913.1;5015.35
1;706459075732;50;frequency;199.9999999213742;234.625769479635;275.2462588517801;322.8993264769997;378.802514688914;444.3841576318164;521.3198749487447;611.5753842550475;717.456725922716;841.6691823498468;987.3863981368913;1158.33146786315;1358.872060208682;1594.132014446359;1870.122253535556;2193.894364737048;2573.720768452858;3019.306079821149;3542.035062906734;4155.263512473084;4874.659497176026;5718.603679767398;6708.658946337209;7870.121340545211;9232.666380967203;10831.10727442716;12706.28439819177;14906.10877695531;17486.78621595445;20514.25336674129;24065.86241733066;28232.35745111674;33120.19296963342;38854.25382030405;45581.04601983359;53472.44000269313;62730.06193403319;73590.44528463698;86331.07429211862;101277.4737211686;118811.5260634959;139381.228686517;163512.140226203;191820.8086789974;225030.524286467;263989.7996954232;309694.0495706946;363311.0235703185;426210.642505751;499999.9999999716
1;706459075732;50;phasez;-1.55519;-1.55641;-1.55444;-1.55288;-1.55389;-1.55466;-1.55322;-1.55254;-1.55342;-1.55316;-1.55313;-1.55315;-1.55313;-1.55277;-1.5529;-1.55265;-1.55243;-1.55233;-1.55204;-1.55175;-1.55147;-1.55114;-1.55069;-1.55027;-1.54971;-1.54913;-1.54845;-1.54767;-1.54677;-1.54575;-1.5446;-1.54327;-1.54175;-1.54002;-1.53802;-1.53574;-1.53309;-1.53003;-1.52648;-1.52234;-1.51752;-1.51188;-1.50528;-1.49752;-1.48841;-1.47768;-1.465;-1.44998;-1.43209;-1.41066
2;707226372818;50;absz;123910;110810;99144.6;88652.5;79323;70947;63466.9;56777.7;50792.2;45443.5;40648.2;36362.2;32529.3;29103.3;26035.6;23291.8;20837.4;18643.8;16679.4;14922.9;13351.4;11945.4;10687.5;9562.39;8555.36;7654.51;6848.09;6126.97;5481.63;4904.18;4387.28;3924.84;3510.99;3140.68;2809.19;2512.56;2247.04;2009.46;1796.82;1606.48;1436.18;1283.77;1147.49;1025.59;916.857;819.884;733.604;657.26;590.075;531.67
2;707226372818;50;frequency;20000.00000002444;22385.53853899816;25055.61678390222;28044.17375656954;31389.19662092121;35133.2035329932;39323.78408414649;44014.2042055669;49264.08322518227;55140.1516811012;61717.09952482729;69078.52549602467;77317.99973512921;86540.25314108083;96862.50859274992;108415.9709538568;121347.4948009008;135821.4510731415;152021.8163702936;170154.5114554648;190450.0186878266;213166.3116533389;238592.1342356312;267050.6708003728;298903.6541519141;334555.9634717432;374460.7706856584;419125.3006744233;469117.2785435782;525072.1459047724;587701.13789258;657800.3235824071;736260.7247225839;824079.6413975459;922373.3285811875;1032391.184709951;1155531.632626961;1293359.894754076;1447627.888434013;1620296.494325686;1813560.480908265;2029876.401899315;2271993.821195295;2542990.262224833;2846310.325953354;3185809.474764127;3565803.038745301;3991121.067296888;4467169.723268114;4999999.999999929
2;707226372818;50;phasez;-1.54956;-1.54916;-1.54834;-1.54775;-1.54713;-1.5466;-1.54567;-1.54473;-1.54379;-1.54268;-1.54152;-1.54013;-1.53864;-1.53683;-1.53505;-1.5329;-1.53055;-1.52774;-1.52484;-1.52156;-1.51784;-1.51378;-1.50924;-1.50416;-1.49846;-1.49212;-1.48504;-1.47712;-1.46825;-1.45835;-1.44728;-1.43485;-1.42095;-1.40535;-1.38787;-1.36827;-1.34626;-1.32151;-1.2937;-1.2624;-1.22713;-1.18735;-1.14243;-1.09154;-1.03378;-0.968226;-0.893509;-0.808218;-0.710671;-0.59896
3;707543473120;20;absz;25348.1;20688.1;16883.4;13778.4;11241.2;9173.27;7486.26;6108.05;4984.18;4066.32;3317.32;2705.7;2206.14;1798.08;1465.09;1193.1;971.272;790.943;645.476;530.362
3;707543473120;20;frequency;99999.99999990905;122862.535599424;150952.0265389597;185463.4873444638;227865.1431623047;279960.8926363817;343967.05137965;422606.6409511731;519225.2346839865;637933.2888043621;783781.0140572543;962973.2274171232;1183133.324347452;1453627.601814205;1785963.729760951;2194280.323268956;2695948.443325946;3312310.615921419;4069588.809647371;4999999.999999929
3;707543473120;20;phasez;-1.53401;-1.53048;-1.52592;-1.52041;-1.51364;-1.50535;-1.49517;-1.48268;-1.4673;-1.44839;-1.42508;-1.39628;-1.3607;-1.31659;-1.26181;-1.19347;-1.10768;-0.999377;-0.861418;-0.684449
