0;3581882712709;20;absz;1.62685e+08;1.18025e+08;8.57119e+07;6.22419e+07;4.5172e+07;3.27956e+07;2.37866e+07;1.72502e+07;1.25097e+07;9.07145e+06;6.57647e+06;4.76723e+06;3.45527e+06;2.50392e+06;1.81423e+06;1.31434e+06;952037;689518;499356;361609
0;3581882712709;20;frequency;9.999999974752427;13.86918846435492;19.23543905490988;26.67799336109056;37.00021196095804;51.31629158938722;71.17153245417285;98.70914048804025;136.9015682683994;189.8713664161278;263.3361782500288;365.2259113806622;506.5387032487934;702.5280792305466;974.3494403835484;1351.343611730726;1874.203936580443;2599.368780806799;3605.113577052066;4999.99999995282
0;3581882712709;20;phasez;-1.53411;-1.53579;-1.53692;-1.53804;-1.53907;-1.54034;-1.54073;-1.54177;-1.54244;-1.543;-1.54346;-1.54374;-1.54386;-1.54374;-1.54327;-1.54229;-1.54064;-1.53807;-1.53424;-1.52871
1;3582652258673;50;absz;8.54999e+06;7.31796e+06;6.24947e+06;5.32847e+06;4.56381e+06;3.897e+06;3.32763e+06;2.84395e+06;2.4316e+06;2.07765e+06;1.77515e+06;1.5166e+06;1.29562e+06;1.10687e+06;945540;807882;690147;589535;503621;430219;367509;313934;268165;229074;195681;167163;142794;121980;104201;89014.9;76037.9;64955.5;55487.1;47398.8;40488.4;34584.6;29539.9;25230.3;21547;18400.2;15710.7;13411.6;11446.3;9765.58;8328.1;7097.92;6044.64;5142.07;4367.79;3702.63
1;3582652258673;50;frequency;199.9999999213742;234.625769479635;275.2462588517801;322.8993264769997;378.802514688914;444.3841576318164;521.3198749487447;611.5753842550475;717.456725922716;841.6691823498468;987.3863981368913;1158.33146786315;1358.872060208682;1594.132014446359;1870.122253535556;2193.894364737048;2573.720768452858;3019.306079821149;3542.035062906734;4155.263512473084;4874.659497176026;5718.603679767398;6708.658946337209;7870.121340545211;9232.666380967203;10831.10727442716;12706.28439819177;14906.10877695531;17486.78621595445;20514.25336674129;24065.86241733066;28232.35745111674;33120.19296963342;38854.25382030405;45581.04601983359;53472.44000269313;62730.06193403319;73590.44528463698;86331.07429211862;101277.4737211686;118811.5260634959;139381.228686517;163512.140226203;191820.8086789974;225030.524286467;263989.7996954232;309694.0495706946;363311.0235703185;426210.642505751;499999.9999999716
1;3582652258673;50;phasez;-1.54431;-1.54173;-1.54398;-1.54444;-1.54496;-1.54595;-1.54612;-1.54671;-1.54631;-1.54707;-1.54727;-1.54751;-1.54752;-1.54796;-1.54807;-1.54814;-1.54816;-1.5483;-1.54824;-1.54823;-1.54814;-1.548;-1.5478;-1.54757;-1.54726;-1.54687;-1.5464;-1.54585;-1.54519;-1.54442;-1.54351;-1.54246;-1.54121;-1.53977;-1.53807;-1.5361;-1.53378;-1.53104;-1.52783;-1.52404;-1.51957;-1.51429;-1.50806;-1.50069;-1.49197;-1.48163;-1.46934;-1.45471;-1.4372;-1.41616
2;3583422093185;50;absz;91723.7;82066.3;73429.8;65696;58780.4;52575.4;47029;42082.6;37643.1;33677;30125.6;26951.3;24107.3;21565.1;19292.7;17258.4;15438.2;13810.1;12353.9;11050.5;9884.91;8841.68;7908.59;7073.75;6326.87;5658.65;5060.99;4526.26;4047.74;3619.64;3236.72;2894;2587.44;2313.07;2067.63;1848.05;1651.54;1475.68;1318.28;1177.45;1051.41;938.619;837.714;747.429;666.839;594.893;530.793;473.911;423.694;379.779
2;3583422093185;50;frequency;20000.00000002444;22385.53853899816;25055.61678390222;28044.17375656954;31389.19662092121;35133.2035329932;39323.78408414649;44014.2042055669;49264.08322518227;55140.1516811012;61717.09952482729;69078.52549602467;77317.99973512921;86540.25314108083;96862.50859274992;108415.9709538568;121347.4948009008;135821.4510731415;152021.8163702936;170154.5114554648;190450.0186878266;213166.3116533389;238592.1342356312;267050.6708003728;298903.6541519141;334555.9634717432;374460.7706856584;419125.3006744233;469117.2785435782;525072.1459047724;587701.13789258;657800.3235824071;736260.7247225839;824079.6413975459;922373.3285811875;1032391.184709951;1155531.632626961;1293359.894754076;1447627.888434013;1620296.494325686;1813560.480908265;2029876.401899315;2271993.821195295;2542990.262224833;2846310.325953354;3185809.474764127;3565803.038745301;3991121.067296888;4467169.723268114;4999999.999999929
2;3583422093185;50;phasez;-1.54784;-1.54769;-1.54739;-1.54708;-1.54655;-1.54602;-1.54543;-1.54466;-1.5441;-1.54318;-1.54219;-1.54099;-1.53973;-1.53824;-1.53658;-1.53468;-1.53251;-1.5301;-1.52742;-1.52442;-1.521;-1.51717;-1.51287;-1.50806;-1.50267;-1.49659;-1.48979;-1.4821;-1.47354;-1.46389;-1.45307;-1.4409;-1.42724;-1.41189;-1.39465;-1.37525;-1.35345;-1.32892;-1.30129;-1.27017;-1.23507;-1.19543;-1.15061;-1.0998;-1.04213;-0.976579;-0.901809;-0.81637;-0.718572;-0.606431
3;3583738624554;20;absz;18781;15324.4;12501.7;10197.1;8318.41;6784.88;5533.41;4512.44;3679.05;2999.21;2444.16;1991.07;1621.35;1319.45;1072.89;871.531;707.207;573.427;465.162;378.883
3;3583738624554;20;frequency;99999.99999990905;122862.535599424;150952.0265389597;185463.4873444638;227865.1431623047;279960.8926363817;343967.05137965;422606.6409511731;519225.2346839865;637933.2888043621;783781.0140572543;962973.2274171232;1183133.324347452;1453627.601814205;1785963.729760951;2194280.323268956;2695948.443325946;3312310.615921419;4069588.809647371;4999999.999999929
3;3583738624554;20;phasez;-1.53568;-1.53246;-1.52845;-1.52341;-1.51718;-1.50939;-1.49975;-1.48772;-1.47282;-1.45437;-1.43149;-1.40313;-1.36793;-1.3242;-1.26974;-1.20166;-1.11606;-1.00778;-0.869638;-0.692076
