0;4365652080562;20;absz;1.52946e+08;1.11205e+08;8.08555e+07;5.87869e+07;4.27183e+07;3.10589e+07;2.25514e+07;1.63808e+07;1.18957e+07;8.6376e+06;6.27038e+06;4.55102e+06;3.30259e+06;2.39629e+06;1.73841e+06;1.26093e+06;914450;663063;480704;348447
0;4365652080562;20;frequency;9.999999974752427;13.86918846435492;19.23543905490988;26.67799336109056;37.00021196095804;51.31629158938722;71.17153245417285;98.70914048804025;136.9015682683994;189.8713664161278;263.3361782500288;365.2259113806622;506.5387032487934;702.5280792305466;974.3494403835484;1351.343611730726;1874.203936580443;2599.368780806799;3605.113577052066;4999.99999995282
0;4365652080562;20;phasez;-1.52906;-1.5296;-1.53062;-1.53197;-1.53279;-1.53347;-1.53449;-1.5353;-1.53611;-1.53679;-1.53733;-1.53774;-1.53796;-1.53793;-1.53756;-1.53672;-1.5353;-1.53296;-1.52943;-1.52421
1;4366420066828;50;absz;8.14724e+06;6.96254e+06;5.94486e+06;5.08097e+06;4.35343e+06;3.72554e+06;3.18377e+06;2.72012e+06;2.32695e+06;1.99015e+06;1.70065e+06;1.45411e+06;1.24289e+06;1.06259e+06;908296;776361;663620;567223;484797;414326;354096;302613;258611;221001;188857;161389;137908;117847;100701;86046.7;73525.8;62826.7;53685.2;45872.8;39197.5;33491.9;28616.8;24449.4;20888.2;17844;15241.4;13016.2;11113.2;9485.35;8092.36;6899.91;5878.45;5002.71;4251.11;3605.1
1;4366420066828;50;frequency;199.9999999213742;234.625769479635;275.2462588517801;322.8993264769997;378.802514688914;444.3841576318164;521.3198749487447;611.5753842550475;717.456725922716;841.6691823498468;987.3863981368913;1158.33146786315;1358.872060208682;1594.132014446359;1870.122253535556;2193.894364737048;2573.720768452858;3019.306079821149;3542.035062906734;4155.263512473084;4874.659497176026;5718.603679767398;6708.658946337209;7870.121340545211;9232.666380967203;10831.10727442716;12706.28439819177;14906.10877695531;17486.78621595445;20514.25336674129;24065.86241733066;28232.35745111674;33120.19296963342;38854.25382030405;45581.04601983359;53472.44000269313;62730.06193403319;73590.44528463698;86331.07429211862;101277.4737211686;118811.5260634959;139381.228686517;163512.140226203;191820.8086789974;225030.524286467;263989.7996954232;309694.0495706946;363311.0235703185;426210.642505751;499999.9999999716
1;4366420066828;50;phasez;-1.53714;-1.53915;-1.54038;-1.53919;-1.53994;-1.53974;-1.53963;-1.53996;-1.54074;-1.54121;-1.5412;-1.54179;-1.54236;-1.54224;-1.54264;-1.54284;-1.54311;-1.54324;-1.54346;-1.54355;-1.54365;-1.54363;-1.54358;-1.54352;-1.54337;-1.54311;-1.54277;-1.54233;-1.54174;-1.54103;-1.54017;-1.53913;-1.5379;-1.53643;-1.5347;-1.53269;-1.53032;-1.52753;-1.52427;-1.52043;-1.51592;-1.51061;-1.50435;-1.49697;-1.48825;-1.47791;-1.46564;-1.45104;-1.43358;-1.41259
2;4367188259114;50;absz;88675.5;79356.9;71001;63529.1;56845.4;50867.8;45521.9;40734.3;36449.2;32609.8;29181.2;26110.5;23363.7;20906.6;18706.3;16738.1;14978;13401.5;11991.4;10729.9;9600.47;8590.13;7685.74;6876.38;6152.3;5504.28;4924.21;4405.09;3940.58;3524.72;3152.69;2819.69;2521.67;2254.91;2016.15;1802.43;1611.13;1439.89;1286.6;1149.37;1026.52;916.556;818.119;730.039;651.353;581.082;518.44;462.838;413.723;370.736
2;4367188259114;50;frequency;20000.00000002444;22385.53853899816;25055.61678390222;28044.17375656954;31389.19662092121;35133.2035329932;39323.78408414649;44014.2042055669;49264.08322518227;55140.1516811012;61717.09952482729;69078.52549602467;77317.99973512921;86540.25314108083;96862.50859274992;108415.9709538568;121347.4948009008;135821.4510731415;152021.8163702936;170154.5114554648;190450.0186878266;213166.3116533389;238592.1342356312;267050.6708003728;298903.6541519141;334555.9634717432;374460.7706856584;419125.3006744233;469117.2785435782;525072.1459047724;587701.13789258;657800.3235824071;736260.7247225839;824079.6413975459;922373.3285811875;1032391.184709951;1155531.632626961;1293359.894754076;1447627.888434013;1620296.494325686;1813560.480908265;2029876.401899315;2271993.821195295;2542990.262224833;2846310.325953354;3185809.474764127;3565803.038745301;3991121.067296888;4467169.723268114;4999999.999999929
2;4367188259114;50;phasez;-1.545;-1.54437;-1.54423;-1.54386;-1.5431;-1.54279;-1.54217;-1.54147;-1.54058;-1.53979;-1.53873;-1.53749;-1.53621;-1.53467;-1.53294;-1.53103;-1.52888;-1.52644;-1.52375;-1.52069;-1.51726;-1.51347;-1.50917;-1.50436;-1.49896;-1.49291;-1.48612;-1.4785;-1.46995;-1.46034;-1.44956;-1.43745;-1.42386;-1.40859;-1.39142;-1.37211;-1.35039;-1.32596;-1.29844;-1.26742;-1.23242;-1.19291;-1.14822;-1.09753;-1.03999;-0.974559;-0.899914;-0.814611;-0.716916;-0.604882
3;4367506755427;20;absz;18214.2;14868.9;12135.3;9903.97;8083.56;6596.31;5382.74;4391.74;3582.59;2922.14;2382.49;1941.69;1581.85;1287.75;1047.49;851.116;690.752;560.109;454.295;369.861
3;4367506755427;20;frequency;99999.99999990905;122862.535599424;150952.0265389597;185463.4873444638;227865.1431623047;279960.8926363817;343967.05137965;422606.6409511731;519225.2346839865;637933.2888043621;783781.0140572543;962973.2274171232;1183133.324347452;1453627.601814205;1785963.729760951;2194280.323268956;2695948.443325946;3312310.615921419;4069588.809647371;4999999.999999929
3;4367506755427;20;phasez;-1.53206;-1.52884;-1.52475;-1.51971;-1.51341;-1.5057;-1.49605;-1.48409;-1.46927;-1.45092;-1.42816;-1.39993;-1.36491;-1.32136;-1.26709;-1.19922;-1.11386;-1.00582;-0.867896;-0.690522
