0;3816217240805;20;absz;1.59212e+08;1.15774e+08;8.41102e+07;6.11236e+07;4.43709e+07;3.22036e+07;2.3386e+07;1.69704e+07;1.23145e+07;8.93333e+06;6.47946e+06;4.69872e+06;3.40703e+06;2.46998e+06;1.79034e+06;1.29754e+06;940235;681233;493497;357457
0;3816217240805;20;frequency;9.999999974752427;13.86918846435492;19.23543905490988;26.67799336109056;37.00021196095804;51.31629158938722;71.17153245417285;98.70914048804025;136.9015682683994;189.8713664161278;263.3361782500288;365.2259113806622;506.5387032487934;702.5280792305466;974.3494403835484;1351.343611730726;1874.203936580443;2599.368780806799;3605.113577052066;4999.99999995282
0;3816217240805;20;phasez;-1.53236;-1.53347;-1.53409;-1.53558;-1.53637;-1.53753;-1.5383;-1.53929;-1.54016;-1.54078;-1.54133;-1.54172;-1.5419;-1.54184;-1.54143;-1.54052;-1.53897;-1.53651;-1.53283;-1.52745
1;3816985404954;50;absz;8.4061e+06;7.21526e+06;6.14918e+06;5.25204e+06;4.48922e+06;3.83645e+06;3.28441e+06;2.80594e+06;2.39737e+06;2.04939e+06;1.75154e+06;1.49684e+06;1.27897e+06;1.09311e+06;933877;797986;681759;582550;497706;425211;363280;310353;265147;226515;193510;165316;141227;120653;103075;88058.9;75231.1;64271.4;54908.1;46908.5;40075.3;34234.7;29245.2;24981.2;21337.5;18223.6;15561.9;13286.5;11341;9677.16;8253.74;7035.7;5992.51;5098.54;4331.4;3672.26
1;3816985404954;50;frequency;199.9999999213742;234.625769479635;275.2462588517801;322.8993264769997;378.802514688914;444.3841576318164;521.3198749487447;611.5753842550475;717.456725922716;841.6691823498468;987.3863981368913;1158.33146786315;1358.872060208682;1594.132014446359;1870.122253535556;2193.894364737048;2573.720768452858;3019.306079821149;3542.035062906734;4155.263512473084;4874.659497176026;5718.603679767398;6708.658946337209;7870.121340545211;9232.666380967203;10831.10727442716;12706.28439819177;14906.10877695531;17486.78621595445;20514.25336674129;24065.86241733066;28232.35745111674;33120.19296963342;38854.25382030405;45581.04601983359;53472.44000269313;62730.06193403319;73590.44528463698;86331.07429211862;101277.4737211686;118811.5260634959;139381.228686517;163512.140226203;191820.8086789974;225030.524286467;263989.7996954232;309694.0495706946;363311.0235703185;426210.642505751;499999.9999999716
1;3816985404954;50;phasez;-1.54168;-1.54265;-1.54242;-1.54286;-1.54296;-1.54259;-1.54419;-1.54477;-1.54484;-1.54509;-1.54548;-1.54544;-1.54591;-1.54616;-1.54638;-1.54651;-1.54663;-1.54681;-1.54685;-1.54688;-1.54685;-1.54679;-1.54666;-1.54647;-1.54619;-1.54585;-1.54539;-1.54484;-1.54418;-1.54342;-1.54248;-1.5414;-1.54014;-1.53866;-1.53694;-1.53494;-1.53259;-1.52983;-1.5266;-1.52279;-1.51831;-1.51303;-1.50679;-1.49941;-1.49069;-1.48035;-1.46808;-1.45346;-1.43599;-1.41497
2;3817756046638;50;absz;90754.8;81210.7;72652.7;64999.2;58150.6;52028;46550.9;41653.6;37258.2;33338.7;29825.2;26683.6;23870;21355.9;19104.9;17093.3;15292.8;13681.2;12239.1;10949.3;9795.04;8762.69;7838.5;7011.84;6272.19;5610.44;5018.38;4488.47;4014.42;3590.19;3210.57;2870.97;2567.06;2295.12;2051.77;1833.97;1639.09;1464.65;1308.53;1168.78;1043.74;931.806;831.665;742.052;662.049;590.596;526.943;470.447;420.561;376.93
2;3817756046638;50;frequency;20000.00000002444;22385.53853899816;25055.61678390222;28044.17375656954;31389.19662092121;35133.2035329932;39323.78408414649;44014.2042055669;49264.08322518227;55140.1516811012;61717.09952482729;69078.52549602467;77317.99973512921;86540.25314108083;96862.50859274992;108415.9709538568;121347.4948009008;135821.4510731415;152021.8163702936;170154.5114554648;190450.0186878266;213166.3116533389;238592.1342356312;267050.6708003728;298903.6541519141;334555.9634717432;374460.7706856584;419125.3006744233;469117.2785435782;525072.1459047724;587701.13789258;657800.3235824071;736260.7247225839;824079.6413975459;922373.3285811875;1032391.184709951;1155531.632626961;1293359.894754076;1447627.888434013;1620296.494325686;1813560.480908265;2029876.401899315;2271993.821195295;2542990.262224833;2846310.325953354;3185809.474764127;3565803.038745301;3991121.067296888;4467169.723268114;4999999.999999929
2;3817756046638;50;phasez;-1.54687;-1.54685;-1.54628;-1.54594;-1.54553;-1.5451;-1.54446;-1.54368;-1.54306;-1.54196;-1.54094;-1.53985;-1.53845;-1.53706;-1.53524;-1.53337;-1.5313;-1.52887;-1.52617;-1.5231;-1.5197;-1.51588;-1.51163;-1.5068;-1.5014;-1.49533;-1.48855;-1.4809;-1.47234;-1.46272;-1.45192;-1.43978;-1.42616;-1.41083;-1.39364;-1.37429;-1.35253;-1.32805;-1.30048;-1.26941;-1.23436;-1.19478;-1.15002;-1.0993;-1.04168;-0.976173;-0.901459;-0.816085;-0.71834;-0.606252
3;3818073245459;20;absz;18600.5;15182.4;12385.9;10105.6;8244.79;6725.94;5486.54;4475.15;3649.2;2975.52;2425.23;1975.95;1609.26;1309.74;1065.09;865.258;702.135;569.316;461.778;376.052
3;3818073245459;20;frequency;99999.99999990905;122862.535599424;150952.0265389597;185463.4873444638;227865.1431623047;279960.8926363817;343967.05137965;422606.6409511731;519225.2346839865;637933.2888043621;783781.0140572543;962973.2274171232;1183133.324347452;1453627.601814205;1785963.729760951;2194280.323268956;2695948.443325946;3312310.615921419;4069588.809647371;4999999.999999929
3;3818073245459;20;phasez;-1.53436;-1.53125;-1.5272;-1.52217;-1.51588;-1.50811;-1.49848;-1.48648;-1.47165;-1.45325;-1.43043;-1.40214;-1.36703;-1.3234;-1.26903;-1.20105;-1.11555;-1.0074;-0.869361;-0.691919
