0;3241479546012;20;absz;1.6746e+08;1.21559e+08;8.81526e+07;6.39613e+07;4.63908e+07;3.36564e+07;2.43946e+07;1.76858e+07;1.28203e+07;9.29041e+06;6.73135e+06;4.87653e+06;3.53213e+06;2.55796e+06;1.85223e+06;1.34113e+06;970987;703001;508963;368476
0;3241479546012;20;frequency;9.999999974752427;13.86918846435492;19.23543905490988;26.67799336109056;37.00021196095804;51.31629158938722;71.17153245417285;98.70914048804025;136.9015682683994;189.8713664161278;263.3361782500288;365.2259113806622;506.5387032487934;702.5280792305466;974.3494403835484;1351.343611730726;1874.203936580443;2599.368780806799;3605.113577052066;4999.99999995282
0;3241479546012;20;phasez;-1.53869;-1.53963;-1.54035;-1.54161;-1.5422;-1.54267;-1.54382;-1.54444;-1.54524;-1.54581;-1.54627;-1.5466;-1.54669;-1.54645;-1.54581;-1.54461;-1.54271;-1.5399;-1.53588;-1.53023
1;3242247638161;50;absz;8.74061e+06;7.48605e+06;6.39231e+06;5.46539e+06;4.66562e+06;3.98341e+06;3.40684e+06;2.90589e+06;2.48328e+06;2.12038e+06;1.81196e+06;1.5478e+06;1.32193e+06;1.12909e+06;964474;823769;703595;600975;513318;438436;374476;319863;273200;233350;199308;170238;145404;124194;106077;90600;77381.9;66092.6;56449.2;48212.2;41175.4;35164.8;30030;25643.4;21895.9;18694.3;15958.8;13620.7;11622.6;9914.09;8453.02;7203.02;6133.09;5216.32;4430;3754.64
1;3242247638161;50;frequency;199.9999999213742;234.625769479635;275.2462588517801;322.8993264769997;378.802514688914;444.3841576318164;521.3198749487447;611.5753842550475;717.456725922716;841.6691823498468;987.3863981368913;1158.33146786315;1358.872060208682;1594.132014446359;1870.122253535556;2193.894364737048;2573.720768452858;3019.306079821149;3542.035062906734;4155.263512473084;4874.659497176026;5718.603679767398;6708.658946337209;7870.121340545211;9232.666380967203;10831.10727442716;12706.28439819177;14906.10877695531;17486.78621595445;20514.25336674129;24065.86241733066;28232.35745111674;33120.19296963342;38854.25382030405;45581.04601983359;53472.44000269313;62730.06193403319;73590.44528463698;86331.07429211862;101277.4737211686;118811.5260634959;139381.228686517;163512.140226203;191820.8086789974;225030.524286467;263989.7996954232;309694.0495706946;363311.0235703185;426210.642505751;499999.9999999716
1;3242247638161;50;phasez;-1.54654;-1.54928;-1.54809;-1.5476;-1.54898;-1.5476;-1.54866;-1.54927;-1.54925;-1.54944;-1.5497;-1.54983;-1.54976;-1.55009;-1.55006;-1.55;-1.54998;-1.55;-1.54996;-1.54977;-1.54966;-1.5495;-1.54927;-1.54903;-1.54871;-1.54834;-1.54792;-1.54738;-1.54674;-1.54601;-1.54513;-1.5441;-1.54288;-1.54145;-1.53977;-1.53781;-1.5355;-1.53278;-1.52956;-1.52578;-1.5213;-1.51602;-1.50978;-1.50239;-1.49364;-1.48327;-1.47094;-1.45626;-1.4387;-1.41758
2;3243018337640;50;absz;93347.2;83521.5;74711.9;66846.4;59777.5;53463.4;47835.6;42793;38274.7;34235.4;30622.8;27386.3;24500.1;21913.2;19601;17530.4;15680.6;14025.6;12544;11219.2;10034.3;8974.27;8026.05;7177.73;6419.32;5740.65;5133.64;4590.52;4104.72;3670.06;3281.4;2933.65;2622.56;2344.31;2095.32;1872.6;1673.37;1495.1;1335.57;1192.85;1065.13;950.872;848.66;757.237;675.599;602.762;537.873;480.287;429.475;385.069
2;3243018337640;50;frequency;20000.00000002444;22385.53853899816;25055.61678390222;28044.17375656954;31389.19662092121;35133.2035329932;39323.78408414649;44014.2042055669;49264.08322518227;55140.1516811012;61717.09952482729;69078.52549602467;77317.99973512921;86540.25314108083;96862.50859274992;108415.9709538568;121347.4948009008;135821.4510731415;152021.8163702936;170154.5114554648;190450.0186878266;213166.3116533389;238592.1342356312;267050.6708003728;298903.6541519141;334555.9634717432;374460.7706856584;419125.3006744233;469117.2785435782;525072.1459047724;587701.13789258;657800.3235824071;736260.7247225839;824079.6413975459;922373.3285811875;1032391.184709951;1155531.632626961;1293359.894754076;1447627.888434013;1620296.494325686;1813560.480908265;2029876.401899315;2271993.821195295;2542990.262224833;2846310.325953354;3185809.474764127;3565803.038745301;3991121.067296888;4467169.723268114;4999999.999999929
2;3243018337640;50;phasez;-1.54942;-1.54944;-1.54919;-1.54853;-1.54837;-1.54775;-1.54728;-1.54658;-1.54579;-1.54496;-1.5439;-1.54268;-1.54143;-1.53996;-1.53828;-1.53635;-1.53423;-1.53183;-1.52918;-1.5261;-1.52269;-1.51883;-1.51455;-1.5097;-1.50429;-1.49817;-1.49132;-1.48363;-1.47499;-1.4653;-1.45441;-1.44219;-1.42846;-1.41303;-1.3957;-1.37623;-1.35434;-1.32971;-1.30199;-1.27077;-1.23557;-1.19583;-1.15089;-1.10003;-1.0422;-0.976534;-0.901655;-0.81612;-0.718205;-0.605977
3;3243338292899;20;absz;19079.3;15562.2;12694;10350.7;8441.78;6884.02;5612.77;4576.04;3730;3040.2;2477;2017.5;1642.64;1336.62;1086.79;882.833;716.409;580.985;471.417;384.135
3;3243338292899;20;frequency;99999.99999990905;122862.535599424;150952.0265389597;185463.4873444638;227865.1431623047;279960.8926363817;343967.05137965;422606.6409511731;519225.2346839865;637933.2888043621;783781.0140572543;962973.2274171232;1183133.324347452;1453627.601814205;1785963.729760951;2194280.323268956;2695948.443325946;3312310.615921419;4069588.809647371;4999999.999999929
3;3243338292899;20;phasez;-1.53745;-1.53421;-1.53009;-1.5251;-1.51887;-1.511;-1.50128;-1.48922;-1.47425;-1.45568;-1.43268;-1.40417;-1.36881;-1.3249;-1.27026;-1.20198;-1.11618;-1.00771;-0.86936;-0.691608
