0;6156733374397;20;absz;1.41002e+08;1.02776e+08;7.4796e+07;5.44637e+07;3.96228e+07;2.88086e+07;2.09638e+07;1.52411e+07;1.10789e+07;8.05324e+06;5.8529e+06;4.25308e+06;3.09041e+06;2.24524e+06;1.63098e+06;1.18457e+06;860186;624520;453330;329014
0;6156733374397;20;frequency;9.999999974752427;13.86918846435492;19.23543905490988;26.67799336109056;37.00021196095804;51.31629158938722;71.17153245417285;98.70914048804025;136.9015682683994;189.8713664161278;263.3361782500288;365.2259113806622;506.5387032487934;702.5280792305466;974.3494403835484;1351.343611730726;1874.203936580443;2599.368780806799;3605.113577052066;4999.99999995282
0;6156733374397;20;phasez;-1.51839;-1.52085;-1.5232;-1.52494;-1.52624;-1.52774;-1.52868;-1.52969;-1.53043;-1.53104;-1.53148;-1.53179;-1.53194;-1.53186;-1.53148;-1.53068;-1.52927;-1.527;-1.52353;-1.51841
1;6157501632186;50;absz;7.57881e+06;6.4954e+06;5.55357e+06;4.76081e+06;4.06944e+06;3.48151e+06;2.98039e+06;2.54761e+06;2.17965e+06;1.86499e+06;1.59566e+06;1.36493e+06;1.16762e+06;998728;854316;730798;624987;534533;457154;390953;334319;285894;244468;209037;178737;152829;130670;111720;95517.4;81662.6;69817.1;59688;51028.2;43622.6;37291.4;31877.7;27248.5;23290.1;19905.3;17011;14535.3;12417.7;10606;9055.82;7728.89;6592.69;5618.99;4783.98;4067.07;3450.54
1;6157501632186;50;frequency;199.9999999213742;234.625769479635;275.2462588517801;322.8993264769997;378.802514688914;444.3841576318164;521.3198749487447;611.5753842550475;717.456725922716;841.6691823498468;987.3863981368913;1158.33146786315;1358.872060208682;1594.132014446359;1870.122253535556;2193.894364737048;2573.720768452858;3019.306079821149;3542.035062906734;4155.263512473084;4874.659497176026;5718.603679767398;6708.658946337209;7870.121340545211;9232.666380967203;10831.10727442716;12706.28439819177;14906.10877695531;17486.78621595445;20514.25336674129;24065.86241733066;28232.35745111674;33120.19296963342;38854.25382030405;45581.04601983359;53472.44000269313;62730.06193403319;73590.44528463698;86331.07429211862;101277.4737211686;118811.5260634959;139381.228686517;163512.140226203;191820.8086789974;225030.524286467;263989.7996954232;309694.0495706946;363311.0235703185;426210.642505751;499999.9999999716
1;6157501632186;50;phasez;-1.53235;-1.53181;-1.53072;-1.53506;-1.53299;-1.5336;-1.53375;-1.53437;-1.53491;-1.53527;-1.53519;-1.53568;-1.53604;-1.53641;-1.5366;-1.53695;-1.53716;-1.53733;-1.53754;-1.53769;-1.53781;-1.53788;-1.53792;-1.53789;-1.5378;-1.53763;-1.53737;-1.53699;-1.53653;-1.53592;-1.53515;-1.53422;-1.53309;-1.53173;-1.53012;-1.52821;-1.52594;-1.52323;-1.52004;-1.51625;-1.51177;-1.50647;-1.5002;-1.49278;-1.48401;-1.47361;-1.46127;-1.4466;-1.42906;-1.40799
2;6158269511783;50;absz;84118.4;75310.9;67416;60348.8;54031.6;48361.9;43290.7;38745.8;34678.3;31039.5;27780.4;24864.9;22256;19920.4;17828.7;15957.7;14282.6;12783.8;11441.9;10240.3;9165.24;8202.71;7341.22;6569.95;5879.69;5261.91;4708.96;4213.83;3770.67;3373.94;3018.79;2700.82;2416.18;2161.31;1933.06;1728.77;1545.8;1381.92;1235.16;1103.72;986.01;880.581;786.19;701.653;626.123;558.616;498.419;444.928;397.651;356.244
2;6158269511783;50;frequency;20000.00000002444;22385.53853899816;25055.61678390222;28044.17375656954;31389.19662092121;35133.2035329932;39323.78408414649;44014.2042055669;49264.08322518227;55140.1516811012;61717.09952482729;69078.52549602467;77317.99973512921;86540.25314108083;96862.50859274992;108415.9709538568;121347.4948009008;135821.4510731415;152021.8163702936;170154.5114554648;190450.0186878266;213166.3116533389;238592.1342356312;267050.6708003728;298903.6541519141;334555.9634717432;374460.7706856584;419125.3006744233;469117.2785435782;525072.1459047724;587701.13789258;657800.3235824071;736260.7247225839;824079.6413975459;922373.3285811875;1032391.184709951;1155531.632626961;1293359.894754076;1447627.888434013;1620296.494325686;1813560.480908265;2029876.401899315;2271993.821195295;2542990.262224833;2846310.325953354;3185809.474764127;3565803.038745301;3991121.067296888;4467169.723268114;4999999.999999929
2;6158269511783;50;phasez;-1.53941;-1.53961;-1.53912;-1.53875;-1.53864;-1.5381;-1.53759;-1.53685;-1.53619;-1.53542;-1.53434;-1.53324;-1.53187;-1.53047;-1.52873;-1.52685;-1.5247;-1.52233;-1.51961;-1.51654;-1.5131;-1.50922;-1.50489;-1.50007;-1.4946;-1.48851;-1.48168;-1.474;-1.4654;-1.45575;-1.44493;-1.43277;-1.41914;-1.40383;-1.38663;-1.3673;-1.34555;-1.32109;-1.29356;-1.26252;-1.2275;-1.18796;-1.14322;-1.09249;-1.03487;-0.969363;-0.894603;-0.809148;-0.711272;-0.598988
3;6158587193074;20;absz;17356.6;14177.5;11575.6;9452.47;7719.33;6302.15;5145.72;4200.68;3428.93;2798.47;2283.06;1861.74;1517.64;1236.18;1006.02;817.777;663.903;538.419;436.665;355.367
3;6158587193074;20;frequency;99999.99999990905;122862.535599424;150952.0265389597;185463.4873444638;227865.1431623047;279960.8926363817;343967.05137965;422606.6409511731;519225.2346839865;637933.2888043621;783781.0140572543;962973.2274171232;1183133.324347452;1453627.601814205;1785963.729760951;2194280.323268956;2695948.443325946;3312310.615921419;4069588.809647371;4999999.999999929
3;6158587193074;20;phasez;-1.52791;-1.52466;-1.52055;-1.51553;-1.50919;-1.50137;-1.49162;-1.47957;-1.46469;-1.44626;-1.42342;-1.39513;-1.36006;-1.31648;-1.26218;-1.19425;-1.10878;-1.0006;-0.862427;-0.684681
