0;3618146886167;20;absz;1.62037e+08;1.1768e+08;8.5452e+07;6.20522e+07;4.50441e+07;3.26792e+07;2.37249e+07;1.72078e+07;1.24799e+07;9.04956e+06;6.56142e+06;4.7565e+06;3.44768e+06;2.49856e+06;1.81048e+06;1.31169e+06;950172;688214;498434;360947
0;3618146886167;20;frequency;9.999999974752427;13.86918846435492;19.23543905490988;26.67799336109056;37.00021196095804;51.31629158938722;71.17153245417285;98.70914048804025;136.9015682683994;189.8713664161278;263.3361782500288;365.2259113806622;506.5387032487934;702.5280792305466;974.3494403835484;1351.343611730726;1874.203936580443;2599.368780806799;3605.113577052066;4999.99999995282
0;3618146886167;20;phasez;-1.53404;-1.53529;-1.53615;-1.53759;-1.53831;-1.53946;-1.54036;-1.54129;-1.54211;-1.54267;-1.54313;-1.54342;-1.54356;-1.54345;-1.54298;-1.54202;-1.54038;-1.53782;-1.53402;-1.52852
1;3618916865952;50;absz;8.54928e+06;7.29306e+06;6.23296e+06;5.3154e+06;4.54893e+06;3.88479e+06;3.3217e+06;2.83886e+06;2.42687e+06;2.07231e+06;1.77173e+06;1.51298e+06;1.29306e+06;1.10459e+06;943797;806246;688824;588427;502674;429435;366820;313356;267689;228665;195335;166864;142543;121768;104020;88859.4;75909.3;64846.4;55395.4;47321.9;40423.6;34529.9;29494.2;25191.3;21514.4;18372.7;15687.7;13392.3;11430;9752.07;8316.78;7088.55;6036.89;5135.7;4362.48;3698.24
1;3618916865952;50;frequency;199.9999999213742;234.625769479635;275.2462588517801;322.8993264769997;378.802514688914;444.3841576318164;521.3198749487447;611.5753842550475;717.456725922716;841.6691823498468;987.3863981368913;1158.33146786315;1358.872060208682;1594.132014446359;1870.122253535556;2193.894364737048;2573.720768452858;3019.306079821149;3542.035062906734;4155.263512473084;4874.659497176026;5718.603679767398;6708.658946337209;7870.121340545211;9232.666380967203;10831.10727442716;12706.28439819177;14906.10877695531;17486.78621595445;20514.25336674129;24065.86241733066;28232.35745111674;33120.19296963342;38854.25382030405;45581.04601983359;53472.44000269313;62730.06193403319;73590.44528463698;86331.07429211862;101277.4737211686;118811.5260634959;139381.228686517;163512.140226203;191820.8086789974;225030.524286467;263989.7996954232;309694.0495706946;363311.0235703185;426210.642505751;499999.9999999716
1;3618916865952;50;phasez;-1.54275;-1.54332;-1.54364;-1.54438;-1.54503;-1.54525;-1.54587;-1.546;-1.54612;-1.54677;-1.54708;-1.54711;-1.54741;-1.54757;-1.54762;-1.54795;-1.54793;-1.548;-1.54805;-1.54799;-1.54796;-1.5478;-1.54764;-1.54739;-1.54708;-1.5467;-1.54624;-1.54568;-1.54502;-1.54424;-1.54334;-1.54227;-1.54102;-1.53957;-1.53786;-1.53588;-1.53355;-1.5308;-1.52758;-1.52378;-1.51931;-1.51403;-1.50779;-1.50041;-1.49169;-1.48135;-1.46906;-1.45444;-1.43694;-1.4159
2;3619688486599;50;absz;91578.1;81928.9;73293.9;65601.6;58670.2;52486.9;46959.7;42015.9;37586.1;33620.9;30080.2;26908.7;24073.5;21534.4;19263.4;17232.9;15415.7;13790.9;12336.9;11035.5;9871.29;8829.99;7898.39;7064.77;6319.13;5651.8;5054.87;4520.79;4042.98;3615.52;3233.05;2890.83;2584.62;2310.64;2065.5;1846.14;1649.86;1474.2;1316.99;1176.28;1050.38;937.722;836.933;746.743;666.235;594.338;530.288;473.455;423.282;379.41
2;3619688486599;50;frequency;20000.00000002444;22385.53853899816;25055.61678390222;28044.17375656954;31389.19662092121;35133.2035329932;39323.78408414649;44014.2042055669;49264.08322518227;55140.1516811012;61717.09952482729;69078.52549602467;77317.99973512921;86540.25314108083;96862.50859274992;108415.9709538568;121347.4948009008;135821.4510731415;152021.8163702936;170154.5114554648;190450.0186878266;213166.3116533389;238592.1342356312;267050.6708003728;298903.6541519141;334555.9634717432;374460.7706856584;419125.3006744233;469117.2785435782;525072.1459047724;587701.13789258;657800.3235824071;736260.7247225839;824079.6413975459;922373.3285811875;1032391.184709951;1155531.632626961;1293359.894754076;1447627.888434013;1620296.494325686;1813560.480908265;2029876.401899315;2271993.821195295;2542990.262224833;2846310.325953354;3185809.474764127;3565803.038745301;3991121.067296888;4467169.723268114;4999999.999999929
2;3619688486599;50;phasez;-1.54777;-1.54748;-1.54719;-1.54703;-1.5464;-1.54601;-1.5452;-1.54461;-1.54372;-1.54295;-1.54194;-1.54075;-1.53945;-1.53796;-1.53629;-1.5344;-1.53222;-1.52986;-1.52712;-1.52411;-1.52067;-1.51688;-1.51261;-1.50778;-1.50238;-1.49633;-1.48951;-1.48186;-1.47328;-1.46364;-1.45282;-1.44067;-1.42701;-1.41167;-1.39444;-1.37506;-1.35327;-1.32874;-1.30114;-1.27002;-1.23493;-1.1953;-1.1505;-1.09971;-1.04205;-0.976495;-0.901733;-0.816323;-0.718516;-0.606388
3;3620004739615;20;absz;18755.1;15305.9;12485.2;10184.3;8308.04;6776.89;5527.02;4507.5;3675.05;2996.08;2441.71;1989.15;1619.79;1318.2;1071.9;870.745;706.578;572.904;464.732;378.505
3;3620004739615;20;frequency;99999.99999990905;122862.535599424;150952.0265389597;185463.4873444638;227865.1431623047;279960.8926363817;343967.05137965;422606.6409511731;519225.2346839865;637933.2888043621;783781.0140572543;962973.2274171232;1183133.324347452;1453627.601814205;1785963.729760951;2194280.323268956;2695948.443325946;3312310.615921419;4069588.809647371;4999999.999999929
3;3620004739615;20;phasez;-1.53534;-1.53222;-1.52822;-1.52312;-1.51691;-1.50906;-1.49945;-1.48745;-1.47258;-1.45415;-1.43127;-1.40293;-1.36777;-1.32405;-1.2696;-1.20153;-1.11595;-1.0077;-0.869566;-0.692016
