0;8238005563801;20;absz;1.37015e+08;9.98219e+07;7.27564e+07;5.29872e+07;3.85936e+07;2.80868e+07;2.04407e+07;1.48698e+07;1.08144e+07;7.86285e+06;5.71616e+06;4.15497e+06;3.01959e+06;2.19423e+06;1.59428e+06;1.15821e+06;841283;610989;443648;322081
0;8238005563801;20;frequency;9.999999974752427;13.86918846435492;19.23543905490988;26.67799336109056;37.00021196095804;51.31629158938722;71.17153245417285;98.70914048804025;136.9015682683994;189.8713664161278;263.3361782500288;365.2259113806622;506.5387032487934;702.5280792305466;974.3494403835484;1351.343611730726;1874.203936580443;2599.368780806799;3605.113577052066;4999.99999995282
0;8238005563801;20;phasez;-1.51168;-1.51475;-1.51785;-1.52031;-1.52214;-1.52387;-1.52569;-1.52706;-1.52823;-1.52907;-1.52976;-1.53026;-1.53053;-1.53051;-1.53013;-1.52929;-1.52784;-1.52554;-1.52205;-1.51693
1;8238775733460;50;absz;7.41666e+06;6.35165e+06;5.43702e+06;4.64785e+06;3.97643e+06;3.4031e+06;2.90937e+06;2.49007e+06;2.13058e+06;1.82322e+06;1.5601e+06;1.33469e+06;1.14197e+06;976721;835606;714809;611437;523021;447364;382636;327263;279905;239377;204721;175075;149721;128034;109486;93623;80055.1;68455;58533.9;50050.1;42794.8;36590.8;31284.7;26746.7;22865.8;19546.3;16707.1;14278.1;12199.9;10421.7;8899.66;7596.75;6480.85;5524.32;4703.92;3999.45;3393.69
1;8238775733460;50;frequency;199.9999999213742;234.625769479635;275.2462588517801;322.8993264769997;378.802514688914;444.3841576318164;521.3198749487447;611.5753842550475;717.456725922716;841.6691823498468;987.3863981368913;1158.33146786315;1358.872060208682;1594.132014446359;1870.122253535556;2193.894364737048;2573.720768452858;3019.306079821149;3542.035062906734;4155.263512473084;4874.659497176026;5718.603679767398;6708.658946337209;7870.121340545211;9232.666380967203;10831.10727442716;12706.28439819177;14906.10877695531;17486.78621595445;20514.25336674129;24065.86241733066;28232.35745111674;33120.19296963342;38854.25382030405;45581.04601983359;53472.44000269313;62730.06193403319;73590.44528463698;86331.07429211862;101277.4737211686;118811.5260634959;139381.228686517;163512.140226203;191820.8086789974;225030.524286467;263989.7996954232;309694.0495706946;363311.0235703185;426210.642505751;499999.9999999716
1;8238775733460;50;phasez;-1.53112;-1.53243;-1.52933;-1.53177;-1.5325;-1.53268;-1.53291;-1.53333;-1.53356;-1.53374;-1.53402;-1.53453;-1.53459;-1.53483;-1.53511;-1.53535;-1.53567;-1.53584;-1.53603;-1.53622;-1.53631;-1.53639;-1.53639;-1.53638;-1.53622;-1.53605;-1.53575;-1.53537;-1.53488;-1.53423;-1.53347;-1.53251;-1.53137;-1.53001;-1.52839;-1.52648;-1.52421;-1.52153;-1.51835;-1.51458;-1.51013;-1.50486;-1.49862;-1.49123;-1.48247;-1.47209;-1.45975;-1.44506;-1.42751;-1.4064
2;8239545624623;50;absz;82482.6;73825.2;66101.7;59188.5;52979.3;47428.8;42461.1;38019.6;34031;30464.8;27270;24410.9;21850.5;19559.9;17509.8;15673.5;14029.6;12558.7;11241;10062.3;9006.58;8061.49;7215.78;6458.34;5780.31;5173.44;4630.1;4143.83;3708.31;3318.47;2969.42;2656.92;2377.06;2126.6;1902.28;1701.38;1521.46;1360.32;1216;1086.72;970.922;867.204;774.321;691.129;616.772;550.3;491.009;438.322;391.74;350.915
2;8239545624623;50;frequency;20000.00000002444;22385.53853899816;25055.61678390222;28044.17375656954;31389.19662092121;35133.2035329932;39323.78408414649;44014.2042055669;49264.08322518227;55140.1516811012;61717.09952482729;69078.52549602467;77317.99973512921;86540.25314108083;96862.50859274992;108415.9709538568;121347.4948009008;135821.4510731415;152021.8163702936;170154.5114554648;190450.0186878266;213166.3116533389;238592.1342356312;267050.6708003728;298903.6541519141;334555.9634717432;374460.7706856584;419125.3006744233;469117.2785435782;525072.1459047724;587701.13789258;657800.3235824071;736260.7247225839;824079.6413975459;922373.3285811875;1032391.184709951;1155531.632626961;1293359.894754076;1447627.888434013;1620296.494325686;1813560.480908265;2029876.401899315;2271993.821195295;2542990.262224833;2846310.325953354;3185809.474764127;3565803.038745301;3991121.067296888;4467169.723268114;4999999.999999929
2;8239545624623;50;phasez;-1.53809;-1.53774;-1.53736;-1.53712;-1.53683;-1.53646;-1.53604;-1.53521;-1.53445;-1.53363;-1.53264;-1.53144;-1.53017;-1.52875;-1.52706;-1.52516;-1.52307;-1.52071;-1.51796;-1.51495;-1.51152;-1.50771;-1.50337;-1.49852;-1.49309;-1.48698;-1.48013;-1.47245;-1.46383;-1.45414;-1.44329;-1.43112;-1.41744;-1.40209;-1.38485;-1.36548;-1.34369;-1.31919;-1.29161;-1.26051;-1.22545;-1.18585;-1.14104;-1.09027;-1.03259;-0.967001;-0.892163;-0.806612;-0.708616;-0.596188
3;8239864821907;20;absz;17046;13925.9;11373;9288.39;7586.82;6194.76;5059.07;4130.54;3372.27;2752.74;2246.19;1832.04;1493.75;1216.97;990.564;805.383;653.932;530.383;430.163;350.051
3;8239864821907;20;frequency;99999.99999990905;122862.535599424;150952.0265389597;185463.4873444638;227865.1431623047;279960.8926363817;343967.05137965;422606.6409511731;519225.2346839865;637933.2888043621;783781.0140572543;962973.2274171232;1183133.324347452;1453627.601814205;1785963.729760951;2194280.323268956;2695948.443325946;3312310.615921419;4069588.809647371;4999999.999999929
3;8239864821907;20;phasez;-1.52628;-1.52303;-1.51896;-1.51394;-1.50765;-1.49982;-1.4901;-1.47804;-1.46307;-1.44459;-1.4217;-1.39334;-1.35818;-1.31451;-1.26011;-1.19207;-1.10649;-0.998163;-0.859809;-0.681821
