0;7872565013077;20;absz;1.37382e+08;1.00147e+08;7.29699e+07;5.31412e+07;3.86992e+07;2.81534e+07;2.0488e+07;1.49016e+07;1.08369e+07;7.87958e+06;5.72806e+06;4.16356e+06;3.02579e+06;2.19875e+06;1.59755e+06;1.16056e+06;842969;612189;444517;322704
0;7872565013077;20;frequency;9.999999974752427;13.86918846435492;19.23543905490988;26.67799336109056;37.00021196095804;51.31629158938722;71.17153245417285;98.70914048804025;136.9015682683994;189.8713664161278;263.3361782500288;365.2259113806622;506.5387032487934;702.5280792305466;974.3494403835484;1351.343611730726;1874.203936580443;2599.368780806799;3605.113577052066;4999.99999995282
0;7872565013077;20;phasez;-1.51222;-1.51565;-1.51809;-1.52062;-1.52295;-1.52424;-1.5261;-1.52746;-1.52847;-1.52931;-1.52999;-1.53044;-1.53065;-1.53061;-1.53023;-1.52938;-1.52794;-1.52563;-1.52215;-1.51703
1;7873336273598;50;absz;7.42063e+06;6.36671e+06;5.43867e+06;4.65576e+06;3.98346e+06;3.40864e+06;2.91709e+06;2.49582e+06;2.1349e+06;1.8271e+06;1.56279e+06;1.33724e+06;1.14399e+06;978613;837296;716281;612704;524111;448279;383413;327915;280457;239852;205119;175414;150008;128276;109692;93796.7;80204.4;68580.9;58639.8;50140.4;42871.3;36655.3;31339.5;26793.2;22904.8;19579.4;16735;14301.6;12220;10438.5;8913.82;7608.64;6490.7;5532.7;4711.01;4005.51;3398.67
1;7873336273598;50;frequency;199.9999999213742;234.625769479635;275.2462588517801;322.8993264769997;378.802514688914;444.3841576318164;521.3198749487447;611.5753842550475;717.456725922716;841.6691823498468;987.3863981368913;1158.33146786315;1358.872060208682;1594.132014446359;1870.122253535556;2193.894364737048;2573.720768452858;3019.306079821149;3542.035062906734;4155.263512473084;4874.659497176026;5718.603679767398;6708.658946337209;7870.121340545211;9232.666380967203;10831.10727442716;12706.28439819177;14906.10877695531;17486.78621595445;20514.25336674129;24065.86241733066;28232.35745111674;33120.19296963342;38854.25382030405;45581.04601983359;53472.44000269313;62730.06193403319;73590.44528463698;86331.07429211862;101277.4737211686;118811.5260634959;139381.228686517;163512.140226203;191820.8086789974;225030.524286467;263989.7996954232;309694.0495706946;363311.0235703185;426210.642505751;499999.9999999716
1;7873336273598;50;phasez;-1.5294;-1.53166;-1.53237;-1.53211;-1.53124;-1.533;-1.53304;-1.53327;-1.53372;-1.53421;-1.53401;-1.53442;-1.53478;-1.53486;-1.5352;-1.53557;-1.53573;-1.53593;-1.53616;-1.53631;-1.53639;-1.5365;-1.53652;-1.53649;-1.53636;-1.53618;-1.5359;-1.53552;-1.53503;-1.53439;-1.53362;-1.53269;-1.53155;-1.53019;-1.52857;-1.52666;-1.5244;-1.52171;-1.51854;-1.51477;-1.51033;-1.50505;-1.49881;-1.49143;-1.48267;-1.47229;-1.45995;-1.44527;-1.42772;-1.40663
2;7874107624187;50;absz;82575.8;73939.8;66213.9;59271.9;53070.4;47502.5;42530;38071.8;34080;30509;27312.1;24446;21883.1;19589.4;17535.3;15697.2;14050.7;12577.5;11258.1;10076.8;9019.18;8072.98;7225.66;6467.31;5788.29;5180.48;4636.44;4149.36;3713.21;3322.88;2973.34;2660.39;2380.18;2129.32;1904.65;1703.52;1523.35;1361.98;1217.45;1088;972.049;868.188;775.182;691.881;617.425;550.876;491.518;438.778;392.14;351.275
2;7874107624187;50;frequency;20000.00000002444;22385.53853899816;25055.61678390222;28044.17375656954;31389.19662092121;35133.2035329932;39323.78408414649;44014.2042055669;49264.08322518227;55140.1516811012;61717.09952482729;69078.52549602467;77317.99973512921;86540.25314108083;96862.50859274992;108415.9709538568;121347.4948009008;135821.4510731415;152021.8163702936;170154.5114554648;190450.0186878266;213166.3116533389;238592.1342356312;267050.6708003728;298903.6541519141;334555.9634717432;374460.7706856584;419125.3006744233;469117.2785435782;525072.1459047724;587701.13789258;657800.3235824071;736260.7247225839;824079.6413975459;922373.3285811875;1032391.184709951;1155531.632626961;1293359.894754076;1447627.888434013;1620296.494325686;1813560.480908265;2029876.401899315;2271993.821195295;2542990.262224833;2846310.325953354;3185809.474764127;3565803.038745301;3991121.067296888;4467169.723268114;4999999.999999929
2;7874107624187;50;phasez;-1.53805;-1.53766;-1.53748;-1.53728;-1.53693;-1.53638;-1.53589;-1.53534;-1.53461;-1.53369;-1.53272;-1.53169;-1.53041;-1.52888;-1.52726;-1.52537;-1.52326;-1.52087;-1.51817;-1.51514;-1.51173;-1.50789;-1.50357;-1.49873;-1.49329;-1.48717;-1.48033;-1.47265;-1.46404;-1.45437;-1.44352;-1.43135;-1.41768;-1.40235;-1.38511;-1.36575;-1.34397;-1.31948;-1.2919;-1.26082;-1.22577;-1.18617;-1.14138;-1.09063;-1.03294;-0.967362;-0.892532;-0.80699;-0.709007;-0.596602
3;7874426826901;20;absz;17063;13940.3;11385.1;9298.82;7595.06;6201.79;5064.72;4135.15;3375.9;2755.65;2248.53;1833.94;1495.27;1218.15;991.529;806.123;654.509;530.845;430.535;350.338
3;7874426826901;20;frequency;99999.99999990905;122862.535599424;150952.0265389597;185463.4873444638;227865.1431623047;279960.8926363817;343967.05137965;422606.6409511731;519225.2346839865;637933.2888043621;783781.0140572543;962973.2274171232;1183133.324347452;1453627.601814205;1785963.729760951;2194280.323268956;2695948.443325946;3312310.615921419;4069588.809647371;4999999.999999929
3;7874426826901;20;phasez;-1.52643;-1.52322;-1.51918;-1.51415;-1.50787;-1.50002;-1.49031;-1.47826;-1.46331;-1.44483;-1.42194;-1.39362;-1.35848;-1.31483;-1.26044;-1.19244;-1.10687;-0.998581;-0.860258;-0.682269
