0;1160411306327;20;absz;2.0931e+08;1.5124e+08;1.09294e+08;7.89857e+07;5.71082e+07;4.13073e+07;2.98453e+07;2.15728e+07;1.55971e+07;1.12765e+07;8.15381e+06;5.89595e+06;4.26378e+06;3.08352e+06;2.23002e+06;1.61284e+06;1.16652e+06;843747;610319;441502
0;1160411306327;20;frequency;9.999999974752427;13.86918846435492;19.23543905490988;26.67799336109056;37.00021196095804;51.31629158938722;71.17153245417285;98.70914048804025;136.9015682683994;189.8713664161278;263.3361782500288;365.2259113806622;506.5387032487934;702.5280792305466;974.3494403835484;1351.343611730726;1874.203936580443;2599.368780806799;3605.113577052066;4999.99999995282
0;1160411306327;20;phasez;-1.55916;-1.55897;-1.55871;-1.55801;-1.55803;-1.55752;-1.55772;-1.55733;-1.55703;-1.55654;-1.55597;-1.55529;-1.55444;-1.55337;-1.55201;-1.55018;-1.54772;-1.54437;-1.5398;-1.53357
1;1161179278879;50;absz;1.06218e+07;9.07266e+06;7.74738e+06;6.60911e+06;5.63509e+06;4.81699e+06;4.10434e+06;3.50678e+06;2.99413e+06;2.556e+06;2.18182e+06;1.86279e+06;1.58986e+06;1.35743e+06;1.15868e+06;989146;844537;721010;615498;525515;448672;383091;327107;279307;238491;203660;173914;148520;126838;108325;92517.8;79018.9;67491.6;57648.6;49242.1;42061.3;35928.4;30689;26213.2;22389.1;19121.3;16328.2;13940.6;11898.8;10152.2;8657.43;7377.23;6279.77;5337.87;4528.42
1;1161179278879;50;frequency;199.9999999213742;234.625769479635;275.2462588517801;322.8993264769997;378.802514688914;444.3841576318164;521.3198749487447;611.5753842550475;717.456725922716;841.6691823498468;987.3863981368913;1158.33146786315;1358.872060208682;1594.132014446359;1870.122253535556;2193.894364737048;2573.720768452858;3019.306079821149;3542.035062906734;4155.263512473084;4874.659497176026;5718.603679767398;6708.658946337209;7870.121340545211;9232.666380967203;10831.10727442716;12706.28439819177;14906.10877695531;17486.78621595445;20514.25336674129;24065.86241733066;28232.35745111674;33120.19296963342;38854.25382030405;45581.04601983359;53472.44000269313;62730.06193403319;73590.44528463698;86331.07429211862;101277.4737211686;118811.5260634959;139381.228686517;163512.140226203;191820.8086789974;225030.524286467;263989.7996954232;309694.0495706946;363311.0235703185;426210.642505751;499999.9999999716
1;1161179278879;50;phasez;-1.55704;-1.55535;-1.55659;-1.55663;-1.55665;-1.55653;-1.55598;-1.55611;-1.55634;-1.55598;-1.55616;-1.55573;-1.55542;-1.55529;-1.55508;-1.55497;-1.55457;-1.55423;-1.55389;-1.55353;-1.55311;-1.55257;-1.55208;-1.55153;-1.55086;-1.55012;-1.54933;-1.54841;-1.5474;-1.54628;-1.54498;-1.54353;-1.54189;-1.54002;-1.5379;-1.53548;-1.53269;-1.52949;-1.52579;-1.52151;-1.51655;-1.51076;-1.50402;-1.49613;-1.48689;-1.47603;-1.46323;-1.44808;-1.43007;-1.40852
2;1161949939388;50;absz;111652;99893.4;89341.4;79907.9;71493.5;63961.8;57199;51183.5;45777.1;40956.2;36637.6;32775;29323.2;26233.1;23471.7;21000.3;18787.9;16810.8;15041.4;13458.4;12042.6;10776;9642.06;8627.73;7719.99;6907.91;6181.3;5531.09;4949.17;4428.37;3962.18;3545.05;3171.67;2837.59;2538.45;2270.72;2031.04;1816.49;1624.43;1452.5;1298.59;1160.85;1037.59;927.361;828.905;741.073;662.887;593.62;532.609;479.467
2;1161949939388;50;frequency;20000.00000002444;22385.53853899816;25055.61678390222;28044.17375656954;31389.19662092121;35133.2035329932;39323.78408414649;44014.2042055669;49264.08322518227;55140.1516811012;61717.09952482729;69078.52549602467;77317.99973512921;86540.25314108083;96862.50859274992;108415.9709538568;121347.4948009008;135821.4510731415;152021.8163702936;170154.5114554648;190450.0186878266;213166.3116533389;238592.1342356312;267050.6708003728;298903.6541519141;334555.9634717432;374460.7706856584;419125.3006744233;469117.2785435782;525072.1459047724;587701.13789258;657800.3235824071;736260.7247225839;824079.6413975459;922373.3285811875;1032391.184709951;1155531.632626961;1293359.894754076;1447627.888434013;1620296.494325686;1813560.480908265;2029876.401899315;2271993.821195295;2542990.262224833;2846310.325953354;3185809.474764127;3565803.038745301;3991121.067296888;4467169.723268114;4999999.999999929
2;1161949939388;50;phasez;-1.54977;-1.54948;-1.54866;-1.54826;-1.54734;-1.54679;-1.54567;-1.54476;-1.54366;-1.54248;-1.54109;-1.53974;-1.53796;-1.53608;-1.53415;-1.53195;-1.52942;-1.52668;-1.52361;-1.52022;-1.51648;-1.51227;-1.50765;-1.50246;-1.49667;-1.49027;-1.4831;-1.47508;-1.46615;-1.45615;-1.44498;-1.43248;-1.41849;-1.40281;-1.38525;-1.36553;-1.34343;-1.3186;-1.29067;-1.25926;-1.22388;-1.18397;-1.1389;-1.08787;-1.02995;-0.964214;-0.889291;-0.803757;-0.705926;-0.593872
3;1162270097117;20;absz;22850;18653.1;15225.8;12426.8;10140.8;8278.14;6756.11;5514.26;4500.95;3673.07;2997.39;2445.27;1994.22;1625.87;1324.88;1078.97;878.226;714.937;583.01;478.355
3;1162270097117;20;frequency;99999.99999990905;122862.535599424;150952.0265389597;185463.4873444638;227865.1431623047;279960.8926363817;343967.05137965;422606.6409511731;519225.2346839865;637933.2888043621;783781.0140572543;962973.2274171232;1183133.324347452;1453627.601814205;1785963.729760951;2194280.323268956;2695948.443325946;3312310.615921419;4069588.809647371;4999999.999999929
3;1162270097117;20;phasez;-1.53309;-1.52931;-1.5247;-1.51895;-1.51213;-1.50362;-1.49328;-1.48065;-1.46514;-1.44605;-1.42256;-1.3936;-1.35784;-1.31356;-1.25857;-1.19;-1.10396;-0.995344;-0.856982;-0.679499
