0;9878540732173;20;absz;1.36169e+08;9.92717e+07;7.23432e+07;5.26927e+07;3.83754e+07;2.7929e+07;2.03306e+07;1.47886e+07;1.0758e+07;7.82297e+06;5.68796e+06;4.13477e+06;3.00528e+06;2.18393e+06;1.58686e+06;1.1528e+06;837395;608186;441648;320654
0;9878540732173;20;frequency;9.999999974752427;13.86918846435492;19.23543905490988;26.67799336109056;37.00021196095804;51.31629158938722;71.17153245417285;98.70914048804025;136.9015682683994;189.8713664161278;263.3361782500288;365.2259113806622;506.5387032487934;702.5280792305466;974.3494403835484;1351.343611730726;1874.203936580443;2599.368780806799;3605.113577052066;4999.99999995282
0;9878540732173;20;phasez;-1.51079;-1.51347;-1.51665;-1.51942;-1.52158;-1.52296;-1.52512;-1.52637;-1.52753;-1.5285;-1.52927;-1.52983;-1.53013;-1.53017;-1.52984;-1.52903;-1.52755;-1.52523;-1.52172;-1.51657
1;9879313635446;50;absz;7.36803e+06;6.30624e+06;5.39668e+06;4.62234e+06;3.95416e+06;3.38476e+06;2.89766e+06;2.4784e+06;2.12055e+06;1.81495e+06;1.55266e+06;1.32835e+06;1.13636e+06;972314;831817;711583;608684;520641;445352;380933;325827;278682;238350;203843;174330;149092;127501;109033;93238.6;79730.6;68179.9;58300.2;49851.4;42625.9;36447.3;31163;26643.7;22778.3;19472.3;16644.3;14225.3;12155.5;10384;8868;7570.04;6458.34;5505.41;4688.04;3986.02;3382.33
1;9879313635446;50;frequency;199.9999999213742;234.625769479635;275.2462588517801;322.8993264769997;378.802514688914;444.3841576318164;521.3198749487447;611.5753842550475;717.456725922716;841.6691823498468;987.3863981368913;1158.33146786315;1358.872060208682;1594.132014446359;1870.122253535556;2193.894364737048;2573.720768452858;3019.306079821149;3542.035062906734;4155.263512473084;4874.659497176026;5718.603679767398;6708.658946337209;7870.121340545211;9232.666380967203;10831.10727442716;12706.28439819177;14906.10877695531;17486.78621595445;20514.25336674129;24065.86241733066;28232.35745111674;33120.19296963342;38854.25382030405;45581.04601983359;53472.44000269313;62730.06193403319;73590.44528463698;86331.07429211862;101277.4737211686;118811.5260634959;139381.228686517;163512.140226203;191820.8086789974;225030.524286467;263989.7996954232;309694.0495706946;363311.0235703185;426210.642505751;499999.9999999716
1;9879313635446;50;phasez;-1.53051;-1.52959;-1.53049;-1.53098;-1.53131;-1.53232;-1.53245;-1.53312;-1.53341;-1.53315;-1.53389;-1.53397;-1.53433;-1.53461;-1.53492;-1.53512;-1.53534;-1.53556;-1.53567;-1.53583;-1.53593;-1.536;-1.53602;-1.53598;-1.53588;-1.53569;-1.53541;-1.53503;-1.53454;-1.53392;-1.53314;-1.5322;-1.53106;-1.52969;-1.52806;-1.52614;-1.52386;-1.52116;-1.51796;-1.51419;-1.50973;-1.50445;-1.49821;-1.49082;-1.48206;-1.47168;-1.45935;-1.44466;-1.42711;-1.406
2;9880082610492;50;absz;82133.4;73527.2;65820.6;58934.1;52766.7;47236.9;42301.2;37859.4;33891.3;30342.6;27163;24316.4;21766.4;19484.9;17443.4;15614.1;13978;12512.5;11200.4;10025.8;8974.37;8033.07;7190.31;6435.67;5760.28;5155.67;4614.27;4129.61;3695.78;3307.35;2959.54;2648.18;2369.38;2119.73;1896.15;1695.96;1516.68;1356.08;1212.22;1083.38;967.958;864.576;771.99;689.08;614.938;548.665;489.562;437.028;390.572;349.871
2;9880082610492;50;frequency;20000.00000002444;22385.53853899816;25055.61678390222;28044.17375656954;31389.19662092121;35133.2035329932;39323.78408414649;44014.2042055669;49264.08322518227;55140.1516811012;61717.09952482729;69078.52549602467;77317.99973512921;86540.25314108083;96862.50859274992;108415.9709538568;121347.4948009008;135821.4510731415;152021.8163702936;170154.5114554648;190450.0186878266;213166.3116533389;238592.1342356312;267050.6708003728;298903.6541519141;334555.9634717432;374460.7706856584;419125.3006744233;469117.2785435782;525072.1459047724;587701.13789258;657800.3235824071;736260.7247225839;824079.6413975459;922373.3285811875;1032391.184709951;1155531.632626961;1293359.894754076;1447627.888434013;1620296.494325686;1813560.480908265;2029876.401899315;2271993.821195295;2542990.262224833;2846310.325953354;3185809.474764127;3565803.038745301;3991121.067296888;4467169.723268114;4999999.999999929
2;9880082610492;50;phasez;-1.53761;-1.53707;-1.53708;-1.53679;-1.53641;-1.53601;-1.53545;-1.53483;-1.53406;-1.53326;-1.53223;-1.53109;-1.52979;-1.52838;-1.52666;-1.52481;-1.52265;-1.5203;-1.51757;-1.51454;-1.51113;-1.50729;-1.50295;-1.49811;-1.49267;-1.48661;-1.47973;-1.47206;-1.46343;-1.45375;-1.4429;-1.43072;-1.41705;-1.40169;-1.38444;-1.36506;-1.34327;-1.31875;-1.29116;-1.26007;-1.22499;-1.18538;-1.14058;-1.08981;-1.03213;-0.966532;-0.891682;-0.806121;-0.708113;-0.595668
3;9880401913925;20;absz;16980.5;13873.9;11330.1;9254.74;7559.48;6173.19;5041.68;4116.54;3361.05;2743.57;2238.83;1826.16;1489.02;1213.18;987.571;802.96;651.994;528.839;428.903;349.016
3;9880401913925;20;frequency;99999.99999990905;122862.535599424;150952.0265389597;185463.4873444638;227865.1431623047;279960.8926363817;343967.05137965;422606.6409511731;519225.2346839865;637933.2888043621;783781.0140572543;962973.2274171232;1183133.324347452;1453627.601814205;1785963.729760951;2194280.323268956;2695948.443325946;3312310.615921419;4069588.809647371;4999999.999999929
3;9880401913925;20;phasez;-1.52585;-1.52259;-1.51858;-1.51354;-1.50726;-1.49942;-1.48972;-1.47764;-1.46269;-1.44419;-1.42128;-1.39292;-1.35775;-1.31406;-1.25965;-1.19162;-1.10604;-0.99771;-0.859346;-0.681334
