0;10246888478977;20;absz;1.36003e+08;9.92166e+07;7.22742e+07;5.2657e+07;3.83458e+07;2.79173e+07;2.03154e+07;1.47805e+07;1.07515e+07;7.81863e+06;5.68454e+06;4.13238e+06;3.00348e+06;2.18262e+06;1.5859e+06;1.15215e+06;836917;607821;441378;320470
0;10246888478977;20;frequency;9.999999974752427;13.86918846435492;19.23543905490988;26.67799336109056;37.00021196095804;51.31629158938722;71.17153245417285;98.70914048804025;136.9015682683994;189.8713664161278;263.3361782500288;365.2259113806622;506.5387032487934;702.5280792305466;974.3494403835484;1351.343611730726;1874.203936580443;2599.368780806799;3605.113577052066;4999.99999995282
0;10246888478977;20;phasez;-1.50981;-1.51326;-1.51638;-1.51876;-1.52138;-1.5238;-1.52483;-1.52631;-1.52751;-1.52849;-1.52929;-1.52984;-1.53016;-1.53018;-1.52983;-1.52899;-1.52753;-1.5252;-1.52168;-1.51652
1;10247659831001;50;absz;7.35113e+06;6.30783e+06;5.39302e+06;4.62077e+06;3.95862e+06;3.38283e+06;2.89805e+06;2.47749e+06;2.11983e+06;1.81368e+06;1.55168e+06;1.32747e+06;1.13574e+06;971721;831264;711117;608310;520316;445103;380714;325642;278521;238211;203733;174236;149004;127427;108971;93185.8;79687.6;68141.9;58268.4;49825.4;42604.2;36428.8;31148.2;26630.6;22767.6;19463.1;16636.7;14218.9;12149.7;10379.4;8864;7566.56;6455.3;5502.8;4685.89;3984.2;3380.84
1;10247659831001;50;frequency;199.9999999213742;234.625769479635;275.2462588517801;322.8993264769997;378.802514688914;444.3841576318164;521.3198749487447;611.5753842550475;717.456725922716;841.6691823498468;987.3863981368913;1158.33146786315;1358.872060208682;1594.132014446359;1870.122253535556;2193.894364737048;2573.720768452858;3019.306079821149;3542.035062906734;4155.263512473084;4874.659497176026;5718.603679767398;6708.658946337209;7870.121340545211;9232.666380967203;10831.10727442716;12706.28439819177;14906.10877695531;17486.78621595445;20514.25336674129;24065.86241733066;28232.35745111674;33120.19296963342;38854.25382030405;45581.04601983359;53472.44000269313;62730.06193403319;73590.44528463698;86331.07429211862;101277.4737211686;118811.5260634959;139381.228686517;163512.140226203;191820.8086789974;225030.524286467;263989.7996954232;309694.0495706946;363311.0235703185;426210.642505751;499999.9999999716
1;10247659831001;50;phasez;-1.52795;-1.5317;-1.5291;-1.53219;-1.53327;-1.53175;-1.5322;-1.53275;-1.53326;-1.53326;-1.53378;-1.53411;-1.53437;-1.53465;-1.53486;-1.53516;-1.53529;-1.53549;-1.53567;-1.53582;-1.53592;-1.53597;-1.53598;-1.53594;-1.53583;-1.53563;-1.53535;-1.53497;-1.53448;-1.53384;-1.53307;-1.53212;-1.53098;-1.52961;-1.52799;-1.52607;-1.5238;-1.5211;-1.51791;-1.51414;-1.50968;-1.5044;-1.49816;-1.49077;-1.48202;-1.47163;-1.45931;-1.44462;-1.42706;-1.40595
2;10248431019886;50;absz;82110.8;73503.9;65807.3;58901.3;52743;47225.3;42272.7;37853.5;33881;30327.3;27151;24305.8;21757.1;19477.1;17436.1;15608.1;13972;12506.8;11195.3;10021.8;8970.4;8029.59;7187.1;6433.09;5757.94;5153.53;4612.5;4127.99;3694.22;3305.98;2958.33;2647.06;2368.35;2118.84;1895.36;1695.26;1516.03;1355.52;1211.77;1082.98;967.59;864.246;771.712;688.823;614.716;548.48;489.385;436.877;390.438;349.75
2;10248431019886;50;frequency;20000.00000002444;22385.53853899816;25055.61678390222;28044.17375656954;31389.19662092121;35133.2035329932;39323.78408414649;44014.2042055669;49264.08322518227;55140.1516811012;61717.09952482729;69078.52549602467;77317.99973512921;86540.25314108083;96862.50859274992;108415.9709538568;121347.4948009008;135821.4510731415;152021.8163702936;170154.5114554648;190450.0186878266;213166.3116533389;238592.1342356312;267050.6708003728;298903.6541519141;334555.9634717432;374460.7706856584;419125.3006744233;469117.2785435782;525072.1459047724;587701.13789258;657800.3235824071;736260.7247225839;824079.6413975459;922373.3285811875;1032391.184709951;1155531.632626961;1293359.894754076;1447627.888434013;1620296.494325686;1813560.480908265;2029876.401899315;2271993.821195295;2542990.262224833;2846310.325953354;3185809.474764127;3565803.038745301;3991121.067296888;4467169.723268114;4999999.999999929
2;10248431019886;50;phasez;-1.53782;-1.53749;-1.53712;-1.5368;-1.53643;-1.53593;-1.5353;-1.53474;-1.534;-1.53311;-1.53231;-1.5311;-1.52972;-1.52822;-1.52664;-1.52474;-1.52266;-1.52028;-1.51751;-1.51449;-1.5111;-1.50724;-1.50293;-1.4981;-1.49266;-1.48654;-1.4797;-1.47201;-1.46339;-1.45371;-1.44284;-1.43067;-1.41699;-1.40162;-1.38438;-1.365;-1.34321;-1.31869;-1.29109;-1.26;-1.22493;-1.18533;-1.14053;-1.08975;-1.03208;-0.966487;-0.891638;-0.806084;-0.708082;-0.595632
3;10248749469696;20;absz;16975.8;13871;11327.8;9251.95;7557.36;6171.41;5040.1;4115.33;3359.88;2742.73;2238.23;1825.65;1488.63;1212.85;987.288;802.746;651.829;528.695;428.786;348.907
3;10248749469696;20;frequency;99999.99999990905;122862.535599424;150952.0265389597;185463.4873444638;227865.1431623047;279960.8926363817;343967.05137965;422606.6409511731;519225.2346839865;637933.2888043621;783781.0140572543;962973.2274171232;1183133.324347452;1453627.601814205;1785963.729760951;2194280.323268956;2695948.443325946;3312310.615921419;4069588.809647371;4999999.999999929
3;10248749469696;20;phasez;-1.52577;-1.52256;-1.51858;-1.51353;-1.5072;-1.49941;-1.48964;-1.47759;-1.46263;-1.44413;-1.42122;-1.39286;-1.35768;-1.314;-1.25959;-1.19156;-1.10598;-0.997661;-0.859299;-0.681248
