0;8232429061693;20;absz;1.36962e+08;9.98567e+07;7.27762e+07;5.30061e+07;3.86021e+07;2.81012e+07;2.04399e+07;1.48688e+07;1.08139e+07;7.86292e+06;5.71602e+06;4.15504e+06;3.01971e+06;2.19428e+06;1.59432e+06;1.15823e+06;841294;610992;443653;322088
0;8232429061693;20;frequency;9.999999974752427;13.86918846435492;19.23543905490988;26.67799336109056;37.00021196095804;51.31629158938722;71.17153245417285;98.70914048804025;136.9015682683994;189.8713664161278;263.3361782500288;365.2259113806622;506.5387032487934;702.5280792305466;974.3494403835484;1351.343611730726;1874.203936580443;2599.368780806799;3605.113577052066;4999.99999995282
0;8232429061693;20;phasez;-1.51143;-1.51449;-1.51773;-1.51998;-1.52231;-1.52403;-1.5258;-1.52712;-1.52819;-1.52911;-1.52979;-1.53027;-1.53054;-1.53049;-1.53012;-1.5293;-1.52783;-1.52553;-1.52204;-1.51692
1;8233197892640;50;absz;7.40111e+06;6.36014e+06;5.42739e+06;4.64389e+06;3.97271e+06;3.40292e+06;2.91047e+06;2.49083e+06;2.13146e+06;1.82342e+06;1.55971e+06;1.33486e+06;1.14173e+06;976892;835596;714798;611477;523053;447384;382667;327293;279919;239386;204731;175082;149727;128039;109491;93627.7;80061.8;68459.7;58537.6;50053.7;42798.1;36592.8;31286.1;26747.8;22866.5;19547.3;16707.5;14278.5;12200;10421.8;8899.85;7596.94;6480.97;5524.38;4703.97;3999.52;3393.69
1;8233197892640;50;frequency;199.9999999213742;234.625769479635;275.2462588517801;322.8993264769997;378.802514688914;444.3841576318164;521.3198749487447;611.5753842550475;717.456725922716;841.6691823498468;987.3863981368913;1158.33146786315;1358.872060208682;1594.132014446359;1870.122253535556;2193.894364737048;2573.720768452858;3019.306079821149;3542.035062906734;4155.263512473084;4874.659497176026;5718.603679767398;6708.658946337209;7870.121340545211;9232.666380967203;10831.10727442716;12706.28439819177;14906.10877695531;17486.78621595445;20514.25336674129;24065.86241733066;28232.35745111674;33120.19296963342;38854.25382030405;45581.04601983359;53472.44000269313;62730.06193403319;73590.44528463698;86331.07429211862;101277.4737211686;118811.5260634959;139381.228686517;163512.140226203;191820.8086789974;225030.524286467;263989.7996954232;309694.0495706946;363311.0235703185;426210.642505751;499999.9999999716
1;8233197892640;50;phasez;-1.52999;-1.5305;-1.53101;-1.53136;-1.53172;-1.53268;-1.5328;-1.5336;-1.53378;-1.53397;-1.53407;-1.5343;-1.53473;-1.5351;-1.5352;-1.53535;-1.53561;-1.53586;-1.53604;-1.53618;-1.5363;-1.53637;-1.5364;-1.53635;-1.53623;-1.53603;-1.53577;-1.53538;-1.53488;-1.53425;-1.53347;-1.53252;-1.53138;-1.53002;-1.52841;-1.52649;-1.52423;-1.52154;-1.51836;-1.5146;-1.51014;-1.50487;-1.49863;-1.49123;-1.48248;-1.47209;-1.45975;-1.44506;-1.4275;-1.4064
2;8233969121572;50;absz;82437.1;73818.2;66109.7;59183.1;52985.8;47432.8;42461.4;38009.9;34031;30459.7;27267.3;24409.2;21851.6;19558.7;17508.9;15673;14029.9;12558.8;11241.4;10062.6;9006.43;8061.34;7215.46;6458.1;5780.27;5173.3;4630.07;4143.64;3708.23;3318.39;2969.34;2656.86;2377.06;2126.58;1902.27;1701.38;1521.45;1360.32;1215.98;1086.71;970.899;867.185;774.306;691.131;616.763;550.289;491.005;438.326;391.74;350.924
2;8233969121572;50;frequency;20000.00000002444;22385.53853899816;25055.61678390222;28044.17375656954;31389.19662092121;35133.2035329932;39323.78408414649;44014.2042055669;49264.08322518227;55140.1516811012;61717.09952482729;69078.52549602467;77317.99973512921;86540.25314108083;96862.50859274992;108415.9709538568;121347.4948009008;135821.4510731415;152021.8163702936;170154.5114554648;190450.0186878266;213166.3116533389;238592.1342356312;267050.6708003728;298903.6541519141;334555.9634717432;374460.7706856584;419125.3006744233;469117.2785435782;525072.1459047724;587701.13789258;657800.3235824071;736260.7247225839;824079.6413975459;922373.3285811875;1032391.184709951;1155531.632626961;1293359.894754076;1447627.888434013;1620296.494325686;1813560.480908265;2029876.401899315;2271993.821195295;2542990.262224833;2846310.325953354;3185809.474764127;3565803.038745301;3991121.067296888;4467169.723268114;4999999.999999929
2;8233969121572;50;phasez;-1.53796;-1.53774;-1.53774;-1.53712;-1.53681;-1.53635;-1.53573;-1.53517;-1.53438;-1.53357;-1.53266;-1.53154;-1.53022;-1.52872;-1.52711;-1.52524;-1.52305;-1.52068;-1.51797;-1.51497;-1.51151;-1.50768;-1.50335;-1.49854;-1.49308;-1.48698;-1.48013;-1.47244;-1.46381;-1.45416;-1.44329;-1.43111;-1.41744;-1.40209;-1.38485;-1.36546;-1.34369;-1.31919;-1.2916;-1.26052;-1.22544;-1.18584;-1.14105;-1.09028;-1.03259;-0.967006;-0.892166;-0.806611;-0.708626;-0.596205
3;8234287768030;20;absz;17041.7;13923.5;11370.2;9287.04;7585.82;6193.93;5058.49;4130.31;3372.03;2752.43;2246;1831.91;1493.61;1216.87;990.504;805.32;653.89;530.358;430.133;350.018
3;8234287768030;20;frequency;99999.99999990905;122862.535599424;150952.0265389597;185463.4873444638;227865.1431623047;279960.8926363817;343967.05137965;422606.6409511731;519225.2346839865;637933.2888043621;783781.0140572543;962973.2274171232;1183133.324347452;1453627.601814205;1785963.729760951;2194280.323268956;2695948.443325946;3312310.615921419;4069588.809647371;4999999.999999929
3;8234287768030;20;phasez;-1.52625;-1.52308;-1.51903;-1.51391;-1.50766;-1.49983;-1.49009;-1.47802;-1.46308;-1.4446;-1.42169;-1.39333;-1.35819;-1.31451;-1.26011;-1.19208;-1.10651;-0.998186;-0.859837;-0.681822
