0;1316631141192;20;absz;2.05121e+08;1.4827e+08;1.07122e+08;7.74265e+07;5.59544e+07;4.04118e+07;2.92227e+07;2.11254e+07;1.52665e+07;1.10375e+07;7.97888e+06;5.76898e+06;4.17119e+06;3.01597e+06;2.18061e+06;1.57666e+06;1.13997e+06;824260;596019;431004
0;1316631141192;20;frequency;9.999999974752427;13.86918846435492;19.23543905490988;26.67799336109056;37.00021196095804;51.31629158938722;71.17153245417285;98.70914048804025;136.9015682683994;189.8713664161278;263.3361782500288;365.2259113806622;506.5387032487934;702.5280792305466;974.3494403835484;1351.343611730726;1874.203936580443;2599.368780806799;3605.113577052066;4999.99999995282
0;1316631141192;20;phasez;-1.55844;-1.55998;-1.55961;-1.55947;-1.55946;-1.55869;-1.55874;-1.55838;-1.55802;-1.55744;-1.55687;-1.55622;-1.55546;-1.55454;-1.55328;-1.55155;-1.54918;-1.54588;-1.54137;-1.53517
1;1317401704346;50;absz;1.03881e+07;8.87707e+06;7.57381e+06;6.46067e+06;5.52204e+06;4.70728e+06;4.01966e+06;3.42835e+06;2.92766e+06;2.50015e+06;2.1336e+06;1.8207e+06;1.5538e+06;1.3265e+06;1.13238e+06;966507;825021;704173;601094;513151;438036;373945;319228;272536;232671;198654;169607;144818;123655;105587;90163.6;76996.4;65754.3;56154.9;47959.4;40960.2;34982.6;29877.3;25516.5;21790.8;18608.1;15888.4;13563.9;11576.1;9875.79;8420.79;7174.97;6107.12;5190.86;4403.52
1;1317401704346;50;frequency;199.9999999213742;234.625769479635;275.2462588517801;322.8993264769997;378.802514688914;444.3841576318164;521.3198749487447;611.5753842550475;717.456725922716;841.6691823498468;987.3863981368913;1158.33146786315;1358.872060208682;1594.132014446359;1870.122253535556;2193.894364737048;2573.720768452858;3019.306079821149;3542.035062906734;4155.263512473084;4874.659497176026;5718.603679767398;6708.658946337209;7870.121340545211;9232.666380967203;10831.10727442716;12706.28439819177;14906.10877695531;17486.78621595445;20514.25336674129;24065.86241733066;28232.35745111674;33120.19296963342;38854.25382030405;45581.04601983359;53472.44000269313;62730.06193403319;73590.44528463698;86331.07429211862;101277.4737211686;118811.5260634959;139381.228686517;163512.140226203;191820.8086789974;225030.524286467;263989.7996954232;309694.0495706946;363311.0235703185;426210.642505751;499999.9999999716
1;1317401704346;50;phasez;-1.56045;-1.55536;-1.55642;-1.55913;-1.55754;-1.55782;-1.55747;-1.55769;-1.55734;-1.55755;-1.55698;-1.55713;-1.55682;-1.55672;-1.55655;-1.55631;-1.55602;-1.5558;-1.55543;-1.55506;-1.55466;-1.55423;-1.5537;-1.55313;-1.55247;-1.55175;-1.55093;-1.55002;-1.54898;-1.54782;-1.54651;-1.54503;-1.54335;-1.54144;-1.53928;-1.53681;-1.53398;-1.53074;-1.52699;-1.52266;-1.51764;-1.5118;-1.50501;-1.49706;-1.48777;-1.47684;-1.46398;-1.44877;-1.43069;-1.40908
2;1318170607693;50;absz;108797;97340.2;87072.1;77882.9;69645.6;62288.1;55718.3;49833.8;44574.1;39872;35671.2;31906.9;28542.6;25533.2;22843;20435.9;18282.4;16356.9;14634;13094;11715.5;10482;9378.57;8391.44;7508.17;6718.07;6011.09;5378.41;4812.45;4305.77;3852.38;3446.73;3083.56;2758.66;2467.8;2207.47;1974.37;1765.75;1579.02;1411.8;1262.15;1128.21;1008.34;901.095;805.37;719.92;643.86;576.455;517.066;465.326
2;1318170607693;50;frequency;20000.00000002444;22385.53853899816;25055.61678390222;28044.17375656954;31389.19662092121;35133.2035329932;39323.78408414649;44014.2042055669;49264.08322518227;55140.1516811012;61717.09952482729;69078.52549602467;77317.99973512921;86540.25314108083;96862.50859274992;108415.9709538568;121347.4948009008;135821.4510731415;152021.8163702936;170154.5114554648;190450.0186878266;213166.3116533389;238592.1342356312;267050.6708003728;298903.6541519141;334555.9634717432;374460.7706856584;419125.3006744233;469117.2785435782;525072.1459047724;587701.13789258;657800.3235824071;736260.7247225839;824079.6413975459;922373.3285811875;1032391.184709951;1155531.632626961;1293359.894754076;1447627.888434013;1620296.494325686;1813560.480908265;2029876.401899315;2271993.821195295;2542990.262224833;2846310.325953354;3185809.474764127;3565803.038745301;3991121.067296888;4467169.723268114;4999999.999999929
2;1318170607693;50;phasez;-1.55179;-1.55148;-1.55028;-1.54981;-1.54895;-1.54787;-1.547;-1.5461;-1.54502;-1.54375;-1.54245;-1.54092;-1.53923;-1.53738;-1.53532;-1.53303;-1.5305;-1.52774;-1.52469;-1.52115;-1.5174;-1.51317;-1.50848;-1.50325;-1.49747;-1.491;-1.48376;-1.47573;-1.46674;-1.4567;-1.44549;-1.43295;-1.4189;-1.4032;-1.38557;-1.36583;-1.34368;-1.31881;-1.29086;-1.25941;-1.22399;-1.18404;-1.13893;-1.08786;-1.02993;-0.964134;-0.889161;-0.803576;-0.705675;-0.593523
3;1318489231730;20;absz;22236.9;18151.5;14811.8;12086.3;9863.43;8050.44;6569.88;5361.9;4375.96;3570.99;2913.99;2377.09;1938.42;1580.33;1287.62;1048.53;853.284;694.438;566.067;464.189
3;1318489231730;20;frequency;99999.99999990905;122862.535599424;150952.0265389597;185463.4873444638;227865.1431623047;279960.8926363817;343967.05137965;422606.6409511731;519225.2346839865;637933.2888043621;783781.0140572543;962973.2274171232;1183133.324347452;1453627.601814205;1785963.729760951;2194280.323268956;2695948.443325946;3312310.615921419;4069588.809647371;4999999.999999929
3;1318489231730;20;phasez;-1.53422;-1.53046;-1.52567;-1.51992;-1.51292;-1.50438;-1.49402;-1.48126;-1.46567;-1.44653;-1.42296;-1.39392;-1.35809;-1.31374;-1.25868;-1.19006;-1.10393;-0.995226;-0.856747;-0.679092
