0;1032081507962;20;absz;2.1334e+08;1.54169e+08;1.11462e+08;8.05778e+07;5.82699e+07;4.21491e+07;3.04563e+07;2.20238e+07;1.5925e+07;1.1516e+07;8.32856e+06;6.02386e+06;4.35722e+06;3.15187e+06;2.28007e+06;1.64951e+06;1.19337e+06;863407;624732;452044
0;1032081507962;20;frequency;9.999999974752427;13.86918846435492;19.23543905490988;26.67799336109056;37.00021196095804;51.31629158938722;71.17153245417285;98.70914048804025;136.9015682683994;189.8713664161278;263.3361782500288;365.2259113806622;506.5387032487934;702.5280792305466;974.3494403835484;1351.343611730726;1874.203936580443;2599.368780806799;3605.113577052066;4999.99999995282
0;1032081507962;20;phasez;-1.558;-1.55759;-1.55753;-1.5575;-1.55749;-1.55654;-1.55687;-1.55646;-1.55611;-1.55557;-1.55492;-1.55417;-1.55327;-1.55218;-1.55078;-1.54894;-1.54647;-1.54312;-1.53856;-1.53236
1;1032853328090;50;absz;1.08363e+07;9.25189e+06;7.89663e+06;6.74452e+06;5.7566e+06;4.91613e+06;4.1961e+06;3.58511e+06;3.05925e+06;2.61253e+06;2.23106e+06;1.9045e+06;1.62568e+06;1.38814e+06;1.18533e+06;1.012e+06;864102;737882;630025;538007;459404;392283;334995;286076;244311;208651;178194;152191;129987;111023;94831.8;81002.8;69191.9;59103.8;50489.1;43129.5;36842.2;31471.4;26882.4;22961.4;19610.7;16746.7;14298.2;12204.2;10413;8879.8;7566.68;6441.11;5475.09;4644.78
1;1032853328090;50;frequency;199.9999999213742;234.625769479635;275.2462588517801;322.8993264769997;378.802514688914;444.3841576318164;521.3198749487447;611.5753842550475;717.456725922716;841.6691823498468;987.3863981368913;1158.33146786315;1358.872060208682;1594.132014446359;1870.122253535556;2193.894364737048;2573.720768452858;3019.306079821149;3542.035062906734;4155.263512473084;4874.659497176026;5718.603679767398;6708.658946337209;7870.121340545211;9232.666380967203;10831.10727442716;12706.28439819177;14906.10877695531;17486.78621595445;20514.25336674129;24065.86241733066;28232.35745111674;33120.19296963342;38854.25382030405;45581.04601983359;53472.44000269313;62730.06193403319;73590.44528463698;86331.07429211862;101277.4737211686;118811.5260634959;139381.228686517;163512.140226203;191820.8086789974;225030.524286467;263989.7996954232;309694.0495706946;363311.0235703185;426210.642505751;499999.9999999716
1;1032853328090;50;phasez;-1.55854;-1.55639;-1.55691;-1.55601;-1.55422;-1.55551;-1.55427;-1.55552;-1.55484;-1.55464;-1.55486;-1.5545;-1.55417;-1.55398;-1.55374;-1.55357;-1.55325;-1.55302;-1.55265;-1.55224;-1.55187;-1.55141;-1.55092;-1.55038;-1.54976;-1.54909;-1.54833;-1.54747;-1.5465;-1.54542;-1.54417;-1.54276;-1.54118;-1.53935;-1.53727;-1.5349;-1.53218;-1.52903;-1.52539;-1.52116;-1.51624;-1.51051;-1.50381;-1.49596;-1.48676;-1.47594;-1.46318;-1.44806;-1.43009;-1.40857
2;1033621572875;50;absz;114430;102346;91553.4;81920;73299.8;65550;58653;52468.7;46936.8;41992.3;37568.1;33602.2;30069.1;26901;24069.9;21535.3;19268;17239.8;15426.5;13803.2;12350.7;11052;9889.45;8849.13;7918.02;7085.2;6339.95;5672.99;5076.18;4541.91;4063.99;3636.02;3253.16;2910.35;2603.6;2328.99;2083.17;1863.12;1666.18;1489.82;1331.99;1190.73;1064.36;951.267;850.375;760.338;680.215;609.219;546.724;492.314
2;1033621572875;50;frequency;20000.00000002444;22385.53853899816;25055.61678390222;28044.17375656954;31389.19662092121;35133.2035329932;39323.78408414649;44014.2042055669;49264.08322518227;55140.1516811012;61717.09952482729;69078.52549602467;77317.99973512921;86540.25314108083;96862.50859274992;108415.9709538568;121347.4948009008;135821.4510731415;152021.8163702936;170154.5114554648;190450.0186878266;213166.3116533389;238592.1342356312;267050.6708003728;298903.6541519141;334555.9634717432;374460.7706856584;419125.3006744233;469117.2785435782;525072.1459047724;587701.13789258;657800.3235824071;736260.7247225839;824079.6413975459;922373.3285811875;1032391.184709951;1155531.632626961;1293359.894754076;1447627.888434013;1620296.494325686;1813560.480908265;2029876.401899315;2271993.821195295;2542990.262224833;2846310.325953354;3185809.474764127;3565803.038745301;3991121.067296888;4467169.723268114;4999999.999999929
2;1033621572875;50;phasez;-1.54888;-1.54905;-1.54789;-1.54721;-1.54662;-1.54585;-1.54498;-1.54425;-1.54323;-1.54179;-1.54063;-1.53916;-1.5376;-1.53562;-1.53374;-1.53163;-1.52916;-1.52643;-1.52343;-1.52002;-1.51633;-1.51216;-1.50753;-1.50239;-1.49664;-1.49024;-1.48309;-1.4751;-1.46619;-1.45622;-1.44507;-1.43259;-1.41863;-1.40298;-1.38544;-1.36576;-1.34368;-1.31887;-1.29098;-1.2596;-1.22425;-1.18438;-1.13936;-1.08839;-1.0305;-0.964815;-0.88995;-0.804495;-0.706738;-0.59477
3;1033937856684;20;absz;23431.9;19129.6;15614.8;12743.7;10400.2;8489.77;6929.83;5655.73;4616.11;3766.99;3074.05;2507.86;2045.3;1667.49;1358.86;1106.68;900.868;733.49;598.278;491.104
3;1033937856684;20;frequency;99999.99999990905;122862.535599424;150952.0265389597;185463.4873444638;227865.1431623047;279960.8926363817;343967.05137965;422606.6409511731;519225.2346839865;637933.2888043621;783781.0140572543;962973.2274171232;1183133.324347452;1453627.601814205;1785963.729760951;2194280.323268956;2695948.443325946;3312310.615921419;4069588.809647371;4999999.999999929
3;1033937856684;20;phasez;-1.53279;-1.52901;-1.52445;-1.51876;-1.51197;-1.50358;-1.49328;-1.48068;-1.46517;-1.44616;-1.4227;-1.3938;-1.35809;-1.31388;-1.25894;-1.19045;-1.10447;-0.995943;-0.857686;-0.680363
