0;5819154174374;20;absz;1.4247e+08;1.03761e+08;7.55142e+07;5.49462e+07;3.99845e+07;2.90793e+07;2.11444e+07;1.53724e+07;1.11742e+07;8.12144e+06;5.90172e+06;4.28838e+06;3.1155e+06;2.26305e+06;1.64364e+06;1.19356e+06;866587;629080;456610;331360
0;5819154174374;20;frequency;9.999999974752427;13.86918846435492;19.23543905490988;26.67799336109056;37.00021196095804;51.31629158938722;71.17153245417285;98.70914048804025;136.9015682683994;189.8713664161278;263.3361782500288;365.2259113806622;506.5387032487934;702.5280792305466;974.3494403835484;1351.343611730726;1874.203936580443;2599.368780806799;3605.113577052066;4999.99999995282
0;5819154174374;20;phasez;-1.5203;-1.52236;-1.52433;-1.52612;-1.52738;-1.52905;-1.52932;-1.53033;-1.53101;-1.53168;-1.53215;-1.53246;-1.53264;-1.53258;-1.53219;-1.53136;-1.52988;-1.52756;-1.52406;-1.51893
1;5819921133388;50;absz;7.66244e+06;6.55101e+06;5.60975e+06;4.79651e+06;4.10603e+06;3.51222e+06;3.00235e+06;2.56914e+06;2.19785e+06;1.88022e+06;1.60766e+06;1.37557e+06;1.17671e+06;1.00631e+06;860791;736117;629568;538433;460455;393753;336699;287929;246191;210501;179982;153882;131564;112480;96162.3;82209.9;70280.2;60081.1;51361;43905;37530.2;32079.9;27419.4;23435.3;20028.4;17115;14623.5;12492.5;10669.5;9109.66;7774.51;6631.15;5651.56;4811.45;4090.21;3470.06
1;5819921133388;50;frequency;199.9999999213742;234.625769479635;275.2462588517801;322.8993264769997;378.802514688914;444.3841576318164;521.3198749487447;611.5753842550475;717.456725922716;841.6691823498468;987.3863981368913;1158.33146786315;1358.872060208682;1594.132014446359;1870.122253535556;2193.894364737048;2573.720768452858;3019.306079821149;3542.035062906734;4155.263512473084;4874.659497176026;5718.603679767398;6708.658946337209;7870.121340545211;9232.666380967203;10831.10727442716;12706.28439819177;14906.10877695531;17486.78621595445;20514.25336674129;24065.86241733066;28232.35745111674;33120.19296963342;38854.25382030405;45581.04601983359;53472.44000269313;62730.06193403319;73590.44528463698;86331.07429211862;101277.4737211686;118811.5260634959;139381.228686517;163512.140226203;191820.8086789974;225030.524286467;263989.7996954232;309694.0495706946;363311.0235703185;426210.642505751;499999.9999999716
1;5819921133388;50;phasez;-1.53234;-1.53293;-1.53277;-1.53345;-1.53473;-1.53362;-1.53544;-1.53543;-1.53549;-1.53587;-1.5363;-1.53654;-1.53677;-1.53702;-1.5373;-1.53754;-1.53765;-1.53787;-1.53809;-1.53822;-1.53831;-1.5384;-1.53846;-1.53842;-1.53832;-1.53815;-1.53789;-1.53754;-1.53706;-1.53643;-1.53568;-1.53475;-1.53363;-1.53227;-1.53067;-1.52875;-1.52648;-1.52377;-1.52057;-1.51678;-1.51229;-1.50698;-1.50071;-1.4933;-1.48452;-1.47413;-1.4618;-1.44714;-1.42961;-1.40856
2;5820691705765;50;absz;84718.8;75813.8;67848.4;60748.3;54372.9;48670;43560.5;38992.2;34897.8;31235.7;27956.6;25019;22395.1;20042.4;17938.1;16055.1;14369.8;12860.8;11510.1;10301.6;9219.46;8251.03;7383.95;6608.27;5913.92;5292.33;4735.94;4237.83;3792.04;3392.92;3035.66;2715.78;2429.46;2173.08;1943.59;1738.06;1554.04;1389.24;1241.67;1109.5;991.106;885.13;790.223;705.255;629.319;561.452;500.935;447.195;399.683;358.069
2;5820691705765;50;frequency;20000.00000002444;22385.53853899816;25055.61678390222;28044.17375656954;31389.19662092121;35133.2035329932;39323.78408414649;44014.2042055669;49264.08322518227;55140.1516811012;61717.09952482729;69078.52549602467;77317.99973512921;86540.25314108083;96862.50859274992;108415.9709538568;121347.4948009008;135821.4510731415;152021.8163702936;170154.5114554648;190450.0186878266;213166.3116533389;238592.1342356312;267050.6708003728;298903.6541519141;334555.9634717432;374460.7706856584;419125.3006744233;469117.2785435782;525072.1459047724;587701.13789258;657800.3235824071;736260.7247225839;824079.6413975459;922373.3285811875;1032391.184709951;1155531.632626961;1293359.894754076;1447627.888434013;1620296.494325686;1813560.480908265;2029876.401899315;2271993.821195295;2542990.262224833;2846310.325953354;3185809.474764127;3565803.038745301;3991121.067296888;4467169.723268114;4999999.999999929
2;5820691705765;50;phasez;-1.5402;-1.53987;-1.53969;-1.53941;-1.53918;-1.53879;-1.53803;-1.53751;-1.53665;-1.53583;-1.53483;-1.53381;-1.53243;-1.5309;-1.52927;-1.52737;-1.52523;-1.52277;-1.52009;-1.51702;-1.51362;-1.50979;-1.50543;-1.50058;-1.49514;-1.48905;-1.48222;-1.47455;-1.46596;-1.45633;-1.4455;-1.43337;-1.41974;-1.40443;-1.38724;-1.36791;-1.34619;-1.32173;-1.2942;-1.26317;-1.22816;-1.18862;-1.14389;-1.09317;-1.03559;-0.970095;-0.89536;-0.809936;-0.712098;-0.599862
3;5821008520001;20;absz;17464.2;14264.4;11645.7;9508.88;7765.05;6339.2;5175.63;4224.82;3448.34;2814.12;2295.66;1871.89;1525.8;1242.73;1011.28;822.004;667.308;541.16;438.898;357.2
3;5821008520001;20;frequency;99999.99999990905;122862.535599424;150952.0265389597;185463.4873444638;227865.1431623047;279960.8926363817;343967.05137965;422606.6409511731;519225.2346839865;637933.2888043621;783781.0140572543;962973.2274171232;1183133.324347452;1453627.601814205;1785963.729760951;2194280.323268956;2695948.443325946;3312310.615921419;4069588.809647371;4999999.999999929
3;5821008520001;20;phasez;-1.52844;-1.52516;-1.52113;-1.51602;-1.50968;-1.50189;-1.49216;-1.48014;-1.46526;-1.44685;-1.42402;-1.39575;-1.36069;-1.31711;-1.26282;-1.19491;-1.10947;-1.00131;-0.863202;-0.685504
