0;10218974736529;20;absz;1.35976e+08;9.91911e+07;7.22999e+07;5.26654e+07;3.83481e+07;2.79149e+07;2.03192e+07;1.47823e+07;1.0752e+07;7.81918e+06;5.68483e+06;4.13241e+06;3.00354e+06;2.18266e+06;1.58588e+06;1.15214e+06;836917;607839;441394;320480
0;10218974736529;20;frequency;9.999999974752427;13.86918846435492;19.23543905490988;26.67799336109056;37.00021196095804;51.31629158938722;71.17153245417285;98.70914048804025;136.9015682683994;189.8713664161278;263.3361782500288;365.2259113806622;506.5387032487934;702.5280792305466;974.3494403835484;1351.343611730726;1874.203936580443;2599.368780806799;3605.113577052066;4999.99999995282
0;10218974736529;20;phasez;-1.51028;-1.51334;-1.51659;-1.51931;-1.52157;-1.52281;-1.52495;-1.52639;-1.52762;-1.52854;-1.52931;-1.52987;-1.53018;-1.53018;-1.52984;-1.529;-1.52753;-1.5252;-1.52168;-1.51652
1;10219744738858;50;absz;7.38709e+06;6.31379e+06;5.40324e+06;4.62201e+06;3.95002e+06;3.3835e+06;2.89467e+06;2.47756e+06;2.12003e+06;1.8137e+06;1.55173e+06;1.32745e+06;1.13601e+06;971775;831289;711150;608374;520402;445126;380739;325661;278534;238227;203741;174243;149017;127437;108979;93192.4;79689;68145.4;58270.9;49827.1;42606.4;36430.6;31148.9;26631.8;22768.4;19464;16637.5;14219.6;12150.6;10379.9;8864.31;7566.82;6455.51;5503.03;4685.96;3984.35;3380.95
1;10219744738858;50;frequency;199.9999999213742;234.625769479635;275.2462588517801;322.8993264769997;378.802514688914;444.3841576318164;521.3198749487447;611.5753842550475;717.456725922716;841.6691823498468;987.3863981368913;1158.33146786315;1358.872060208682;1594.132014446359;1870.122253535556;2193.894364737048;2573.720768452858;3019.306079821149;3542.035062906734;4155.263512473084;4874.659497176026;5718.603679767398;6708.658946337209;7870.121340545211;9232.666380967203;10831.10727442716;12706.28439819177;14906.10877695531;17486.78621595445;20514.25336674129;24065.86241733066;28232.35745111674;33120.19296963342;38854.25382030405;45581.04601983359;53472.44000269313;62730.06193403319;73590.44528463698;86331.07429211862;101277.4737211686;118811.5260634959;139381.228686517;163512.140226203;191820.8086789974;225030.524286467;263989.7996954232;309694.0495706946;363311.0235703185;426210.642505751;499999.9999999716
1;10219744738858;50;phasez;-1.52986;-1.53069;-1.53061;-1.5313;-1.53071;-1.53128;-1.53191;-1.53252;-1.53341;-1.53345;-1.53379;-1.53415;-1.53434;-1.53467;-1.53484;-1.53508;-1.53535;-1.53554;-1.53569;-1.53577;-1.53591;-1.53599;-1.53602;-1.53594;-1.53583;-1.53563;-1.53535;-1.53498;-1.53448;-1.53385;-1.53307;-1.53213;-1.53099;-1.52962;-1.52799;-1.52608;-1.5238;-1.5211;-1.51791;-1.51414;-1.50968;-1.50441;-1.49817;-1.49078;-1.48202;-1.47164;-1.45931;-1.44462;-1.42706;-1.40595
2;10220515366105;50;absz;82083.6;73491.1;65808;58907.5;52743.6;47216.1;42267.6;37842.1;33877.8;30327.5;27150;24301.9;21756.4;19475.5;17434.5;15607.4;13971.3;12506.8;11194.9;10021.3;8970.07;8029.07;7186.8;6432.7;5757.5;5153.3;4612.26;4127.83;3694.18;3305.85;2958.25;2647;2368.34;2118.8;1895.34;1695.27;1516.03;1355.5;1211.72;1082.95;967.562;864.252;771.708;688.835;614.723;548.477;489.383;436.872;390.433;349.747
2;10220515366105;50;frequency;20000.00000002444;22385.53853899816;25055.61678390222;28044.17375656954;31389.19662092121;35133.2035329932;39323.78408414649;44014.2042055669;49264.08322518227;55140.1516811012;61717.09952482729;69078.52549602467;77317.99973512921;86540.25314108083;96862.50859274992;108415.9709538568;121347.4948009008;135821.4510731415;152021.8163702936;170154.5114554648;190450.0186878266;213166.3116533389;238592.1342356312;267050.6708003728;298903.6541519141;334555.9634717432;374460.7706856584;419125.3006744233;469117.2785435782;525072.1459047724;587701.13789258;657800.3235824071;736260.7247225839;824079.6413975459;922373.3285811875;1032391.184709951;1155531.632626961;1293359.894754076;1447627.888434013;1620296.494325686;1813560.480908265;2029876.401899315;2271993.821195295;2542990.262224833;2846310.325953354;3185809.474764127;3565803.038745301;3991121.067296888;4467169.723268114;4999999.999999929
2;10220515366105;50;phasez;-1.53745;-1.53719;-1.53707;-1.53675;-1.53651;-1.53588;-1.53546;-1.53476;-1.53395;-1.53332;-1.53217;-1.5311;-1.52974;-1.52829;-1.52667;-1.52477;-1.52268;-1.52024;-1.51753;-1.51451;-1.51109;-1.50725;-1.50294;-1.4981;-1.49266;-1.48655;-1.47971;-1.47202;-1.46339;-1.45371;-1.44286;-1.43068;-1.417;-1.40163;-1.38438;-1.365;-1.34322;-1.3187;-1.29111;-1.26002;-1.22495;-1.18534;-1.14054;-1.08976;-1.03209;-0.966497;-0.891651;-0.806099;-0.708093;-0.59564
3;10220833463039;20;absz;16975.8;13868.7;11327;9252.06;7557.17;6171.14;5040.13;4115.23;3359.91;2742.76;2238.17;1825.63;1488.6;1212.82;987.269;802.739;651.818;528.681;428.768;348.898
3;10220833463039;20;frequency;99999.99999990905;122862.535599424;150952.0265389597;185463.4873444638;227865.1431623047;279960.8926363817;343967.05137965;422606.6409511731;519225.2346839865;637933.2888043621;783781.0140572543;962973.2274171232;1183133.324347452;1453627.601814205;1785963.729760951;2194280.323268956;2695948.443325946;3312310.615921419;4069588.809647371;4999999.999999929
3;10220833463039;20;phasez;-1.52571;-1.52254;-1.51854;-1.5135;-1.50721;-1.49943;-1.48966;-1.4776;-1.46264;-1.44415;-1.42124;-1.39286;-1.3577;-1.31402;-1.2596;-1.19157;-1.10599;-0.99767;-0.85931;-0.681259
