0;4438158048360;20;absz;1.5219e+08;1.10766e+08;8.04977e+07;5.85104e+07;4.25328e+07;3.09182e+07;2.24557e+07;1.63137e+07;1.18489e+07;8.60309e+06;6.24628e+06;4.53403e+06;3.29065e+06;2.38782e+06;1.73239e+06;1.25672e+06;911449;660927;479187;347371
0;4438158048360;20;frequency;9.999999974752427;13.86918846435492;19.23543905490988;26.67799336109056;37.00021196095804;51.31629158938722;71.17153245417285;98.70914048804025;136.9015682683994;189.8713664161278;263.3361782500288;365.2259113806622;506.5387032487934;702.5280792305466;974.3494403835484;1351.343611730726;1874.203936580443;2599.368780806799;3605.113577052066;4999.99999995282
0;4438158048360;20;phasez;-1.52851;-1.52915;-1.52999;-1.53134;-1.53244;-1.53359;-1.53409;-1.53488;-1.53567;-1.53628;-1.53683;-1.53728;-1.53751;-1.53751;-1.53715;-1.53636;-1.53491;-1.5326;-1.52908;-1.52388
1;4438927962890;50;absz;8.09104e+06;6.92354e+06;5.93534e+06;5.07128e+06;4.33623e+06;3.70833e+06;3.17122e+06;2.71194e+06;2.31751e+06;1.9823e+06;1.69445e+06;1.44905e+06;1.23867e+06;1.05921e+06;905287;773922;661470;565395;483256;413027;352999;301684;257832;220342;188301;160916;137511;117505;100413;85805.1;73319.7;62652;53536.9;45746.1;39090;33401.5;28540;24384.9;20833.6;17797.9;15202.8;12983.5;11085.5;9461.97;8072.71;6883.24;5864.46;4990.97;4241.27;3596.98
1;4438927962890;50;frequency;199.9999999213742;234.625769479635;275.2462588517801;322.8993264769997;378.802514688914;444.3841576318164;521.3198749487447;611.5753842550475;717.456725922716;841.6691823498468;987.3863981368913;1158.33146786315;1358.872060208682;1594.132014446359;1870.122253535556;2193.894364737048;2573.720768452858;3019.306079821149;3542.035062906734;4155.263512473084;4874.659497176026;5718.603679767398;6708.658946337209;7870.121340545211;9232.666380967203;10831.10727442716;12706.28439819177;14906.10877695531;17486.78621595445;20514.25336674129;24065.86241733066;28232.35745111674;33120.19296963342;38854.25382030405;45581.04601983359;53472.44000269313;62730.06193403319;73590.44528463698;86331.07429211862;101277.4737211686;118811.5260634959;139381.228686517;163512.140226203;191820.8086789974;225030.524286467;263989.7996954232;309694.0495706946;363311.0235703185;426210.642505751;499999.9999999716
1;4438927962890;50;phasez;-1.53871;-1.53627;-1.53964;-1.53831;-1.53944;-1.5387;-1.53884;-1.53965;-1.54052;-1.5412;-1.54092;-1.54134;-1.54176;-1.54195;-1.54218;-1.54248;-1.54272;-1.5429;-1.54305;-1.54321;-1.54326;-1.54331;-1.54333;-1.54322;-1.54305;-1.54281;-1.54249;-1.54204;-1.54147;-1.54078;-1.53991;-1.53889;-1.53765;-1.53619;-1.53447;-1.53244;-1.53007;-1.52728;-1.52401;-1.52018;-1.51566;-1.51035;-1.50409;-1.49671;-1.48799;-1.47765;-1.46539;-1.45079;-1.43334;-1.41236
2;4439696241439;50;absz;88409.4;79145.1;70815.8;63371.5;56702.1;50737.6;45398.9;40626.4;36343.3;32525.2;29104.3;26040.2;23302.6;20850;18658.1;16695.3;14939.5;13367.4;11961.5;10703.5;9576.94;8569.27;7667.08;6859.83;6137.42;5491;4912.65;4394.85;3931.46;3516.69;3145.53;2813.33;2516.02;2249.92;2011.73;1798.53;1607.66;1436.78;1283.83;1146.91;1024.33;914.581;816.368;728.474;649.955;579.819;517.307;461.811;412.786;369.89
2;4439696241439;50;frequency;20000.00000002444;22385.53853899816;25055.61678390222;28044.17375656954;31389.19662092121;35133.2035329932;39323.78408414649;44014.2042055669;49264.08322518227;55140.1516811012;61717.09952482729;69078.52549602467;77317.99973512921;86540.25314108083;96862.50859274992;108415.9709538568;121347.4948009008;135821.4510731415;152021.8163702936;170154.5114554648;190450.0186878266;213166.3116533389;238592.1342356312;267050.6708003728;298903.6541519141;334555.9634717432;374460.7706856584;419125.3006744233;469117.2785435782;525072.1459047724;587701.13789258;657800.3235824071;736260.7247225839;824079.6413975459;922373.3285811875;1032391.184709951;1155531.632626961;1293359.894754076;1447627.888434013;1620296.494325686;1813560.480908265;2029876.401899315;2271993.821195295;2542990.262224833;2846310.325953354;3185809.474764127;3565803.038745301;3991121.067296888;4467169.723268114;4999999.999999929
2;4439696241439;50;phasez;-1.54439;-1.54406;-1.54393;-1.54345;-1.54303;-1.54261;-1.54198;-1.54131;-1.5405;-1.53947;-1.53846;-1.53733;-1.5359;-1.5344;-1.53274;-1.53075;-1.52865;-1.52619;-1.52346;-1.52044;-1.51704;-1.51319;-1.5089;-1.5041;-1.4987;-1.49266;-1.48587;-1.47826;-1.4697;-1.46012;-1.44934;-1.43724;-1.42366;-1.40838;-1.39122;-1.37193;-1.35023;-1.32581;-1.29831;-1.26731;-1.23234;-1.19283;-1.14815;-1.0975;-1.03999;-0.974575;-0.899952;-0.81467;-0.716997;-0.604974
3;4440013739926;20;absz;18163.9;14829.6;12104.5;9878.82;8063.41;6580.29;5369.79;4381.42;3574.33;2915.42;2377.1;1937.34;1578.4;1284.97;1045.2;849.276;689.245;558.869;453.266;369.004
3;4440013739926;20;frequency;99999.99999990905;122862.535599424;150952.0265389597;185463.4873444638;227865.1431623047;279960.8926363817;343967.05137965;422606.6409511731;519225.2346839865;637933.2888043621;783781.0140572543;962973.2274171232;1183133.324347452;1453627.601814205;1785963.729760951;2194280.323268956;2695948.443325946;3312310.615921419;4069588.809647371;4999999.999999929
3;4440013739926;20;phasez;-1.53187;-1.52855;-1.52445;-1.51942;-1.5132;-1.50543;-1.49578;-1.48384;-1.46905;-1.45071;-1.42797;-1.39976;-1.36475;-1.32123;-1.26701;-1.19917;-1.11384;-1.00585;-0.867962;-0.690635
