0;6301696353642;20;absz;1.40504e+08;1.02422e+08;7.45533e+07;5.42639e+07;3.9482e+07;2.87114e+07;2.08902e+07;1.51911e+07;1.10446e+07;8.02796e+06;5.83528e+06;4.24067e+06;3.08142e+06;2.23874e+06;1.62625e+06;1.18114e+06;857708;622739;452052;328108
0;6301696353642;20;frequency;9.999999974752427;13.86918846435492;19.23543905490988;26.67799336109056;37.00021196095804;51.31629158938722;71.17153245417285;98.70914048804025;136.9015682683994;189.8713664161278;263.3361782500288;365.2259113806622;506.5387032487934;702.5280792305466;974.3494403835484;1351.343611730726;1874.203936580443;2599.368780806799;3605.113577052066;4999.99999995282
0;6301696353642;20;phasez;-1.51823;-1.52061;-1.52264;-1.52426;-1.52602;-1.52719;-1.52844;-1.5293;-1.53009;-1.53074;-1.53123;-1.53157;-1.53174;-1.53171;-1.53134;-1.53055;-1.52909;-1.5268;-1.52331;-1.51818
1;6302466231856;50;absz;7.56819e+06;6.48278e+06;5.53223e+06;4.74075e+06;4.05478e+06;3.47044e+06;2.96936e+06;2.54166e+06;2.17394e+06;1.86022e+06;1.5911e+06;1.36105e+06;1.16439e+06;996058;851766;728679;623210;533025;455882;389885;333405;285118;243817;208488;178273;152427;130333;111436;95275.5;81457.9;69644.2;59540.9;50903.2;43517.4;37202.7;31803.4;27186.1;23237.5;19860.8;16973.3;14503.4;12390.6;10583.2;9036.57;7712.67;6578.91;5607.28;4774.09;4058.66;3443.47
1;6302466231856;50;frequency;199.9999999213742;234.625769479635;275.2462588517801;322.8993264769997;378.802514688914;444.3841576318164;521.3198749487447;611.5753842550475;717.456725922716;841.6691823498468;987.3863981368913;1158.33146786315;1358.872060208682;1594.132014446359;1870.122253535556;2193.894364737048;2573.720768452858;3019.306079821149;3542.035062906734;4155.263512473084;4874.659497176026;5718.603679767398;6708.658946337209;7870.121340545211;9232.666380967203;10831.10727442716;12706.28439819177;14906.10877695531;17486.78621595445;20514.25336674129;24065.86241733066;28232.35745111674;33120.19296963342;38854.25382030405;45581.04601983359;53472.44000269313;62730.06193403319;73590.44528463698;86331.07429211862;101277.4737211686;118811.5260634959;139381.228686517;163512.140226203;191820.8086789974;225030.524286467;263989.7996954232;309694.0495706946;363311.0235703185;426210.642505751;499999.9999999716
1;6302466231856;50;phasez;-1.53397;-1.5322;-1.53268;-1.53257;-1.53295;-1.53362;-1.53375;-1.53385;-1.53489;-1.53515;-1.53536;-1.53561;-1.53583;-1.53621;-1.53636;-1.53666;-1.53693;-1.53713;-1.53733;-1.53744;-1.5376;-1.53763;-1.53768;-1.53766;-1.53756;-1.5374;-1.53713;-1.53677;-1.53628;-1.53566;-1.53489;-1.53396;-1.53283;-1.53148;-1.52986;-1.52795;-1.52568;-1.52299;-1.51979;-1.51601;-1.51154;-1.50625;-1.49999;-1.49259;-1.48382;-1.47343;-1.4611;-1.44642;-1.42889;-1.40783
2;6303234327034;50;absz;83919.3;75130.7;67241;60192.3;53896.9;48241.5;43181.1;38654.8;34600.1;30968.7;27716.6;24808.7;22205.9;19875.5;17788.6;15921.6;14251.5;12755.6;11416.3;10217.8;9144.84;8184.76;7325.39;6556;5867.2;5250.86;4698.97;4205;3762.82;3366.97;3012.54;2695.28;2411.25;2156.98;1929.2;1725.31;1542.7;1379.18;1232.71;1101.52;984.051;878.85;784.632;700.295;624.899;557.528;497.437;444.062;396.871;355.544
2;6303234327034;50;frequency;20000.00000002444;22385.53853899816;25055.61678390222;28044.17375656954;31389.19662092121;35133.2035329932;39323.78408414649;44014.2042055669;49264.08322518227;55140.1516811012;61717.09952482729;69078.52549602467;77317.99973512921;86540.25314108083;96862.50859274992;108415.9709538568;121347.4948009008;135821.4510731415;152021.8163702936;170154.5114554648;190450.0186878266;213166.3116533389;238592.1342356312;267050.6708003728;298903.6541519141;334555.9634717432;374460.7706856584;419125.3006744233;469117.2785435782;525072.1459047724;587701.13789258;657800.3235824071;736260.7247225839;824079.6413975459;922373.3285811875;1032391.184709951;1155531.632626961;1293359.894754076;1447627.888434013;1620296.494325686;1813560.480908265;2029876.401899315;2271993.821195295;2542990.262224833;2846310.325953354;3185809.474764127;3565803.038745301;3991121.067296888;4467169.723268114;4999999.999999929
2;6303234327034;50;phasez;-1.53956;-1.53915;-1.53904;-1.53884;-1.53809;-1.53787;-1.53742;-1.5366;-1.53575;-1.53506;-1.53411;-1.53292;-1.5316;-1.53018;-1.52853;-1.5266;-1.5245;-1.52203;-1.5194;-1.51631;-1.51289;-1.50902;-1.50473;-1.49987;-1.49445;-1.48834;-1.48151;-1.47385;-1.46524;-1.45559;-1.44476;-1.43262;-1.41898;-1.40367;-1.38646;-1.36713;-1.34538;-1.32092;-1.29338;-1.26233;-1.22732;-1.18775;-1.143;-1.09228;-1.03465;-0.969126;-0.894355;-0.808886;-0.710994;-0.598693
3;6303550069930;20;absz;17317;14146.1;11550.2;9431.45;7702.98;6288.99;5134.91;4191.96;3421.87;2792.7;2278.38;1858;1514.62;1233.73;1004.03;816.181;662.594;537.371;435.815;354.675
3;6303550069930;20;frequency;99999.99999990905;122862.535599424;150952.0265389597;185463.4873444638;227865.1431623047;279960.8926363817;343967.05137965;422606.6409511731;519225.2346839865;637933.2888043621;783781.0140572543;962973.2274171232;1183133.324347452;1453627.601814205;1785963.729760951;2194280.323268956;2695948.443325946;3312310.615921419;4069588.809647371;4999999.999999929
3;6303550069930;20;phasez;-1.52759;-1.52442;-1.52039;-1.51532;-1.50903;-1.50115;-1.49149;-1.47943;-1.46452;-1.44609;-1.42325;-1.39498;-1.3599;-1.3163;-1.26198;-1.19404;-1.10856;-1.00035;-0.862153;-0.684352
