0;5755012313353;20;absz;1.42741e+08;1.03945e+08;7.56663e+07;5.50627e+07;4.00529e+07;2.91217e+07;2.11835e+07;1.54005e+07;1.11946e+07;8.13564e+06;5.91222e+06;4.29581e+06;3.1208e+06;2.26689e+06;1.64636e+06;1.19544e+06;867931;630038;457265;331825
0;5755012313353;20;frequency;9.999999974752427;13.86918846435492;19.23543905490988;26.67799336109056;37.00021196095804;51.31629158938722;71.17153245417285;98.70914048804025;136.9015682683994;189.8713664161278;263.3361782500288;365.2259113806622;506.5387032487934;702.5280792305466;974.3494403835484;1351.343611730726;1874.203936580443;2599.368780806799;3605.113577052066;4999.99999995282
0;5755012313353;20;phasez;-1.52135;-1.52284;-1.52461;-1.52625;-1.52738;-1.52855;-1.52967;-1.53048;-1.53118;-1.53176;-1.53227;-1.53259;-1.53276;-1.53273;-1.53237;-1.53155;-1.53009;-1.52775;-1.52423;-1.51906
1;5755782084635;50;absz;7.64782e+06;6.55668e+06;5.62441e+06;4.79831e+06;4.10918e+06;3.51298e+06;3.00609e+06;2.57377e+06;2.20186e+06;1.88288e+06;1.61065e+06;1.378e+06;1.17826e+06;1.00794e+06;862200;737256;630584;539242;461171;394359;337198;288333;246543;210805;180238;154099;131751;112638;96296.6;82325;70377.2;60163.7;51431.7;43964.8;37581.7;32123.5;27457.1;23466.8;20054.4;17137.4;14642.3;12508.4;10683.1;9121.13;7784.2;6639.49;5658.52;4817.42;4095.24;3474.16
1;5755782084635;50;frequency;199.9999999213742;234.625769479635;275.2462588517801;322.8993264769997;378.802514688914;444.3841576318164;521.3198749487447;611.5753842550475;717.456725922716;841.6691823498468;987.3863981368913;1158.33146786315;1358.872060208682;1594.132014446359;1870.122253535556;2193.894364737048;2573.720768452858;3019.306079821149;3542.035062906734;4155.263512473084;4874.659497176026;5718.603679767398;6708.658946337209;7870.121340545211;9232.666380967203;10831.10727442716;12706.28439819177;14906.10877695531;17486.78621595445;20514.25336674129;24065.86241733066;28232.35745111674;33120.19296963342;38854.25382030405;45581.04601983359;53472.44000269313;62730.06193403319;73590.44528463698;86331.07429211862;101277.4737211686;118811.5260634959;139381.228686517;163512.140226203;191820.8086789974;225030.524286467;263989.7996954232;309694.0495706946;363311.0235703185;426210.642505751;499999.9999999716
1;5755782084635;50;phasez;-1.5352;-1.53588;-1.53288;-1.53449;-1.5351;-1.53402;-1.53514;-1.53536;-1.53576;-1.53554;-1.53632;-1.53651;-1.53688;-1.5372;-1.53746;-1.53758;-1.53784;-1.53802;-1.53823;-1.53835;-1.53845;-1.53855;-1.53855;-1.53853;-1.5384;-1.53824;-1.53796;-1.5376;-1.53713;-1.53653;-1.53576;-1.53484;-1.53373;-1.53238;-1.53076;-1.52885;-1.52658;-1.52387;-1.52067;-1.51688;-1.51239;-1.50708;-1.50081;-1.4934;-1.48463;-1.47424;-1.46192;-1.44725;-1.42973;-1.40869
2;5756552545162;50;absz;84819.5;75919;67964.9;60831.8;54446.1;48748.4;43629.6;39046;34950;31278;27995.3;25055.3;22425.5;20069.7;17963.1;16077.1;14388.9;12877.8;11525.5;10314.7;9231.34;8261.78;7393.75;6616.8;5921.34;5298.79;4741.83;4243.11;3796.67;3397.08;3039.37;2719.1;2432.43;2175.68;1945.91;1740.14;1555.86;1390.85;1243.1;1110.76;992.25;886.132;791.1;706.04;630.008;562.072;501.492;447.679;400.121;358.47
2;5756552545162;50;frequency;20000.00000002444;22385.53853899816;25055.61678390222;28044.17375656954;31389.19662092121;35133.2035329932;39323.78408414649;44014.2042055669;49264.08322518227;55140.1516811012;61717.09952482729;69078.52549602467;77317.99973512921;86540.25314108083;96862.50859274992;108415.9709538568;121347.4948009008;135821.4510731415;152021.8163702936;170154.5114554648;190450.0186878266;213166.3116533389;238592.1342356312;267050.6708003728;298903.6541519141;334555.9634717432;374460.7706856584;419125.3006744233;469117.2785435782;525072.1459047724;587701.13789258;657800.3235824071;736260.7247225839;824079.6413975459;922373.3285811875;1032391.184709951;1155531.632626961;1293359.894754076;1447627.888434013;1620296.494325686;1813560.480908265;2029876.401899315;2271993.821195295;2542990.262224833;2846310.325953354;3185809.474764127;3565803.038745301;3991121.067296888;4467169.723268114;4999999.999999929
2;5756552545162;50;phasez;-1.54023;-1.53995;-1.53973;-1.53947;-1.53914;-1.53878;-1.5381;-1.53761;-1.5368;-1.53602;-1.535;-1.53387;-1.53255;-1.53109;-1.52939;-1.52745;-1.52533;-1.52289;-1.5202;-1.51714;-1.51373;-1.50984;-1.50553;-1.50068;-1.49526;-1.48915;-1.48232;-1.47467;-1.46608;-1.45644;-1.44564;-1.43349;-1.41987;-1.40457;-1.38737;-1.36806;-1.34633;-1.32188;-1.29435;-1.26332;-1.22831;-1.18877;-1.14405;-1.09334;-1.03574;-0.970254;-0.895527;-0.810103;-0.71228;-0.600056
3;5756872604697;20;absz;17488.2;14282.5;11660.7;9521.01;7774.76;6347.19;5182;4229.94;3452.42;2817.43;2298.29;1874.01;1527.52;1244.12;1012.4;822.895;668.019;541.752;439.382;357.601
3;5756872604697;20;frequency;99999.99999990905;122862.535599424;150952.0265389597;185463.4873444638;227865.1431623047;279960.8926363817;343967.05137965;422606.6409511731;519225.2346839865;637933.2888043621;783781.0140572543;962973.2274171232;1183133.324347452;1453627.601814205;1785963.729760951;2194280.323268956;2695948.443325946;3312310.615921419;4069588.809647371;4999999.999999929
3;5756872604697;20;phasez;-1.52852;-1.5253;-1.52128;-1.5161;-1.50984;-1.502;-1.49229;-1.48025;-1.4654;-1.44697;-1.42415;-1.39589;-1.36085;-1.31727;-1.26298;-1.19508;-1.10964;-1.00149;-0.86339;-0.685757
