0;8503040637920;20;absz;1.36763e+08;9.96787e+07;7.2645e+07;5.29335e+07;3.85306e+07;2.8042e+07;2.0412e+07;1.48492e+07;1.07998e+07;7.85288e+06;5.70945e+06;4.14997e+06;3.01618e+06;2.19182e+06;1.59253e+06;1.15695e+06;840354;610312;443170;321740
0;8503040637920;20;frequency;9.999999974752427;13.86918846435492;19.23543905490988;26.67799336109056;37.00021196095804;51.31629158938722;71.17153245417285;98.70914048804025;136.9015682683994;189.8713664161278;263.3361782500288;365.2259113806622;506.5387032487934;702.5280792305466;974.3494403835484;1351.343611730726;1874.203936580443;2599.368780806799;3605.113577052066;4999.99999995282
0;8503040637920;20;phasez;-1.51131;-1.51452;-1.51735;-1.51998;-1.52217;-1.52355;-1.52536;-1.52681;-1.52799;-1.52891;-1.52965;-1.53012;-1.53042;-1.5304;-1.53005;-1.52919;-1.52776;-1.52545;-1.52196;-1.51683
1;8503810416937;50;absz;7.40896e+06;6.33437e+06;5.42363e+06;4.63924e+06;3.96774e+06;3.39921e+06;2.90762e+06;2.48781e+06;2.12924e+06;1.82129e+06;1.5582e+06;1.33328e+06;1.14042e+06;975571;834718;714052;610762;522466;446905;382235;326935;279614;239143;204517;174903;149570;127908;109378;93534.2;79979.6;68390.6;58479.2;50005.2;42756.7;36558.8;31257.8;26724.1;22846.8;19530.6;16694.1;14267.2;12191.2;10414.5;8894.2;7592.48;6477.37;5521.64;4701.88;3997.76;3392.27
1;8503810416937;50;frequency;199.9999999213742;234.625769479635;275.2462588517801;322.8993264769997;378.802514688914;444.3841576318164;521.3198749487447;611.5753842550475;717.456725922716;841.6691823498468;987.3863981368913;1158.33146786315;1358.872060208682;1594.132014446359;1870.122253535556;2193.894364737048;2573.720768452858;3019.306079821149;3542.035062906734;4155.263512473084;4874.659497176026;5718.603679767398;6708.658946337209;7870.121340545211;9232.666380967203;10831.10727442716;12706.28439819177;14906.10877695531;17486.78621595445;20514.25336674129;24065.86241733066;28232.35745111674;33120.19296963342;38854.25382030405;45581.04601983359;53472.44000269313;62730.06193403319;73590.44528463698;86331.07429211862;101277.4737211686;118811.5260634959;139381.228686517;163512.140226203;191820.8086789974;225030.524286467;263989.7996954232;309694.0495706946;363311.0235703185;426210.642505751;499999.9999999716
1;8503810416937;50;phasez;-1.52872;-1.5318;-1.52994;-1.53292;-1.53236;-1.53284;-1.53286;-1.53326;-1.53313;-1.5338;-1.53372;-1.5342;-1.53451;-1.53481;-1.53506;-1.53528;-1.53556;-1.53576;-1.53593;-1.5361;-1.53621;-1.53624;-1.53629;-1.53626;-1.53612;-1.53592;-1.53563;-1.53523;-1.53474;-1.53411;-1.53332;-1.53237;-1.53121;-1.52984;-1.5282;-1.52628;-1.52399;-1.52128;-1.5181;-1.51432;-1.50985;-1.50454;-1.49829;-1.49089;-1.48213;-1.47175;-1.45942;-1.44475;-1.42719;-1.4061
2;8504581850514;50;absz;82378;73744.5;66023.6;59101.7;52918.9;47382.4;42416.4;37971.9;33990.8;30432.9;27241.2;24387.4;21830.5;19541.6;17492.9;15659.7;14017.3;12548.5;11233.1;10055.2;9000.28;8056.21;7211.16;6454.53;5777.17;5170.69;4627.71;4141.7;3706.57;3316.98;2968.17;2655.81;2376.17;2125.81;1901.59;1700.78;1520.95;1359.89;1215.61;1086.37;970.62;866.935;774.088;690.941;616.592;550.139;490.873;438.209;391.634;350.831
2;8504581850514;50;frequency;20000.00000002444;22385.53853899816;25055.61678390222;28044.17375656954;31389.19662092121;35133.2035329932;39323.78408414649;44014.2042055669;49264.08322518227;55140.1516811012;61717.09952482729;69078.52549602467;77317.99973512921;86540.25314108083;96862.50859274992;108415.9709538568;121347.4948009008;135821.4510731415;152021.8163702936;170154.5114554648;190450.0186878266;213166.3116533389;238592.1342356312;267050.6708003728;298903.6541519141;334555.9634717432;374460.7706856584;419125.3006744233;469117.2785435782;525072.1459047724;587701.13789258;657800.3235824071;736260.7247225839;824079.6413975459;922373.3285811875;1032391.184709951;1155531.632626961;1293359.894754076;1447627.888434013;1620296.494325686;1813560.480908265;2029876.401899315;2271993.821195295;2542990.262224833;2846310.325953354;3185809.474764127;3565803.038745301;3991121.067296888;4467169.723268114;4999999.999999929
2;8504581850514;50;phasez;-1.53786;-1.53757;-1.53737;-1.53678;-1.53662;-1.53606;-1.53556;-1.53496;-1.53421;-1.53338;-1.5324;-1.53122;-1.5299;-1.52841;-1.52679;-1.52489;-1.52276;-1.52036;-1.51765;-1.51461;-1.51118;-1.50733;-1.50304;-1.49819;-1.49276;-1.48668;-1.47982;-1.47216;-1.46356;-1.4539;-1.44306;-1.43087;-1.4172;-1.40186;-1.38462;-1.36527;-1.3435;-1.31901;-1.29144;-1.26037;-1.22531;-1.18571;-1.14092;-1.09014;-1.03248;-0.966887;-0.892047;-0.806498;-0.708502;-0.596077
3;8504897959786;20;absz;17029.9;13915.1;11363.6;9282.37;7582.24;6191.47;5056.55;4128.72;3370.91;2751.68;2245.37;1831.45;1493.31;1216.61;990.324;805.172;653.772;530.256;430.065;349.958
3;8504897959786;20;frequency;99999.99999990905;122862.535599424;150952.0265389597;185463.4873444638;227865.1431623047;279960.8926363817;343967.05137965;422606.6409511731;519225.2346839865;637933.2888043621;783781.0140572543;962973.2274171232;1183133.324347452;1453627.601814205;1785963.729760951;2194280.323268956;2695948.443325946;3312310.615921419;4069588.809647371;4999999.999999929
3;8504897959786;20;phasez;-1.52589;-1.52268;-1.5186;-1.51362;-1.50734;-1.49951;-1.4898;-1.47772;-1.46284;-1.44436;-1.42149;-1.39314;-1.35801;-1.31435;-1.25996;-1.19194;-1.10638;-0.99805;-0.8597;-0.681673
