0;10394719559815;20;absz;1.35942e+08;9.91572e+07;7.22802e+07;5.26276e+07;3.83412e+07;2.79164e+07;2.03135e+07;1.47779e+07;1.07491e+07;7.8168e+06;5.6833e+06;4.1314e+06;3.00268e+06;2.18208e+06;1.5855e+06;1.15185e+06;836694;607684;441282;320392
0;10394719559815;20;frequency;9.999999974752427;13.86918846435492;19.23543905490988;26.67799336109056;37.00021196095804;51.31629158938722;71.17153245417285;98.70914048804025;136.9015682683994;189.8713664161278;263.3361782500288;365.2259113806622;506.5387032487934;702.5280792305466;974.3494403835484;1351.343611730726;1874.203936580443;2599.368780806799;3605.113577052066;4999.99999995282
0;10394719559815;20;phasez;-1.50941;-1.51337;-1.51623;-1.51897;-1.52131;-1.52299;-1.52499;-1.52635;-1.52754;-1.52853;-1.52928;-1.52983;-1.53015;-1.53018;-1.52984;-1.529;-1.52752;-1.52519;-1.52167;-1.51651
1;10395490916872;50;absz;7.36465e+06;6.30673e+06;5.38916e+06;4.60874e+06;3.9486e+06;3.38175e+06;2.89398e+06;2.47538e+06;2.11967e+06;1.81306e+06;1.55145e+06;1.32729e+06;1.13551e+06;971399;831089;710922;608179;520242;444996;380624;325564;278456;238156;203684;174197;148976;127403;108951;93169.3;79673.6;68130;58258.4;49817.4;42596.8;36423.2;31142.6;26626.6;22763.9;19460.1;16633.9;14216.3;12147.6;10377.6;8862.59;7565.29;6454.2;5501.85;4684.99;3983.54;3380.28
1;10395490916872;50;frequency;199.9999999213742;234.625769479635;275.2462588517801;322.8993264769997;378.802514688914;444.3841576318164;521.3198749487447;611.5753842550475;717.456725922716;841.6691823498468;987.3863981368913;1158.33146786315;1358.872060208682;1594.132014446359;1870.122253535556;2193.894364737048;2573.720768452858;3019.306079821149;3542.035062906734;4155.263512473084;4874.659497176026;5718.603679767398;6708.658946337209;7870.121340545211;9232.666380967203;10831.10727442716;12706.28439819177;14906.10877695531;17486.78621595445;20514.25336674129;24065.86241733066;28232.35745111674;33120.19296963342;38854.25382030405;45581.04601983359;53472.44000269313;62730.06193403319;73590.44528463698;86331.07429211862;101277.4737211686;118811.5260634959;139381.228686517;163512.140226203;191820.8086789974;225030.524286467;263989.7996954232;309694.0495706946;363311.0235703185;426210.642505751;499999.9999999716
1;10395490916872;50;phasez;-1.52944;-1.52817;-1.52952;-1.53147;-1.53131;-1.53151;-1.53247;-1.5325;-1.53321;-1.5332;-1.53393;-1.53396;-1.53445;-1.53463;-1.53496;-1.53509;-1.53534;-1.53548;-1.53562;-1.53577;-1.53588;-1.53596;-1.53597;-1.5359;-1.5358;-1.5356;-1.53532;-1.53495;-1.53445;-1.53383;-1.53305;-1.5321;-1.53097;-1.5296;-1.52798;-1.52606;-1.52379;-1.52109;-1.5179;-1.51413;-1.50966;-1.50439;-1.49815;-1.49075;-1.482;-1.47162;-1.45928;-1.44459;-1.42703;-1.40592
2;10396262144138;50;absz;82082.5;73498.4;65787.7;58921.8;52747.3;47211.8;42261;37837.9;33875.7;30322.3;27143.9;24301.3;21753.7;19473.5;17432.5;15606;13970.4;12504.6;11193.8;10020.2;8969.21;8028.7;7186.03;6432.09;5757.05;5152.81;4611.7;4127.4;3693.75;3305.51;2957.93;2646.77;2368.09;2118.61;1895.17;1695.1;1515.87;1355.39;1211.63;1082.87;967.508;864.189;771.641;688.775;614.665;548.423;489.342;436.838;390.404;349.72
2;10396262144138;50;frequency;20000.00000002444;22385.53853899816;25055.61678390222;28044.17375656954;31389.19662092121;35133.2035329932;39323.78408414649;44014.2042055669;49264.08322518227;55140.1516811012;61717.09952482729;69078.52549602467;77317.99973512921;86540.25314108083;96862.50859274992;108415.9709538568;121347.4948009008;135821.4510731415;152021.8163702936;170154.5114554648;190450.0186878266;213166.3116533389;238592.1342356312;267050.6708003728;298903.6541519141;334555.9634717432;374460.7706856584;419125.3006744233;469117.2785435782;525072.1459047724;587701.13789258;657800.3235824071;736260.7247225839;824079.6413975459;922373.3285811875;1032391.184709951;1155531.632626961;1293359.894754076;1447627.888434013;1620296.494325686;1813560.480908265;2029876.401899315;2271993.821195295;2542990.262224833;2846310.325953354;3185809.474764127;3565803.038745301;3991121.067296888;4467169.723268114;4999999.999999929
2;10396262144138;50;phasez;-1.53776;-1.53732;-1.537;-1.53656;-1.53633;-1.53597;-1.53544;-1.53473;-1.53391;-1.53318;-1.53209;-1.53108;-1.52978;-1.52832;-1.52659;-1.52475;-1.52263;-1.52024;-1.51755;-1.51447;-1.51103;-1.50721;-1.50293;-1.49806;-1.49262;-1.4865;-1.47966;-1.47197;-1.46336;-1.45368;-1.44282;-1.43063;-1.41697;-1.4016;-1.38435;-1.36496;-1.34317;-1.31866;-1.29106;-1.25997;-1.2249;-1.18528;-1.14049;-1.08973;-1.03203;-0.96644;-0.891599;-0.806038;-0.70803;-0.595577
3;10396580230178;20;absz;16972.6;13866;11325.3;9250.25;7556.01;6170.3;5039.28;4114.58;3359.38;2742.27;2237.8;1825.39;1488.4;1212.66;987.155;802.638;651.732;528.618;428.73;348.862
3;10396580230178;20;frequency;99999.99999990905;122862.535599424;150952.0265389597;185463.4873444638;227865.1431623047;279960.8926363817;343967.05137965;422606.6409511731;519225.2346839865;637933.2888043621;783781.0140572543;962973.2274171232;1183133.324347452;1453627.601814205;1785963.729760951;2194280.323268956;2695948.443325946;3312310.615921419;4069588.809647371;4999999.999999929
3;10396580230178;20;phasez;-1.52578;-1.52264;-1.51849;-1.51352;-1.50718;-1.49937;-1.48964;-1.47757;-1.46262;-1.44412;-1.42118;-1.39284;-1.35766;-1.31397;-1.25956;-1.19153;-1.10595;-0.997623;-0.859272;-0.681212
