0;1762951724255;20;absz;1.94922e+08;1.40947e+08;1.01969e+08;7.38015e+07;5.33719e+07;3.85777e+07;2.79238e+07;2.01919e+07;1.45991e+07;1.05562e+07;7.63233e+06;5.51752e+06;3.98846e+06;2.88274e+06;2.08343e+06;1.50565e+06;1.08806e+06;786267;568183;410604
0;1762951724255;20;frequency;9.999999974752427;13.86918846435492;19.23543905490988;26.67799336109056;37.00021196095804;51.31629158938722;71.17153245417285;98.70914048804025;136.9015682683994;189.8713664161278;263.3361782500288;365.2259113806622;506.5387032487934;702.5280792305466;974.3494403835484;1351.343611730726;1874.203936580443;2599.368780806799;3605.113577052066;4999.99999995282
0;1762951724255;20;phasez;-1.55394;-1.55405;-1.55408;-1.55514;-1.55548;-1.55606;-1.55606;-1.55636;-1.55652;-1.55667;-1.55674;-1.55668;-1.55643;-1.55596;-1.55509;-1.5537;-1.55161;-1.54858;-1.54429;-1.53832
1;1763723685466;50;absz;9.90607e+06;8.49069e+06;7.24123e+06;6.18747e+06;5.28437e+06;4.50284e+06;3.8425e+06;3.28026e+06;2.79945e+06;2.3885e+06;2.03804e+06;1.7389e+06;1.48406e+06;1.26661e+06;1.08064e+06;922235;786918;671548;573089;489073;417355;356159;303945;259393;221373;188934;161251;137629;117471;100266;85587.4;73056.8;62362.7;53236;45446.6;38796.5;33119.9;28272.9;24135.1;20601.9;17584.4;15006.9;12804.7;10922.8;9313.93;7937.85;6760.21;5751.33;4886.09;4142.92
1;1763723685466;50;frequency;199.9999999213742;234.625769479635;275.2462588517801;322.8993264769997;378.802514688914;444.3841576318164;521.3198749487447;611.5753842550475;717.456725922716;841.6691823498468;987.3863981368913;1158.33146786315;1358.872060208682;1594.132014446359;1870.122253535556;2193.894364737048;2573.720768452858;3019.306079821149;3542.035062906734;4155.263512473084;4874.659497176026;5718.603679767398;6708.658946337209;7870.121340545211;9232.666380967203;10831.10727442716;12706.28439819177;14906.10877695531;17486.78621595445;20514.25336674129;24065.86241733066;28232.35745111674;33120.19296963342;38854.25382030405;45581.04601983359;53472.44000269313;62730.06193403319;73590.44528463698;86331.07429211862;101277.4737211686;118811.5260634959;139381.228686517;163512.140226203;191820.8086789974;225030.524286467;263989.7996954232;309694.0495706946;363311.0235703185;426210.642505751;499999.9999999716
1;1763723685466;50;phasez;-1.55758;-1.55997;-1.55679;-1.55939;-1.55838;-1.55831;-1.55787;-1.5593;-1.5592;-1.55897;-1.55877;-1.55895;-1.55911;-1.5588;-1.55903;-1.55886;-1.55875;-1.55851;-1.55836;-1.55811;-1.55779;-1.55744;-1.55699;-1.55654;-1.55597;-1.55533;-1.5546;-1.55376;-1.55279;-1.5517;-1.55045;-1.54905;-1.54744;-1.54559;-1.54349;-1.54109;-1.53831;-1.53511;-1.53141;-1.52711;-1.52212;-1.51631;-1.50952;-1.50158;-1.49226;-1.48131;-1.46841;-1.45314;-1.435;-1.41331
2;1764493325060;50;absz;103348;92407.6;82627.4;73877.1;66062.9;59069.1;52827.1;47238.7;42243.2;37773.9;33778.4;30201.7;27011.9;24155.6;21601.6;19319.7;17277;15452.6;13820.8;12361.1;11055.5;9888.67;8844.54;7910.64;7075.53;6328.78;5660.74;5063.45;4528.99;4050.8;3623.09;3240.43;2898.19;2591.9;2317.84;2072.62;1853.22;1656.83;1481.11;1323.83;1183.09;1057.13;944.434;843.597;753.616;673.305;601.793;538.383;482.485;433.722
2;1764493325060;50;frequency;20000.00000002444;22385.53853899816;25055.61678390222;28044.17375656954;31389.19662092121;35133.2035329932;39323.78408414649;44014.2042055669;49264.08322518227;55140.1516811012;61717.09952482729;69078.52549602467;77317.99973512921;86540.25314108083;96862.50859274992;108415.9709538568;121347.4948009008;135821.4510731415;152021.8163702936;170154.5114554648;190450.0186878266;213166.3116533389;238592.1342356312;267050.6708003728;298903.6541519141;334555.9634717432;374460.7706856584;419125.3006744233;469117.2785435782;525072.1459047724;587701.13789258;657800.3235824071;736260.7247225839;824079.6413975459;922373.3285811875;1032391.184709951;1155531.632626961;1293359.894754076;1447627.888434013;1620296.494325686;1813560.480908265;2029876.401899315;2271993.821195295;2542990.262224833;2846310.325953354;3185809.474764127;3565803.038745301;3991121.067296888;4467169.723268114;4999999.999999929
2;1764493325060;50;phasez;-1.55559;-1.55518;-1.55426;-1.55369;-1.55312;-1.55222;-1.5513;-1.55033;-1.54941;-1.54809;-1.54672;-1.54525;-1.54358;-1.54184;-1.53973;-1.53751;-1.535;-1.53223;-1.52916;-1.5257;-1.52194;-1.51766;-1.51297;-1.50771;-1.50187;-1.49539;-1.48812;-1.48003;-1.47099;-1.4609;-1.4496;-1.437;-1.42288;-1.40708;-1.38939;-1.36956;-1.34731;-1.32233;-1.29427;-1.26272;-1.22718;-1.18712;-1.14189;-1.09072;-1.03262;-0.966678;-0.891549;-0.805787;-0.707679;-0.595298
3;1764813498384;20;absz;21029.3;17150.5;13989;11406.5;9303.03;7588.19;6188.62;5048.1;4116.99;3357.72;2738.17;2232.33;1819.37;1482.4;1207.05;982.203;798.685;649.35;528.621;432.676
3;1764813498384;20;frequency;99999.99999990905;122862.535599424;150952.0265389597;185463.4873444638;227865.1431623047;279960.8926363817;343967.05137965;422606.6409511731;519225.2346839865;637933.2888043621;783781.0140572543;962973.2274171232;1183133.324347452;1453627.601814205;1785963.729760951;2194280.323268956;2695948.443325946;3312310.615921419;4069588.809647371;4999999.999999929
3;1764813498384;20;phasez;-1.53878;-1.53491;-1.53021;-1.52435;-1.51737;-1.50884;-1.49837;-1.48561;-1.46987;-1.45058;-1.42689;-1.39769;-1.36168;-1.31715;-1.2619;-1.19306;-1.10667;-0.997736;-0.858954;-0.680897
