0;10810395041674;20;absz;1.35912e+08;9.90736e+07;7.22209e+07;5.26189e+07;3.8317e+07;2.79081e+07;2.03009e+07;1.47678e+07;1.07414e+07;7.81096e+06;5.67936e+06;4.12841e+06;3.00061e+06;2.18059e+06;1.58441e+06;1.15106e+06;836142;607271;440978;320186
0;10810395041674;20;frequency;9.999999974752427;13.86918846435492;19.23543905490988;26.67799336109056;37.00021196095804;51.31629158938722;71.17153245417285;98.70914048804025;136.9015682683994;189.8713664161278;263.3361782500288;365.2259113806622;506.5387032487934;702.5280792305466;974.3494403835484;1351.343611730726;1874.203936580443;2599.368780806799;3605.113577052066;4999.99999995282
0;10810395041674;20;phasez;-1.50958;-1.51313;-1.51618;-1.51891;-1.52107;-1.52298;-1.52495;-1.52636;-1.52755;-1.5285;-1.5293;-1.52984;-1.53014;-1.53015;-1.5298;-1.52897;-1.52748;-1.52514;-1.5216;-1.51642
1;10811163195790;50;absz;7.35863e+06;6.30809e+06;5.4048e+06;4.61682e+06;3.94813e+06;3.38033e+06;2.89256e+06;2.47633e+06;2.11817e+06;1.81166e+06;1.55008e+06;1.32632e+06;1.13485e+06;970684;830477;710400;607725;519878;444687;380379;325346;278272;238002;203552;174086;148883;127324;108884;93114.4;79627.1;68090.7;58226.6;49789.8;42573.4;36403.1;31126;26612.3;22752.1;19450.4;16625.8;14209.6;12141.8;10372.8;8858.36;7561.85;6451.36;5499.53;4682.99;3981.91;3378.95
1;10811163195790;50;frequency;199.9999999213742;234.625769479635;275.2462588517801;322.8993264769997;378.802514688914;444.3841576318164;521.3198749487447;611.5753842550475;717.456725922716;841.6691823498468;987.3863981368913;1158.33146786315;1358.872060208682;1594.132014446359;1870.122253535556;2193.894364737048;2573.720768452858;3019.306079821149;3542.035062906734;4155.263512473084;4874.659497176026;5718.603679767398;6708.658946337209;7870.121340545211;9232.666380967203;10831.10727442716;12706.28439819177;14906.10877695531;17486.78621595445;20514.25336674129;24065.86241733066;28232.35745111674;33120.19296963342;38854.25382030405;45581.04601983359;53472.44000269313;62730.06193403319;73590.44528463698;86331.07429211862;101277.4737211686;118811.5260634959;139381.228686517;163512.140226203;191820.8086789974;225030.524286467;263989.7996954232;309694.0495706946;363311.0235703185;426210.642505751;499999.9999999716
1;10811163195790;50;phasez;-1.53046;-1.52985;-1.53022;-1.53128;-1.53216;-1.53219;-1.53307;-1.53267;-1.53346;-1.53331;-1.5338;-1.53411;-1.53433;-1.53468;-1.53478;-1.53503;-1.5353;-1.53545;-1.53556;-1.53573;-1.53583;-1.53587;-1.53587;-1.53583;-1.53571;-1.53551;-1.53523;-1.53484;-1.53435;-1.53372;-1.53295;-1.53201;-1.53087;-1.52951;-1.52789;-1.52598;-1.5237;-1.52101;-1.51781;-1.51404;-1.50958;-1.50431;-1.49806;-1.49067;-1.48192;-1.47153;-1.45919;-1.4445;-1.42694;-1.40583
2;10811934425128;50;absz;82049.6;73462.6;65761.6;58872.7;52717.1;47191.4;42250.5;37827.3;33860.1;30313.9;27134.8;24290.7;21745.8;19466.7;17425.3;15599.8;13964.4;12500.1;11189.5;10016.4;8966.1;8025.51;7183.54;6429.78;5755.04;5151.07;4610.16;4126.06;3692.55;3304.46;2957.04;2645.95;2367.43;2117.98;1894.62;1694.62;1515.49;1355.05;1211.31;1082.58;967.258;863.989;771.465;688.614;614.513;548.302;489.235;436.744;390.324;349.643
2;10811934425128;50;frequency;20000.00000002444;22385.53853899816;25055.61678390222;28044.17375656954;31389.19662092121;35133.2035329932;39323.78408414649;44014.2042055669;49264.08322518227;55140.1516811012;61717.09952482729;69078.52549602467;77317.99973512921;86540.25314108083;96862.50859274992;108415.9709538568;121347.4948009008;135821.4510731415;152021.8163702936;170154.5114554648;190450.0186878266;213166.3116533389;238592.1342356312;267050.6708003728;298903.6541519141;334555.9634717432;374460.7706856584;419125.3006744233;469117.2785435782;525072.1459047724;587701.13789258;657800.3235824071;736260.7247225839;824079.6413975459;922373.3285811875;1032391.184709951;1155531.632626961;1293359.894754076;1447627.888434013;1620296.494325686;1813560.480908265;2029876.401899315;2271993.821195295;2542990.262224833;2846310.325953354;3185809.474764127;3565803.038745301;3991121.067296888;4467169.723268114;4999999.999999929
2;10811934425128;50;phasez;-1.53739;-1.53714;-1.53703;-1.53669;-1.53613;-1.53584;-1.53531;-1.53463;-1.534;-1.53315;-1.53204;-1.53093;-1.52968;-1.5282;-1.5265;-1.52468;-1.52251;-1.52011;-1.51745;-1.5144;-1.51099;-1.50714;-1.50281;-1.49799;-1.49253;-1.48645;-1.47958;-1.4719;-1.46326;-1.45359;-1.44272;-1.43053;-1.41684;-1.40149;-1.38423;-1.36484;-1.34305;-1.31854;-1.29095;-1.25985;-1.22478;-1.18517;-1.14038;-1.0896;-1.03191;-0.966319;-0.891471;-0.805907;-0.707895;-0.595446
3;10812250781544;20;absz;16968.2;13862.9;11321.4;9247.28;7553.63;6168.4;5037.68;4113.34;3358.41;2741.42;2237.16;1824.83;1488;1212.37;986.933;802.473;651.602;528.516;428.649;348.788
3;10812250781544;20;frequency;99999.99999990905;122862.535599424;150952.0265389597;185463.4873444638;227865.1431623047;279960.8926363817;343967.05137965;422606.6409511731;519225.2346839865;637933.2888043621;783781.0140572543;962973.2274171232;1183133.324347452;1453627.601814205;1785963.729760951;2194280.323268956;2695948.443325946;3312310.615921419;4069588.809647371;4999999.999999929
3;10812250781544;20;phasez;-1.52569;-1.52254;-1.51841;-1.51343;-1.50711;-1.4993;-1.48955;-1.4775;-1.46251;-1.44402;-1.42111;-1.39273;-1.35755;-1.31385;-1.25944;-1.19142;-1.10584;-0.997521;-0.859157;-0.681127
